1678 7 40551 350 113 1 1
1678 7 18056 239 9 1 1
1678 7 30089 348 112 1 1
1678 7 36781 249 18 1 1
1678 7 18000 256 24 1 1
1678 7 9202 238 9 1 1
1678 7 26036 15747 15504 3 3
1678 7 35669 258 25 1 1
1678 7 40887 12223 11982 1 1
1678 7 38204 15090 14848 2 2
17935 9 35175 1 1 1 1
785 8 10116 7132 6679 1 1
785 8 37575 2386 1939 1 1
785 8 21817 6932 6480 2 2
785 8 18729 1032 588 6 4
785 8 12268 1003 560 1 1
785 8 29200 22695 22228 2 2
785 8 23537 9674 9218 1 1
785 8 6770 23872 23402 2 2
785 8 1493 18104 17641 2 2
785 8 28822 13137 12678 1 1
785 8 15703 11564 11107 1 1
785 8 8245 18586 18122 2 2
785 8 36761 5336 4885 2 2
785 8 155 32448 31976 2 2
785 8 39420 18091 17629 1 1
785 8 38749 8843 8388 1 1
785 7 11761 13498 13484 7 7
16176 4 33688 8387 8385 1669 1669
18671 0 11241 9 9 29 14
19621 0 11241 1 1 16 2
15582 0 4030 9 9 81 54
25033 0 4030 5 5 48 22
31351 0 4030 22147 22147 16981 16953
19165 0 2969 474 474 6489 6480
21012 1 19165 4 1 2 1
16748 6 29001 9 8 11 9
31740 0 1183 2 2 62 19
26184 1 32091 39 36 8 8
32091 1 26184 10 10 37 34
4194 1 6975 1 1 1 1
6975 1 3569 2 1 6 1
15602 0 4367 5217 5217 12466 12437
6546 0 4367 2 2 53 26
24512 1 24859 1 1 2 1
33182 0 5053 4529 4529 22868 22865
5945 6 10270 57 54 11 10
5109 0 22368 7036 7036 7512 7507
20774 0 8060 30229 30229 30876 30876
12274 1 9268 1 1 2 1
12842 1 15886 5 1 2 1
13394 1 3789 3 1 1 1
13394 0 3459 30 30 2419 2410
38200 3 8055 2 1 3 1
36698 0 586 349 349 9175 9095
13143 0 586 87 87 4753 4674
7684 1 586 2 1 3 1
586 3 772 13 3 2 1
586 3 3510 85 74 1 1
586 1 11276 7 1 3 1
38212 2 121 2 2 2179 1677
34053 2 121 1 1 826 334
21130 2 121 1 1 663 178
22680 2 121 2 1 497 21
33440 2 121 2 2 687 201
37929 2 121 1 1 794 304
25514 2 121 3 3 6828 6323
31531 2 121 1 1 716 229
15287 2 121 2 2 20944 20435
30007 2 121 2 1 484 11
33594 2 121 1 1 978 482
31050 2 121 3 3 5063 4559
10443 2 121 2 1 501 23
13776 2 121 2 1 563 83
28371 2 121 1 1 881 387
25046 2 121 1 1 570 88
29285 2 121 1 1 774 285
29029 2 121 1 1 814 323
39017 2 121 1 1 569 88
36587 2 121 4 4 8780 8274
29042 2 121 2 2 2994 2491
20341 2 121 1 1 1071 574
33915 2 121 1 1 1571 1072
14588 2 121 2 1 640 157
121 6 39924 435 431 2 2
40757 0 1311 2871 2871 12971 12954
40804 0 1311 3017 3017 13253 13235
1311 0 896 45 45 3138 3133
18270 1 18269 3 1 1 1
13049 0 4990 20 20 364 344
36351 0 4990 385 385 347 328
29179 1 10971 1 1 1 1
23886 0 6769 108 108 928 927
30612 0 4411 4149 4149 10776 10775
14866 0 3633 1585 1585 10105 10100
35748 0 11399 13 13 305 299
31413 0 15186 3 3 7 5
20145 0 11015 15 15 64 63
40728 5 914 3 3 13022 12731
28450 5 914 5 5 25863 25569
7848 5 914 1 1 300 22
35945 5 914 1 1 281 5
25546 5 914 2 2 313 34
38155 5 914 1 1 336 55
36490 5 914 3 3 1653 1365
31958 5 914 2 2 317 37
16022 5 914 8 7 16994 16701
1595 5 914 2 2 6866 6576
5734 1 377 3 1 2 1
22785 0 5734 23146 23146 23073 23072
1255 6 24915 55 55 43 43
14244 1 11981 1 1 4 1
19390 0 4369 38 38 757 738
15364 0 4369 179 179 9069 9048
6533 0 4369 835 835 9152 9130
20079 0 4369 141 141 2973 2953
3634 1 4369 4 1 1 1
10990 1 4301 2 1 2 1
16398 1 2783 2 1 8 1
2783 1 1316 7 1 5 1
31737 0 16660 2 1 16 3
40758 0 6286 857 857 14606 14594
36771 0 6286 3 3 26 16
23301 0 6286 174 174 3019 3008
6286 1 7865 1 1 2 1
40759 0 45 5667 5667 13892 13889
45 1 44 12 1 1 1
30663 4 40225 330 329 28 28
14235 0 20549 8 8 12 7
20549 1 8731 2 1 5 1
15727 0 20842 66 66 176 175
28017 0 10090 11649 11649 15414 15399
40795 0 10090 11486 11486 13620 13606
32851 1 11382 2 2 6 5
21858 0 14369 1232 1232 2316 2312
34003 0 20650 25523 25523 23791 23790
5656 1 624 2 1 6 1
624 1 34337 5 1 1 1
32035 1 33317 1 1 1 1
6074 0 11052 8174 8174 8914 8914
6074 1 6073 2 1 1 1
31355 4 35983 253 250 20 20
10203 0 23680 12908 12908 30068 30068
34114 4 1598 44 43 27 27
15430 4 617 18 3 4 2
617 6 23164 1734 1719 14 14
40760 0 3796 6856 6856 13901 13889
40898 0 3796 6875 6875 13836 13825
27089 0 25460 1 1 9 1
38920 0 20791 2335 2335 5647 5647
26740 0 15987 17 17 165 160
26740 5 4475 7 7 107 87
33592 0 3640 1 1 80 11
21749 0 16741 2 2 8 4
40287 6 21134 21 21 36 36
14022 1 6297 5 1 1 1
14504 1 14022 1 1 4 1
40761 0 448 37 37 13842 13817
23685 1 146 2 1 2 1
24780 0 39997 7142 7142 10790 10790
40762 0 1763 9161 9161 13410 13405
6572 1 6944 4 1 3 1
6944 0 1701 16904 16904 15359 15352
4031 1 9327 8 1 2 1
37067 1 10473 1 1 2 1
23647 0 1338 2 1 32 5
23277 0 13709 10 10 347 328
3947 0 12235 838 838 5174 5165
12250 1 12717 1 1 1 1
271 6 40026 1611 1584 19 19
14931 1 36099 6 4 6 5
36099 1 14931 6 5 6 4
36099 1 27949 1 1 2 1
14576 5 2971 1 1 336 272
13484 5 2971 1 1 65 3
7443 1 25067 4 1 2 1
16880 0 18633 543 543 11776 11769
16881 1 16880 2 1 3 1
17282 0 228 447 447 26238 26161
33871 0 228 3 3 103 30
40763 0 987 1514 1514 13325 13320
20046 0 4696 133 133 2684 2677
8415 2 7033 3 1 7 2
15870 1 18392 2 1 2 1
25017 9 18392 1 1 2 1
3787 1 8742 2 1 4 1
23980 0 3787 33785 33785 33166 33149
8742 1 19068 5 1 6 1
11482 1 10803 2 1 1 1
2901 0 30222 11296 11296 17849 17849
10757 0 3459 13 13 1372 1364
26302 0 3459 25 25 796 789
10581 4 27666 1774 1774 758 758
11449 2 6220 2836 2835 3337 3330
258 6 35861 10383 10379 847 847
25183 3 11235 447 447 4990 4989
15107 1 15106 1 1 1 1
20809 4 32820 6084 6065 35 35
20809 4 32206 3676 3658 24 24
4981 1 17073 3 1 2 1
16542 0 4523 134 133 228 226
40894 0 16542 722 722 13632 13630
10161 1 10160 2 1 4 1
10160 0 15134 2111 2111 10390 10383
26185 1 15249 1 1 1 1
1771 1 1770 6 1 2 1
1771 1 9610 4 1 4 1
1771 1 36226 7 1 1 1
24128 0 8842 33994 33994 34807 34804
26157 1 31405 2 1 2 1
31405 1 31404 1 1 1 1
6096 1 29574 3 1 1 1
31306 6 34770 4241 4241 8984 8984
65 9 439 1 1 1 1
9078 1 23938 1 1 2 1
10215 0 5164 2029 2028 10689 10680
1559 8 14508 70 52 3 2
1559 8 25902 5254 5235 11 11
23501 0 1668 2080 2080 22539 22467
20112 1 27611 1 1 1 1
29717 0 30926 2335 2335 4269 4268
40020 0 17095 20655 20655 9845 9844
23138 0 1929 3 3 427 197
38723 0 1929 1 1 239 14
27757 0 1929 2 2 264 37
35086 0 1929 3 3 262 36
20750 0 1929 3 3 270 42
38906 0 1929 3 3 225 4
18333 0 1929 3 3 295 66
15970 1 3369 2 1 3 1
8306 2 25327 2 1 18 11
25327 5 3250 254 254 18341 18329
32633 1 5596 2 1 5 1
30166 0 5644 6 6 224 207
3771 0 5644 50 50 2491 2473
36968 0 18425 1732 1732 5489 5486
4765 1 4764 2 1 5 1
17970 0 4765 141 141 782 777
13604 2 251 3 3 63 54
37309 0 30216 4711 4711 5667 5667
38488 0 19873 23227 23227 21495 21494
21703 2 1136 4 3 184 117
37709 2 1136 4 3 258 190
29422 2 1136 4 3 346 277
34900 2 1136 4 3 549 479
4319 2 1136 7 7 1578 1506
35289 1 33808 1 1 2 1
7560 1 5488 2 1 4 1
40937 0 5488 9961 9961 14213 14210
13163 0 5488 7 7 38 36
3087 1 18847 2 1 1 1
27819 0 3087 1606 1606 16930 16914
29206 1 25712 2 1 1 1
4485 0 608 1 1 384 20
4485 1 4213 4 1 6 1
2562 0 608 212 212 25094 24698
40838 0 608 10 10 13321 12934
14223 0 608 239 239 17410 17018
9757 0 608 15 15 3769 3395
21406 0 608 4 4 529 160
20006 0 608 1150 1150 25005 24610
1328 0 608 835 835 23308 22914
30256 0 608 7 7 1000 630
28595 0 608 251 251 28157 27759
40884 0 608 10 10 13367 12978
33590 0 608 2 2 430 63
40777 0 608 10 10 13248 12862
39245 0 608 1173 1173 21245 20852
40785 0 608 10 10 13376 12986
40793 0 608 10 10 13188 12805
40814 0 608 10 10 13328 12940
7793 0 608 1007 1007 32165 31765
37242 0 608 7 7 2781 2409
40830 0 608 10 10 12926 12547
40764 0 29777 40793 40793 14145 14143
13128 0 959 7 7 77 47
35052 0 959 372 372 3778 3746
14092 1 7130 2 1 3 1
40765 0 18 12573 12573 13113 13113
37609 0 25129 35159 35159 32970 32965
3268 1 10028 2 1 3 1
40766 0 35564 19887 19887 12004 12003
15729 1 12999 8 5 4 2
12999 1 15729 4 2 8 5
35258 4 25396 41 41 23 23
38187 1 29741 1 1 2 1
38187 0 2275 33 33 2891 2858
40767 0 15247 2703 2703 12885 12882
27131 1 17012 1 1 1 1
15936 0 23068 6 6 6 4
7803 1 13968 10 8 8 6
13968 1 7803 8 6 9 7
40572 0 32910 21293 21293 13193 13190
39830 0 32910 1 1 4 2
14004 0 25065 5 5 11 8
25065 0 4789 9 9 5 3
32733 0 248 509 509 18598 18589
10121 0 248 817 817 19071 19061
30194 0 7722 6 6 30 18
23606 0 4877 149 149 3933 3922
32247 0 4877 5 5 199 189
30622 0 2318 2 2 121 1
26982 0 2318 11 11 1717 1588
9320 0 2318 2 2 204 78
26224 0 2318 2829 2829 16513 16383
18713 0 2318 6 6 670 542
38875 0 2318 4 4 280 153
3443 1 12083 2 1 2 1
13887 0 3443 119 119 1295 1283
18271 0 3443 3 3 27 17
4423 0 24850 1449 1449 826 825
1038 4 13190 184 14 1 1
1038 4 40447 174 10 1 1
1038 4 33781 179 12 1 1
1038 4 31677 175 10 1 1
1038 4 7455 183 14 1 1
23751 4 8080 13 9 7 7
8080 4 23312 178 175 13 13
25625 5 2176 2 2 6709 6604
24036 5 2176 2 2 2807 2705
18415 5 2176 3 3 6089 5985
29637 0 28168 796 795 2919 2914
17924 0 7315 18346 18346 16337 16332
13300 0 11301 31252 31252 37008 36996
13300 6 14769 1029 1026 2332 2331
25115 0 11301 40 40 439 430
20438 0 11301 2095 2095 17181 17170
37862 0 11301 3840 3840 12749 12739
34851 4 31118 13 12 8 8
40242 0 24346 29232 29232 26780 26777
26644 1 4985 1 1 2 1
26644 1 16054 2 1 2 1
8110 0 12168 3 3 198 162
36165 0 12168 13355 13355 33615 33578
22455 6 27199 4761 4761 11020 11020
7288 1 36878 1 1 1 1
19322 5 7288 39 39 9700 9685
40768 0 1784 29097 29097 14931 14884
15769 0 1784 38 38 1741 1696
40438 0 1784 26906 26906 23863 23815
40839 0 1784 28539 28539 14620 14574
27441 0 25270 38986 38986 33224 33223
25270 0 6354 35878 35878 38916 38913
12380 1 20717 4 1 2 1
3729 0 20717 6 6 18 7
176 1 25906 936 935 722 719
25906 1 176 699 696 971 970
40769 0 10981 32877 32877 13878 13877
24894 0 7247 4 4 12 3
27000 0 7247 12 12 185 175
17047 0 13439 8036 8036 6348 6348
40770 0 3005 1414 1414 13507 13493
12076 1 3005 2 1 7 1
12740 4 40747 13513 13513 19019 19019
16545 1 14634 1 1 8 1
4313 1 3457 7 1 5 1
1482 0 13752 415 415 320 320
1482 1 35255 5 1 2 1
11251 1 13752 2 1 2 1
28721 1 22741 1 1 1 1
28721 0 15897 9 9 6 4
3761 0 8987 32947 32947 36942 36942
8987 3 23784 8525 8525 5510 5510
7280 1 26118 2 1 2 1
28912 1 26118 2 1 1 1
38386 0 1904 2 2 5 3
6607 1 11157 4 1 2 1
637 6 31616 1118 1074 22 22
637 6 39715 536 495 4 4
637 6 14054 64 25 1 1
637 6 39536 5560 5515 34 34
637 6 23571 921 878 4 4
637 6 40404 482 442 2 2
637 6 29851 760 718 2 2
5767 4 21704 20 2 1 1
3432 4 7926 5 3 3 3
3509 0 3407 53 53 67 64
13238 0 3407 4556 4556 3068 3064
26647 1 3407 2 1 6 1
24287 1 17938 2 1 2 1
36533 9 24287 1 1 2 1
17939 1 17938 1 1 3 1
9673 1 8487 9 6 4 1
7998 1 9673 4 1 3 1
8487 1 7998 3 1 3 1
3814 1 3548 4 1 1 1
23744 0 296 3 3 398 249
21505 0 296 2 2 157 12
7397 0 296 1 1 141 2
10506 0 296 2 2 169 22
38028 0 296 1 1 143 2
12013 0 296 1 1 172 24
15119 0 296 2 2 153 9
36945 0 296 5 5 3651 3499
36798 0 51 14 14 4740 4544
38369 0 51 358 358 23606 23403
40705 0 51 34 34 13849 13648
20387 0 51 3 3 1922 1729
40810 0 51 36 36 13926 13724
27837 0 51 3 3 214 22
5886 0 51 7 7 2402 2208
20051 1 20050 2 1 3 1
20861 1 5558 2 1 3 1
26868 0 6233 4 4 19 10
26868 1 5872 3 1 3 1
37434 0 917 8961 8961 21660 21657
25228 0 917 1171 1170 5352 5350
20402 0 16155 11214 11214 25192 25191
30004 0 2482 11 11 427 418
18986 0 2482 17 17 922 912
39024 0 29467 31775 31774 25694 25692
38724 0 29467 3429 3429 8210 8209
36561 5 129 2 2 280 236
1583 0 129 17876 17876 31737 31728
406 1 1287 1 1 8 1
23997 1 406 2 1 3 1
18173 1 1287 2 1 10 1
40882 0 1287 1566 1566 14045 14005
332 0 1287 13 13 1026 988
18612 4 33576 37 16 2 2
18612 4 19325 27 7 4 4
12266 4 18612 12 5 3 3
5940 0 532 1 1 78 5
1521 0 532 1 1 85 8
40279 0 532 1 1 82 6
30426 0 532 1 1 79 5
15231 0 532 1 1 87 9
40771 0 10613 104 104 13795 13784
29184 1 22723 2 1 2 1
29184 1 30903 3 1 1 1
6386 0 26454 21 21 175 171
3277 1 37105 1 1 1 1
31630 0 33081 16340 16340 30102 30101
33081 0 3606 230 230 5909 5896
1354 1 1353 1 1 6 1
4940 6 40772 13717 13715 40499 40499
4385 0 4940 32 32 800 790
29446 0 4940 25 25 1102 1091
24366 1 7539 1 1 1 1
9683 6 40773 14029 14028 1429 1429
40773 0 2732 21187 21187 13755 13752
33864 0 13576 3 3 6 1
28351 1 685 1 1 1 1
35900 3 685 1 1 4 1
8053 1 32295 7 1 2 1
35212 0 8053 34 34 1178 1176
8643 0 1819 6 5 17 11
7117 1 8643 3 1 3 1
24594 5 1819 2 2 94 55
3210 5 1819 1 1 111 71
27467 0 31416 450 450 9713 9711
464 1 3675 1 1 5 1
3675 1 12232 6 1 2 1
3675 1 19310 7 1 2 1
4006 1 7203 4 1 2 1
1307 1 11050 2 1 10 1
10097 6 15251 1208 1208 2720 2720
21168 1 10097 2 1 3 1
23083 0 26718 30384 30384 38819 38819
21673 0 26120 8825 8825 27999 27998
26120 0 6426 5 5 16 8
24650 0 27939 42 42 926 922
38457 1 9568 1 1 2 1
27178 0 2497 10 10 1728 1633
31174 0 2497 35 35 9272 9174
19058 0 2497 2 2 104 12
23035 0 2497 883 883 13126 13026
5147 0 2497 13 13 1108 1014
5305 1 1 3 1 2 1
29442 1 5305 3 1 4 1
12784 4 1630 13 8 8 8
12784 4 5463 176 170 15 15
25315 1 20655 4 1 2 1
8198 0 20655 760 760 2535 2531
20655 1 5129 1 1 5 1
931 0 2275 256 256 13380 13346
11433 0 2275 9 9 378 346
14758 0 9787 21 21 1204 1185
36898 0 1686 29532 29532 28586 28578
40774 0 16369 741 741 14223 14218
17226 1 10110 1 1 2 1
27870 2 2023 2 2 562 511
18478 2 2023 6 6 651 599
11490 2 2023 10 10 937 884
20278 2 2023 8 8 3828 3774
16554 1 29212 3 1 2 1
29212 0 34093 844 844 213 213
36825 0 20796 1 1 17 12
5335 5 9988 87 87 2487 2484
29725 5 9988 2 2 110 108
1864 4 39744 110 30 1 1
1864 4 12986 88 10 2 2
1864 4 9221 146 65 4 4
1864 0 1703 1 1 43 11
12378 1 3604 2 1 5 1
9895 1 13428 5 1 1 1
15667 1 15666 1 1 2 1
2507 3 4435 1196 1195 23 23
6789 9 2507 1 1 2 1
16918 1 2507 3 1 10 1
20071 4 20803 26 21 3 3
20849 1 14778 3 1 1 1
13053 1 24622 1 1 4 1
40284 1 24622 1 1 5 1
19366 0 20234 3628 3628 17691 17689
26315 0 19366 2 2 9 2
35882 2 2524 20 19 506 463
33234 2 2524 2 1 50 9
40939 2 2524 8 8 13582 13537
8199 0 15331 8 8 29 27
19502 1 12706 2 1 1 1
11732 1 7659 2 1 5 1
29649 0 11732 20309 20309 24271 24263
7659 1 7279 6 1 4 1
12815 4 27688 409 386 9 9
12815 4 20570 260 238 5 5
26871 0 2084 37070 37070 39685 39685
4955 6 15531 6 5 6 3
8178 1 11153 1 1 1 1
2181 6 20785 963 946 13 13
2181 6 11583 1615 1597 9 9
23792 0 30977 287 287 2227 2222
4102 4 38587 187 176 4 4
40775 0 35896 4596 4596 14101 14100
6696 1 21296 3 1 2 1
21295 1 6696 1 1 2 1
8023 1 21296 2 1 3 1
3303 0 10707 187 187 902 876
17408 0 4099 22747 22747 2451 2450
23226 0 34449 12828 12828 14160 14159
4136 1 4135 4 1 1 1
39465 0 16668 29318 29318 22162 22158
16257 0 23562 39522 39522 33024 33018
4227 6 32367 3917 3914 446 446
40607 0 4227 20307 20307 13855 13852
16679 1 16678 1 1 2 1
1122 9 23212 2 1 1 1
23212 0 2918 12 12 1292 1216
7532 1 7531 5 1 2 1
29273 1 14570 1 1 4 1
5949 0 3779 698 698 29879 29824
8913 0 3779 32 32 8874 8821
23795 2 2580 1 1 45 6
9939 2 2580 1 1 55 14
20115 2 2580 1 1 37 2
36622 2 2580 1 1 39 2
15250 5 2644 45 45 129 113
4951 1 5069 2 1 4 1
7948 1 8993 3 1 1 1
3755 1 18943 3 1 1 1
18943 1 30961 2 1 2 1
17857 1 11523 2 1 3 1
6924 4 37669 130 116 5 5
6924 4 25551 255 240 15 15
30696 4 40310 1995 1995 350 350
5259 0 9217 78 78 7317 7309
28032 0 5259 13757 13757 32951 32943
20159 4 23395 14326 14325 1926 1926
17347 4 20159 29 25 17 17
3882 4 10151 75 75 266 266
8811 0 2340 1062 1062 1486 1483
32387 0 8811 5583 5583 7028 7025
35192 0 2340 81 81 178 176
19066 6 13595 2399 2393 139 139
2887 0 2938 5 5 9 6
2887 1 7436 3 1 3 1
15497 1 2938 1 1 2 1
25015 4 28828 5486 5486 6644 6644
21810 4 25015 337 328 10 10
3850 0 160 78 78 6029 5989
15553 0 160 32588 32588 33471 33429
17933 0 160 18 18 493 455
30234 0 2731 4 4 284 257
46 0 14274 1839 1839 11667 11661
14834 1 16497 2 1 3 1
14834 1 8390 3 1 5 1
14834 1 5110 7 4 11 2
40922 0 14834 4190 4190 14740 14735
11673 1 5110 2 1 9 1
29358 0 2687 1 1 36 3
8288 0 2687 1 1 38 3
33791 0 2687 1 1 37 3
33543 0 40596 12779 12778 23224 23224
172 4 7119 14416 14415 24179 24179
35331 5 172 1 1 582 232
28580 5 172 3 3 2904 2551
18603 5 172 3 3 18861 18501
36972 5 172 2 2 369 28
78 5 172 1 1 391 48
33614 5 172 1 1 377 35
35822 5 172 1 1 2162 1810
39121 5 172 1 1 553 206
22074 5 172 2 2 3082 2728
20314 5 172 6 6 25953 25592
1118 5 172 2 2 3491 3136
21326 1 23555 5 1 4 1
2173 6 38083 19 9 2 1
2173 6 18659 374 362 20 20
33947 4 39713 766 766 4562 4562
18377 3 4166 1 1 4 1
34858 0 18783 28260 28260 26244 26243
3968 1 5813 2 1 7 1
11261 1 5813 1 1 6 1
5813 1 31835 9 2 2 1
36714 0 38851 4358 4357 2497 2497
30857 0 30511 22828 22828 25360 25359
1365 1 15439 2 1 3 1
39987 0 81 4 4 764 717
36104 0 81 1 1 57 11
5785 0 26217 214 214 6970 6967
19380 0 26217 37896 37896 39492 39488
6787 1 26217 3 1 2 1
16634 0 9747 48 48 2249 2233
36078 1 7833 1 1 1 1
32975 0 9558 9649 9649 14481 14481
32975 1 32002 1 1 1 1
22353 1 15922 3 1 1 1
1604 1 6991 3 1 5 1
2547 1 14925 1 1 3 1
14212 0 14737 4 4 14 2
4130 0 3621 9 9 76 69
24323 0 3621 1320 1320 14121 14113
3621 0 9758 13 13 61 43
10319 4 33522 317 301 12 12
27683 1 39142 1 1 1 1
16503 1 110 1 1 5 1
40776 0 5310 6322 6322 14193 14183
25496 0 5310 2 1 10 1
1913 6 25274 4451 4446 1153 1152
33711 5 19257 2 1 9 2
32197 1 22383 1 1 1 1
23062 1 12031 1 1 2 1
26578 0 239 2250 2250 23631 23366
19936 0 239 427 427 14033 13775
40929 0 239 6409 6409 14309 14050
24226 0 239 86 86 19011 18748
20767 0 239 5 5 302 57
19429 0 239 9 9 2580 2330
32842 0 239 221 221 13891 13634
34670 0 239 868 868 31804 31537
23758 0 239 7183 7183 30530 30264
13023 0 239 17 17 7398 7144
16182 0 239 129 129 10727 10471
17401 0 239 7 7 1907 1659
34239 0 239 38 38 21142 20878
2069 1 15760 9 1 2 1
22182 1 3014 2 1 2 1
31096 1 15639 3 1 4 1
15639 1 29383 5 1 2 1
15639 1 207 3 1 3 1
13398 0 71 58 58 8421 8358
2736 4 13398 5761 5712 14 14
13398 4 7720 10 3 10 10
20939 0 2215 102 102 2772 2767
7946 1 1765 2 1 2 1
1947 0 1249 116 116 18583 18538
22728 1 16506 1 1 3 1
34810 9 22728 1 1 1 1
3254 0 2886 115 115 2621 2613
18890 4 37812 347 344 22 22
18890 4 28071 92 90 7 7
24803 4 28831 7 6 3 3
12939 1 23279 3 1 1 1
13702 1 12070 5 1 2 1
27600 0 7589 54 54 641 632
24117 1 1225 1 1 1 1
1110 0 20337 151 151 1045 1040
40926 0 20337 40590 40590 13124 13118
354 4 36395 7 4 2 2
24159 0 12803 278 278 1213 1213
26948 2 3620 10 10 706 681
37272 0 7800 24881 24881 24108 24097
23037 4 3762 512 510 79 79
33783 2 1326 7 7 18432 18295
22501 2 1326 1 1 160 27
31495 2 1326 4 4 1433 1298
19086 2 1326 1 1 171 37
38740 2 1326 2 2 1930 1794
38719 2 1326 22762 22762 39837 39699
36238 0 1326 107 107 4515 4500
18160 0 1200 16 16 197 197
23552 1 10327 3 1 3 1
40037 0 19153 1335 1335 12464 12462
33552 0 40037 15963 15962 5385 5385
7751 0 3712 26 26 663 656
7196 0 3712 62 62 1596 1587
28826 1 3712 1 1 9 1
26351 6 25426 2402 2402 1911 1911
17946 0 26351 10472 10472 21880 21875
10124 0 25426 3319 3319 10314 10310
6974 6 17672 514 513 228 228
19506 1 15393 2 1 2 1
32325 0 17590 11300 11300 27988 27980
40778 2 26169 35015 35015 13385 13385
36197 4 29170 59 59 24 24
1264 1 22448 4 1 2 1
40779 2 1646 6 6 13502 13460
40782 2 1646 6 6 13349 13308
40780 0 379 670 670 14128 14111
40828 0 379 716 716 14353 14335
14490 1 12757 1 1 4 1
34243 0 1244 1 1 286 7
12545 0 1244 2 2 452 166
28964 0 1244 1 1 305 24
4871 0 1244 1 1 280 4
17807 0 1244 4 4 477 189
14487 0 1244 2 2 292 12
40781 0 4921 34306 34306 14606 14603
9372 1 1508 2 1 2 1
2261 4 19476 36 21 5 5
2261 4 18565 49 32 6 6
5771 4 39949 42 34 4 4
13951 1 3521 5 1 5 1
18299 1 274 2 1 6 1
15954 1 34113 4 1 1 1
17141 0 21055 24 24 39 36
13878 1 26428 4 1 2 1
35918 0 391 2 2 7 4
39002 1 39001 1 1 1 1
4532 1 26446 1 1 1 1
11891 5 16320 1618 1618 33383 33369
13955 1 11289 2 1 4 1
1592 1 17240 6 1 1 1
15523 0 2604 4 4 460 424
36776 0 2604 906 906 16848 16808
40872 0 2604 327 327 14046 14007
6989 0 2604 39423 39423 25429 25387
38136 0 2604 3 3 262 227
31426 1 2604 2 1 8 1
12623 1 6107 1 1 4 1
22297 1 8322 3 1 2 1
21592 1 22297 2 1 2 1
4547 1 21674 9 1 3 1
32040 1 4547 1 1 8 1
7982 1 20572 1 1 4 1
7983 3 7982 2 1 2 1
31376 2 743 1 1 109 6
32748 2 743 12 12 19602 19493
36118 2 743 1 1 192 87
743 6 9450 225 224 946 946
39780 0 2807 63 63 551 548
4722 0 2807 4462 4462 9486 9482
35415 0 2807 39632 39632 28085 28079
15011 0 1542 12 12 1028 1008
10421 1 10420 4 1 2 1
26009 0 265 3 3 423 162
9536 0 265 3 3 453 191
15205 0 265 1 1 255 4
36270 0 265 2 2 259 5
39375 0 265 1 1 296 38
12974 0 265 3 3 310 51
25076 0 265 1 1 253 3
19351 0 265 3 3 274 17
11480 2 1534 4 3 30 23
40783 0 4407 4150 4150 13202 13202
4407 1 39995 8 1 1 1
8464 1 8424 5 1 3 1
23763 1 3300 1 1 7 1
24479 1 23586 4 1 2 1
28656 0 21 1 1 72 5
38617 0 21 1 1 71 5
39259 0 21 18 18 5575 5506
6493 0 3567 229 229 761 759
21912 0 22347 63 63 32 31
24178 1 9908 6 1 1 1
22121 0 351 1 1 126 3
25316 1 746 3 1 2 1
3063 1 4791 6 1 4 1
11495 0 4791 185 185 2559 2545
36889 0 883 2 2 263 44
22017 0 883 2 2 226 14
39078 0 883 11 11 2288 2065
7495 0 883 5 5 971 749
7498 0 883 1 1 242 26
36527 0 883 2 2 239 24
31583 0 883 4 4 484 264
40784 0 14144 63 63 14446 14428
3408 6 8243 76 4 2 1
3408 6 8940 624 548 2 2
3408 8 38801 18637 18570 6 6
3408 8 28506 79 14 3 2
10233 4 38705 17 3 1 1
36048 6 18704 31896 31896 29541 29541
1046 7 36048 118 3 1 1
1962 1 1961 5 1 4 1
11585 3 21329 4 1 2 1
32391 1 11972 1 1 1 1
31739 4 18679 212 210 30 30
26785 1 7703 1 1 6 1
20520 1 6788 3 1 2 1
11565 1 37185 6 1 1 1
11565 1 12441 8 1 1 1
29689 1 11565 1 1 9 1
19922 0 8858 8 8 69 58
15795 6 39521 52 52 70 70
840 8 19493 30 18 7 5
840 8 36647 345 332 16 16
840 6 30428 26409 26396 13515 13515
26662 0 7523 4272 4272 20689 20686
26756 0 9311 4822 4822 19821 19810
12636 1 24788 5 1 1 1
20784 1 387 5524 5523 6509 6509
387 1 20784 6449 6449 5539 5538
12153 3 19756 2 1 1 1
13239 0 284 5 5 3197 2971
34758 0 284 1 1 237 15
35142 0 284 1 1 234 13
33324 0 284 1 1 219 4
24884 0 284 1 1 226 8
39131 0 284 1 1 225 8
26984 1 38840 2 1 1 1
9435 1 13227 4 1 8 1
5449 0 9435 805 805 3026 3025
31592 1 13227 1 1 7 1
23798 1 23297 79 76 28 27
21935 1 23297 1 1 1 1
4425 0 9880 8 8 24 15
17011 3 17169 3 1 5 1
7442 1 23836 3 1 3 1
7442 0 12505 1348 1348 3072 3064
23836 1 3274 2 1 3 1
17432 1 30826 1 1 1 1
11988 4 31236 352 351 128 128
31236 4 34496 3 2 2 2
1444 0 9048 212 212 8223 8205
5768 0 1444 40209 40209 35537 35501
39440 0 1444 441 441 8081 8046
20898 0 9048 4 4 293 277
2408 0 9048 9 9 44 29
33742 0 9048 230 230 728 711
38351 0 9048 4697 4697 13051 13032
6375 1 8324 2 1 1 1
37317 0 6230 17469 17469 22102 22100
10713 4 2207 15 10 7 7
40786 0 1672 22 22 14337 14301
40892 0 1672 22 22 14160 14125
28472 5 10737 275 275 13861 13858
10737 6 27038 14199 14195 4404 4404
21537 0 1027 1 1 156 5
35194 0 1027 3 3 526 373
39579 4 25695 8782 8782 2535 2535
12699 0 2137 3 3 16 4
27906 0 19986 116 116 1196 1193
19986 1 16852 3 1 3 1
30297 1 3771 2 1 3 1
39950 0 2362 1 1 5 3
16469 0 178 2 1 15 3
34721 0 178 2 1 14 3
9225 0 178 318 318 2909 2896
31063 0 2110 3 3 328 137
38241 0 2110 5 5 853 659
31237 0 2110 2 2 207 20
5590 0 2110 3 3 188 3
7272 1 33016 1 1 3 1
17837 0 7272 22 22 28 27
36109 1 33016 1 1 1 1
33016 1 33015 2 1 1 1
39272 0 12035 2 2 12 3
11022 6 27914 79 72 4 4
40787 0 5243 4029 4029 13855 13850
3741 1 18271 1 1 1 1
40788 2 593 48 48 13939 13913
27944 2 593 19 18 60 36
9102 2 593 8 6 73 48
40548 0 16045 2804 2803 3733 3732
758 1 10360 3 1 6 1
10360 1 10359 5 1 1 1
3223 0 3161 31 31 1997 1961
5881 1 18355 2 1 1 1
38969 0 16196 5 5 5 4
29347 0 1461 38499 38499 12739 12726
1650 1 16394 13075 13068 15884 15884
1650 1 16302 6 1 1 1
40174 1 1650 32990 32990 18086 18078
9952 1 37466 9 1 1 1
2245 0 2918 25 25 15653 15573
2245 1 2244 3 1 4 1
14233 0 2918 81 81 5820 5742
1079 0 2918 1760 1760 12512 12433
32727 1 24872 2 1 2 1
39701 0 5987 26041 26041 18336 18336
15176 1 18854 5 1 3 1
18854 0 7016 33164 33164 22031 22029
24327 0 3027 419 419 18350 18297
14366 0 24327 31141 31141 39510 39510
23190 1 13002 2 1 5 1
5729 1 20226 1 1 2 1
20226 0 13887 10 10 44 39
8274 1 8999 3 1 5 1
18181 1 8274 3 1 2 1
9428 1 8999 2 1 6 1
8511 1 31347 2 1 1 1
21811 0 278 1 1 185 7
33666 0 278 1 1 176 5
21874 0 278 1 1 179 5
29143 0 278 1 1 182 6
18106 0 278 1 1 175 5
39291 0 278 1 1 255 75
37756 0 278 1 1 186 7
511 0 15897 7718 7718 34342 34339
15736 0 1677 18185 18185 33813 33754
829 0 1677 3 3 60 6
27621 0 1677 34281 34281 25766 25708
29445 1 1550 2 1 4 1
18936 4 39578 32 31 8 8
34932 2 14540 3 2 16 12
647 1 6311 8 1 1 1
33210 6 17250 2161 2161 21105 21104
9637 5 1981 1 1 66 14
21619 5 1981 15 15 4595 4541
11643 3 3908 17686 17685 2633 2633
30998 1 7774 2 1 2 1
30998 1 2447 1 1 2 1
16669 2 916 3 2 184 45
8577 2 916 2 1 256 113
18018 2 916 2 1 358 211
35944 2 916 2 1 357 211
9258 2 916 3 2 286 142
34189 2 916 3 2 244 103
21737 0 2589 7 7 118 101
40303 0 2589 12636 12636 19931 19913
3167 1 6502 4 1 4 1
17014 2 3167 2 1 38 17
7204 1 3167 3 1 6 1
32383 0 427 1 1 72 3
13521 0 427 1 1 80 10
11437 0 427 7 7 258 186
16023 0 4958 21 21 18 16
5777 4 4318 33 19 5 4
5144 4 4318 7 4 12 10
4318 6 27523 1409 1405 60 60
19086 6 12484 5 2 4 1
12201 4 22304 240 234 8 8
10786 1 14577 3 1 3 1
20175 0 7143 1118 1118 4050 4044
1205 1 23424 3 1 2 1
35226 0 37189 81 79 91 89
19169 1 25362 2 1 2 1
14940 1 12227 2 1 2 1
12227 1 13800 3 1 3 1
2813 0 3170 1014 1014 1462 1462
3170 1 3169 4 1 1 1
35238 1 8601 1 1 3 1
36661 1 39486 2 1 1 1
17745 5 774 2 2 459 321
17745 2 1137 2 2 438 331
37417 5 774 1 1 141 4
29963 5 774 1 1 140 4
40735 5 774 5 5 12853 12713
23613 4 28865 5 1 2 2
24660 4 23613 20 17 8 8
6782 5 5167 5883 5883 18430 18410
34227 5 5167 32 32 4199 4180
5167 6 27267 7957 7956 15023 15023
40789 0 25921 17018 17018 11212 11212
18492 6 36549 5 4 3 3
864 1 14562 5 1 2 1
32699 0 14562 5 5 73 63
4521 1 25708 5 1 2 1
10559 1 10558 1 1 1 1
3083 0 26431 9530 9530 14275 14270
5974 0 9758 181 181 6494 6473
4522 0 9758 20 20 372 353
12683 0 9758 653 653 3251 3231
19 0 29519 17 17 68 66
38094 4 40790 12510 12510 4792 4792
36200 0 5055 7935 7934 8007 8007
204 1 3048 6 1 1 1
32488 1 204 2 1 4 1
40791 0 11084 90 90 13200 13182
33754 1 5275 1 1 2 1
32 4 32392 110 94 4 4
32 4 24489 114 97 1 1
12319 4 14836 39 34 9 9
27811 2 10916 8 7 52 47
30475 0 10916 31861 31861 35398 35398
15792 0 3763 5 5 13 8
8019 1 30805 5 1 2 1
2949 1 8019 4 1 5 1
30805 1 16646 3 1 7 3
35060 0 5892 6 6 164 156
11125 4 10606 32 32 12 12
25276 1 3926 2 1 6 1
13830 1 6490 860 854 18 18
13830 1 7308 5 1 2 1
6490 1 13830 18 18 896 890
1366 0 29 7 6 23 16
29 1 11186 3 1 2 1
6226 1 29 1 1 2 1
19987 4 11397 2516 2514 545 545
4506 1 9454 4 1 3 1
6037 0 39187 120 120 298 296
39187 0 11100 40847 40847 40707 40689
2381 2 12273 1 1 52 3
7324 2 12273 1 1 50 3
6513 0 650 386 386 7901 7859
37308 0 650 15 15 1346 1305
40792 0 9525 38922 38922 13751 13747
30839 1 10851 1 1 1 1
21181 5 232 12 11 230 221
11205 5 232 168 168 17121 17111
24984 0 232 51 51 3224 3218
38752 0 728 1280 1280 5781 5774
8716 6 31315 10 10 6 6
24013 1 23715 3 1 4 1
36734 5 985 3 3 82 18
7458 5 985 6 6 11255 11187
12641 0 39 3 3 346 138
7396 0 39 1 1 208 9
21862 0 39 2 2 291 84
21561 0 39 1 1 202 4
13466 0 39 1 1 199 2
17532 0 39 1 1 235 31
18621 0 39 1 1 223 22
1398 0 19101 524 524 4732 4730
13758 1 29291 2 1 4 1
4555 0 1115 9761 9761 36252 36243
39750 6 18050 514 514 3527 3526
11789 1 24319 7322 7322 7817 7816
24319 1 11789 8285 8284 7516 7516
7072 1 9237 7 1 2 1
13503 1 7072 2 1 5 1
25660 5 4520 489 489 10547 10543
38151 0 7155 181 181 1298 1292
4453 6 7580 15385 15379 1543 1543
7580 0 34614 16651 16651 7057 7056
26183 0 11186 2715 2715 4658 4655
35764 0 14617 3293 3293 3834 3833
4608 0 3699 4 4 49 30
40827 0 3699 853 853 13018 12997
8852 0 7403 34348 34348 35263 35258
8176 1 8852 3 1 2 1
193 6 27058 53 1 1 1
193 6 11869 57 3 1 1
193 6 18878 54 1 1 1
19842 4 22836 25 20 10 10
21930 1 21045 1 1 3 1
21930 0 12252 47 47 890 883
5745 1 14074 2 1 2 1
26613 1 9037 2 1 2 1
9037 0 3099 9564 9564 22262 22261
7396 4 28775 1360 1345 20 20
24578 3 23111 4 1 1 1
21061 1 25626 1 1 1 1
24011 0 12474 8917 8917 14356 14354
13829 1 16710 2 1 1 1
4185 1 13829 2 1 3 1
13829 3 25284 3 1 3 1
12211 0 6042 169 169 4232 4222
13978 1 2276 1 1 4 1
39294 4 26572 2681 2681 8448 8448
33294 0 3229 1770 1770 4111 4102
8108 0 3229 11050 11050 7580 7570
3229 1 22044 4 1 3 1
6633 7 40129 6037 6025 6 6
6633 7 12050 530 519 3 3
16200 0 1852 10 10 540 493
16201 1 16200 4 1 3 1
19710 6 10760 4 3 13 8
32734 1 3419 1 1 3 1
4779 1 14955 2 1 2 1
3716 1 1998 1 1 6 1
40577 0 3716 40788 40788 14810 14796
31620 0 3716 211 211 3181 3170
28941 0 3716 15647 15647 8249 8236
17519 0 3716 286 286 6602 6590
9620 0 3716 4 4 220 210
2915 1 12159 15 1 2 1
522 1 21041 3 1 3 1
522 1 13953 4 1 7 1
522 0 16646 34524 34524 34916 34916
32701 0 522 3 3 19 7
31153 0 36722 35172 35172 33552 33550
36722 0 1474 19739 19739 35018 35003
7592 1 9560 4 1 1 1
2035 1 8589 4 1 3 1
25494 1 8589 1 1 4 1
4666 1 4665 4 1 2 1
4665 0 6717 16011 16011 25466 25464
6144 1 19664 1 1 3 1
28456 2 1773 1 1 40 2
28456 6 22320 610 608 42 42
5443 2 1773 1 1 45 6
18213 1 18982 2 1 2 1
18716 0 37537 34957 34957 36951 36949
6882 9 10563 1 1 1 1
40794 0 32275 37173 37173 12527 12526
19296 1 6611 2 1 2 1
16065 0 36140 5 5 11 8
40829 0 16065 18716 18716 13371 13370
32071 1 23898 2 1 2 1
37285 0 184 1 1 302 10
39009 0 184 2 2 2857 2554
3395 0 184 1 1 319 23
32164 0 184 1 1 354 55
34310 0 184 1 1 293 4
39279 0 184 1 1 290 4
11281 0 184 1 1 286 1
30773 0 184 1 1 296 6
15734 0 184 1 1 324 27
5209 0 184 2 2 2333 2031
16507 0 184 1 1 356 56
40030 0 184 1 1 291 4
1190 6 31657 40 28 3 3
1190 6 39319 43 30 2 2
17492 1 20700 3 1 1 1
16074 0 18268 1 1 7 2
21289 0 18268 3 3 9 3
14746 1 23603 73 72 60 58
7078 6 36019 144 144 1461 1461
7486 0 7078 140 140 2633 2625
4225 1 13633 6 1 4 1
4225 1 11780 5 1 3 1
754 1 2375 4 1 2 1
1823 7 36030 440 439 14 13
6054 0 4123 294 294 2766 2731
6054 3 1296 12331 12329 162 161
3215 0 7911 10 10 170 167
6678 1 7911 2 1 3 1
16802 1 8850 5 1 3 1
1076 1 1075 7 1 2 1
1076 1 27277 8 1 1 1
18470 1 18469 1 1 1 1
7673 1 10866 2 1 1 1
7673 1 8629 3 1 2 1
8644 1 14101 4 1 1 1
493 0 1629 1208 1208 2300 2288
2736 4 26470 50 6 1 1
2736 4 34726 54 8 1 1
2736 4 35146 96 48 3 3
2736 4 33515 64 17 2 2
35179 0 19119 938 938 1342 1341
13379 4 19119 985 982 29 29
28508 2 3843 5 3 37 9
40099 2 3843 11 10 463 434
9537 1 3843 1 1 5 1
25746 0 11870 17536 17536 15917 15917
26637 6 24424 94 94 1030 1030
15305 5 2978 7 7 288 220
10135 5 2978 6 6 1857 1788
14631 0 3275 637 637 13409 13403
1043 1 14631 4 1 7 1
39736 1 21554 1 1 2 1
39736 0 4427 12 12 685 663
8260 0 7895 8 8 8 4
16624 0 8260 30307 30307 27347 27345
36792 1 37816 1 1 1 1
40796 2 3317 55 55 12802 12769
11856 1 2643 1 1 3 1
8104 1 4274 5 1 1 1
8104 1 12438 4 1 1 1
9749 1 13574 3 1 2 1
40797 0 19420 12673 12673 13634 13632
24056 0 9777 2143 2143 6525 6524
12866 6 7036 166 166 537 537
19409 4 36350 7 7 7 7
28857 0 706 4 4 36 23
19163 0 18538 2769 2769 3119 3116
16614 1 25570 4 1 1 1
16614 1 8351 3 1 1 1
24052 1 24051 1 1 1 1
29706 4 499 2 2 2 2
34810 0 17502 14739 14739 9693 9693
40798 0 38876 12391 12391 13512 13512
26283 6 40443 27189 27189 30760 30760
32794 0 18895 18535 18535 21793 21785
3034 2 1137 1 1 113 9
19442 2 1137 1 1 105 4
26122 4 31544 49 43 8 8
17880 1 20417 2 1 1 1
3499 1 20417 2 1 2 1
20434 0 21190 31328 31328 27527 27526
13327 6 22210 1892 1892 6598 6598
40799 0 5636 19354 19354 13837 13837
14768 6 24252 5 4 6 4
9578 0 473 17157 17157 27595 27592
20196 1 21248 2 1 2 1
21248 9 11908 2 1 1 1
6765 1 27335 3 1 2 1
37410 0 27335 21698 21698 19403 19402
12725 1 21889 1 1 2 1
19754 0 4059 11 11 41 38
9461 4 12081 2 1 2 1
8574 0 5381 7 7 53 43
8574 1 8573 3 1 2 1
29585 1 8574 2 1 4 1
13699 0 5381 1536 1536 8667 8655
36608 0 123 792 792 6494 6486
24094 0 123 14945 14945 24965 24956
516 0 292 1 1 245 5
31393 0 292 1 1 239 3
14242 0 292 2 2 331 82
33413 0 292 47 47 17243 16991
15177 0 292 1 1 238 3
39499 0 292 1 1 236 3
13524 0 292 1 1 542 292
31996 0 292 1 1 248 6
26845 0 292 1 1 298 52
14814 0 292 1 1 240 3
13283 1 2720 3 1 2 1
2720 1 5598 3 1 5 1
34387 1 26855 1 1 2 1
26856 1 26855 1 1 1 1
37173 4 10091 2073 2073 398 398
19951 0 20010 37035 37034 38311 38304
40800 0 28344 10667 10667 13467 13466
24652 0 26678 4178 4178 7244 7240
27632 0 31556 57 57 578 576
8336 6 2824 1682 1682 321 321
14255 1 19144 2 1 3 1
20014 0 14262 4 4 43 38
40801 0 16573 5312 5312 14557 14553
2360 1 4933 2 1 5 1
40802 0 39415 18542 18542 10552 10552
30541 0 22903 313 313 1313 1312
20618 1 9942 3 1 4 1
38150 0 712 1365 1365 6394 6389
25109 0 7757 9659 9659 5025 5023
40803 0 5646 262 262 14493 14489
1003 1 5646 3 1 5 1
35081 1 28378 1 1 2 1
11590 1 29649 3 1 1 1
39026 0 29817 5867 5867 16140 16138
13903 6 32368 38384 38380 10975 10975
30745 1 37402 2 1 1 1
10159 1 38458 4 1 1 1
27696 1 6690 1 1 9 1
28744 1 6690 1 1 10 1
20852 1 6690 1 1 8 1
40885 0 6690 2460 2460 14489 14481
16732 0 10532 379 379 1463 1459
6916 0 19429 30066 30066 29992 29992
10276 1 9887 5 1 4 1
4800 1 9900 3 1 3 1
19570 1 4800 2 1 2 1
17182 1 2190 1 1 1 1
4461 0 19310 15993 15993 29429 29421
1046 7 18091 17965 17845 4 4
1046 7 18788 5628 5511 6 6
1046 7 39181 6719 6601 4 4
37226 0 11964 1166 1166 5616 5614
11632 9 24469 2 1 1 1
40699 0 12729 3103 3103 12994 12979
14428 0 772 38 38 430 420
19055 0 772 4 4 296 287
40710 0 31312 14547 14547 13593 13591
11686 1 5336 6 1 4 1
30852 1 3198 1 1 3 1
29243 0 26808 1118 1118 10591 10591
21449 0 12858 5 5 14 10
12857 1 21449 3 1 2 1
3233 1 4145 3 1 3 1
19055 1 19054 1 1 1 1
8310 6 12531 11 2 3 1
7557 1 7633 3 1 2 1
17844 0 7120 4523 4523 18811 18808
1269 1 11040 2 1 4 1
11040 1 14848 5 1 3 1
26676 0 8201 1253 1253 17023 17009
28241 1 7436 1 1 2 1
18458 9 31641 1 1 2 1
31641 3 37842 7 6 1 1
25873 0 2795 26093 26093 19342 19341
17430 1 14006 2 1 3 1
13991 0 6823 666 666 1086 1080
19570 1 23428 3 1 3 1
8288 4 37118 619 617 165 165
40805 0 33924 11252 11252 11978 11977
25230 0 6253 35 35 194 189
15292 3 10198 1 1 3 1
39489 0 11666 32704 32704 21119 21101
39489 1 15557 1 1 3 1
37831 2 11666 26416 26416 30292 30292
15516 1 12820 3 1 3 1
34071 1 12820 3 1 2 1
4175 4 8602 6 1 1 1
24042 1 5537 1 1 1 1
19211 0 4744 129 129 473 470
31371 0 7474 230 230 3637 3630
27812 0 7474 650 650 9904 9896
28947 4 15200 9 9 46 46
18660 6 21000 43 43 40 40
15472 0 25385 427 427 2633 2630
12507 0 13404 2587 2587 16730 16725
26342 1 17895 3 1 3 1
2152 1 8496 1 1 4 1
39760 0 574 2 2 49 6
40877 0 574 168 168 13439 13394
35412 5 11510 2 2 36 17
2085 6 10383 10 4 2 2
14202 1 14201 1 1 4 1
1043 1 20085 3 1 2 1
40806 0 6850 859 859 14000 13975
40503 0 9914 47 47 2082 2080
14770 1 14307 2 1 3 1
32716 1 17183 1 1 2 1
35390 1 3256 1 1 2 1
4482 4 9719 535 531 20 20
20428 0 3527 6838 6838 21658 21641
3527 6 20663 469 469 35 35
30409 2 35441 13271 13271 12598 12598
11083 1 5302 1 1 2 1
23196 1 10129 1 1 4 1
1066 1 29752 3 1 1 1
40807 0 3538 33620 33620 13397 13384
22793 0 3538 5 5 22 10
6768 6 24640 92 89 74 72
6768 6 10205 9747 9743 1596 1596
2869 1 15125 3 1 3 1
29302 0 15125 5938 5938 5571 5569
9588 0 1406 32925 32925 36071 36060
18159 0 17493 91 91 323 317
21497 1 33875 4 1 1 1
20938 1 22485 2 1 3 1
13056 6 39139 4829 4827 552 552
23942 0 26928 4 4 8 6
28004 0 6478 37 37 2465 2463
4747 0 22951 2 2 9 5
20860 5 2566 365 365 19299 19282
7590 5 2566 134 134 15071 15055
20768 0 17402 17094 17094 20407 20405
35193 1 20768 1 1 2 1
8572 0 5856 17 17 1586 1560
17370 0 5856 12141 12141 17991 17963
31972 0 5856 34 34 1560 1535
17380 1 15779 2 1 2 1
27964 0 16186 2309 2309 9699 9693
15981 0 1328 4 4 28 15
26071 1 9303 2 1 4 1
9303 9 21981 1 1 1 1
38768 0 29318 5800 5800 6034 6030
36229 0 18254 37749 37749 36047 36030
1019 4 596 34 11 1 1
1019 4 8780 25 3 1 1
23239 1 15927 4 1 2 1
30477 1 23239 2 1 3 1
21996 6 20017 6455 6452 435 435
21996 6 11995 4169 4167 321 321
25766 0 22616 9555 9555 7631 7628
9455 0 23399 1961 1961 13877 13871
23000 6 39446 7576 7576 15755 15755
122 1 7516 7 1 6 1
11412 1 19152 2 1 1 1
8803 1 27429 2 1 1 1
15261 0 14295 22111 22111 20497 20496
25268 4 21905 5 3 3 3
15504 1 8591 5 1 2 1
8591 1 16989 3 1 1 1
15601 10 15600 1 1 1 1
31927 1 15601 1 1 2 1
34363 5 8522 29574 29574 16262 16262
33641 0 19894 20770 20770 10175 10174
33826 1 19127 1 1 2 1
39523 0 2723 1192 1192 20556 20517
39523 1 21345 1 1 2 1
7540 0 2723 4357 4357 12659 12622
4541 0 2723 24 24 1085 1049
28671 0 7444 3580 3579 538 535
40808 0 40809 5819 5819 10216 10216
26933 0 1475 504 504 4216 4196
35848 0 18654 8 8 27 22
19162 0 18654 4 4 8 4
29185 6 40731 13942 13941 1755 1755
3467 1 3466 2 1 2 1
15345 5 4450 199 199 14188 14182
7117 1 7049 2 1 3 1
32624 6 26608 3946 3945 3760 3760
2269 1 2268 1 1 3 1
30613 0 6961 2 2 4 2
2956 4 29945 6 2 2 2
40706 0 10059 25327 25327 13544 13541
3866 4 38485 365 358 14 14
3866 4 24189 11202 11194 1530 1530
9119 0 21826 39122 39122 37737 37737
18389 3 999 6548 6546 3938 3936
999 3 18389 3351 3349 5659 5657
35808 1 32154 21928 21928 27264 27264
37756 4 40810 13089 13089 17480 17480
20583 1 27612 1 1 1 1
1020 0 3141 1 1 51 2
28305 0 3141 1 1 53 3
6564 0 11337 17060 17060 13604 13603
23511 0 15656 11 11 179 153
5394 1 2601 1 1 2 1
19679 0 5394 809 809 3108 3101
2004 1 24164 6 1 1 1
2004 0 30642 1748 1748 7452 7451
25774 1 12289 4 1 7 1
24676 0 24224 432 432 2488 2487
23848 1 8714 2 1 5 1
17814 4 3175 107 106 16 16
17465 1 17464 2 1 1 1
22570 1 22569 1 1 2 1
6630 0 4722 17 17 130 122
1142 0 4722 599 599 6588 6579
23700 1 24343 2 1 1 1
9573 6 3123 104 104 5129 5107
15354 6 3123 7 7 6726 6703
14853 6 3123 5 4 39 18
6067 1 28605 1 1 1 1
8474 4 17327 30240 30240 26298 26298
30941 1 3753 2 1 4 1
30941 1 33174 3 1 2 1
11546 0 4442 918 918 8771 8737
6865 4 2298 5 1 1 1
1021 1 207 4 1 4 1
2872 0 17555 1226 1225 12404 12398
268 0 17555 366 366 2785 2780
40811 0 2664 20 20 13883 13867
40871 0 2664 19 19 14136 14119
2664 0 2624 2260 2260 986 979
35435 0 12605 48 48 295 292
29862 1 29861 1 1 2 1
31789 0 494 37584 37584 29767 29755
22923 0 28916 99 99 25 24
27985 1 27484 1 1 2 1
29410 0 16944 35177 35177 33885 33880
11888 0 36918 33403 33403 37486 37483
37558 2 741 1 1 49 3
28640 2 741 1 1 47 2
9021 2 741 1 1 43 1
22157 3 1791 2 1 2 1
22158 3 1791 3 1 4 1
8471 1 6302 2 1 1 1
32069 0 19823 6213 6213 15887 15885
38790 0 13 10275 10275 20345 20331
19437 1 22294 2 1 2 1
25022 1 32013 1 1 2 1
39553 0 4628 8 8 935 926
40833 0 4628 477 477 14208 14198
11144 1 2617 1 1 2 1
38399 1 1022 1 1 5 1
10536 1 36694 1 1 1 1
40178 1 1578 25577 25577 8015 8013
40864 0 1578 10392 10392 14456 14450
22410 1 37961 3 1 1 1
15647 4 32971 1077 1077 371 371
1708 0 8438 57 57 2395 2394
6124 1 5907 2 1 6 1
8270 1 6124 9 1 3 1
5826 1 10722 2 1 3 1
21697 0 2070 33385 33385 31986 31986
6530 1 22543 3 1 2 1
5932 1 21935 7 1 2 1
28875 3 5192 2 1 2 1
28676 3 28875 4 1 1 1
5178 1 14819 6 1 2 1
21092 0 5178 43 43 6038 6009
16318 0 5178 42 42 4093 4065
40918 0 5178 441 441 12968 12937
31349 1 5178 1 1 7 1
27341 1 31627 3 1 1 1
912 0 7047 55 55 2642 2629
739 0 912 92 92 221 210
24031 0 7047 9988 9988 16823 16809
30204 1 7047 4 1 3 1
40812 0 17281 12747 12747 12502 12502
9906 1 36905 5 1 1 1
6743 0 8355 10 10 2383 2360
1538 0 8355 29 29 2119 2097
35277 1 27784 1 1 1 1
5869 1 26782 6 1 1 1
40813 0 19386 2440 2440 13327 13325
38378 1 22534 1 1 5 1
31576 0 30844 216 216 3105 3105
10205 1 10204 3 1 2 1
11177 1 37094 4 1 1 1
7045 1 2382 1 1 5 1
21977 5 16419 769 769 20530 20523
3364 1 3363 2 1 3 1
3528 0 10834 16840 16840 21225 21222
17960 4 24312 5 1 2 2
27223 1 20426 1 1 2 1
24636 1 6535 2 1 2 1
23949 5 212 2 2 52 24
27657 5 828 3 2 23 9
1410 1 24564 13974 13974 19233 19232
3066 0 8076 35341 35341 37434 37426
18215 1 1414 2 1 10 1
10895 1 13973 6 1 1 1
3239 4 39144 82 32 2 2
3239 4 27881 97 46 1 1
3239 4 36428 65 16 1 1
18904 3 17353 2 1 2 1
7935 1 2201 4 1 3 1
17190 1 757 3 1 1 1
1415 1 32170 5 1 1 1
23786 1 2902 1 1 6 1
2029 1 18094 5 1 1 1
553 1 13871 3 1 3 1
24179 1 10508 2 1 2 1
25575 1 10508 1 1 1 1
27360 6 36837 30 30 33 33
31841 0 19545 13372 13372 12551 12550
33840 0 1754 2203 2203 17750 17738
40875 2 1754 25 25 13031 13025
38079 2 1754 258 257 1106 1101
40815 0 39071 8990 8990 14113 14111
29342 0 8978 6708 6708 13376 13360
6890 0 36281 13492 13492 25094 25094
8040 1 21358 15 11 3 2
10520 0 24854 31543 31543 31478 31478
28943 1 243 2 1 1 1
20030 0 13734 20936 20936 26819 26817
4563 0 12505 1 1 7 1
37725 0 23377 1 1 8 3
26865 1 19204 3 1 4 1
20288 6 29915 6 4 3 2
24515 2 20288 65 65 11658 11653
18855 0 2060 37 37 163 150
26308 5 18855 290 290 16460 16446
24430 0 2060 10 10 963 949
11475 1 13563 2135 2132 2526 2522
13563 1 11475 2821 2817 2352 2349
14231 0 7944 2660 2660 17181 17180
36007 6 17148 11126 11126 9888 9888
13350 0 29456 6 6 5 5
36696 5 9528 2 1 9 1
19256 5 9528 2 1 10 1
30889 0 33367 5050 5049 635 635
26734 0 2288 439 439 343 341
16979 4 35069 6 6 6 6
23628 0 2614 6376 6376 10343 10339
39567 0 4694 5 5 108 94
6695 0 32813 5711 5711 4745 4745
15469 0 6418 635 635 6431 6407
34418 1 25064 2 1 2 1
8727 1 8726 3 1 1 1
14189 1 23592 5 1 1 1
35545 1 14189 1 1 4 1
10877 1 11728 5 1 4 1
32814 0 4976 249 249 1815 1812
4165 3 25845 4 1 1 1
20625 1 7778 2 1 1 1
30076 0 10715 3184 3184 10453 10450
40816 0 14697 915 915 13871 13871
14697 1 31992 5 1 1 1
19191 1 27971 1 1 2 1
13842 0 11910 27607 27607 18479 18478
5985 6 10735 12 5 36 29
12732 3 28417 2 1 2 1
12732 1 26677 2 1 1 1
6204 1 6203 1 1 1 1
40817 0 19840 23585 23585 14468 14466
3387 0 19840 2185 2185 26406 26403
6550 1 2423 2 1 7 1
2423 1 24830 9 1 4 1
2924 4 30666 97 22 1 1
2924 4 2659 77 4 3 3
2924 4 29020 74 3 1 1
2924 4 36766 76 4 1 1
1379 1 25548 3 1 2 1
6265 1 1379 3 1 2 1
18135 3 294 1411 1408 118 118
2209 1 24141 5 1 2 1
15500 1 4546 2 1 4 1
15500 1 7996 1 1 3 1
31596 6 8773 8881 8881 21952 21952
40818 0 35587 9286 9286 12332 12332
34338 1 9890 1 1 9 1
14748 1 9890 1 1 8 1
9890 1 12054 10 1 2 1
40819 0 15962 8793 8793 13634 13633
16130 0 10326 18870 18870 12928 12926
40820 0 20319 36210 36210 13448 13447
11212 0 1856 17 17 1307 1293
14579 1 1856 2 1 5 1
28303 3 9776 1 1 3 1
9776 1 9775 2 1 1 1
561 0 5278 127 127 1711 1702
13724 4 995 4 3 8 8
154 1 153 1 1 4 1
5791 1 11553 3 1 2 1
24115 1 18755 2 1 3 1
28674 0 3041 25697 25697 23245 23238
40821 0 14864 5608 5608 13579 13574
17883 0 18836 1366 1366 7499 7496
40822 0 9367 46 46 13066 13045
40930 0 9367 47 47 13258 13236
7005 0 9367 2 2 29 9
26765 1 9367 1 1 5 1
2151 0 4180 17715 17714 7009 7007
40823 0 11638 2124 2124 13443 13426
18175 1 18573 3 1 3 1
24724 1 3969 4 1 3 1
3969 0 3582 297 297 8311 8285
17345 0 3969 170 170 408 404
34877 1 6582 3 1 7 1
6582 1 16956 4 1 5 1
26100 1 28248 1 1 3 1
33245 0 3980 12 12 81 79
4106 1 4105 3 1 1 1
584 1 28894 22 20 7 7
35143 1 33405 1 1 2 1
17003 0 479 21 21 2321 2311
9877 5 6166 1 1 46 10
30263 1 25760 1 1 2 1
30656 1 25760 1 1 1 1
1999 4 17069 34 27 11 11
18272 1 19427 3 1 3 1
29081 1 13187 1 1 3 1
16522 0 3780 5371 5371 26086 26050
26742 0 15839 47 47 122 119
1918 6 39340 722 715 16 16
11624 1 20815 2 1 3 1
13939 0 7027 2 2 232 226
5788 0 7027 5 5 23 18
40824 0 2657 28185 28185 14000 13993
1294 0 25140 10871 10871 22080 22077
21281 0 428 1852 1852 3699 3673
40911 0 428 1912 1912 13732 13705
39800 1 30816 1 1 2 1
12660 0 1095 16 15 27 16
17450 0 1095 9215 9215 35544 35532
11922 0 14898 77 77 3382 3364
23590 0 12772 8057 8057 12349 12346
3072 1 15159 5 1 4 1
24523 0 8582 5 5 39 32
188 6 29407 7 4 7 3
39603 4 27065 12812 12812 23274 23274
4691 1 14239 2 1 1 1
36188 1 4691 2 1 1 1
36501 0 4902 12 12 13 13
40022 0 6784 2 2 8 3
4121 1 17988 3 1 2 1
34845 5 10076 10 8 83 78
19999 4 35620 11 2 2 2
25642 0 31168 7220 7219 9422 9421
28192 2 3865 3 2 26 8
25039 0 2409 8 8 119 95
34598 0 2409 5 5 113 90
40825 0 22386 29366 29366 13514 13513
15804 0 10824 10 10 22 17
40826 0 30737 16208 16208 14109 14108
11678 4 24132 18950 18950 10479 10479
11178 1 14178 8 1 1 1
19319 1 11039 2 1 6 1
23526 0 9730 482 482 1925 1923
12960 0 23054 14785 14784 28754 28754
18237 1 14439 2 1 6 1
17375 6 39568 5 3 2 2
6955 0 2697 6 6 18 16
16533 0 2697 168 168 413 410
27268 1 11354 2 1 5 1
1968 1 1967 4 1 4 1
20914 0 1967 5 5 18 10
23271 0 7641 8412 8412 18683 18683
19684 3 19683 2 1 1 1
4983 6 33006 9565 9565 2808 2808
17534 9 12584 2 1 1 1
6871 1 18043 4620 4618 2390 2389
5628 7 18994 1941 1908 11 11
2502 1 20104 4 1 2 1
15657 0 4985 10112 10112 12161 12159
34914 1 6434 1 1 4 1
39981 0 306 2 2 19 3
21026 0 306 4 4 21 4
37154 5 9269 1447 1447 24223 24220
9073 1 5502 2 1 3 1
30127 0 1623 3352 3352 17515 17512
16304 0 30127 16760 16760 13551 13551
16980 1 4548 2 1 4 1
469 0 14498 29 29 104 94
9243 6 35214 24922 24918 2818 2818
36148 4 23121 800 799 509 509
3358 1 4743 8 1 3 1
9720 0 4743 79 79 848 838
40888 0 4743 38457 38457 14344 14333
2064 1 2154 1 1 2 1
22278 1 35919 1 1 1 1
36060 0 14935 5669 5669 7637 7628
27146 5 11426 2 2 28 18
3169 0 3813 129 129 7588 7570
3823 1 3813 1 1 6 1
20664 4 26988 1789 1787 206 206
6374 1 11133 3 1 3 1
33074 2 7 8 8 1651 1614
18961 2 7 1 1 37 2
17395 0 7902 36 36 2017 2014
22908 1 5606 4 1 3 1
10254 1 10253 2 1 2 1
40906 0 10253 40641 40641 13711 13697
14113 1 5076 1 1 5 1
36403 1 10838 1 1 2 1
14974 0 14973 1 1 9 1
14973 3 19845 4 2 1 1
40831 0 4593 4929 4929 12527 12527
31084 1 27014 1 1 3 1
12467 4 39860 6 1 1 1
40832 0 6630 7840 7840 13474 13470
26778 4 2803 3926 3926 5044 5044
3765 1 28497 2 1 1 1
20691 1 4936 1 1 4 1
7886 0 12463 273 273 2450 2444
14999 4 31316 3401 3401 5758 5758
22172 0 11068 8 8 227 214
454 3 16514 3 1 3 1
3025 1 16514 2 1 1 1
29578 0 15788 1798 1798 4177 4176
23802 0 21987 386 386 5900 5897
21987 0 20963 37304 37304 35514 35513
11759 2 10987 32 32 24 23
38689 0 12894 28268 28268 26638 26628
40834 0 14087 10381 10381 11645 11645
14853 1 5935 1 1 3 1
4044 4 31152 11 11 35 35
29372 0 24630 347 347 5456 5451
24630 0 22399 2886 2886 11134 11133
19479 5 4701 4 4 41 18
8240 5 4701 2 2 25 4
33163 5 4554 3 2 12 5
29553 1 26733 1 1 1 1
29553 0 8837 21583 21583 31375 31373
6792 1 14058 2 1 3 1
21282 0 15062 5574 5574 4881 4881
23036 4 36472 394 388 36 36
5783 4 23036 433 424 10 10
40835 0 40836 5885 5885 9967 9967
18778 6 32930 7546 7545 1220 1220
18778 0 5314 614 614 5549 5522
24621 2 17930 4 1 11 2
27989 2 17930 3 1 18 8
26041 0 4289 2866 2866 4429 4429
16899 4 24507 778 778 1743 1743
14917 3 17826 4 1 2 1
30990 9 28312 1 1 1 1
8980 1 3552 2 1 2 1
33079 0 3582 3533 3533 11637 11610
16497 1 26305 4 1 1 1
26368 1 8799 1 1 2 1
4480 1 32602 5 1 1 1
35059 0 27412 272 272 1466 1463
2645 4 29221 59 51 4 4
23462 0 5675 20 20 20 11
40853 0 23462 7867 7867 13182 13177
25133 5 5012 4 3 8 2
14927 4 5288 9 5 14 14
11058 2 6577 4 4 172 119
60 2 6577 5 5 89 37
7534 9 18226 2 1 1 1
10204 1 10208 1 1 2 1
5031 1 28475 1 1 2 1
15312 0 12860 15853 15853 29130 29130
21401 1 1933 1 1 8 1
12469 1 1992 6 1 2 1
18451 5 1238 3 2 10 3
37552 0 2655 38 38 165 161
2655 0 9806 22841 22841 36622 36616
40284 0 6614 1585 1585 20928 20903
3130 1 27019 5 1 2 1
23982 0 37653 31909 31909 29461 29459
20447 1 9918 3 1 2 1
15028 1 16314 4 1 6 1
15028 1 5116 2 1 6 1
40628 0 33021 13108 13107 11702 11702
3648 1 3647 2 1 4 1
19317 0 1107 191 191 2332 2322
830 1 21753 5 1 1 1
8270 1 9886 10 1 4 1
14780 1 6419 5 1 2 1
40837 0 15224 301 301 14162 14150
7188 0 11737 76 76 1483 1473
10277 1 32396 1 1 2 1
10277 1 2951 2 1 6 1
15054 1 2951 6 1 4 1
25047 0 19223 5500 5500 21869 21869
23871 0 918 17 17 186 179
40840 0 918 678 678 13334 13326
8168 0 13192 24812 24812 21552 21552
10293 1 12214 1 1 2 1
23642 0 26543 16307 16307 24251 24251
26543 1 12312 3 1 4 1
4913 4 20284 34 3 2 2
3331 5 16655 19815 19815 38788 38786
3331 1 35484 4 1 1 1
16739 1 16646 1 1 4 1
6726 1 5782 3 1 1 1
6726 3 6725 5 3 1 1
11335 1 6726 1 1 4 1
5491 1 1201 2 1 6 1
6549 1 14425 4 1 3 1
5544 1 3327 2 1 7 1
3403 1 6328 1 1 2 1
7229 4 37460 20843 20826 275 275
20544 1 28902 3 1 2 1
3291 1 20544 5 1 2 1
530 1 21170 5 1 1 1
9371 1 9370 2 1 3 1
26061 0 9371 20311 20311 17295 17292
9371 0 5623 5875 5875 34042 34040
21518 1 29527 1 1 3 1
35181 0 21518 840 840 12450 12447
36581 0 16397 78 77 1059 1059
3972 7 37089 6910 6831 3 3
8883 0 5790 3877 3877 6801 6801
38389 0 7334 5 5 23 21
27814 0 9178 46 46 262 260
10855 1 19155 1 1 2 1
10855 1 31116 27494 27493 21001 21000
1431 4 27265 23 7 6 6
27563 1 35599 1 1 1 1
1193 4 39361 18 7 1 1
39975 0 7068 34 34 382 374
3855 0 3909 17 17 18 11
28703 0 3909 22618 22618 17469 17461
11573 1 13583 2 1 4 1
40841 0 16266 511 511 14597 14575
2434 0 16266 4 3 25 4
40842 0 67 19787 19787 13108 13099
1154 0 18959 12906 12906 17409 17407
32397 0 13044 1104 1104 15768 15759
17819 1 653 2 1 2 1
37840 0 313 247 247 1284 1276
40843 0 3679 39434 39434 12629 12618
40843 4 5346 37825 37825 12861 12861
13988 0 168 463 463 3289 3284
38754 2 10661 2 1 6 3
29501 0 6358 10486 10486 14930 14928
29860 0 18587 10548 10548 11543 11543
33438 1 36858 1 1 2 1
36858 1 35629 1 1 1 1
12381 0 1474 294 294 29205 29191
2863 0 6499 2777 2777 10027 10026
7328 0 5714 1618 1618 19555 19554
14412 0 20621 547 547 4865 4864
35316 5 38173 8 6 4 3
20490 1 7847 2 1 2 1
21077 4 10657 295 294 96 96
10380 0 1964 977 977 15284 15282
17802 1 3847 2 1 2 1
29031 4 40721 14276 14275 1995 1995
29630 5 22311 1 1 9 5
14888 4 21122 40 31 3 3
14888 0 2518 1 1 70 3
819 1 7732 6 1 4 1
7100 4 29718 2327 2325 247 247
8077 1 7192 1 1 3 1
16136 1 39043 3 1 1 1
13225 1 15253 2 1 3 1
40844 0 6467 11145 11145 13402 13395
6069 0 37345 22512 22512 22429 22428
4895 0 8093 21303 21303 27120 27092
21558 1 13645 1 1 2 1
10544 6 38325 15 3 3 3
23888 0 1730 3 3 106 5
33667 0 1730 2 2 101 2
22133 0 1730 1 1 99 2
19623 0 1730 2 2 102 2
28603 4 38563 13106 13105 9101 9101
16620 1 2522 2 1 6 1
24900 3 5965 1 1 2 1
3989 4 18951 15 8 6 6
22965 1 167 3 1 3 1
35645 0 7367 13773 13773 9840 9840
36255 0 10055 1 1 9 3
1574 1 8899 6 1 3 1
21174 5 2295 11 11 5912 5811
34328 5 2295 25 25 12167 12065
28418 5 2295 27 27 26037 25934
34439 5 2295 1 1 125 25
40845 0 32455 12011 12011 13281 13280
35000 0 9668 3 3 22 6
32116 0 21176 23096 23096 22828 22826
23390 0 40586 12124 12124 4457 4457
40848 0 23390 1714 1714 13621 13618
19903 4 29357 1975 1975 893 893
35177 0 14481 4936 4936 10158 10158
12330 0 11599 67 67 1758 1752
3579 1 19372 2 1 3 1
9842 0 3579 110 110 3774 3762
22422 1 9505 2 1 5 1
15330 1 28910 2 1 1 1
22889 0 11852 2368 2368 9148 9139
29771 9 3592 1 1 1 1
25748 1 34204 1 1 1 1
1772 6 37182 544 540 24 24
15158 0 40846 10759 10759 25277 25277
40847 0 8407 19792 19792 13094 13094
35466 0 11507 7 7 17 14
12327 0 411 617 617 19322 19299
21952 4 9376 6 6 26 26
4177 6 5022 43 28 14 14
5040 0 220 102 102 4134 4125
20777 0 30968 1668 1668 4377 4376
17995 1 415 3 1 9 1
6540 0 6677 162 162 11950 11948
30360 1 7239 1 1 5 1
1226 4 33413 15646 15622 331 331
36259 5 860 7 7 12442 12369
30840 5 860 3 3 3747 3676
39831 1 4370 1 1 6 1
17244 1 15986 1 1 4 1
9116 4 34497 4 2 1 1
4771 4 11796 55 3 1 1
18918 0 15687 43 43 77 74
18918 6 31983 10839 10830 328 328
29544 0 6411 1089 1089 4992 4985
13258 1 515 1 1 8 1
7665 4 11919 19 15 5 5
8356 1 22637 8 1 4 1
17180 1 8356 1 1 7 1
39574 0 13157 36498 36498 36175 36172
20711 1 1090 1 1 5 1
32427 0 24062 351 351 1280 1279
40849 0 13412 9435 9435 13112 13107
4316 0 1500 5 5 31 5
29122 0 1500 2 2 71 44
29916 0 33246 40040 40040 36989 36989
33246 0 425 18 17 3063 3044
3714 1 3991 1 1 1 1
6702 1 4469 3 1 5 1
20629 0 10089 154 154 223 223
18423 1 20629 4 1 2 1
4855 1 19562 6 1 3 1
11423 1 4213 5 1 5 1
10241 0 10481 20711 20711 37420 37418
27097 0 10241 2 2 80 70
5125 6 35244 14 14 4 4
10842 1 11135 2 1 2 1
3451 1 3450 1 1 5 1
3450 1 6752 6 1 3 1
26219 0 15966 64 64 1156 1153
20729 0 30962 14304 14304 23058 23057
31196 0 30962 22706 22706 18054 18054
36881 0 119 3 3 136 98
119 0 2748 107 106 8347 8337
2323 1 23181 2 1 1 1
14339 9 16095 2 1 1 1
32957 0 5195 65 65 1793 1787
32623 1 5195 2 1 4 1
32917 0 9489 22879 22879 27710 27706
40688 0 3489 30058 30058 13662 13601
13220 2 6815 11 10 67 63
5097 1 27076 4 1 1 1
17030 1 2573 2 1 6 1
2573 1 9486 5 1 2 1
37807 1 30144 1 1 1 1
2521 1 38597 4 1 1 1
6946 1 8731 2 1 4 1
9873 9 35523 1 1 1 1
1071 6 14854 1019 1013 60 60
3398 4 14735 32 15 1 1
5855 1 7329 5 1 3 1
3929 1 27247 12 1 1 1
16292 1 29803 3 1 1 1
6578 0 5973 23311 23311 20127 20124
40850 0 1543 534 534 13686 13629
37429 1 32885 1 1 1 1
5932 1 5931 6 1 1 1
14336 1 2808 1 1 3 1
23816 0 13145 16 16 14 14
16675 0 11522 29330 29330 10645 10645
40851 0 14187 32035 32035 14320 14316
10755 4 22444 4 3 4 4
11129 1 13730 7 1 3 1
25343 1 13730 4 1 6 1
8639 0 3289 1435 1435 8610 8587
3289 6 36920 12174 12157 1187 1187
8776 1 1347 2 1 4 1
1347 1 4276 3 1 3 1
39300 0 1590 14 14 1457 1434
37068 1 22654 1 1 1 1
1801 1 21363 2 1 1 1
31983 0 35119 190 190 299 298
31983 6 2119 12741 12739 3380 3380
19488 0 3006 34275 34275 28561 28551
19488 1 38649 15619 15619 13789 13789
40852 0 6747 13012 13012 13114 13112
28133 0 18038 25 25 63 60
8634 9 19910 2 1 2 1
11304 0 19910 14 14 12 11
20413 0 1973 6 6 114 59
26353 1 4814 5 4 5 1
22355 0 11595 39886 39886 37027 37021
1588 1 19716 2 1 2 1
11612 1 21343 2 1 2 1
5569 1 10107 4 1 6 1
5923 1 5569 3 1 5 1
24840 0 14776 320 320 111 111
24031 4 32273 33363 33363 33805 33805
12006 1 23328 2 1 1 1
15403 4 40478 78 78 31 31
16346 0 16005 5744 5744 22883 22881
7668 1 35530 4 1 1 1
9434 4 40717 13651 13648 3169 3169
22914 1 3088 2 1 3 1
2945 9 2944 1 1 1 1
24743 1 24742 1 1 2 1
31284 1 19047 1 1 2 1
1664 1 16927 4 1 2 1
40307 0 4362 18600 18600 6751 6744
29218 1 4362 2 1 1 1
4362 0 8787 49 49 151 144
17040 8 37417 410 409 54 54
39206 0 12650 1 1 24 4
29976 5 5742 2 2 117 95
15635 5 5742 5 5 162 139
903 5 5742 2 2 24 4
17663 4 9378 72 69 14 14
20364 1 26993 2 1 1 1
27150 0 3232 18272 18272 12033 12026
40854 0 14981 2954 2954 14297 14293
40855 0 25028 15585 15585 13098 13098
40678 5 5841 74 74 14511 14498
26893 3 11921 6327 6325 89 89
38438 0 24102 4194 4194 13404 13400
22467 0 22049 4 4 13 10
15542 0 22049 35671 35671 20947 20942
40856 0 8153 20104 20104 14539 14520
36147 0 8153 4085 4085 12424 12406
10925 1 8153 2 1 3 1
34372 4 36708 6 6 4 4
7489 6 35302 127 122 20 19
9267 0 1292 154 154 6582 6577
5975 0 8327 1850 1850 8569 8560
112 6 23406 46 2 1 1
6559 1 18773 2 1 2 1
13687 1 7279 1 1 3 1
37981 0 904 6 6 66 54
15563 1 17861 4 1 4 1
24736 1 14901 2 1 1 1
7506 1 27215 9 1 1 1
28486 1 28485 1 1 1 1
22848 1 33665 2 1 2 1
15952 0 3163 1 1 48 8
9298 0 3163 1 1 41 2
28717 0 3163 1 1 40 2
17876 3 17875 1 1 1 1
22196 1 22195 1 1 1 1
13637 1 27685 4 1 1 1
10125 4 13911 25638 25636 17114 17114
4146 0 37135 5386 5386 1526 1524
31487 4 8818 644 644 120 120
36976 0 4550 19 19 3879 3781
24513 0 4550 2 2 104 10
27936 0 4550 3 3 300 203
12322 0 4550 2 2 107 11
40857 0 2021 12673 12673 14501 14448
27575 0 6658 16789 16789 2777 2765
19537 9 28961 1 1 1 1
1070 0 17546 312 312 9858 9854
9755 1 9754 1 1 4 1
769 1 9754 1 1 3 1
40381 0 34906 8 8 34 34
15427 0 134 817 817 11931 11917
134 1 2633 4 1 1 1
1511 0 15914 17162 17162 28276 28273
5005 1 28613 7 1 2 1
18503 1 5005 2 1 8 1
40140 0 27752 2 1 12 9
16225 4 4698 39 36 5 5
40858 0 15284 3832 3832 13935 13929
628 1 627 2 1 2 1
16800 4 32120 1278 1278 897 897
25305 0 2099 1 1 31 4
13821 1 13530 2 1 2 1
16002 1 36632 4 1 2 1
40859 0 37052 40333 40333 13833 13832
6188 4 24112 63 45 2 2
6188 4 24347 19 3 1 1
15067 0 18496 2469 2469 17558 17558
29361 1 18956 1 1 2 1
10119 1 25492 6 1 3 1
28682 1 6956 1 1 1 1
22077 5 6956 1 1 23 4
720 9 26603 2 1 2 1
18029 0 8812 40031 40031 36475 36474
36166 1 16798 1 1 1 1
30646 4 33263 783 783 1173 1173
10063 0 8348 40650 40650 19502 19495
28320 1 27155 2 1 2 1
27155 1 29136 1 1 2 1
737 0 704 16649 16649 11048 11047
16207 1 16206 1 1 1 1
37148 0 23650 23656 23656 9056 9056
33954 1 14292 1 1 2 1
29886 1 28685 2 1 3 1
9855 6 33387 39 15 5 1
3785 0 28084 4796 4796 2469 2469
20088 5 3785 35 35 12556 12540
32514 5 3785 442 442 34783 34765
6922 1 6921 1 1 7 1
6921 1 7885 6 1 5 1
7656 1 11492 2 1 2 1
16454 1 15118 6 1 4 1
27917 0 8192 3 3 9 6
27917 1 5927 5 4 9 4
5927 1 27917 9 4 5 4
4197 0 8050 9 9 10 7
4197 1 37513 5 1 1 1
25431 1 5635 1 1 5 1
15018 1 18772 3 1 1 1
9762 6 8948 9885 9881 3339 3339
30927 6 25532 14891 14891 11031 11031
19315 1 39214 2 1 1 1
39214 0 32965 11 11 20 20
18563 0 4302 52 52 64 62
21993 1 19504 5 1 1 1
9794 0 26796 11 10 8 8
40860 0 1945 3837 3837 13924 13902
13748 1 11108 3 1 2 1
4384 1 24793 2 1 2 1
10633 4 19550 8079 8079 13703 13703
27322 1 37139 1 1 1 1
40383 0 38168 5 5 3 3
7362 4 32362 16 3 3 3
22231 1 8513 1 1 2 1
40692 0 8924 31217 31217 13961 13952
1685 1 12089 4 1 1 1
450 4 4488 172 155 1 1
39094 5 3918 871 871 8542 8525
40914 5 3918 4682 4682 13487 13469
2315 0 3918 8 8 164 156
40869 0 3918 37704 37704 13661 13652
39375 4 35988 4 4 6 6
33362 0 724 831 831 5865 5848
4388 4 38068 24 13 3 3
24592 0 13837 5508 5508 18554 18550
4109 6 1349 12 8 11 10
20971 4 929 34660 34660 13915 13914
23939 0 929 124 124 1310 1299
2108 1 23830 4 1 2 1
137 1 39790 1 1 1 1
14471 4 26704 232 228 165 165
38379 0 2037 37736 37736 28894 28891
3297 1 2037 3 1 1 1
19597 1 29925 3 1 1 1
9472 3 9553 1519 1519 23907 23905
24002 1 31718 1 1 1 1
13378 4 37002 29 21 3 3
18672 8 18729 3 3 8 5
23066 0 10976 14059 14059 23315 23315
37193 0 36623 9803 9803 10635 10635
35461 0 15432 38894 38894 35473 35471
6086 1 37968 20 20 63 63
39988 0 6132 10240 10240 20320 20314
27635 0 6879 7185 7185 8683 8683
12792 1 18251 1 1 2 1
25299 0 17090 4255 4255 6478 6476
22804 0 9256 8 8 42 39
22046 1 449 1 1 2 1
26701 5 39164 24008 24008 30670 30670
33010 4 37752 5275 5274 584 584
17564 4 28570 6277 6277 3126 3126
14394 1 27202 1 1 2 1
40861 0 35307 31041 31041 12964 12964
36533 1 31832 1 1 2 1
1421 1 13698 3 1 1 1
1421 1 1420 4 1 1 1
15918 1 8898 2 1 1 1
39681 2 3869 8 8 642 610
13147 2 3869 2 2 61 31
29520 1 38175 1 1 1 1
7705 4 29204 1340 1333 109 109
31945 1 533 1 1 2 1
20267 1 11332 2 1 2 1
40862 0 6138 23610 23610 14085 14071
12405 1 2536 1 1 6 1
22145 0 267 9860 9860 23673 23650
12466 4 38408 254 232 4 4
12466 4 38825 154 133 5 5
16552 1 10073 2 1 1 1
31672 0 16442 747 747 7696 7696
34829 0 34921 3 3 9 7
6539 1 27537 6 1 1 1
24829 0 20017 232 232 6378 6373
28048 0 20017 1145 1145 17571 17565
40863 0 22831 3243 3243 13493 13489
9658 0 22831 35194 35193 38455 38450
17365 6 1148 17881 17881 20720 20720
11735 1 13906 2 1 1 1
10734 0 10886 24 24 173 159
1494 0 15383 114 114 546 545
31725 6 3983 15 15 1506 1505
3023 1 19162 1 1 3 1
28499 0 2833 21026 21026 27549 27533
4250 3 26422 4 3 5 3
14121 1 5862 3 1 6 1
1002 0 15449 17366 17366 32745 32740
14237 9 14236 1 1 1 1
40286 1 14159 1 1 2 1
1432 4 24308 45 29 1 1
29759 0 21793 8 8 29 28
40 0 9353 316 316 3941 3933
36532 1 36531 1 1 1 1
4832 1 7867 5 1 1 1
27716 6 14968 2273 2273 844 844
304 0 25231 17036 17036 12361 12360
8542 1 19421 4 1 1 1
30629 1 15712 1 1 2 1
20027 2 9746 1 1 17 6
26019 0 4682 2 2 7 3
15092 4 32205 23893 23888 18686 18686
13106 4 30126 199 188 5 5
7451 0 9653 24778 24778 21767 21767
14198 1 7551 1 1 9 1
19206 1 11656 4 1 5 1
938 1 29478 3 1 1 1
19923 0 13346 2 2 24 16
40895 0 13346 83 83 12400 12390
8767 0 2776 33 33 430 406
17206 0 4193 2440 2440 3397 3395
9026 1 21448 1 1 5 1
10884 1 23870 3 2 8 6
10884 0 12402 1699 1699 2937 2936
33656 0 17442 26867 26867 18954 18950
29844 1 36062 2 1 1 1
39433 6 40246 17 16 5 5
13370 4 32777 4714 4713 1441 1441
40865 0 34557 4022 4022 13851 13850
12307 1 5388 1 1 4 1
8628 3 1186 614 613 858 858
4299 0 1562 14325 14325 36762 36755
18208 6 35649 8492 8492 22533 22533
12758 0 980 23541 23541 27066 27065
26577 4 38800 26 26 49 49
40866 0 8678 5039 5039 14580 14577
32294 0 1897 43 43 6568 6496
6937 1 1897 4 1 8 1
9481 9 158 1 1 4 1
13100 9 9481 2 1 2 1
15588 1 15587 5 1 1 1
13773 0 27141 2 2 7 4
25916 0 16303 5 5 12 3
36297 0 16303 2 2 13 3
20354 1 18989 1 1 1 1
973 1 13336 3 1 7 1
5185 0 13336 2088 2088 27275 27271
9012 5 7786 2 2 27 8
33237 1 410 1 1 1 1
14633 6 31433 18885 18884 24708 24708
14633 6 8142 2021 2021 2534 2534
40867 0 339 23770 23770 14138 14135
3453 1 18417 7 1 1 1
8951 1 28285 2 1 2 1
1460 1 8951 1 1 3 1
8222 1 6150 5 1 2 1
8054 3 25795 3 1 1 1
6845 1 2779 2 1 1 1
19202 0 12252 9 9 219 213
20124 1 18592 1 1 4 1
20124 0 14100 11 11 104 100
30846 0 2941 2 2 9 8
39027 0 9415 4911 4911 6249 6237
23350 1 17390 1 1 2 1
8558 1 7530 1 1 3 1
40868 0 5700 20082 20082 12555 12555
32469 0 324 229 229 4283 4264
8545 0 324 31 31 4609 4589
25032 1 25031 2 1 1 1
38057 9 30720 1 1 1 1
2030 0 1832 3 3 192 182
1637 0 5616 21 21 26 17
9928 0 5616 4 4 25 17
1702 4 29665 274 270 19 19
36951 4 24229 58 56 12 12
6008 1 1041 1 1 2 1
14647 0 13213 8 7 2 2
699 1 22618 1 1 1 1
35907 4 37894 6 6 7 7
13383 1 2789 5 1 2 1
2713 6 7645 49 8 2 1
11577 1 7731 2 1 3 1
40870 0 1335 62 62 13546 13545
24483 1 12798 2 1 3 1
17309 0 30810 175 173 157 155
10156 1 963 4 1 3 1
2452 1 3976 3 1 5 1
2452 1 7086 5 1 8 1
40905 0 3387 17587 17587 13673 13659
7217 1 3387 2 1 1 1
8525 4 37769 307 305 22 22
35828 0 1364 2 2 33 3
26559 6 35828 132 132 80 80
16493 1 19237 2 1 8 1
2933 1 7202 4 1 5 1
6048 9 22594 2 1 1 1
29003 1 35415 4 1 1 1
20788 1 10332 4 1 2 1
5707 1 5706 2 1 3 1
29609 1 29608 1 1 1 1
22190 1 35891 3 1 2 1
22190 1 11262 4 1 4 1
9192 1 19649 6 1 1 1
26202 0 7136 12 12 74 73
36138 0 7877 4 1 5 2
23317 0 6977 40836 40836 40475 40439
40920 0 6977 56 56 14122 14087
36948 1 27706 5946 5946 7555 7554
34777 1 14753 1 1 2 1
1620 4 23845 25 10 1 1
12071 1 18026 5 1 1 1
8848 5 14818 1 1 21 7
11500 6 11034 19 12 9 7
16013 1 5367 4 1 3 1
10574 6 36868 18 14 7 6
18072 0 1880 21789 21789 26614 26599
7031 1 26802 4 1 2 1
32487 1 10667 3 1 3 1
28680 1 10686 1 1 2 1
9031 4 20091 156 136 4 4
37696 0 13023 20891 20891 23530 23522
5434 1 5433 4 1 2 1
24552 2 8531 639 638 897 894
35789 5 3276 12 12 8144 8113
31511 5 3276 32 32 20023 19991
39401 0 24275 7 6 27 15
27408 0 4448 2 1 22 14
13163 1 17198 3 1 2 1
8664 1 2489 2 1 5 1
2489 1 15398 6 1 1 1
25485 2 3943 1 1 34 2
38545 2 3943 1 1 32 2
36055 6 19589 646 646 2757 2757
19768 0 5156 12346 12346 18757 18725
26405 0 5156 3 3 53 22
17022 6 35666 7034 7031 515 515
17022 6 3619 747 745 90 90
4621 1 88 1 1 3 1
40873 0 28355 26214 26214 14020 14018
2460 9 9748 1 1 1 1
36214 0 573 18 18 802 763
40874 0 22716 21325 21325 12968 12968
25322 4 40518 4030 4030 7060 7060
2760 0 11134 193 193 11421 11415
4446 9 1807 4 1 1 1
11636 0 4446 5864 5864 7386 7385
36303 1 2876 1 1 1 1
37244 1 21630 1 1 3 1
38942 1 2626 15 15 107 104
31471 0 2626 23 23 165 164
3018 0 27173 6968 6968 1217 1217
26985 0 7600 8 8 84 79
37635 0 7600 17 17 407 401
8617 6 7587 9051 9040 99 99
24972 0 1142 36202 36202 30924 30922
680 7 38698 2723 2663 3 3
680 7 40901 13689 13627 4 4
6028 0 29623 39027 39027 32599 32599
29623 0 33835 34869 34869 34016 34013
36506 4 25083 123 123 84 84
7152 1 4236 2 1 3 1
22504 0 7152 103 103 1258 1253
40876 0 1295 10170 10170 13784 13778
21646 1 1295 2 1 5 1
22690 0 9531 1 1 7 3
34554 0 9531 13 13 81 76
701 1 25692 1 1 4 1
14347 1 5567 4 1 3 1
22500 1 15849 2 1 2 1
24584 6 29929 1827 1827 8291 8291
18192 4 1499 1 1 1 1
17820 1 654 4 1 6 1
23192 1 654 1 1 5 1
34164 0 21362 9760 9760 8387 8382
23961 0 6776 1 1 11 3
14951 5 6776 3545 3545 40533 40528
2111 1 35677 3 1 1 1
32320 1 16031 28745 28745 38302 38302
31261 4 13766 7112 7112 4225 4225
38116 9 9 1 1 2 1
40068 0 28942 21308 21308 9082 9082
21724 1 8592 5 1 2 1
4229 1 37036 15100 15096 9945 9945
29447 0 15913 233 233 703 698
16697 4 31051 82 77 5 5
5443 6 33646 35 17 2 1
13087 1 36310 2 1 1 1
22927 4 27025 26 26 76 76
24129 1 15215 2 1 2 1
24953 0 13135 31738 31738 33313 33304
22068 0 29955 16938 16938 8688 8688
6111 0 23960 47 47 21 19
6111 1 11198 5 1 1 1
2003 0 4127 19169 19169 28909 28905
40878 0 34399 1728 1728 13891 13887
26349 1 19291 2 1 2 1
15641 1 5982 5 1 2 1
21253 0 5982 7196 7196 25581 25581
3948 3 25669 18172 18168 1375 1375
40879 0 39495 2336 2336 13166 13166
10738 0 8594 21625 21625 23167 23160
40612 0 8594 5135 5135 14044 14038
12395 0 4161 2 2 48 21
40942 0 4161 2251 2251 14361 14331
26530 0 25605 67 67 243 242
25576 0 19971 5631 5631 23309 23303
3574 6 39280 16 12 5 5
35051 1 36988 1 1 1 1
19269 6 3870 21675 21674 2892 2892
26457 1 21879 1 1 2 1
16049 4 31756 4 2 2 2
26279 5 6146 2 2 26 15
31974 5 6146 10 10 3092 3080
22137 5 3531 10 10 16863 16841
15837 1 15836 1 1 1 1
3895 0 3721 3 3 182 147
23820 6 25420 19 14 3 2
23820 6 11103 14 10 3 2
28203 4 29473 596 592 23 23
2999 1 36067 4 1 1 1
11766 5 10754 3 3 1878 1859
40880 0 10330 27167 27167 13693 13688
29695 1 25945 1 1 1 1
15242 6 5534 8 6 6 4
16017 3 30757 14274 14272 5803 5802
9486 3 6190 8394 8389 172 172
10504 6 36780 4184 4177 150 150
31226 0 17728 176 176 2815 2806
8734 1 1538 2 1 1 1
29667 0 249 184 184 9322 9276
7681 0 249 19 19 740 696
1196 5 12328 5 5 896 879
29190 5 2139 710 710 31145 31118
9335 5 2139 1 1 29 5
13338 1 18054 3 1 1 1
19110 4 40436 64 64 42 42
1935 0 7945 12 12 212 190
1104 0 7945 4 3 31 10
32001 2 3539 15747 15747 15701 15700
7118 0 3978 11 11 43 22
27765 0 206 78 78 9662 9632
16624 9 15794 1 1 1 1
1966 4 24890 22933 22931 17321 17321
31338 0 8266 14 14 116 112
40221 5 73 1 1 70 15
3410 4 40221 256 255 427 427
29650 5 73 40 40 2742 2685
4984 0 73 11 11 64 54
7890 1 8556 5 1 3 1
32343 0 7890 39101 39101 36906 36889
4686 0 9935 2481 2481 27767 27751
1690 1 5111 13 1 2 1
23282 0 1690 5 4 37 27
10335 1 2363 1 1 8 1
19856 1 15917 2 1 2 1
15168 1 35514 1 1 1 1
40881 0 9334 29159 29159 13872 13867
28253 1 28252 1 1 2 1
11736 1 678 3 1 3 1
12371 1 20336 5 1 2 1
26039 1 31200 23761 23761 31374 31374
39168 1 23614 1 1 1 1
20692 1 21524 2 1 1 1
24359 1 36592 1 1 2 1
6740 1 6335 3 1 2 1
38194 0 6335 3254 3254 18520 18520
5315 0 18408 32855 32855 25635 25635
11605 4 40002 175 175 179 179
12921 1 24570 11 1 3 1
21374 1 12921 2 1 10 1
5134 2 4633 1 1 11 1
35877 0 85 3 3 908 671
23185 0 85 11 11 3020 2779
40756 0 85 7 7 13196 12949
26136 1 26135 1 1 1 1
37633 0 20754 2273 2273 11441 11440
40883 0 1222 207 207 14087 14073
40904 0 1222 205 205 14073 14060
19190 1 22874 2 1 4 1
14563 2 35454 23509 23507 112 112
12530 1 5329 1 1 2 1
37793 0 425 20321 20321 35462 35442
7112 1 21005 1 1 5 1
13785 6 30026 10884 10883 35556 35556
30892 1 27200 1 1 1 1
22309 1 11345 2 1 8 1
652 1 11489 5 1 2 1
21523 0 5914 34 34 2756 2752
19459 1 8641 1 1 5 1
103 0 9917 329 329 694 693
34367 1 30925 1 1 2 1
39210 0 36049 38795 38795 35291 35290
27244 6 22681 63 62 21 21
12608 4 21734 36 33 6 6
31281 1 6359 1 1 6 1
40153 0 6359 34985 34985 28509 28501
28257 1 28256 2 1 2 1
3741 6 11977 5 3 4 1
8455 0 14334 538 538 358 357
11170 1 606 6 1 2 1
9097 4 33963 97 96 54 54
15436 1 15435 2 1 1 1
9201 1 9200 3 1 2 1
6058 0 5378 11 11 375 361
5378 1 9054 4 1 6 1
24455 0 7235 33906 33906 22687 22682
40886 0 36491 4229 4229 13678 13677
27948 0 29072 13716 13716 27778 27774
2574 1 10949 5 1 5 1
15184 1 36822 1 1 2 1
17033 1 208 1 1 2 1
5633 0 4663 17288 17288 29533 29517
23779 0 17423 3912 3912 19848 19844
31140 0 1615 86 86 999 994
25999 1 31140 1 1 2 1
29071 0 25203 22532 22532 23572 23569
4929 4 37085 616 610 9 9
11962 4 5667 6 2 2 2
14732 6 18907 7272 7271 2533 2533
4582 0 23340 521 521 1413 1409
2940 0 23340 132 132 519 516
6093 10 24981 2 1 1 1
14001 0 36202 431 431 2445 2445
37407 0 19919 865 865 4465 4462
28934 0 6210 5 4 18 15
13298 1 26814 3 1 2 1
12356 1 20726 2 1 2 1
11679 7 15652 2041 2035 30 29
18992 0 780 1073 1073 9177 9169
12696 0 1750 1287 1287 8782 8780
22477 1 2282 5 1 1 1
17701 4 36065 2 2 2 2
20641 0 36866 19126 19126 29953 29952
31601 0 1352 1412 1412 8766 8760
36144 0 28533 323 323 1279 1279
22400 2 2183 1 1 40 9
39117 2 5348 7 6 17 15
12905 1 5832 3 1 2 1
16355 1 22399 759 754 67 67
8334 2 35737 514 514 1593 1592
13347 0 26570 8 8 236 234
40889 0 34949 25201 25201 12667 12667
12551 0 7485 487 487 6569 6568
3154 1 27514 3 1 1 1
35950 0 20760 463 463 2783 2778
20760 0 25127 20449 20449 22579 22578
23933 1 23098 2 1 4 1
12685 6 19180 775 769 14 14
12358 2 4168 41 41 1411 1401
7700 2 4168 1 1 59 50
35674 0 16517 28045 28045 31102 31101
6813 1 5175 3 1 1 1
7375 1 7374 3 1 2 1
40890 2 23906 18379 18379 12978 12978
21948 4 38918 19249 19249 31064 31064
17500 9 17499 1 1 1 1
6759 1 21078 4 1 2 1
11196 0 24534 40046 40046 38472 38469
16734 7 13678 30453 30450 634 634
865 1 17946 9 1 1 1
1821 6 39122 2351 2337 21 21
11630 1 31896 4 1 1 1
7284 1 17756 3 1 1 1
26770 5 6829 2 2 12 6
37565 1 22789 2 1 2 1
11926 1 11925 5 1 2 1
27446 1 22702 3 1 2 1
13999 0 37238 334 334 1384 1383
2050 6 30438 7005 7005 2274 2274
21493 0 24309 28455 28455 19694 19694
40891 0 13449 7424 7424 12985 12984
15390 1 38904 385 384 33 33
33146 1 2101 2 1 12 4
17987 3 17986 3 1 2 1
29746 3 17987 1 1 2 1
2692 0 10487 19 19 25 22
32902 1 29338 1 1 1 1
14511 6 11512 13881 13874 1958 1958
6117 1 683 1 1 7 1
25817 0 40019 5667 5667 6591 6591
39730 4 31900 3002 3002 9228 9228
14912 3 19439 4 1 1 1
34332 4 1842 501 497 24 24
29957 5 8285 10 10 505 501
8398 4 40398 7100 7100 5523 5523
13141 4 36356 136 124 6 6
24146 1 36079 1 1 1 1
12197 1 24146 4 1 2 1
8973 0 15567 698 698 3158 3157
2840 1 18631 2 1 1 1
4993 1 4648 1 1 10 1
15543 4 26788 16057 16057 7873 7873
9926 1 1976 2 1 3 1
40893 0 10088 3700 3700 14138 14133
18632 0 15264 157 156 12263 12260
25930 4 9684 8 3 5 5
39714 5 5407 3 3 63 39
31612 1 9688 1 1 2 1
1782 1 1781 2 1 4 1
34009 6 39128 6395 6392 195 194
25597 0 4132 25 25 1330 1320
16378 0 2054 4 4 253 236
12541 0 2054 4 4 52 36
2054 1 17904 38852 38852 39075 39074
18557 9 18725 1 1 1 1
40453 1 28165 1 1 3 1
7231 0 16733 30056 30056 31596 31596
17867 1 14085 2 1 2 1
36201 4 39259 5360 5359 1059 1059
17202 0 12720 10 10 212 203
28053 0 4049 10667 10667 30448 30432
25593 0 4049 2592 2592 17547 17532
4049 1 28361 1 1 3 1
22873 1 37187 8 1 1 1
37187 0 3391 40821 40821 37770 37766
30984 1 6485 3 1 3 1
12052 1 6794 2 1 4 1
6371 6 13857 3265 3260 489 488
1675 3 3261 6 2 3 2
32329 0 39076 15813 15813 10268 10268
1788 0 22163 5 5 9 5
8791 1 15310 2 1 6 1
13863 1 15310 9 1 8 1
3838 1 15310 3 1 5 1
36716 0 15310 19646 19646 9319 9319
23303 1 6584 2 1 7 1
9014 0 13840 4291 4291 10565 10561
9501 1 16279 2 1 2 1
9412 1 35482 5 1 1 1
26517 1 352 4 2 13 4
30651 1 30650 2 1 1 1
13606 0 5759 6 6 246 231
24242 4 40495 3810 3810 2740 2740
3024 1 8489 2 1 7 1
4914 4 5471 69 64 20 20
16649 0 11808 8333 8333 14798 14792
16580 1 16649 2 1 3 1
8882 1 30608 3 1 1 1
24380 6 4034 156 156 96 94
20967 1 38940 14953 14950 14112 14112
38940 1 20967 13979 13979 14746 14743
12345 4 32572 33543 33542 22623 22623
17336 1 6811 1 1 3 1
4393 0 21188 274 274 2420 2418
16082 0 19592 24782 24782 31459 31459
13599 4 38034 981 981 190 190
2399 3 852 3 1 1 1
26551 1 17969 3 1 3 1
19862 1 25685 5 1 1 1
33100 0 23835 5 5 57 51
38732 1 16818 1 1 3 1
30257 4 39983 157 157 154 154
2097 1 9439 5 1 5 1
8891 1 8890 1 1 4 1
10946 1 16189 10 7 3 2
23311 5 666 2 2 44 16
7605 1 16736 2 1 2 1
40896 0 23801 2905 2905 13148 13146
3152 1 34834 3 1 1 1
8027 0 17129 25751 25751 31135 31134
18036 1 23414 2 1 2 1
10896 1 5187 1 1 1 1
29378 0 14065 19 19 23 21
11268 1 18820 16179 16178 29106 29103
10603 3 7644 2 1 2 1
28163 6 33290 840 840 332 332
26372 1 2839 3 1 3 1
13731 1 3340 3 1 5 1
30635 1 27499 2 1 2 1
19561 2 12788 8 6 17 15
6316 1 14884 8 6 5 4
14884 1 6316 5 4 8 6
40071 0 542 1162 1162 10473 10459
24433 1 24432 2 1 1 1
8518 8 19686 103 98 5 5
36028 1 13581 1 1 3 1
23015 1 39472 2 1 1 1
29941 0 8121 8 8 37 32
11007 0 39628 26758 26758 37092 37091
38483 1 35975 1 1 1 1
27069 0 17594 9 9 6 5
31414 0 21528 101 101 1569 1566
10966 0 6448 10 10 64 60
7275 0 36151 855 855 949 948
10347 0 12311 178 178 8604 8593
40897 0 15992 30233 30233 14130 14125
29348 1 9181 1 1 6 1
181 4 20452 172 167 9 9
30056 0 13450 780 779 4378 4372
13510 0 34706 13037 13037 15760 15758
9041 1 8986 5 1 5 1
33052 1 6521 2 1 5 1
26934 4 36843 965 965 188 188
2778 1 2777 4 1 1 1
28399 9 24687 1 1 1 1
28399 0 7125 19 19 41 39
163 1 9522 5 1 2 1
38964 6 15538 12 10 7 5
36295 6 20656 379 379 1252 1252
7947 1 3044 4 1 5 1
24577 0 6103 704 704 4583 4580
39447 2 955 10 9 231 219
27080 0 35724 2173 2173 2354 2354
18317 0 16471 155 155 3351 3348
40899 0 1371 51 51 14364 14341
35847 0 1371 2 2 737 715
32447 6 14556 7 5 21 20
5046 5 5363 53 53 1273 1258
31855 0 1378 34 34 11388 11326
19994 0 1378 2 2 80 20
25740 0 1378 6 6 183 122
40676 0 1378 29 29 13736 13673
20832 0 2453 759 759 31687 31633
38637 0 35536 11892 11892 7920 7920
29542 6 38922 34 34 35 35
17578 1 8885 2 1 3 1
40900 0 3668 22474 22474 14707 14699
38879 4 40465 594 594 52 52
23645 1 3271 2 1 2 1
10717 1 23392 2 1 3 1
7129 6 37636 37 18 2 2
7129 6 39342 189 169 20 17
22752 1 11603 4 1 3 1
13171 0 2104 3 3 30 14
3840 4 25993 12 11 7 7
6976 1 6542 1 1 1 1
6504 0 17314 15 15 69 62
1218 1 18913 4 1 1 1
23637 1 22005 1 1 1 1
12259 4 40042 8452 8452 20936 20936
29053 0 31232 27805 27805 26635 26631
14841 1 11642 3 1 3 1
12434 1 11406 2 1 4 1
4571 1 19807 2 1 1 1
12516 1 16943 1 1 3 1
9471 1 28564 5 1 1 1
40902 0 30686 1048 1048 13871 13870
215 1 13069 6 1 2 1
28342 4 21955 1130 1130 404 404
4050 1 5908 1 1 1 1
10960 0 16571 393 393 3010 3009
3343 1 1512 4 1 2 1
15421 1 7039 6 1 2 1
40903 0 23890 4945 4945 13834 13833
18173 1 23932 3 1 3 1
26645 1 11702 1 1 2 1
15117 1 11702 1 1 1 1
7241 1 9423 3 1 1 1
15866 1 20662 2 1 4 1
308 1 23762 4 1 1 1
1602 1 20590 4 1 2 1
7541 1 7540 2 1 2 1
4015 0 32323 1869 1869 5039 5039
36003 2 3957 2 1 8 4
11479 0 4865 101 101 1589 1583
1202 0 14475 13496 13496 25422 25419
14612 1 19739 3 1 3 1
7024 0 6752 2 2 29 15
32853 0 5203 8651 8651 12302 12300
37253 0 40396 36476 36476 29198 29197
34648 0 16831 46 46 129 128
1613 1 3914 3 1 4 1
10826 0 26562 12437 12437 27795 27790
23101 1 12527 2 1 2 1
27830 0 8061 18103 18102 6850 6848
20864 1 6464 1 1 3 1
5262 6 29332 6769 6766 1203 1203
35821 0 16863 29667 29667 17654 17648
13407 1 4967 2 1 3 1
9713 1 18011 2 1 1 1
31393 4 27927 17224 17224 23021 23021
12347 1 13214 4 1 1 1
22063 1 36525 1 1 1 1
37425 0 4766 13334 13334 16486 16486
27152 4 38832 4420 4419 2570 2570
31830 5 24055 10042 10042 6814 6814
15799 6 17609 13 2 1 1
38974 0 621 5 5 60 59
17241 0 17150 4 4 8 7
2858 4 33960 34 2 2 2
26230 0 10765 5 5 38 31
19752 1 19897 5 1 3 1
38731 0 10922 14 14 488 485
30909 6 31031 2169 2169 249 249
40907 0 25161 476 476 13560 13558
36978 0 692 2 2 309 285
29708 0 692 2 2 53 30
20476 1 6724 5362 5361 4545 4543
40908 0 7921 26323 26323 13507 13507
2443 9 5163 2 1 1 1
12141 1 2443 1 1 4 1
7159 4 32394 467 464 64 64
9995 0 1520 2 2 12 2
3657 1 11758 152 152 1872 1868
687 6 27283 13082 13061 628 628
8662 0 716 3 3 86 48
7974 1 3145 4 1 3 1
24517 1 9302 1 1 3 1
7449 0 7095 17340 17339 14290 14290
31989 4 40175 42 42 20 20
40909 0 3338 71 71 13469 13461
19172 0 15730 1558 1557 306 305
15433 6 23550 39083 39080 32731 32731
15869 1 9418 3 1 2 1
27694 3 13419 1 1 2 1
21543 0 14367 14732 14732 18377 18372
5015 4 5256 38669 38662 19264 19264
16016 1 10865 2 1 1 1
2379 0 14652 37671 37671 30169 30169
40910 0 10662 33725 33725 13661 13654
13388 1 17572 2 1 2 1
38526 0 17405 20542 20542 17906 17898
9889 0 38560 669 669 6385 6384
11600 0 13047 5 5 13 5
40912 0 9931 7070 7070 12840 12840
36575 0 34172 36881 36881 33945 33942
19960 6 20910 19864 19863 6831 6831
10868 1 6529 3 1 4 1
25398 1 30292 1 1 3 1
13664 1 23487 3 1 1 1
40913 2 1214 42 42 13150 13131
13094 2 1214 3 1 21 3
16437 0 26208 38120 38120 38125 38123
22757 1 22756 2 1 1 1
40260 0 26108 2 2 6 4
32735 0 5654 23 23 35 32
3447 1 9780 6 1 2 1
14404 1 3447 2 1 5 1
7985 1 4209 1 1 4 1
40915 0 10407 25768 25768 14132 14132
6851 1 6468 2 1 5 1
15604 3 4192 5778 5778 2353 2353
9074 0 2243 39 39 28 27
16945 1 27937 1 1 1 1
37937 2 17319 2 1 5 2
17444 1 7040 1 1 2 1
24542 0 21434 1523 1523 8086 8085
19654 0 38248 4383 4383 8114 8114
40916 0 25194 7107 7107 13506 13505
3512 1 1507 4 1 1 1
35515 4 5683 11525 11525 14306 14306
26598 1 13630 1 1 1 1
3815 1 39428 3 1 1 1
4037 0 16708 2 2 7 3
29698 0 8868 12464 12463 8735 8734
15051 1 14230 1 1 5 1
1006 3 17460 2 1 4 1
20944 1 2415 3 1 4 1
9847 3 11802 3940 3933 94 94
19964 4 40677 13625 13622 518 518
23100 1 23574 2 1 2 1
21645 1 16026 3 1 3 1
3046 0 140 14688 14688 18030 18023
1732 6 23260 14 1 1 1
29279 4 22476 2 2 3 3
21641 0 8412 9302 9302 16356 16355
40283 0 13935 3 3 924 921
20075 1 5623 3 1 1 1
32173 0 25942 7 7 12 9
17114 1 9438 1 1 2 1
33419 4 28271 6 4 3 3
40917 0 5681 38381 38381 14239 14238
15907 1 15906 2 1 3 1
15906 1 26088 4 1 2 1
14098 4 39569 688 686 38 38
4725 1 3135 2 1 2 1
24645 1 21259 2 1 2 1
22111 1 25386 1 1 1 1
11499 1 5619 2 1 4 1
3068 1 3431 5 1 2 1
7765 1 7764 2 1 2 1
11813 1 30361 9 1 1 1
13330 1 4080 2 1 2 1
40919 0 27595 35704 35704 13435 13435
26579 0 27595 600 599 14538 14537
20569 1 7364 2 1 7 1
27835 1 30774 1 1 1 1
2212 6 39573 6488 6488 4020 4020
29644 1 22647 1 1 2 1
28102 1 13943 1 1 2 1
39806 0 4094 33382 33382 18970 18970
11333 0 1873 1978 1978 25303 25294
7708 1 7707 2 1 2 1
20826 6 37122 89 88 14 14
35116 1 2058 1 1 5 1
4697 1 3858 2 1 3 1
11455 4 7090 39 35 16 16
40921 0 10175 33442 33442 14015 14009
38431 1 28014 1 1 1 1
12033 1 19844 2 1 2 1
5245 0 33893 34476 34476 40674 40674
34222 0 38513 223 223 1245 1244
8695 1 8694 1 1 2 1
3104 1 3103 1 1 2 1
15438 1 11384 1 1 3 1
31721 1 24228 2 1 1 1
2370 4 3245 30 9 1 1
8754 1 6098 4 1 2 1
8754 1 4244 3 1 3 1
18988 0 27345 338 338 1451 1450
40923 0 13663 38094 38094 14956 14935
11049 0 722 1980 1980 5619 5611
38784 0 6570 526 526 1678 1663
16141 4 16183 5 3 2 2
496 1 32512 3 1 1 1
37743 1 14493 1 1 3 1
5090 1 38941 2 1 1 1
34217 1 30032 2 1 2 1
16865 1 8774 1 1 2 1
26008 1 24248 717 715 40 40
37763 1 3707 1 1 1 1
22457 6 34682 66 66 48 48
33138 1 11811 1 1 1 1
25767 4 33687 21 21 31 31
13958 4 28025 12 4 4 4
656 1 37010 3 1 1 1
10583 1 2117 5 1 8 1
20736 1 17537 15413 15413 17331 17330
10184 0 28333 34 34 430 426
38142 0 26564 27857 27857 27005 27005
3096 4 25112 121 113 8 8
15613 0 15381 6474 6474 11992 11988
22584 1 12684 1 1 3 1
10350 1 13671 3 1 1 1
7514 1 25165 3 1 2 1
25852 1 20593 1 1 2 1
14893 0 27550 2782 2782 3539 3539
22787 1 22786 1 1 2 1
5300 0 27067 1313 1312 322 322
622 0 8078 61 61 433 422
24444 8 33475 2395 2395 17017 17017
35002 0 19318 321 321 1642 1640
5466 0 115 27364 27364 29230 29213
19843 0 2682 3 3 5 4
22395 0 5140 1142 1142 6009 6005
20504 0 11647 3203 3203 4944 4935
11184 4 27448 2275 2266 782 782
33563 0 18375 35786 35786 25462 25462
19846 1 18645 15089 15087 11700 11699
23722 0 20561 19727 19727 12986 12986
36869 1 18872 1 1 6 1
1358 1 1357 3 1 1 1
13443 1 1717 3 1 3 1
9968 1 13305 2 1 5 1
6222 1 29825 2 1 2 1
19156 0 89 1519 1519 5167 5150
28882 9 3696 1 1 1 1
40924 0 22072 1373 1373 13506 13502
30066 1 7387 1 1 2 1
15533 0 7387 211 211 9293 9287
6506 6 39335 803 796 13 13
29368 0 40057 22971 22971 11668 11668
27225 6 33459 96 89 12 12
34773 0 34386 9300 9300 14457 14455
40449 0 1803 36253 36253 20552 20544
21774 6 9252 9819 9819 21428 21428
18483 1 17730 2 1 3 1
18247 1 33545 1 1 1 1
38623 0 5839 7122 7122 10395 10390
4359 1 29197 3 1 5 1
29197 1 13612 4 1 4 1
27198 1 6242 1 1 6 1
27447 1 4053 2 1 1 1
13806 1 28087 1 1 2 1
40925 0 19888 5095 5095 11738 11738
9983 4 21913 243 241 11 11
20348 0 11447 1912 1912 2359 2359
38036 0 1666 334 334 8430 8419
32679 0 34089 16452 16452 17611 17611
35965 4 17251 68 68 66 66
18481 6 27900 988 988 96 96
37628 1 32564 1 1 2 1
4466 1 21189 2 1 3 1
640 1 7220 2 1 2 1
24070 0 18975 3851 3851 24900 24898
2758 1 22165 1 1 2 1
4556 1 9927 3 1 5 1
40353 0 10745 24322 24322 24359 24354
19632 1 35311 1 1 1 1
39784 1 31199 1 1 1 1
4594 0 5891 776 776 2047 2043
4491 0 19288 14980 14980 18073 18071
30729 4 33668 2952 2952 803 803
34985 0 3925 353 353 8457 8453
28487 1 7168 1 1 5 1
26416 1 36198 3 1 1 1
34811 0 1272 7105 7105 26575 26557
3263 1 2390 3 1 5 1
11689 0 15537 1665 1665 18784 18781
28752 0 4416 9 9 6 5
27422 0 8663 3037 3037 5349 5347
5643 1 3754 2 1 2 1
11366 1 26527 5 1 3 1
24792 1 893 1 1 2 1
6657 1 21399 2 1 1 1
18566 1 6657 1 1 1 1
39413 0 5325 2427 2427 5312 5286
11969 1 26616 4 4 5 4
36488 1 6245 1 1 5 1
11151 1 17991 2 1 3 1
3136 1 16161 2 1 2 1
30980 0 3884 6627 6626 28909 28904
30250 1 32816 3 1 1 1
4638 1 29948 1 1 1 1
27855 0 9636 2192 2192 10945 10945
22777 1 35880 3 1 1 1
3901 1 1387 2 1 1 1
22243 0 13777 41 41 58 49
5542 1 30223 5 1 2 1
38033 0 20954 19280 19280 13726 13726
29753 0 15565 48 48 167 159
29266 4 13537 1608 1608 3472 3472
1937 6 25054 6147 6144 865 865
21124 0 14843 390 390 2836 2833
40927 0 290 25411 25411 14150 14104
31744 4 8674 31 30 20 20
40127 0 2558 425 424 3078 3063
2529 4 12558 47 40 7 7
7694 1 33571 4 1 1 1
22610 0 27194 29 28 86 81
30249 0 6066 15564 15564 16864 16863
658 0 13432 9566 9566 13329 13323
40928 0 9369 392 392 13343 13342
38434 0 9010 34380 34380 29745 29744
30241 6 28445 6 3 4 4
35998 1 12005 1 1 4 1
37809 2 18294 11680 11679 2424 2422
11424 1 34792 8 1 1 1
35840 0 11072 680 680 4490 4485
28978 1 22902 1 1 1 1
11576 6 38596 65 63 7 7
1930 4 36216 584 577 23 23
7939 1 10211 4 1 2 1
28794 4 27413 2 2 3 3
5741 0 1817 36919 36919 21881 21881
5741 6 31343 12 9 3 3
19214 6 3845 598 594 51 50
23468 1 1116 3 1 3 1
19251 1 13436 2 1 5 1
30832 0 17008 26391 26390 22113 22113
10086 1 10085 1 1 4 1
20123 1 21785 2 1 4 1
29801 1 16682 1 1 4 1
2714 6 17927 53 9 11 7
3544 6 29062 59 48 5 4
16737 0 2582 21 21 233 229
37791 0 27732 3 3 9 4
17526 4 11245 62 60 14 14
1533 0 604 248 248 2967 2956
39727 1 9142 1 1 6 1
13018 3 4849 3 1 2 1
32445 0 36854 14 14 99 97
30065 6 21979 29 29 3342 3339
1742 6 21979 1001 1001 18604 18600
23039 1 22926 3 1 1 1
32339 1 27741 2 1 3 1
17262 4 33581 4264 4263 7242 7242
26419 1 3896 1 1 2 1
2404 6 17683 36 34 2 2
33189 0 14812 25 25 493 489
26452 9 7754 831 831 4969 4968
19015 1 28438 4 1 4 1
12913 1 9397 1 1 3 1
40931 0 27727 6544 6544 13914 13913
1419 1 22014 3 1 2 1
22075 4 35020 140 139 12 12
14470 4 37913 105 104 36 36
28719 0 7960 13553 13553 6690 6690
8597 1 843 1 1 5 1
14278 0 7240 6738 6738 10053 10036
2970 0 8651 11048 11048 8875 8874
17407 6 4098 5378 5377 312 312
15599 5 6014 62 62 3139 3136
23298 0 37796 14 14 20 18
23743 4 1839 882 878 45 45
9242 1 9241 1 1 3 1
40932 0 8840 7246 7246 13586 13578
20097 1 39891 4 1 1 1
28366 1 34247 2 1 1 1
23644 0 37462 1778 1778 6692 6692
9572 9 9571 1 1 1 1
30724 1 28310 1 1 2 1
18933 4 6687 76 73 22 22
17759 0 2861 109 109 1253 1245
40933 0 15371 3123 3123 13918 13914
38707 1 6267 1 1 2 1
4208 1 4207 2 1 2 1
15219 1 38553 2 1 1 1
23158 4 15716 2135 2135 1754 1754
21950 1 27256 3 1 2 1
34499 0 3934 2392 2392 3551 3548
35578 1 3227 1 1 3 1
7908 1 6243 21 14 7 6
1914 6 14604 1191 1167 5 5
38010 0 30717 8869 8869 17877 17876
40934 0 22330 31591 31591 12999 12999
36509 0 1481 29404 29404 26177 26176
17630 1 5576 2 1 2 1
16260 4 1174 973 967 72 72
8162 2 27707 2375 2375 18164 18164
28523 9 16965 1 1 1 1
40935 0 16658 30365 30365 12622 12619
25614 0 86 50 50 967 964
18620 3 6300 2 1 2 1
10303 0 1380 7 7 41 26
37033 0 20187 8524 8524 14554 14553
26386 0 18443 9011 9011 6174 6173
38926 0 5480 3951 3951 4081 4080
29831 0 12577 3 2 28 21
15782 0 21097 23163 23163 21351 21348
22438 1 8094 1 1 3 1
40936 2 3999 5 5 13254 13215
1838 0 11464 6676 6676 13601 13599
14405 6 31106 3845 3842 2136 2136
38576 6 23883 2955 2955 2058 2058
17088 4 35425 20996 20996 8825 8825
849 10 13402 1 1 1 1
31905 1 5241 2 1 3 1
5409 0 9991 115 115 361 359
7245 0 31986 68 68 1109 1108
34983 1 16742 1 1 3 1
10762 1 12714 3 1 1 1
10953 0 273 15 15 66 52
26769 0 1194 4 4 42 40
12790 6 38666 26 25 2 1
20833 0 14547 29353 29353 13115 13115
31477 0 20633 399 399 2540 2538
25922 1 17748 3 1 2 1
35874 0 3549 4 4 58 43
24436 1 2798 1 1 2 1
25966 1 11230 1 1 2 1
16275 1 18980 3 1 4 1
7862 4 17841 4 1 4 4
12959 0 12265 1435 1435 6207 6207
40938 0 25310 1819 1819 13061 13059
35627 0 3269 57 57 752 749
18098 1 22245 7 1 1 1
35614 0 5846 1 1 38 9
29207 1 24456 2 1 3 1
1048 1 24443 2 1 2 1
22767 5 6095 3 3 24 21
12231 0 16476 3 3 14 8
19496 1 30112 1 1 4 1
40940 0 7382 1985 1985 14498 14495
8838 1 20614 4 1 2 1
30101 1 30632 2 1 3 1
9830 1 34527 2 1 2 1
40941 0 13946 11101 11101 13782 13780
28643 0 11339 5887 5887 17365 17361
13847 1 14386 2 1 3 1
27260 1 35256 2 1 2 1
35120 4 33416 33 31 15 15
6728 1 6727 10 1 3 1
