1678 7 40551 11288 11114 2 2
1678 7 18056 119 8 1 1
1678 7 30089 897 750 1 1
1678 7 36781 14160 13971 2 2
1678 7 18000 231 100 1 1
1678 7 9202 148 26 1 1
1678 7 26036 30146 29905 4 4
1678 7 35669 15959 15758 2 2
1678 7 40887 13538 13351 2 2
1678 7 38204 12710 12526 2 2
17935 9 35175 15827 15827 1860 1860
785 8 10116 1101 872 1 1
785 8 37575 15856 15503 1 1
785 8 21817 27431 26997 3 3
785 8 18729 250 32 2 1
785 8 12268 1602 1369 1 1
785 8 29200 4706 4459 4 4
785 8 23537 23876 23457 2 2
785 8 6770 22368 21955 2 2
785 8 1493 36842 36378 2 2
785 8 28822 32991 32536 1 1
785 8 15703 6277 6025 2 2
785 8 8245 6663 6410 3 3
785 8 36761 12089 11796 1 1
785 8 155 39215 38746 14 14
785 8 39420 15486 15143 1 1
785 8 38749 14128 13801 1 1
785 7 11761 3289 3283 21 21
16176 4 33688 13887 13885 947 947
18671 0 11241 36542 36542 31581 31566
19621 0 11241 9583 9583 9574 9565
15582 0 4030 38048 38048 40576 40547
25033 0 4030 3 3 29 11
31351 0 4030 1870 1870 27833 27806
19165 0 2969 6493 6493 30504 30497
21012 1 19165 4 2 3 3
16748 6 29001 2532 2531 1885 1883
31740 0 1183 1 1 31 10
26184 1 32091 7 5 4 4
32091 1 26184 3 3 9 7
4194 1 6975 1 1 1 1
6975 1 3569 3763 3762 927 922
15602 0 4367 28101 28101 39453 39425
6546 0 4367 7 7 829 813
24512 1 24859 2 2 1 1
33182 0 5053 22053 22053 13340 13338
5945 6 10270 189 186 134 133
5109 0 22368 3647 3647 34196 34191
20774 0 8060 29437 29437 11097 11097
12274 1 9268 1 1 1 1
12842 1 15886 23202 23198 29584 29583
13394 1 3789 1 1 1 1
13394 0 3459 10828 10828 34613 34604
38200 3 8055 440 439 19006 19004
36698 0 586 24 24 14752 14690
13143 0 586 31019 31019 36573 36498
7684 1 586 5 4 6 2
586 3 772 216 208 10 9
586 3 3510 54 47 2 2
586 1 11276 3 1 1 1
38212 2 121 1 1 16299 15852
34053 2 121 1 1 16728 16268
21130 2 121 1 1 355 91
22680 2 121 2 2 19685 19193
33440 2 121 1 1 16943 16480
37929 2 121 1 1 14222 13804
25514 2 121 2 2 20159 19663
31531 2 121 3 3 21822 21325
15287 2 121 1 1 2749 2424
30007 2 121 3 2 344 82
33594 2 121 1 1 11717 11334
31050 2 121 3 3 25199 24697
10443 2 121 1 1 2232 1913
13776 2 121 4 3 9367 9013
28371 2 121 1 1 3093 2763
25046 2 121 1 1 630 345
29285 2 121 1 1 822 530
29029 2 121 3 3 29946 29441
39017 2 121 1 1 10815 10447
36587 2 121 1 1 14641 14214
29042 2 121 2 2 18947 18459
20341 2 121 1 1 1619 1308
33915 2 121 1 1 17271 16803
14588 2 121 5 4 2381 2059
121 6 39924 13022 13018 19646 19646
40757 0 1311 28121 28121 14420 14407
40804 0 1311 29336 29336 17725 17709
1311 0 896 2611 2611 5008 5006
18270 1 18269 2 2 1 1
13049 0 4990 3 3 26 12
36351 0 4990 355 355 16861 16843
29179 1 10971 20404 20404 25889 25889
23886 0 6769 4821 4821 21057 21056
30612 0 4411 32223 32223 38274 38273
14866 0 3633 30276 30276 33398 33393
35748 0 11399 4681 4681 13517 13514
31413 0 15186 1679 1679 4588 4587
20145 0 11015 22393 22393 36708 36707
40728 5 914 2 2 11923 11721
28450 5 914 2 2 9192 8997
7848 5 914 1 1 139 10
35945 5 914 2 2 17263 17030
25546 5 914 1 1 410 253
38155 5 914 2 2 15022 14806
36490 5 914 2 2 16608 16380
31958 5 914 2 2 10866 10666
16022 5 914 2 2 20995 20749
1595 5 914 4 4 34146 33862
5734 1 377 24165 24163 36917 36916
22785 0 5734 38938 38938 39871 39870
1255 6 24915 35 35 9 9
14244 1 11981 1 1 2 1
19390 0 4369 32256 32256 36200 36177
15364 0 4369 32120 32120 34297 34275
6533 0 4369 35709 35709 28414 28395
20079 0 4369 678 678 3395 3384
3634 1 4369 4 3 1 1
10990 1 4301 33010 33005 20818 20817
16398 1 2783 4 3 28 21
2783 1 1316 6 2 3 1
31737 0 16660 2 1 15 4
40758 0 6286 14220 14220 20026 20015
36771 0 6286 10181 10181 13226 13218
23301 0 6286 1994 1994 24715 24703
6286 1 7865 2884 2884 27485 27484
40759 0 45 14839 14839 14816 14814
45 1 44 13 2 1 1
30663 4 40225 18920 18920 17974 17974
14235 0 20549 112 112 1258 1254
20549 1 8731 1 1 2 1
15727 0 20842 20030 20030 29711 29710
28017 0 10090 3067 3067 27138 27128
40795 0 10090 225 225 16822 16814
32851 1 11382 23788 23788 28584 28583
21858 0 14369 10649 10649 9690 9689
34003 0 20650 18445 18445 15791 15790
5656 1 624 31568 31567 32583 32578
624 1 34337 10856 10852 5458 5458
32035 1 33317 12424 12424 32825 32825
6074 0 11052 20727 20727 9267 9267
6074 1 6073 2 1 1 1
31355 4 35983 11510 11509 2338 2338
10203 0 23680 33527 33527 34500 34500
34114 4 1598 22801 22800 19127 19127
15430 4 617 834 820 14 13
617 6 23164 2360 2349 14 14
40760 0 3796 5134 5134 14074 14069
40898 0 3796 5307 5307 16926 16918
27089 0 25460 23289 23289 27641 27634
38920 0 20791 38920 38920 12238 12238
26740 0 15987 6458 6458 9181 9176
26740 5 4475 9 9 152 142
33592 0 3640 87 87 19129 19065
21749 0 16741 166 166 1219 1219
40287 6 21134 17975 17975 12697 12697
14022 1 6297 2 1 3 3
14504 1 14022 35417 35417 15853 15849
40761 0 448 282 282 18101 18081
23685 1 146 21066 21065 34673 34672
24780 0 39997 17984 17984 8766 8766
40762 0 1763 1482 1482 14211 14208
6572 1 6944 5 1 4 2
6944 0 1701 27484 27484 29343 29336
4031 1 9327 1986 1980 171 168
37067 1 10473 3354 3354 18404 18403
23647 0 1338 2 1 22 7
23277 0 13709 31044 31044 25368 25348
3947 0 12235 27 27 8196 8192
12250 1 12717 8003 8003 5399 5399
271 6 40026 19479 19452 3 3
14931 1 36099 12435 12433 27229 27229
36099 1 14931 36079 36078 12246 12244
36099 1 27949 15953 15953 12723 12722
14576 5 2971 4 4 5281 5239
13484 5 2971 9 9 254 218
7443 1 25067 18 16 169 168
16880 0 18633 24554 24554 28070 28065
16881 1 16880 2 2 1 1
17282 0 228 7 7 3461 3417
33871 0 228 27 27 16837 16780
40763 0 987 5199 5199 13207 13204
20046 0 4696 1921 1921 21496 21491
8415 2 7033 31 30 180 177
15870 1 18392 2 2 3 2
25017 9 18392 28566 28566 9770 9770
3787 1 8742 738 737 1274 1270
23980 0 3787 44 44 616 605
8742 1 19068 6 3 3 1
11482 1 10803 2 1 1 1
2901 0 30222 1633 1633 2414 2414
10757 0 3459 8773 8773 27720 27712
26302 0 3459 289 289 2900 2896
10581 4 27666 19796 19796 36466 36466
11449 2 6220 1139 1138 4013 4007
258 6 35861 13641 13638 440 440
25183 3 11235 21783 21783 30627 30626
15107 1 15106 1 1 2 2
20809 4 32820 9166 9154 320 320
20809 4 32206 3161 3150 15 15
4981 1 17073 4 2 4 3
16542 0 4523 29098 29097 9274 9272
40894 0 16542 5046 5046 18179 18177
10161 1 10160 1 1 2 1
10160 0 15134 7646 7646 20796 20790
26185 1 15249 2 2 1 1
1771 1 1770 1 1 1 1
1771 1 9610 6546 6541 2020 2017
1771 1 36226 18864 18858 22115 22115
24128 0 8842 691 691 6739 6738
26157 1 31405 3179 3178 22908 22907
31405 1 31404 1 1 1 1
6096 1 29574 32673 32670 39027 39027
31306 6 34770 14036 14036 17748 17748
65 9 439 2 2 3 3
9078 1 23938 2 1 1 1
10215 0 5164 776 775 4123 4117
1559 8 14508 129 121 4 3
1559 8 25902 7013 6998 106 106
23501 0 1668 19 19 7975 7935
20112 1 27611 11070 11070 24802 24802
29717 0 30926 3338 3338 3068 3068
40020 0 17095 4492 4492 14880 14879
23138 0 1929 40 40 24631 24421
38723 0 1929 12 12 18684 18488
27757 0 1929 15 15 8700 8545
35086 0 1929 13 13 16846 16664
20750 0 1929 2 2 112 10
38906 0 1929 13 13 18459 18264
18333 0 1929 2 2 104 8
15970 1 3369 1 1 3 2
8306 2 25327 3 2 4 3
25327 5 3250 3868 3868 23251 23240
32633 1 5596 1 1 4 1
30166 0 5644 4280 4280 25335 25320
3771 0 5644 29 29 518 509
36968 0 18425 8021 8021 13616 13613
4765 1 4764 1 1 5 1
17970 0 4765 9727 9727 32830 32825
13604 2 251 1 1 32 28
37309 0 30216 18849 18849 14385 14385
38488 0 19873 23799 23799 15232 15231
21703 2 1136 13 12 22102 22032
37709 2 1136 4 3 13406 13351
29422 2 1136 4 3 321 279
34900 2 1136 4 3 18988 18920
4319 2 1136 5 5 2065 2021
35289 1 33808 10028 10028 9259 9259
7560 1 5488 9 8 6 4
40937 0 5488 33006 33006 18853 18850
13163 0 5488 98 98 840 839
3087 1 18847 2 2 1 1
27819 0 3087 26412 26412 32564 32548
29206 1 25712 365 364 109 109
4485 0 608 7 7 473 267
4485 1 4213 17 14 16 12
2562 0 608 9 9 4322 4096
40838 0 608 2 2 18532 18201
14223 0 608 9 9 7587 7355
9757 0 608 10 10 5154 4925
21406 0 608 29 29 24520 24164
20006 0 608 51 51 29434 29059
1328 0 608 22 22 24437 24082
30256 0 608 11 11 23602 23250
28595 0 608 160 160 39105 38710
40884 0 608 2 2 16255 15951
33590 0 608 1 1 13218 12948
40777 0 608 2 2 15960 15660
39245 0 608 2 2 11944 11686
40785 0 608 2 2 18282 17955
40793 0 608 2 2 18692 18360
40814 0 608 2 2 15183 14896
7793 0 608 30 30 26275 25915
37242 0 608 2 2 17057 16741
40830 0 608 1 1 15971 15670
40764 0 29777 1496 1496 15766 15764
13128 0 959 334 334 26155 26130
35052 0 959 333 333 16476 16456
14092 1 7130 6697 6696 3882 3881
40765 0 18 35938 35938 19914 19914
37609 0 25129 3747 3747 11699 11697
3268 1 10028 7 6 7 5
40766 0 35564 11600 11600 12709 12709
15729 1 12999 7 4 5 3
12999 1 15729 5 3 7 4
35258 4 25396 21558 21558 16268 16268
38187 1 29741 18693 18693 15483 15483
38187 0 2275 164 164 15004 14981
40767 0 15247 1346 1346 15894 15891
27131 1 17012 1 1 1 1
15936 0 23068 4600 4600 22659 22659
7803 1 13968 6 4 7 5
13968 1 7803 7 5 9 7
40572 0 32910 1420 1420 19026 19023
39830 0 32910 1362 1362 13668 13667
14004 0 25065 329 329 660 658
25065 0 4789 31 31 167 166
32733 0 248 732 732 11025 11019
10121 0 248 344 344 3989 3984
30194 0 7722 6298 6298 30566 30554
23606 0 4877 14 14 141 135
32247 0 4877 10 10 85 80
30622 0 2318 3 3 495 421
26982 0 2318 4 4 909 831
9320 0 2318 4 4 783 706
26224 0 2318 121 121 7330 7228
18713 0 2318 343 343 10732 10624
38875 0 2318 19 19 15569 15456
3443 1 12083 36965 36964 40297 40296
13887 0 3443 249 249 1050 1044
18271 0 3443 39 39 2353 2346
4423 0 24850 17 17 4 3
1038 4 13190 115 18 1 1
1038 4 40447 15844 15688 1 1
1038 4 33781 18611 18443 1 1
1038 4 31677 241 111 1 1
1038 4 7455 269 137 3 3
23751 4 8080 5710 5710 1581 1581
8080 4 23312 28471 28468 7419 7419
25625 5 2176 9 9 9823 9764
24036 5 2176 393 393 35369 35266
18415 5 2176 13 13 20130 20047
29637 0 28168 26322 26321 37612 37607
17924 0 7315 37307 37307 29811 29806
13300 0 11301 27300 27300 35338 35326
13300 6 14769 35564 35561 34723 34722
25115 0 11301 372 372 1387 1381
20438 0 11301 456 456 23835 23826
37862 0 11301 898 898 19257 19249
34851 4 31118 1272 1272 9903 9903
40242 0 24346 992 992 19142 19139
26644 1 4985 32289 32289 28696 28695
26644 1 16054 36289 36288 29323 29322
8110 0 12168 3 3 169 150
36165 0 12168 45 45 11973 11948
22455 6 27199 5157 5157 19185 19185
7288 1 36878 17837 17837 40590 40590
19322 5 7288 20 20 1797 1791
40768 0 1784 118 118 14088 14064
15769 0 1784 44 44 3215 3199
40438 0 1784 126 126 17648 17618
40839 0 1784 126 126 18940 18908
27441 0 25270 25863 25863 8922 8921
25270 0 6354 4818 4818 4928 4927
12380 1 20717 1410 1409 716 715
3729 0 20717 391 391 2400 2396
176 1 25906 18299 18298 32116 32113
25906 1 176 30396 30393 25764 25763
40769 0 10981 26336 26336 19006 19005
24894 0 7247 27864 27864 23489 23480
27000 0 7247 1298 1298 21614 21606
17047 0 13439 31419 31419 31905 31905
40770 0 3005 14701 14701 13581 13573
12076 1 3005 2 1 16 11
12740 4 40747 16520 16520 23905 23905
16545 1 14634 36240 36240 30435 30428
4313 1 3457 7 1 4 1
1482 0 13752 7 7 8 8
1482 1 35255 13068 13064 1173 1173
11251 1 13752 36800 36799 35038 35037
28721 1 22741 1 1 1 1
28721 0 15897 3 3 3 2
3761 0 8987 19348 19348 26466 26466
8987 3 23784 530 530 724 724
7280 1 26118 8958 8957 19535 19534
28912 1 26118 7026 7025 10457 10457
38386 0 1904 17487 17487 16108 16107
6607 1 11157 5 2 6 5
637 6 31616 683 668 13 13
637 6 39715 13624 13588 19 19
637 6 14054 2126 2105 5 5
637 6 39536 15984 15942 19 19
637 6 23571 2325 2302 7 7
637 6 40404 13626 13589 19 19
637 6 29851 1637 1620 4 4
5767 4 21704 16 4 2 2
3432 4 7926 8891 8889 1236 1236
3509 0 3407 26 26 22 20
13238 0 3407 655 655 598 595
26647 1 3407 103 102 160 156
24287 1 17938 3 2 1 1
36533 9 24287 577 577 13858 13857
17939 1 17938 2 2 2 1
9673 1 8487 35762 35760 40196 40194
7998 1 9673 40483 40480 40095 40092
8487 1 7998 40921 40918 40611 40608
3814 1 3548 29152 29149 21244 21244
23744 0 296 160 160 28004 27863
21505 0 296 251 251 6453 6349
7397 0 296 2 2 104 28
10506 0 296 4 4 4236 4136
38028 0 296 20 20 15705 15585
12013 0 296 2 2 158 74
15119 0 296 34 34 23215 23080
36945 0 296 19 19 15833 15711
36798 0 51 8 8 17745 17590
38369 0 51 9 9 18045 17888
40705 0 51 8 8 12414 12291
20387 0 51 77 77 21929 21749
40810 0 51 9 9 12710 12583
27837 0 51 1561 1561 30301 30106
5886 0 51 23 23 26086 25898
20051 1 20050 1 1 1 1
20861 1 5558 2 1 2 1
26868 0 6233 777 777 8642 8639
26868 1 5872 3 1 4 2
37434 0 917 23047 23047 12899 12897
25228 0 917 38815 38814 27778 27775
20402 0 16155 422 422 1796 1795
30004 0 2482 5331 5331 33477 33467
18986 0 2482 162 162 28181 28172
39024 0 29467 4350 4350 15035 15035
38724 0 29467 4322 4322 15925 15924
36561 5 129 10 10 13402 13363
1583 0 129 243 243 8315 8310
406 1 1287 38730 38728 32625 32615
23997 1 406 1 1 2 2
18173 1 1287 1 1 7 2
40882 0 1287 34 34 12222 12196
332 0 1287 6 6 1800 1777
18612 4 33576 17923 17907 416 416
18612 4 19325 21 17 5 5
12266 4 18612 7 2 3 3
5940 0 532 22546 22546 39667 39589
1521 0 532 1233 1233 25540 25464
40279 0 532 28 28 19199 19129
30426 0 532 40 40 5139 5088
15231 0 532 4 4 116 66
40771 0 10613 333 333 17909 17901
29184 1 22723 1 1 1 1
29184 1 30903 2 1 1 1
6386 0 26454 28654 28654 22928 22925
3277 1 37105 15412 15412 35305 35304
31630 0 33081 8636 8636 11453 11453
33081 0 3606 5384 5384 25284 25272
1354 1 1353 1 1 4 1
4940 6 40772 12737 12736 22321 22321
4385 0 4940 833 833 9274 9268
29446 0 4940 21953 21953 35211 35200
24366 1 7539 1 1 1 1
9683 6 40773 13328 13327 492 492
40773 0 2732 13542 13542 14978 14976
33864 0 13576 2662 2662 17216 17213
28351 1 685 1 1 2 2
35900 3 685 448 448 16523 16521
8053 1 32295 5548 5543 886 885
35212 0 8053 14104 14104 17809 17807
8643 0 1819 237 236 70 66
7117 1 8643 1 1 3 2
24594 5 1819 1 1 63 45
3210 5 1819 7 7 3281 3256
27467 0 31416 121 121 138 137
464 1 3675 1 1 5 2
3675 1 12232 7 2 2 2
3675 1 19310 6 2 3 2
4006 1 7203 6 3 4 3
1307 1 11050 2 1 1 1
10097 6 15251 29537 29537 35884 35884
21168 1 10097 7754 7754 9886 9884
23083 0 26718 22734 22734 25974 25974
21673 0 26120 4278 4278 21627 21626
26120 0 6426 8 8 98 95
24650 0 27939 1048 1048 3560 3558
38457 1 9568 549 549 18629 18628
27178 0 2497 375 375 32235 32142
31174 0 2497 315 315 22508 22426
19058 0 2497 2 2 50 5
23035 0 2497 2443 2443 34162 34067
5147 0 2497 353 353 20522 20445
5305 1 1 6 3 4 3
29442 1 5305 2 1 1 1
12784 4 1630 13 9 11 11
12784 4 5463 2408 2403 15 15
25315 1 20655 39521 39518 35386 35385
8198 0 20655 7004 7004 11048 11045
20655 1 5129 9047 9047 5038 5034
931 0 2275 7354 7354 27276 27248
11433 0 2275 12 12 109 91
14758 0 9787 582 582 26438 26423
36898 0 1686 2807 2807 16097 16091
40774 0 16369 1089 1089 15631 15626
17226 1 10110 1 1 2 1
27870 2 2023 13 13 24155 24109
18478 2 2023 6 6 4557 4529
11490 2 2023 71 71 33977 33926
20278 2 2023 11 11 6263 6232
16554 1 29212 1 1 1 1
29212 0 34093 16602 16602 22363 22363
36825 0 20796 24852 24852 20457 20452
5335 5 9988 281 281 8965 8963
29725 5 9988 4 4 23 22
1864 4 39744 15270 15201 2 2
1864 4 12986 20654 20575 60 60
1864 4 9221 59 21 1 1
1864 0 1703 29 29 29 6
12378 1 3604 1 1 3 2
9895 1 13428 10886 10883 3102 3102
15667 1 15666 1 1 1 1
2507 3 4435 24962 24961 272 272
6789 9 2507 1 1 2 1
16918 1 2507 2 1 5 1
20071 4 20803 1762 1759 94 94
20849 1 14778 5540 5538 182 182
13053 1 24622 1 1 2 1
40284 1 24622 3579 3579 14942 14939
19366 0 20234 9458 9458 30463 30462
26315 0 19366 5844 5844 5297 5296
35882 2 2524 16 16 12472 12435
33234 2 2524 16 16 13256 13216
40939 2 2524 17 17 18813 18768
8199 0 15331 7452 7452 32813 32811
19502 1 12706 11017 11016 7644 7644
11732 1 7659 2 2 3 1
29649 0 11732 80 80 3456 3451
7659 1 7279 6 1 2 1
12815 4 27688 618 604 10 10
12815 4 20570 355 342 5 5
26871 0 2084 35506 35506 38261 38261
4955 6 15531 1 1 5 2
8178 1 11153 26739 26739 20543 20543
2181 6 20785 5420 5406 79 79
2181 6 11583 21345 21328 131 131
23792 0 30977 30595 30595 32583 32579
4102 4 38587 15398 15388 12 12
40775 0 35896 10264 10264 13223 13223
6696 1 21296 28534 28532 20473 20471
21295 1 6696 1 1 2 1
8023 1 21296 1387 1387 1575 1574
3303 0 10707 56 56 20060 20038
17408 0 4099 5894 5894 4512 4511
23226 0 34449 16558 16558 37178 37177
4136 1 4135 4 1 2 2
39465 0 16668 15506 15506 16031 16028
16257 0 23562 201 201 1318 1317
4227 6 32367 22730 22727 105 105
40607 0 4227 14996 14996 11495 11493
16679 1 16678 1 1 2 1
1122 9 23212 38410 38409 194 194
23212 0 2918 4 4 163 123
7532 1 7531 5 2 2 1
29273 1 14570 1 1 4 1
5949 0 3779 25438 25438 39611 39558
8913 0 3779 6841 6841 39939 39884
23795 2 2580 4 4 117 91
9939 2 2580 1 1 19 2
20115 2 2580 24 24 4150 4117
36622 2 2580 16 16 17214 17173
15250 5 2644 654 654 38573 38559
4951 1 5069 4736 4735 22062 22059
7948 1 8993 4 2 1 1
3755 1 18943 3 1 1 1
18943 1 30961 2302 2301 1118 1118
17857 1 11523 3 2 3 1
6924 4 37669 18185 18171 131 131
6924 4 25551 38127 38112 20234 20234
30696 4 40310 15504 15504 24989 24989
5259 0 9217 10097 10097 39382 39374
28032 0 5259 23844 23844 29648 29642
20159 4 23395 1559 1558 101 101
17347 4 20159 8490 8489 403 403
3882 4 10151 82 82 225 225
8811 0 2340 1360 1360 28168 28165
32387 0 8811 75 75 168 167
35192 0 2340 1289 1289 19546 19544
19066 6 13595 26748 26742 1973 1973
2887 0 2938 461 461 9023 9021
2887 1 7436 3 1 2 1
15497 1 2938 1026 1026 295 294
25015 4 28828 20077 20077 26844 26844
21810 4 25015 1311 1306 21 21
3850 0 160 536 536 22117 22079
15553 0 160 763 763 25782 25742
17933 0 160 50 50 5903 5875
30234 0 2731 2 2 34 16
46 0 14274 11360 11360 28347 28342
14834 1 16497 1 1 1 1
14834 1 8390 5032 5030 5719 5715
14834 1 5110 6017 6014 22558 22550
40922 0 14834 3176 3176 12127 12123
11673 1 5110 2 1 3 1
29358 0 2687 1 1 16 1
8288 0 2687 4209 4209 9935 9904
33791 0 2687 195 195 18512 18477
33543 0 40596 11940 11939 17963 17963
172 4 7119 3569 3569 754 754
35331 5 172 1 1 13168 12905
28580 5 172 2 2 24572 24243
18603 5 172 3 3 13800 13530
36972 5 172 1 1 18063 17755
78 5 172 1 1 4060 3828
33614 5 172 1 1 17473 17172
35822 5 172 1 1 16343 16049
39121 5 172 1 1 14075 13801
22074 5 172 4 4 21023 20703
20314 5 172 2 2 5249 5011
1118 5 172 5 5 35444 35089
21326 1 23555 25736 25733 1419 1417
2173 6 38083 14253 14242 56 55
2173 6 18659 19604 19592 84 84
33947 4 39713 13518 13518 6947 6947
18377 3 4166 147 147 31602 31599
34858 0 18783 5270 5270 17865 17864
3968 1 5813 3 2 6 1
11261 1 5813 1 1 3 1
5813 1 31835 34881 34874 30673 30673
36714 0 38851 12586 12585 13173 13173
30857 0 30511 30082 30082 27078 27078
1365 1 15439 27289 27288 8959 8957
39987 0 81 70 70 18246 18204
36104 0 81 71 71 18316 18273
5785 0 26217 2859 2859 9216 9214
19380 0 26217 2636 2636 20632 20628
6787 1 26217 2 1 2 2
16634 0 9747 13 13 551 539
36078 1 7833 39156 39156 10530 10530
32975 0 9558 27832 27832 8479 8479
32975 1 32002 1 1 1 1
22353 1 15922 3 2 1 1
1604 1 6991 157 155 205 202
2547 1 14925 1 1 2 1
14212 0 14737 2 2 39 31
4130 0 3621 365 365 7520 7517
24323 0 3621 1211 1211 7596 7592
3621 0 9758 3195 3195 39929 39907
10319 4 33522 17070 17057 71 71
27683 1 39142 17680 17680 5544 5544
16503 1 110 55 55 673 669
40776 0 5310 21901 21901 16784 16777
25496 0 5310 31528 31527 26143 26133
1913 6 25274 26804 26800 5527 5527
33711 5 19257 78 78 15976 15970
32197 1 22383 24283 24283 29994 29994
23062 1 12031 1 1 1 1
26578 0 239 13 13 10096 9936
19936 0 239 670 670 24905 24691
40929 0 239 6 6 14484 14308
24226 0 239 49 49 21129 20929
20767 0 239 1256 1256 39513 39252
19429 0 239 34 34 21023 20824
32842 0 239 86 86 29412 29180
34670 0 239 6 6 19751 19554
23758 0 239 16 16 21858 21657
13023 0 239 19 19 23999 23790
16182 0 239 195 195 29522 29287
17401 0 239 40 40 24581 24368
34239 0 239 6 6 15039 14860
2069 1 15760 7 1 1 1
22182 1 3014 31831 31829 33883 33882
31096 1 15639 7 6 7 5
15639 1 29383 30 27 6 5
15639 1 207 82 78 16 13
13398 0 71 22843 22843 39972 39909
2736 4 13398 40939 40890 37914 37914
13398 4 7720 40343 40336 36553 36553
20939 0 2215 865 865 1756 1754
7946 1 1765 1 1 3 2
1947 0 1249 308 308 2694 2668
22728 1 16506 1 1 2 1
34810 9 22728 19172 19172 10819 10819
3254 0 2886 3897 3897 22327 22321
18890 4 37812 20108 20105 1666 1666
18890 4 28071 60 59 11 11
24803 4 28831 3 2 2 2
12939 1 23279 2 2 1 1
13702 1 12070 2 1 1 1
27600 0 7589 89 89 10537 10528
24117 1 1225 1 1 1 1
1110 0 20337 38618 38618 38970 38963
40926 0 20337 3399 3399 12780 12776
354 4 36395 14700 14697 309 309
24159 0 12803 36561 36561 22333 22333
26948 2 3620 157 157 23975 23952
37272 0 7800 1671 1671 12283 12278
23037 4 3762 6 4 4 4
33783 2 1326 5 5 11098 11000
22501 2 1326 1 1 284 215
31495 2 1326 17 17 27155 27019
19086 2 1326 2 2 697 623
38740 2 1326 5 5 12846 12743
38719 2 1326 5 5 17377 17251
36238 0 1326 3267 3267 14949 14941
18160 0 1200 53 53 184 184
23552 1 10327 22807 22805 23351 23349
40037 0 19153 2317 2317 12776 12775
33552 0 40037 5619 5618 15030 15030
7751 0 3712 30310 30310 36219 36210
7196 0 3712 8154 8154 30268 30261
28826 1 3712 1 1 9 3
26351 6 25426 9856 9856 6594 6594
17946 0 26351 19698 19698 28782 28778
10124 0 25426 22343 22343 38419 38415
6974 6 17672 28361 28360 1394 1394
19506 1 15393 1 1 3 2
32325 0 17590 3874 3874 13592 13585
40778 2 26169 26110 26110 13667 13667
36197 4 29170 5070 5070 10897 10897
1264 1 22448 19 16 9 8
40779 2 1646 32 32 18123 18083
40782 2 1646 31 31 12522 12496
40780 0 379 189 189 14077 14065
40828 0 379 183 183 15439 15425
14490 1 12757 2 2 9 6
34243 0 1244 2 2 14832 14601
12545 0 1244 93 93 36386 36096
28964 0 1244 135 135 25862 25591
4871 0 1244 1 1 158 11
17807 0 1244 3 3 189 32
14487 0 1244 3 3 4613 4421
40781 0 4921 16356 16356 14390 14389
9372 1 1508 1 1 2 1
2261 4 19476 32 18 4 4
2261 4 18565 15 5 2 2
5771 4 39949 19091 19083 1106 1106
13951 1 3521 20400 20397 19863 19860
18299 1 274 3 2 9 4
15954 1 34113 17356 17353 18254 18254
17141 0 21055 3588 3588 5475 5474
13878 1 26428 3 1 1 1
35918 0 391 30710 30710 14068 14067
39002 1 39001 10384 10384 12589 12589
4532 1 26446 26488 26488 6997 6997
11891 5 16320 10269 10269 40722 40708
13955 1 11289 17 16 16 13
1592 1 17240 8 3 1 1
15523 0 2604 138 138 1636 1620
36776 0 2604 458 458 16247 16218
40872 0 2604 465 465 19577 19543
6989 0 2604 3666 3666 27606 27569
38136 0 2604 402 402 14762 14738
31426 1 2604 2 1 7 1
12623 1 6107 8238 8238 38557 38554
22297 1 8322 4 2 4 3
21592 1 22297 2 1 2 1
4547 1 21674 16 10 7 4
32040 1 4547 4 4 53 46
7982 1 20572 29643 29643 9896 9894
7983 3 7982 2 1 2 1
31376 2 743 1 1 69 8
32748 2 743 7 7 9388 9299
36118 2 743 6 6 14972 14873
743 6 9450 629 629 1237 1237
39780 0 2807 16871 16871 15089 15087
4722 0 2807 422 422 27996 27992
35415 0 2807 16727 16727 17241 17238
15011 0 1542 28682 28682 38190 38169
10421 1 10420 2 1 1 1
26009 0 265 22 22 20792 20551
9536 0 265 14 14 2538 2378
15205 0 265 2 2 151 22
36270 0 265 5 5 16632 16411
39375 0 265 5 5 16369 16151
12974 0 265 20 20 7153 6976
25076 0 265 5 5 5927 5754
19351 0 265 2 2 232 92
11480 2 1534 4 3 8 5
40783 0 4407 30055 30055 12856 12856
4407 1 39995 11265 11259 13581 13581
8464 1 8424 33633 33629 36390 36388
23763 1 3300 1 1 7 1
24479 1 23586 9 6 2 1
28656 0 21 3693 3693 34979 34911
38617 0 21 123 123 13901 13851
39259 0 21 125 125 19703 19639
6493 0 3567 1047 1047 3475 3474
21912 0 22347 649 649 453 452
24178 1 9908 32994 32990 34409 34409
22121 0 351 2 2 56 4
25316 1 746 3 2 3 2
3063 1 4791 1 1 3 1
11495 0 4791 30523 30523 39884 39870
36889 0 883 3 3 17779 17593
22017 0 883 174 174 35000 34780
39078 0 883 3 3 12912 12755
7495 0 883 17 17 20305 20104
7498 0 883 8 8 21029 20825
36527 0 883 3 3 16581 16405
31583 0 883 2 2 1509 1378
40784 0 14144 1505 1505 15060 15047
3408 6 8243 33760 33684 62 62
3408 6 8940 6921 6860 17 17
3408 8 38801 12573 12522 2 2
3408 8 28506 134 94 3 3
10233 4 38705 18770 18759 23 23
36048 6 18704 2918 2918 15274 15274
1046 7 36048 15787 15701 1 1
1962 1 1961 4 2 3 1
11585 3 21329 5 2 1 1
32391 1 11972 32005 32005 30755 30755
31739 4 18679 28 26 11 11
26785 1 7703 189 189 1901 1898
20520 1 6788 1 1 2 1
11565 1 37185 12848 12841 120 120
11565 1 12441 7 2 1 1
29689 1 11565 2477 2477 4868 4862
19922 0 8858 4414 4414 29363 29351
15795 6 39521 16174 16174 28985 28985
840 8 19493 423 416 14 13
840 8 36647 16431 16419 12 12
840 6 30428 9876 9868 453 453
26662 0 7523 20229 20229 25923 25920
26756 0 9311 2712 2712 7933 7927
12636 1 24788 4 1 1 1
20784 1 387 33183 33182 31437 31437
387 1 20784 32708 32708 34067 34066
12153 3 19756 2 2 1 1
13239 0 284 1045 1045 37935 37710
34758 0 284 11 11 14918 14741
35142 0 284 11 11 19232 19034
33324 0 284 10 10 16575 16391
24884 0 284 3 3 149 17
39131 0 284 8 8 13015 12849
26984 1 38840 17782 17781 35307 35307
9435 1 13227 12 9 20 14
5449 0 9435 21234 21234 33442 33441
31592 1 13227 23037 23037 24630 24622
23798 1 23297 38838 38835 37639 37638
21935 1 23297 39315 39314 27172 27172
4425 0 9880 402 402 3911 3904
17011 3 17169 3 1 2 1
7442 1 23836 3 1 1 1
7442 0 12505 726 726 3298 3291
23836 1 3274 8 7 5 3
17432 1 30826 3 3 1 1
11988 4 31236 996 995 324 324
31236 4 34496 13655 13654 401 401
1444 0 9048 155 155 22490 22474
5768 0 1444 2169 2169 6188 6164
39440 0 1444 353 353 15386 15358
20898 0 9048 11 11 3342 3331
2408 0 9048 3439 3439 37652 37632
33742 0 9048 144 144 11817 11805
38351 0 9048 146 146 14477 14463
6375 1 8324 2 1 1 1
37317 0 6230 23417 23417 15124 15123
10713 4 2207 35306 35301 6703 6703
40786 0 1672 55 55 11613 11589
40892 0 1672 62 62 17853 17820
28472 5 10737 27407 27407 37542 37539
10737 6 27038 35526 35522 1160 1160
21537 0 1027 2 2 123 36
35194 0 1027 21 21 20249 20108
39579 4 25695 29074 29074 16549 16549
12699 0 2137 27178 27178 30739 30728
27906 0 19986 35830 35830 26511 26509
19986 1 16852 42 40 13 12
30297 1 3771 34681 34680 36046 36044
39950 0 2362 3115 3115 18618 18617
16469 0 178 2 1 8 2
34721 0 178 235 235 14206 14197
9225 0 178 367 367 9383 9376
31063 0 2110 7 7 2746 2625
38241 0 2110 11 11 16797 16643
31237 0 2110 6 6 21086 20916
5590 0 2110 3 3 127 22
7272 1 33016 21665 21665 39601 39599
17837 0 7272 30594 30594 26476 26475
36109 1 33016 967 967 18734 18733
33016 1 33015 1 1 1 1
39272 0 12035 949 949 17916 17907
11022 6 27914 119 115 5 5
40787 0 5243 200 200 14547 14542
3741 1 18271 1 1 1 1
40788 2 593 26 26 19610 19583
27944 2 593 115 114 696 679
9102 2 593 44 43 49 33
40548 0 16045 31936 31936 17961 17960
758 1 10360 1 1 4 1
10360 1 10359 7 3 1 1
3223 0 3161 14 14 566 541
5881 1 18355 4388 4387 2753 2753
38969 0 16196 4788 4788 14551 14550
29347 0 1461 1109 1109 5986 5981
1650 1 16394 21461 21453 10553 10553
1650 1 16302 3 1 1 1
40174 1 1650 26695 26695 14962 14955
9952 1 37466 13643 13635 20919 20919
2245 0 2918 6 6 107 68
2245 1 2244 1 1 5 2
14233 0 2918 4 4 364 322
1079 0 2918 21 21 4204 4152
32727 1 24872 34023 34022 25963 25962
39701 0 5987 37812 37812 15230 15230
15176 1 18854 14 11 15 13
18854 0 7016 21093 21093 37784 37782
24327 0 3027 135 135 10640 10604
14366 0 24327 21818 21818 37717 37717
23190 1 13002 1 1 5 1
5729 1 20226 1 1 1 1
20226 0 13887 38723 38723 38161 38156
8274 1 8999 3 1 5 1
18181 1 8274 3 1 2 1
9428 1 8999 1 1 3 1
8511 1 31347 2 2 1 1
21811 0 278 2 2 105 6
33666 0 278 9 9 14599 14455
21874 0 278 7 7 8585 8459
29143 0 278 2 2 124 14
18106 0 278 2 2 101 4
39291 0 278 9 9 13325 13189
37756 0 278 10 10 14834 14688
511 0 15897 3223 3223 2869 2867
15736 0 1677 18 18 3415 3376
829 0 1677 2 2 83 50
27621 0 1677 1192 1192 23355 23303
29445 1 1550 2 1 4 2
18936 4 39578 11318 11317 1827 1827
34932 2 14540 1637 1636 10995 10991
647 1 6311 18 13 5 5
33210 6 17250 6967 6967 13298 13297
9637 5 1981 12 12 866 836
21619 5 1981 37 37 33157 33109
11643 3 3908 1395 1395 803 803
30998 1 7774 1 1 2 1
30998 1 2447 4562 4561 2844 2843
16669 2 916 2 1 82 9
8577 2 916 2 1 106 28
18018 2 916 2 1 220 130
35944 2 916 2 1 14369 14239
9258 2 916 4 3 961 851
34189 2 916 2 1 19155 19013
21737 0 2589 353 353 10495 10482
40303 0 2589 263 263 13759 13745
3167 1 6502 7 2 1 1
17014 2 3167 1278 1277 480 468
7204 1 3167 1 1 4 1
32383 0 427 2 2 69 30
13521 0 427 2 2 39 4
11437 0 427 770 770 20940 20870
16023 0 4958 50 50 350 348
5777 4 4318 1475 1461 16 15
5144 4 4318 38442 38439 10383 10381
4318 6 27523 8705 8702 2259 2259
19086 6 12484 2 1 11 8
12201 4 22304 24344 24339 9119 9119
10786 1 14577 3 1 4 3
20175 0 7143 1325 1325 20431 20426
1205 1 23424 2 1 1 1
35226 0 37189 6850 6848 13545 13545
19169 1 25362 20117 20116 14498 14497
14940 1 12227 2 1 2 1
12227 1 13800 3 1 2 1
2813 0 3170 6520 6520 21515 21515
3170 1 3169 1 1 1 1
35238 1 8601 36368 36368 11632 11630
36661 1 39486 8704 8704 12012 12012
17745 5 774 13 13 24542 24410
17745 2 1137 3 3 3768 3684
37417 5 774 8 8 16338 16220
29963 5 774 15 15 11077 10974
40735 5 774 8 8 18263 18139
23613 4 28865 5 3 3 3
24660 4 23613 26772 26769 7588 7588
6782 5 5167 465 465 35698 35679
34227 5 5167 16 16 15813 15800
5167 6 27267 22571 22571 8917 8917
40789 0 25921 31864 31864 15274 15274
18492 6 36549 19756 19755 1173 1173
864 1 14562 6 4 1 1
32699 0 14562 6871 6871 8900 8894
4521 1 25708 5 2 1 1
10559 1 10558 1 1 1 1
3083 0 26431 2436 2436 11401 11398
5974 0 9758 471 471 22137 22120
4522 0 9758 652 652 2480 2470
12683 0 9758 190 190 10779 10763
19 0 29519 25 25 48 46
38094 4 40790 10237 10237 5955 5955
36200 0 5055 35856 35855 15411 15411
204 1 3048 22125 22121 5891 5891
32488 1 204 35306 35305 8420 8416
40791 0 11084 381 381 14489 14473
33754 1 5275 16518 16518 11950 11949
32 4 32392 114 107 5 5
32 4 24489 383 373 8 8
12319 4 14836 92 88 14 14
27811 2 10916 121 120 118 116
30475 0 10916 26434 26434 36853 36853
15792 0 3763 39750 39750 40351 40346
8019 1 30805 2 1 1 1
2949 1 8019 22830 22827 3588 3584
30805 1 16646 2 1 5 1
35060 0 5892 2647 2647 12819 12815
11125 4 10606 3696 3696 8330 8330
25276 1 3926 1 1 2 1
13830 1 6490 32774 32768 32819 32819
13830 1 7308 6356 6353 23242 23241
6490 1 13830 34814 34814 36303 36297
1366 0 29 8 8 8 5
29 1 11186 2 1 2 1
6226 1 29 2 2 5 3
19987 4 11397 5582 5582 3480 3480
4506 1 9454 3 1 2 1
6037 0 39187 14570 14570 37190 37188
39187 0 11100 176 176 15200 15186
2381 2 12273 2 2 27 4
7324 2 12273 3 3 58 25
6513 0 650 1803 1803 6568 6539
37308 0 650 140 140 17029 16993
40792 0 9525 13433 13433 13297 13293
30839 1 10851 2450 2450 5176 5175
21181 5 232 136 135 8534 8528
11205 5 232 69 69 8011 8006
24984 0 232 21008 21008 11340 11337
38752 0 728 2669 2669 12144 12140
8716 6 31315 1622 1622 5538 5538
24013 1 23715 1 1 4 1
36734 5 985 12 12 12735 12692
7458 5 985 39 39 30605 30547
12641 0 39 13 13 2334 2193
7396 0 39 10 10 1630 1499
21862 0 39 14 14 3248 3100
21561 0 39 6 6 223 124
13466 0 39 3 3 118 32
17532 0 39 8 8 7589 7424
18621 0 39 2 2 260 160
1398 0 19101 19214 19214 27198 27196
13758 1 29291 4 3 4 3
4555 0 1115 2062 2062 30643 30634
39750 6 18050 28422 28422 10405 10404
11789 1 24319 18107 18107 21061 21060
24319 1 11789 21103 21102 9959 9959
7072 1 9237 5 1 2 1
13503 1 7072 2 1 4 1
25660 5 4520 760 760 20450 20447
38151 0 7155 1914 1914 15201 15195
4453 6 7580 10981 10976 592 592
7580 0 34614 9504 9504 20452 20452
26183 0 11186 6335 6335 20858 20857
35764 0 14617 14551 14551 15746 15745
4608 0 3699 151 151 485 479
40827 0 3699 729 729 15878 15865
8852 0 7403 21488 21488 38102 38098
8176 1 8852 24257 24255 35241 35240
193 6 27058 27493 27440 17 17
193 6 11869 2151 2107 9 9
193 6 18878 53 19 3 3
19842 4 22836 9497 9493 1029 1029
21930 1 21045 23498 23498 35597 35595
21930 0 12252 1853 1853 26546 26540
5745 1 14074 1 1 2 1
26613 1 9037 34836 34836 20201 20199
9037 0 3099 40406 40406 40257 40256
7396 4 28775 3089 3078 6 6
24578 3 23111 3 2 2 2
21061 1 25626 1 1 1 1
24011 0 12474 2176 2176 5228 5227
13829 1 16710 2 1 1 1
4185 1 13829 32824 32823 38534 38532
13829 3 25284 2 1 2 1
12211 0 6042 76 76 2843 2836
13978 1 2276 2 2 3 1
39294 4 26572 25906 25906 16510 16510
33294 0 3229 17417 17417 16457 16450
8108 0 3229 3218 3218 7864 7859
3229 1 22044 169 166 293 292
6633 7 40129 16356 16348 9 9
6633 7 12050 22392 22380 14 14
16200 0 1852 33086 33086 30835 30789
16201 1 16200 3 1 4 2
19710 6 10760 276 275 122 121
32734 1 3419 1 1 4 2
4779 1 14955 2 1 1 1
3716 1 1998 6736 6736 26120 26117
40577 0 3716 299 299 16096 16086
31620 0 3716 861 861 27385 27374
28941 0 3716 684 684 9407 9398
17519 0 3716 28 28 744 736
9620 0 3716 3 3 13 6
2915 1 12159 17 4 5 1
522 1 21041 19903 19900 27474 27472
522 1 13953 3 3 3 1
522 0 16646 732 732 5004 5004
32701 0 522 508 508 9138 9128
31153 0 36722 19044 19044 29238 29236
36722 0 1474 1212 1212 17467 17455
7592 1 9560 4 1 1 1
2035 1 8589 33190 33186 33491 33488
25494 1 8589 2 2 2 1
4666 1 4665 4 1 2 1
4665 0 6717 32004 32004 29663 29662
6144 1 19664 35194 35194 27738 27736
28456 2 1773 21 21 4047 4010
28456 6 22320 1312 1311 41 41
5443 2 1773 9 9 504 470
18213 1 18982 1 1 1 1
18716 0 37537 17036 17036 36227 36226
6882 9 10563 1 1 1 1
40794 0 32275 35731 35731 15088 15087
19296 1 6611 29464 29463 33286 33285
16065 0 36140 18287 18287 26566 26563
40829 0 16065 30541 30541 15344 15344
32071 1 23898 1646 1645 2767 2766
37285 0 184 4 4 12473 12223
39009 0 184 4 4 15458 15188
3395 0 184 3 3 4290 4056
32164 0 184 10 10 10151 9911
34310 0 184 4 4 11135 10893
39279 0 184 4 4 12827 12574
11281 0 184 1 1 168 5
30773 0 184 2 2 196 13
15734 0 184 4 4 467 245
5209 0 184 3 3 5715 5479
16507 0 184 1 1 281 70
40030 0 184 4 4 14738 14473
1190 6 31657 8 3 1 1
1190 6 39319 16812 16800 43 43
17492 1 20700 4 2 1 1
16074 0 18268 5 5 18 14
21289 0 18268 11 11 50 45
14746 1 23603 808 807 824 822
7078 6 36019 15724 15724 33078 33078
7486 0 7078 34 34 1797 1794
4225 1 13633 410 405 33 31
4225 1 11780 6 2 3 3
754 1 2375 3429 3428 10052 10051
1823 7 36030 13397 13396 38 37
6054 0 4123 224 224 18594 18566
6054 3 1296 31871 31869 200 199
3215 0 7911 2 2 7 6
6678 1 7911 131 130 325 323
16802 1 8850 7019 7015 1646 1646
1076 1 1075 7 2 2 1
1076 1 27277 35 28 2 2
18470 1 18469 1 1 1 1
7673 1 10866 2 1 1 1
7673 1 8629 40434 40432 40203 40202
8644 1 14101 8626 8623 538 538
493 0 1629 56 56 1112 1106
2736 4 26470 30700 30653 438 438
2736 4 34726 16284 16244 19 19
2736 4 35146 15701 15662 19 19
2736 4 33515 18439 18397 19 19
35179 0 19119 23921 23921 19406 19405
13379 4 19119 23 23 12 12
28508 2 3843 7 6 27 11
40099 2 3843 29 29 15619 15595
9537 1 3843 26691 26691 9779 9776
25746 0 11870 33233 33233 26126 26125
26637 6 24424 8504 8504 6192 6192
15305 5 2978 53 53 36730 36663
10135 5 2978 3 3 4137 4088
14631 0 3275 4057 4057 22988 22982
1043 1 14631 3367 3364 36261 36255
39736 1 21554 32437 32437 17025 17024
39736 0 4427 1649 1649 17968 17953
8260 0 7895 22349 22349 40339 40335
16624 0 8260 9633 9633 21438 21437
36792 1 37816 14784 14784 12049 12049
40796 2 3317 25 25 12443 12415
11856 1 2643 3481 3481 7076 7074
8104 1 4274 26217 26213 25446 25446
8104 1 12438 3 1 1 1
9749 1 13574 1 1 1 1
40797 0 19420 33077 33077 18264 18263
24056 0 9777 21306 21306 26726 26725
12866 6 7036 38 38 569 569
19409 4 36350 12557 12557 4792 4792
28857 0 706 5 5 25 18
19163 0 18538 6488 6488 25758 25756
16614 1 25570 6096 6093 4205 4205
16614 1 8351 1 1 2 2
24052 1 24051 1 1 2 2
29706 4 499 6 6 51 51
34810 0 17502 22894 22894 18029 18029
40798 0 38876 9014 9014 13588 13588
26283 6 40443 17688 17688 38847 38847
32794 0 18895 623 623 9807 9802
3034 2 1137 3 3 1650 1571
19442 2 1137 1 1 48 5
26122 4 31544 82 77 4 4
17880 1 20417 25581 25580 33016 33015
3499 1 20417 2 1 1 1
20434 0 21190 37350 37350 32731 32730
13327 6 22210 7214 7214 20210 20210
40799 0 5636 23958 23958 16166 16166
14768 6 24252 484 483 2614 2612
9578 0 473 40223 40223 36130 36128
20196 1 21248 2 1 2 1
21248 9 11908 26614 26614 13046 13046
6765 1 27335 37489 37487 24609 24609
37410 0 27335 23009 23009 12217 12216
12725 1 21889 1 1 1 1
19754 0 4059 8576 8576 23029 23026
9461 4 12081 4 3 3 2
8574 0 5381 192 192 9665 9656
8574 1 8573 2 1 2 1
29585 1 8574 134 134 3055 3052
13699 0 5381 1154 1154 22960 22949
36608 0 123 14283 14283 20353 20345
24094 0 123 1636 1636 3360 3354
516 0 292 3 3 135 4
31393 0 292 2 2 134 4
14242 0 292 5 5 1541 1368
33413 0 292 7 7 16605 16388
15177 0 292 336 336 32609 32360
39499 0 292 7 7 17520 17298
13524 0 292 2 2 148 7
31996 0 292 2 2 146 7
26845 0 292 2 2 143 5
14814 0 292 14 14 21346 21107
13283 1 2720 2238 2236 8640 8638
2720 1 5598 5 4 18 16
34387 1 26855 6290 6290 11460 11459
26856 1 26855 1 1 1 1
37173 4 10091 3352 3352 15911 15911
19951 0 20010 33084 33083 32694 32687
40800 0 28344 14995 14995 19392 19391
24652 0 26678 2117 2117 21663 21660
27632 0 31556 19 19 20 20
8336 6 2824 1227 1227 2956 2956
14255 1 19144 3 2 2 1
20014 0 14262 192 192 1539 1535
40801 0 16573 2871 2871 19771 19768
2360 1 4933 2 1 4 1
40802 0 39415 13299 13299 12895 12895
30541 0 22903 9517 9517 27981 27980
20618 1 9942 2 1 4 1
38150 0 712 30390 30390 17488 17485
25109 0 7757 20889 20889 23358 23356
40803 0 5646 27586 27586 12209 12207
1003 1 5646 3 1 4 2
35081 1 28378 19727 19727 14084 14083
11590 1 29649 2 1 1 1
39026 0 29817 4232 4232 13571 13570
13903 6 32368 2747 2743 61 61
30745 1 37402 17865 17865 23359 23359
10159 1 38458 12979 12976 36026 36026
27696 1 6690 1 1 3 1
28744 1 6690 1 1 16 7
20852 1 6690 2 2 8 4
40885 0 6690 1616 1616 17498 17490
16732 0 10532 1239 1239 25214 25211
6916 0 19429 28803 28803 34129 34129
10276 1 9887 7 3 4 3
4800 1 9900 1 1 1 1
19570 1 4800 28486 28484 27469 27467
17182 1 2190 1 1 1 1
4461 0 19310 26796 26796 31980 31972
1046 7 18091 29945 29832 5 5
1046 7 18788 26557 26446 4 4
1046 7 39181 18048 17951 1 1
37226 0 11964 2510 2510 18947 18946
11632 9 24469 30621 30620 27344 27344
40699 0 12729 2230 2230 16173 16163
14428 0 772 422 422 3180 3174
19055 0 772 38853 38853 38440 38430
40710 0 31312 15442 15442 14608 14607
11686 1 5336 5933 5928 3037 3035
30852 1 3198 31498 31498 19522 19520
29243 0 26808 39446 39446 31443 31443
21449 0 12858 24655 24655 28674 28671
12857 1 21449 8517 8513 6621 6621
3233 1 4145 3 1 2 1
19055 1 19054 1 1 1 1
8310 6 12531 10 4 3 2
7557 1 7633 3 1 3 2
17844 0 7120 24771 24771 22553 22551
1269 1 11040 3455 3454 5167 5163
11040 1 14848 5 2 1 1
26676 0 8201 24365 24365 28564 28552
28241 1 7436 1 1 1 1
18458 9 31641 4638 4638 2338 2338
31641 3 37842 18926 18926 29353 29353
25873 0 2795 21229 21229 34900 34899
17430 1 14006 4 3 4 2
13991 0 6823 33548 33548 36042 36036
19570 1 23428 1 1 2 1
8288 4 37118 16268 16268 23820 23820
40805 0 33924 11485 11485 14100 14100
25230 0 6253 3341 3341 31676 31671
15292 3 10198 1 1 3 1
39489 0 11666 760 760 13354 13341
39489 1 15557 19110 19110 13157 13155
37831 2 11666 39979 39979 16800 16800
15516 1 12820 8 6 6 6
34071 1 12820 38923 38921 10830 10828
4175 4 8602 7 3 1 1
24042 1 5537 1 1 2 2
19211 0 4744 8 8 45 43
31371 0 7474 1037 1037 10154 10149
27812 0 7474 283 283 2910 2906
28947 4 15200 5853 5853 21879 21879
18660 6 21000 22899 22899 38135 38135
15472 0 25385 26534 26534 22666 22662
12507 0 13404 35292 35292 36775 36770
26342 1 17895 1 1 2 1
2152 1 8496 4 4 3 1
39760 0 574 167 167 19879 19840
40877 0 574 164 164 16151 16117
35412 5 11510 45 45 11754 11742
2085 6 10383 9 7 4 4
14202 1 14201 1 1 3 1
1043 1 20085 3 1 2 1
40806 0 6850 479 479 12457 12441
40503 0 9914 3780 3780 13821 13819
14770 1 14307 26977 26976 8858 8856
32716 1 17183 1 1 1 1
35390 1 3256 33686 33686 15696 15695
4482 4 9719 210 206 15 15
20428 0 3527 5308 5308 32186 32169
3527 6 20663 32816 32816 30349 30349
30409 2 35441 15441 15441 25407 25407
11083 1 5302 2 2 1 1
23196 1 10129 1 1 3 1
1066 1 29752 3 2 1 1
40807 0 3538 97 97 16002 15991
22793 0 3538 272 272 6371 6363
6768 6 24640 19680 19679 32483 32481
6768 6 10205 37715 37711 36732 36732
2869 1 15125 25175 25173 25805 25804
29302 0 15125 19275 19275 23701 23700
9588 0 1406 666 666 3738 3733
18159 0 17493 3813 3813 27138 27133
21497 1 33875 15831 15828 24087 24087
20938 1 22485 1 1 3 2
13056 6 39139 14148 14147 21087 21087
23942 0 26928 10155 10155 39885 39882
28004 0 6478 776 776 3935 3933
4747 0 22951 2 2 6 4
20860 5 2566 78 78 9359 9347
7590 5 2566 16 16 4609 4598
20768 0 17402 19562 19562 21099 21097
35193 1 20768 17704 17704 11272 11271
8572 0 5856 3958 3958 33667 33646
17370 0 5856 5962 5962 36997 36973
31972 0 5856 497 497 22752 22733
17380 1 15779 30953 30953 33853 33852
27964 0 16186 5173 5173 24178 24172
15981 0 1328 40 40 262 256
26071 1 9303 36007 36006 29739 29736
9303 9 21981 5027 5027 1643 1643
38768 0 29318 4714 4714 15135 15133
36229 0 18254 411 411 18238 18227
1019 4 596 23 13 2 2
1019 4 8780 19 11 1 1
23239 1 15927 3 1 2 1
30477 1 23239 29676 29676 32439 32436
21996 6 20017 485 483 63 63
21996 6 11995 34891 34888 4521 4521
25766 0 22616 21161 21161 9563 9560
9455 0 23399 3786 3786 10434 10431
23000 6 39446 13249 13249 4091 4091
122 1 7516 6 1 5 2
11412 1 19152 8028 8027 2065 2065
8803 1 27429 2 1 1 1
15261 0 14295 29656 29656 31413 31412
25268 4 21905 3 2 2 2
15504 1 8591 6339 6336 8982 8980
8591 1 16989 1051 1050 68 68
15601 10 15600 1 1 1 1
31927 1 15601 10408 10408 21961 21960
34363 5 8522 24780 24780 17294 17294
33641 0 19894 14743 14743 17571 17570
33826 1 19127 17489 17489 16750 16749
39523 0 2723 110 110 16009 15980
39523 1 21345 17097 17097 11676 11675
7540 0 2723 9134 9134 39757 39718
4541 0 2723 30 30 301 278
28671 0 7444 6231 6231 7464 7461
40808 0 40809 9484 9484 17888 17888
26933 0 1475 3109 3109 38246 38229
35848 0 18654 297 297 12870 12866
19162 0 18654 47 47 1270 1267
29185 6 40731 16511 16510 220 220
3467 1 3466 1 1 2 2
15345 5 4450 116 116 4150 4145
7117 1 7049 4 2 5 3
32624 6 26608 23088 23087 285 285
2269 1 2268 1 1 4 2
30613 0 6961 6354 6354 3916 3915
2956 4 29945 5587 5583 898 898
40706 0 10059 1651 1651 18785 18782
3866 4 38485 12702 12696 771 771
3866 4 24189 686 683 51 51
9119 0 21826 4822 4822 5143 5143
18389 3 999 6500 6498 2031 2029
999 3 18389 31332 31330 4661 4659
35808 1 32154 38240 38240 15237 15237
37756 4 40810 12354 12354 11900 11900
20583 1 27612 5040 5040 1671 1671
1020 0 3141 1 1 32 5
28305 0 3141 3 3 39 10
6564 0 11337 35037 35037 27882 27881
23511 0 15656 1803 1803 20797 20771
5394 1 2601 2 2 2 1
19679 0 5394 2349 2349 25346 25341
2004 1 24164 7 2 1 1
2004 0 30642 20690 20690 34253 34252
25774 1 12289 31865 31862 24900 24895
24676 0 24224 37061 37061 37589 37588
23848 1 8714 3 2 5 1
17814 4 3175 24888 24887 3949 3949
17465 1 17464 1 1 1 1
22570 1 22569 1 1 2 2
6630 0 4722 23 23 14 8
1142 0 4722 191 191 3123 3115
23700 1 24343 2 1 1 1
9573 6 3123 43 43 20074 20055
15354 6 3123 75 75 25052 25030
14853 6 3123 4 3 650 640
6067 1 28605 24614 24614 32275 32275
8474 4 17327 20283 20283 27170 27170
30941 1 3753 32364 32362 38748 38745
30941 1 33174 12344 12343 31844 31843
11546 0 4442 8659 8659 34321 34289
6865 4 2298 12 9 4 4
1021 1 207 5 2 3 1
2872 0 17555 3519 3518 26697 26691
268 0 17555 2480 2480 11326 11323
40811 0 2664 2853 2853 14261 14249
40871 0 2664 2594 2594 11703 11695
2664 0 2624 1491 1491 29388 29383
35435 0 12605 17160 17160 13110 13107
29862 1 29861 1 1 1 1
31789 0 494 23974 23974 33473 33463
22923 0 28916 21054 21054 34648 34647
27985 1 27484 1 1 2 1
29410 0 16944 33967 33967 24350 24346
11888 0 36918 13748 13748 36175 36172
37558 2 741 14 14 20006 19964
28640 2 741 4 4 301 269
9021 2 741 2 2 68 39
22157 3 1791 2 1 3 1
22158 3 1791 3 2 1 1
8471 1 6302 3 2 2 2
32069 0 19823 23660 23660 33405 33403
38790 0 13 3454 3454 12768 12759
19437 1 22294 32606 32605 29670 29669
25022 1 32013 24168 24168 29966 29965
39553 0 4628 1186 1186 17070 17061
40833 0 4628 1154 1154 14214 14207
11144 1 2617 1 1 1 1
38399 1 1022 987 987 11268 11264
10536 1 36694 17075 17075 25105 25105
40178 1 1578 9843 9843 15426 15424
40864 0 1578 531 531 14227 14223
22410 1 37961 17493 17491 34654 34654
15647 4 32971 3450 3450 5209 5209
1708 0 8438 524 524 35762 35761
6124 1 5907 3 1 5 2
8270 1 6124 2 1 2 1
5826 1 10722 2 1 3 2
21697 0 2070 4254 4254 5178 5178
6530 1 22543 3 1 1 1
5932 1 21935 5 3 1 1
28875 3 5192 36769 36768 19882 19881
28676 3 28875 2 1 1 1
5178 1 14819 1 1 1 1
21092 0 5178 548 548 24052 24023
16318 0 5178 788 788 1493 1482
40918 0 5178 18570 18570 20011 19983
31349 1 5178 1 1 8 4
27341 1 31627 25878 25876 27054 27054
912 0 7047 137 137 10869 10858
739 0 912 56 56 64 57
24031 0 7047 235 235 3650 3641
30204 1 7047 10 9 23 21
40812 0 17281 31518 31518 18316 18316
9906 1 36905 17279 17277 6661 6661
6743 0 8355 54 54 3139 3130
1538 0 8355 9272 9272 28828 28811
35277 1 27784 17919 17919 16320 16320
5869 1 26782 2 1 1 1
40813 0 19386 2234 2234 19057 19055
38378 1 22534 22135 22135 18170 18167
31576 0 30844 35222 35222 29638 29638
10205 1 10204 3 1 3 2
11177 1 37094 12248 12244 2038 2038
7045 1 2382 5693 5693 8669 8665
21977 5 16419 741 741 32638 32634
3364 1 3363 1 1 2 1
3528 0 10834 9242 9242 21992 21991
17960 4 24312 10 8 2 2
27223 1 20426 1 1 1 1
24636 1 6535 24534 24533 6006 6005
23949 5 212 16 16 1296 1280
27657 5 828 30 30 7613 7604
1410 1 24564 18351 18351 29705 29704
3066 0 8076 30096 30096 40575 40567
18215 1 1414 1 1 1 1
10895 1 13973 5 2 1 1
3239 4 39144 12556 12516 5 5
3239 4 27881 148 119 2 2
3239 4 36428 11824 11786 5 5
18904 3 17353 22818 22817 1948 1947
7935 1 2201 1 1 1 1
17190 1 757 8064 8063 5495 5495
1415 1 32170 4 1 1 1
23786 1 2902 20791 20791 8605 8599
2029 1 18094 4 2 1 1
553 1 13871 3 1 1 1
24179 1 10508 6925 6924 7072 7072
25575 1 10508 34110 34110 38079 38078
27360 6 36837 12315 12315 31251 31251
31841 0 19545 3815 3815 5778 5777
33840 0 1754 561 561 12942 12935
40875 2 1754 256 256 16658 16653
38079 2 1754 252 251 12722 12719
40815 0 39071 13946 13946 12351 12351
29342 0 8978 2060 2060 26942 26929
6890 0 36281 15784 15784 23814 23814
8040 1 21358 4 2 4 3
10520 0 24854 33482 33482 33344 33344
28943 1 243 32002 32001 32014 32014
20030 0 13734 5102 5102 24051 24049
4563 0 12505 12 12 5 2
37725 0 23377 18429 18429 18814 18809
26865 1 19204 1 1 3 1
20288 6 29915 5319 5317 2072 2071
24515 2 20288 34 34 6462 6458
18855 0 2060 45 45 709 703
26308 5 18855 16 16 4635 4626
24430 0 2060 3472 3472 11131 11123
11475 1 13563 1122 1120 575 573
13563 1 11475 5717 5715 3292 3290
14231 0 7944 29 29 32 32
36007 6 17148 20946 20946 19177 19177
13350 0 29456 27869 27869 36490 36490
36696 5 9528 189 188 18960 18951
19256 5 9528 2 1 7 3
30889 0 33367 11382 11381 4964 4964
26734 0 2288 1573 1573 9606 9604
16979 4 35069 18576 18576 22752 22752
23628 0 2614 31657 31657 35800 35796
39567 0 4694 24781 24781 13561 13551
6695 0 32813 25926 25926 33904 33904
15469 0 6418 32 32 741 726
34418 1 25064 4560 4560 14257 14256
8727 1 8726 2 1 2 2
14189 1 23592 4 2 1 1
35545 1 14189 1873 1873 20235 20231
10877 1 11728 5 1 5 1
32814 0 4976 29673 29673 30815 30814
4165 3 25845 28414 28411 348 348
20625 1 7778 2 1 1 1
30076 0 10715 752 752 2761 2758
40816 0 14697 40804 40804 14646 14646
14697 1 31992 6437 6434 728 728
19191 1 27971 3608 3608 10260 10259
13842 0 11910 38615 38615 36549 36548
5985 6 10735 5854 5851 2775 2769
12732 3 28417 34031 34030 4685 4685
12732 1 26677 2 1 1 1
6204 1 6203 1 1 1 1
40817 0 19840 4573 4573 14774 14772
3387 0 19840 19347 19347 36802 36799
6550 1 2423 45 44 114 107
2423 1 24830 71 64 28 26
2924 4 30666 5328 5273 141 141
2924 4 2659 9731 9675 27 27
2924 4 29020 36252 36177 2139 2139
2924 4 36766 13734 13671 16 16
1379 1 25548 3 2 2 2
6265 1 1379 6 4 4 2
18135 3 294 8936 8933 255 255
2209 1 24141 4 2 1 1
15500 1 4546 1 1 3 2
15500 1 7996 5 4 10 8
31596 6 8773 33023 33023 19125 19125
40818 0 35587 10403 10403 12537 12537
34338 1 9890 341 341 18454 18445
14748 1 9890 1 1 8 2
9890 1 12054 12264 12256 686 685
40819 0 15962 3355 3355 14529 14528
16130 0 10326 39554 39554 31727 31726
40820 0 20319 22256 22256 19436 19435
11212 0 1856 233 233 6854 6845
14579 1 1856 2 1 3 1
28303 3 9776 1 1 2 1
9776 1 9775 1 1 1 1
561 0 5278 28134 28134 36885 36876
13724 4 995 3 2 4 4
154 1 153 1 1 3 1
5791 1 11553 3 1 1 1
24115 1 18755 3 2 2 1
28674 0 3041 573 573 3326 3320
40821 0 14864 19732 19732 15547 15545
17883 0 18836 10625 10625 24497 24494
40822 0 9367 1324 1324 17309 17291
40930 0 9367 1377 1377 13473 13458
7005 0 9367 4 4 28 16
26765 1 9367 1 1 6 2
2151 0 4180 2795 2794 31028 31026
40823 0 11638 375 375 14339 14325
18175 1 18573 3 2 3 2
24724 1 3969 2 1 1 1
3969 0 3582 7 7 41 23
17345 0 3969 416 416 5131 5128
34877 1 6582 3839 3839 13364 13358
6582 1 16956 6 2 6 3
26100 1 28248 2 2 8 7
33245 0 3980 1219 1219 19052 19050
4106 1 4105 1 1 1 1
584 1 28894 10 8 2 2
35143 1 33405 11902 11902 13706 13706
17003 0 479 2824 2824 34669 34659
9877 5 6166 1 1 28 9
30263 1 25760 1 1 2 2
30656 1 25760 36040 36040 38262 38261
1999 4 17069 8750 8745 435 435
18272 1 19427 4 2 1 1
29081 1 13187 1 1 2 1
16522 0 3780 246 246 29860 29827
26742 0 15839 30075 30075 30754 30752
1918 6 39340 17518 17511 107 107
11624 1 20815 1 1 2 1
13939 0 7027 8636 8636 22961 22958
5788 0 7027 24515 24515 38771 38765
40824 0 2657 4783 4783 12443 12440
1294 0 25140 26505 26505 39264 39261
21281 0 428 8220 8220 33807 33781
40911 0 428 221 221 12417 12400
39800 1 30816 35791 35791 12920 12919
12660 0 1095 2172 2171 20891 20880
17450 0 1095 8620 8620 38165 38153
11922 0 14898 6209 6209 11826 11814
23590 0 12772 6664 6664 28277 28275
3072 1 15159 1 1 2 1
24523 0 8582 40100 40100 40130 40122
188 6 29407 82 80 252 249
39603 4 27065 4283 4283 14907 14907
4691 1 14239 1 1 1 1
36188 1 4691 250 250 12565 12564
36501 0 4902 40261 40261 15235 15235
40022 0 6784 1581 1581 18661 18657
4121 1 17988 3 1 2 1
34845 5 10076 69 68 17584 17580
19999 4 35620 13885 13877 315 315
25642 0 31168 39205 39204 38201 38200
28192 2 3865 17 16 3069 3054
25039 0 2409 879 879 8911 8893
34598 0 2409 514 514 19481 19461
40825 0 22386 605 605 18984 18983
15804 0 10824 50 50 374 371
40826 0 30737 5716 5716 13664 13663
11678 4 24132 35803 35803 36268 36268
11178 1 14178 8 1 1 1
19319 1 11039 2 1 6 2
23526 0 9730 4820 4820 12056 12055
12960 0 23054 9698 9697 25979 25979
18237 1 14439 1 1 3 1
17375 6 39568 13472 13471 663 663
6955 0 2697 19772 19772 28497 28496
16533 0 2697 8206 8206 36007 36005
27268 1 11354 28989 28988 27977 27973
1968 1 1967 1 1 2 1
20914 0 1967 10 10 94 89
23271 0 7641 29616 29616 30030 30030
19684 3 19683 2 1 1 1
4983 6 33006 8113 8113 9262 9262
17534 9 12584 1 1 1 1
6871 1 18043 249 248 225 224
5628 7 18994 31980 31948 8 8
2502 1 20104 8 5 5 4
15657 0 4985 38274 38274 21430 21428
34914 1 6434 3009 3009 16092 16089
39981 0 306 568 568 15100 15084
21026 0 306 4 4 14 3
37154 5 9269 80 80 12657 12654
9073 1 5502 1 1 2 1
30127 0 1623 13353 13353 26415 26412
16304 0 30127 31947 31947 36249 36249
16980 1 4548 2 2 2 1
469 0 14498 162 162 1269 1263
9243 6 35214 13241 13237 63 63
36148 4 23121 24759 24758 18436 18436
3358 1 4743 5 1 2 1
9720 0 4743 54 54 303 298
40888 0 4743 16137 16137 18181 18173
2064 1 2154 1 1 1 1
22278 1 35919 16152 16152 22427 22427
36060 0 14935 642 642 14820 14815
27146 5 11426 44 44 8744 8739
3169 0 3813 3229 3229 28894 28883
3823 1 3813 2 2 9 5
20664 4 26988 28401 28399 3909 3909
6374 1 11133 40171 40169 39412 39410
33074 2 7 94 94 19556 19520
18961 2 7 2 2 35 19
17395 0 7902 38406 38406 34074 34071
22908 1 5606 17 15 21 20
10254 1 10253 4 3 4 4
40906 0 10253 1645 1645 15237 15228
14113 1 5076 2 2 4 1
36403 1 10838 34207 34207 11868 11867
14974 0 14973 8 8 5 1
14973 3 19845 28438 28436 1027 1027
40831 0 4593 29028 29028 18661 18661
31084 1 27014 1 1 4 2
12467 4 39860 19813 19807 667 667
40832 0 6630 1411 1411 13359 13357
26778 4 2803 4583 4583 4353 4353
3765 1 28497 25096 25095 26063 26063
20691 1 4936 1 1 3 2
7886 0 12463 103 103 2407 2404
14999 4 31316 7953 7953 8188 8188
22172 0 11068 59 59 798 791
454 3 16514 1707 1705 134 133
3025 1 16514 1 1 1 1
29578 0 15788 1975 1975 6191 6190
23802 0 21987 1023 1023 4117 4115
21987 0 20963 6781 6781 21146 21145
11759 2 10987 19 19 39 38
38689 0 12894 1020 1020 19260 19253
40834 0 14087 23129 23129 17772 17772
14853 1 5935 31577 31577 21766 21764
4044 4 31152 3 3 11 11
29372 0 24630 10320 10320 34655 34650
24630 0 22399 20908 20908 31055 31055
19479 5 4701 10 10 201 192
8240 5 4701 109 109 33458 33437
33163 5 4554 73 73 17947 17940
29553 1 26733 30480 30480 28597 28597
29553 0 8837 32956 32956 33949 33948
6792 1 14058 41 40 39 37
21282 0 15062 25934 25934 29628 29628
23036 4 36472 14900 14894 336 336
5783 4 23036 8663 8654 105 105
40835 0 40836 8927 8927 18161 18161
18778 6 32930 37124 37123 37469 37469
18778 0 5314 36481 36481 40379 40352
24621 2 17930 3 1 4 2
27989 2 17930 24 23 175 166
26041 0 4289 7732 7732 1350 1350
16899 4 24507 9168 9168 3195 3195
14917 3 17826 592 589 333 332
30990 9 28312 2 2 1 1
8980 1 3552 1011 1010 522 521
33079 0 3582 458 458 22967 22943
16497 1 26305 2 1 1 1
26368 1 8799 26298 26297 31101 31100
4480 1 32602 27881 27878 8113 8113
35059 0 27412 2350 2350 19708 19706
2645 4 29221 24059 24052 633 633
23462 0 5675 30238 30238 39209 39200
40853 0 23462 19202 19202 15001 14998
25133 5 5012 3 2 9 3
14927 4 5288 32857 32853 212 212
11058 2 6577 26 26 10651 10610
60 2 6577 4 4 901 866
7534 9 18226 2010 2009 9 9
10204 1 10208 2 2 2 1
5031 1 28475 24919 24919 37893 37891
15312 0 12860 24545 24545 30065 30065
21401 1 1933 18 18 1970 1963
12469 1 1992 8 3 4 3
18451 5 1238 1 1 5 2
37552 0 2655 4001 4001 16293 16289
2655 0 9806 39646 39646 40801 40796
40284 0 6614 51 51 13031 13017
3130 1 27019 3 2 1 1
23982 0 37653 10638 10638 23911 23910
20447 1 9918 36462 36460 27269 27269
15028 1 16314 5 3 8 3
15028 1 5116 3 2 9 3
40628 0 33021 14861 14860 16733 16733
3648 1 3647 2 1 2 1
19317 0 1107 21447 21447 29769 29761
830 1 21753 3 1 1 1
8270 1 9886 8 1 1 1
14780 1 6419 10 6 2 1
40837 0 15224 1186 1186 19983 19971
7188 0 11737 2932 2932 26907 26898
10277 1 32396 1 1 1 1
10277 1 2951 2 1 5 2
15054 1 2951 4 2 3 1
25047 0 19223 19171 19171 22216 22216
23871 0 918 4566 4566 24203 24195
40840 0 918 10927 10927 13447 13442
8168 0 13192 28687 28687 10112 10112
10293 1 12214 2883 2883 2639 2638
23642 0 26543 28077 28077 30046 30046
26543 1 12312 2271 2270 3434 3432
4913 4 20284 550 525 7 7
3331 5 16655 8398 8398 21217 21215
3331 1 35484 12663 12662 39763 39763
16739 1 16646 3 3 3 1
6726 1 5782 33999 33995 39490 39490
6726 3 6725 6 5 1 1
11335 1 6726 2 2 3 2
5491 1 1201 40792 40791 35667 35662
6549 1 14425 9 6 4 2
5544 1 3327 770 770 4703 4699
3403 1 6328 3 3 2 1
7229 4 37460 12397 12384 219 219
20544 1 28902 23941 23940 21789 21788
3291 1 20544 37525 37521 39562 39560
530 1 21170 981 978 19 19
9371 1 9370 3 2 1 1
26061 0 9371 7644 7644 25598 25596
9371 0 5623 23560 23560 33699 33697
21518 1 29527 28828 28828 34086 34084
35181 0 21518 3703 3703 19289 19287
36581 0 16397 5403 5402 11854 11854
3972 7 37089 12229 12170 3 3
8883 0 5790 172 172 131 131
38389 0 7334 15959 15959 12105 12103
27814 0 9178 38868 38868 31490 31488
10855 1 19155 1 1 1 1
10855 1 31116 598 597 719 718
1431 4 27265 16 9 3 3
27563 1 35599 17490 17490 31692 31692
1193 4 39361 13307 13300 30 30
39975 0 7068 387 387 18331 18325
3855 0 3909 10 10 9 6
28703 0 3909 4661 4661 24286 24279
11573 1 13583 2 1 3 1
40841 0 16266 362 362 18632 18615
2434 0 16266 56 55 79 70
40842 0 67 2300 2300 18930 18922
1154 0 18959 33331 33331 30366 30365
32397 0 13044 4543 4543 10859 10854
17819 1 653 1 1 2 1
37840 0 313 15981 15981 17043 17038
40843 0 3679 212 212 15772 15764
40843 4 5346 34206 34206 14129 14129
13988 0 168 796 796 2673 2669
38754 2 10661 49 49 17252 17249
29501 0 6358 35761 35761 37839 37837
29860 0 18587 40035 40035 34821 34821
33438 1 36858 10722 10722 9369 9368
36858 1 35629 11014 11013 11825 11825
12381 0 1474 2283 2283 28648 28634
2863 0 6499 8024 8024 29956 29955
7328 0 5714 34620 34620 28621 28621
14412 0 20621 9686 9686 27716 27715
35316 5 38173 15159 15157 11840 11839
20490 1 7847 2 1 3 2
21077 4 10657 2533 2533 1197 1197
10380 0 1964 38009 38009 36672 36670
17802 1 3847 3 2 4 3
29031 4 40721 14995 14994 1625 1625
29630 5 22311 301 301 5536 5535
14888 4 21122 16 11 4 4
14888 0 2518 9 9 618 581
819 1 7732 36394 36389 20169 20165
7100 4 29718 15240 15238 2153 2153
8077 1 7192 1 1 2 1
16136 1 39043 10644 10643 15595 15595
13225 1 15253 1 1 1 1
40844 0 6467 651 651 18036 18032
6069 0 37345 13783 13783 28796 28795
4895 0 8093 6031 6031 29133 29108
21558 1 13645 23 23 8 7
10544 6 38325 19140 19124 101 101
23888 0 1730 3 3 272 206
33667 0 1730 17 17 16320 16232
22133 0 1730 3 3 964 892
19623 0 1730 4 4 529 459
28603 4 38563 14916 14915 702 702
16620 1 2522 2 1 6 1
24900 3 5965 2 2 1 1
3989 4 18951 26318 26311 423 423
22965 1 167 26172 26169 36329 36327
35645 0 7367 29595 29595 13326 13326
36255 0 10055 351 351 15081 15076
1574 1 8899 442 437 315 313
21174 5 2295 3 3 193 141
34328 5 2295 7 7 12706 12643
28418 5 2295 32 32 34498 34398
34439 5 2295 7 7 18724 18645
40845 0 32455 3112 3112 14914 14913
35000 0 9668 497 497 17461 17448
32116 0 21176 3883 3883 34163 34161
23390 0 40586 18304 18304 21945 21945
40848 0 23390 455 455 15592 15590
19903 4 29357 7351 7351 19792 19792
35177 0 14481 37311 37311 14062 14062
12330 0 11599 29542 29542 38046 38041
3579 1 19372 1 1 1 1
9842 0 3579 159 159 8476 8468
22422 1 9505 24 23 88 84
15330 1 28910 1079 1078 941 941
22889 0 11852 7093 7093 31202 31194
29771 9 3592 28998 28998 25517 25517
25748 1 34204 11589 11589 34011 34011
1772 6 37182 14714 14711 1065 1065
15158 0 40846 10457 10457 33842 33842
40847 0 8407 27115 27115 14762 14762
35466 0 11507 33280 33280 15256 15253
12327 0 411 1206 1206 6308 6295
21952 4 9376 5 5 10 10
4177 6 5022 3020 3012 13 13
5040 0 220 8 8 40 35
20777 0 30968 37097 37097 38297 38296
17995 1 415 7 5 9 2
6540 0 6677 22 22 35 33
30360 1 7239 31024 31024 28191 28187
1226 4 33413 14294 14276 13 13
36259 5 860 5 5 16827 16770
30840 5 860 57 57 37393 37322
39831 1 4370 32761 32761 16928 16923
17244 1 15986 31991 31991 37019 37016
9116 4 34497 18115 18113 657 657
4771 4 11796 195 157 6 6
18918 0 15687 1641 1641 8954 8952
18918 6 31983 33044 33035 566 566
29544 0 6411 23633 23633 31017 31011
13258 1 515 1 1 4 1
7665 4 11919 2422 2420 15 15
8356 1 22637 4330 4324 5964 5961
17180 1 8356 1 1 3 1
39574 0 13157 360 360 18803 18800
20711 1 1090 32423 32422 31220 31217
32427 0 24062 27477 27477 37354 37353
40849 0 13412 19702 19702 15724 15720
4316 0 1500 33 33 225 209
29122 0 1500 45 45 3067 3046
29916 0 33246 14142 14142 22771 22771
33246 0 425 17052 17052 17433 17421
3714 1 3991 24 24 22 22
6702 1 4469 1 1 1 1
20629 0 10089 35307 35307 35531 35531
18423 1 20629 20093 20091 25616 25615
4855 1 19562 4 3 4 1
11423 1 4213 7 4 15 12
10241 0 10481 675 675 2464 2463
27097 0 10241 2 2 238 229
5125 6 35244 13559 13559 40609 40609
10842 1 11135 4 3 2 1
3451 1 3450 1 1 2 1
3450 1 6752 8 4 11 9
26219 0 15966 98 98 3961 3958
20729 0 30962 22028 22028 24750 24749
31196 0 30962 10334 10334 20150 20150
36881 0 119 179 179 18474 18442
119 0 2748 24 23 9 4
2323 1 23181 3 2 1 1
14339 9 16095 3375 3374 3346 3346
32957 0 5195 38330 38330 35162 35157
32623 1 5195 1 1 4 3
32917 0 9489 2831 2831 9088 9086
40688 0 3489 94 94 12702 12668
13220 2 6815 122 121 577 575
5097 1 27076 5 2 1 1
17030 1 2573 2 1 8 4
2573 1 9486 3 1 2 1
37807 1 30144 35945 35945 17802 17802
2521 1 38597 12594 12591 35726 35726
6946 1 8731 5 4 3 1
9873 9 35523 12062 12062 4520 4520
1071 6 14854 27980 27974 1291 1291
3398 4 14735 31 25 4 4
5855 1 7329 5 2 4 3
3929 1 27247 7 1 3 3
16292 1 29803 7427 7425 10499 10499
6578 0 5973 1525 1525 3503 3501
40850 0 1543 49 49 17959 17916
37429 1 32885 28547 28547 14657 14657
5932 1 5931 6 3 1 1
14336 1 2808 2 2 3 1
23816 0 13145 2546 2546 4100 4100
16675 0 11522 31779 31779 36299 36299
40851 0 14187 35178 35178 13883 13881
10755 4 22444 2338 2337 128 128
11129 1 13730 4 1 4 1
25343 1 13730 5 3 6 2
8639 0 3289 3887 3887 33327 33304
3289 6 36920 18321 18308 20 20
8776 1 1347 1303 1302 2681 2678
1347 1 4276 3 1 3 1
39300 0 1590 184 184 13019 13000
37068 1 22654 24149 24149 13552 13552
1801 1 21363 2 2 2 2
31983 0 35119 13399 13399 26986 26986
31983 6 2119 23564 23563 3249 3249
19488 0 3006 2114 2114 8565 8558
19488 1 38649 17127 17127 27084 27084
40852 0 6747 24518 24518 15074 15072
28133 0 18038 2754 2754 3894 3891
8634 9 19910 19987 19986 342 342
11304 0 19910 19975 19975 29285 29284
20413 0 1973 337 337 26658 26607
26353 1 4814 6 5 8 4
22355 0 11595 1077 1077 6582 6577
1588 1 19716 6 5 4 3
11612 1 21343 3 2 2 2
5569 1 10107 8 5 9 5
5923 1 5569 3 1 5 3
24840 0 14776 969 969 800 800
24031 4 32273 31878 31878 31210 31210
12006 1 23328 3126 3125 19166 19166
15403 4 40478 18598 18598 25546 25546
16346 0 16005 10935 10935 26789 26788
7668 1 35530 17733 17730 7433 7433
9434 4 40717 15075 15074 497 497
22914 1 3088 28200 28199 23103 23101
2945 9 2944 1 1 2 2
24743 1 24742 1 1 1 1
31284 1 19047 32643 32643 35275 35274
1664 1 16927 13 10 12 11
40307 0 4362 19138 19138 15389 15386
29218 1 4362 27952 27951 7940 7940
4362 0 8787 26065 26065 33898 33891
17040 8 37417 17211 17210 97 97
39206 0 12650 58 58 14356 14340
29976 5 5742 4 4 117 106
15635 5 5742 15 15 735 723
903 5 5742 9 9 1001 988
17663 4 9378 28486 28482 10288 10288
20364 1 26993 6221 6220 527 527
27150 0 3232 2261 2261 7769 7764
40854 0 14981 2608 2608 17533 17529
40855 0 25028 26089 26089 18108 18108
40678 5 5841 28 28 14843 14833
26893 3 11921 21645 21643 39 39
38438 0 24102 4821 4821 15972 15969
22467 0 22049 22997 22997 32614 32610
15542 0 22049 25965 25965 21886 21885
40856 0 8153 53 53 13145 13130
36147 0 8153 57 57 19161 19143
10925 1 8153 1 1 1 1
34372 4 36708 10811 10811 12115 12115
7489 6 35302 13148 13143 962 961
9267 0 1292 39028 39028 39369 39364
5975 0 8327 1374 1374 10863 10855
112 6 23406 28 2 2 2
6559 1 18773 2 1 2 1
13687 1 7279 299 299 659 656
37981 0 904 543 543 18835 18826
15563 1 17861 2 1 2 1
24736 1 14901 2 2 1 1
7506 1 27215 5 1 1 1
28486 1 28485 1 1 1 1
22848 1 33665 18203 18202 19493 19493
15952 0 3163 1183 1183 20706 20671
9298 0 3163 10 10 110 91
28717 0 3163 64 64 997 972
17876 3 17875 1 1 1 1
22196 1 22195 1 1 1 1
13637 1 27685 2 1 2 2
10125 4 13911 11747 11746 1279 1279
4146 0 37135 16686 16686 5715 5715
31487 4 8818 2340 2340 3688 3688
36976 0 4550 11 11 19201 19110
24513 0 4550 4 4 82 25
27936 0 4550 7 7 4780 4713
12322 0 4550 2 2 57 5
40857 0 2021 66 66 16010 15976
27575 0 6658 6107 6107 31480 31469
19537 9 28961 1 1 1 1
1070 0 17546 22788 22788 7328 7324
9755 1 9754 1 1 2 1
769 1 9754 4 4 10 7
40381 0 34906 9085 9085 17508 17508
15427 0 134 796 796 9843 9834
134 1 2633 37188 37185 40362 40362
1511 0 15914 37146 37146 33745 33742
5005 1 28613 5 2 1 1
18503 1 5005 1 1 4 1
40140 0 27752 2612 2612 20394 20391
16225 4 4698 3265 3264 713 713
40858 0 15284 4922 4922 13805 13800
628 1 627 3 2 3 2
16800 4 32120 30140 30140 18343 18343
25305 0 2099 2 2 20 3
13821 1 13530 4 3 10 9
16002 1 36632 13151 13149 3239 3239
40859 0 37052 6355 6355 16681 16681
6188 4 24112 36 23 1 1
6188 4 24347 97 80 2 2
15067 0 18496 25132 25132 28966 28966
29361 1 18956 1 1 2 1
10119 1 25492 4 1 2 1
28682 1 6956 6741 6741 6490 6490
22077 5 6956 1 1 22 7
720 9 26603 8 7 1 1
18029 0 8812 29162 29162 30544 30543
36166 1 16798 33672 33672 17025 17025
30646 4 33263 15014 15014 17504 17504
10063 0 8348 22036 22036 11422 11417
28320 1 27155 2 1 2 2
27155 1 29136 10 9 6 5
737 0 704 19075 19075 31904 31903
16207 1 16206 1 1 1 1
37148 0 23650 16199 16199 11937 11937
33954 1 14292 39541 39541 11705 11704
29886 1 28685 40801 40800 39429 39427
9855 6 33387 12092 12070 17 17
3785 0 28084 9013 9013 1143 1143
20088 5 3785 24 24 9053 9042
32514 5 3785 138 138 32783 32765
6922 1 6921 1 1 1 1
6921 1 7885 34403 34398 29391 29386
7656 1 11492 4 4 1 1
16454 1 15118 5 2 12 9
27917 0 8192 8 8 30 27
27917 1 5927 3 2 7 3
5927 1 27917 6 2 3 2
4197 0 8050 7 7 9 7
4197 1 37513 15004 14999 1511 1511
25431 1 5635 359 359 5267 5263
15018 1 18772 3 2 1 1
9762 6 8948 23301 23298 468 468
30927 6 25532 31647 31647 25911 25911
19315 1 39214 16748 16747 4785 4785
39214 0 32965 27684 27684 17774 17774
18563 0 4302 36761 36761 39424 39422
21993 1 19504 5 2 1 1
9794 0 26796 25324 25323 20422 20422
40860 0 1945 227 227 13653 13642
13748 1 11108 27447 27446 21880 21879
4384 1 24793 26855 26854 39413 39412
10633 4 19550 5812 5812 21148 21148
27322 1 37139 13813 13813 20829 20829
40383 0 38168 6689 6689 13650 13650
7362 4 32362 18 13 2 2
22231 1 8513 2 2 5 4
40692 0 8924 299 299 18483 18478
1685 1 12089 3 1 1 1
450 4 4488 116 108 10 10
39094 5 3918 18 18 12902 12888
40914 5 3918 18 18 13257 13242
2315 0 3918 1074 1074 5182 5179
40869 0 3918 18539 18539 11641 11637
39375 4 35988 12437 12437 8530 8530
33362 0 724 2170 2170 18858 18846
4388 4 38068 11990 11980 26 26
24592 0 13837 9256 9256 21787 21783
4109 6 1349 26717 26713 596 595
20971 4 929 22300 22300 30018 30017
23939 0 929 8 8 587 582
2108 1 23830 6016 6013 1441 1440
137 1 39790 13890 13890 17140 17140
14471 4 26704 2789 2788 600 600
38379 0 2037 4088 4088 17728 17726
3297 1 2037 1961 1959 46 46
19597 1 29925 2 1 1 1
9472 3 9553 34033 34033 24001 23999
24002 1 31718 20959 20959 33687 33686
13378 4 37002 15033 15025 50 50
18672 8 18729 16 16 21 18
23066 0 10976 22246 22246 20541 20541
37193 0 36623 6467 6467 12931 12931
35461 0 15432 21214 21214 12907 12906
6086 1 37968 12611 12611 17922 17922
39988 0 6132 1249 1249 14039 14036
27635 0 6879 4749 4749 21925 21925
12792 1 18251 19828 19828 30154 30153
25299 0 17090 26895 26895 35056 35054
22804 0 9256 36 36 94 94
22046 1 449 9934 9934 28051 28049
26701 5 39164 10527 10527 32066 32066
33010 4 37752 15221 15220 363 363
17564 4 28570 25576 25576 29734 29734
14394 1 27202 183 183 130 130
40861 0 35307 10547 10547 16080 16080
36533 1 31832 4826 4826 14066 14065
1421 1 13698 37804 37801 38483 38483
1421 1 1420 3 2 2 2
15918 1 8898 28640 28640 25272 25272
39681 2 3869 11 11 17139 17110
13147 2 3869 1 1 28 7
29520 1 38175 16895 16895 15829 15829
7705 4 29204 20880 20875 744 744
31945 1 533 25409 25409 24322 24321
20267 1 11332 10719 10718 8605 8604
40862 0 6138 183 183 12643 12633
12405 1 2536 2 2 4 2
22145 0 267 2581 2581 27952 27932
12466 4 38408 14406 14386 97 97
12466 4 38825 14114 14096 98 98
16552 1 10073 2 1 1 1
31672 0 16442 7790 7790 27262 27262
34829 0 34921 12508 12508 14023 14022
6539 1 27537 6 1 1 1
24829 0 20017 41 41 2099 2096
28048 0 20017 4122 4122 25597 25592
40863 0 22831 7562 7562 13220 13216
9658 0 22831 3426 3425 8107 8105
17365 6 1148 35822 35822 37544 37544
11735 1 13906 1 1 1 1
10734 0 10886 2231 2231 23203 23191
1494 0 15383 20269 20269 1709 1709
31725 6 3983 2 2 172 171
3023 1 19162 1 1 2 1
28499 0 2833 81 81 205 197
4250 3 26422 375 374 735 734
14121 1 5862 23566 23564 23126 23122
1002 0 15449 37429 37429 37675 37670
14237 9 14236 1 1 1 1
40286 1 14159 28089 28089 16934 16933
1432 4 24308 40 30 2 2
29759 0 21793 39391 39391 38651 38650
40 0 9353 3079 3079 11787 11783
36532 1 36531 14108 14108 9430 9430
4832 1 7867 3 1 1 1
27716 6 14968 6602 6602 9259 9259
304 0 25231 38971 38971 32194 32193
8542 1 19421 4 1 1 1
30629 1 15712 28700 28700 20239 20238
20027 2 9746 3 3 13 4
26019 0 4682 2 2 5 1
15092 4 32205 34606 34601 24599 24599
13106 4 30126 1764 1756 34 34
7451 0 9653 40703 40703 40014 40014
14198 1 7551 39762 39762 39109 39101
19206 1 11656 2 1 3 1
938 1 29478 1 1 1 1
19923 0 13346 7159 7159 11140 11136
40895 0 13346 4979 4979 16410 16403
8767 0 2776 420 420 11911 11896
17206 0 4193 31419 31419 32126 32124
9026 1 21448 31874 31874 32085 32081
10884 1 23870 39478 39477 39605 39603
10884 0 12402 993 993 2069 2068
33656 0 17442 31801 31801 15079 15077
29844 1 36062 13710 13709 2119 2119
39433 6 40246 11169 11168 13224 13224
13370 4 32777 6569 6569 3525 3525
40865 0 34557 10860 10860 10181 10181
12307 1 5388 1 1 4 2
8628 3 1186 4921 4921 2603 2603
4299 0 1562 3926 3926 22998 22992
18208 6 35649 12131 12131 32752 32752
12758 0 980 22051 22051 21123 21122
26577 4 38800 13042 13042 19303 19303
40866 0 8678 40247 40247 15396 15393
32294 0 1897 324 324 5275 5238
6937 1 1897 10613 10611 3292 3285
9481 9 158 2 1 4 2
13100 9 9481 1 1 1 1
15588 1 15587 4 1 2 2
13773 0 27141 2 2 3 2
25916 0 16303 206 206 4358 4349
36297 0 16303 593 593 15293 15283
20354 1 18989 1 1 1 1
973 1 13336 3 1 6 2
5185 0 13336 3385 3385 28879 28876
9012 5 7786 2 2 29 18
33237 1 410 34141 34141 12143 12143
14633 6 31433 4513 4513 23496 23496
14633 6 8142 19893 19892 6108 6108
40867 0 339 490 490 15039 15036
3453 1 18417 6 1 1 1
8951 1 28285 3 2 1 1
1460 1 8951 8857 8857 27894 27892
8222 1 6150 4073 4070 543 543
8054 3 25795 10127 10125 130 130
6845 1 2779 22292 22291 20049 20049
19202 0 12252 1119 1119 4615 4610
20124 1 18592 2 2 2 2
20124 0 14100 30088 30088 40218 40214
30846 0 2941 3 3 9 8
39027 0 9415 838 838 18922 18912
23350 1 17390 27 27 21 21
8558 1 7530 3 2 4 3
40868 0 5700 23538 23538 17313 17313
32469 0 324 25285 25285 31998 31983
8545 0 324 124 124 25819 25807
25032 1 25031 1 1 1 1
38057 9 30720 20354 20354 12792 12792
2030 0 1832 4 4 12 6
1637 0 5616 908 908 8071 8064
9928 0 5616 925 925 31657 31649
1702 4 29665 246 244 22 22
36951 4 24229 4708 4707 14404 14404
6008 1 1041 1 1 2 1
14647 0 13213 10 9 3 3
699 1 22618 1 1 1 1
35907 4 37894 10340 10340 11609 11609
13383 1 2789 4413 4410 1647 1646
2713 6 7645 46 23 3 3
11577 1 7731 3 2 2 1
40870 0 1335 40882 40882 18970 18970
24483 1 12798 1 1 3 2
17309 0 30810 35136 35134 25945 25943
10156 1 963 1 1 2 1
2452 1 3976 5 2 5 3
2452 1 7086 3 1 8 2
40905 0 3387 2133 2133 16798 16789
7217 1 3387 1756 1755 465 465
8525 4 37769 14799 14797 346 346
35828 0 1364 255 255 17507 17484
26559 6 35828 14373 14373 24270 24270
16493 1 19237 692 691 587 583
2933 1 7202 3 1 5 2
6048 9 22594 2618 2617 207 207
29003 1 35415 19668 19665 15768 15768
20788 1 10332 8390 8387 9983 9982
5707 1 5706 2 1 3 2
29609 1 29608 1 1 1 1
22190 1 35891 18849 18846 34162 34161
22190 1 11262 4 2 9 7
9192 1 19649 1089 1085 1413 1412
26202 0 7136 17 17 56 55
36138 0 7877 3730 3729 16403 16400
23317 0 6977 19570 19570 32069 32034
40920 0 6977 101 101 11976 11956
36948 1 27706 18842 18842 14473 14472
34777 1 14753 21919 21919 11920 11919
1620 4 23845 21 14 2 2
12071 1 18026 4 2 1 1
8848 5 14818 2 2 15 7
11500 6 11034 5498 5494 383 381
16013 1 5367 5 2 4 3
10574 6 36868 17247 17243 78 77
18072 0 1880 33100 33100 39988 39973
7031 1 26802 4 1 3 2
32487 1 10667 6835 6833 3079 3078
28680 1 10686 2 2 8 7
9031 4 20091 224 209 2 2
37696 0 13023 1112 1112 12092 12084
5434 1 5433 1 1 2 1
24552 2 8531 25180 25179 8676 8673
35789 5 3276 24 24 14217 14199
31511 5 3276 135 135 33738 33710
39401 0 24275 238 238 13576 13565
27408 0 4448 5 4 13 8
13163 1 17198 2 1 1 1
8664 1 2489 1 1 2 1
2489 1 15398 8 4 1 1
25485 2 3943 2 2 35 13
38545 2 3943 24 24 12267 12239
36055 6 19589 1483 1483 11537 11537
19768 0 5156 8080 8080 37202 37170
26405 0 5156 2360 2360 30118 30088
17022 6 35666 13122 13119 684 684
17022 6 3619 2953 2951 143 143
4621 1 88 2 1 3 2
40873 0 28355 3037 3037 16301 16299
2460 9 9748 495 495 1590 1590
36214 0 573 217 217 17691 17660
40874 0 22716 25226 25226 16256 16256
25322 4 40518 12396 12396 4181 4181
2760 0 11134 7532 7532 30420 30414
4446 9 1807 20306 20303 414 414
11636 0 4446 21554 21554 10344 10344
36303 1 2876 4053 4053 13571 13571
37244 1 21630 21017 21017 13378 13377
38942 1 2626 38264 38264 14636 14633
31471 0 2626 1304 1304 5222 5221
3018 0 27173 34409 34409 30583 30583
26985 0 7600 1395 1395 23606 23600
37635 0 7600 736 736 16172 16168
8617 6 7587 22867 22856 125 125
24972 0 1142 1142 1142 8012 8011
680 7 38698 13629 13587 4 4
680 7 40901 13729 13686 4 4
6028 0 29623 10344 10344 22981 22981
29623 0 33835 10930 10930 20679 20677
36506 4 25083 2536 2536 18778 18778
7152 1 4236 22934 22933 7311 7311
22504 0 7152 36971 36971 34156 34151
40876 0 1295 570 570 19787 19781
21646 1 1295 2 1 3 1
22690 0 9531 8333 8333 28971 28966
34554 0 9531 2476 2476 15037 15033
701 1 25692 1 1 2 1
14347 1 5567 40382 40380 40901 40899
22500 1 15849 34784 34783 21795 21794
24584 6 29929 31007 31007 30979 30979
18192 4 1499 390 390 76 76
17820 1 654 2 1 6 2
23192 1 654 1 1 2 1
34164 0 21362 5002 5002 15943 15940
23961 0 6776 1 1 4 2
14951 5 6776 88 88 24099 24094
2111 1 35677 16364 16362 21338 21338
32320 1 16031 6512 6512 9667 9667
31261 4 13766 7368 7368 21393 21393
38116 9 9 297 297 14615 14614
40068 0 28942 25470 25470 16552 16552
21724 1 8592 4 1 3 2
4229 1 37036 11288 11285 22504 22504
29447 0 15913 733 733 5024 5019
16697 4 31051 207 203 6 6
5443 6 33646 18951 18933 44 44
13087 1 36310 13788 13787 40214 40213
22927 4 27025 27436 27436 35289 35289
24129 1 15215 2 1 2 1
24953 0 13135 1760 1760 27444 27436
22068 0 29955 29926 29926 29309 29309
6111 0 23960 1236 1236 3858 3857
6111 1 11198 2 1 1 1
2003 0 4127 3884 3884 30237 30234
40878 0 34399 7525 7525 12543 12540
26349 1 19291 28928 28927 35267 35266
15641 1 5982 12039 12035 31024 31022
21253 0 5982 2066 2066 2758 2758
3948 3 25669 26522 26518 515 515
40879 0 39495 8786 8786 14311 14311
10738 0 8594 259 259 257 254
40612 0 8594 2540 2540 18886 18881
12395 0 4161 569 569 4719 4703
40942 0 4161 454 454 14171 14152
26530 0 25605 18998 18998 24836 24835
25576 0 19971 9236 9236 21812 21807
3574 6 39280 13890 13886 188 188
35051 1 36988 11923 11923 14406 14406
19269 6 3870 26811 26810 29753 29753
26457 1 21879 19583 19583 25068 25067
16049 4 31756 5323 5322 615 615
26279 5 6146 364 364 26399 26387
31974 5 6146 17 17 1904 1898
22137 5 3531 114 114 34142 34121
15837 1 15836 1 1 1 1
3895 0 3721 7 7 1463 1441
23820 6 25420 14 11 3 2
23820 6 11103 2814 2810 141 141
28203 4 29473 19999 19997 4580 4580
2999 1 36067 16819 16816 281 281
11766 5 10754 1271 1271 37916 37897
40880 0 10330 5036 5036 17925 17920
29695 1 25945 21503 21503 28660 28660
15242 6 5534 9 8 38 37
16017 3 30757 1345 1343 3 3
9486 3 6190 700 697 8 8
10504 6 36780 18182 18176 623 623
31226 0 17728 25 25 298 295
8734 1 1538 5 4 2 2
29667 0 249 10226 10226 34152 34107
7681 0 249 138 138 9179 9156
1196 5 12328 127 127 35520 35503
29190 5 2139 15 15 28222 28196
9335 5 2139 2 2 22 7
13338 1 18054 1 1 1 1
19110 4 40436 13750 13750 15101 15101
1935 0 7945 44 44 1156 1144
1104 0 7945 1666 1665 13679 13661
32001 2 3539 36977 36977 24822 24821
7118 0 3978 2802 2802 29261 29245
27765 0 206 1470 1470 23594 23566
16624 9 15794 27499 27499 24957 24957
1966 4 24890 3174 3173 375 375
31338 0 8266 10155 10155 22650 22647
40221 5 73 9 9 18467 18422
3410 4 40221 15037 15036 3799 3799
29650 5 73 24 24 34307 34251
4984 0 73 130 130 1450 1444
7890 1 8556 2 1 3 1
32343 0 7890 3094 3094 29970 29957
4686 0 9935 5799 5799 27772 27759
1690 1 5111 24 14 2 1
23282 0 1690 7415 7414 20230 20221
10335 1 2363 98 98 1005 1000
19856 1 15917 370 369 241 240
15168 1 35514 13699 13699 30638 30638
40881 0 9334 1365 1365 19078 19074
28253 1 28252 2 2 2 1
11736 1 678 22915 22913 7537 7535
12371 1 20336 4 2 1 1
26039 1 31200 18728 18728 20282 20282
39168 1 23614 26943 26943 11559 11559
20692 1 21524 1 1 2 2
24359 1 36592 14507 14507 30523 30522
6740 1 6335 1 1 3 2
38194 0 6335 26554 26554 19160 19160
5315 0 18408 17890 17890 26000 26000
11605 4 40002 10371 10371 17801 17801
12921 1 24570 3 1 2 1
21374 1 12921 4735 4734 2170 2162
5134 2 4633 1 1 9 1
35877 0 85 15 15 19173 18967
23185 0 85 734 734 24688 24468
40756 0 85 15 15 12962 12800
26136 1 26135 1 1 2 2
37633 0 20754 35019 35019 15525 15524
40883 0 1222 831 831 12909 12902
40904 0 1222 886 886 18152 18140
19190 1 22874 32092 32091 27372 27369
14563 2 35454 11752 11751 24251 24251
12530 1 5329 603 603 6651 6650
37793 0 425 17233 17233 16217 16207
7112 1 21005 21430 21430 22408 22404
13785 6 30026 6624 6624 38334 38334
30892 1 27200 1 1 2 2
22309 1 11345 24239 24238 10105 10098
652 1 11489 2 1 1 1
21523 0 5914 40533 40533 38088 38084
19459 1 8641 1 1 6 2
103 0 9917 39784 39784 39946 39945
34367 1 30925 18023 18023 15435 15434
39210 0 36049 13762 13762 12410 12410
27244 6 22681 1732 1731 62 62
12608 4 21734 49 47 6 6
31281 1 6359 1 1 8 3
40153 0 6359 14110 14110 20038 20031
28257 1 28256 2 1 1 1
3741 6 11977 7 6 17 15
8455 0 14334 1396 1396 22177 22176
11170 1 606 3722 3716 2931 2929
9097 4 33963 16273 16272 2169 2169
15436 1 15435 1 1 1 1
9201 1 9200 2 1 1 1
6058 0 5378 38221 38221 38231 38218
5378 1 9054 6488 6486 421 417
24455 0 7235 38280 38280 36715 36710
40886 0 36491 7695 7695 15025 15024
27948 0 29072 19338 19338 23407 23406
2574 1 10949 2 1 1 1
15184 1 36822 14085 14085 35953 35952
17033 1 208 1 1 3 2
5633 0 4663 9327 9327 40557 40541
23779 0 17423 6737 6737 26566 26562
31140 0 1615 23334 23334 32279 32275
25999 1 31140 474 474 755 754
29071 0 25203 26952 26952 32036 32033
4929 4 37085 15174 15168 1399 1399
11962 4 5667 2641 2638 246 246
14732 6 18907 34811 34810 29863 29863
4582 0 23340 3472 3472 7896 7895
2940 0 23340 29609 29609 33669 33666
6093 10 24981 29962 29961 112 112
14001 0 36202 11349 11349 24993 24993
37407 0 19919 26626 26626 17844 17841
28934 0 6210 3250 3250 25635 25632
13298 1 26814 2 1 2 1
12356 1 20726 4378 4377 7420 7419
11679 7 15652 113 111 14 13
18992 0 780 1705 1705 24346 24341
12696 0 1750 65 65 557 555
22477 1 2282 1277 1274 170 170
17701 4 36065 18261 18261 26933 26933
20641 0 36866 18496 18496 29617 29616
31601 0 1352 1051 1051 33181 33175
36144 0 28533 18336 18336 13740 13740
22400 2 2183 78 78 30883 30852
39117 2 5348 320 319 19436 19434
12905 1 5832 3 2 2 2
16355 1 22399 2704 2699 139 139
8334 2 35737 11150 11150 6934 6934
13347 0 26570 15 15 120 119
40889 0 34949 6319 6319 16439 16438
12551 0 7485 9753 9753 9636 9635
3154 1 27514 5 3 1 1
35950 0 20760 319 319 18099 18094
20760 0 25127 8492 8492 23131 23130
23933 1 23098 3 2 2 1
12685 6 19180 371 368 45 45
12358 2 4168 366 366 26106 26097
7700 2 4168 1252 1252 36209 36199
35674 0 16517 24448 24448 17235 17234
6813 1 5175 4 2 2 2
7375 1 7374 2 1 2 2
40890 2 23906 2987 2987 17378 17378
21948 4 38918 11811 11811 26414 26414
17500 9 17499 1 1 1 1
6759 1 21078 3 2 2 1
11196 0 24534 26796 26796 34210 34207
16734 7 13678 29449 29445 3263 3263
865 1 17946 3 2 1 1
1821 6 39122 16300 16289 47 47
11630 1 31896 5 2 1 1
7284 1 17756 1141 1140 129 129
26770 5 6829 1542 1542 28380 28376
37565 1 22789 23276 23276 12603 12602
11926 1 11925 6 2 2 1
27446 1 22702 5 3 3 2
13999 0 37238 14653 14653 27567 27567
2050 6 30438 26682 26682 31815 31815
21493 0 24309 19743 19743 10683 10683
40891 0 13449 24955 24955 16190 16190
15390 1 38904 18424 18423 39847 39847
33146 1 2101 570 570 12016 12009
17987 3 17986 1 1 2 1
29746 3 17987 1 1 2 1
2692 0 10487 284 284 6421 6418
32902 1 29338 1 1 1 1
14511 6 11512 3138 3134 263 263
6117 1 683 1 1 9 3
25817 0 40019 13984 13984 36667 36667
39730 4 31900 5901 5901 16055 16055
14912 3 19439 33121 33118 285 285
34332 4 1842 28651 28648 11801 11801
29957 5 8285 25 25 227 225
8398 4 40398 18132 18132 37395 37395
13141 4 36356 15837 15828 1394 1394
24146 1 36079 17158 17157 3600 3600
12197 1 24146 4 2 1 1
8973 0 15567 2191 2191 19793 19792
2840 1 18631 2 1 1 1
4993 1 4648 1 1 8 1
15543 4 26788 25015 25015 25774 25774
9926 1 1976 3 1 2 1
40893 0 10088 38531 38531 19928 19924
18632 0 15264 2042 2041 6351 6350
25930 4 9684 4 2 3 3
39714 5 5407 22 22 16705 16683
31612 1 9688 40656 40656 39132 39131
1782 1 1781 2 1 3 1
34009 6 39128 11276 11273 13665 13665
25597 0 4132 4343 4343 30578 30570
16378 0 2054 5388 5388 30856 30840
12541 0 2054 1888 1888 32875 32858
2054 1 17904 19263 19263 24868 24867
18557 9 18725 1 1 1 1
40453 1 28165 24073 24073 11956 11954
7231 0 16733 31548 31548 27620 27620
17867 1 14085 6108 6108 4473 4472
36201 4 39259 14125 14124 10385 10385
17202 0 12720 5630 5630 29042 29032
28053 0 4049 1342 1342 1474 1469
25593 0 4049 2735 2735 3854 3848
4049 1 28361 31309 31309 34352 34350
22873 1 37187 17689 17682 6482 6482
37187 0 3391 1304 1304 13194 13190
30984 1 6485 34931 34929 31802 31800
12052 1 6794 1 1 3 2
6371 6 13857 29822 29817 25998 25997
1675 3 3261 19 16 114 113
32329 0 39076 16735 16735 9013 9013
1788 0 22163 12 12 18 16
8791 1 15310 2 1 6 1
13863 1 15310 5 1 5 1
3838 1 15310 1 1 4 1
36716 0 15310 34761 34761 19665 19665
23303 1 6584 37603 37602 31387 31382
9014 0 13840 4960 4960 8434 8432
9501 1 16279 4 3 3 2
9412 1 35482 13298 13294 6345 6345
26517 1 352 10 8 94 86
30651 1 30650 1 1 1 1
13606 0 5759 9754 9754 26952 26938
24242 4 40495 17015 17015 36511 36511
3024 1 8489 4 4 10 5
4914 4 5471 401 397 7 7
16649 0 11808 6180 6180 3935 3932
16580 1 16649 1 1 2 1
8882 1 30608 3 1 1 1
24380 6 4034 4004 4004 8553 8551
20967 1 38940 11518 11516 27283 27283
38940 1 20967 17670 17670 11509 11507
12345 4 32572 21806 21806 27687 27687
17336 1 6811 18122 18122 28028 28026
4393 0 21188 33325 33325 35758 35756
16082 0 19592 30553 30553 34629 34628
13599 4 38034 15681 15681 28258 28258
2399 3 852 1 1 1 1
26551 1 17969 6885 6884 21102 21100
19862 1 25685 40005 40001 40907 40907
33100 0 23835 21272 21272 21883 21879
38732 1 16818 15998 15998 12266 12264
30257 4 39983 12309 12309 4553 4553
2097 1 9439 4 1 7 3
8891 1 8890 1 1 4 2
10946 1 16189 8 5 4 3
23311 5 666 2 2 80 59
7605 1 16736 32925 32924 34012 34011
40896 0 23801 18826 18826 16244 16243
3152 1 34834 11916 11914 15262 15262
8027 0 17129 24222 24222 33813 33812
18036 1 23414 2 1 2 1
10896 1 5187 1 1 1 1
29378 0 14065 7325 7325 23763 23761
11268 1 18820 34556 34555 31073 31070
10603 3 7644 1 1 3 2
28163 6 33290 12395 12395 4705 4705
26372 1 2839 3 1 3 2
13731 1 3340 2 1 2 1
30635 1 27499 26980 26979 22786 22784
19561 2 12788 168 166 112 110
6316 1 14884 5 3 2 1
14884 1 6316 2 1 5 3
40071 0 542 210 210 14086 14075
24433 1 24432 2 1 1 1
8518 8 19686 644 640 5 5
36028 1 13581 16020 16020 12451 12450
23015 1 39472 16460 16459 3085 3085
29941 0 8121 6 6 40 38
11007 0 39628 10773 10773 22141 22141
38483 1 35975 8420 8420 9810 9810
27069 0 17594 39237 39237 37010 37010
31414 0 21528 31707 31707 33065 33062
10966 0 6448 22212 22212 29749 29744
7275 0 36151 18450 18450 27254 27253
10347 0 12311 4 4 14 6
40897 0 15992 2267 2267 18343 18339
29348 1 9181 1 1 5 2
181 4 20452 36314 36309 4771 4771
30056 0 13450 1621 1620 3703 3700
13510 0 34706 13098 13098 31241 31240
9041 1 8986 1 1 1 1
33052 1 6521 1 1 5 2
26934 4 36843 14402 14402 18455 18455
2778 1 2777 5 2 1 1
28399 9 24687 33121 33121 22626 22626
28399 0 7125 226 226 742 741
163 1 9522 1 1 2 1
38964 6 15538 3788 3788 15778 15775
36295 6 20656 4347 4347 14895 14895
7947 1 3044 10300 10298 36093 36086
24577 0 6103 34833 34833 32686 32684
39447 2 955 55 54 14476 14466
27080 0 35724 18153 18153 28501 28501
18317 0 16471 38444 38444 31464 31462
40899 0 1371 16635 16635 15926 15910
35847 0 1371 16655 16655 16084 16067
32447 6 14556 40851 40849 24576 24575
5046 5 5363 33 33 20075 20065
31855 0 1378 32 32 1680 1643
19994 0 1378 4 4 63 29
25740 0 1378 10 10 7429 7390
40676 0 1378 36 36 18901 18844
20832 0 2453 3486 3486 35816 35766
38637 0 35536 14047 14047 14190 14190
29542 6 38922 16159 16159 29800 29800
17578 1 8885 8 7 6 4
40900 0 3668 16853 16853 12124 12121
38879 4 40465 13808 13808 11340 11340
23645 1 3271 2 1 3 3
10717 1 23392 1 1 1 1
7129 6 37636 12066 12052 458 458
7129 6 39342 17549 17530 462 460
22752 1 11603 5 2 4 2
13171 0 2104 1165 1165 10613 10600
3840 4 25993 1252 1251 90 90
6976 1 6542 28656 28656 10030 10030
6504 0 17314 35 35 39 35
1218 1 18913 4761 4758 14565 14565
23637 1 22005 2 2 2 2
12259 4 40042 10608 10608 17097 17097
29053 0 31232 27180 27180 38240 38237
14841 1 11642 1 1 3 2
12434 1 11406 2 1 4 1
4571 1 19807 2 2 1 1
12516 1 16943 65 65 260 258
9471 1 28564 51 47 8 8
40902 0 30686 35218 35218 13297 13297
215 1 13069 6 1 1 1
28342 4 21955 32351 32351 31137 31137
4050 1 5908 37770 37769 26252 26252
10960 0 16571 37370 37370 40654 40653
3343 1 1512 32063 32060 36235 36234
15421 1 7039 4 1 1 1
40903 0 23890 1559 1559 14973 14972
18173 1 23932 2 1 2 1
26645 1 11702 92 92 1257 1256
15117 1 11702 1 1 2 2
7241 1 9423 1 1 1 1
15866 1 20662 40432 40431 38834 38831
308 1 23762 6 3 1 1
1602 1 20590 31923 31920 31738 31737
7541 1 7540 1 1 2 2
4015 0 32323 3572 3572 21585 21585
36003 2 3957 71 71 15671 15667
11479 0 4865 1440 1440 10592 10589
1202 0 14475 34938 34938 39189 39186
14612 1 19739 16 14 22 20
7024 0 6752 3 3 41 35
32853 0 5203 40363 40363 40436 40434
37253 0 40396 11776 11776 15922 15922
34648 0 16831 28807 28807 13208 13208
1613 1 3914 5351 5349 2343 2341
10826 0 26562 8865 8865 29619 29614
23101 1 12527 1 1 3 2
27830 0 8061 19413 19412 10678 10676
20864 1 6464 24524 24524 34260 34258
5262 6 29332 4113 4112 2381 2381
35821 0 16863 2914 2914 15067 15065
13407 1 4967 4 3 5 3
9713 1 18011 38049 38048 19650 19650
31393 4 27927 19498 19498 9728 9728
12347 1 13214 4 3 2 2
22063 1 36525 18693 18693 36541 36541
37425 0 4766 38205 38205 13882 13882
27152 4 38832 18969 18968 1957 1957
31830 5 24055 22984 22984 32001 32001
15799 6 17609 6 1 2 2
38974 0 621 31915 31915 18440 18438
17241 0 17150 7 7 3 2
2858 4 33960 19077 19046 4 4
26230 0 10765 14 14 121 115
19752 1 19897 4 1 2 1
38731 0 10922 27507 27507 19718 19717
30909 6 31031 22047 22047 6520 6520
40907 0 25161 24411 24411 12910 12909
36978 0 692 379 379 17123 17108
29708 0 692 240 240 4848 4838
20476 1 6724 2229 2228 4641 4640
40908 0 7921 38369 38369 15399 15399
2443 9 5163 10280 10279 152 152
12141 1 2443 5 5 10 7
7159 4 32394 1775 1774 81 81
9995 0 1520 1843 1843 23480 23471
3657 1 11758 5191 5191 8109 8106
687 6 27283 28172 28151 1433 1433
8662 0 716 21 21 198 181
7974 1 3145 2 1 3 2
24517 1 9302 24994 24994 22106 22104
7449 0 7095 39693 39692 39521 39521
31989 4 40175 12203 12203 5588 5588
40909 0 3338 34089 34089 17033 17026
19172 0 15730 1512 1511 141 141
15433 6 23550 29171 29169 882 882
15869 1 9418 9 7 2 1
27694 3 13419 1971 1971 33227 33226
21543 0 14367 19547 19547 37530 37524
5015 4 5256 1670 1665 469 469
16016 1 10865 28346 28345 32300 32300
2379 0 14652 40895 40895 40474 40474
40910 0 10662 16721 16721 15266 15260
13388 1 17572 5 4 3 2
38526 0 17405 830 830 12552 12549
9889 0 38560 16845 16845 25747 25747
11600 0 13047 1159 1159 9432 9426
40912 0 9931 38486 38486 17659 17659
36575 0 34172 11753 11753 16727 16724
19960 6 20910 34773 34772 22594 22594
10868 1 6529 120 118 32 29
25398 1 30292 2 2 2 1
13664 1 23487 29892 29890 9323 9322
40913 2 1214 67 67 19327 19309
13094 2 1214 18 17 77 66
16437 0 26208 40834 40834 40691 40689
22757 1 22756 2 1 1 1
40260 0 26108 5360 5360 20109 20107
32735 0 5654 10793 10793 23395 23393
3447 1 9780 4 2 2 1
14404 1 3447 32565 32563 39292 39287
7985 1 4209 2427 2427 8743 8740
40915 0 10407 18771 18771 19137 19137
6851 1 6468 1 1 2 1
15604 3 4192 20186 20186 1346 1346
9074 0 2243 35 35 130 129
16945 1 27937 1 1 1 1
37937 2 17319 1018 1017 11489 11485
17444 1 7040 1 1 1 1
24542 0 21434 40728 40728 40356 40355
19654 0 38248 15452 15452 32455 32455
40916 0 25194 24748 24748 17113 17112
3512 1 1507 198 195 30 30
35515 4 5683 23260 23260 15701 15701
26598 1 13630 3962 3962 5125 5125
3815 1 39428 13158 13156 35826 35826
4037 0 16708 10515 10515 27968 27963
29698 0 8868 4168 4167 1854 1853
15051 1 14230 36598 36598 7468 7465
1006 3 17460 423 422 466 464
20944 1 2415 7 5 11 8
9847 3 11802 20347 20341 54 54
19964 4 40677 18961 18958 526 526
23100 1 23574 1 1 2 1
21645 1 16026 1 1 2 1
3046 0 140 34578 34578 32863 32856
1732 6 23260 13 4 2 2
29279 4 22476 27992 27992 28846 28846
21641 0 8412 4838 4838 21641 21640
40283 0 13935 4175 4175 19249 19246
20075 1 5623 9 7 3 2
32173 0 25942 7743 7743 27984 27982
17114 1 9438 1 1 3 2
33419 4 28271 35430 35428 14433 14433
40917 0 5681 26650 26650 19361 19360
15907 1 15906 1 1 3 1
15906 1 26088 65 62 6 5
14098 4 39569 15959 15957 720 720
4725 1 3135 10029 10028 21928 21927
24645 1 21259 2545 2545 10061 10060
22111 1 25386 1 1 1 1
11499 1 5619 1 1 3 2
3068 1 3431 9 5 1 1
7765 1 7764 2 1 1 1
11813 1 30361 6 2 1 1
13330 1 4080 3 2 3 3
40919 0 27595 21510 21510 15905 15905
26579 0 27595 36901 36900 40596 40595
20569 1 7364 1 1 6 2
27835 1 30774 28857 28857 33898 33898
2212 6 39573 16868 16868 33149 33149
29644 1 22647 1 1 1 1
28102 1 13943 1 1 2 1
39806 0 4094 26432 26432 13943 13943
11333 0 1873 28146 28146 35753 35744
7708 1 7707 1 1 2 2
20826 6 37122 14459 14458 3520 3520
35116 1 2058 17244 17244 19685 19681
4697 1 3858 1 1 2 1
11455 4 7090 5740 5737 403 403
40921 0 10175 1358 1358 13809 13807
38431 1 28014 31088 31088 15442 15442
12033 1 19844 3 3 1 1
5245 0 33893 12635 12635 38988 38988
34222 0 38513 5906 5906 15266 15266
8695 1 8694 2 2 3 1
3104 1 3103 1 1 2 1
15438 1 11384 1 1 2 1
31721 1 24228 1 1 2 2
2370 4 3245 32 22 1 1
8754 1 6098 2 1 2 1
8754 1 4244 4 1 3 1
18988 0 27345 2885 2885 34835 34834
40923 0 13663 120 120 12635 12622
11049 0 722 453 453 5561 5557
38784 0 6570 732 732 15273 15262
16141 4 16183 25814 25812 28361 28361
496 1 32512 2 1 1 1
37743 1 14493 24197 24197 13395 13392
5090 1 38941 17575 17574 40704 40704
34217 1 30032 1578 1578 17946 17945
16865 1 8774 1 1 2 1
26008 1 24248 25087 25085 29674 29674
37763 1 3707 39842 39842 18194 18194
22457 6 34682 11972 11972 15950 15950
33138 1 11811 36943 36943 17142 17142
25767 4 33687 17360 17360 31847 31847
13958 4 28025 11 5 4 4
656 1 37010 14515 14514 15941 15941
10583 1 2117 3 1 5 1
20736 1 17537 4199 4199 2774 2773
10184 0 28333 4383 4383 23577 23573
38142 0 26564 37471 37471 14987 14987
3096 4 25112 152 146 19 19
15613 0 15381 19012 19012 28607 28604
22584 1 12684 40447 40447 37253 37251
10350 1 13671 2 1 1 1
7514 1 25165 4 3 4 3
25852 1 20593 1 1 1 1
14893 0 27550 38093 38093 40271 40271
22787 1 22786 1 1 1 1
5300 0 27067 29504 29503 20996 20996
622 0 8078 5603 5603 37164 37153
24444 8 33475 19593 19593 29558 29558
35002 0 19318 2861 2861 13004 13003
5466 0 115 28357 28357 23959 23945
19843 0 2682 2 2 5 4
22395 0 5140 28359 28359 35002 34998
20504 0 11647 3454 3454 23093 23088
11184 4 27448 34284 34275 4079 4079
33563 0 18375 20750 20750 17055 17055
19846 1 18645 32763 32762 30685 30684
23722 0 20561 23158 23158 6569 6569
36869 1 18872 4283 4283 17522 17517
1358 1 1357 1 1 1 1
13443 1 1717 3 1 3 1
9968 1 13305 2 1 4 1
6222 1 29825 6767 6766 22433 22432
19156 0 89 1201 1201 8304 8297
28882 9 3696 1 1 1 1
40924 0 22072 4583 4583 18796 18794
30066 1 7387 40923 40923 37873 37871
15533 0 7387 51 51 5392 5386
6506 6 39335 14407 14401 448 448
29368 0 40057 16369 16369 21514 21514
27225 6 33459 12129 12125 390 390
34773 0 34386 5630 5630 10988 10987
40449 0 1803 659 659 19306 19298
21774 6 9252 25287 25287 24336 24336
18483 1 17730 1 1 3 1
18247 1 33545 16564 16564 28981 28981
38623 0 5839 30586 30586 13149 13146
4359 1 29197 4 3 3 2
29197 1 13612 27562 27558 6202 6200
27198 1 6242 1310 1310 5156 5151
27447 1 4053 1 1 1 1
13806 1 28087 1 1 1 1
40925 0 19888 16847 16847 13895 13895
9983 4 21913 6299 6298 110 110
20348 0 11447 33677 33677 29383 29383
38036 0 1666 884 884 14391 14382
32679 0 34089 10639 10639 34645 34645
35965 4 17251 3610 3610 16335 16335
18481 6 27900 32883 32883 37828 37828
37628 1 32564 5201 5201 17734 17733
4466 1 21189 2 2 3 2
640 1 7220 2 1 2 1
24070 0 18975 34405 34405 34967 34965
2758 1 22165 4 3 4 3
4556 1 9927 3 1 4 1
40353 0 10745 2598 2598 20682 20677
19632 1 35311 11109 11109 6558 6558
39784 1 31199 39679 39679 13319 13319
4594 0 5891 5798 5798 26212 26208
4491 0 19288 228 228 1008 1006
30729 4 33668 16612 16612 19544 19544
34985 0 3925 1654 1654 19734 19731
28487 1 7168 1831 1831 7349 7346
26416 1 36198 19213 19211 4821 4821
34811 0 1272 711 711 13861 13849
3263 1 2390 1 1 3 1
11689 0 15537 36014 36014 37337 37334
28752 0 4416 585 585 3108 3107
27422 0 8663 19214 19214 20603 20601
5643 1 3754 1 1 2 1
11366 1 26527 118 115 818 817
24792 1 893 2 2 3 3
6657 1 21399 2 2 1 1
18566 1 6657 4214 4214 10466 10465
39413 0 5325 389 389 13899 13884
11969 1 26616 12 12 37 36
36488 1 6245 5992 5992 18215 18211
11151 1 17991 23628 23627 35261 35260
3136 1 16161 1 1 1 1
30980 0 3884 1366 1366 2811 2806
30250 1 32816 2 1 1 1
4638 1 29948 8 8 9 9
27855 0 9636 25443 25443 30297 30297
22777 1 35880 13484 13482 33823 33823
3901 1 1387 28906 28905 19501 19501
22243 0 13777 6602 6602 24801 24792
5542 1 30223 3 1 2 1
38033 0 20954 2302 2302 13284 13284
29753 0 15565 1221 1221 3559 3554
29266 4 13537 930 930 5505 5505
1937 6 25054 31262 31259 4439 4439
21124 0 14843 3352 3352 20317 20314
40927 0 290 191 191 13435 13406
31744 4 8674 19648 19647 3417 3417
40127 0 2558 386 385 15518 15508
2529 4 12558 268 263 18 18
7694 1 33571 12619 12616 29208 29208
22610 0 27194 2911 2910 20297 20293
30249 0 6066 30325 30325 32299 32298
658 0 13432 40223 40223 39696 39690
40928 0 9369 15661 15661 17921 17920
38434 0 9010 1338 1338 16158 16157
30241 6 28445 2861 2859 111 111
35998 1 12005 5136 5136 11547 11546
37809 2 18294 21980 21979 13770 13768
11424 1 34792 17586 17579 27411 27411
35840 0 11072 30774 30774 16940 16937
28978 1 22902 39438 39438 38450 38450
11576 6 38596 11476 11476 20767 20767
1930 4 36216 16839 16833 214 214
7939 1 10211 3 1 2 1
28794 4 27413 32296 32296 17693 17693
5741 0 1817 36970 36970 40048 40048
5741 6 31343 3909 3907 91 91
19214 6 3845 9138 9135 385 384
23468 1 1116 2695 2693 9299 9297
19251 1 13436 3 2 3 1
30832 0 17008 8959 8958 5914 5914
10086 1 10085 1 1 1 1
20123 1 21785 39685 39684 33674 33671
29801 1 16682 5349 5349 3691 3689
2714 6 17927 40 21 6 3
3544 6 29062 8667 8659 51 50
16737 0 2582 5289 5289 17646 17643
37791 0 27732 3763 3763 15510 15506
17526 4 11245 1227 1225 212 212
1533 0 604 1027 1027 34020 34009
39727 1 9142 1719 1719 18868 18863
13018 3 4849 1 1 2 1
32445 0 36854 12618 12618 30216 30215
30065 6 21979 8379 8379 10124 10122
1742 6 21979 29975 29975 36465 36461
23039 1 22926 3 1 2 2
32339 1 27741 36955 36954 35488 35486
17262 4 33581 15927 15927 15252 15252
26419 1 3896 4 4 7 7
2404 6 17683 6339 6338 6586 6586
33189 0 14812 2225 2225 15322 15319
26452 9 7754 539 539 24841 24840
19015 1 28438 421 420 5 3
12913 1 9397 1 1 4 2
40931 0 27727 18697 18697 17110 17109
1419 1 22014 1 1 1 1
22075 4 35020 10869 10869 3193 3193
14470 4 37913 17442 17441 1163 1163
28719 0 7960 33669 33669 35698 35698
8597 1 843 2 2 3 2
14278 0 7240 45 45 10303 10290
2970 0 8651 33610 33610 24643 24642
17407 6 4098 6547 6546 48 48
15599 5 6014 395 395 32413 32410
23298 0 37796 13888 13888 8757 8757
23743 4 1839 35529 35525 4970 4970
9242 1 9241 1 1 2 1
40932 0 8840 24901 24901 13398 13396
20097 1 39891 18029 18026 702 702
28366 1 34247 16710 16709 20733 20733
23644 0 37462 10522 10522 8786 8786
9572 9 9571 2 2 1 1
30724 1 28310 25927 25927 33131 33130
18933 4 6687 4775 4774 1188 1188
17759 0 2861 187 187 4802 4796
40933 0 15371 29003 29003 13388 13388
38707 1 6267 29683 29683 14694 14694
4208 1 4207 2 1 1 1
15219 1 38553 15535 15534 36979 36979
23158 4 15716 7074 7074 25613 25613
21950 1 27256 2 1 1 1
34499 0 3934 40935 40935 16729 16729
35578 1 3227 16221 16221 14249 14247
7908 1 6243 30 24 66 65
1914 6 14604 721 703 2 2
38010 0 30717 26176 26176 17365 17364
40934 0 22330 39617 39617 16049 16049
36509 0 1481 16309 16309 13051 13050
17630 1 5576 2 1 3 2
16260 4 1174 1273 1269 68 68
8162 2 27707 1785 1785 6277 6277
28523 9 16965 35577 35577 30128 30128
40935 0 16658 2021 2021 12503 12501
25614 0 86 4 4 12 10
18620 3 6300 2 1 2 1
10303 0 1380 8589 8589 38402 38388
37033 0 20187 36637 36637 12857 12856
26386 0 18443 37642 37642 38997 38996
38926 0 5480 5254 5254 12818 12817
29831 0 12577 2 1 13 9
15782 0 21097 18890 18890 20771 20771
22438 1 8094 7832 7832 9147 9146
40936 2 3999 32 32 17877 17844
1838 0 11464 8101 8101 25252 25250
14405 6 31106 3091 3089 6613 6613
38576 6 23883 3820 3820 14082 14082
17088 4 35425 15174 15174 2660 2660
849 10 13402 8355 8355 5592 5592
31905 1 5241 1998 1997 1105 1103
5409 0 9991 28 28 11 11
7245 0 31986 24033 24033 26430 26430
34983 1 16742 331 331 11704 11702
10762 1 12714 1 1 1 1
10953 0 273 17 17 142 132
26769 0 1194 28637 28637 27167 27165
12790 6 38666 11835 11834 529 529
20833 0 14547 33779 33779 26185 26185
31477 0 20633 2814 2814 22955 22953
25922 1 17748 5986 5985 9744 9743
35874 0 3549 833 833 19492 19478
24436 1 2798 1 1 3 2
25966 1 11230 35903 35903 32937 32935
16275 1 18980 2 1 8 4
7862 4 17841 4355 4354 1699 1699
12959 0 12265 26979 26979 36233 36233
40938 0 25310 3186 3186 17485 17483
35627 0 3269 719 719 17729 17726
18098 1 22245 27670 27664 6377 6377
35614 0 5846 125 125 17028 17002
29207 1 24456 2 1 2 1
1048 1 24443 2 1 2 1
22767 5 6095 1834 1834 35831 35829
12231 0 16476 3 3 14 11
19496 1 30112 1753 1753 3615 3614
40940 0 7382 2739 2739 16672 16669
8838 1 20614 5 3 1 1
30101 1 30632 2 1 1 1
9830 1 34527 13402 13401 26467 26467
40941 0 13946 30479 30479 16639 16639
28643 0 11339 1778 1778 22135 22131
13847 1 14386 671 670 744 743
27260 1 35256 15060 15059 33859 33858
35120 4 33416 13839 13838 9435 9435
6728 1 6727 8 2 3 1
