33512 0 4410 2 2 56 20
16031 1 32320 23991 23991 14653 14653
40543 5 172 1 1 2729 2381
40543 0 2607 7 7 1269 1249
33473 5 172 1 1 346 7
9179 5 172 11 11 17951 17592
33575 5 172 2 1 422 77
16648 5 172 1 1 350 10
31526 5 172 3 3 16430 16073
6771 5 172 1 1 1362 1015
15476 5 172 12 12 21546 21186
29269 5 172 2 2 8114 7762
11606 5 172 1 1 3406 3057
2234 5 172 1 1 392 49
23355 5 172 2 2 24804 24443
15278 4 39692 1093 1087 35 35
22936 0 14838 2 2 4 4
31887 2 743 10 10 2784 2676
13265 2 743 5 5 1872 1766
33786 2 743 4 4 3339 3230
8790 2 743 1 1 115 11
29405 0 27360 3 3 4 2
35494 1 15192 1 1 2 1
35494 0 6837 28184 28184 29412 29411
18925 1 32325 3 1 3 1
32325 1 8085 2 1 2 1
3750 4 38184 226 196 1 1
3750 4 40324 159 130 1 1
3750 4 17381 137 109 5 5
6331 1 10283 2 1 2 1
11500 6 4785 19 13 8 6
14258 4 24038 27 17 2 2
32661 6 20759 4 4 5 4
12387 1 12386 2 1 4 1
28490 4 38427 11420 11419 974 974
21840 0 107 1 1 44 1
12784 4 107 40933 40926 27527 27527
107 0 5198 64 64 8062 8042
27747 1 27746 1 1 1 1
3916 1 27549 8 1 4 1
6527 5 2139 18 17 1705 1679
16255 5 2139 5 5 776 751
1618 4 14555 18 17 9 9
29103 1 9873 2 1 1 1
38285 0 18633 24 24 308 303
38285 1 26278 1 1 2 1
30253 0 18633 8660 8660 10217 10211
27022 1 435 1 1 1 1
32496 0 4125 33176 33176 21448 21440
24483 0 4125 6866 6866 12675 12668
15337 1 4125 2 1 4 1
4388 4 36757 24 13 1 1
30756 1 32955 1 1 2 1
30757 9 30756 1 1 1 1
16250 1 28482 5 1 1 1
39594 0 51 20 20 7499 7305
13386 0 51 7014 7014 20289 20089
22734 0 51 40232 40232 29497 29295
40690 0 51 160 160 14349 14153
40660 0 51 161 161 14525 14326
21035 1 22109 3 1 2 1
24101 0 28349 4906 4906 15849 15838
38672 0 28349 19 19 3542 3532
40559 0 6722 1505 1505 11143 11139
4705 1 15839 4 1 4 1
39464 0 4705 19 19 396 369
21731 4 9107 305 303 30 30
7590 5 34746 1601 1600 8700 8700
7878 0 7590 11127 11127 18231 18231
39562 0 2740 33106 33106 30379 30379
3212 1 29129 8 1 1 1
3212 1 16271 7 1 2 1
22208 1 3212 2 1 6 1
14179 0 16065 10901 10901 11367 11366
12801 1 4187 2 1 6 1
19501 0 2021 4728 4727 20358 20304
40645 0 2021 1195 1195 13794 13742
27628 0 2021 1748 1748 8224 8173
23729 0 38913 23117 23117 20021 20021
8720 1 9417 2 1 3 1
32234 1 8720 1 1 3 1
12896 1 8372 4 1 1 1
1441 0 27945 36511 36511 40421 40420
4170 6 37882 1664 1650 32 32
2046 0 39706 10367 10367 5666 5665
14436 1 14436 37654 37654 37553 37553
38948 0 20990 14578 14578 21336 21332
20990 1 905 1 1 5 1
9769 0 8193 3825 3825 2361 2361
12450 6 8001 17 8 2 1
1031 1 12972 4 1 3 1
1031 1 1030 5 1 1 1
2604 1 6752 8 1 2 1
11156 0 2604 1987 1987 8806 8767
2427 0 2604 31878 31878 31983 31940
20604 0 2604 102 102 440 405
26334 0 2604 3600 3600 14854 14813
5353 0 6752 50 50 7414 7398
3451 0 6752 943 943 3681 3666
34042 1 10659 1 1 6 1
22643 4 31669 14451 14451 15285 15285
3358 1 24240 7 1 1 1
3358 1 4026 8 1 3 1
40560 0 3229 3385 3385 12097 12087
39572 2 121 2 1 546 63
34055 2 121 1 1 728 235
36425 2 121 1 1 581 96
33961 2 121 4 4 3179 2677
22605 2 121 1 1 663 172
34749 2 121 2 1 533 52
7185 2 121 2 1 491 15
39473 2 121 164 163 22989 22480
36051 2 121 1 1 5777 5273
38744 2 121 1 1 515 35
40601 2 121 1 1 12287 11781
31131 2 121 2 1 497 20
16157 2 121 1 1 655 165
10391 1 121 1 1 1 1
13173 0 25097 34442 34442 24868 24865
1421 0 608 94 94 37501 37100
6033 0 608 39215 39215 35256 34858
40723 0 608 600 600 15769 15382
40732 0 608 594 594 15578 15198
31776 0 608 2 2 374 10
26284 0 608 22604 22604 33692 33296
40750 0 608 595 595 15626 15242
40752 0 608 596 596 15602 15220
12593 0 608 5 5 2120 1752
21041 0 608 8 8 5540 5169
36535 0 608 32907 32907 28652 28258
40642 0 608 587 587 15437 15060
6612 0 608 34674 34674 35240 34843
12763 0 608 64 64 8579 8204
38498 0 608 1 1 373 10
1763 0 608 20 20 6669 6296
35305 0 608 192 192 16577 16187
40693 0 608 595 595 15798 15410
31350 0 608 2 2 375 10
37399 2 2580 1 1 44 7
35976 2 2580 1 1 46 7
21024 2 2580 1 1 61 19
37837 2 2580 1 1 36 1
14534 0 273 9 9 234 220
3275 0 273 64 64 24889 24874
28793 1 273 1 1 5 1
40561 0 2759 1634 1634 12054 12054
17054 0 13663 4 4 120 100
18662 1 11511 2 1 2 1
39324 0 21892 6 6 7 5
5681 0 5376 3 3 41 21
39137 0 3699 5025 5025 11952 11931
5121 0 4055 35832 35832 25848 25845
28225 0 10933 18715 18715 8863 8854
12586 1 18347 4 1 1 1
18347 1 8083 2 1 5 1
8678 1 15844 4 1 2 1
8678 1 8677 5 1 1 1
1900 9 8459 1 1 1 1
13142 1 6617 3 1 2 1
13142 1 3658 4 1 2 1
11554 1 11553 6 1 2 1
6724 1 20476 3744 3742 5657 5656
6973 6 11688 964 948 22 22
28474 0 574 6694 6694 19348 19302
40638 0 574 5 5 11228 11184
3829 1 3828 4 1 4 1
3363 1 3828 2 1 5 1
5303 0 2409 2 2 23 2
19117 1 5303 2 1 2 1
10728 0 2409 1 1 27 5
2409 3 10728 95 95 3 3
20385 4 38169 2435 2435 4881 4881
919 0 36150 2578 2578 8068 8067
15726 1 2782 1 1 3 1
2090 1 33833 5 1 1 1
13956 1 23540 5 1 1 1
26983 0 13956 36743 36743 26119 26111
29443 9 7135 1 1 2 1
26279 0 10532 15530 15530 4749 4745
10532 1 11231 3 1 5 1
8610 1 16790 3 1 3 1
32576 0 296 48 48 8316 8166
32576 4 39358 10267 10267 8446 8446
28775 0 296 55 55 20178 20027
21869 0 296 2 2 189 43
40110 0 296 1 1 141 2
5339 0 296 2 2 178 33
40350 0 296 1 1 150 9
18338 1 25376 3 1 1 1
18338 1 34572 2 1 1 1
25119 0 10706 29 29 97 86
6372 0 10706 533 532 3483 3471
187 1 34587 3 1 1 1
23114 0 8709 14821 14821 28642 28637
23114 9 22355 1 1 1 1
3873 1 28613 6 1 2 1
3449 1 3448 2 1 9 1
1778 1 5313 5 1 2 1
16939 1 16938 2 1 1 1
25259 1 10976 4 1 2 1
25259 0 1054 6 6 27 23
3874 0 21706 32772 32772 33855 33854
17484 0 2318 3 3 1427 1303
9443 0 2318 237 237 10813 10685
36678 0 2318 4 4 188 67
31243 0 2318 2 2 234 112
7726 0 2318 68 68 10978 10849
3353 0 2318 1146 1146 22778 22648
14943 9 14942 1 1 1 1
14943 1 16039 1 1 2 1
2677 1 13356 5 1 2 1
35968 0 32619 19357 19357 23001 22998
31267 0 265 1 1 262 10
30115 0 265 1 1 345 89
39657 0 265 3 3 411 152
39858 0 265 1 1 251 1
22580 0 265 2 2 370 113
14709 0 265 4 4 7036 6776
40562 0 21091 1592 1592 10688 10686
21135 1 12220 1 1 3 1
38664 0 71 1 1 68 7
30298 0 71 2 2 80 18
3066 1 3065 4 1 1 1
23421 0 13784 58 58 493 491
7620 1 21508 1 1 2 1
3069 4 14224 875 853 14 14
14224 4 25214 96 92 10 10
40563 2 6404 18 18 9025 9015
40653 2 6404 18 18 8924 8915
40687 2 6404 18 18 9221 9210
14071 0 278 1 1 183 9
13708 0 278 2 2 207 30
37453 0 278 1 1 187 12
18193 0 278 1 1 205 29
36053 0 278 3 3 295 114
40571 0 278 159 159 14289 14107
40564 0 12078 7793 7793 11905 11899
4462 0 12078 1518 1518 5661 5656
31848 0 10547 2 2 8 6
40565 0 6230 5611 5611 10273 10272
20013 1 1128 4 1 6 1
3348 0 20013 39868 39868 29020 29008
35716 0 21460 2754 2754 4748 4748
7754 3 1296 3312 3310 65 65
7754 9 26452 9551 9550 889 889
1296 9 9053 1 1 1 1
4834 1 21474 2 1 1 1
21474 0 2168 2 2 14 7
33636 0 27948 8210 8210 20159 20157
36719 1 21614 4 1 1 1
40647 0 36719 30397 30397 11570 11569
1594 4 35451 620 616 29 29
7059 1 37735 5 1 1 1
11387 0 1062 2384 2384 8597 8593
4472 1 1062 5 1 4 1
158 1 157 1 1 2 1
157 5 73 61 61 39155 39096
28915 0 6166 23 23 1013 1006
25685 0 6166 2781 2781 8340 8332
1741 5 6166 7 7 693 656
40566 0 3087 28 28 9841 9826
8935 1 20348 1 1 2 1
6215 5 8935 4 4 266 260
40567 0 5596 8294 8294 9282 9282
5596 1 2050 4 1 3 1
14614 1 632 2 1 3 1
23862 0 20853 28749 28749 29946 29945
39256 0 292 2 2 17060 16810
31751 0 292 1 1 348 102
6985 0 292 1 1 245 9
2794 0 292 2 2 243 9
17776 0 292 1 1 268 27
29809 0 292 2 2 254 17
6800 0 292 1 1 315 70
2388 0 292 2 2 293 50
34453 0 292 1 1 279 37
8087 0 292 1 1 295 51
35031 0 292 2 2 396 149
7483 1 4704 1 1 2 1
7381 5 7483 34 34 212 208
18107 1 7419 3 1 2 1
18107 1 33365 2 1 1 1
30799 0 3068 76 76 2928 2914
18024 1 18023 4 1 2 1
24564 1 1410 23842 23841 25207 25207
11009 0 24586 33136 33136 27689 27687
27654 0 11009 36 36 157 157
9001 1 31090 3 1 1 1
31091 1 31090 2 1 2 1
40568 0 19619 30865 30865 12902 12899
1193 4 5665 21 9 3 3
29132 0 160 16218 16218 26711 26669
21888 0 160 17 17 2433 2395
40545 0 160 2 2 39 2
14250 0 160 2 2 37 1
7765 1 3854 2 1 7 1
3854 1 4433 6 1 3 1
10544 6 10337 131 116 3 3
10544 6 30885 1000 984 8 8
10544 6 17616 51 39 2 2
10544 6 33395 15 4 1 1
10544 6 32223 68 55 2 2
2466 0 11399 31425 31425 37311 37304
5110 1 14834 13 4 4 1
5110 1 22509 8 1 2 1
5110 1 13199 7 1 3 1
30654 0 2915 6620 6620 15621 15617
878 1 16142 9 5 5 1
16142 1 878 5 1 9 5
12156 1 16142 3 1 4 1
1555 4 14720 9 3 3 3
1555 0 39 11 11 17353 17141
27854 6 9726 3 1 4 3
22790 1 20846 3 1 1 1
40569 0 28991 27163 27163 9575 9575
31570 1 22745 2 1 1 1
6277 4 13724 27 21 7 7
22265 1 15939 2 1 1 1
3601 4 11291 81 80 21 21
18464 4 28236 2328 2328 2047 2047
21200 1 24456 6 1 3 1
18828 1 21200 3 1 7 1
8407 1 5210 4 1 2 1
5210 1 9174 3 1 1 1
8298 1 8297 1 1 8 1
35442 0 21 18 18 10214 10145
5771 4 35442 1095 1086 8 8
16159 1 6497 5 1 3 1
1826 4 36945 9681 9674 158 158
15560 1 16616 2 1 2 1
5937 1 15560 3 1 3 1
16616 1 35701 3 1 1 1
24090 0 27455 588 587 141 141
3209 1 19072 1 1 3 1
3209 1 2516 2 1 2 1
6274 0 3209 184 184 875 871
32074 1 32874 2 1 2 1
1353 1 16331 5 1 3 1
11260 1 11259 1 1 3 1
21431 0 11260 7475 7475 5676 5674
5666 0 8929 11 11 1118 1103
21034 0 2918 2036 2036 13270 13191
31631 0 2918 317 317 18349 18269
39298 0 4365 1328 1328 17742 17727
38449 0 23581 5 5 24 21
923 0 12300 5098 5098 8380 8380
785 8 923 5189 4739 1 1
16936 0 39 2 2 206 7
6688 0 39 9 9 5628 5421
33920 0 39 147 147 12820 12610
16930 0 39 2 2 318 114
16260 0 39 2 2 6016 5808
9285 0 39 2 2 244 42
36679 0 39 1 1 208 8
13037 0 39 1 1 203 6
17754 0 39 12 12 15651 15440
34332 0 2518 2 2 76 8
24798 0 2518 40806 40806 35485 35416
2518 0 4990 61 61 593 575
36326 1 67 1 1 2 1
31714 6 15538 1966 1965 967 964
25285 1 25279 2 1 3 1
37786 0 14737 2 2 12 1
14737 0 4030 685 685 9856 9828
40570 0 10106 5614 5614 9107 9107
2527 1 15676 2 1 2 1
9741 1 22270 2 1 2 1
22719 0 8583 3 3 17 7
680 7 39181 26910 26847 6 5
680 7 29533 20981 20920 5 5
21810 4 40571 13366 13356 133 133
33488 0 4931 6438 6438 5100 5095
30169 4 22524 12206 12206 18634 18634
1374 8 9876 344 342 28 28
1374 6 6774 26 11 6 3
35169 3 35168 1 1 2 2
6888 0 11405 26846 26846 13628 13622
6889 1 6888 4 1 2 1
11405 1 12069 1 1 5 1
31720 1 33038 1 1 1 1
14747 1 16665 4 1 6 1
30485 0 12240 4450 4450 14482 14481
35384 1 24098 1 1 3 1
33950 1 24098 2 1 4 1
4617 4 2317 157 150 10 10
26645 0 18798 18 18 120 116
1038 4 20161 178 12 1 1
1038 4 39009 25247 25072 15 15
1038 4 31457 179 12 1 1
1038 4 35729 254 81 1 1
1038 4 9526 171 8 1 1
1038 4 36663 209 38 1 1
1038 4 25174 226 54 1 1
1038 4 29468 175 10 1 1
1038 4 40317 266 92 1 1
13441 0 13179 48 48 470 469
31542 0 28557 8719 8719 9861 9859
5421 1 33580 1 1 2 1
8378 1 15959 1 1 3 1
35680 0 16547 1353 1353 5601 5596
4601 1 1480 2 1 5 1
23297 1 23798 2715 2714 4381 4378
36430 1 11632 1 1 7 1
7798 1 10220 2 1 2 1
23291 0 7798 7065 7065 5531 5528
9868 0 9017 3 3 16 5
14301 1 22543 1 1 3 1
9933 4 37354 3188 3188 1485 1485
12205 1 12204 1 1 3 1
24146 0 17669 20967 20967 28508 28506
28393 0 1434 7 7 7439 7378
18831 4 28393 2102 2100 65 65
36594 0 1434 11 11 3046 2986
26925 0 1434 1 1 63 4
18116 4 1434 36409 36402 515 515
21358 1 8040 3 2 6 2
12579 1 8040 3 1 4 1
33003 0 10761 12455 12455 10407 10407
23374 0 739 335 335 1422 1419
32479 1 37820 3 1 1 1
2181 8 30733 75 72 2 2
15394 1 32040 3 1 2 1
28746 1 24321 3 1 2 1
28746 1 16782 4 1 2 1
37839 0 2110 2 2 273 85
38849 0 2110 149 149 11384 11190
9193 0 2110 2 2 8015 7822
20494 0 2110 6 6 2664 2473
38709 0 2110 6 6 5904 5712
30037 0 2110 2 2 294 105
36409 0 6991 38310 38310 17841 17833
36409 1 20042 2 1 3 1
39061 0 914 3 3 269 263
24739 5 914 3 3 10578 10289
40612 5 914 3 3 13916 13626
14021 5 914 1 1 291 11
22854 5 914 1 1 3815 3529
40047 5 914 1 1 357 74
4847 5 914 47 47 17220 16928
25072 5 914 1 1 287 9
7476 5 914 2 2 6345 6058
792 5 914 1 1 284 7
914 1 19506 2 1 1 1
8543 1 28419 1 1 2 1
4324 4 13072 16 2 1 1
3407 0 643 30968 30968 26210 26204
3855 1 643 6 1 3 1
37188 1 1558 1 1 7 1
40712 0 1558 116 116 11886 11872
26674 0 1558 11 11 69 56
30420 0 22047 10859 10858 13011 13010
35704 4 40572 9705 9705 4881 4881
37073 2 7 1 1 39 3
8520 1 5407 2 1 1 1
30398 5 5407 1 1 124 100
11562 0 9512 29657 29657 16608 16606
40684 0 9512 27822 27822 10325 10324
11780 1 18482 3 1 2 1
2837 0 36460 105 105 1249 1246
33600 0 2837 30658 30658 31292 31287
40573 0 11043 117 117 11210 11187
40574 0 11043 117 117 11174 11152
21093 0 11043 5 5 82 61
40497 0 85 164 164 7159 6922
1958 0 85 48 48 13860 13621
39304 0 85 9378 9378 27629 27382
30762 0 85 55 55 27962 27714
8844 0 85 2 2 278 44
24944 0 85 7 7 8344 8106
40402 0 85 6312 6312 23623 23378
5552 0 85 7 7 4445 4209
1522 0 85 2 2 1166 931
37844 0 85 1076 1076 19426 19182
40665 0 85 211 211 14967 14726
5115 0 85 772 772 25921 25675
28159 0 85 2 2 246 13
85 0 12888 254 254 25257 25248
31425 1 15729 2 1 3 1
12042 1 1777 3 1 2 1
12042 0 8268 11 11 499 492
18518 1 14006 3 1 3 1
23766 5 7293 19 17 23 22
15279 0 23766 62 62 161 161
33175 0 5978 29071 29071 19953 19931
15358 1 15357 1 1 1 1
16701 0 1677 228 228 7183 7126
13 0 1677 1 1 60 6
30757 0 1677 10900 10900 28469 28410
7419 1 5076 1 1 4 1
27444 1 17724 2 1 2 1
294 1 18895 3 1 2 1
40575 0 22039 4452 4452 12584 12580
31455 0 1027 2 2 169 17
16597 0 1027 2 2 154 4
40576 0 40452 9692 9692 8329 8329
35090 0 17121 31473 31473 13152 13150
19086 6 21626 8 4 4 1
7887 1 7886 2 1 1 1
34521 6 37498 13607 13607 1578 1578
12662 1 40577 10808 10802 24191 24191
40577 1 12662 23329 23329 10855 10849
39496 1 16365 29518 29518 20479 20479
16365 1 39496 20995 20995 29958 29958
11479 1 5180 2 1 6 1
956 1 5180 2 1 5 1
12458 6 16563 4513 4510 790 789
12921 1 25846 9 1 2 1
36880 4 37832 1331 1331 1101 1101
877 1 14090 77 72 5 4
14090 1 877 5 4 72 67
8082 0 81 1 1 47 2
2497 1 13459 1 1 1 1
31712 0 2497 5486 5486 21144 21046
25460 0 2497 238 238 11165 11068
30267 0 2497 5 5 7232 7137
14684 0 2497 27 27 2406 2313
15327 0 284 1 1 229 9
32738 0 284 1 1 230 9
7747 0 284 1 1 283 60
23048 0 284 4 4 14775 14550
36041 0 284 1 1 222 6
38651 0 284 2 2 301 77
13843 1 13842 2 1 1 1
38649 1 19488 11182 11182 8722 8722
21810 0 2687 2 2 38 3
5646 1 5645 5 1 5 1
5184 1 28989 3 1 2 1
16262 0 16080 151 151 2317 2314
16080 0 314 3248 3248 12333 12327
38255 0 18636 8 8 49 48
16914 1 1218 1 1 4 1
11597 1 2084 5 1 2 1
26872 0 11597 2506 2506 3588 3587
38264 0 1629 2 2 18 8
15932 0 1629 68 68 2258 2247
14940 0 1629 40930 40930 40239 40226
23686 1 7865 1 1 3 1
40578 0 971 37692 37692 12318 12314
4933 0 1287 9 9 74 36
17077 1 1287 2 1 11 1
21855 1 1287 1 1 8 1
2477 9 9034 1 1 2 1
9035 1 9034 2 1 4 1
9452 0 16895 31767 31767 33239 33238
15534 4 27189 15806 15805 2679 2679
15549 0 5198 18 18 226 207
29419 1 23228 2 1 3 1
29419 1 16566 3 1 2 1
29983 1 29419 1 1 4 1
8761 0 9048 10522 10522 12437 12419
16341 0 9048 8054 8054 3493 3477
18043 1 6871 788 787 6014 6012
14676 1 15857 2 1 5 1
4402 1 31378 4 1 1 1
1144 1 9716 1 1 1 1
20128 4 19080 8970 8966 784 784
20128 4 32553 5 2 2 2
40579 0 33801 3480 3480 8302 8302
39697 0 33801 8198 8198 14119 14118
10515 1 20545 3 1 1 1
10515 1 23161 4 1 1 1
20152 1 10916 4 1 2 1
15078 0 1542 40590 40590 38920 38899
3408 6 8332 93 19 2 2
3408 6 33157 83 10 2 1
3408 8 40605 13669 13602 2 2
3408 4 1256 192 192 15 15
22973 6 8518 11005 11005 13089 13088
15512 6 8518 78 75 8 8
37981 1 37980 1 1 1 1
36402 6 38419 1222 1222 242 242
35889 0 1222 741 741 15050 15036
1630 4 3954 6 1 6 6
27378 5 2295 1 1 114 16
16787 5 2295 2 2 296 196
2295 0 20085 39389 39389 40849 40847
2674 1 25490 7 1 1 1
2674 1 37183 6 1 1 1
31859 5 11873 116 116 7752 7748
18301 1 11873 2 1 3 1
3961 4 38195 3 1 2 2
10495 0 65 230 230 11123 11112
19204 0 65 5 5 19 10
29854 0 65 3 3 29 19
4387 0 16744 18307 18307 28779 28776
14355 2 1137 1 1 100 1
31617 2 1137 1 1 106 1
10756 2 1137 1 1 109 3
23780 2 1137 1 1 103 1
19983 2 1137 1 1 102 1
20239 2 1137 1 1 105 1
40735 2 1137 2 2 11493 11385
3870 6 7609 56 50 3 3
12556 0 3870 14310 14310 12656 12650
1226 4 6870 154 131 4 4
23617 4 1226 56 54 40 40
6870 4 29653 6200 6200 3547 3547
2536 1 11404 6 1 2 1
2536 0 5973 34372 34372 39573 39569
12282 1 7778 1 1 2 1
40580 0 22983 27213 27213 13545 13543
12754 0 184 1 1 297 6
2752 0 184 2 2 391 92
30560 0 184 2 2 353 55
31172 0 184 2 2 311 15
36649 0 184 1 1 287 2
39598 0 184 1 1 294 6
29336 0 184 5 5 3173 2872
3249 1 9317 3 1 2 1
20805 0 11858 40026 40026 32197 32189
40593 0 11858 145 145 10685 10678
11617 1 36457 3 1 1 1
11617 1 3182 2 1 1 1
3060 0 11617 13 13 345 340
40581 0 12650 60 60 13197 13176
11149 6 40581 10879 10855 1 1
785 8 11138 20542 20080 1 1
785 8 40710 12544 12090 1 1
785 8 36327 20177 19717 1 1
785 8 39015 28800 28330 1 1
785 8 38312 15653 15196 1 1
785 8 27403 24491 24024 1 1
785 8 1422 24311 23846 1 1
785 8 22169 20590 20127 2 2
785 8 30680 26839 26371 6 6
785 8 37209 12953 12498 1 1
785 8 24124 6820 6368 1 1
785 8 25693 1690 1243 1 1
785 8 446 13269 12813 1 1
785 8 21727 1518 1072 1 1
19992 0 27240 39 39 290 288
6448 0 20717 12 12 214 203
5058 1 6448 1 1 5 1
21155 1 6448 2 1 6 1
40663 0 6448 4568 4568 10690 10685
40582 0 6644 920 920 12706 12696
35177 1 298 1 1 3 1
6700 0 2052 2 2 3 1
15310 1 13032 5 1 3 1
20936 1 17024 4 1 1 1
7054 0 20936 2084 2084 14786 14785
39068 0 5731 2674 2674 6941 6941
40583 0 290 13088 13088 12724 12679
8787 0 290 26725 26725 29239 29193
28170 5 290 3 2 53 30
27556 5 290 11 11 11047 11023
4123 1 290 3 1 2 1
2858 4 290 15904 15871 199 199
38753 0 16960 1517 1517 8338 8333
29292 1 20260 2 1 2 1
7491 1 3611 5 1 1 1
10450 4 40584 12215 12209 124 124
40584 0 427 81 81 12189 12116
7966 0 9605 254 254 9429 9426
32027 0 12798 40728 40728 32645 32645
32795 1 1063 1 1 2 1
2920 1 17874 2 1 3 1
2920 1 4427 1 1 6 1
129 1 4427 2 1 5 1
32885 0 13252 37283 37283 32256 32252
16493 0 20467 1452 1452 3739 3739
40585 0 38674 12330 12330 9100 9100
34 3 10832 7313 7313 19817 19817
8982 1 26420 4 1 2 1
2675 0 965 2 2 39 7
16821 0 965 2 2 33 2
17630 0 9068 7919 7919 19038 19035
18501 6 11746 2356 2356 2147 2147
18495 0 17922 181 181 1992 1991
17278 2 7488 4 2 8 5
2499 1 13511 2 1 1 1
36662 1 17710 1 1 1 1
36331 1 19237 1 1 8 1
18045 1 1998 3 1 6 1
3130 1 4954 4 1 8 1
13102 0 24336 8 8 13 11
271 8 28240 721 710 12 12
271 6 40624 11471 11443 19 19
12111 0 13254 7 7 22 12
19649 0 13254 30045 30045 26861 26850
10494 0 20781 1027 1027 20092 20089
5360 1 23897 1 1 1 1
23898 1 23897 1 1 2 1
17935 1 2212 5 1 1 1
9847 3 26719 10661 10653 22 22
33866 9 23829 1 1 1 1
40586 0 19015 258 258 11508 11495
40713 0 19015 255 255 11610 11596
22702 0 16200 42 42 736 734
3541 1 20787 1 1 3 1
6267 1 20787 1 1 2 1
24216 1 1742 3 1 2 1
1742 0 2571 18727 18727 9135 9133
9291 0 4466 14275 14275 22619 22618
3600 0 2216 9 9 26 20
29682 1 6044 3 1 3 1
40587 0 17191 29554 29554 11720 11717
16309 3 31279 6 1 1 1
40588 0 10342 33929 33929 10629 10628
15741 5 2786 6 6 464 452
2786 1 31467 1 1 2 1
22083 6 37406 4091 4090 230 230
27641 1 17450 1 1 2 1
5520 1 6140 2 1 2 1
37977 0 4550 3 3 180 84
22986 0 4550 2 2 107 13
13964 4 20032 20 7 2 2
20032 4 22514 7 3 2 2
5289 1 2452 4 1 3 1
6078 0 5289 27128 27128 28399 28387
32 4 22428 298 281 7 7
25738 1 1502 3 1 3 1
27499 1 25738 2 1 2 1
11607 6 9604 1925 1924 387 387
383 9 6658 1 1 2 1
6658 1 382 5 1 2 1
16197 1 6658 2 1 6 1
24259 0 16169 37660 37660 31148 31113
22335 0 16169 40889 40889 38971 38935
25952 4 36629 2211 2211 927 927
32112 4 37795 170 170 388 388
20499 0 1592 15 15 1623 1618
19836 0 4030 1 1 31 6
3908 1 31477 2 1 2 1
7874 4 13716 901 873 19 19
10974 4 38608 336 334 33 33
1018 1 7659 1 1 6 1
7144 4 24030 3 1 4 4
12048 4 7144 27 20 3 3
5500 1 21297 8 1 2 1
5500 0 9200 41 41 68 68
27615 0 5220 2 2 80 68
19850 1 2151 3 1 4 1
16779 1 16998 2 1 1 1
10771 4 10410 150 146 3 3
10771 4 21127 4 1 1 1
12627 0 21127 24 24 263 260
40589 2 1646 3 3 8565 8523
32664 5 774 1 1 132 2
30156 5 774 1 1 136 3
27981 5 774 1 1 145 8
13550 5 774 1 1 134 2
21966 5 774 1 1 133 2
19088 5 774 2 2 1012 874
27383 5 774 1 1 140 5
17731 0 774 2 2 110 100
21818 6 37463 18309 18307 7727 7727
10205 0 11093 1189 1189 4863 4842
36918 0 11093 34905 34905 29104 29081
2974 0 11093 10914 10914 22894 22872
13543 0 11093 6 6 109 89
14057 0 7284 36035 36034 27656 27656
7284 1 1156 2 1 5 1
3972 7 20913 9139 9061 1 1
3972 7 40458 1843 1766 3 3
36867 0 8952 29564 29564 18177 18177
39341 4 7922 35718 35718 9109 9109
9031 4 34522 85 68 2 2
9031 4 36372 136 117 4 4
9031 4 22734 87 69 3 3
40590 0 27411 8230 8230 11017 11015
5334 0 8355 4676 4676 9811 9788
8355 0 37159 15350 15350 38783 38783
29370 0 32370 9443 9442 6240 6239
38392 0 2833 40786 40786 28936 28920
17123 1 22282 1 1 2 1
11931 1 23210 2 1 1 1
3929 1 6637 12 1 2 1
39809 0 15772 73 73 47 47
3014 1 16068 2 1 4 1
5872 1 17690 4 1 1 1
38213 0 13538 53 53 1540 1534
15641 1 27635 6 1 1 1
33238 2 955 19 18 423 410
5920 0 30694 122 122 24 23
14280 1 5920 5 1 7 1
15530 0 4225 207 207 1028 1028
28112 0 19783 10 10 22 19
31385 0 19783 1212 1212 14360 14355
1220 0 19783 7230 7230 3289 3285
15603 1 15 4 1 1 1
15 1 5976 2 1 2 1
4744 1 27814 6 1 2 1
26459 0 12430 37338 37338 40772 40769
12430 1 4066 5 1 2 1
9361 1 26566 4 1 1 1
4323 1 10025 4 1 3 1
30746 0 4323 27834 27834 26413 26412
21869 4 16617 13 12 8 8
26942 1 31134 1 1 1 1
12877 0 4127 1358 1358 7672 7669
9331 0 9481 17174 17174 30492 30491
11045 1 10096 5 1 3 1
18526 1 6001 1 1 3 1
6002 1 6001 1 1 2 1
4984 1 3637 2 1 1 1
33272 5 4984 96 96 13397 13391
40591 0 2215 15124 15124 12990 12984
26189 0 15682 2639 2638 1656 1655
8657 6 18527 20041 20041 12209 12209
2095 0 4792 4099 4099 6078 6074
17447 0 4792 989 989 2694 2691
32551 0 7192 5758 5758 17529 17509
727 1 7192 4 1 4 1
38904 1 15390 14 14 68 67
38713 1 6445 2 1 6 1
36718 0 38713 40237 40237 39012 39012
21331 0 14398 36092 36092 32863 32862
1671 0 8078 12572 12572 28763 28751
16941 6 5249 1409 1409 29468 29467
34019 0 7149 26629 26629 31663 31625
18807 1 18806 5 1 1 1
16369 1 3715 5 1 1 1
18079 1 16369 1 1 4 1
26616 0 24680 31003 31003 36753 36751
26616 1 11969 4 3 3 3
36080 0 34647 7090 7089 3795 3795
9970 1 22186 3 1 2 1
21084 4 35872 4 2 2 2
38715 0 5011 18 18 315 306
4226 0 11100 7711 7711 12899 12881
18612 4 33719 25 6 2 2
40592 0 3742 6305 6305 13772 13749
40481 0 4992 280 280 5008 5006
39479 0 28777 16266 16266 5641 5641
1650 1 40174 4246 4239 641 641
1650 1 1311 7 1 4 1
1650 0 21879 28139 28139 30587 30587
16394 1 1650 22696 22696 18078 18070
9761 0 1650 23013 23013 35426 35422
7968 0 239 43 43 1274 1027
7968 1 11878 2 1 2 1
3491 0 239 4 4 290 45
40419 0 239 4 4 1797 1549
17572 0 239 8513 8513 22393 22137
134 0 239 40370 40370 40865 40598
40620 0 239 22725 22725 16640 16388
5037 0 239 1286 1286 26157 25900
23341 0 239 143 143 8444 8193
30294 0 239 2515 2515 29196 28936
11839 0 239 40797 40797 40249 39983
38423 0 5720 12501 12500 6971 6963
36383 0 6139 17689 17689 35055 35048
23143 1 19335 4 1 1 1
6619 1 23143 2 1 5 1
2002 0 19290 5312 5312 7009 7009
2033 1 10164 5 1 1 1
34032 0 13475 24808 24808 31210 31208
34006 1 34291 2 1 1 1
1920 4 13057 69 15 1 1
1920 4 14332 56 3 2 2
1920 4 17214 170 114 4 4
1920 4 20671 161 106 7 7
4419 1 1849 6 1 1 1
4419 1 8002 5 1 3 1
32151 5 11426 3 3 96 86
18951 4 31532 217 210 6 6
18951 4 32437 268 260 7 7
30591 0 49 19 19 496 485
3608 4 24144 70 46 2 2
3608 4 19987 138 113 5 5
3608 4 751 302 276 3 3
17073 1 4982 1 1 3 1
30457 0 3668 20 19 309 302
13681 4 18265 36 30 5 5
13681 4 39987 1917 1910 58 58
18301 5 1981 59 59 18872 18818
40455 0 26054 20690 20690 33716 33714
9094 1 352 1 1 9 1
352 1 26517 14 5 9 7
18661 1 12085 2 1 1 1
15620 4 22311 279 273 18 18
33409 0 22311 34884 34883 12316 12315
1258 1 1257 2 1 1 1
1258 1 7835 1 1 2 1
7440 9 35492 1 1 1 1
40594 0 32069 27587 27587 9509 9509
4292 1 4291 8 1 1 1
13227 1 13641 6 1 2 1
13227 1 540 7 1 3 1
12002 1 7957 2 1 2 1
40595 0 26503 40652 40652 11841 11841
40596 0 16944 30799 30799 11046 11042
16944 1 16943 2 1 3 1
13138 1 13137 2 1 3 1
23155 0 3062 2035 2035 15724 15712
40600 0 3062 362 362 12518 12507
13408 5 2064 1 1 70 46
2652 1 15263 4 1 2 1
606 1 31605 3 1 1 1
27110 0 11322 4515 4515 17931 17928
9199 1 6691 2 1 3 1
6691 1 35867 4 1 1 1
15253 1 22571 4 1 4 1
22571 1 16934 5 1 1 1
12011 0 9758 28532 28532 38358 38336
12011 1 4723 2 1 3 1
27410 0 9758 7 7 125 108
11818 1 12928 2 1 2 1
14656 1 11818 2 1 3 1
16439 0 3281 10658 10658 29314 29311
3281 1 5769 3 1 5 1
23498 1 35393 2 1 1 1
12469 0 15650 25974 25974 36422 36421
19415 4 36359 477 472 27 27
19415 4 9039 4766 4760 402 402
15564 1 25098 2 1 2 1
29421 2 28324 17416 17415 888 888
4753 0 1271 2149 2149 3747 3739
403 1 1271 3 1 5 1
26741 1 17064 4 1 2 1
31116 1 29683 1 1 2 1
31116 1 10855 5826 5825 22083 22082
11565 0 19217 2324 2324 24806 24805
10666 1 2269 2 1 3 1
38441 0 610 2 2 36 2
40747 0 610 1111 1111 12962 12925
38589 0 610 684 684 7044 7008
39062 0 610 4 4 2260 2225
8986 1 27775 5 1 2 1
40597 0 1285 125 125 11689 11682
14201 1 22872 3 1 2 1
14201 1 22141 4 1 1 1
17803 0 34579 4 4 9 8
37095 0 34579 100 100 270 268
11611 1 4777 3 1 4 1
20848 1 4777 2 1 5 1
11687 0 11199 130 130 1428 1410
14407 1 11687 2 1 4 1
2991 1 29472 3 1 2 1
13950 0 13637 145 145 557 552
21726 0 13637 3 3 11 7
23452 0 27533 23631 23631 27294 27292
6739 1 1414 2 1 10 1
11097 1 1414 1 1 11 1
1379 9 8161 1 1 1 1
35420 1 23199 1 1 2 1
23199 1 8758 3 1 2 1
39781 4 29034 3 3 5 5
24328 1 26984 2 1 3 1
27592 0 883 3 3 260 45
26057 0 883 780 780 14127 13904
35017 0 883 5 5 4405 4185
31955 0 883 2 2 251 37
14966 0 883 2 2 221 8
11358 1 11357 2 1 1 1
21577 1 19963 3 1 2 1
28849 6 1609 53 50 30 29
1609 6 8263 66 60 5 5
8531 0 14081 14487 14487 33537 33526
28503 1 28407 1 1 1 1
39294 0 17478 43 43 1220 1216
40598 0 2348 9962 9962 11220 11218
23960 0 13199 453 453 4674 4671
399 1 398 4 1 2 1
24160 0 6684 55 55 179 176
40599 0 11712 6280 6280 10785 10784
18982 0 5876 17 17 1740 1738
18213 1 5876 86 84 15 15
5876 1 18213 16 16 90 88
34510 4 19961 5 3 2 2
30259 1 21208 5 1 2 1
17577 4 34771 15 15 15 15
30657 1 2445 2 1 1 1
19374 4 10501 1629 1629 964 964
26690 6 38361 60 59 15 15
5142 6 18018 1912 1897 28 28
8335 6 5142 31 20 10 9
7831 0 21055 8204 8204 13017 13013
27907 1 14404 36740 36739 27449 27447
14404 1 27907 26830 26828 36651 36650
1175 0 14404 367 367 4743 4741
25106 0 38339 35179 35179 36852 36852
7779 1 33053 2 1 1 1
4104 1 7779 2 1 1 1
7006 0 36034 7446 7445 11197 11195
35113 9 26863 1 1 1 1
12815 4 20100 145 124 4 4
9564 1 1329 1 1 5 1
21276 0 3984 36928 36928 22884 22874
1652 0 3984 46 46 982 973
3625 0 4435 40 40 1289 1286
31367 0 4435 4 4 320 318
30581 1 16682 1 1 5 1
36064 5 2176 13 13 18996 18890
99 5 2176 1 1 108 9
9641 5 2176 1 1 102 4
16171 5 2176 4 4 12978 12873
26128 5 2176 10 10 31332 31225
1908 5 2176 7 7 8279 8175
10424 5 2176 1 1 204 104
2176 1 11120 2 1 1 1
10 4 8672 40 35 7 7
4643 6 5961 12159 12153 152 152
16211 1 18929 1 1 1 1
4844 1 15639 2 1 3 1
21835 1 36257 1 1 1 1
32931 2 5970 23 22 25 20
19745 1 2237 4 1 4 1
10276 0 5907 79 79 1478 1475
20837 1 9151 1 1 4 1
15147 0 1938 116 116 5278 5272
18040 0 11068 2 2 293 279
5173 4 23709 2629 2624 90 90
15430 6 9646 346 345 95 95
15430 4 3544 36 20 5 3
1388 1 20463 1 1 1 1
39201 0 10557 5 5 552 544
4701 6 6142 4 4 3 3
39620 5 4701 1 1 23 2
17538 5 1819 5 5 468 427
14012 1 8954 5 1 4 1
5148 4 21781 1407 1407 2378 2378
22752 1 11878 4 1 3 1
26368 1 8800 2 1 2 1
24546 9 793 1 1 1 1
33697 0 1749 678 678 10192 10178
12548 1 7959 1 1 1 1
2170 6 36952 92 65 1 1
2170 6 1435 91 65 1 1
2170 6 17789 585 557 19 19
40628 0 2170 2441 2441 11739 11717
11745 1 17019 4 1 4 1
1914 6 18394 770 747 1 1
1914 8 19753 1154 1144 20 20
4058 0 9924 1911 1911 5247 5240
37876 0 4058 1 1 37 27
8628 0 14367 2096 2096 22005 21999
8628 3 14961 40121 40119 36097 36097
39060 0 9003 34233 34233 20544 20544
23809 0 3362 36955 36955 24856 24804
18746 0 3362 488 488 4013 3962
34253 0 3362 2488 2488 29152 29099
29236 1 35973 2 1 1 1
29236 1 29751 3 1 1 1
1764 1 26830 6 2 2 1
26830 1 1764 2 1 6 2
40262 4 38717 21407 21407 18282 18282
22671 0 21247 6659 6658 1107 1107
9129 4 26293 165 155 13 13
20158 1 33956 2 1 1 1
35386 0 2558 8 7 122 109
35386 1 4810 1 1 2 1
34559 0 2558 4 3 145 131
2101 1 33146 10 2 3 2
2101 1 20147 7 1 2 1
2101 1 15727 8 1 1 1
34312 6 40486 13529 13529 24461 24461
2381 6 39759 4283 4277 607 607
34198 0 4847 188 188 7522 7492
38741 0 4847 4 4 189 160
26334 1 17027 3 1 1 1
26334 1 11324 4 1 2 1
4277 0 4056 19509 19509 33514 33511
11573 0 4056 34976 34976 39752 39748
24326 1 19636 3 1 2 1
37944 0 6042 2830 2830 8861 8850
6042 0 11666 4 4 114 97
40749 0 24944 7611 7611 10955 10954
8498 1 7256 3 1 3 1
16881 1 9338 1 1 4 1
25360 1 30394 3 1 1 1
16533 1 457 4 1 3 1
16533 1 5139 3 1 4 1
5139 1 20874 5 1 1 1
113 6 26801 5 3 2 1
18225 4 31949 1272 1270 163 163
31096 0 26764 18975 18975 28495 28495
23445 1 20144 1 1 2 1
1322 6 37390 1808 1797 53 53
35223 0 31661 26534 26534 18943 18939
6083 4 7925 18 18 11 11
36842 0 4161 284 284 6353 6325
40673 0 4161 7256 7256 15273 15243
17498 1 21619 3 1 1 1
17498 1 1654 4 1 2 1
39970 0 3052 199 199 572 571
25857 0 28155 6183 6183 8749 8749
35205 0 10662 91 91 6404 6398
3104 0 10662 36375 36375 31948 31940
27896 6 40601 11495 11494 2645 2645
4359 1 21993 2 1 5 1
28307 0 21993 1129 1129 2452 2451
40602 0 300 999 999 12742 12637
21701 0 300 62 62 5489 5386
18354 0 300 16594 16594 28866 28759
7446 0 300 22882 22882 18706 18600
40703 0 300 990 990 12624 12520
21213 1 25178 2 1 1 1
11884 9 3041 2 1 2 1
9796 4 30359 4 1 1 1
4764 1 21744 5 1 1 1
13887 1 1866 3 1 1 1
13675 1 13726 2 1 1 1
27185 1 27184 1 1 2 1
29913 0 959 688 688 9264 9233
21128 0 959 160 160 2251 2222
30482 5 985 3 3 1020 954
6067 5 985 1 1 105 40
12898 5 985 15 15 10442 10374
33867 0 985 9132 9132 9024 9019
19990 0 985 3822 3822 4206 4202
6754 1 35743 3 1 1 1
12952 0 38827 5248 5248 10365 10365
16576 1 38827 3 1 1 1
1678 7 27909 241 10 1 1
1678 7 17606 347 107 1 1
1678 7 34411 293 55 1 1
1678 7 38159 277 43 1 1
1678 7 33433 289 52 1 1
10710 1 38566 1 1 1 1
23757 2 2023 24 24 4890 4836
8705 2 2023 7 7 354 306
2286 2 2023 15 15 375 326
7964 3 1791 3 2 4 1
5580 0 3139 32122 32122 22138 22130
19705 6 7282 1320 1319 174 174
11170 1 15337 7 1 3 1
22652 4 28628 4260 4260 2144 2144
40603 0 5178 426 426 12589 12558
40753 0 5178 420 420 12535 12505
5607 1 5839 2 1 3 1
27112 0 5607 2222 2222 13060 13054
40604 0 3773 35225 35225 10689 10689
23502 0 3591 10068 10068 7192 7186
3591 1 23828 3 1 3 1
3591 1 4974 4 1 4 1
13512 1 11627 1 1 2 1
11627 0 32691 6577 6577 24998 24998
40605 0 7851 29451 29451 10267 10267
40536 0 2861 38753 38753 31254 31245
18541 6 29772 6524 6524 15290 15290
17171 1 14314 1 1 3 1
6430 1 1025 5 1 4 1
33808 0 12168 4 4 72 37
4680 3 30046 22 21 13 13
4680 1 4679 1 1 1 1
26874 1 21974 3 1 2 1
40606 2 9677 14074 14074 10418 10418
13297 4 19277 79 79 95 95
871 1 6778 2 1 5 1
6778 1 18012 6 1 3 1
3278 1 37105 1 1 2 1
40607 6 7316 1412 1412 13085 13084
40607 6 2974 26488 26487 14578 14578
39590 2 17930 4 1 9 1
35134 1 29177 1 1 2 1
37759 4 33633 2205 2205 10565 10565
18141 0 20337 8340 8340 7375 7369
25756 0 18141 37927 37927 23583 23583
31924 0 2137 5 5 50 39
16768 1 3527 2 1 1 1
15053 1 25331 4 1 3 1
2951 1 25331 6 1 2 1
26706 8 17041 11 3 9 6
26404 4 38397 1658 1658 2609 2609
40608 0 11269 1614 1614 10058 10056
570 4 37732 253 251 44 44
9157 2 17319 2 1 5 1
16875 1 3343 3 1 5 1
9424 9 9423 1 1 1 1
9424 9 30295 164 163 52 51
30295 9 9424 55 54 174 173
28528 2 1425 24 23 545 524
40661 2 1425 9 9 9442 9420
16252 0 2071 4 4 27 6
8344 1 23341 3 1 1 1
23784 1 34483 1 1 1 1
7763 1 7762 3 1 1 1
30165 5 860 1 1 367 298
17944 5 860 7 7 14712 14641
9290 5 860 7 7 4403 4333
15462 1 30636 3 1 1 1
35232 1 35821 1 1 1 1
25564 0 8404 6 6 71 53
33907 0 24173 29542 29542 14078 14077
26592 0 8194 10206 10206 30272 30269
483 0 8194 31 31 4575 4573
9566 1 3309 4 1 2 1
40609 0 27148 32253 32253 12937 12933
40718 0 2951 2081 2081 11413 11412
11761 1 12999 4 1 2 1
26237 1 26236 2 1 1 1
24009 6 38249 83 83 227 227
38964 6 24009 9206 9203 691 691
3708 0 9694 35215 35215 35438 35435
40610 0 22619 25024 25024 11991 11985
25185 1 32634 2 1 1 1
40611 0 12710 39101 39101 12680 12677
5005 9 12710 2 1 2 1
7711 4 13896 49 41 6 6
21444 0 1668 11 11 2105 2036
17426 0 1668 1288 1288 17121 17051
38358 0 1668 40821 40821 31217 31146
5746 1 1668 2 1 3 1
26493 0 228 6 6 1158 1085
40675 0 228 40246 40246 16063 15987
22038 0 228 40792 40792 30702 30625
12895 4 10906 376 374 82 82
40453 0 10316 2 2 50 42
112 6 11189 53 7 1 1
3830 1 905 1 1 6 1
708 1 707 4 1 4 1
22664 1 9804 1 1 3 1
36523 0 4686 24197 24197 10449 10449
35422 0 10385 38851 38851 30627 30625
30775 4 5073 8431 8431 12517 12517
5073 1 5072 1 1 2 1
10680 6 18425 1419 1418 385 385
15029 1 11029 3 1 3 1
38345 0 7537 3519 3519 11321 11320
350 4 38228 300 297 90 90
10620 0 1244 1 1 307 26
40677 0 1244 29 29 15155 14865
33735 0 1244 2 2 1327 1040
15016 0 1244 6 6 2145 1857
29065 0 1244 26 26 17753 17462
15149 0 1244 2 2 351 68
16145 0 1244 1 1 278 2
10903 0 1244 1 1 283 6
4345 0 1244 2 2 906 620
30266 0 1244 5 5 24921 24629
36703 0 1244 1 1 284 6
19553 4 9540 1271 1271 790 790
450 4 20276 1210 1192 21 21
21982 4 450 123 117 36 36
37161 1 14121 1 1 3 1
20816 1 14121 2 1 1 1
11305 0 14274 469 469 3445 3440
12347 9 39027 1 1 1 1
17462 6 8373 1275 1260 18 18
17462 6 38751 1546 1530 33 33
11067 1 10029 1 1 2 1
5221 1 11848 2 1 2 1
6901 1 3580 5 1 3 1
15047 9 3513 4 1 3 1
3513 1 12072 7 1 6 1
19227 0 8492 11355 11355 23504 23501
12728 4 4840 18 9 7 7
12728 4 40336 3338 3328 114 114
1053 1 5405 3 1 1 1
1053 0 507 7617 7617 22881 22865
523 6 11110 29 2 2 1
34511 0 17252 10 10 351 339
11212 1 11211 2 1 4 1
8644 1 17442 4 1 1 1
40700 0 8644 4354 4354 11280 11268
19547 0 23405 1193 1192 5767 5757
3994 1 3993 6 1 4 1
31541 0 27211 15382 15382 10596 10594
36276 0 3679 8 8 187 177
40613 0 3721 27 27 11321 11285
14007 0 34084 7 7 400 396
26371 0 12250 160 159 25 23
28054 5 12250 758 758 21233 21220
39517 2 40614 9209 9208 262 262
40614 0 621 31136 31136 11180 11178
6014 0 1641 3673 3673 36923 36917
4778 0 1641 26 26 558 553
12527 1 31620 3 1 1 1
24997 4 4731 6923 6923 4977 4977
36026 0 2392 29256 29256 21364 21363
37802 0 2392 710 709 124 124
4182 4 2884 16 5 2 2
4182 4 36637 4147 4135 33 33
36637 0 1378 2 2 74 15
38852 1 36779 2 1 2 1
7696 0 251 3 3 10283 10227
28258 0 251 35 35 9420 9366
39711 0 251 211 211 10150 10095
24111 1 24110 1 1 1 1
40306 0 18126 1422 1422 9484 9475
12124 1 12123 1 1 3 1
15913 5 4475 5 4 23 4
19517 0 15913 6 6 54 50
4475 0 3779 13973 13973 39570 39515
39636 0 19687 9826 9826 7400 7399
11271 1 27213 7 1 2 1
11271 1 32517 8 1 2 1
32517 1 8906 1 1 6 1
24608 4 30747 3 1 1 1
23217 1 24399 2 1 2 1
29094 0 19267 586 586 1235 1233
3498 1 449 1 1 3 1
449 0 18847 7424 7424 29399 29399
17435 1 8639 3 1 2 1
37239 2 1136 5 5 2064 1992
40615 0 34949 5423 5423 9276 9276
36310 0 13741 1190 1190 10191 10184
36310 1 33374 2 1 1 1
19988 0 5541 797 797 32007 31996
3478 1 3477 1 1 1 1
39338 0 2342 706 706 8018 8014
37502 2 2524 2 1 128 85
38205 2 2524 2 1 50 9
2714 8 39449 21 3 1 1
2714 8 36914 8173 8153 13 13
2714 8 10915 4534 4515 4 4
10239 1 23646 2 1 3 1
6491 4 33367 75 73 8 8
8572 1 2319 3 1 6 1
2203 1 3505 5 1 3 1
2203 1 2202 6 1 2 1
7534 1 2203 2 1 4 1
4312 9 1881 1 1 1 1
1881 1 32034 1 1 2 1
22224 2 6577 6 6 357 304
37828 2 6577 3 3 934 880
34631 2 6577 1 1 67 15
18135 3 961 4 2 10 9
18135 3 20631 2 1 2 1
20631 10 24127 1 1 1 1
26739 0 18996 21984 21984 18721 18713
26740 1 26739 2 1 2 1
40616 0 37405 2010 2010 11314 11313
32555 1 16514 1 1 2 1
57 1 14678 8 1 1 1
1750 1 14678 4 1 2 1
14678 3 3713 4 1 4 1
14678 3 24654 3 1 6 1
40617 0 20218 1726 1726 10955 10950
13411 1 23555 5 1 3 1
5505 0 11298 30868 30868 24826 24823
5505 3 11131 4 1 5 1
19316 0 4045 7049 7049 15003 15002
4899 1 9805 5 1 2 1
21273 4 25459 10 1 1 1
30787 0 1897 38627 38627 21978 21902
30787 1 8109 1 1 2 1
40728 0 1897 209 209 13006 12931
17481 0 1897 338 338 12863 12790
40740 0 1897 208 208 12907 12833
4621 1 4620 1 1 5 1
14843 0 23268 1943 1943 17647 17643
12016 1 12015 1 1 3 1
19364 1 19363 3 1 1 1
40432 0 5164 6823 6822 7328 7318
34663 2 34482 2503 2503 2179 2179
4270 7 27605 57 18 3 3
4270 7 39989 41 3 1 1
24865 1 29189 2 1 2 1
10074 0 7611 6 6 562 552
30125 4 21696 4319 4318 163 163
5262 6 1060 2028 2026 212 212
4252 1 4251 1 1 4 1
22399 1 16355 2547 2547 5251 5246
40351 0 23777 1527 1527 1806 1806
28134 0 25797 5760 5760 11151 11151
36095 0 17496 1506 1506 15885 15884
40618 0 20146 2590 2590 10740 10739
11641 3 6465 13022 13017 82 82
17723 1 36872 2 1 1 1
40243 0 9712 67 67 1870 1866
31655 6 23676 23020 23017 5781 5781
7363 1 9383 2 1 6 1
927 1 19126 2 1 1 1
18550 1 11874 5 1 5 1
6872 1 17571 3 1 2 1
22182 1 3015 2 1 2 1
31726 0 2708 2 2 29 3
10510 1 31299 2 1 2 1
10510 1 11468 3 1 2 1
5637 0 14019 22733 22733 27174 27161
37295 0 5637 38098 38098 24104 24086
40651 0 14019 29875 29875 13746 13734
19127 0 32193 29514 29514 38277 38275
40619 0 17352 33354 33354 12684 12684
18931 1 7658 3 1 1 1
24917 1 24916 1 1 1 1
14958 0 8926 5327 5327 15984 15981
2199 0 12062 50 49 1104 1100
37781 4 33570 3184 3184 1214 1214
2638 1 13670 6 1 5 1
4988 6 37733 2735 2734 1895 1895
7538 0 2453 2020 2020 15276 15223
6470 0 2453 8 8 1226 1175
3450 0 2453 3098 3098 35145 35091
23404 1 36206 1 1 1 1
18078 1 18077 1 1 1 1
12966 4 7733 5 4 6 5
2725 6 35944 1796 1793 100 100
2725 6 38746 10411 10407 608 608
6374 1 6373 2 1 4 1
18028 4 23156 35536 35534 27133 27133
27874 1 9022 1 1 3 1
7520 0 6342 16758 16758 27584 27583
26885 1 36088 5 1 2 1
40337 0 3712 24707 24707 17286 17277
11866 0 2723 143 143 171 136
40672 0 2723 40800 40800 15047 15009
19663 5 5949 154 154 22952 22945
10405 4 39191 137 134 12 12
31833 0 2612 8956 8956 7114 7113
27749 0 2612 35155 35155 34081 34079
36563 6 10574 6454 6452 1749 1748
40621 0 17882 13403 13403 9662 9661
6572 1 34940 28607 28602 13119 13119
2450 1 6572 2 1 5 1
34940 1 6572 12425 12425 28927 28922
11303 0 16874 31 31 336 334
3894 6 39306 1238 1230 31 30
38351 1 38350 1 1 1 1
221 3 8712 3 1 5 1
8712 3 2533 5 1 3 1
40622 0 140 3441 3441 10878 10871
16189 1 10946 2 1 11 8
22380 1 29033 5 1 2 1
33769 1 969 1 1 2 1
21347 6 28199 537 537 316 316
5013 4 21215 132 131 23 23
40623 0 9319 1396 1396 9052 9050
9319 6 20165 2286 2282 472 471
22384 1 2522 2 1 7 1
30132 1 32978 2 1 1 1
28058 6 25609 9054 9048 7102 7101
4994 1 4993 1 1 2 1
515 0 2507 11 11 2346 2341
515 1 25909 7 1 2 1
2739 1 8642 7 1 1 1
8991 0 10772 37236 37236 37774 37762
1796 0 10772 1452 1452 25087 25078
28422 0 10772 19389 19389 27846 27836
21206 0 10772 37418 37418 32387 32376
3799 0 507 13994 13994 28186 28169
3335 4 15150 1199 1195 57 57
28623 1 16535 1 1 2 1
2736 4 39631 50 4 1 1
30472 0 13465 21020 21020 14438 14437
33343 1 22 1 1 3 1
10950 1 13236 5 1 5 1
2967 1 2966 1 1 5 1
39937 0 7513 5674 5673 9800 9800
9419 1 9418 2 1 3 1
39013 1 36698 1 1 1 1
29610 1 10919 1 1 1 1
4538 3 20612 33201 33201 40714 40714
30780 0 35793 12381 12381 31110 31109
24724 0 8582 34159 34159 31991 31983
8582 3 31244 8934 8934 24607 24607
32853 1 1076 1 1 9 1
16397 1 1054 6 2 7 1
1054 1 16397 7 1 6 2
20574 1 20573 1 1 1 1
17492 1 25092 2 1 3 1
38372 5 9152 43 43 2345 2341
20274 0 9152 1169 1169 6925 6924
20264 1 24542 2 1 3 1
18955 0 7329 27 27 1325 1318
23987 0 4369 8283 8283 24034 24012
4369 0 3 9163 9163 31787 31774
2124 1 1068 4 1 3 1
33595 0 1068 28670 28670 12357 12340
5628 7 37755 53 21 6 5
5628 7 12647 37 6 2 1
3996 1 6728 2 1 10 1
40624 2 8477 71 71 10180 10161
40625 2 1565 51 51 11029 11012
36784 2 1565 2305 2304 2009 1993
2962 4 22234 196 166 4 4
2962 4 29412 113 84 2 2
6633 7 36193 24265 24253 13 13
40626 0 614 910 910 11632 11629
31835 1 5813 3 2 8 1
25903 0 9834 26071 26071 20083 20078
16418 0 8858 6111 6111 19063 19051
32204 1 21012 2 1 4 1
36815 4 18543 34408 34408 28184 28184
5960 1 5959 1 1 3 1
5959 1 20633 2 1 2 1
3186 0 19366 2 2 8 2
34490 0 19366 1 1 7 2
9285 4 3566 403 400 24 24
28491 0 21937 37132 37132 19307 19307
14560 0 3579 11329 11329 14287 14275
1548 0 13970 3451 3451 14767 14760
24781 0 9745 36767 36767 30955 30952
37605 1 10437 1 1 2 1
21783 4 36057 300 294 7 7
39777 0 28386 26 26 5 5
12874 0 25149 115 115 1364 1359
34886 0 19548 1257 1257 6789 6788
38549 0 3218 3125 3124 14924 14917
6806 0 3218 61 61 1159 1153
5707 1 9142 1 1 6 1
21471 0 21813 2 2 6 3
3766 8 8009 37 31 22 19
13145 1 9402 4 1 3 1
17843 0 28399 11310 11310 6094 6094
40627 0 1666 93 93 10793 10782
1666 0 8325 41 41 5305 5295
654 0 412 206 206 7298 7291
14956 2 12037 115 114 472 467
617 6 6774 23 9 4 2
9968 1 9967 2 1 3 1
27085 0 35359 2 2 3 3
1637 1 34420 3 1 2 1
5730 0 36803 279 279 2529 2527
838 6 32152 113 105 2 2
23103 0 3276 61 61 4287 4270
35721 0 3276 9568 9568 10428 10410
18987 1 3276 4 1 2 1
40629 0 36565 12056 12056 11243 11242
1164 6 6638 10 5 3 1
34239 9 18569 1 1 2 1
11837 4 28447 26 19 3 3
28130 0 12447 753 753 10116 10112
3649 1 31930 2 1 1 1
11584 0 5856 35658 35658 34996 34968
15608 0 11584 265 265 9997 9994
33433 0 9304 2969 2968 9444 9434
11509 6 13575 10454 10453 1566 1566
3459 1 18716 34413 34402 29822 29822
28208 1 3459 1 1 11 1
18716 1 3459 29949 29949 34437 34426
33370 4 36554 141 141 484 484
36554 4 19332 4070 4070 3221 3221
28158 1 24705 2 1 1 1
3450 1 13968 6 1 2 1
32129 0 885 71 71 306 299
23550 0 341 36758 36758 35839 35833
20836 1 23921 5 1 2 1
23921 1 19782 1 1 1 1
20335 0 25270 18 18 9 9
32163 4 27952 29347 29346 7106 7106
22393 0 1973 311 311 3571 3516
40727 0 1973 7432 7432 14764 14707
25244 0 1945 37902 37902 32956 32932
33880 0 1945 22285 22284 9940 9918
24265 1 658 1 1 2 1
8592 1 8591 2 1 3 1
799 6 14682 392 374 48 47
799 6 23999 49 32 3 2
36839 0 32330 9227 9227 27303 27303
9877 9 17446 1 1 2 1
9284 6 40237 2839 2839 12985 12985
8440 0 10175 9 9 584 579
15799 6 17610 30474 30462 5280 5280
1955 1 12334 1 1 1 1
15612 1 33784 1 1 3 1
26154 6 29880 5 2 3 3
27300 1 30734 5 1 1 1
27525 0 3582 40440 40440 34157 34129
30440 0 27525 12482 12482 12071 12070
11629 1 3582 5 1 1 1
3325 0 31371 2771 2771 27343 27340
8222 0 5081 1758 1758 7464 7462
9760 1 9759 1 1 1 1
1709 1 2722 5 1 1 1
12888 6 33923 2817 2816 6468 6467
23634 0 4578 21549 21549 25496 25494
3258 9 23634 1 1 1 1
17187 1 13864 4 1 2 1
17187 1 11812 2 1 5 1
17187 1 6726 3 1 5 1
9561 4 39738 22 17 4 4
40630 0 4049 3674 3674 12903 12889
23531 0 4049 210 210 7523 7510
19 1 6484 9 1 4 1
19331 0 6850 8 7 32 8
27088 1 9828 1 1 1 1
35702 0 15222 123 123 523 521
20635 6 21042 739 737 66 66
22261 1 13269 1 1 3 1
22970 1 22969 4 1 1 1
18827 4 15294 1293 1293 860 860
9782 1 3951 1 1 1 1
35390 0 7258 33869 33869 15880 15880
36733 6 32656 38318 38318 28434 28434
38009 0 28740 17308 17308 31611 31610
26011 2 4090 2841 2839 8091 8061
36107 2 4090 2 1 40 11
33747 1 4090 1 1 2 1
36531 2 499 2 2 198 165
24281 1 11177 1 1 5 1
1223 7 34593 345 332 4 4
24757 1 2423 2 1 10 1
2423 1 2422 8 1 1 1
22776 1 9885 2 1 4 1
15285 1 9885 2 1 5 1
9885 1 28854 3 1 2 1
10713 4 34491 23593 23587 4607 4607
21164 0 1390 25968 25968 16060 16049
32940 0 30056 2604 2604 760 759
21775 0 25753 20813 20813 24440 24439
33648 1 6674 1 1 4 1
2761 0 4715 8367 8367 34846 34832
6696 0 4715 14 14 942 929
17030 9 4295 1 1 1 1
13412 0 21233 806 806 9382 9380
28826 1 6595 3 1 4 1
20832 1 11711 3 1 6 1
14280 1 11926 6 1 4 1
29160 1 15901 3 1 4 1
16032 6 33387 17 7 6 2
11676 0 14498 6 6 295 285
16565 2 11676 19 19 1180 1179
31288 6 28201 13 13 188 188
40631 0 12856 1045 1045 10592 10590
24723 1 5785 4 1 4 1
4523 1 5616 3 1 3 1
12257 3 13172 5 1 3 1
12257 3 535 4 1 3 2
26683 0 5772 20 20 602 570
336 1 17653 3 1 3 1
1046 7 15073 8619 8499 1 1
1046 7 30406 6244 6125 3 3
1046 7 27214 328 212 1 1
1046 7 33079 29777 29656 2 2
1046 7 5787 130 16 1 1
2624 1 19875 2 1 3 1
19876 1 19875 1 1 4 1
15802 0 7902 1973 1973 10539 10535
9265 0 3141 6 6 1887 1836
12722 0 3141 13 13 2539 2487
10103 0 3141 21787 21787 21234 21181
7145 5 1658 1 1 33 22
7145 0 1669 38910 38910 35132 35126
12738 5 1658 39 39 4207 4195
17951 0 1658 702 702 1563 1557
27703 9 34293 2 1 1 1
29800 4 28661 27 26 15 15
6381 1 190 4 1 1 1
859 9 12748 1 1 1 1
30017 1 859 2 1 1 1
18820 1 11268 29683 29680 34298 34297
1823 0 4690 23354 23354 40390 40390
21777 0 6768 14145 14145 18518 18517
6768 6 21336 4 2 2 1
40091 0 4569 16181 16181 11112 11095
14867 2 741 1 1 44 1
14867 4 4956 8 8 84 82
12851 2 741 1 1 51 5
20925 1 20924 3 1 1 1
1674 1 931 1 1 1 1
34244 0 32041 28509 28509 25674 25674
40632 0 7551 17 17 11299 11266
14712 0 7551 2040 2040 7792 7760
2716 1 35898 4 1 1 1
40633 0 13777 87 87 11524 11514
37358 1 31163 1 1 2 1
11679 7 23483 3242 3235 7 7
7229 4 27626 37 21 2 2
22653 0 16517 11886 11886 8091 8091
16217 0 5288 2599 2599 5605 5601
2278 6 26447 996 987 135 135
24890 4 33643 144 143 25 25
32433 0 15559 4844 4844 8994 8992
22947 3 32423 4845 4843 12 12
23487 9 11721 1 1 1 1
15940 1 23487 2 1 1 1
23487 0 13665 18 18 409 407
18752 1 299 4 1 5 1
18752 0 8047 11940 11940 36015 36008
15683 6 19775 6 4 12 11
39821 0 33635 23 23 314 312
12743 1 17790 2 1 8 1
40634 0 28094 3343 3343 12579 12574
2256 1 14167 3 1 1 1
18933 4 20525 24 22 17 17
17224 1 10004 5 1 3 1
37117 0 6089 13665 13665 23268 23257
3733 1 37117 2 1 2 1
2521 0 8501 2707 2707 25602 25597
16781 1 14407 6 1 3 1
14716 0 14407 27902 27902 16185 16183
8270 0 36693 41 41 29 28
6368 5 4264 3 1 7 1
35387 1 19174 1 1 3 1
13187 1 18773 3 1 2 1
10051 0 11733 14 14 347 340
26059 4 39209 2 1 2 2
11003 1 3102 5 1 2 1
10718 1 11003 3 1 4 1
11003 0 12665 731 731 9541 9540
3102 0 37135 3 3 2 1
18521 1 21925 1 1 2 1
8854 1 7411 2 1 4 1
16381 0 23939 60 60 2 2
451 0 1929 1 1 232 9
33456 0 1929 2 2 254 28
24694 0 1929 1 1 225 4
39387 0 1929 2 2 224 4
7613 1 12661 4 1 1 1
7197 1 15448 3 1 1 1
17662 1 15448 1 1 2 1
37672 0 16158 639 639 5506 5506
21547 1 21546 1 1 2 1
10702 1 23017 5 1 1 1
438 1 34948 2 1 1 1
18006 4 18624 5 5 6 6
9736 0 18836 1502 1502 3155 3153
26667 1 37019 1 1 1 1
2440 0 6281 18 18 127 119
26061 1 34300 2 1 1 1
7854 1 4665 3 1 2 1
4819 4 14283 43 41 6 6
38806 0 30214 19658 19658 29062 29062
8314 1 16121 4 1 3 1
39546 0 27758 4 3 21 16
19102 2 1216 6 5 19 17
29584 1 17589 3 1 2 1
23903 0 2218 40712 40712 36761 36753
10504 6 23689 186 180 65 64
21753 1 24319 2 1 1 1
27512 2 9554 24 24 4309 4307
33772 0 18060 7513 7513 8357 8356
40635 0 11401 17038 17038 10861 10853
37827 0 12143 23589 23589 14750 14747
10219 1 15914 2 1 4 1
40636 0 10144 2673 2673 11567 11561
25012 1 28395 1 1 1 1
10163 1 36165 2 1 2 1
13634 1 16425 3 1 1 1
10718 1 3101 2 1 3 1
32269 4 13378 8228 8227 54 54
132 6 7098 37146 37119 9994 9994
132 8 30058 97 70 2 1
24046 2 7098 7 7 3 1
34096 2 6504 4 3 17 14
16928 1 39641 8 1 1 1
10361 0 11019 430 429 1564 1563
31941 1 1800 16685 16685 18169 18167
1800 1 31941 18144 18142 16200 16200
15215 0 10045 14926 14926 11566 11566
13118 4 38898 348 342 25 25
32650 1 7755 2 1 3 1
12467 4 34649 7 1 1 1
9896 1 18285 1 1 1 1
7667 1 12425 2 1 4 1
13792 1 1506 3 1 2 1
27011 1 15878 4 1 4 1
29234 0 35329 13873 13873 12866 12866
7943 0 10653 5328 5328 15744 15738
17967 0 7943 4 4 30 25
27950 1 7080 1 1 3 1
32191 0 30183 24124 24124 23992 23992
8067 4 31485 292 292 132 132
40637 2 3638 9870 9870 11088 11085
3845 0 33389 8 8 22 15
34507 0 1864 50 49 255 255
1864 4 25736 125 46 1 1
1864 4 34970 116 38 1 1
9467 1 9580 2 1 3 1
13612 1 17386 4 1 1 1
13700 1 35600 3 1 1 1
4329 0 8286 22247 22247 20914 20910
32613 1 25386 1 1 1 1
5658 1 17587 3 1 5 1
5658 1 6582 2 1 8 1
39787 0 127 2 2 38 1
14136 0 127 21770 21770 33284 33246
13276 1 13275 1 1 2 1
40639 0 13366 28168 28168 9932 9932
13367 1 13366 2 1 1 1
40275 5 7288 14 14 1004 990
1302 0 875 14496 14496 21965 21965
1302 1 25385 4 1 2 1
875 1 12410 5 1 2 1
4494 1 89 2 1 3 1
18990 0 89 35156 35156 33264 33246
40640 0 24053 1091 1091 11156 11155
18859 1 233 1 1 6 1
12436 0 233 39374 39374 23312 23312
7065 1 30772 4 1 1 1
934 0 7065 1138 1138 1937 1937
2370 4 38227 22 3 3 3
2370 4 36484 42 22 2 2
25146 1 23224 1 1 3 1
30650 5 5167 2 2 85 67
4399 0 17631 223 222 175 173
4487 1 23828 2 1 4 1
40641 0 6889 39232 39232 12956 12952
14877 0 673 1 1 151 132
11236 1 11235 1 1 3 1
18886 1 5777 2 1 1 1
23603 1 14746 16404 16402 18390 18389
38534 6 21834 233 233 220 220
29015 4 35243 409 409 1296 1296
5305 9 11107 1 1 1 1
1754 1 11107 6 1 2 1
4526 0 16078 3 3 51 38
33020 0 17455 5 5 215 210
11439 0 3779 24 24 22032 21978
11995 6 27315 3753 3743 44 44
4069 1 10264 3 1 3 1
16543 2 7941 477 477 15352 15351
30820 4 40098 3 3 3 3
7608 6 17250 1318 1318 2057 2057
34850 0 14755 49 49 499 498
29978 0 14755 42 42 770 768
1608 0 27044 4 4 5 2
21522 0 4706 25566 25566 21040 21040
21523 1 21522 1 1 3 1
18705 1 10129 3 1 3 1
4870 4 23128 406 388 2 2
7327 1 28238 1 1 1 1
34202 0 26992 24361 24361 14923 14923
36557 0 6350 5 5 89 83
35418 1 29484 2 1 1 1
7541 0 4367 40593 40593 39377 39348
11932 4 32067 58 44 4 4
10275 0 17996 491 491 8279 8276
39456 1 19704 1 1 3 1
18323 0 586 19 19 9432 9354
13562 0 586 95 95 24801 24721
4417 1 586 2 1 8 1
7278 1 586 1 1 6 1
27593 1 12739 1 1 3 1
12739 1 21738 2 1 3 1
12654 0 8574 7 7 15 14
9238 1 23492 4 1 2 1
31611 0 7155 26 26 797 791
7156 1 7155 2 1 2 1
7155 0 32985 548 548 4317 4315
16869 0 14047 1244 1244 486 483
2512 1 11785 1 1 4 1
11088 1 10937 2 1 4 1
28051 4 23671 439 439 3216 3216
20731 0 20684 14267 14267 33150 33149
4385 1 3236 1 1 7 1
9432 9 1667 3 1 2 1
9432 0 10503 24622 24622 29362 29362
40643 2 3999 7 7 10687 10648
40646 2 3999 7 7 10740 10699
40743 2 3999 7 7 10645 10607
40711 2 3999 7 7 10633 10596
40755 2 3999 7 7 10725 10685
12237 1 7953 3 1 4 1
25278 1 37411 3 1 2 1
408 4 23469 6 4 3 3
1148 0 17366 11197 11197 14081 14073
7956 0 627 10 10 63 63
9729 1 6968 1 1 8 1
24511 0 1344 51 51 35 35
27740 0 26327 3 3 7 2
7986 8 7255 15047 15041 105 105
7381 1 25502 5 1 1 1
2902 1 11262 8 1 3 1
9042 1 10887 3 1 5 1
9043 1 9042 3 1 5 1
6541 9 6540 1 1 1 1
40644 0 9111 1215 1215 11738 11732
26375 1 21045 1 1 3 1
1257 1 11847 2 1 2 1
19650 1 21679 3 1 1 1
4031 1 5234 8 1 2 1
40645 5 20085 305 305 12188 12187
12097 1 7899 3 1 5 1
12097 1 15381 2 1 2 1
15381 6 27596 8 6 11 10
3911 1 3910 1 1 2 1
6582 1 4443 7 1 5 1
16646 1 30805 6 2 4 2
37036 1 4229 1231 1231 6886 6882
12072 6 37740 26 23 1 1
2007 2 12273 1 1 57 8
11567 0 73 7 7 770 760
10875 0 11567 4740 4739 3085 3085
18947 5 73 32 32 22144 22086
40724 5 73 23 23 14693 14636
27976 1 38676 1 1 1 1
33023 4 28124 153 152 27 27
21030 1 8155 2 1 1 1
27238 5 13249 7 7 1017 1002
5870 1 5622 3 1 5 3
5622 1 5870 4 2 3 1
27901 0 19859 235 235 640 639
40662 0 19859 33555 33555 13823 13821
31613 0 29521 23030 23030 15452 15451
17378 0 6050 34 34 9329 9328
40155 5 4554 87 87 25105 25097
40527 0 7268 21316 21316 31164 31156
14066 1 11728 1 1 7 1
26527 1 20615 4 1 3 1
33593 9 20131 1 1 2 1
27280 1 21426 1 1 2 1
3040 1 17693 2 1 2 1
25658 0 485 37224 37224 32543 32542
18469 5 129 10 10 5221 5176
28264 2 19665 2 1 4 2
27241 5 5742 1 1 30 10
5026 0 25220 39561 39561 38256 38253
11821 0 23942 41 41 91 90
28145 0 21469 34412 34412 28876 28876
36421 0 23934 17846 17846 6543 6543
5784 1 37926 6 1 1 1
10931 6 4938 580 579 61 61
1857 6 34576 2094 2061 24 24
1857 8 29220 1398 1387 24 24
11116 1 11115 2 1 2 1
3144 1 34206 2 1 1 1
29262 1 30989 1 1 1 1
1904 0 13709 26 26 797 777
10949 1 12159 4 1 5 1
10852 1 10851 1 1 1 1
38604 0 9315 6 6 987 985
40648 0 20404 34525 34525 11332 11330
455 10 12842 1 1 1 1
5537 6 32458 3079 3079 19612 19611
3621 1 28895 16 1 1 1
4946 9 20388 1 1 1 1
37381 5 2404 1 1 74 11
18509 5 2404 2 2 4978 4914
34190 0 4417 302 302 3589 3585
7826 1 7825 1 1 1 1
7825 1 29516 2 1 1 1
10788 1 10787 2 1 1 1
13090 1 23239 3 1 2 1
21630 1 3350 2 1 2 1
40681 0 21630 5175 5175 10293 10292
40020 1 27893 1 1 1 1
192 0 3182 33232 33232 21338 21290
40659 0 3182 9 9 11519 11472
25380 1 34263 3 1 1 1
40649 0 16215 24214 24214 11657 11656
40446 1 23732 64 64 1702 1699
23732 1 40446 1706 1703 58 58
34086 6 5206 1168 1168 102 102
2858 0 20996 34 34 803 800
18116 0 20996 21 21 7373 7369
10925 1 12946 3 1 3 1
29210 0 28005 37687 37687 34308 34305
27124 0 25522 32814 32814 30099 30095
12679 0 25522 32726 32726 18472 18469
40650 0 7972 23 23 11972 11955
637 8 34610 752 729 12 12
8063 1 12534 6 1 1 1
18731 1 18730 2 1 1 1
20947 2 909 3 2 23 17
1431 4 36937 18 3 2 2
15092 4 39339 25331 25326 2359 2359
8626 1 17737 2 1 1 1
8142 0 267 202 202 2908 2886
13601 0 267 40025 40025 38654 38630
4749 1 3012 3 1 4 1
34451 0 4286 1436 1436 3253 3245
19033 0 4286 1276 1276 13735 13726
4562 1 2073 4 1 6 1
2073 0 12505 19 19 339 332
31431 0 724 4077 4077 27411 27391
38103 0 724 720 720 13999 13981
40654 0 724 173 173 12893 12876
16201 1 29447 4 1 1 1
5631 1 37242 3 1 1 1
8758 0 904 13037 13037 27796 27783
4273 0 20274 5902 5902 3473 3472
7509 1 28460 2 1 1 1
24248 1 26008 66 66 330 328
16580 0 4596 36572 36572 27229 27156
31450 0 4596 122 122 4345 4273
26018 2 7003 2952 2952 14223 14222
27767 0 33139 18 17 2 2
11803 1 3063 6 1 6 1
40671 0 11803 3596 3596 11641 11640
8515 0 9557 5 5 51 31
30217 4 31100 9 2 1 1
149 0 8325 4 4 192 183
16886 0 8325 36694 36694 31545 31534
6021 3 6419 5460 5460 34809 34809
8937 1 15399 3 1 3 1
15399 0 15413 337 336 249 248
16850 0 2816 329 329 8806 8795
1495 1 1496 3 1 1 1
22266 1 13419 3 1 1 1
4036 6 25770 3 1 2 1
9661 1 35820 7 1 1 1
33793 5 226 19 19 2187 2177
7617 0 3106 2356 2356 2522 2522
25454 0 8768 20768 20768 29572 29572
40652 0 19798 7647 7647 10266 10264
12951 1 6835 3 1 3 1
13042 1 35270 2 1 1 1
22965 1 29226 3 1 1 1
27680 4 33739 6 5 5 5
1899 1 12199 3 1 2 1
28178 1 1166 2 1 2 1
7900 0 1166 34830 34830 36935 36925
23262 6 32818 102 101 22 22
5593 6 11394 25170 25167 23700 23700
8267 1 5593 1 1 1 1
3044 1 2035 7 1 5 1
3044 1 16109 8 1 2 1
21419 4 26177 1012 1011 132 132
21419 4 31110 5229 5227 878 878
13244 1 13243 2 1 1 1
29344 0 8327 6490 6490 8147 8138
33450 4 37712 12781 12781 5958 5958
35194 4 34100 20 18 7 7
40655 0 9708 53 53 9839 9830
11987 1 24184 2 1 2 1
40067 0 28616 11692 11692 18348 18348
11962 0 5446 1 1 19 1
40656 0 23923 3199 3199 11172 11170
17906 1 39780 1 1 1 1
12010 0 12867 201 201 821 821
27741 0 9592 36792 36792 33706 33696
31815 0 20618 482 482 1137 1136
36783 1 30240 1 1 2 1
18655 0 7908 30747 30747 37532 37530
6243 1 7908 6 5 16 9
24740 1 21889 1 1 2 1
4775 1 10634 1 1 3 1
25665 0 1971 16369 16369 20288 20277
1669 3 13851 1585 1580 21 21
2025 6 7292 1890 1888 153 153
14912 1 32715 4 1 1 1
12038 0 38396 4944 4944 24530 24530
35926 5 7786 78 78 9932 9912
825 4 18445 21 10 2 2
40657 2 26386 12408 12408 8701 8701
20788 1 2698 3 1 4 1
11974 1 28533 3 1 2 1
40658 0 20524 6196 6196 11361 11359
30364 0 7177 24170 24170 22958 22952
17270 0 3160 6 6 273 257
29793 0 3160 38099 38099 32745 32728
23134 2 3167 132 131 3505 3483
11450 0 3167 53 53 103 92
12666 8 16098 15344 15336 33 33
12666 8 36039 17980 17971 63 63
31571 0 30708 16113 16113 26110 26108
5912 1 2368 3 1 4 1
31386 1 8649 1 1 1 1
982 1 215 3 1 5 1
33373 0 6364 955 955 14373 14369
13857 6 25567 23946 23946 2278 2278
13500 0 351 1 1 126 4
22904 0 351 142 142 10974 10849
28665 0 351 3 3 135 11
40717 0 351 1705 1705 14641 14515
18938 0 5892 5 5 18 11
16099 1 26369 2 1 1 1
2721 9 2720 1 1 1 1
24582 0 15825 25325 25325 28900 28895
32819 1 28176 1 1 2 1
36852 4 37506 264 264 463 463
2214 0 15911 17495 17495 21765 21765
4259 1 4258 1 1 3 1
257 1 24309 2 1 1 1
4917 0 9090 3 3 50 49
9090 1 14439 2 1 5 1
20691 0 1251 2 2 14 10
27447 1 14144 1 1 2 1
40664 0 2231 486 486 11989 11960
16037 0 2231 419 419 6657 6629
13008 1 27465 3 1 2 1
11452 0 25129 26198 26198 35585 35580
231 0 1467 3379 3379 16439 16396
3531 0 28084 10649 10649 34858 34857
3531 1 4181 2 1 2 1
6594 1 4528 1 1 4 1
19437 0 14525 36307 36307 38772 38737
8031 0 14791 25898 25898 12297 12286
31367 1 1787 1 1 2 1
9853 1 760 7 1 2 1
27431 0 39165 3023 3023 5422 5422
36977 0 5846 2 2 46 16
3013 0 40092 39 38 97 96
2724 4 36323 36 6 1 1
7159 4 9738 30 28 4 4
38226 0 6849 2 1 16 11
4087 3 16968 6 1 5 1
4087 3 4129 5 1 5 1
31274 1 31273 1 1 1 1
5582 1 25676 10 1 1 1
25982 1 16758 1 1 4 1
16758 1 25203 3 1 2 1
1131 4 12184 50 1 2 2
22246 0 24779 35880 35880 33172 33170
15361 6 28949 165 165 2792 2791
36223 0 8406 40757 40757 39643 39633
1772 8 35641 7241 7240 1793 1793
1772 8 37471 6984 6984 22078 22078
8336 2 1773 1 1 42 5
19749 1 22236 1 1 1 1
36152 0 33158 923 923 1968 1967
9803 4 33158 120 117 16 16
31178 6 27506 13 11 5 4
19480 0 22889 846 846 8350 8350
1803 1 3108 10 1 4 1
3108 0 30670 143 143 1529 1527
23633 1 27801 3 1 2 1
10997 5 6030 59 59 6891 6889
10997 1 30683 2 1 1 1
4151 6 35893 12 3 1 1
21421 3 7727 2 1 2 1
8947 4 25382 226 224 18 18
28887 1 2749 2 1 7 1
30602 0 7963 20771 20771 29173 29168
28803 1 7236 1 1 1 1
17376 6 18797 14 2 1 1
18797 6 7347 5483 5479 208 208
4486 1 6243 9 1 1 1
38461 0 30319 1418 1417 3142 3138
10089 1 7989 1 1 10 1
12058 1 2312 1 1 10 1
8268 1 5633 3 1 2 1
40666 0 16421 8809 8809 7547 7547
18179 9 5219 1 1 1 1
10733 1 1830 7 1 4 1
433 1 15766 2 1 3 1
30942 1 704 1 1 1 1
11977 0 6276 1723 1723 14047 14041
40667 0 25385 362 362 11526 11523
17801 0 24596 2680 2680 8581 8580
36884 0 4188 28638 28637 8311 8311
10301 0 9082 60 60 1841 1839
15234 6 20190 6 6 696 693
31040 1 34714 2 1 2 1
23336 0 36235 145 145 4836 4836
33510 1 34163 2 1 1 1
14971 1 14960 1 1 1 1
17273 0 4918 6629 6629 20539 20538
30507 0 542 2 2 16 4
30659 0 542 11 11 5056 5042
21349 4 34315 604 604 338 338
7012 1 7012 2251 2251 2116 2116
6351 0 5112 716 716 1558 1557
29074 1 29073 3 1 1 1
21454 1 39437 1 1 1 1
4178 6 21454 23001 23000 3582 3582
33809 1 29402 1 1 2 1
24898 0 7415 11480 11480 19978 19958
808 1 807 2 1 1 1
22710 0 22555 1466 1466 9978 9977
10110 1 18587 2 1 3 1
18587 0 20875 34776 34776 31286 31278
16329 1 3909 4 1 2 1
1432 4 8490 52 37 1 1
16905 1 10533 2 1 2 1
9956 1 2505 1 1 2 1
22993 1 6303 3 1 2 1
17529 1 8542 3 1 4 1
18744 0 6242 7 7 168 163
40668 0 881 12501 12501 11621 11617
23982 1 23981 1 1 1 1
40669 0 14189 1239 1239 9405 9403
5759 1 26443 3 1 1 1
24585 2 10398 5 5 1300 1275
14448 1 10398 2 1 2 1
28412 0 37012 10216 10216 10792 10791
6886 1 32873 2 1 2 1
9765 0 19420 14 14 413 412
1752 1 9904 7 1 4 1
20473 1 13402 2 1 3 1
39769 1 25538 90 90 85 85
25538 1 39769 87 87 94 94
21180 6 11296 3 2 4 3
4128 1 25065 1 1 1 1
40670 0 14798 791 791 10478 10476
40670 6 40706 9488 9488 11068 11068
6066 0 11939 40508 40508 37826 37817
24884 4 6439 57 57 198 198
26927 1 4813 5 1 3 1
12620 6 33079 11106 11106 5976 5976
23142 1 23141 2 1 1 1
2112 1 15204 3 1 2 1
31063 4 40391 4 4 4 4
23817 1 38036 2 1 1 1
35101 0 20547 13275 13275 14534 14532
34252 0 7906 1324 1324 11889 11888
6576 6 15513 1753 1753 16305 16304
2696 1 307 5 1 2 1
2831 0 2696 35 35 1490 1479
1570 1 15541 4 1 4 1
2232 0 35643 31795 31795 27615 27615
4771 4 1369 149 96 1 1
4771 4 10898 3531 3477 8 8
25079 0 1369 5732 5732 23763 23761
19764 0 29317 14327 14327 17754 17753
30894 0 2657 65 65 298 292
30894 1 30893 1 1 1 1
35465 2 9450 4 4 359 349
27198 0 19507 5 5 29 23
9577 1 18755 2 1 2 1
9577 1 2300 1 1 7 1
6591 1 15671 1 1 2 1
40674 0 19768 824 824 11265 11264
2835 1 10762 3 1 3 1
40036 0 8241 8060 8060 7746 7746
15566 4 17079 228 223 13 13
38115 1 37110 1 1 1 1
35182 1 26668 1 1 3 1
8887 0 10579 97 97 1246 1245
39995 0 13740 673 673 2472 2468
5336 1 2296 5 1 2 1
1528 1 2296 4 1 3 1
34557 0 26 14868 14868 16619 16617
12745 1 18647 3 1 3 1
7997 1 15740 3 1 2 1
7489 6 25346 1876 1870 229 229
22264 0 6890 99 99 14321 14320
21341 1 26384 2 1 2 1
130 5 1981 92 92 26223 26168
18980 1 21881 5 1 3 1
18980 1 12859 4 1 2 1
40438 4 2459 38711 38710 3585 3585
2459 0 22692 110 110 107 106
32399 6 35294 3530 3530 530 530
16433 0 15675 2453 2453 1093 1091
18645 1 19846 15922 15921 9177 9175
1831 1 13620 1 1 1 1
27640 0 35564 5752 5752 12568 12567
28049 2 12715 62 62 2765 2749
34427 0 119 2693 2693 4921 4884
38238 0 119 4 3 44 8
14129 1 14128 1 1 1 1
16455 0 30527 7 7 28 26
22880 0 2807 2933 2933 6287 6283
5517 1 8571 2 1 3 1
31628 0 6776 2250 2250 7491 7482
14732 0 6776 9377 9377 26282 26272
1395 1 10603 4 1 1 1
26249 1 1851 1 1 2 1
21189 1 25948 4 1 2 1
30647 0 1326 1102 1102 18180 18164
10370 0 1326 12872 12872 2783 2769
25930 4 10103 590 584 26 26
39271 2 916 4 3 352 210
39473 2 916 2 2 458 312
33293 2 916 3 2 323 182
13451 2 25375 14 14 79 77
1346 1 6170 4 1 5 1
2261 4 14320 48 32 3 3
1705 6 39241 62 55 1 1
858 4 23688 8 7 2 2
11337 0 13858 34560 34560 36495 36489
36322 0 427 5 5 3718 3647
28974 0 4885 99 99 1501 1491
23365 6 15758 186 186 30 30
11547 1 11546 4 1 1 1
32755 0 697 1 1 7 2
7568 1 7567 1 1 1 1
21710 0 5678 1 1 11 7
33405 0 5891 26 26 582 579
19993 6 40676 12460 12457 305 305
8878 1 6111 1 1 4 1
11299 0 8050 381 381 6730 6726
6501 1 6500 1 1 1 1
9095 0 6138 6965 6965 20810 20795
29324 0 5429 29389 29389 19508 19508
28608 4 27634 34985 34985 32613 32613
25947 1 30204 2 1 5 1
8835 6 24716 8444 8435 579 579
31000 4 5709 15 12 5 5
14357 0 30076 207 207 348 348
15636 1 14742 2 1 3 1
8343 1 5855 2 1 5 1
13930 0 14302 3 2 8 3
6188 4 19609 77 59 2 2
30806 1 21229 1 1 2 1
21465 1 2680 1 1 3 1
5567 0 3263 19167 19167 9472 9462
1114 0 3263 9326 9326 32183 32172
15163 1 28250 4 1 1 1
24491 0 21806 36282 36282 33382 33382
13957 0 21517 18417 18417 26490 26489
26206 0 1852 972 972 5169 5121
31320 0 1852 2 2 142 95
35402 0 1852 5841 5841 18966 18917
17351 0 1852 19059 19059 27453 27402
12201 4 35651 23 18 3 3
26615 1 23283 2 1 2 1
38530 0 8201 33574 33574 26251 26237
26273 0 19179 23146 23146 9106 9106
31727 0 26208 10 10 38 37
14610 4 22269 879 877 59 59
6596 1 29722 2 1 1 1
35251 4 10622 10543 10543 20494 20494
33036 1 22694 2 1 4 1
9486 3 22694 28469 28464 75 75
7279 1 30681 6 2 10 7
30681 1 7279 10 7 6 2
35732 0 7738 3 2 44 43
6160 1 6159 2 1 1 1
40678 0 38900 23457 23457 9879 9879
12283 1 12051 3 1 2 1
20982 0 18646 2 2 5 3
9855 6 9449 1040 1015 10 9
8464 1 26186 4 1 1 1
36328 0 27331 8 8 245 239
28307 1 1781 1 1 4 1
22552 0 40034 8848 8848 5256 5256
40679 0 762 24416 24416 12802 12799
40680 0 38335 29418 29418 9690 9690
8103 1 9200 6 1 1 1
22832 5 2978 1 1 71 4
14475 5 2978 17 17 18322 18252
30111 0 9494 2 2 14 4
29085 1 18188 2 1 2 1
16374 0 151 544 544 8674 8667
40682 0 8093 606 606 13373 13346
7574 4 40009 251 249 6 6
40683 0 17911 1867 1867 11876 11873
7705 4 24544 12 6 3 3
31888 0 115 4144 4144 21333 21316
115 1 10641 8 1 2 1
9351 1 17202 2 1 4 1
728 1 727 6 1 3 1
31869 5 18855 130 130 16306 16292
38772 5 18855 8 7 45 33
33573 1 10115 1 1 2 1
6813 1 5176 3 1 3 1
30270 1 25946 1 1 2 1
23870 1 10884 7 5 2 1
40110 4 30283 25 25 9 9
39171 0 8786 1760 1760 7080 7076
13098 1 17229 8 1 2 1
9972 0 7945 744 744 10598 10575
2006 0 13976 2435 2435 3152 3150
21615 1 20726 4 1 1 1
35582 4 39566 5045 5045 2193 2193
14559 1 1815 2 1 3 1
35120 4 2143 1597 1594 45 45
15991 1 12504 1 1 4 1
6429 1 22011 3 1 1 1
5547 0 10707 12 12 1487 1462
11434 0 10707 15 15 148 124
8030 1 4592 4 1 2 1
19180 0 7178 19601 19601 2998 2996
20863 1 24708 3 1 1 1
32763 0 11178 8756 8756 2873 2873
20883 2 3869 3 3 1011 981
35373 2 3869 6 6 1029 998
20259 1 28121 2 1 3 1
1015 1 24451 2 1 2 1
3316 2 13606 15 14 69 66
24587 2 13606 29 26 81 77
36313 1 28400 1 1 1 1
4016 1 4015 4 1 1 1
6051 1 9303 2 1 3 1
22179 0 25743 29792 29792 27043 27040
37112 0 3027 260 260 8736 8684
16612 0 3027 5 5 94 43
23303 0 3027 13001 13001 26672 26619
40685 0 14898 39279 39279 14781 14762
3073 1 5623 3 1 2 1
40686 0 15810 18629 18629 9038 9038
30554 1 16575 2 1 1 1
5024 1 5023 1 1 4 1
5023 1 14075 5 1 1 1
10386 0 32386 36 36 29 29
7372 1 7371 2 1 1 1
5715 1 7372 3 1 1 1
29949 1 15424 1 1 2 1
5878 6 40688 10472 10472 34495 34495
4191 5 15351 336 336 26945 26939
2940 1 4191 4 1 5 1
25827 1 12437 1 1 1 1
1272 3 28165 38288 38288 37870 37870
14132 0 1272 553 553 12151 12133
4011 1 4010 2 1 2 1
4845 1 28045 3 1 2 1
5366 1 30121 3 1 2 1
4481 0 726 12503 12503 16908 16906
40457 0 20078 5 5 342 340
30688 0 343 2939 2939 11598 11597
18211 1 9926 2 1 3 1
2626 1 38942 65 62 10 10
40689 0 5724 17655 17655 12136 12132
37366 5 7581 1 1 1410 1395
11382 1 32851 9 8 2 2
5088 1 16447 2 1 2 1
17053 4 35164 2 1 2 2
31043 0 2411 3 3 752 738
14198 9 19677 1 1 3 1
16831 1 10331 3 1 7 1
21138 1 1713 2 1 3 1
3171 1 5790 7 1 2 1
21991 1 8254 4 1 2 1
35908 0 25798 4571 4570 7187 7184
12857 1 5476 5 1 5 1
35252 0 17711 33890 33890 15683 15680
28389 0 14982 6 6 2477 2466
31024 4 31588 9868 9863 718 718
9654 1 29009 5 1 1 1
4563 1 25251 6 1 1 1
18116 4 20686 466 460 29 29
16060 0 3587 16286 16286 23464 23462
3587 4 8188 9833 9828 379 379
27481 1 2605 4 1 1 1
15624 0 36918 21750 21750 18482 18480
1577 1 15781 10 1 1 1
15666 1 17997 3 1 1 1
28302 4 39471 81 79 6 6
33415 5 5247 1346 1346 23663 23656
3684 6 39371 1029 1001 15 15
25710 1 27965 3 1 2 1
7053 1 421 3 1 2 1
40691 0 15594 26864 26864 8103 8103
32417 0 5874 1 1 14 3
11643 1 2947 2 1 4 1
10227 0 3024 11289 11289 20490 20487
27766 1 28521 2 1 1 1
38480 1 3659 1 1 1 1
9606 4 26316 2269 2269 1961 1961
29309 4 40692 10465 10465 11766 11766
14773 1 27094 1 1 3 1
22485 1 22609 2 1 4 1
30461 1 30460 1 1 1 1
12623 6 21249 6447 6445 311 311
26639 1 20503 1 1 2 1
33655 1 17423 1 1 2 1
19226 0 11808 79 79 843 838
26110 0 11232 57 57 705 700
40694 2 593 13 13 10676 10649
21150 0 15854 30367 30367 32690 32671
28268 0 11999 1454 1454 4607 4599
17580 0 904 27 27 4311 4299
40695 0 14893 2111 2111 11961 11957
34842 4 40695 9953 9953 3586 3586
14185 1 14184 2 1 2 1
8884 1 14612 9 1 2 1
16510 1 200 3 1 5 1
15432 1 18001 1 1 2 1
32997 1 13791 1 1 1 1
303 0 17950 6652 6652 18326 18326
33519 0 27346 47 47 129 129
15824 1 15823 1 1 2 1
14165 0 3327 217 217 844 842
14338 1 7944 2 1 4 1
37789 0 249 835 835 25827 25781
35878 0 20973 288 288 5645 5642
4738 4 12512 2655 2655 2648 2648
35985 0 8123 3112 3112 16023 16016
5272 0 10613 8005 8005 14072 14061
40696 0 8840 228 228 11633 11625
16619 1 25469 2 1 1 1
3348 5 666 1 1 28 1
2132 1 13176 2 1 3 1
34276 0 2321 175 175 200 200
19794 1 2321 2 1 4 1
9342 1 14083 4 1 2 1
30825 0 38668 8420 8420 16785 16784
6424 6 12616 93 85 4 4
21004 0 4962 4642 4642 2311 2286
22132 0 4962 947 947 5241 5215
40697 0 11827 9804 9804 11374 11372
30574 4 31725 1000 999 228 228
12558 4 21580 245 242 59 59
37995 5 5095 9 9 155 152
24376 1 9395 3 1 2 1
39499 4 35831 3098 3098 2156 2156
11463 0 14752 961 961 9066 9053
33818 0 14752 33 33 50 38
22715 4 4266 2488 2488 253 253
12505 0 4123 49 49 1979 1945
33279 0 5569 9742 9742 4292 4292
9991 0 34008 3 3 2 2
4175 4 38868 6 1 1 1
35323 0 27596 1074 1074 2945 2941
631 1 24226 5 1 3 1
14963 1 13720 1 1 7 1
17000 1 13720 3 1 8 1
39297 0 2168 2 2 19 11
16002 1 2168 3 1 4 1
29934 4 38843 13 13 23 23
33092 1 31136 1 1 2 1
27031 1 13986 2 1 2 1
35263 0 1655 2011 2011 6865 6864
2450 0 4469 31 31 190 177
1578 1 40178 28038 28036 35733 35733
26605 6 3123 4 4 2967 2943
11250 0 7751 213 213 10518 10507
20723 1 6065 4 1 5 1
12012 4 26621 160 155 21 21
20541 1 6096 1 1 3 1
10408 1 6096 3 1 2 1
33794 1 19512 1 1 2 1
13633 0 19626 136 136 681 681
1586 0 13633 5673 5673 11640 11638
24020 1 24180 1 1 2 1
20628 0 13346 207 206 4489 4480
40698 0 2446 353 353 11687 11682
21278 1 21277 1 1 1 1
25474 4 40699 12766 12765 2531 2531
19291 0 8918 327 327 866 862
31396 0 14136 50 50 310 301
28894 1 584 181 181 727 725
8779 1 8778 1 1 1 1
29462 1 21665 4 1 2 1
8023 1 11230 2 1 2 1
20159 4 19474 30361 30359 1900 1900
21179 1 22813 4 1 2 1
35310 0 20208 1822 1822 10003 9994
9322 1 30070 2 1 3 1
10417 1 2419 4 1 2 1
22334 0 18443 31528 31527 29061 29061
14787 0 3443 2131 2131 12769 12758
16795 0 14750 22 22 2389 2379
40701 0 16348 17741 17741 12539 12538
40702 0 33675 22831 22831 13102 13101
6409 0 21362 11 11 73 69
623 1 17904 3 1 1 1
17904 1 2054 39652 39651 25071 25071
9574 1 9573 2 1 1 1
15060 1 20539 2 1 2 1
6048 0 5381 4 4 130 120
23163 0 30710 53 53 364 363
29611 1 5237 4 1 2 1
1028 0 8309 54 54 1337 1332
23172 1 8309 1 1 13 1
14353 1 19003 3 1 5 1
22019 0 2903 3 3 95 84
20023 0 1165 86 85 478 475
34338 0 36445 10029 10029 26106 26105
5001 0 17736 9931 9931 14977 14977
36419 1 3674 1 1 6 1
11263 1 23301 4 1 1 1
29082 0 26351 1494 1494 3618 3613
21660 1 26299 1 1 1 1
39966 0 18719 24693 24693 21140 21136
18720 1 18719 1 1 2 1
2930 6 272 19 11 28 26
3518 4 27027 16 1 2 2
36416 1 20761 16898 16898 5471 5469
20761 1 36416 5501 5499 16249 16249
33109 0 24935 761 761 3609 3608
6793 1 10304 1 1 5 1
40704 0 6614 36 36 11692 11667
40751 0 6614 36 36 11510 11486
16139 0 4350 15713 15713 29869 29864
21940 1 23937 1 1 1 1
19960 0 16266 33134 33134 35130 35107
1845 1 8269 2 1 3 1
232 0 2648 22 22 26 23
232 6 17789 6971 6965 11945 11944
34270 0 18015 25050 25050 36987 36987
24712 1 7631 1 1 1 1
3631 0 37202 3289 3289 28723 28722
18106 4 23302 5981 5981 4523 4523
3465 3 3464 3 1 3 1
9643 1 9642 3 1 3 1
34133 1 9643 1 1 4 1
670 1 2513 1 1 4 1
37205 0 39503 26775 26775 14652 14652
28259 0 36836 28360 28360 31308 31308
20126 1 16918 3 1 5 1
40272 0 692 88 88 3718 3694
17173 1 12824 2 1 2 1
7115 1 24859 1 1 1 1
11393 0 1590 3745 3745 24777 24753
37412 0 7056 542 542 17635 17620
36021 1 20995 1 1 2 1
10424 1 10423 1 1 3 1
33501 1 10423 2 1 4 1
29780 6 3760 26842 26841 13791 13791
7736 1 25350 1 1 2 1
12655 1 815 7 1 4 1
31370 1 144 2 1 2 1
1978 0 3730 5 5 3 2
32261 0 11924 4793 4793 5300 5300
8487 1 9673 4 1 7 4
33428 0 37409 6962 6961 4966 4966
23396 4 40705 12550 12549 3481 3481
29953 1 14896 1 1 7 1
14276 1 38742 2 1 1 1
7473 0 19431 234 234 550 550
5693 1 7319 1 1 3 1
22815 1 22814 1 1 1 1
34547 0 3323 35217 35217 34585 34576
4061 1 5748 2 1 4 1
20917 0 2366 2806 2806 982 982
7818 4 6043 35 17 7 7
6955 1 1022 3 1 4 1
7183 1 7182 2 1 1 1
12394 4 39269 7420 7419 983 983
27586 1 5584 1 1 2 1
18452 4 28455 468 468 271 271
4573 1 32597 1 1 1 1
15943 0 16708 66 66 1222 1217
8780 4 40707 8894 8894 10525 10525
40707 0 6292 22102 22102 14596 14586
27923 4 37614 29210 29210 9276 9276
26268 4 38287 13768 13767 13244 13244
28859 0 2729 792 792 8685 8681
23556 0 15588 23916 23916 21161 21161
844 1 6913 4 1 2 1
3714 3 3713 3 1 3 1
40708 0 33878 838 838 10489 10487
3153 1 37241 2 1 1 1
17086 1 12044 1 1 2 1
30713 0 4685 5 5 10 8
40709 0 1639 57 57 9178 9170
38976 0 16196 4 4 4 3
26147 0 11192 772 772 9076 9060
19874 0 11192 146 146 6297 6282
37730 0 19526 17 17 86 84
39748 1 19526 1 1 1 1
10389 4 6632 12476 12474 1487 1487
27700 1 2941 2 1 4 1
32864 0 15383 21494 21494 10179 10178
7665 4 35503 289 284 12 12
25037 0 18558 29464 29464 33684 33684
37968 1 6086 94 94 20 20
6703 0 23635 13197 13197 26777 26777
38553 0 1373 810 810 14524 14523
22107 6 36069 140 132 18 17
11759 6 5497 40 29 2 2
466 6 30194 57 48 1 1
7675 1 17823 5 1 2 1
17457 1 2429 4 1 7 1
37969 0 15954 3 3 9 7
4042 6 39726 4413 4410 549 549
19544 3 34567 2 1 1 1
31729 1 3925 1 1 2 1
40714 0 39507 19717 19717 10153 10153
13043 2 3943 1 1 31 1
39320 5 3785 287 287 31388 31370
5403 0 4108 99 98 68 66
31478 0 40396 12197 12197 18505 18503
40715 0 1096 587 587 11278 11268
2298 4 26266 5 1 1 1
40716 2 475 4 4 10073 10002
40733 2 475 4 4 9956 9886
25107 0 30236 35418 35418 18123 18122
10318 4 6623 130 126 8 8
21098 1 21097 1 1 1 1
34757 4 36292 14858 14856 2513 2513
19146 6 27617 6 6 5 4
27617 6 21541 36717 36716 21503 21503
14760 4 27348 53 52 34 34
10785 1 16980 2 1 3 1
1004 0 1686 36 36 704 697
13693 1 30628 2 1 3 1
31488 0 7029 39273 39273 35185 35182
16602 0 35398 338 338 1271 1269
7891 6 22902 36436 36432 4574 4574
5150 2 2183 1 1 48 18
21014 4 39330 169 169 39 39
16843 0 9525 7 7 28 25
30301 1 6458 1 1 2 1
5932 1 19763 6 1 1 1
34016 0 13638 15790 15790 19882 19882
14792 6 38688 25491 25491 26794 26794
11527 1 2829 3 1 2 1
13560 3 17390 5 2 3 1
40719 0 25292 15744 15744 9346 9344
11686 1 38080 7 1 1 1
15813 1 17303 2 1 2 1
40720 0 23562 213 213 10189 10184
19157 1 25047 2 1 1 1
11385 6 39678 56 50 5 5
4598 1 20481 3 1 3 1
26627 1 1342 3 1 3 1
14695 1 32594 2 1 1 1
31643 0 31691 4906 4906 26705 26704
16937 1 1926 2 1 2 1
40258 5 3918 992 992 21607 21589
33104 0 26721 4 3 2 2
27613 1 9676 3 1 3 1
6220 1 1968 1 1 4 1
26510 0 2560 13279 13279 21502 21493
19107 0 2131 21 21 1006 1004
1756 0 28697 1858 1858 17020 17020
12466 4 10233 32 12 14 14
28212 0 14013 2 2 50 44
34431 4 11843 990 989 214 214
3493 1 22156 8 1 2 1
40721 0 716 1883 1883 13106 13067
29284 0 1288 13786 13786 16519 16495
7360 1 28378 4 1 1 1
767 0 17590 849 849 6253 6245
6412 1 5869 3 1 5 1
15973 1 13531 2 1 2 1
35747 2 24388 52 52 510 510
25937 5 17856 65 65 18441 18433
14618 1 12003 2 1 1 1
35356 6 34036 8208 8208 9990 9990
1617 1 1616 2 1 2 1
1616 1 8901 1 1 3 1
17153 4 23170 97 97 194 194
24509 1 3374 1 1 4 1
31535 0 7656 885 885 1716 1700
37264 0 6538 37498 37498 14931 14927
20946 0 6538 20029 20029 22205 22200
2893 1 11706 7 1 3 1
40722 0 28479 37160 37160 11882 11882
14723 1 19646 3 1 3 1
39290 4 23003 3206 3206 1084 1084
9441 1 1130 4 1 2 1
37823 0 4500 4267 4267 9380 9378
37109 0 38181 3044 3044 27594 27593
31981 4 38538 10736 10735 2343 2343
29529 1 32020 1 1 2 1
32020 1 15386 1 1 2 1
2228 1 13955 5 1 2 1
17896 4 37233 24952 24951 3980 3980
29893 4 38282 871 870 73 73
38316 0 23713 3 3 3 2
25374 0 17209 10026 10026 22754 22752
11080 0 12720 1597 1597 9268 9258
32958 1 4855 2 1 6 1
1278 0 34927 35 35 171 169
37041 0 26960 952 952 5345 5343
3705 1 3704 6 1 1 1
30370 5 12413 4 3 9 6
13830 1 35079 5 1 1 1
35283 0 30108 12690 12690 8994 8993
5914 0 16686 8619 8619 13347 13345
14389 1 3261 2 1 1 1
21961 1 1473 2 1 2 1
13380 0 19861 194 194 4597 4593
7110 0 11813 17310 17310 39259 39256
11813 1 1114 8 1 1 1
23228 1 34145 2 1 1 1
2147 0 3510 89 89 289 287
35350 4 39634 2163 2163 1315 1315
35857 1 7386 2 1 3 1
6371 6 37307 4897 4892 214 214
18800 0 13840 7426 7426 26602 26597
5481 1 6581 6 1 8 1
14376 6 28764 2710 2707 123 123
13409 1 18792 2 1 2 1
1232 1 5716 5 1 3 1
5716 0 4961 6 6 28 22
10095 5 241 203 203 23785 23780
30274 0 27395 38421 38421 38735 38735
4092 1 3142 2 1 5 1
38217 0 998 972 972 1742 1739
16820 4 37663 26 20 1 1
15209 1 21887 2 1 1 1
26585 0 6289 4 4 17 13
26965 5 4450 39 39 12342 12337
1009 1 11417 4 1 1 1
16697 4 70 57 52 5 5
27038 0 732 71 71 844 841
17663 4 23020 4203 4199 228 228
7732 1 35326 5 1 1 1
19563 0 10026 2556 2556 4053 4046
2356 0 3805 14086 14086 37092 37086
23441 0 34078 2891 2891 5934 5933
37070 0 27913 5204 5204 2653 2653
3289 6 38527 1722 1706 4 4
2980 1 2979 2 1 1 1
30536 0 5049 112 112 18767 18763
16915 1 26031 1 1 3 1
19167 1 19166 3 1 1 1
8110 9 4565 1 1 2 1
25148 1 16759 1 1 3 1
9665 0 14373 11269 11269 23661 23660
30114 1 33583 26250 26250 19852 19852
33583 1 30114 19612 19612 26657 26657
10388 4 3586 432 425 14 14
27188 3 20283 2 1 2 1
24932 1 6602 2 1 3 1
35150 1 33029 1 1 2 1
10137 4 11961 538 535 77 77
4469 0 10488 760 760 38046 38040
18360 9 1757 1 1 1 1
27706 1 36948 17032 17031 9000 9000
19784 2 14738 9114 9114 17635 17635
4426 2 4633 1 1 12 1
1167 6 4633 24020 24009 344 344
9882 4 22784 1 1 1 1
22411 1 4534 2 1 3 1
14116 1 20160 4 1 2 1
39583 0 12239 17 17 99 97
31548 0 26062 2211 2210 12112 12109
26063 1 1962 2 1 6 1
34604 0 2888 20 20 51 49
29514 1 7486 1 1 11 1
4354 0 17938 5866 5866 3046 3042
3583 1 6233 1 1 6 1
5695 4 28664 2952 2952 2122 2122
2185 1 14535 7 1 1 1
25866 0 2185 18 18 2430 2410
1327 1 36228 1 1 3 1
2831 1 23698 3 1 3 1
21070 0 14562 24258 24258 29868 29857
10242 2 953 2 2 411 401
24520 1 11590 1 1 3 1
32447 6 8162 29 27 74 72
10857 1 10856 2 1 1 1
29541 1 32791 1 1 3 1
14418 3 22928 8 6 5 5
25235 0 11991 39082 39082 27067 27067
19649 1 3414 2 1 8 1
11061 9 11060 2 1 1 1
5834 1 16298 2 1 4 1
16564 5 2060 22 21 1451 1423
30585 0 324 3 3 82 64
21674 1 21673 4 1 3 1
16327 0 36920 9112 9112 7783 7783
31764 0 40725 13262 13262 24384 24384
20117 1 5297 4 1 1 1
40726 0 21345 24543 24543 12666 12658
23392 1 8395 3 1 3 1
15466 0 34493 4 4 3 3
32154 1 35808 27223 27223 25222 25222
30878 2 21391 3 2 97 87
414 9 3242 1 1 1 1
21497 1 25620 4 1 1 1
18780 0 1703 1 1 35 4
36989 2 22747 604 604 10210 10210
4814 1 26353 5 1 6 5
34514 4 16712 12491 12491 18618 18618
5463 4 9443 6217 6210 39 39
9443 4 37702 81 76 6 6
28035 1 17572 1 1 3 1
4816 1 19142 2 1 2 1
23070 1 16815 1 1 1 1
33617 1 10553 1 1 2 1
40729 0 25425 29396 29396 9509 9509
3378 0 2767 88 88 2398 2397
40730 0 8815 1357 1357 11634 11624
12960 0 8815 335 335 6120 6111
4376 1 37 4 1 7 1
39757 0 5605 2 1 21 5
18600 1 19016 3 1 2 1
3467 1 385 2 1 4 1
14223 1 6848 2 1 3 1
25195 0 11431 5536 5535 3507 3501
40731 2 35244 128 128 10805 10804
6940 1 22487 9 1 1 1
18458 1 13073 3 1 4 1
13073 6 447 38668 38668 26830 26830
7113 4 35455 36644 36644 31883 31883
16734 7 3856 17513 17510 30 30
30190 1 22568 1 1 1 1
25889 0 13000 2485 2485 3395 3394
13181 9 17866 1 1 1 1
5492 6 19902 18083 18081 1383 1383
39381 2 736 11 11 117 116
2369 1 6578 7 1 5 1
29844 0 16328 73 73 19 19
2758 1 2757 2 1 2 1
38222 2 33300 23 21 10 9
18743 6 13906 3365 3364 183 183
31229 4 1517 3015 3015 795 795
21203 4 76 80 78 10 10
40016 0 7096 212 212 1052 1051
19031 0 10895 134 134 1873 1873
40734 0 4733 16828 16828 11834 11832
28029 6 13250 96 95 47 47
31942 0 731 7065 7065 13842 13841
24476 1 37343 1 1 3 1
30608 0 10938 1011 1011 3269 3268
9857 1 21026 4 1 2 1
31786 1 2390 2 1 5 1
20366 0 40022 31905 31905 17181 17181
25016 0 6037 1311 1311 13583 13581
6866 1 25441 4 1 2 1
11006 1 11005 1 1 2 1
40736 0 39315 26224 26224 9044 9044
40737 0 4415 2588 2588 12224 12216
34827 4 25838 3 3 4 4
20641 0 19592 7720 7720 36845 36844
19844 1 36475 3 1 1 1
5620 1 14606 1 1 2 1
4942 1 35741 2 1 1 1
12702 0 16539 78 78 212 210
16398 5 1361 2 2 42 27
40738 0 10135 22285 22285 11384 11384
819 1 20330 6 1 3 1
20681 3 25789 17613 17613 18592 18592
2173 6 12317 16 6 2 1
29181 1 6432 1 1 1 1
346 1 6498 2 1 1 1
9709 1 9837 3 1 6 1
5266 1 5265 2 1 4 1
30985 0 17910 34040 34039 24857 24857
21628 1 16687 5 1 1 1
39393 0 5540 2255 2254 5240 5233
16844 0 34093 14533 14533 21662 21661
10330 0 5598 54 54 6230 6214
22052 1 12989 3 1 6 1
11758 1 3657 1205 1201 247 247
33720 0 1406 6479 6479 21811 21800
40739 0 14015 1801 1801 10535 10529
40298 0 8495 1 1 6 2
5116 1 10792 6 1 5 1
33694 0 26952 4 4 7 6
36765 0 5101 4670 4669 4809 4808
27226 4 35331 6400 6400 18537 18537
16221 1 30101 1 1 3 1
32010 5 16320 233 233 19505 19492
16385 4 39672 87 81 12 12
26422 3 4250 6 4 4 3
2924 4 31881 91 20 1 1
23932 1 406 2 1 1 1
40741 0 10133 1307 1307 11223 11216
1478 4 38462 211 190 5 5
15891 0 14046 3 3 27 17
25424 0 17555 35027 35027 32068 32063
13797 4 32300 34335 34335 29920 29920
405 1 404 2 1 1 1
37796 0 5866 9099 9099 23713 23708
2634 0 13504 168 167 1534 1529
26727 4 28774 822 819 39 39
26243 0 39695 22288 22288 31924 31923
3948 1 32711 4 1 2 1
4019 6 21073 118 110 29 27
1187 1 20711 3 1 2 1
36443 0 26928 3709 3709 8014 8011
29481 0 10355 2 2 14 12
1476 0 25435 26042 26042 40148 40147
38542 0 22631 5 5 81 79
39106 0 14148 36011 36011 23078 23078
28771 1 27460 3 1 2 1
16045 1 24249 1 1 1 1
16468 0 12729 9 9 251 238
24561 0 12729 198 198 8142 8128
40742 0 11685 322 322 11677 11670
15794 0 288 26215 26215 14013 14007
17369 4 28877 19 14 2 2
4197 1 13361 5 1 2 1
1566 1 31545 6 1 1 1
20016 4 29851 615 602 2 2
21241 1 21240 2 1 3 1
21240 1 17480 4 1 1 1
4088 0 9256 30066 30066 10865 10861
21664 0 31614 2 2 3 3
20867 6 22620 406 405 35 34
6116 3 12878 5 1 3 1
31524 1 6685 1 1 2 1
31665 1 11001 1 1 4 1
4541 1 14758 1 1 1 1
38652 3 11896 1 1 3 1
29789 4 11615 2211 2204 398 398
40744 0 26617 16271 16271 9762 9762
6122 4 39635 975 970 11 11
4953 0 10842 3439 3439 5817 5810
38322 0 11870 21061 21061 22947 22947
10438 0 1730 2 2 110 10
32068 0 9304 8 7 85 76
40745 0 7189 78 78 11664 11654
30521 1 1450 2 1 5 1
14974 1 22486 6 1 1 1
24396 1 14974 1 1 5 1
26467 1 15256 1 1 3 1
15469 1 9188 5 1 5 1
3672 4 34478 30 29 5 5
23086 0 9505 8513 8513 4276 4276
11105 6 34671 20697 20695 314 314
31200 1 26039 34191 34191 23300 23300
33187 0 8237 24782 24781 3408 3401
30483 1 21607 1 1 3 1
14260 0 14310 2746 2746 13068 13065
15924 0 9367 40924 40924 39675 39652
19959 6 17574 16 10 13 12
24704 0 18355 11961 11961 11206 11206
31678 4 25631 472 470 52 52
39728 1 18568 1 1 2 1
6336 4 34815 79 66 2 2
18894 0 12741 138 138 2898 2893
31814 0 15640 16392 16392 3445 3441
31718 1 31717 1 1 1 1
3495 1 37604 2 1 1 1
33838 0 15312 468 468 8846 8844
38175 10 30680 1 1 1 1
11923 1 29297 4 1 2 1
17682 4 16176 3530 3528 482 482
40746 0 15865 14291 14291 10488 10487
17989 1 45 1 1 11 1
162 1 161 6 1 2 1
1070 1 31232 3 1 4 1
11915 1 11914 1 1 2 1
17597 1 1779 1 1 1 1
33223 0 35286 30 30 139 138
17231 0 11078 3 3 8 5
9415 1 8217 4 1 2 1
9822 0 532 1 1 77 3
25559 0 7427 14 14 9 9
35901 1 18889 1 1 1 1
5032 1 9078 3 1 2 1
280 0 12443 18611 18611 15023 15022
3547 0 16302 40348 40348 36825 36812
37263 0 33813 33 33 312 311
40748 0 206 5452 5452 11374 11344
2410 6 36725 1521 1521 1547 1547
29420 1 33730 2 1 1 1
20556 0 268 231 231 399 395
25280 5 2971 1 1 76 13
10990 1 27947 6 1 1 1
22682 0 15763 2 2 5 2
10975 1 35401 1 1 2 1
11252 6 6012 23 15 4 3
13074 5 14951 7 7 33 31
24987 0 33083 6814 6814 14938 14937
32258 0 30454 1148 1148 6153 6153
20630 1 11278 2 1 3 1
375 1 374 2 1 1 1
24087 1 34222 3 1 1 1
22866 1 930 1 1 2 1
26540 0 19984 8272 8272 6984 6982
1203 1 11625 2 1 5 1
2995 1 16224 6 1 1 1
39628 0 35692 133 133 1499 1499
12922 3 16574 5 1 3 1
13536 9 7072 1 1 1 1
17977 0 6556 3213 3213 11391 11380
14591 1 20529 2 1 2 1
17537 1 20736 3791 3790 1975 1975
22994 0 1953 2450 2450 3491 3475
28203 4 15915 5 2 1 1
20040 1 11683 3 1 2 1
22766 0 15613 3121 3121 15369 15368
3681 1 20829 3 1 2 1
9952 1 17840 8 1 2 1
8561 8 9939 6507 6507 876 876
26904 1 34013 2 1 2 1
30218 6 33864 128 126 5 5
19855 4 40081 2237 2237 8004 8004
7107 1 4018 3 1 2 1
14459 4 30600 4 4 5 5
31262 0 19491 3 3 49 47
3049 0 13373 19220 19220 33400 33400
18036 1 21116 3 1 1 1
4102 4 26935 12 2 2 2
4051 1 4050 1 1 2 1
32772 5 5042 2 2 94 88
18593 1 8011 1 1 2 1
3037 1 458 3 1 2 1
11489 1 19752 2 1 5 1
7408 1 2641 3 1 4 1
30952 0 4379 6262 6262 7055 7044
19369 1 11046 1 1 5 1
40754 0 5844 17936 17936 12443 12442
13702 0 9051 30535 30535 33931 33931
14342 0 16213 3338 3338 16744 16743
38142 1 9549 1 1 2 1
22223 1 17536 3 1 2 1
2364 1 22225 5 1 2 1
27307 2 23001 19958 19958 20215 20215
2159 1 6296 4 1 1 1
3441 3 8470 5 1 2 1
11504 1 11503 1 1 2 1
28552 0 35437 1483 1483 10744 10743
32595 0 22049 11427 11427 29532 29527
34018 4 40756 10692 10692 5931 5931
12675 1 12674 3 1 2 1
22838 1 8225 1 1 5 1
9602 0 32242 3103 3103 6939 6939
