33512 0 4410 2 2 56 20
16031 1 32320 33625 33625 28149 28149
40543 5 172 1 1 521 174
40543 0 2607 3 3 101 81
33473 5 172 1 1 383 42
9179 5 172 2 2 12496 12138
33575 5 172 2 1 449 104
16648 5 172 1 1 417 73
31526 5 172 1 1 15306 14947
6771 5 172 1 1 457 111
15476 5 172 6 6 11401 11045
29269 5 172 2 2 11508 11151
11606 5 172 1 1 2792 2439
2234 5 172 1 1 392 50
23355 5 172 2 2 3774 3419
15278 4 39692 355 349 7 7
22936 0 14838 3 3 4 4
31887 2 743 7 7 1983 1876
13265 2 743 2 2 121 16
33786 2 743 19 19 13157 13048
8790 2 743 1 1 114 10
29405 0 27360 3 3 4 2
35494 1 15192 1 1 2 1
35494 0 6837 3476 3476 7750 7749
18925 1 32325 3 1 3 1
32325 1 8085 2 1 2 1
3750 4 38184 82 53 1 1
3750 4 40324 125 95 1 1
3750 4 17381 31 3 1 1
6331 1 10283 2 1 2 1
11500 6 4785 17 11 10 8
14258 4 24038 26 16 3 3
32661 6 20759 4 4 6 5
12387 1 12386 2 1 4 1
28490 4 38427 17738 17737 7244 7244
21840 0 107 1 1 45 2
12784 4 107 28690 28683 84 84
107 0 5198 3 3 156 137
27747 1 27746 1 1 1 1
3916 1 27549 8 1 4 1
6527 5 2139 28 27 3833 3807
16255 5 2139 5 5 770 745
1618 4 14555 20 19 10 10
29103 1 9873 2 1 1 1
38285 0 18633 4 4 42 37
38285 1 26278 1 1 2 1
30253 0 18633 20906 20906 12515 12508
27022 1 435 1 1 1 1
32496 0 4125 30961 30961 29990 29982
24483 0 4125 219 219 2498 2491
15337 1 4125 2 1 4 1
4388 4 36757 39 28 2 2
30756 1 32955 1 1 2 1
30757 9 30756 1 1 1 1
16250 1 28482 5 1 1 1
39594 0 51 2651 2651 7161 6964
13386 0 51 20 20 7285 7087
22734 0 51 32 32 2800 2604
40690 0 51 15 15 13522 13322
40660 0 51 15 15 13635 13433
21035 1 22109 3 1 2 1
24101 0 28349 103 103 2147 2136
38672 0 28349 13 13 218 208
40559 0 6722 12048 12048 14819 14815
4705 1 15839 4 1 2 1
39464 0 4705 3 3 124 97
21731 4 9107 131 129 17 17
7590 5 34746 2235 2234 11330 11330
7878 0 7590 13141 13141 9585 9585
39562 0 2740 11337 11337 21015 21015
3212 1 29129 8 1 1 1
3212 1 16271 6 1 2 1
22208 1 3212 2 1 7 1
14179 0 16065 3574 3574 8295 8295
12801 1 4187 2 1 6 1
19501 0 2021 35 34 213 161
40645 0 2021 82 82 14394 14341
27628 0 2021 6 6 181 130
23729 0 38913 15308 15308 8527 8527
8720 1 9417 2 1 3 1
32234 1 8720 1 1 3 1
12896 1 8372 4 1 1 1
1441 0 27945 8227 8227 20734 20733
4170 6 37882 1109 1095 38 38
2046 0 39706 572 572 4309 4308
14436 1 14436 23655 23655 23523 23523
38948 0 20990 21555 21555 21417 21413
20990 1 905 1 1 4 1
9769 0 8193 129 129 629 629
12450 6 8001 16 7 2 1
1031 1 12972 4 1 3 1
1031 1 1030 5 1 1 1
2604 1 6752 6 1 2 1
11156 0 2604 446 446 18357 18315
2427 0 2604 10976 10976 36143 36100
20604 0 2604 113 113 1003 965
26334 0 2604 411 411 5806 5767
5353 0 6752 12 12 609 594
3451 0 6752 743 743 29991 29975
34042 1 10659 1 1 6 1
22643 4 31669 1518 1518 6038 6038
3358 1 24240 6 1 1 1
3358 1 4026 8 1 3 1
40560 0 3229 11422 11422 14234 14223
39572 2 121 2 1 485 11
34055 2 121 1 1 666 182
36425 2 121 1 1 1114 617
33961 2 121 2 2 1415 914
22605 2 121 1 1 1336 836
34749 2 121 2 1 492 15
7185 2 121 2 1 503 25
39473 2 121 4 3 23909 23400
36051 2 121 2 2 15513 15006
38744 2 121 1 1 864 375
40601 2 121 1 1 12023 11517
31131 2 121 2 1 524 43
16157 2 121 1 1 663 180
10391 1 121 1 1 1 1
13173 0 25097 18044 18044 25928 25925
1421 0 608 69 69 10120 9749
6033 0 608 23 23 20140 19748
40723 0 608 8 8 14322 13942
40732 0 608 9 9 14393 14010
31776 0 608 2 2 395 31
26284 0 608 2 2 10858 10485
40750 0 608 8 8 14539 14152
40752 0 608 9 9 14328 13947
12593 0 608 159 159 11104 10730
21041 0 608 30 30 18628 18239
36535 0 608 18 18 9998 9628
40642 0 608 8 8 14532 14146
6612 0 608 2034 2034 30878 30484
12763 0 608 5 5 1270 902
38498 0 608 2 2 409 43
1763 0 608 97 97 4045 3676
35305 0 608 222 222 12824 12449
40693 0 608 9 9 14434 14050
31350 0 608 2 2 402 37
37399 2 2580 1 1 46 6
35976 2 2580 1 1 37 1
21024 2 2580 2 2 86 44
37837 2 2580 1 1 36 1
14534 0 273 4 4 245 232
3275 0 273 811 811 10859 10844
28793 1 273 1 1 5 1
40561 0 2759 38428 38428 14390 14390
17054 0 13663 5 5 30 10
18662 1 11511 2 1 2 1
39324 0 21892 3 3 5 3
5681 0 5376 4 4 33 13
39137 0 3699 292 292 2453 2433
5121 0 4055 27215 27215 19608 19605
28225 0 10933 14723 14723 19408 19399
12586 1 18347 4 1 2 1
18347 1 8083 1 1 5 1
8678 1 15844 4 1 2 1
8678 1 8677 5 1 1 1
1900 9 8459 1 1 1 1
13142 1 6617 3 1 2 1
13142 1 3658 4 1 2 1
11554 1 11553 6 1 2 1
6724 1 20476 5092 5090 2132 2131
6973 6 11688 971 955 7 7
28474 0 574 6664 6664 16857 16811
40638 0 574 80 80 14225 14181
3829 1 3828 4 1 5 1
3363 1 3828 3 1 4 1
5303 0 2409 1 1 28 7
19117 1 5303 2 1 2 1
10728 0 2409 2 2 29 7
2409 3 10728 43 43 3 3
20385 4 38169 4888 4888 12361 12361
919 0 36150 14359 14359 32422 32421
15726 1 2782 1 1 3 1
2090 1 33833 5 1 1 1
13956 1 23540 5 1 1 1
26983 0 13956 19862 19862 13633 13625
29443 9 7135 1 1 2 1
26279 0 10532 4775 4775 5967 5963
10532 1 11231 3 1 5 1
8610 1 16790 3 1 3 1
32576 0 296 9 9 743 593
32576 4 39358 9195 9195 20832 20832
28775 0 296 3 3 1258 1107
21869 0 296 1 1 154 12
40110 0 296 2 2 166 21
5339 0 296 1 1 143 3
40350 0 296 1 1 162 18
18338 1 25376 2 1 1 1
18338 1 34572 3 1 1 1
25119 0 10706 68 68 720 709
6372 0 10706 154 153 2211 2199
187 1 34587 3 1 1 1
23114 0 8709 33886 33886 30507 30502
23114 9 22355 1 1 1 1
3873 1 28613 6 1 2 1
3449 1 3448 2 1 9 1
1778 1 5313 5 1 2 1
16939 1 16938 2 1 1 1
25259 1 10976 4 1 2 1
25259 0 1054 11 11 25 21
3874 0 21706 21395 21395 29993 29992
17484 0 2318 6 6 348 222
9443 0 2318 4 4 390 263
36678 0 2318 4 4 180 59
31243 0 2318 3 3 165 45
7726 0 2318 3827 3827 25809 25678
3353 0 2318 6 6 244 119
14943 9 14942 1 1 1 1
14943 1 16039 1 1 2 1
2677 1 13356 5 1 2 1
35968 0 32619 35873 35873 34973 34970
31267 0 265 2 2 257 6
30115 0 265 4 4 323 64
39657 0 265 3 3 333 73
39858 0 265 1 1 256 6
22580 0 265 5 5 521 260
14709 0 265 1 1 264 10
40562 0 21091 18930 18930 15389 15387
21135 1 12220 1 1 3 1
38664 0 71 1 1 65 4
30298 0 71 1 1 77 15
3066 1 3065 4 1 1 1
23421 0 13784 48 48 301 299
7620 1 21508 1 1 2 1
3069 4 14224 455 433 6 6
14224 4 25214 29 25 7 7
40563 2 6404 63 63 14774 14763
40653 2 6404 64 64 14408 14399
40687 2 6404 63 63 14516 14506
14071 0 278 2 2 190 13
13708 0 278 2 2 197 17
37453 0 278 1 1 178 6
18193 0 278 3 3 186 11
36053 0 278 2 2 192 14
40571 0 278 11 11 13148 12966
40564 0 12078 9417 9417 15373 15368
4462 0 12078 2307 2307 18952 18946
31848 0 10547 2 2 7 5
40565 0 6230 6947 6947 14656 14654
20013 1 1128 4 1 1 1
3348 0 20013 2165 2165 13179 13167
35716 0 21460 5067 5067 3313 3313
7754 3 1296 49 47 10 10
7754 9 26452 5981 5980 7000 7000
1296 9 9053 1 1 1 1
4834 1 21474 2 1 1 1
21474 0 2168 2 2 17 10
33636 0 27948 1868 1868 10407 10405
36719 1 21614 4 1 1 1
40647 0 36719 27350 27350 14696 14695
1594 4 35451 139 135 8 8
7059 1 37735 5 1 1 1
11387 0 1062 10733 10733 17852 17848
4472 1 1062 5 1 4 1
158 1 157 1 1 2 1
157 5 73 4 4 1343 1287
28915 0 6166 24 24 198 191
25685 0 6166 2904 2904 11409 11401
1741 5 6166 2 2 107 70
40566 0 3087 307 307 14275 14260
8935 1 20348 1 1 2 1
6215 5 8935 8 8 77 71
40567 0 5596 38660 38660 14383 14383
5596 1 2050 5 1 3 1
14614 1 632 2 1 3 1
23862 0 20853 36977 36977 32271 32270
39256 0 292 4 4 411 160
31751 0 292 3 3 252 10
6985 0 292 1 1 247 9
2794 0 292 2 2 250 10
17776 0 292 1 1 244 8
29809 0 292 2 2 273 26
6800 0 292 1 1 241 7
2388 0 292 3 3 242 7
34453 0 292 2 2 246 9
8087 0 292 3 3 374 124
35031 0 292 3 3 251 10
7483 1 4704 1 1 2 1
7381 5 7483 22 22 411 407
18107 1 7419 2 1 2 1
18107 1 33365 3 1 1 1
30799 0 3068 5 5 764 750
18024 1 18023 4 1 2 1
24564 1 1410 992 991 616 616
11009 0 24586 11032 11032 13070 13068
27654 0 11009 15 15 8 8
9001 1 31090 3 1 1 1
31091 1 31090 2 1 2 1
40568 0 19619 30030 30030 14131 14128
1193 4 5665 24 12 3 3
29132 0 160 126 126 2378 2340
21888 0 160 15 15 5114 5073
40545 0 160 2 2 39 2
14250 0 160 2 2 38 2
7765 1 3854 3 1 7 1
3854 1 4433 6 1 3 1
10544 6 10337 23 9 2 2
10544 6 30885 188 172 5 5
10544 6 17616 15 3 2 2
10544 6 33395 14 3 1 1
10544 6 32223 22 9 2 2
2466 0 11399 11052 11052 23317 23310
5110 1 14834 14 5 8 5
5110 1 22509 9 1 2 1
5110 1 13199 7 1 3 1
30654 0 2915 1567 1567 11223 11219
878 1 16142 9 5 7 3
16142 1 878 7 3 9 5
12156 1 16142 3 1 4 1
1555 4 14720 8 2 2 2
1555 0 39 16 16 217 12
27854 6 9726 5 3 4 3
22790 1 20846 3 1 1 1
40569 0 28991 27430 27430 14522 14522
31570 1 22745 2 1 1 1
6277 4 13724 13 7 2 2
22265 1 15939 2 1 1 1
3601 4 11291 64 63 72 72
18464 4 28236 197 197 208 208
21200 1 24456 7 1 2 1
18828 1 21200 3 1 6 1
8407 1 5210 4 1 3 1
5210 1 9174 2 1 1 1
8298 1 8297 1 1 8 1
35442 0 21 4 4 259 191
5771 4 35442 1037 1028 45 45
16159 1 6497 5 1 3 1
1826 4 36945 628 621 9 9
15560 1 16616 2 1 2 1
5937 1 15560 3 1 3 1
16616 1 35701 3 1 1 1
24090 0 27455 995 994 47 47
3209 1 19072 1 1 3 1
3209 1 2516 2 1 2 1
6274 0 3209 6453 6453 6249 6245
32074 1 32874 2 1 2 1
1353 1 16331 5 1 3 1
11260 1 11259 1 1 3 1
21431 0 11260 1472 1472 22842 22840
5666 0 8929 5 5 70 55
21034 0 2918 3 3 595 518
31631 0 2918 5773 5773 26098 26018
39298 0 4365 12 12 189 174
38449 0 23581 4 4 6 3
923 0 12300 26985 26985 17062 17062
785 8 923 1760 1315 1 1
16936 0 39 5 5 283 75
6688 0 39 10 10 1091 880
33920 0 39 64 64 8698 8486
16930 0 39 3 3 206 6
16260 0 39 1 1 202 4
9285 0 39 1 1 210 8
36679 0 39 2 2 380 171
13037 0 39 1 1 213 9
17754 0 39 2 2 218 12
34332 0 2518 1 1 74 7
24798 0 2518 71 71 9237 9168
2518 0 4990 26 26 45 27
36326 1 67 1 1 2 1
31714 6 15538 53 52 214 211
25285 1 25279 2 1 3 1
37786 0 14737 2 2 15 4
14737 0 4030 209 209 26641 26612
40570 0 10106 25752 25752 14523 14523
2527 1 15676 2 1 2 1
9741 1 22270 2 1 2 1
22719 0 8583 6 6 81 71
680 7 39181 14379 14316 3 2
680 7 29533 7317 7256 1 1
21810 4 40571 14878 14868 356 356
33488 0 4931 10721 10721 20865 20860
30169 4 22524 2160 2160 3357 3357
1374 8 9876 1165 1163 52 52
1374 6 6774 28 13 5 3
35169 3 35168 1 1 2 2
6888 0 11405 6799 6799 23812 23806
6889 1 6888 4 1 2 1
11405 1 12069 1 1 5 1
31720 1 33038 1 1 1 1
14747 1 16665 4 1 6 1
30485 0 12240 13974 13974 24452 24451
35384 1 24098 1 1 3 1
33950 1 24098 2 1 4 1
4617 4 2317 59 52 11 11
26645 0 18798 13 13 69 65
1038 4 20161 170 6 1 1
1038 4 39009 2267 2092 2 2
1038 4 31457 169 6 1 1
1038 4 35729 182 11 1 1
1038 4 9526 171 6 1 1
1038 4 36663 262 88 2 2
1038 4 25174 183 11 2 2
1038 4 29468 172 6 1 1
1038 4 40317 219 46 1 1
13441 0 13179 713 713 975 974
31542 0 28557 15204 15204 14981 14979
5421 1 33580 1 1 2 1
8378 1 15959 1 1 3 1
35680 0 16547 25 25 246 241
4601 1 1480 2 1 5 1
23297 1 23798 47 46 230 227
36430 1 11632 1 1 7 1
7798 1 10220 2 1 2 1
23291 0 7798 37580 37580 35228 35225
9868 0 9017 2 2 20 9
14301 1 22543 1 1 3 1
9933 4 37354 968 968 1649 1649
12205 1 12204 1 1 3 1
24146 0 17669 13225 13225 23342 23340
28393 0 1434 3 3 73 13
18831 4 28393 1278 1276 107 107
36594 0 1434 4 4 92 31
26925 0 1434 1 1 63 4
18116 4 1434 2293 2286 62 62
21358 1 8040 3 2 7 3
12579 1 8040 3 1 4 1
33003 0 10761 23525 23525 15472 15472
23374 0 739 7515 7515 3174 3171
32479 1 37820 3 1 1 1
2181 8 30733 15 12 1 1
15394 1 32040 3 1 2 1
28746 1 24321 4 1 2 1
28746 1 16782 3 1 2 1
37839 0 2110 2 2 230 43
38849 0 2110 9 9 380 188
9193 0 2110 3 3 310 120
20494 0 2110 4 4 433 239
38709 0 2110 6 6 314 123
30037 0 2110 2 2 198 13
36409 0 6991 431 431 6943 6935
36409 1 20042 2 1 3 1
39061 0 914 2 2 137 131
24739 5 914 8 8 30071 29777
40612 5 914 2 2 13253 12961
14021 5 914 1 1 463 180
22854 5 914 1 1 552 268
40047 5 914 1 1 299 20
4847 5 914 2 2 722 436
25072 5 914 1 1 313 33
7476 5 914 3 3 6740 6451
792 5 914 1 1 289 12
914 1 19506 2 1 1 1
8543 1 28419 1 1 2 1
4324 4 13072 15 1 2 2
3407 0 643 1287 1287 4433 4427
3855 1 643 6 1 3 1
37188 1 1558 1 1 7 1
40712 0 1558 575 575 14886 14872
26674 0 1558 33 33 2005 1992
30420 0 22047 17640 17639 9632 9631
35704 4 40572 12468 12468 2895 2895
37073 2 7 1 1 38 2
8520 1 5407 2 1 1 1
30398 5 5407 1 1 68 44
11562 0 9512 19734 19734 16367 16365
40684 0 9512 13619 13619 14755 14754
11780 1 18482 3 1 2 1
2837 0 36460 115 115 153 150
33600 0 2837 5015 5015 9181 9176
40573 0 11043 250 250 15186 15164
40574 0 11043 252 252 15201 15178
21093 0 11043 4 4 65 44
40497 0 85 4 4 3231 2990
1958 0 85 253 253 17653 17406
39304 0 85 2 2 1050 812
30762 0 85 3 3 1813 1573
8844 0 85 2 2 239 6
24944 0 85 618 618 8784 8542
40402 0 85 3 3 452 217
5552 0 85 6 6 925 688
1522 0 85 578 578 11909 11665
37844 0 85 57 57 1687 1448
40665 0 85 3 3 14014 13768
5115 0 85 844 844 18118 17870
28159 0 85 2 2 244 10
85 0 12888 264 264 142 133
31425 1 15729 2 1 3 1
12042 1 1777 3 1 2 1
12042 0 8268 76 76 214 207
18518 1 14006 3 1 3 1
23766 5 7293 18 16 21 20
15279 0 23766 134 134 1188 1188
33175 0 5978 39780 39780 33746 33724
15358 1 15357 1 1 1 1
16701 0 1677 104 104 16898 16839
13 0 1677 11 11 87 32
30757 0 1677 242 242 8082 8024
7419 1 5076 1 1 4 1
27444 1 17724 2 1 2 1
294 1 18895 3 1 2 1
40575 0 22039 5119 5119 13959 13955
31455 0 1027 2 2 169 17
16597 0 1027 3 3 164 13
40576 0 40452 7344 7344 12550 12550
35090 0 17121 40244 40244 28264 28262
19086 6 21626 7 3 5 2
7887 1 7886 2 1 1 1
34521 6 37498 1431 1431 414 414
12662 1 40577 13241 13235 31 31
40577 1 12662 24 24 13263 13257
39496 1 16365 23734 23734 25602 25602
16365 1 39496 25300 25300 23585 23585
11479 1 5180 2 1 5 1
956 1 5180 2 1 6 1
12458 6 16563 1062 1059 120 119
12921 1 25846 9 1 2 1
36880 4 37832 416 416 446 446
877 1 14090 15 10 4 3
14090 1 877 4 3 15 10
8082 0 81 1 1 51 6
2497 1 13459 1 1 1 1
31712 0 2497 1618 1618 8787 8691
25460 0 2497 34 34 10551 10453
30267 0 2497 68 68 9323 9226
14684 0 2497 11660 11660 20621 20522
15327 0 284 1 1 241 20
32738 0 284 1 1 235 17
7747 0 284 4 4 267 43
23048 0 284 8 8 878 652
36041 0 284 1 1 227 10
38651 0 284 2 2 265 42
13843 1 13842 2 1 1 1
38649 1 19488 18993 18993 20790 20790
21810 0 2687 2 2 38 3
5646 1 5645 5 1 5 1
5184 1 28989 3 1 2 1
16262 0 16080 41 41 14 11
16080 0 314 34 34 252 246
38255 0 18636 6 6 27 26
16914 1 1218 1 1 5 1
11597 1 2084 5 1 2 1
26872 0 11597 17738 17738 13208 13207
38264 0 1629 2 2 20 10
15932 0 1629 20341 20341 40678 40665
14940 0 1629 38525 38525 36876 36864
23686 1 7865 1 1 3 1
40578 0 971 20353 20353 14104 14100
4933 0 1287 5643 5643 11330 11291
17077 1 1287 2 1 8 1
21855 1 1287 1 1 9 1
2477 9 9034 1 1 2 1
9035 1 9034 2 1 4 1
9452 0 16895 36464 36464 38205 38204
15534 4 27189 3479 3478 863 863
15549 0 5198 32 32 3545 3525
29419 1 23228 2 1 2 1
29419 1 16566 3 1 2 1
29983 1 29419 1 1 4 1
8761 0 9048 3 3 485 470
16341 0 9048 381 381 11083 11064
18043 1 6871 4296 4295 2555 2553
14676 1 15857 2 1 5 1
4402 1 31378 4 1 1 1
1144 1 9716 1 1 1 1
20128 4 19080 36787 36783 8265 8265
20128 4 32553 6 3 2 2
40579 0 33801 24451 24451 14134 14134
39697 0 33801 20580 20580 32131 32130
10515 1 20545 3 1 1 1
10515 1 23161 4 1 1 1
20152 1 10916 4 1 2 1
15078 0 1542 34920 34920 15972 15952
3408 6 8332 108 34 1 1
3408 6 33157 144 69 3 2
3408 8 40605 14018 13952 2 2
3408 4 1256 161 161 15 15
22973 6 8518 8957 8957 1391 1390
15512 6 8518 13 10 17 17
37981 1 37980 1 1 1 1
36402 6 38419 212 212 84 84
35889 0 1222 2047 2047 14688 14674
1630 4 3954 7 2 5 5
27378 5 2295 1 1 126 26
16787 5 2295 1 1 105 7
2295 0 20085 9445 9445 33498 33496
2674 1 25490 6 1 1 1
2674 1 37183 7 1 1 1
31859 5 11873 196 196 5454 5450
18301 1 11873 2 1 3 1
3961 4 38195 8 6 2 2
10495 0 65 5 5 257 246
19204 0 65 4 4 30 21
29854 0 65 3 3 46 36
4387 0 16744 117 117 2824 2821
14355 2 1137 1 1 100 1
31617 2 1137 1 1 116 11
10756 2 1137 1 1 106 2
23780 2 1137 1 1 104 1
19983 2 1137 1 1 102 1
20239 2 1137 1 1 123 17
40735 2 1137 3 3 13832 13724
3870 6 7609 125 119 3 3
12556 0 3870 251 251 4406 4400
1226 4 6870 79 56 2 2
23617 4 1226 31 29 36 36
6870 4 29653 2899 2899 3643 3643
2536 1 11404 6 1 2 1
2536 0 5973 12970 12970 17493 17489
12282 1 7778 1 1 1 1
40580 0 22983 2275 2275 14240 14238
12754 0 184 1 1 300 9
2752 0 184 5 5 328 28
30560 0 184 2 2 322 24
31172 0 184 1 1 304 10
36649 0 184 1 1 295 7
39598 0 184 1 1 297 8
29336 0 184 3 3 1031 729
3249 1 9317 3 1 2 1
20805 0 11858 36569 36569 33164 33156
40593 0 11858 478 478 14882 14875
11617 1 36457 3 1 1 1
11617 1 3182 2 1 1 1
3060 0 11617 4 4 15 10
40581 0 12650 1575 1575 13988 13967
11149 6 40581 14439 14415 11 11
785 8 11138 14350 13886 1 1
785 8 40710 12324 11861 1 1
785 8 36327 7697 7241 1 1
785 8 39015 20118 19653 1 1
785 8 38312 23692 23226 1 1
785 8 27403 30013 29546 1 1
785 8 1422 4278 3830 1 1
785 8 22169 30233 29764 3 3
785 8 30680 5409 4957 1 1
785 8 37209 4607 4158 1 1
785 8 24124 6786 6331 1 1
785 8 25693 11282 10820 1 1
785 8 446 3966 3519 1 1
785 8 21727 1633 1189 1 1
19992 0 27240 21 21 434 432
6448 0 20717 14 14 15 5
5058 1 6448 1 1 6 1
21155 1 6448 2 1 5 1
40663 0 6448 22163 22163 14198 14193
40582 0 6644 185 185 14281 14271
35177 1 298 1 1 3 1
6700 0 2052 3 3 5 3
15310 1 13032 5 1 3 1
20936 1 17024 4 1 1 1
7054 0 20936 16982 16982 19176 19175
39068 0 5731 1474 1474 1430 1430
40583 0 290 156 156 13814 13770
8787 0 290 547 547 27283 27237
28170 5 290 4 3 114 91
27556 5 290 17798 17798 37832 37808
4123 1 290 3 1 2 1
2858 4 290 88 55 10 10
38753 0 16960 8537 8537 16820 16815
29292 1 20260 2 1 2 1
7491 1 3611 5 1 1 1
10450 4 40584 13924 13918 425 425
40584 0 427 13 13 12976 12903
7966 0 9605 1485 1485 14843 14840
32027 0 12798 22414 22414 19558 19558
32795 1 1063 1 1 2 1
2920 1 17874 2 1 3 1
2920 1 4427 1 1 5 1
129 1 4427 2 1 6 1
32885 0 13252 416 416 9344 9340
16493 0 20467 1358 1358 992 992
40585 0 38674 15853 15853 13856 13856
34 3 10832 739 739 170 170
8982 1 26420 4 1 2 1
2675 0 965 2 2 41 9
16821 0 965 1 1 38 7
17630 0 9068 3440 3440 3253 3250
18501 6 11746 17019 17019 12972 12972
18495 0 17922 3061 3061 7618 7617
17278 2 7488 4 2 9 6
2499 1 13511 2 1 1 1
36662 1 17710 1 1 1 1
36331 1 19237 1 1 8 1
18045 1 1998 3 1 6 1
3130 1 4954 5 1 8 1
13102 0 24336 4 4 8 6
271 8 28240 661 650 28 28
271 6 40624 13557 13529 44 44
12111 0 13254 126 126 3228 3218
19649 0 13254 33462 33462 33711 33700
10494 0 20781 38384 38384 37051 37048
5360 1 23897 1 1 2 1
23898 1 23897 1 1 1 1
17935 1 2212 5 1 1 1
9847 3 26719 15002 14994 20 20
33866 9 23829 1 1 1 1
40586 0 19015 300 300 14533 14519
40713 0 19015 299 299 14316 14303
22702 0 16200 18 18 16 14
3541 1 20787 1 1 2 1
6267 1 20787 1 1 3 1
24216 1 1742 3 1 2 1
1742 0 2571 1754 1754 8588 8586
9291 0 4466 2033 2033 5532 5531
3600 0 2216 1 1 11 5
29682 1 6044 3 1 3 1
40587 0 17191 6400 6400 15664 15661
16309 3 31279 6 1 1 1
40588 0 10342 12359 12359 14815 14814
15741 5 2786 1 1 112 100
2786 1 31467 1 1 2 1
22083 6 37406 1545 1544 336 336
27641 1 17450 1 1 2 1
5520 1 6140 2 1 2 1
37977 0 4550 7 7 160 64
22986 0 4550 3 3 118 23
13964 4 20032 16 3 1 1
20032 4 22514 13 9 3 3
5289 1 2452 4 1 4 1
6078 0 5289 19581 19581 19926 19914
32 4 22428 123 108 11 11
25738 1 1502 2 1 3 1
27499 1 25738 2 1 3 1
11607 6 9604 3385 3384 513 513
383 9 6658 1 1 2 1
6658 1 382 5 1 3 1
16197 1 6658 2 1 6 1
24259 0 16169 15227 15227 24705 24669
22335 0 16169 107 107 760 725
25952 4 36629 874 874 200 200
32112 4 37795 25 25 18 18
20499 0 1592 4 4 26 21
19836 0 4030 1 1 29 4
3908 1 31477 2 1 2 1
7874 4 13716 3219 3191 31 31
10974 4 38608 445 443 44 44
1018 1 7659 1 1 6 1
7144 4 24030 7 5 2 2
12048 4 7144 49 42 5 5
5500 1 21297 8 1 2 1
5500 0 9200 155 155 85 85
27615 0 5220 3 3 17 5
19850 1 2151 3 1 4 1
16779 1 16998 2 1 1 1
10771 4 10410 9 5 3 3
10771 4 21127 4 1 5 5
12627 0 21127 5 5 12 9
40589 2 1646 7 7 13536 13493
32664 5 774 1 1 141 4
30156 5 774 1 1 133 2
27981 5 774 1 1 140 4
13550 5 774 1 1 134 2
21966 5 774 1 1 132 2
19088 5 774 1 1 1026 887
27383 5 774 1 1 135 2
17731 0 774 3 3 125 115
21818 6 37463 15845 15843 5217 5217
10205 0 11093 4249 4249 12551 12528
36918 0 11093 241 241 5318 5296
2974 0 11093 104 104 4446 4425
13543 0 11093 4 4 123 103
14057 0 7284 35347 35346 32445 32445
7284 1 1156 2 1 5 1
3972 7 20913 4665 4586 3 3
3972 7 40458 3319 3241 4 4
36867 0 8952 24006 24006 7408 7408
39341 4 7922 30369 30369 3285 3285
9031 4 34522 19 2 4 4
9031 4 36372 130 110 4 4
9031 4 22734 49 31 3 3
40590 0 27411 31046 31046 14494 14492
5334 0 8355 40605 40605 37507 37483
8355 0 37159 2007 2007 24581 24581
29370 0 32370 2532 2531 303 302
38392 0 2833 10834 10834 23247 23231
17123 1 22282 1 1 2 1
11931 1 23210 2 1 1 1
3929 1 6637 11 1 2 1
39809 0 15772 4 4 6 6
3014 1 16068 1 1 4 1
5872 1 17690 4 1 1 1
38213 0 13538 91 91 306 300
15641 1 27635 6 1 1 1
33238 2 955 14 13 257 245
5920 0 30694 693 693 3170 3169
14280 1 5920 6 1 7 1
15530 0 4225 17 17 9 9
28112 0 19783 5 5 19 16
31385 0 19783 72 72 1190 1186
1220 0 19783 7408 7408 28226 28221
15603 1 15 4 1 2 1
15 1 5976 1 1 2 1
4744 1 27814 6 1 2 1
26459 0 12430 6091 6091 35160 35157
12430 1 4066 5 1 2 1
9361 1 26566 4 1 1 1
4323 1 10025 4 1 3 1
30746 0 4323 14617 14617 14640 14639
21869 4 16617 8 7 4 4
26942 1 31134 1 1 1 1
12877 0 4127 4482 4482 5649 5646
9331 0 9481 2083 2083 5975 5974
11045 1 10096 5 1 3 1
18526 1 6001 1 1 2 1
6002 1 6001 1 1 3 1
4984 1 3637 2 1 1 1
33272 5 4984 26 26 8875 8869
40591 0 2215 14837 14837 13867 13861
26189 0 15682 1202 1201 1937 1936
8657 6 18527 1865 1865 6186 6186
2095 0 4792 106 106 1701 1697
17447 0 4792 9 9 11 8
32551 0 7192 17192 17192 26264 26244
727 1 7192 4 1 3 1
38904 1 15390 5 5 34 33
38713 1 6445 2 1 6 1
36718 0 38713 32452 32452 36490 36490
21331 0 14398 289 289 122 121
1671 0 8078 8425 8425 11003 10991
16941 6 5249 431 431 3355 3354
34019 0 7149 98 98 12281 12243
18807 1 18806 5 1 1 1
16369 1 3715 4 1 1 1
18079 1 16369 1 1 5 1
26616 0 24680 14892 14892 17025 17023
26616 1 11969 4 3 5 5
36080 0 34647 30349 30348 25019 25019
9970 1 22186 3 1 2 1
21084 4 35872 7 5 2 2
38715 0 5011 3 3 27 18
4226 0 11100 39903 39903 38679 38661
18612 4 33719 39 19 2 2
40592 0 3742 281 281 13868 13845
40481 0 4992 1905 1905 7754 7752
39479 0 28777 8732 8732 11752 11752
1650 1 40174 3775 3768 1297 1297
1650 1 1311 7 1 4 1
1650 0 21879 30324 30324 40234 40234
16394 1 1650 28503 28503 25340 25332
9761 0 1650 181 181 2004 2000
7968 0 239 37 37 9811 9554
7968 1 11878 2 1 2 1
3491 0 239 5 5 949 701
40419 0 239 2 2 2100 1850
17572 0 239 76 76 5028 4777
134 0 239 17 17 1440 1191
40620 0 239 9 9 13518 13259
5037 0 239 28 28 17972 17711
23341 0 239 13 13 6572 6317
30294 0 239 3 3 430 185
11839 0 239 491 491 11447 11189
38423 0 5720 7741 7740 21497 21489
36383 0 6139 31058 31058 27970 27963
23143 1 19335 4 1 1 1
6619 1 23143 2 1 5 1
2002 0 19290 16424 16424 15514 15514
2033 1 10164 5 1 1 1
34032 0 13475 1312 1312 11728 11726
34006 1 34291 2 1 1 1
1920 4 13057 67 12 1 1
1920 4 14332 55 2 1 1
1920 4 17214 61 7 3 3
1920 4 20671 71 15 1 1
4419 1 1849 6 1 1 1
4419 1 8002 5 1 3 1
32151 5 11426 1 1 21 12
18951 4 31532 235 228 4 4
18951 4 32437 265 257 5 5
30591 0 49 2 2 18 7
3608 4 24144 115 89 5 5
3608 4 19987 29 5 2 2
3608 4 751 43 18 2 2
17073 1 4982 1 1 3 1
30457 0 3668 40 39 36 29
13681 4 18265 35 29 4 4
13681 4 39987 318 311 32 32
18301 5 1981 3 3 293 240
40455 0 26054 3924 3924 4057 4055
9094 1 352 1 1 9 1
352 1 26517 14 5 4 2
18661 1 12085 2 1 1 1
15620 4 22311 777 771 41 41
33409 0 22311 7052 7051 4994 4993
1258 1 1257 1 1 1 1
1258 1 7835 2 1 2 1
7440 9 35492 1 1 1 1
40594 0 32069 30852 30852 16151 16151
4292 1 4291 8 1 1 1
13227 1 13641 8 1 2 1
13227 1 540 6 1 3 1
12002 1 7957 2 1 2 1
40595 0 26503 23590 23590 15160 15160
40596 0 16944 18860 18860 14458 14454
16944 1 16943 2 1 3 1
13138 1 13137 2 1 3 1
23155 0 3062 410 410 10260 10249
40600 0 3062 382 382 14504 14492
13408 5 2064 1 1 29 5
2652 1 15263 4 1 2 1
606 1 31605 2 1 1 1
27110 0 11322 302 302 675 672
9199 1 6691 2 1 4 1
6691 1 35867 3 1 1 1
15253 1 22571 3 1 4 1
22571 1 16934 5 1 1 1
12011 0 9758 334 334 26619 26597
12011 1 4723 2 1 3 1
27410 0 9758 11 11 93 76
11818 1 12928 2 1 2 1
14656 1 11818 2 1 3 1
16439 0 3281 37092 37092 33519 33516
3281 1 5769 3 1 5 1
23498 1 35393 2 1 1 1
12469 0 15650 3313 3313 17876 17875
19415 4 36359 562 557 28 28
19415 4 9039 1874 1868 195 195
15564 1 25098 2 1 2 1
29421 2 28324 20417 20416 658 658
4753 0 1271 13 13 45 37
403 1 1271 3 1 5 1
26741 1 17064 4 1 2 1
31116 1 29683 1 1 2 1
31116 1 10855 12887 12886 15057 15056
11565 0 19217 6577 6577 29832 29831
10666 1 2269 2 1 3 1
38441 0 610 2 2 38 4
40747 0 610 34 34 14338 14301
38589 0 610 35 35 2225 2189
39062 0 610 8 8 782 747
8986 1 27775 5 1 2 1
40597 0 1285 5355 5355 15275 15268
14201 1 22872 5 1 2 1
14201 1 22141 3 1 1 1
17803 0 34579 4 4 9 8
37095 0 34579 344 344 447 445
11611 1 4777 3 1 5 1
20848 1 4777 2 1 4 1
11687 0 11199 30 30 169 151
14407 1 11687 2 1 4 1
2991 1 29472 3 1 2 1
13950 0 13637 111 111 593 588
21726 0 13637 3 3 11 7
23452 0 27533 30753 30753 23784 23782
6739 1 1414 2 1 10 1
11097 1 1414 1 1 12 1
1379 9 8161 1 1 1 1
35420 1 23199 1 1 3 1
23199 1 8758 2 1 2 1
39781 4 29034 4 4 4 4
24328 1 26984 2 1 3 1
27592 0 883 3 3 265 48
26057 0 883 6 6 484 263
35017 0 883 3 3 1501 1278
31955 0 883 2 2 240 26
14966 0 883 2 2 251 35
11358 1 11357 2 1 1 1
21577 1 19963 3 1 2 1
28849 6 1609 631 628 48 47
1609 6 8263 71 65 5 5
8531 0 14081 1520 1520 1895 1884
28503 1 28407 1 1 1 1
39294 0 17478 261 261 4954 4950
40598 0 2348 4654 4654 14834 14832
23960 0 13199 561 561 5139 5136
399 1 398 4 1 2 1
24160 0 6684 48 48 31 28
40599 0 11712 9138 9138 14601 14600
18982 0 5876 100 100 57 55
18213 1 5876 69 67 15 15
5876 1 18213 15 15 71 69
34510 4 19961 4 2 2 2
30259 1 21208 5 1 2 1
17577 4 34771 12 12 7 7
30657 1 2445 2 1 1 1
19374 4 10501 3616 3616 2445 2445
26690 6 38361 22 21 4 4
5142 6 18018 2086 2071 20 20
8335 6 5142 23 12 30 29
7831 0 21055 15341 15341 17254 17250
27907 1 14404 13916 13915 7990 7988
14404 1 27907 8052 8050 13550 13549
1175 0 14404 512 512 1369 1367
25106 0 38339 6233 6233 20804 20804
7779 1 33053 2 1 1 1
4104 1 7779 2 1 1 1
7006 0 36034 61 60 1486 1484
35113 9 26863 1 1 1 1
12815 4 20100 29 8 3 3
9564 1 1329 1 1 5 1
21276 0 3984 11400 11400 21296 21286
1652 0 3984 47 47 3506 3497
3625 0 4435 58 58 130 127
31367 0 4435 4 4 90 88
30581 1 16682 1 1 4 1
36064 5 2176 65 65 35793 35686
99 5 2176 1 1 106 8
9641 5 2176 1 1 135 35
16171 5 2176 9 9 11951 11845
26128 5 2176 1 1 2536 2432
1908 5 2176 6 6 6021 5916
10424 5 2176 1 1 123 24
2176 1 11120 2 1 1 1
10 4 8672 37 32 7 7
4643 6 5961 114 108 2 2
16211 1 18929 1 1 1 1
4844 1 15639 2 1 5 1
21835 1 36257 1 1 1 1
32931 2 5970 723 722 245 240
19745 1 2237 4 1 4 1
10276 0 5907 95 95 42 39
20837 1 9151 1 1 4 1
15147 0 1938 12 12 87 81
18040 0 11068 10 10 304 290
5173 4 23709 282 277 29 29
15430 6 9646 306 305 98 98
15430 4 3544 141 125 18 16
1388 1 20463 1 1 1 1
39201 0 10557 6 6 28 20
4701 6 6142 16 16 3 3
39620 5 4701 1 1 27 5
17538 5 1819 2 2 443 402
14012 1 8954 5 1 4 1
5148 4 21781 1813 1813 2044 2044
22752 1 11878 4 1 3 1
26368 1 8800 1 1 2 1
24546 9 793 1 1 1 1
33697 0 1749 133 133 359 345
12548 1 7959 1 1 1 1
2170 6 36952 77 50 1 1
2170 6 1435 73 47 1 1
2170 6 17789 856 828 16 16
40628 0 2170 686 686 14040 14018
11745 1 17019 4 1 4 1
1914 6 18394 580 557 9 9
1914 8 19753 1534 1524 34 34
4058 0 9924 259 259 12528 12521
37876 0 4058 1 1 41 31
8628 0 14367 205 205 2317 2311
8628 3 14961 26298 26296 9586 9586
39060 0 9003 40509 40509 34495 34495
23809 0 3362 2337 2337 26651 26599
18746 0 3362 258 258 21370 21319
34253 0 3362 4318 4318 33531 33478
29236 1 35973 2 1 1 1
29236 1 29751 3 1 1 1
1764 1 26830 6 2 3 2
26830 1 1764 3 2 6 2
40262 4 38717 30704 30704 26420 26420
22671 0 21247 21058 21057 31571 31571
9129 4 26293 128 118 10 10
20158 1 33956 2 1 1 1
35386 0 2558 5 4 39 26
35386 1 4810 1 1 2 1
34559 0 2558 8 7 92 78
2101 1 33146 13 5 3 2
2101 1 20147 7 1 2 1
2101 1 15727 8 1 1 1
34312 6 40486 3800 3800 1516 1516
2381 6 39759 3176 3170 123 123
34198 0 4847 213 213 2480 2450
38741 0 4847 5 5 246 217
26334 1 17027 3 1 1 1
26334 1 11324 4 1 2 1
4277 0 4056 8603 8603 15396 15393
11573 0 4056 226 226 17654 17650
24326 1 19636 3 1 2 1
37944 0 6042 53 53 447 437
6042 0 11666 2 2 22 5
40749 0 24944 31451 31451 15225 15224
8498 1 7256 3 1 3 1
16881 1 9338 1 1 4 1
25360 1 30394 3 1 1 1
16533 1 457 3 1 3 1
16533 1 5139 4 1 5 1
5139 1 20874 4 1 1 1
113 6 26801 6 4 2 1
18225 4 31949 509 507 44 44
31096 0 26764 25664 25664 30515 30515
23445 1 20144 1 1 2 1
1322 6 37390 1463 1452 23 23
35223 0 31661 2241 2241 10988 10984
6083 4 7925 7 7 4 4
36842 0 4161 3 3 192 164
40673 0 4161 100 100 14415 14385
17498 1 21619 4 1 1 1
17498 1 1654 3 1 2 1
39970 0 3052 365 365 331 330
25857 0 28155 19391 19391 13033 13033
35205 0 10662 231 231 1367 1361
3104 0 10662 12723 12723 8020 8013
27896 6 40601 15629 15628 1102 1102
4359 1 21993 3 1 5 1
28307 0 21993 12 12 97 96
40602 0 300 17 17 13691 13586
21701 0 300 10 10 580 477
18354 0 300 16458 16458 33158 33052
7446 0 300 4102 4102 33637 33530
40703 0 300 17 17 13621 13517
21213 1 25178 2 1 1 1
11884 9 3041 2 1 2 1
9796 4 30359 5 2 2 2
4764 1 21744 5 1 1 1
13887 1 1866 3 1 1 1
13675 1 13726 2 1 1 1
27185 1 27184 1 1 2 1
29913 0 959 135 135 13847 13816
21128 0 959 5 5 333 304
30482 5 985 1 1 228 161
6067 5 985 1 1 131 67
12898 5 985 2 2 168 102
33867 0 985 1240 1240 3614 3609
19990 0 985 41 41 123 119
6754 1 35743 3 1 1 1
12952 0 38827 29045 29045 25480 25480
16576 1 38827 3 1 1 1
1678 7 27909 283 47 1 1
1678 7 17606 264 31 1 1
1678 7 34411 299 62 1 1
1678 7 38159 404 164 1 1
1678 7 33433 253 21 1 1
10710 1 38566 1 1 1 1
23757 2 2023 2 2 144 94
8705 2 2023 8 8 86 37
2286 2 2023 1 1 62 14
7964 3 1791 2 1 4 1
5580 0 3139 40787 40787 34420 34412
19705 6 7282 2304 2303 573 573
11170 1 15337 7 1 3 1
22652 4 28628 300 300 162 162
40603 0 5178 84 84 14661 14631
40753 0 5178 83 83 14676 14645
5607 1 5839 2 1 2 1
27112 0 5607 9623 9623 25360 25354
40604 0 3773 36228 36228 13742 13742
23502 0 3591 27407 27407 28723 28717
3591 1 23828 4 1 3 1
3591 1 4974 3 1 4 1
13512 1 11627 1 1 2 1
11627 0 32691 16653 16653 11603 11603
40605 0 7851 7728 7728 14748 14748
40536 0 2861 15977 15977 21034 21025
18541 6 29772 4188 4188 28073 28073
17171 1 14314 1 1 3 1
6430 1 1025 5 1 4 1
33808 0 12168 5 5 64 29
4680 3 30046 371 370 228 228
4680 1 4679 1 1 1 1
26874 1 21974 3 1 2 1
40606 2 9677 12919 12919 13998 13998
13297 4 19277 45 45 22 22
871 1 6778 2 1 5 1
6778 1 18012 6 1 3 1
3278 1 37105 1 1 2 1
40607 6 7316 1426 1426 14356 14355
40607 6 2974 29201 29200 13179 13179
39590 2 17930 4 1 10 1
35134 1 29177 1 1 2 1
37759 4 33633 4660 4660 6069 6069
18141 0 20337 1729 1729 5776 5770
25756 0 18141 18422 18422 6211 6211
31924 0 2137 3 3 14 3
16768 1 3527 2 1 1 1
15053 1 25331 4 1 2 1
2951 1 25331 6 1 3 1
26706 8 17041 42 34 24 21
26404 4 38397 902 902 326 326
40608 0 11269 12504 12504 14804 14802
570 4 37732 624 622 54 54
9157 2 17319 2 1 4 1
16875 1 3343 3 1 4 1
9424 9 9423 1 1 1 1
9424 9 30295 14 13 18 17
30295 9 9424 19 18 14 13
28528 2 1425 18 17 843 822
40661 2 1425 28 28 13048 13026
16252 0 2071 3 3 33 12
8344 1 23341 3 1 1 1
23784 1 34483 1 1 1 1
7763 1 7762 3 1 1 1
30165 5 860 3 3 957 888
17944 5 860 9 9 12912 12840
9290 5 860 6 6 6334 6264
15462 1 30636 3 1 1 1
35232 1 35821 1 1 1 1
25564 0 8404 87 87 14141 14123
33907 0 24173 7340 7340 14532 14531
26592 0 8194 14356 14356 8017 8014
483 0 8194 139 139 925 923
9566 1 3309 4 1 2 1
40609 0 27148 35249 35249 14596 14592
40718 0 2951 12473 12473 13752 13751
11761 1 12999 4 1 2 1
26237 1 26236 2 1 1 1
24009 6 38249 57 57 39 39
38964 6 24009 2444 2441 50 50
3708 0 9694 18901 18901 23118 23115
40610 0 22619 2913 2913 15390 15384
25185 1 32634 2 1 1 1
40611 0 12710 13475 13475 14280 14277
5005 9 12710 2 1 2 1
7711 4 13896 10 2 3 3
21444 0 1668 3 3 131 62
17426 0 1668 3 3 423 353
38358 0 1668 340 340 15734 15663
5746 1 1668 2 1 3 1
26493 0 228 9 9 1828 1754
40675 0 228 145 145 14441 14365
22038 0 228 48 48 3275 3200
12895 4 10906 86 84 106 106
40453 0 10316 2 2 22 14
112 6 11189 62 16 1 1
3830 1 905 1 1 6 1
708 1 707 3 1 4 1
22664 1 9804 1 1 3 1
36523 0 4686 5047 5047 19231 19231
35422 0 10385 13753 13753 31770 31768
30775 4 5073 9348 9348 3422 3422
5073 1 5072 1 1 2 1
10680 6 18425 2232 2231 2076 2076
15029 1 11029 3 1 3 1
38345 0 7537 27346 27346 18519 18518
350 4 38228 564 561 155 155
10620 0 1244 2 2 284 6
40677 0 1244 2 2 12921 12629
33735 0 1244 3 3 354 67
15016 0 1244 17 17 5987 5696
29065 0 1244 5 5 433 145
15149 0 1244 2 2 286 7
16145 0 1244 2 2 316 32
10903 0 1244 2 2 301 18
4345 0 1244 3 3 291 10
30266 0 1244 3 3 630 341
36703 0 1244 2 2 281 4
19553 4 9540 475 475 1187 1187
450 4 20276 257 239 19 19
21982 4 450 13 7 3 3
37161 1 14121 1 1 1 1
20816 1 14121 2 1 3 1
11305 0 14274 7 7 32 27
12347 9 39027 1 1 1 1
17462 6 8373 2004 1988 12 12
17462 6 38751 1614 1599 10 10
11067 1 10029 1 1 2 1
5221 1 11848 2 1 2 1
6901 1 3580 5 1 3 1
15047 9 3513 4 1 3 1
3513 1 12072 7 1 6 1
19227 0 8492 9871 9871 24173 24170
12728 4 4840 24 15 8 8
12728 4 40336 1158 1148 14 14
1053 1 5405 3 1 1 1
1053 0 507 39050 39050 29352 29335
523 6 11110 34 7 2 1
34511 0 17252 3 3 53 41
11212 1 11211 2 1 4 1
8644 1 17442 4 1 1 1
40700 0 8644 676 676 14222 14210
19547 0 23405 87 86 2477 2467
3994 1 3993 6 1 4 1
31541 0 27211 7287 7287 20179 20177
36276 0 3679 62 62 1094 1084
40613 0 3721 66 66 13763 13727
14007 0 34084 25 25 101 97
26371 0 12250 7 6 52 50
28054 5 12250 59 59 29469 29456
39517 2 40614 13974 13973 114 114
40614 0 621 35990 35990 14873 14871
6014 0 1641 190 190 14948 14942
4778 0 1641 3428 3428 6870 6865
12527 1 31620 2 1 1 1
24997 4 4731 1898 1898 1566 1566
36026 0 2392 5799 5799 4746 4745
37802 0 2392 2207 2206 1525 1525
4182 4 2884 15 4 1 1
4182 4 36637 789 777 5 5
36637 0 1378 2 2 73 14
38852 1 36779 2 1 2 1
7696 0 251 3 3 133 79
28258 0 251 44 44 1210 1155
39711 0 251 4103 4103 23515 23459
24111 1 24110 1 1 1 1
40306 0 18126 38811 38811 34204 34195
12124 1 12123 1 1 3 1
15913 5 4475 5 4 35 16
19517 0 15913 4 4 17 13
4475 0 3779 1089 1089 19171 19118
39636 0 19687 21082 21082 23340 23339
11271 1 27213 8 1 2 1
11271 1 32517 7 1 1 1
32517 1 8906 2 1 6 1
24608 4 30747 4 2 1 1
23217 1 24399 2 1 2 1
29094 0 19267 8113 8113 19275 19273
3498 1 449 1 1 2 1
449 0 18847 40621 40621 40825 40825
17435 1 8639 3 1 2 1
37239 2 1136 9 9 2960 2889
40615 0 34949 19649 19649 14622 14621
36310 0 13741 44 44 1660 1653
36310 1 33374 2 1 1 1
19988 0 5541 570 570 18543 18532
3478 1 3477 1 1 1 1
39338 0 2342 472 472 3326 3322
37502 2 2524 3 2 300 257
38205 2 2524 2 1 57 16
2714 8 39449 34 16 1 1
2714 8 36914 9434 9414 7 7
2714 8 10915 6157 6138 3 3
10239 1 23646 2 1 3 1
6491 4 33367 195 193 10 10
8572 1 2319 3 1 6 1
2203 1 3505 6 1 3 1
2203 1 2202 5 1 2 1
7534 1 2203 2 1 4 1
4312 9 1881 1 1 1 1
1881 1 32034 1 1 2 1
22224 2 6577 2 2 75 23
37828 2 6577 6 6 597 543
34631 2 6577 1 1 61 10
18135 3 961 5 3 7 6
18135 3 20631 2 1 2 1
20631 10 24127 1 1 1 1
26739 0 18996 8807 8807 25227 25219
26740 1 26739 2 1 2 1
40616 0 37405 5166 5166 14353 14352
32555 1 16514 1 1 2 1
57 1 14678 8 1 1 1
1750 1 14678 4 1 2 1
14678 3 3713 4 1 4 1
14678 3 24654 3 1 6 1
40617 0 20218 2267 2267 14830 14825
13411 1 23555 5 1 3 1
5505 0 11298 34043 34043 23340 23337
5505 3 11131 4 1 5 1
19316 0 4045 20616 20616 21710 21709
4899 1 9805 5 1 2 1
21273 4 25459 11 2 1 1
30787 0 1897 20189 20189 28308 28232
30787 1 8109 1 1 2 1
40728 0 1897 149 149 14497 14425
17481 0 1897 392 392 15845 15771
40740 0 1897 147 147 14627 14554
4621 1 4620 2 1 5 1
14843 0 23268 216 216 1303 1299
12016 1 12015 1 1 3 1
19364 1 19363 3 1 1 1
40432 0 5164 192 191 1424 1414
34663 2 34482 16601 16601 11575 11575
4270 7 27605 3185 3146 6 6
4270 7 39989 42 4 1 1
24865 1 29189 2 1 2 1
10074 0 7611 86 86 952 942
30125 4 21696 1290 1289 73 73
5262 6 1060 5682 5679 1236 1236
4252 1 4251 1 1 4 1
22399 1 16355 997 997 2524 2519
40351 0 23777 2115 2115 6668 6668
28134 0 25797 1214 1214 4531 4531
36095 0 17496 1421 1421 9123 9122
40618 0 20146 4850 4850 14190 14189
11641 3 6465 3186 3181 12 12
17723 1 36872 2 1 1 1
40243 0 9712 326 326 1980 1976
31655 6 23676 15736 15733 4648 4648
7363 1 9383 2 1 6 1
927 1 19126 2 1 1 1
18550 1 11874 5 1 5 1
6872 1 17571 3 1 2 1
22182 1 3015 2 1 2 1
31726 0 2708 1 1 31 5
10510 1 31299 3 1 2 1
10510 1 11468 2 1 2 1
5637 0 14019 35 35 987 975
37295 0 5637 13 13 459 441
40651 0 14019 1865 1865 13926 13913
19127 0 32193 5956 5956 4792 4790
40619 0 17352 12872 12872 13480 13480
18931 1 7658 3 1 1 1
24917 1 24916 1 1 1 1
14958 0 8926 20771 20771 21587 21584
2199 0 12062 14 13 45 41
37781 4 33570 32 32 32 32
2638 1 13670 6 1 5 1
4988 6 37733 1674 1673 3420 3420
7538 0 2453 2476 2476 8751 8699
6470 0 2453 95 95 23966 23913
3450 0 2453 142 142 2129 2078
23404 1 36206 1 1 1 1
18078 1 18077 1 1 1 1
12966 4 7733 5 4 7 6
2725 6 35944 2818 2815 141 141
2725 6 38746 15691 15687 4892 4892
6374 1 6373 3 1 4 1
18028 4 23156 11782 11780 3429 3429
27874 1 9022 1 1 3 1
7520 0 6342 10599 10599 31274 31273
26885 1 36088 5 1 2 1
40337 0 3712 737 737 1968 1960
11866 0 2723 12 12 90 55
40672 0 2723 1167 1167 14217 14179
19663 5 5949 29 29 17899 17892
10405 4 39191 86 83 12 12
31833 0 2612 12043 12043 14616 14615
27749 0 2612 40729 40729 35467 35465
36563 6 10574 550 548 59 58
40621 0 17882 14381 14381 14896 14895
6572 1 34940 15878 15873 2749 2749
2450 1 6572 2 1 4 1
34940 1 6572 2834 2834 15702 15697
11303 0 16874 6 6 8 6
3894 6 39306 203 195 15 14
38351 1 38350 1 1 1 1
221 3 8712 3 1 5 1
8712 3 2533 5 1 3 1
40622 0 140 7308 7308 14058 14052
16189 1 10946 3 2 12 9
22380 1 29033 5 1 2 1
33769 1 969 1 1 2 1
21347 6 28199 1789 1789 1205 1205
5013 4 21215 184 183 80 80
40623 0 9319 19752 19752 14750 14748
9319 6 20165 5856 5852 6808 6807
22384 1 2522 2 1 7 1
30132 1 32978 2 1 1 1
28058 6 25609 6237 6231 2620 2619
4994 1 4993 1 1 2 1
515 0 2507 11 11 46 41
515 1 25909 7 1 2 1
2739 1 8642 7 1 1 1
8991 0 10772 30915 30915 32186 32174
1796 0 10772 3994 3994 26039 26028
28422 0 10772 18825 18825 22714 22704
21206 0 10772 8734 8734 13267 13258
3799 0 507 32 32 2210 2194
3335 4 15150 247 243 32 32
28623 1 16535 1 1 2 1
2736 4 39631 57 10 1 1
30472 0 13465 3754 3754 4675 4674
33343 1 22 1 1 3 1
10950 1 13236 5 1 5 1
2967 1 2966 1 1 5 1
39937 0 7513 8208 8207 2066 2066
9419 1 9418 2 1 2 1
39013 1 36698 1 1 1 1
29610 1 10919 1 1 1 1
4538 3 20612 18036 18036 25059 25059
30780 0 35793 39976 39976 30678 30677
24724 0 8582 39264 39264 37752 37744
8582 3 31244 23408 23408 6666 6666
32853 1 1076 1 1 9 1
16397 1 1054 6 2 7 1
1054 1 16397 7 1 6 2
20574 1 20573 1 1 1 1
17492 1 25092 2 1 3 1
38372 5 9152 70 70 363 359
20274 0 9152 2428 2428 6546 6545
20264 1 24542 2 1 3 1
18955 0 7329 66 66 1312 1305
23987 0 4369 18 18 1240 1220
4369 0 3 28 28 642 629
2124 1 1068 4 1 3 1
33595 0 1068 84 84 1873 1856
5628 7 37755 81 49 4 3
5628 7 12647 38 7 2 1
3996 1 6728 2 1 11 1
40624 2 8477 58 58 14553 14534
40625 2 1565 60 60 13737 13720
36784 2 1565 51 50 492 476
2962 4 22234 72 43 3 3
2962 4 29412 215 185 4 4
6633 7 36193 14295 14284 27 27
40626 0 614 17156 17156 14609 14606
31835 1 5813 5 4 9 2
25903 0 9834 10543 10543 13590 13585
16418 0 8858 17535 17535 20746 20734
32204 1 21012 2 1 4 1
36815 4 18543 8127 8127 17519 17519
5960 1 5959 1 1 3 1
5959 1 20633 2 1 2 1
3186 0 19366 1 1 7 2
34490 0 19366 1 1 8 2
9285 4 3566 39 36 4 4
28491 0 21937 37411 37411 31072 31072
14560 0 3579 35033 35033 25033 25021
1548 0 13970 2612 2612 17558 17551
24781 0 9745 27566 27566 27255 27252
37605 1 10437 1 1 2 1
21783 4 36057 119 113 7 7
39777 0 28386 6 6 4 4
12874 0 25149 9 9 18 13
34886 0 19548 15820 15820 20739 20738
38549 0 3218 10178 10177 6926 6919
6806 0 3218 4 4 44 38
5707 1 9142 1 1 6 1
21471 0 21813 2 2 6 3
3766 8 8009 43 37 5 2
13145 1 9402 4 1 3 1
17843 0 28399 31187 31187 18497 18497
40627 0 1666 1198 1198 14076 14065
1666 0 8325 25 25 365 355
654 0 412 70 70 1023 1016
14956 2 12037 414 413 1296 1291
617 6 6774 25 11 8 5
9968 1 9967 2 1 3 1
27085 0 35359 2 2 3 3
1637 1 34420 3 1 2 1
5730 0 36803 18748 18748 40517 40515
838 6 32152 53 45 2 2
23103 0 3276 17 17 94 77
35721 0 3276 42 42 301 283
18987 1 3276 4 1 2 1
40629 0 36565 17056 17056 14969 14968
1164 6 6638 11 6 3 1
34239 9 18569 1 1 2 1
11837 4 28447 13 6 4 4
28130 0 12447 741 741 4836 4832
3649 1 31930 2 1 1 1
11584 0 5856 483 483 28369 28341
15608 0 11584 80 80 4312 4309
33433 0 9304 38 37 440 430
11509 6 13575 32438 32437 28909 28909
3459 1 18716 1581 1570 286 286
28208 1 3459 1 1 11 1
18716 1 3459 303 303 1571 1560
33370 4 36554 70 70 78 78
36554 4 19332 28331 28331 35847 35847
28158 1 24705 2 1 1 1
3450 1 13968 6 1 2 1
32129 0 885 194 194 7989 7982
23550 0 341 457 457 3649 3643
20836 1 23921 5 1 2 1
23921 1 19782 1 1 1 1
20335 0 25270 9 9 5 5
32163 4 27952 1655 1654 90 90
22393 0 1973 187 187 11776 11720
40727 0 1973 27 27 14688 14631
25244 0 1945 24001 24001 32473 32449
33880 0 1945 25615 25614 17536 17513
24265 1 658 1 1 2 1
8592 1 8591 2 1 4 1
799 6 14682 389 371 20 19
799 6 23999 101 84 7 6
36839 0 32330 15617 15617 10334 10334
9877 9 17446 1 1 2 1
9284 6 40237 3194 3194 6566 6566
8440 0 10175 1375 1375 907 902
15799 6 17610 40483 40471 15821 15821
1955 1 12334 1 1 1 1
15612 1 33784 1 1 3 1
26154 6 29880 5 2 1 1
27300 1 30734 5 1 1 1
27525 0 3582 687 687 8814 8787
30440 0 27525 38036 38036 33078 33077
11629 1 3582 5 1 1 1
3325 0 31371 20250 20250 36320 36317
8222 0 5081 27 27 86 84
9760 1 9759 1 1 1 1
1709 1 2722 5 1 1 1
12888 6 33923 10085 10084 31385 31384
23634 0 4578 3195 3195 22173 22171
3258 9 23634 1 1 1 1
17187 1 13864 3 1 2 1
17187 1 11812 4 1 5 1
17187 1 6726 2 1 3 1
9561 4 39738 27 22 4 4
40630 0 4049 1064 1064 14927 14912
23531 0 4049 179 179 3949 3936
19 1 6484 9 1 4 1
19331 0 6850 5 4 92 68
27088 1 9828 1 1 1 1
35702 0 15222 128 128 116 114
20635 6 21042 613 611 14 14
22261 1 13269 1 1 3 1
22970 1 22969 4 1 1 1
18827 4 15294 371 371 389 389
9782 1 3951 1 1 1 1
35390 0 7258 5406 5406 15172 15172
36733 6 32656 29722 29722 16629 16629
38009 0 28740 2232 2232 3939 3938
26011 2 4090 102 100 1597 1567
36107 2 4090 2 1 63 34
33747 1 4090 1 1 2 1
36531 2 499 2 2 175 142
24281 1 11177 1 1 5 1
1223 7 34593 53 40 3 3
24757 1 2423 2 1 9 1
2423 1 2422 7 1 1 1
22776 1 9885 2 1 5 1
15285 1 9885 2 1 3 1
9885 1 28854 4 1 2 1
10713 4 34491 345 339 70 70
21164 0 1390 87 87 3868 3857
32940 0 30056 721 721 10288 10287
21775 0 25753 4591 4591 12052 12051
33648 1 6674 1 1 4 1
2761 0 4715 13373 13373 25888 25874
6696 0 4715 48 48 1775 1762
17030 9 4295 1 1 1 1
13412 0 21233 50 50 304 302
28826 1 6595 2 1 4 1
20832 1 11711 3 1 6 1
14280 1 11926 5 1 5 1
29160 1 15901 3 1 4 1
16032 6 33387 21 11 7 3
11676 0 14498 37 37 443 433
16565 2 11676 8 8 47 46
31288 6 28201 58 58 201 201
40631 0 12856 2075 2075 14482 14480
24723 1 5785 4 1 4 1
4523 1 5616 3 1 3 1
12257 3 13172 5 1 3 1
12257 3 535 4 1 3 2
26683 0 5772 9 9 41 9
336 1 17653 3 1 3 1
1046 7 15073 6769 6649 2 2
1046 7 30406 17865 17743 6 6
1046 7 27214 117 3 1 1
1046 7 33079 7045 6924 2 2
1046 7 5787 122 7 1 1
2624 1 19875 2 1 3 1
19876 1 19875 1 1 4 1
15802 0 7902 15519 15519 25985 25981
9265 0 3141 2 2 75 24
12722 0 3141 35 35 124 72
10103 0 3141 5 5 165 112
7145 5 1658 1 1 22 11
7145 0 1669 2024 2024 4392 4386
12738 5 1658 74 74 5586 5574
17951 0 1658 14734 14734 8762 8756
27703 9 34293 2 1 1 1
29800 4 28661 26 25 13 13
6381 1 190 4 1 1 1
859 9 12748 1 1 1 1
30017 1 859 2 1 1 1
18820 1 11268 40325 40322 37544 37543
1823 0 4690 40727 40727 40928 40928
21777 0 6768 7976 7976 10297 10296
6768 6 21336 6 4 2 1
40091 0 4569 679 679 8152 8135
14867 2 741 1 1 53 7
14867 4 4956 5 5 42 40
12851 2 741 1 1 48 3
20925 1 20924 3 1 1 1
1674 1 931 1 1 1 1
34244 0 32041 39287 39287 37007 37007
40632 0 7551 72 72 13987 13954
14712 0 7551 7 7 100 68
2716 1 35898 4 1 1 1
40633 0 13777 2347 2347 13853 13843
37358 1 31163 1 1 2 1
11679 7 23483 14333 14326 16 16
7229 4 27626 22 6 4 4
22653 0 16517 8803 8803 3866 3866
16217 0 5288 37447 37447 21033 21029
2278 6 26447 208 199 3 3
24890 4 33643 105 104 14 14
32433 0 15559 19991 19991 25211 25209
22947 3 32423 7872 7870 171 171
23487 9 11721 1 1 1 1
15940 1 23487 2 1 1 1
23487 0 13665 15 15 62 60
18752 1 299 4 1 5 1
18752 0 8047 104 104 9818 9811
15683 6 19775 7 5 5 4
39821 0 33635 45 45 444 442
12743 1 17790 2 1 8 1
40634 0 28094 2142 2142 14342 14337
2256 1 14167 3 1 1 1
18933 4 20525 22 20 8 8
17224 1 10004 5 1 3 1
37117 0 6089 111 111 2441 2430
3733 1 37117 2 1 2 1
2521 0 8501 17 17 347 342
16781 1 14407 6 1 3 1
14716 0 14407 6286 6286 26072 26070
8270 0 36693 80 80 16 15
6368 5 4264 3 1 8 2
35387 1 19174 1 1 3 1
13187 1 18773 3 1 3 1
10051 0 11733 6 6 226 219
26059 4 39209 2 1 2 2
11003 1 3102 5 1 2 1
10718 1 11003 2 1 4 1
11003 0 12665 6000 6000 25189 25188
3102 0 37135 4 4 2 1
18521 1 21925 1 1 2 1
8854 1 7411 2 1 4 1
16381 0 23939 17 17 2 2
451 0 1929 1 1 227 6
33456 0 1929 2 2 243 17
24694 0 1929 1 1 230 7
39387 0 1929 2 2 228 6
7613 1 12661 4 1 1 1
7197 1 15448 3 1 2 1
17662 1 15448 1 1 1 1
37672 0 16158 26640 26640 16715 16715
21547 1 21546 1 1 2 1
10702 1 23017 5 1 1 1
438 1 34948 2 1 1 1
18006 4 18624 6 6 6 6
9736 0 18836 106 106 1070 1068
26667 1 37019 1 1 1 1
2440 0 6281 25 25 92 84
26061 1 34300 2 1 1 1
7854 1 4665 3 1 2 1
4819 4 14283 12 10 8 8
38806 0 30214 2670 2670 26150 26150
8314 1 16121 4 1 3 1
39546 0 27758 8 7 71 66
19102 2 1216 9 8 15 13
29584 1 17589 3 1 2 1
23903 0 2218 447 447 16424 16416
10504 6 23689 1451 1445 216 215
21753 1 24319 1 1 1 1
27512 2 9554 142 142 8748 8746
33772 0 18060 4836 4836 8361 8360
40635 0 11401 4145 4145 14461 14453
37827 0 12143 8344 8344 15511 15508
10219 1 15914 2 1 4 1
40636 0 10144 683 683 14380 14374
25012 1 28395 1 1 1 1
10163 1 36165 2 1 2 1
13634 1 16425 3 1 1 1
10718 1 3101 3 1 3 1
32269 4 13378 3493 3492 199 199
132 6 7098 33664 33637 17766 17766
132 8 30058 96 69 2 1
24046 2 7098 11 11 41 39
34096 2 6504 3 2 24 21
16928 1 39641 8 1 1 1
10361 0 11019 276 275 661 660
31941 1 1800 34816 34816 29541 29539
1800 1 31941 29442 29440 34931 34931
15215 0 10045 34912 34912 31137 31137
13118 4 38898 305 299 13 13
32650 1 7755 2 1 3 1
12467 4 34649 7 1 1 1
9896 1 18285 1 1 1 1
7667 1 12425 2 1 4 1
13792 1 1506 3 1 2 1
27011 1 15878 4 1 4 1
29234 0 35329 4319 4319 2639 2639
7943 0 10653 33 33 53 47
17967 0 7943 13 13 18 13
27950 1 7080 1 1 3 1
32191 0 30183 227 227 56 56
8067 4 31485 39 39 72 72
40637 2 3638 5500 5500 13858 13855
3845 0 33389 4 4 12 5
34507 0 1864 34 33 105 105
1864 4 25736 146 66 2 2
1864 4 34970 118 40 1 1
9467 1 9580 2 1 3 1
13612 1 17386 4 1 1 1
13700 1 35600 3 1 1 1
4329 0 8286 175 175 459 455
32613 1 25386 1 1 1 1
5658 1 17587 3 1 5 1
5658 1 6582 2 1 8 1
39787 0 127 1 1 40 3
14136 0 127 16 16 331 293
13276 1 13275 1 1 2 1
40639 0 13366 35319 35319 14357 14357
13367 1 13366 2 1 1 1
40275 5 7288 10 10 3299 3285
1302 0 875 34349 34349 23369 23369
1302 1 25385 4 1 2 1
875 1 12410 5 1 2 1
4494 1 89 2 1 3 1
18990 0 89 411 411 22594 22576
40640 0 24053 17083 17083 15242 15241
18859 1 233 1 1 6 1
12436 0 233 2944 2944 2875 2875
7065 1 30772 4 1 1 1
934 0 7065 143 143 90 90
2370 4 38227 22 3 1 1
2370 4 36484 42 21 1 1
25146 1 23224 1 1 3 1
30650 5 5167 16 16 402 384
4399 0 17631 21062 21061 33951 33949
4487 1 23828 2 1 4 1
40641 0 6889 5034 5034 13834 13830
14877 0 673 1 1 172 153
11236 1 11235 1 1 3 1
18886 1 5777 2 1 1 1
23603 1 14746 1690 1688 207 206
38534 6 21834 4 4 36 36
29015 4 35243 83 83 364 364
5305 9 11107 1 1 1 1
1754 1 11107 6 1 2 1
4526 0 16078 3 3 27 14
33020 0 17455 7 7 288 283
11439 0 3779 1045 1045 9437 9385
11995 6 27315 18669 18659 169 169
4069 1 10264 3 1 3 1
16543 2 7941 80 80 7632 7631
30820 4 40098 3 3 4 4
7608 6 17250 1749 1749 24295 24294
34850 0 14755 90 90 1198 1196
29978 0 14755 100 100 694 693
1608 0 27044 18 18 8 5
21522 0 4706 3767 3767 2313 2313
21523 1 21522 1 1 3 1
18705 1 10129 3 1 3 1
4870 4 23128 166 148 3 3
7327 1 28238 1 1 1 1
34202 0 26992 2868 2868 6918 6918
36557 0 6350 10 10 80 74
35418 1 29484 2 1 1 1
7541 0 4367 1055 1055 15935 15907
11932 4 32067 94 80 11 11
10275 0 17996 5860 5860 12763 12760
39456 1 19704 1 1 3 1
18323 0 586 29 29 406 329
13562 0 586 214 214 3451 3372
4417 1 586 2 1 5 1
7278 1 586 1 1 7 1
27593 1 12739 1 1 2 1
12739 1 21738 3 1 3 1
12654 0 8574 7 7 8 7
9238 1 23492 4 1 2 1
31611 0 7155 46 46 698 693
7156 1 7155 2 1 2 1
7155 0 32985 488 488 7590 7588
16869 0 14047 6990 6990 24011 24008
2512 1 11785 1 1 4 1
11088 1 10937 2 1 4 1
28051 4 23671 1104 1104 2796 2796
20731 0 20684 8137 8137 15844 15843
4385 1 3236 1 1 7 1
9432 9 1667 3 1 2 1
9432 0 10503 3083 3083 7097 7097
40643 2 3999 29 29 13186 13145
40646 2 3999 29 29 13112 13073
40743 2 3999 29 29 12840 12804
40711 2 3999 29 29 13127 13087
40755 2 3999 29 29 12895 12858
12237 1 7953 3 1 4 1
25278 1 37411 3 1 2 1
408 4 23469 5 3 3 3
1148 0 17366 678 678 13496 13488
7956 0 627 6 6 8 8
9729 1 6968 1 1 8 1
24511 0 1344 18 18 16 16
27740 0 26327 3 3 7 2
7986 8 7255 20427 20421 14 14
7381 1 25502 5 1 1 1
2902 1 11262 7 1 4 1
9042 1 10887 4 1 5 1
9043 1 9042 3 1 5 1
6541 9 6540 1 1 1 1
40644 0 9111 1516 1516 14001 13995
26375 1 21045 1 1 2 1
1257 1 11847 2 1 2 1
19650 1 21679 3 1 1 1
4031 1 5234 8 1 2 1
40645 5 20085 270 270 14549 14548
12097 1 7899 2 1 5 1
12097 1 15381 3 1 2 1
15381 6 27596 12 10 15 14
3911 1 3910 1 1 2 1
6582 1 4443 9 1 5 1
16646 1 30805 6 2 4 2
37036 1 4229 18937 18937 11045 11041
12072 6 37740 21 18 1 1
2007 2 12273 1 1 50 3
11567 0 73 15 15 492 482
10875 0 11567 37288 37287 25224 25224
18947 5 73 11 11 12775 12717
40724 5 73 15 15 14239 14180
27976 1 38676 1 1 1 1
33023 4 28124 71 70 6 6
21030 1 8155 2 1 1 1
27238 5 13249 8 8 213 198
5870 1 5622 4 2 13 11
5622 1 5870 13 11 4 2
27901 0 19859 8 8 14 13
40662 0 19859 11312 11312 14347 14345
31613 0 29521 15542 15542 6358 6357
17378 0 6050 600 600 1713 1712
40155 5 4554 99 99 15601 15593
40527 0 7268 5891 5891 19690 19682
14066 1 11728 1 1 7 1
26527 1 20615 4 1 3 1
33593 9 20131 1 1 2 1
27280 1 21426 1 1 2 1
3040 1 17693 2 1 2 1
25658 0 485 15308 15308 17970 17969
18469 5 129 4 4 522 477
28264 2 19665 2 1 5 3
27241 5 5742 1 1 25 5
5026 0 25220 40741 40741 39040 39037
11821 0 23942 26 26 14 13
28145 0 21469 5893 5893 640 640
36421 0 23934 4312 4312 3692 3692
5784 1 37926 6 1 1 1
10931 6 4938 148 147 36 36
1857 6 34576 1680 1647 10 10
1857 8 29220 740 729 15 15
11116 1 11115 2 1 2 1
3144 1 34206 2 1 1 1
29262 1 30989 1 1 1 1
1904 0 13709 20 20 723 703
10949 1 12159 4 1 4 1
10852 1 10851 1 1 1 1
38604 0 9315 17629 17629 18980 18978
40648 0 20404 29906 29906 14111 14109
455 10 12842 1 1 1 1
5537 6 32458 420 420 9858 9857
3621 1 28895 16 1 1 1
4946 9 20388 1 1 1 1
37381 5 2404 1 1 92 29
18509 5 2404 10 10 6850 6786
34190 0 4417 1216 1216 5123 5119
7826 1 7825 1 1 2 1
7825 1 29516 1 1 1 1
10788 1 10787 2 1 1 1
13090 1 23239 3 1 3 1
21630 1 3350 2 1 2 1
40681 0 21630 33179 33179 15635 15634
40020 1 27893 1 1 1 1
192 0 3182 40590 40590 34723 34675
40659 0 3182 44 44 13784 13737
25380 1 34263 3 1 1 1
40649 0 16215 20331 20331 15582 15581
40446 1 23732 17 17 949 946
23732 1 40446 947 944 18 18
34086 6 5206 69 69 39 39
2858 0 20996 16 16 6 3
18116 0 20996 30 30 128 124
10925 1 12946 3 1 3 1
29210 0 28005 37150 37150 32474 32471
27124 0 25522 665 665 3816 3813
12679 0 25522 4043 4043 12747 12743
40650 0 7972 185 185 14735 14718
637 8 34610 338 315 9 9
8063 1 12534 6 1 1 1
18731 1 18730 2 1 1 1
20947 2 909 2 1 14 8
1431 4 36937 20 5 1 1
15092 4 39339 8641 8637 1546 1546
8626 1 17737 2 1 1 1
8142 0 267 11 11 149 127
13601 0 267 39164 39164 36362 36338
4749 1 3012 3 1 4 1
34451 0 4286 13 13 727 719
19033 0 4286 785 785 1338 1329
4562 1 2073 4 1 6 1
2073 0 12505 15 15 34 27
31431 0 724 4556 4556 24327 24309
38103 0 724 27143 27143 24673 24654
40654 0 724 2501 2501 13550 13533
16201 1 29447 4 1 1 1
5631 1 37242 3 1 1 1
8758 0 904 5304 5304 11774 11761
4273 0 20274 878 878 161 160
7509 1 28460 2 1 1 1
24248 1 26008 8 8 166 164
16580 0 4596 90 90 19584 19511
31450 0 4596 115 115 1750 1678
26018 2 7003 34 34 2761 2760
27767 0 33139 18 17 3 3
11803 1 3063 6 1 5 1
40671 0 11803 598 598 14441 14440
8515 0 9557 3 3 64 44
30217 4 31100 9 2 2 2
149 0 8325 11 11 46 37
16886 0 8325 379 379 8094 8083
6021 3 6419 815 815 2267 2267
8937 1 15399 3 1 3 1
15399 0 15413 1423 1422 192 191
16850 0 2816 242 242 2264 2253
1495 1 1496 3 1 1 1
22266 1 13419 3 1 1 1
4036 6 25770 3 1 2 1
9661 1 35820 7 1 1 1
33793 5 226 17 17 7692 7682
7617 0 3106 126 126 25 25
25454 0 8768 21990 21990 14874 14874
40652 0 19798 23043 23043 14238 14236
12951 1 6835 3 1 3 1
13042 1 35270 2 1 1 1
22965 1 29226 3 1 1 1
27680 4 33739 7 6 4 4
1899 1 12199 3 1 2 1
28178 1 1166 2 1 2 1
7900 0 1166 363 363 5316 5306
23262 6 32818 239 238 24 24
5593 6 11394 34431 34428 20697 20697
8267 1 5593 1 1 1 1
3044 1 2035 7 1 4 1
3044 1 16109 8 1 2 1
21419 4 26177 464 463 104 104
21419 4 31110 10950 10948 5058 5058
13244 1 13243 2 1 1 1
29344 0 8327 425 425 5309 5300
33450 4 37712 151 151 216 216
35194 4 34100 5 3 8 8
40655 0 9708 270 270 14702 14693
11987 1 24184 2 1 2 1
40067 0 28616 5448 5448 18705 18705
11962 0 5446 2 2 20 2
40656 0 23923 1596 1596 14143 14141
17906 1 39780 1 1 1 1
12010 0 12867 25 25 22 22
27741 0 9592 62 62 805 795
31815 0 20618 117 117 253 252
36783 1 30240 1 1 2 1
18655 0 7908 1871 1871 2682 2680
6243 1 7908 6 5 16 9
24740 1 21889 1 1 1 1
4775 1 10634 1 1 3 1
25665 0 1971 37613 37613 32940 32929
1669 3 13851 677 672 8 8
2025 6 7292 7202 7200 826 826
14912 1 32715 4 1 1 1
12038 0 38396 14808 14808 19720 19720
35926 5 7786 24 24 10494 10474
825 4 18445 23 12 3 3
40657 2 26386 29666 29666 13773 13773
20788 1 2698 3 1 4 1
11974 1 28533 3 1 2 1
40658 0 20524 18286 18286 14747 14745
30364 0 7177 764 764 1761 1755
17270 0 3160 8 8 28 12
29793 0 3160 5466 5466 26468 26451
23134 2 3167 63 62 2273 2251
11450 0 3167 149 149 8272 8261
12666 8 16098 12632 12623 25 25
12666 8 36039 1137 1129 9 9
31571 0 30708 40569 40569 37873 37871
5912 1 2368 3 1 4 1
31386 1 8649 1 1 1 1
982 1 215 3 1 6 1
33373 0 6364 52 52 434 430
13857 6 25567 25629 25629 14055 14055
13500 0 351 2 2 128 4
22904 0 351 3 3 135 10
28665 0 351 1 1 126 3
40717 0 351 18 18 13625 13499
18938 0 5892 7 7 51 44
16099 1 26369 2 1 1 1
2721 9 2720 1 1 1 1
24582 0 15825 2873 2873 4080 4075
32819 1 28176 1 1 2 1
36852 4 37506 97 97 36 36
2214 0 15911 24043 24043 34148 34148
4259 1 4258 1 1 3 1
257 1 24309 2 1 1 1
4917 0 9090 3 3 14 13
9090 1 14439 2 1 5 1
20691 0 1251 2 2 12 8
27447 1 14144 2 1 2 1
40664 0 2231 190 190 14942 14913
16037 0 2231 11 11 1707 1679
13008 1 27465 3 1 2 1
11452 0 25129 118 118 183 179
231 0 1467 73 73 9191 9148
3531 0 28084 1204 1204 2208 2208
3531 1 4181 2 1 2 1
6594 1 4528 1 1 4 1
19437 0 14525 46 46 4554 4519
8031 0 14791 4 4 34 23
31367 1 1787 1 1 2 1
9853 1 760 7 1 2 1
27431 0 39165 22168 22168 18812 18812
36977 0 5846 4 4 43 13
3013 0 40092 38 37 38 37
2724 4 36323 42 12 1 1
7159 4 9738 6 4 4 4
38226 0 6849 2 1 12 7
4087 3 16968 5 1 5 1
4087 3 4129 6 1 5 1
31274 1 31273 1 1 1 1
5582 1 25676 10 1 1 1
25982 1 16758 1 1 4 1
16758 1 25203 3 1 2 1
1131 4 12184 59 10 5 5
22246 0 24779 302 302 2798 2796
15361 6 28949 261 261 844 843
36223 0 8406 32792 32792 29488 29478
1772 8 35641 4944 4943 5208 5208
1772 8 37471 1424 1424 213 213
8336 2 1773 1 1 38 1
19749 1 22236 1 1 1 1
36152 0 33158 473 473 170 169
9803 4 33158 364 361 50 50
31178 6 27506 12 10 6 5
19480 0 22889 32535 32535 39413 39413
1803 1 3108 10 1 4 1
3108 0 30670 30 30 93 91
23633 1 27801 3 1 2 1
10997 5 6030 16 16 2471 2469
10997 1 30683 2 1 1 1
4151 6 35893 14 5 1 1
21421 3 7727 2 1 2 1
8947 4 25382 247 245 19 19
28887 1 2749 2 1 7 1
30602 0 7963 246 246 3625 3620
28803 1 7236 1 1 1 1
17376 6 18797 15 3 1 1
18797 6 7347 306 302 6 6
4486 1 6243 9 1 1 1
38461 0 30319 1427 1426 7411 7407
10089 1 7989 1 1 10 1
12058 1 2312 1 1 10 1
8268 1 5633 3 1 2 1
40666 0 16421 7038 7038 13922 13922
18179 9 5219 1 1 1 1
10733 1 1830 7 1 4 1
433 1 15766 2 1 3 1
30942 1 704 1 1 1 1
11977 0 6276 30 30 414 408
40667 0 25385 5376 5376 14770 14766
17801 0 24596 13349 13349 10746 10745
36884 0 4188 39377 39376 29984 29984
10301 0 9082 14607 14607 28887 28885
15234 6 20190 4 4 101 98
31040 1 34714 2 1 2 1
23336 0 36235 14823 14823 17106 17106
33510 1 34163 2 1 1 1
14971 1 14960 1 1 1 1
17273 0 4918 670 670 8578 8577
30507 0 542 2 2 18 6
30659 0 542 5 5 55 42
21349 4 34315 145 145 476 476
7012 1 7012 4782 4782 4773 4773
6351 0 5112 10 10 22 21
29074 1 29073 3 1 1 1
21454 1 39437 1 1 1 1
4178 6 21454 2353 2352 1201 1201
33809 1 29402 1 1 2 1
24898 0 7415 1050 1050 12803 12783
808 1 807 2 1 1 1
22710 0 22555 22634 22634 15749 15748
10110 1 18587 1 1 3 1
18587 0 20875 35425 35425 28729 28721
16329 1 3909 4 1 2 1
1432 4 8490 42 27 2 2
16905 1 10533 2 1 2 1
9956 1 2505 1 1 2 1
22993 1 6303 3 1 2 1
17529 1 8542 3 1 4 1
18744 0 6242 4 4 55 50
40668 0 881 27423 27423 14565 14561
23982 1 23981 1 1 1 1
40669 0 14189 37610 37610 15193 15191
5759 1 26443 3 1 1 1
24585 2 10398 11 11 459 434
14448 1 10398 2 1 2 1
28412 0 37012 1544 1544 9954 9953
6886 1 32873 2 1 2 1
9765 0 19420 45 45 11 10
1752 1 9904 6 1 4 1
20473 1 13402 2 1 3 1
39769 1 25538 88 88 64 64
25538 1 39769 65 65 86 86
21180 6 11296 3 2 4 3
4128 1 25065 1 1 1 1
40670 0 14798 6573 6573 15010 15008
40670 6 40706 10889 10889 7875 7875
6066 0 11939 4450 4450 19142 19133
24884 4 6439 19 19 41 41
26927 1 4813 5 1 3 1
12620 6 33079 3352 3352 320 320
23142 1 23141 2 1 1 1
2112 1 15204 3 1 2 1
31063 4 40391 3 3 4 4
23817 1 38036 2 1 1 1
35101 0 20547 170 170 3895 3893
34252 0 7906 3323 3323 12360 12359
6576 6 15513 947 947 5780 5779
2696 1 307 5 1 2 1
2831 0 2696 11 11 45 34
1570 1 15541 4 1 4 1
2232 0 35643 17092 17092 20474 20474
4771 4 1369 202 149 5 5
4771 4 10898 4494 4440 316 316
25079 0 1369 8237 8237 20803 20801
19764 0 29317 7685 7685 6849 6848
30894 0 2657 2 2 16 10
30894 1 30893 1 1 1 1
35465 2 9450 5 5 60 50
27198 0 19507 6 6 14 8
9577 1 18755 2 1 2 1
9577 1 2300 1 1 7 1
6591 1 15671 1 1 2 1
40674 0 19768 13054 13054 15178 15177
2835 1 10762 3 1 3 1
40036 0 8241 26827 26827 8710 8710
15566 4 17079 178 173 11 11
38115 1 37110 1 1 1 1
35182 1 26668 1 1 3 1
8887 0 10579 63 63 483 482
39995 0 13740 109 109 1388 1384
5336 1 2296 4 1 2 1
1528 1 2296 4 1 3 1
34557 0 26 10228 10228 25126 25124
12745 1 18647 3 1 3 1
7997 1 15740 3 1 2 1
7489 6 25346 1472 1466 31 31
22264 0 6890 92 92 1774 1773
21341 1 26384 2 1 2 1
130 5 1981 2163 2163 38767 38712
18980 1 21881 4 1 3 1
18980 1 12859 5 1 2 1
40438 4 2459 17742 17741 8623 8623
2459 0 22692 166 166 54 53
32399 6 35294 139 139 65 65
16433 0 15675 530 530 1305 1303
18645 1 19846 2847 2846 878 876
1831 1 13620 1 1 1 1
27640 0 35564 3613 3613 3246 3246
28049 2 12715 28 28 11268 11252
34427 0 119 5 5 114 77
38238 0 119 3 2 51 15
14129 1 14128 1 1 1 1
16455 0 30527 9 9 19 17
22880 0 2807 1732 1732 6134 6130
5517 1 8571 2 1 3 1
31628 0 6776 1640 1640 15191 15182
14732 0 6776 2121 2121 18128 18118
1395 1 10603 4 1 1 1
26249 1 1851 1 1 2 1
21189 1 25948 4 1 2 1
30647 0 1326 957 957 3596 3581
10370 0 1326 1462 1462 10933 10917
25930 4 10103 60 54 2 2
39271 2 916 2 1 356 213
39473 2 916 1 1 408 262
33293 2 916 3 2 261 120
13451 2 25375 10 10 48 46
1346 1 6170 4 1 5 1
2261 4 14320 54 37 2 2
1705 6 39241 83 76 1 1
858 4 23688 3 2 2 2
11337 0 13858 15164 15164 15593 15587
36322 0 427 2 2 99 27
28974 0 4885 416 416 527 517
23365 6 15758 5 5 5 5
11547 1 11546 4 1 1 1
32755 0 697 1 1 6 1
7568 1 7567 1 1 1 1
21710 0 5678 11 11 31 27
33405 0 5891 18 18 52 49
19993 6 40676 15226 15223 314 314
8878 1 6111 1 1 4 1
11299 0 8050 3260 3260 760 756
6501 1 6500 1 1 1 1
9095 0 6138 3812 3812 12514 12500
29324 0 5429 1319 1319 2277 2277
28608 4 27634 21856 21856 16532 16532
25947 1 30204 2 1 5 1
8835 6 24716 2741 2732 54 54
31000 4 5709 5 2 4 4
14357 0 30076 7123 7123 14087 14087
15636 1 14742 2 1 3 1
8343 1 5855 2 1 4 1
13930 0 14302 3 2 9 4
6188 4 19609 19 2 2 2
30806 1 21229 1 1 2 1
21465 1 2680 1 1 3 1
5567 0 3263 4473 4473 22937 22926
1114 0 3263 167 167 3599 3589
15163 1 28250 4 1 1 1
24491 0 21806 34150 34150 23710 23710
13957 0 21517 2894 2894 2590 2589
26206 0 1852 23 23 1988 1939
31320 0 1852 3 3 134 87
35402 0 1852 9440 9440 27166 27115
17351 0 1852 7 7 1268 1220
12201 4 35651 11 6 2 2
26615 1 23283 2 1 2 1
38530 0 8201 12310 12310 5917 5903
26273 0 19179 7008 7008 5491 5491
31727 0 26208 4 4 29 28
14610 4 22269 853 851 75 75
6596 1 29722 2 1 1 1
35251 4 10622 4016 4016 15988 15988
33036 1 22694 2 1 4 1
9486 3 22694 1337 1333 18 18
7279 1 30681 14 10 9 6
30681 1 7279 9 6 14 10
35732 0 7738 2 1 19 18
6160 1 6159 2 1 1 1
40678 0 38900 23505 23505 14970 14970
12283 1 12051 3 1 2 1
20982 0 18646 2 2 4 2
9855 6 9449 635 610 14 13
8464 1 26186 4 1 1 1
36328 0 27331 12 12 332 326
28307 1 1781 1 1 4 1
22552 0 40034 12082 12082 18320 18320
40679 0 762 10737 10737 13844 13841
40680 0 38335 22153 22153 14605 14605
8103 1 9200 5 1 1 1
22832 5 2978 1 1 74 7
14475 5 2978 13 13 991 922
30111 0 9494 3 3 18 8
29085 1 18188 2 1 2 1
16374 0 151 2016 2016 10533 10526
40682 0 8093 195 195 14028 14000
7574 4 40009 453 451 38 38
40683 0 17911 6630 6630 14333 14330
7705 4 24544 17 11 4 4
31888 0 115 4358 4358 6260 6243
115 1 10641 8 1 2 1
9351 1 17202 2 1 4 1
728 1 727 6 1 3 1
31869 5 18855 1564 1564 34522 34508
38772 5 18855 3 2 31 19
33573 1 10115 1 1 2 1
6813 1 5176 3 1 3 1
30270 1 25946 1 1 2 1
23870 1 10884 8 6 2 1
40110 4 30283 22 22 9 9
39171 0 8786 103 103 5148 5144
13098 1 17229 8 1 2 1
9972 0 7945 10 10 1736 1713
2006 0 13976 951 951 1677 1675
21615 1 20726 4 1 2 1
35582 4 39566 2525 2525 4266 4266
14559 1 1815 2 1 3 1
35120 4 2143 25 22 9 9
15991 1 12504 1 1 4 1
6429 1 22011 3 1 1 1
5547 0 10707 12 12 157 133
11434 0 10707 15 15 196 171
8030 1 4592 4 1 2 1
19180 0 7178 25127 25127 31614 31612
20863 1 24708 3 1 1 1
32763 0 11178 471 471 621 621
20883 2 3869 3 3 103 73
35373 2 3869 6 6 214 183
20259 1 28121 2 1 3 1
1015 1 24451 2 1 2 1
3316 2 13606 30 29 242 238
24587 2 13606 69 66 106 103
36313 1 28400 1 1 1 1
4016 1 4015 4 1 1 1
6051 1 9303 2 1 3 1
22179 0 25743 83 83 957 954
37112 0 3027 46 46 4798 4745
16612 0 3027 5 5 972 921
23303 0 3027 27968 27968 26052 25998
40685 0 14898 250 250 14417 14398
3073 1 5623 3 1 2 1
40686 0 15810 31924 31924 13686 13686
30554 1 16575 2 1 1 1
5024 1 5023 1 1 4 1
5023 1 14075 5 1 1 1
10386 0 32386 12 12 6 6
7372 1 7371 2 1 1 1
5715 1 7372 3 1 1 1
29949 1 15424 1 1 2 1
5878 6 40688 14431 14431 13458 13458
4191 5 15351 792 792 31640 31634
2940 1 4191 4 1 5 1
25827 1 12437 1 1 1 1
1272 3 28165 2612 2612 2186 2186
14132 0 1272 142 142 3009 2992
4011 1 4010 2 1 2 1
4845 1 28045 3 1 2 1
5366 1 30121 3 1 2 1
4481 0 726 24945 24945 21949 21947
40457 0 20078 2 2 7 5
30688 0 343 370 370 373 372
18211 1 9926 2 1 2 1
2626 1 38942 33 30 11 11
40689 0 5724 1615 1615 14373 14369
37366 5 7581 2 2 223 208
11382 1 32851 5 4 2 2
5088 1 16447 2 1 2 1
17053 4 35164 3 2 2 2
31043 0 2411 3 3 20 6
14198 9 19677 1 1 3 1
16831 1 10331 3 1 7 1
21138 1 1713 2 1 3 1
3171 1 5790 7 1 2 1
21991 1 8254 4 1 2 1
35908 0 25798 37 36 34 31
12857 1 5476 4 1 5 1
35252 0 17711 208 208 969 966
28389 0 14982 5 5 28 17
31024 4 31588 23518 23513 2070 2070
9654 1 29009 5 1 1 1
4563 1 25251 6 1 1 1
18116 4 20686 14 8 8 8
16060 0 3587 2513 2513 2383 2381
3587 4 8188 123 118 9 9
27481 1 2605 4 1 1 1
15624 0 36918 1137 1137 4897 4895
1577 1 15781 10 1 1 1
15666 1 17997 2 1 1 1
28302 4 39471 54 52 14 14
33415 5 5247 275 275 24123 24116
3684 6 39371 1088 1060 3 3
25710 1 27965 3 1 2 1
7053 1 421 3 1 2 1
40691 0 15594 23520 23520 13744 13744
32417 0 5874 1 1 13 2
11643 1 2947 2 1 4 1
10227 0 3024 35207 35207 30350 30347
27766 1 28521 2 1 1 1
38480 1 3659 1 1 1 1
9606 4 26316 10799 10799 22296 22296
29309 4 40692 13484 13484 3508 3508
14773 1 27094 1 1 3 1
22485 1 22609 2 1 4 1
30461 1 30460 1 1 1 1
12623 6 21249 31682 31680 6093 6093
26639 1 20503 1 1 2 1
33655 1 17423 1 1 2 1
19226 0 11808 37 37 325 320
26110 0 11232 53 53 471 466
40694 2 593 18 18 13924 13898
21150 0 15854 72 72 10997 10978
28268 0 11999 2247 2247 3129 3121
17580 0 904 20 20 1082 1071
40695 0 14893 993 993 14654 14650
34842 4 40695 13430 13430 9021 9021
14185 1 14184 2 1 2 1
8884 1 14612 9 1 2 1
16510 1 200 3 1 5 1
15432 1 18001 1 1 2 1
32997 1 13791 1 1 1 1
303 0 17950 17861 17861 11797 11797
33519 0 27346 45 45 192 192
15824 1 15823 1 1 2 1
14165 0 3327 387 387 806 804
14338 1 7944 2 1 4 1
37789 0 249 255 255 2281 2236
35878 0 20973 1438 1438 10238 10235
4738 4 12512 1472 1472 2266 2266
35985 0 8123 37 37 375 368
5272 0 10613 19400 19400 22736 22725
40696 0 8840 279 279 14782 14775
16619 1 25469 2 1 1 1
3348 5 666 1 1 29 2
2132 1 13176 2 1 3 1
34276 0 2321 95 95 437 437
19794 1 2321 2 1 4 1
9342 1 14083 4 1 2 1
30825 0 38668 8983 8983 6316 6315
6424 6 12616 80 72 10 10
21004 0 4962 12756 12756 26878 26852
22132 0 4962 1802 1802 10272 10247
40697 0 11827 10609 10609 15196 15194
30574 4 31725 1809 1808 362 362
12558 4 21580 28 25 6 6
37995 5 5095 8 8 49 46
24376 1 9395 3 1 2 1
39499 4 35831 2697 2697 4197 4197
11463 0 14752 77 77 2202 2189
33818 0 14752 23 23 1251 1239
22715 4 4266 702 702 1386 1386
12505 0 4123 10 10 147 113
33279 0 5569 859 859 3404 3404
9991 0 34008 4 4 2 2
4175 4 38868 8 2 1 1
35323 0 27596 2695 2695 9832 9828
631 1 24226 5 1 3 1
14963 1 13720 1 1 7 1
17000 1 13720 3 1 8 1
39297 0 2168 2 2 22 14
16002 1 2168 4 1 4 1
29934 4 38843 10 10 30 30
33092 1 31136 1 1 2 1
27031 1 13986 2 1 2 1
35263 0 1655 8874 8874 29309 29308
2450 0 4469 18 18 48 35
1578 1 40178 14101 14099 20807 20807
26605 6 3123 3 3 1343 1321
11250 0 7751 1431 1431 22961 22950
20723 1 6065 4 1 5 1
12012 4 26621 391 386 30 30
20541 1 6096 1 1 4 1
10408 1 6096 3 1 3 1
33794 1 19512 1 1 2 1
13633 0 19626 574 574 179 179
1586 0 13633 12908 12908 23051 23049
24020 1 24180 1 1 2 1
20628 0 13346 2775 2774 6996 6987
40698 0 2446 2959 2959 13797 13792
21278 1 21277 1 1 1 1
25474 4 40699 14623 14622 2566 2566
19291 0 8918 611 611 2944 2940
31396 0 14136 61 61 206 197
28894 1 584 7 7 25 23
8779 1 8778 1 1 1 1
29462 1 21665 4 1 2 1
8023 1 11230 3 1 2 1
20159 4 19474 10866 10864 1203 1203
21179 1 22813 4 1 2 1
35310 0 20208 5589 5589 16270 16261
9322 1 30070 2 1 3 1
10417 1 2419 4 1 2 1
22334 0 18443 3744 3743 4682 4682
14787 0 3443 69 69 1238 1227
16795 0 14750 4 4 27 17
40701 0 16348 12502 12502 14638 14637
40702 0 33675 12979 12979 14788 14787
6409 0 21362 9 9 21 17
623 1 17904 3 1 1 1
17904 1 2054 9945 9944 11467 11467
9574 1 9573 2 1 1 1
15060 1 20539 2 1 2 1
6048 0 5381 8 8 33 23
23163 0 30710 64 64 652 651
29611 1 5237 4 1 2 1
1028 0 8309 53 53 159 154
23172 1 8309 1 1 13 1
14353 1 19003 3 1 5 1
22019 0 2903 2 2 18 7
20023 0 1165 11 10 69 66
34338 0 36445 7049 7049 21924 21923
5001 0 17736 11376 11376 15217 15217
36419 1 3674 1 1 6 1
11263 1 23301 4 1 1 1
29082 0 26351 138 138 1858 1854
21660 1 26299 1 1 1 1
39966 0 18719 5025 5025 7169 7165
18720 1 18719 1 1 2 1
2930 6 272 19 11 18 16
3518 4 27027 18 3 1 1
36416 1 20761 21788 21788 17270 17268
20761 1 36416 17363 17361 21118 21118
33109 0 24935 184 184 1523 1522
6793 1 10304 1 1 5 1
40704 0 6614 260 260 14672 14649
40751 0 6614 260 260 14864 14840
16139 0 4350 1219 1219 11092 11087
21940 1 23937 1 1 1 1
19960 0 16266 17395 17395 37214 37191
1845 1 8269 2 1 3 1
232 0 2648 22 22 7 4
232 6 17789 1785 1779 407 406
34270 0 18015 3755 3755 2747 2747
24712 1 7631 1 1 1 1
3631 0 37202 8591 8591 33878 33877
18106 4 23302 8789 8789 13675 13675
3465 3 3464 3 1 3 1
9643 1 9642 3 1 3 1
34133 1 9643 1 1 4 1
670 1 2513 1 1 4 1
37205 0 39503 19695 19695 10967 10967
28259 0 36836 4718 4718 12092 12092
20126 1 16918 3 1 5 1
40272 0 692 44 44 550 526
17173 1 12824 2 1 2 1
7115 1 24859 1 1 1 1
11393 0 1590 317 317 1981 1958
37412 0 7056 205 205 23458 23443
36021 1 20995 1 1 2 1
10424 1 10423 1 1 4 1
33501 1 10423 2 1 3 1
29780 6 3760 31054 31053 8474 8474
7736 1 25350 1 1 2 1
12655 1 815 7 1 4 1
31370 1 144 2 1 2 1
1978 0 3730 5 5 6 5
32261 0 11924 8538 8538 16115 16115
8487 1 9673 6 3 10 7
33428 0 37409 4913 4912 1216 1216
23396 4 40705 15259 15258 2483 2483
29953 1 14896 1 1 7 1
14276 1 38742 2 1 1 1
7473 0 19431 238 238 311 311
5693 1 7319 1 1 3 1
22815 1 22814 1 1 1 1
34547 0 3323 15879 15879 24878 24869
4061 1 5748 2 1 4 1
20917 0 2366 7848 7848 10526 10526
7818 4 6043 21 3 1 1
6955 1 1022 3 1 4 1
7183 1 7182 2 1 1 1
12394 4 39269 1380 1379 108 108
27586 1 5584 1 1 2 1
18452 4 28455 116 116 441 441
4573 1 32597 1 1 1 1
15943 0 16708 50 50 697 692
8780 4 40707 12901 12901 17084 17084
40707 0 6292 1295 1295 15096 15086
27923 4 37614 21843 21843 17198 17198
26268 4 38287 18581 18580 10356 10356
28859 0 2729 13 13 22 18
23556 0 15588 414 414 138 138
844 1 6913 4 1 2 1
3714 3 3713 3 1 3 1
40708 0 33878 1354 1354 14655 14653
3153 1 37241 2 1 1 1
17086 1 12044 1 1 2 1
30713 0 4685 3 3 4 2
40709 0 1639 1647 1647 14329 14321
38976 0 16196 2 2 5 4
26147 0 11192 445 445 9960 9945
19874 0 11192 9274 9274 18000 17984
37730 0 19526 9 9 47 45
39748 1 19526 1 1 1 1
10389 4 6632 2354 2352 782 782
27700 1 2941 2 1 4 1
32864 0 15383 934 934 2740 2739
7665 4 35503 206 201 8 8
25037 0 18558 959 959 3566 3566
37968 1 6086 87 87 30 30
6703 0 23635 27066 27066 32550 32550
38553 0 1373 3785 3785 13224 13223
22107 6 36069 34 26 6 5
11759 6 5497 27 16 2 2
466 6 30194 108 99 4 4
7675 1 17823 5 1 2 1
17457 1 2429 4 1 7 1
37969 0 15954 2 2 9 7
4042 6 39726 3769 3766 587 587
19544 3 34567 2 1 1 1
31729 1 3925 1 1 2 1
40714 0 39507 2933 2933 14370 14370
13043 2 3943 1 1 32 2
39320 5 3785 43 43 22976 22958
5403 0 4108 24980 24979 30728 30726
31478 0 40396 4694 4694 4456 4455
40715 0 1096 902 902 13471 13461
2298 4 26266 5 1 1 1
40716 2 475 14 14 12925 12854
40733 2 475 14 14 12897 12827
25107 0 30236 7209 7209 10601 10600
10318 4 6623 87 83 7 7
21098 1 21097 1 1 1 1
34757 4 36292 7013 7011 989 989
19146 6 27617 5 5 6 5
27617 6 21541 37305 37304 19973 19973
14760 4 27348 82 81 14 14
10785 1 16980 2 1 2 1
1004 0 1686 368 368 239 232
13693 1 30628 2 1 3 1
31488 0 7029 6718 6718 12864 12861
16602 0 35398 189 189 1544 1542
7891 6 22902 412 408 11 11
5150 2 2183 2 2 54 23
21014 4 39330 49 49 63 63
16843 0 9525 176 176 281 278
30301 1 6458 1 1 2 1
5932 1 19763 7 1 1 1
34016 0 13638 38913 38913 28167 28167
14792 6 38688 18096 18096 15881 15881
11527 1 2829 3 1 2 1
13560 3 17390 5 2 3 1
40719 0 25292 17347 17347 13833 13831
11686 1 38080 7 1 1 1
15813 1 17303 2 1 2 1
40720 0 23562 431 431 14811 14805
19157 1 25047 2 1 1 1
11385 6 39678 102 96 2 2
4598 1 20481 3 1 3 1
26627 1 1342 3 1 3 1
14695 1 32594 2 1 1 1
31643 0 31691 1462 1462 6289 6288
16937 1 1926 2 1 2 1
40258 5 3918 282 282 24533 24514
33104 0 26721 6 5 3 3
27613 1 9676 3 1 3 1
6220 1 1968 1 1 4 1
26510 0 2560 11231 11231 29704 29695
19107 0 2131 6 6 35 33
1756 0 28697 1465 1465 1897 1897
12466 4 10233 26 6 3 3
28212 0 14013 2 2 23 17
34431 4 11843 1211 1210 101 101
3493 1 22156 8 1 2 1
40721 0 716 31 31 14305 14266
29284 0 1288 19403 19403 25100 25076
7360 1 28378 4 1 1 1
767 0 17590 593 593 5938 5930
6412 1 5869 3 1 6 1
15973 1 13531 2 1 2 1
35747 2 24388 58 58 421 421
25937 5 17856 44 44 16766 16758
14618 1 12003 2 1 1 1
35356 6 34036 26081 26081 22002 22002
1617 1 1616 2 1 1 1
1616 1 8901 2 1 3 1
17153 4 23170 41 41 34 34
24509 1 3374 1 1 4 1
31535 0 7656 442 442 7407 7391
37264 0 6538 35664 35664 26176 26172
20946 0 6538 33020 33020 38079 38074
2893 1 11706 7 1 3 1
40722 0 28479 19369 19369 14351 14351
14723 1 19646 3 1 3 1
39290 4 23003 336 336 366 366
9441 1 1130 4 1 2 1
37823 0 4500 14321 14321 17077 17075
37109 0 38181 29895 29895 17770 17769
31981 4 38538 3683 3682 377 377
29529 1 32020 1 1 1 1
32020 1 15386 2 1 2 1
2228 1 13955 5 1 2 1
17896 4 37233 38994 38993 34368 34368
29893 4 38282 523 522 98 98
38316 0 23713 3 3 3 2
25374 0 17209 451 451 5787 5785
11080 0 12720 10 10 36 26
32958 1 4855 2 1 6 1
1278 0 34927 80 80 80 78
37041 0 26960 134 134 1153 1151
3705 1 3704 6 1 1 1
30370 5 12413 3 2 6 3
13830 1 35079 6 1 1 1
35283 0 30108 35575 35575 21724 21723
5914 0 16686 103 103 116 114
14389 1 3261 2 1 1 1
21961 1 1473 2 1 2 1
13380 0 19861 49 49 2069 2065
7110 0 11813 712 712 4888 4885
11813 1 1114 8 1 1 1
23228 1 34145 3 1 1 1
2147 0 3510 34192 34192 32324 32322
35350 4 39634 433 433 412 412
35857 1 7386 2 1 3 1
6371 6 37307 4320 4315 152 152
18800 0 13840 4991 4991 21185 21181
5481 1 6581 5 1 8 1
14376 6 28764 342 339 32 32
13409 1 18792 2 1 2 1
1232 1 5716 3 1 3 1
5716 0 4961 7 7 19 13
10095 5 241 8 8 156 151
30274 0 27395 14160 14160 9948 9948
4092 1 3142 2 1 5 1
38217 0 998 7612 7612 11842 11839
16820 4 37663 35 29 3 3
15209 1 21887 2 1 1 1
26585 0 6289 2 2 15 11
26965 5 4450 20 20 932 927
1009 1 11417 4 1 1 1
16697 4 70 76 71 5 5
27038 0 732 20 20 43 40
17663 4 23020 2709 2705 188 188
7732 1 35326 5 1 1 1
19563 0 10026 12 12 5412 5405
2356 0 3805 13913 13913 35641 35635
23441 0 34078 1489 1489 2343 2342
37070 0 27913 31828 31828 25558 25558
3289 6 38527 104 88 7 7
2980 1 2979 2 1 1 1
30536 0 5049 27548 27548 37219 37215
16915 1 26031 1 1 3 1
19167 1 19166 3 1 1 1
8110 9 4565 1 1 2 1
25148 1 16759 1 1 3 1
9665 0 14373 1834 1834 15720 15719
30114 1 33583 5115 5115 9664 9664
33583 1 30114 9646 9646 5089 5089
10388 4 3586 157 150 13 13
27188 3 20283 2 1 2 1
24932 1 6602 2 1 3 1
35150 1 33029 1 1 2 1
10137 4 11961 432 429 46 46
4469 0 10488 49 49 208 202
18360 9 1757 1 1 1 1
27706 1 36948 18300 18299 14035 14035
19784 2 14738 6213 6213 16398 16398
4426 2 4633 1 1 12 1
1167 6 4633 21599 21588 35 35
9882 4 22784 1 1 1 1
22411 1 4534 2 1 3 1
14116 1 20160 4 1 2 1
39583 0 12239 14 14 28 26
31548 0 26062 804 803 2720 2717
26063 1 1962 2 1 6 1
34604 0 2888 17 17 16 14
29514 1 7486 1 1 11 1
4354 0 17938 3549 3549 19296 19292
3583 1 6233 1 1 6 1
5695 4 28664 905 905 380 380
2185 1 14535 7 1 1 1
25866 0 2185 34 34 5229 5209
1327 1 36228 1 1 3 1
2831 1 23698 3 1 3 1
21070 0 14562 1265 1265 2454 2443
10242 2 953 1 1 210 200
24520 1 11590 1 1 2 1
32447 6 8162 4 3 22 20
10857 1 10856 2 1 1 1
29541 1 32791 1 1 3 1
14418 3 22928 21 19 4 4
25235 0 11991 26661 26661 21726 21726
19649 1 3414 2 1 8 1
11061 9 11060 2 1 1 1
5834 1 16298 2 1 4 1
16564 5 2060 7120 7119 29698 29670
30585 0 324 4 4 74 56
21674 1 21673 4 1 3 1
16327 0 36920 38849 38849 38242 38242
31764 0 40725 12149 12149 29403 29403
20117 1 5297 4 1 1 1
40726 0 21345 953 953 15290 15282
23392 1 8395 3 1 3 1
15466 0 34493 3 3 4 4
32154 1 35808 38964 38964 39673 39673
30878 2 21391 5 4 28 18
414 9 3242 1 1 1 1
21497 1 25620 4 1 1 1
18780 0 1703 1 1 35 3
36989 2 22747 24763 24763 17257 17257
4814 1 26353 6 2 6 5
34514 4 16712 3696 3696 1323 1323
5463 4 9443 2976 2969 26 26
9443 4 37702 59 54 6 6
28035 1 17572 1 1 3 1
4816 1 19142 2 1 2 1
23070 1 16815 1 1 1 1
33617 1 10553 1 1 2 1
40729 0 25425 20136 20136 14251 14251
3378 0 2767 92 92 29 28
40730 0 8815 256 256 14088 14078
12960 0 8815 214 214 2545 2536
4376 1 37 4 1 7 1
39757 0 5605 2 1 20 4
18600 1 19016 3 1 2 1
3467 1 385 2 1 4 1
14223 1 6848 2 1 3 1
25195 0 11431 485 484 1897 1891
40731 2 35244 198 198 14586 14585
6940 1 22487 9 1 1 1
18458 1 13073 3 1 4 1
13073 6 447 37057 37057 21468 21468
7113 4 35455 21755 21755 23632 23632
16734 7 3856 25133 25130 18 18
30190 1 22568 1 1 1 1
25889 0 13000 584 584 1356 1355
13181 9 17866 1 1 1 1
5492 6 19902 37273 37271 18875 18875
39381 2 736 5 5 14 13
2369 1 6578 7 1 4 1
29844 0 16328 34 34 30 30
2758 1 2757 2 1 2 1
38222 2 33300 31 29 14 13
18743 6 13906 216 215 45 45
31229 4 1517 456 456 235 235
21203 4 76 18 16 30 30
40016 0 7096 163 163 1796 1795
19031 0 10895 1467 1467 352 352
40734 0 4733 6471 6471 14879 14877
28029 6 13250 9 8 10 10
31942 0 731 40789 40789 38326 38325
24476 1 37343 1 1 3 1
30608 0 10938 962 962 370 369
9857 1 21026 4 1 2 1
31786 1 2390 2 1 5 1
20366 0 40022 21447 21447 24091 24091
25016 0 6037 273 273 2563 2561
6866 1 25441 4 1 2 1
11006 1 11005 1 1 2 1
40736 0 39315 21080 21080 14319 14319
40737 0 4415 259 259 13384 13376
34827 4 25838 5 5 4 4
20641 0 19592 7725 7725 2551 2551
19844 1 36475 3 1 1 1
5620 1 14606 1 1 2 1
4942 1 35741 2 1 1 1
12702 0 16539 178 178 686 684
16398 5 1361 1 1 25 10
40738 0 10135 24952 24952 14763 14763
819 1 20330 6 1 3 1
20681 3 25789 6615 6615 15172 15172
2173 6 12317 18 8 2 1
29181 1 6432 1 1 1 1
346 1 6498 2 1 1 1
9709 1 9837 3 1 6 1
5266 1 5265 2 1 4 1
30985 0 17910 11383 11382 9907 9907
21628 1 16687 5 1 1 1
39393 0 5540 134 133 1661 1654
16844 0 34093 27140 27140 30055 30054
10330 0 5598 254 254 4278 4262
22052 1 12989 3 1 6 1
11758 1 3657 610 606 45 45
33720 0 1406 1976 1976 9422 9412
40739 0 14015 316 316 14442 14436
40298 0 8495 1 1 6 2
5116 1 10792 7 1 5 1
33694 0 26952 2 2 4 3
36765 0 5101 4449 4448 11084 11083
27226 4 35331 4153 4153 2033 2033
16221 1 30101 1 1 3 1
32010 5 16320 4792 4792 38212 38198
16385 4 39672 45 39 4 4
26422 3 4250 6 4 4 3
2924 4 31881 108 33 1 1
23932 1 406 3 1 3 1
40741 0 10133 855 855 13722 13715
1478 4 38462 99 78 4 4
15891 0 14046 2 2 13 3
25424 0 17555 620 620 1719 1714
13797 4 32300 21507 21507 14451 14451
405 1 404 2 1 1 1
37796 0 5866 22647 22647 31531 31526
2634 0 13504 97 96 373 368
26727 4 28774 1152 1149 43 43
26243 0 39695 1113 1113 6140 6139
3948 1 32711 4 1 2 1
4019 6 21073 21 13 6 4
1187 1 20711 3 1 2 1
36443 0 26928 1350 1350 2585 2582
29481 0 10355 2 2 17 15
1476 0 25435 40674 40674 40185 40184
38542 0 22631 2 2 5 3
39106 0 14148 9429 9429 7750 7750
28771 1 27460 3 1 2 1
16045 1 24249 1 1 1 1
16468 0 12729 7 7 55 42
24561 0 12729 14 14 165 151
40742 0 11685 753 753 14569 14562
15794 0 288 506 506 6667 6661
17369 4 28877 15 10 2 2
4197 1 13361 6 1 2 1
1566 1 31545 6 1 1 1
20016 4 29851 631 618 2 2
21241 1 21240 2 1 4 1
21240 1 17480 3 1 1 1
4088 0 9256 24337 24337 10507 10503
21664 0 31614 2 2 3 3
20867 6 22620 23408 23407 20621 20620
6116 3 12878 5 1 3 1
31524 1 6685 1 1 2 1
31665 1 11001 1 1 4 1
4541 1 14758 1 1 1 1
38652 3 11896 2 2 3 1
29789 4 11615 39 32 3 3
40744 0 26617 6283 6283 12865 12865
6122 4 39635 309 304 21 21
4953 0 10842 2115 2115 30032 30025
38322 0 11870 40518 40518 39854 39853
10438 0 1730 4 4 116 16
32068 0 9304 14 13 121 112
40745 0 7189 9282 9282 14253 14243
30521 1 1450 2 1 5 1
14974 1 22486 6 1 1 1
24396 1 14974 1 1 5 1
26467 1 15256 1 1 3 1
15469 1 9188 5 1 5 1
3672 4 34478 34 33 12 12
23086 0 9505 34087 34087 27316 27316
11105 6 34671 8389 8387 264 264
31200 1 26039 40467 40467 37787 37787
33187 0 8237 17818 17817 24815 24808
30483 1 21607 1 1 3 1
14260 0 14310 489 489 11708 11705
15924 0 9367 38888 38888 21402 21379
19959 6 17574 14 8 5 4
24704 0 18355 16509 16509 18069 18069
31678 4 25631 457 455 42 42
39728 1 18568 1 1 2 1
6336 4 34815 36 23 2 2
18894 0 12741 933 933 8517 8512
31814 0 15640 105 105 1154 1150
31718 1 31717 1 1 1 1
3495 1 37604 2 1 1 1
33838 0 15312 2842 2842 9047 9045
38175 10 30680 1 1 1 1
11923 1 29297 4 1 2 1
17682 4 16176 1447 1445 80 80
40746 0 15865 23930 23930 14363 14362
17989 1 45 1 1 11 1
162 1 161 6 1 2 1
1070 1 31232 3 1 4 1
11915 1 11914 1 1 2 1
17597 1 1779 1 1 1 1
33223 0 35286 7 7 9 8
17231 0 11078 4 4 10 7
9415 1 8217 4 1 2 1
9822 0 532 1 1 79 5
25559 0 7427 4 4 6 6
35901 1 18889 1 1 1 1
5032 1 9078 3 1 2 1
280 0 12443 11755 11755 16621 16620
3547 0 16302 191 191 6987 6974
37263 0 33813 9235 9235 13587 13586
40748 0 206 88 88 13886 13855
2410 6 36725 38 38 48 48
29420 1 33730 2 1 1 1
20556 0 268 22988 22988 37675 37671
25280 5 2971 2 2 243 179
10990 1 27947 6 1 1 1
22682 0 15763 2 2 6 3
10975 1 35401 1 1 2 1
11252 6 6012 40 32 4 3
13074 5 14951 34 34 407 405
24987 0 33083 36370 36370 37912 37911
32258 0 30454 11313 11313 7831 7831
20630 1 11278 2 1 3 1
375 1 374 2 1 1 1
24087 1 34222 3 1 1 1
22866 1 930 1 1 2 1
26540 0 19984 6345 6345 10761 10759
1203 1 11625 2 1 5 1
2995 1 16224 6 1 1 1
39628 0 35692 559 559 882 882
12922 3 16574 5 1 3 1
13536 9 7072 1 1 1 1
17977 0 6556 21486 21486 26437 26426
14591 1 20529 2 1 2 1
17537 1 20736 14274 14273 12803 12803
22994 0 1953 87 87 4608 4592
28203 4 15915 5 2 1 1
20040 1 11683 3 1 2 1
22766 0 15613 7302 7302 26808 26807
3681 1 20829 3 1 2 1
9952 1 17840 9 1 2 1
8561 8 9939 398 398 104 104
26904 1 34013 2 1 2 1
30218 6 33864 20 18 5 5
19855 4 40081 2698 2698 3801 3801
7107 1 4018 3 1 2 1
14459 4 30600 4 4 7 7
31262 0 19491 5 5 28 26
3049 0 13373 18741 18741 33073 33073
18036 1 21116 2 1 1 1
4102 4 26935 12 2 2 2
4051 1 4050 1 1 2 1
32772 5 5042 1 1 20 14
18593 1 8011 1 1 2 1
3037 1 458 3 1 2 1
11489 1 19752 2 1 5 1
7408 1 2641 3 1 4 1
30952 0 4379 20358 20358 30305 30294
19369 1 11046 1 1 5 1
40754 0 5844 11087 11087 13721 13720
13702 0 9051 32826 32826 12868 12868
14342 0 16213 24301 24301 35698 35697
38142 1 9549 1 1 2 1
22223 1 17536 3 1 2 1
2364 1 22225 5 1 2 1
27307 2 23001 31552 31552 35225 35225
2159 1 6296 4 1 1 1
3441 3 8470 5 1 2 1
11504 1 11503 1 1 2 1
28552 0 35437 2606 2606 3987 3986
32595 0 22049 2246 2246 21429 21424
34018 4 40756 14006 14006 3544 3544
12675 1 12674 3 1 2 1
22838 1 8225 1 1 5 1
9602 0 32242 27947 27947 34580 34580
