1678 7 40551 534 297 1 1
1678 7 18056 345 112 1 1
1678 7 30089 467 232 1 1
1678 7 36781 255 26 1 1
1678 7 18000 402 168 1 1
1678 7 9202 318 86 1 1
1678 7 26036 10970 10728 1 1
1678 7 35669 555 317 1 1
1678 7 40887 16511 16268 1 1
1678 7 38204 9639 9398 1 1
17935 9 35175 4 4 1 1
785 8 10116 33399 32927 2 2
785 8 37575 1214 770 1 1
785 8 21817 20719 20260 1 1
785 8 18729 464 22 3 1
785 8 12268 9682 9229 1 1
785 8 29200 9895 9441 1 1
785 8 23537 24463 23999 1 1
785 8 6770 2926 2479 1 1
785 8 1493 29079 28610 3 3
785 8 28822 13311 12856 1 1
785 8 15703 741 298 1 1
785 8 8245 27045 26578 3 3
785 8 36761 23496 23034 1 1
785 8 155 28384 27916 2 2
785 8 39420 25316 24850 1 1
785 8 38749 20924 20463 1 1
785 7 11761 35904 35890 55 55
16176 4 33688 2899 2897 290 290
18671 0 11241 29 29 252 237
19621 0 11241 3 3 21 7
15582 0 4030 7 7 241 214
25033 0 4030 1 1 31 6
31351 0 4030 37 37 1822 1793
19165 0 2969 80 80 25 16
21012 1 19165 1 1 9 8
16748 6 29001 7 6 10 8
31740 0 1183 2 2 125 82
26184 1 32091 1421 1418 297 297
32091 1 26184 261 261 1471 1468
4194 1 6975 4 4 2 1
6975 1 3569 1 1 3 1
15602 0 4367 39278 39278 36369 36340
6546 0 4367 3 3 579 552
24512 1 24859 1 1 2 1
33182 0 5053 27389 27389 27123 27120
5945 6 10270 90 87 8 7
5109 0 22368 3690 3690 4455 4450
20774 0 8060 1761 1761 1032 1032
12274 1 9268 1 1 1 1
12842 1 15886 6 2 2 1
13394 1 3789 1 1 1 1
13394 0 3459 794 794 1747 1739
38200 3 8055 2 1 2 1
36698 0 586 1313 1313 25538 25458
13143 0 586 16 16 4780 4703
7684 1 586 10 9 50 44
586 3 772 15 9 1 1
586 3 3510 97 86 1 1
586 1 11276 15 14 3 1
38212 2 121 1 1 1102 614
34053 2 121 1 1 1234 743
21130 2 121 1 1 1034 548
22680 2 121 2 1 516 37
33440 2 121 1 1 1760 1259
37929 2 121 1 1 3092 2589
25514 2 121 1 1 1566 1068
31531 2 121 2 2 1533 1036
15287 2 121 4 4 3471 2966
30007 2 121 2 1 486 10
33594 2 121 1 1 1362 869
31050 2 121 2 2 5972 5465
10443 2 121 2 1 518 38
13776 2 121 2 1 483 9
28371 2 121 1 1 953 469
25046 2 121 1 1 606 124
29285 2 121 1 1 1207 717
29029 2 121 1 1 1867 1365
39017 2 121 1 1 703 220
36587 2 121 1 1 1495 1000
29042 2 121 1 1 9487 8979
20341 2 121 1 1 1668 1169
33915 2 121 1 1 1503 1007
14588 2 121 2 1 497 20
121 6 39924 755 751 2 2
40757 0 1311 426 426 10613 10595
40804 0 1311 113 113 9314 9297
1311 0 896 764 764 206 201
18270 1 18269 3 1 1 1
13049 0 4990 3 3 31 13
36351 0 4990 1580 1580 6293 6273
29179 1 10971 1 1 2 2
23886 0 6769 13874 13874 13908 13907
30612 0 4411 40361 40361 23182 23181
14866 0 3633 370 370 2657 2652
35748 0 11399 3947 3947 7915 7909
31413 0 15186 3 3 6 4
20145 0 11015 117 117 43 42
40728 5 914 2 2 15141 14849
28450 5 914 9 9 35390 35096
7848 5 914 4 4 520 237
35945 5 914 1 1 504 222
25546 5 914 4 4 4881 4593
38155 5 914 1 1 292 16
36490 5 914 4 4 6665 6376
31958 5 914 1 1 414 133
16022 5 914 5 4 2389 2102
1595 5 914 5 5 20467 20174
5734 1 377 3 1 1 1
22785 0 5734 4664 4664 3804 3803
1255 6 24915 32 32 49 49
14244 1 11981 2 2 5 2
19390 0 4369 29172 29172 32250 32228
15364 0 4369 19825 19825 32908 32885
6533 0 4369 8881 8881 27880 27859
20079 0 4369 1370 1370 17211 17191
3634 1 4369 6 3 8 8
10990 1 4301 6 1 3 2
16398 1 2783 1 1 6 1
2783 1 1316 6 1 4 1
31737 0 16660 2 1 16 3
40758 0 6286 1601 1601 14303 14291
36771 0 6286 3 3 105 95
23301 0 6286 22 22 125 114
6286 1 7865 1 1 3 1
40759 0 45 30437 30437 14963 14960
45 1 44 8 1 1 1
30663 4 40225 291 290 27 27
14235 0 20549 14 14 53 48
20549 1 8731 2 1 6 2
15727 0 20842 347 347 150 149
28017 0 10090 8513 8513 16835 16820
40795 0 10090 13353 13353 14981 14967
32851 1 11382 3 3 6 5
21858 0 14369 1593 1593 1891 1887
34003 0 20650 19447 19447 12377 12376
5656 1 624 3 2 6 1
624 1 34337 4 1 1 1
32035 1 33317 2 2 2 2
6074 0 11052 3442 3442 3837 3837
6074 1 6073 1 1 1 1
31355 4 35983 146 143 40 40
10203 0 23680 12338 12338 10314 10314
34114 4 1598 105 104 95 95
15430 4 617 17 4 4 2
617 6 23164 843 828 29 29
40760 0 3796 730 730 10147 10136
40898 0 3796 3391 3391 13328 13316
27089 0 25460 1 1 11 3
38920 0 20791 2370 2370 10312 10312
26740 0 15987 68 68 81 76
26740 5 4475 1 1 174 154
33592 0 3640 1 1 80 11
21749 0 16741 2 2 27 23
40287 6 21134 641 641 641 641
14022 1 6297 3 1 1 1
14504 1 14022 1 1 7 3
40761 0 448 19 19 11513 11488
23685 1 146 2 1 3 2
24780 0 39997 4161 4161 3355 3355
40762 0 1763 14258 14258 12224 12219
6572 1 6944 6 2 3 1
6944 0 1701 27 27 624 617
4031 1 9327 17 9 10 7
37067 1 10473 2 2 1 1
23647 0 1338 2 1 33 6
23277 0 13709 6 6 647 627
3947 0 12235 455 455 3900 3891
12250 1 12717 1 1 1 1
271 6 40026 2084 2057 34 34
14931 1 36099 4 2 12 11
36099 1 14931 12 11 4 2
36099 1 27949 2 2 2 1
14576 5 2971 7 7 576 512
13484 5 2971 9 9 114 52
7443 1 25067 4 1 4 3
16880 0 18633 175 175 3694 3689
16881 1 16880 1 1 1 1
17282 0 228 39 39 23661 23584
33871 0 228 23 23 11062 10989
40763 0 987 31836 31836 15157 15152
20046 0 4696 183 183 1302 1295
8415 2 7033 3 1 10 5
15870 1 18392 2 1 3 2
25017 9 18392 1 1 5 4
3787 1 8742 6 5 6 2
23980 0 3787 14961 14961 39212 39195
8742 1 19068 4 1 1 1
11482 1 10803 1 1 1 1
2901 0 30222 30368 30368 19195 19195
10757 0 3459 39 39 297 290
26302 0 3459 27632 27632 23450 23441
10581 4 27666 5986 5986 7492 7492
11449 2 6220 198 197 1667 1660
258 6 35861 9786 9782 1782 1782
25183 3 11235 6660 6660 23926 23925
15107 1 15106 1 1 2 2
20809 4 32820 7290 7271 388 388
20809 4 32206 3706 3688 178 178
4981 1 17073 4 2 2 1
16542 0 4523 9458 9457 31622 31620
40894 0 16542 31625 31625 14138 14136
10161 1 10160 3 2 3 1
10160 0 15134 2702 2702 19040 19033
26185 1 15249 1 1 2 2
1771 1 1770 5 3 2 1
1771 1 9610 8 4 4 1
1771 1 36226 2 1 1 1
24128 0 8842 3114 3114 6528 6525
26157 1 31405 3 2 3 2
31405 1 31404 2 2 1 1
6096 1 29574 9 6 1 1
31306 6 34770 6642 6642 28235 28235
65 9 439 4 4 2 2
9078 1 23938 2 1 3 2
10215 0 5164 1128 1127 5882 5872
1559 8 14508 47 29 2 1
1559 8 25902 9654 9635 9 9
23501 0 1668 296 296 24037 23965
20112 1 27611 2 2 1 1
29717 0 30926 2482 2482 2821 2820
40020 0 17095 32934 32934 22235 22234
23138 0 1929 3 3 392 164
38723 0 1929 2 2 238 18
27757 0 1929 1 1 243 21
35086 0 1929 2 2 222 5
20750 0 1929 1 1 248 25
38906 0 1929 2 2 307 80
18333 0 1929 1 1 596 367
15970 1 3369 2 2 7 5
8306 2 25327 3 2 16 9
25327 5 3250 88 88 15138 15126
32633 1 5596 2 1 5 1
30166 0 5644 7 7 491 473
3771 0 5644 9 9 481 464
36968 0 18425 19830 19830 26311 26308
4765 1 4764 3 2 2 1
17970 0 4765 87 87 2254 2249
13604 2 251 6 6 730 721
37309 0 30216 6902 6902 10209 10209
38488 0 19873 59 59 3034 3033
21703 2 1136 3 2 120 53
37709 2 1136 3 2 238 170
29422 2 1136 4 3 447 378
34900 2 1136 4 3 460 390
4319 2 1136 4 4 3575 3503
35289 1 33808 1 1 2 1
7560 1 5488 2 1 6 2
40937 0 5488 4671 4671 16490 16487
13163 0 5488 212 212 2005 2003
3087 1 18847 2 1 1 1
27819 0 3087 160 160 2290 2275
29206 1 25712 1 1 1 1
4485 0 608 13 13 20545 20153
4485 1 4213 3 1 5 1
2562 0 608 5 5 8762 8388
20006 0 608 13 13 18239 17851
40838 0 608 1 1 16713 16326
40777 0 608 1 1 14180 13795
39245 0 608 5 5 25681 25284
40814 0 608 1 1 9346 8970
14223 0 608 24 24 28233 27835
1328 0 608 16 16 4149 3780
40785 0 608 1 1 12095 11717
40830 0 608 1 1 13989 13605
28595 0 608 3 3 4306 3935
7793 0 608 5 5 2447 2080
40884 0 608 1 1 14562 14176
30256 0 608 3 3 4246 3876
33590 0 608 2 2 3941 3573
40793 0 608 1 1 6997 6625
37242 0 608 12 12 19252 18861
9757 0 608 32 32 38662 38261
21406 0 608 10 10 18685 18295
40764 0 29777 16850 16850 15279 15277
13128 0 959 23 23 5546 5515
35052 0 959 36392 36392 33713 33681
14092 1 7130 2 1 1 1
40765 0 18 39880 39880 13502 13502
37609 0 25129 39957 39957 32326 32321
3268 1 10028 5 4 4 3
40766 0 35564 7449 7449 10522 10522
15729 1 12999 7 4 4 2
12999 1 15729 4 2 7 4
35258 4 25396 149 149 499 499
38187 1 29741 1 1 2 1
38187 0 2275 1518 1518 26626 26593
40767 0 15247 632 632 18175 18172
27131 1 17012 1 1 1 1
15936 0 23068 7 7 5 3
7803 1 13968 4 2 17 15
13968 1 7803 15 13 4 2
40572 0 32910 17504 17504 17986 17983
39830 0 32910 3 3 5 3
14004 0 25065 9 9 20 17
25065 0 4789 7 7 8 6
32733 0 248 2961 2961 27623 27614
10121 0 248 13929 13929 39495 39485
30194 0 7722 8 8 33 21
23606 0 4877 333 333 23885 23874
32247 0 4877 7 7 1379 1369
30622 0 2318 6 6 339 216
26982 0 2318 5 5 5998 5868
9320 0 2318 1 1 1352 1226
26224 0 2318 6 6 4142 4013
18713 0 2318 8 8 13312 13181
38875 0 2318 2 2 366 241
3443 1 12083 4 3 1 1
13887 0 3443 45 45 239 229
18271 0 3443 8 8 1413 1402
4423 0 24850 57 57 26 25
1038 4 13190 303 129 1 1
1038 4 40447 298 125 1 1
1038 4 33781 293 121 1 1
1038 4 31677 205 41 1 1
1038 4 7455 256 88 1 1
23751 4 8080 41 37 12 12
8080 4 23312 90 87 14 14
25625 5 2176 5 5 1352 1250
24036 5 2176 3 3 9534 9429
18415 5 2176 2 2 17849 17743
29637 0 28168 34 33 79 74
17924 0 7315 1804 1804 16016 16011
13300 0 11301 6227 6227 16859 16849
13300 6 14769 26725 26722 17415 17414
25115 0 11301 36713 36713 21166 21155
20438 0 11301 268 268 3543 3534
37862 0 11301 21533 21533 33965 33953
34851 4 31118 12 11 6 6
40242 0 24346 298 298 2450 2447
26644 1 4985 1 1 2 1
26644 1 16054 2 1 2 1
8110 0 12168 4 4 375 340
36165 0 12168 318 318 5141 5104
22455 6 27199 423 423 5835 5835
7288 1 36878 1 1 2 2
19322 5 7288 223 223 12453 12438
40768 0 1784 104 104 14410 14363
15769 0 1784 5 5 83 38
40438 0 1784 666 666 28072 28024
40839 0 1784 165 165 13186 13140
27441 0 25270 16443 16443 15438 15437
25270 0 6354 4602 4602 7041 7038
12380 1 20717 2 1 2 1
3729 0 20717 8 8 91 80
176 1 25906 38 37 940 937
25906 1 176 990 987 40 39
40769 0 10981 39421 39421 16842 16841
24894 0 7247 5 5 317 308
27000 0 7247 317 317 4429 4419
17047 0 13439 3811 3811 10476 10476
40770 0 3005 522 522 11306 11292
12076 1 3005 2 1 14 8
12740 4 40747 13112 13112 16779 16779
16545 1 14634 1 1 6 2
4313 1 3457 2 1 4 1
1482 0 13752 30 30 9 9
1482 1 35255 5 1 2 1
11251 1 13752 2 1 2 1
28721 1 22741 1 1 1 1
28721 0 15897 5 5 46 44
3761 0 8987 23000 23000 27258 27258
8987 3 23784 33067 33067 36562 36562
7280 1 26118 2 1 2 2
28912 1 26118 4 3 3 2
38386 0 1904 2 2 5 3
6607 1 11157 4 2 1 1
637 6 31616 6230 6186 4 4
637 6 39715 762 721 1 1
637 6 14054 220 181 1 1
637 6 39536 6360 6315 28 28
637 6 23571 2474 2431 6 6
637 6 40404 1893 1851 4 4
637 6 29851 239 199 3 3
5767 4 21704 21 3 1 1
3432 4 7926 217 215 49 49
3509 0 3407 12 12 429 426
13238 0 3407 1209 1209 5049 5045
26647 1 3407 2 1 8 3
24287 1 17938 6 5 8 6
36533 9 24287 2 2 4 3
17939 1 17938 5 5 4 3
9673 1 8487 49 46 8 5
7998 1 9673 5 2 4 3
8487 1 7998 1 1 4 2
3814 1 3548 3 1 1 1
23744 0 296 4 4 4809 4659
21505 0 296 11 11 1403 1255
7397 0 296 2 2 162 21
10506 0 296 33 33 1969 1820
38028 0 296 1 1 142 4
12013 0 296 2 2 363 218
15119 0 296 3 3 380 234
36945 0 296 27 27 21432 21280
36798 0 51 36 36 4092 3897
38369 0 51 10 10 7587 7390
40705 0 51 9 9 10064 9864
20387 0 51 4 4 1746 1553
40810 0 51 9 9 9352 9153
27837 0 51 22 22 4917 4721
5886 0 51 7 7 2446 2252
20051 1 20050 2 1 2 1
20861 1 5558 2 1 1 1
26868 0 6233 4 4 22 13
26868 1 5872 1 1 2 1
37434 0 917 5302 5302 8002 7999
25228 0 917 2275 2274 769 767
20402 0 16155 6221 6221 8626 8625
30004 0 2482 4 4 74 65
18986 0 2482 52 52 3264 3254
39024 0 29467 6665 6664 23921 23920
38724 0 29467 29962 29962 36135 36133
36561 5 129 3 3 783 738
1583 0 129 354 354 7648 7639
406 1 1287 4 3 23 13
23997 1 406 1 1 3 3
18173 1 1287 2 2 7 2
40882 0 1287 37 37 12936 12896
332 0 1287 3 3 843 805
18612 4 33576 52 31 1 1
18612 4 19325 37 17 5 5
12266 4 18612 10 3 12 12
5940 0 532 1 1 86 10
1521 0 532 1 1 83 9
40279 0 532 1 1 92 14
30426 0 532 2 2 88 11
15231 0 532 1 1 79 6
40771 0 10613 6585 6585 14454 14444
29184 1 22723 2 1 2 1
29184 1 30903 3 1 1 1
6386 0 26454 1089 1089 3033 3029
3277 1 37105 4 4 2 1
31630 0 33081 33102 33102 35253 35252
33081 0 3606 943 943 14292 14279
1354 1 1353 2 1 5 1
4940 6 40772 9111 9109 2701 2701
4385 0 4940 18 18 2733 2722
29446 0 4940 91 91 48 38
24366 1 7539 1 1 1 1
9683 6 40773 11353 11352 299 299
40773 0 2732 24282 24282 14848 14845
33864 0 13576 11 11 21 16
28351 1 685 2 2 2 2
35900 3 685 1 1 4 1
8053 1 32295 7 1 2 1
35212 0 8053 29 29 697 695
8643 0 1819 15 14 112 106
7117 1 8643 4 2 3 1
24594 5 1819 6 6 793 752
3210 5 1819 3 3 44 5
27467 0 31416 40808 40808 37230 37228
464 1 3675 1 1 1 1
3675 1 12232 9 3 3 2
3675 1 19310 4 2 1 1
4006 1 7203 4 1 3 2
1307 1 11050 2 1 8 1
10097 6 15251 48 48 55 55
21168 1 10097 2 1 3 1
23083 0 26718 7488 7488 6239 6239
21673 0 26120 38152 38152 29170 29169
26120 0 6426 8 8 16 8
24650 0 27939 685 685 345 341
38457 1 9568 1 1 2 1
27178 0 2497 17 17 2792 2698
31174 0 2497 160 160 26732 26633
19058 0 2497 2 2 156 64
23035 0 2497 61 61 7641 7545
5147 0 2497 7 7 1572 1479
5305 1 1 3 1 1 1
29442 1 5305 3 1 6 3
12784 4 1630 337 330 64 64
12784 4 5463 312 306 147 147
25315 1 20655 4 1 2 2
8198 0 20655 317 317 4342 4338
20655 1 5129 3 2 7 3
931 0 2275 27 27 5237 5205
11433 0 2275 713 713 37579 37545
14758 0 9787 125 125 4975 4956
36898 0 1686 2246 2246 11130 11122
40774 0 16369 1748 1748 13555 13550
17226 1 10110 1 1 2 1
27870 2 2023 6 6 295 246
18478 2 2023 3 3 508 458
11490 2 2023 11 11 3993 3940
20278 2 2023 20 20 18554 18500
16554 1 29212 3 2 1 1
29212 0 34093 1324 1324 299 299
36825 0 20796 11 11 243 238
5335 5 9988 45 45 1412 1409
29725 5 9988 18 18 39 37
1864 4 39744 136 58 1 1
1864 4 12986 165 85 11 11
1864 4 9221 169 88 1 1
1864 0 1703 16 16 35 3
12378 1 3604 1 1 4 1
9895 1 13428 3 1 1 1
15667 1 15666 3 3 3 2
2507 3 4435 12041 12040 3819 3819
6789 9 2507 1 1 6 5
16918 1 2507 4 2 12 4
20071 4 20803 7 2 3 3
20849 1 14778 4 2 2 2
13053 1 24622 1 1 3 1
40284 1 24622 1 1 5 1
19366 0 20234 7752 7752 17426 17424
26315 0 19366 2 2 11 4
35882 2 2524 26 25 1248 1204
33234 2 2524 2 1 56 15
40939 2 2524 17 17 16636 16591
8199 0 15331 247 247 556 554
19502 1 12706 1 1 2 2
11732 1 7659 4 3 7 3
29649 0 11732 2946 2946 19045 19037
7659 1 7279 5 3 9 6
12815 4 27688 842 819 9 9
12815 4 20570 93 72 4 4
26871 0 2084 30593 30593 30363 30363
4955 6 15531 4 3 10 7
8178 1 11153 1 1 1 1
2181 6 20785 1273 1256 85 85
2181 6 11583 2902 2884 47 47
23792 0 30977 38 38 490 485
4102 4 38587 250 239 6 6
40775 0 35896 614 614 11114 11113
6696 1 21296 2 1 3 1
21295 1 6696 1 1 3 1
8023 1 21296 1 1 1 1
3303 0 10707 7 7 1157 1131
17408 0 4099 544 544 1005 1004
23226 0 34449 1462 1462 2568 2567
4136 1 4135 1 1 1 1
39465 0 16668 29913 29913 7900 7896
16257 0 23562 15378 15378 38758 38752
4227 6 32367 1949 1946 158 158
40607 0 4227 21925 21925 16196 16193
16679 1 16678 1 1 2 1
1122 9 23212 4 3 2 2
23212 0 2918 10 10 2850 2773
7532 1 7531 5 1 3 2
29273 1 14570 2 2 7 4
5949 0 3779 75 75 1698 1646
8913 0 3779 84 84 24060 24005
23795 2 2580 1 1 43 7
9939 2 2580 1 1 59 19
20115 2 2580 3 3 66 25
36622 2 2580 1 1 57 18
15250 5 2644 4 4 203 187
4951 1 5069 2 1 2 1
7948 1 8993 3 1 2 2
3755 1 18943 3 3 3 2
18943 1 30961 2 2 2 1
17857 1 11523 1 1 2 1
6924 4 37669 182 167 1 1
6924 4 25551 152 138 3 3
30696 4 40310 807 807 1347 1347
5259 0 9217 243 243 4872 4864
28032 0 5259 1040 1040 18166 18158
20159 4 23395 1259 1258 342 342
17347 4 20159 15 11 4 4
3882 4 10151 35 35 79 79
8811 0 2340 753 753 1988 1985
32387 0 8811 1106 1106 4802 4799
35192 0 2340 74 74 168 166
19066 6 13595 6603 6597 1047 1047
2887 0 2938 10 10 122 119
2887 1 7436 3 1 1 1
15497 1 2938 1 1 2 1
25015 4 28828 1194 1194 2412 2412
21810 4 25015 106 97 6 6
3850 0 160 4028 4028 26182 26140
15553 0 160 2245 2245 8462 8422
17933 0 160 92 92 4302 4264
30234 0 2731 183 183 2440 2413
46 0 14274 836 836 2991 2985
14834 1 16497 5 4 4 1
14834 1 8390 6 4 7 3
14834 1 5110 10 7 15 6
40922 0 14834 27005 27005 18738 18733
11673 1 5110 5 4 2 1
29358 0 2687 1 1 36 3
8288 0 2687 4 4 44 8
33791 0 2687 2 2 37 3
33543 0 40596 13436 13435 12211 12211
172 4 7119 10631 10630 1693 1693
35331 5 172 1 1 1921 1572
28580 5 172 1 1 4041 3688
18603 5 172 2 2 4443 4089
36972 5 172 1 1 668 326
78 5 172 1 1 380 40
33614 5 172 1 1 851 507
35822 5 172 1 1 896 550
39121 5 172 1 1 844 501
22074 5 172 8 8 28002 27641
20314 5 172 1 1 2414 2063
1118 5 172 2 2 2064 1714
21326 1 23555 5 1 5 2
2173 6 38083 16 6 2 1
2173 6 18659 2077 2065 71 71
33947 4 39713 447 447 3153 3153
18377 3 4166 2 1 4 1
34858 0 18783 1905 1905 12141 12140
3968 1 5813 1 1 4 1
11261 1 5813 1 1 7 1
5813 1 31835 10 3 4 3
36714 0 38851 790 789 404 404
30857 0 30511 21738 21738 18854 18853
1365 1 15439 1 1 3 1
39987 0 81 8 8 467 420
36104 0 81 2 2 163 117
5785 0 26217 9050 9050 9803 9799
19380 0 26217 196 196 1863 1860
6787 1 26217 4 1 5 4
16634 0 9747 260 260 892 876
36078 1 7833 1 1 2 2
32975 0 9558 15980 15980 4724 4724
32975 1 32002 1 1 1 1
22353 1 15922 4 2 1 1
1604 1 6991 2 1 7 4
2547 1 14925 1 1 3 1
14212 0 14737 47 47 203 191
4130 0 3621 61 61 192 185
24323 0 3621 765 765 9089 9081
3621 0 9758 61 61 1063 1043
10319 4 33522 874 858 4 4
27683 1 39142 1 1 2 2
16503 1 110 1 1 5 2
40776 0 5310 4291 4291 11103 11093
25496 0 5310 2 1 15 6
1913 6 25274 2256 2251 488 487
33711 5 19257 2 1 8 1
32197 1 22383 3 3 3 3
23062 1 12031 2 2 3 2
26578 0 239 17 17 7388 7137
19936 0 239 13 13 21055 20792
40929 0 239 4 4 11854 11597
24226 0 239 5 5 1152 906
20767 0 239 7 7 9570 9317
19429 0 239 4 4 5560 5312
32842 0 239 10 10 23598 23333
34670 0 239 5 5 9019 8767
23758 0 239 16 16 6505 6256
13023 0 239 29 29 6876 6626
16182 0 239 133 133 28425 28159
17401 0 239 14 14 13548 13290
34239 0 239 28 28 16940 16680
2069 1 15760 11 1 2 1
22182 1 3014 3 2 2 1
31096 1 15639 2 1 4 1
15639 1 29383 5 1 2 1
15639 1 207 2 1 3 2
13398 0 71 10 10 135 72
2736 4 13398 122 74 9 9
13398 4 7720 27 20 8 8
20939 0 2215 22 22 517 512
7946 1 1765 1 1 2 1
1947 0 1249 126 126 1895 1850
22728 1 16506 1 1 3 2
34810 9 22728 1 1 1 1
3254 0 2886 119 119 1551 1543
18890 4 37812 201 198 20 20
18890 4 28071 84 82 13 13
24803 4 28831 12 11 3 3
12939 1 23279 6 4 1 1
13702 1 12070 5 1 4 3
27600 0 7589 321 321 22365 22356
24117 1 1225 1 1 1 1
1110 0 20337 477 477 238 233
40926 0 20337 14747 14747 16768 16762
354 4 36395 15 12 2 2
24159 0 12803 18903 18903 15518 15518
26948 2 3620 7 7 1008 983
37272 0 7800 16817 16817 25015 25004
23037 4 3762 1208 1206 203 203
33783 2 1326 7 7 12134 11996
22501 2 1326 1 1 172 39
31495 2 1326 4 4 8192 8055
19086 2 1326 5 5 1268 1133
38740 2 1326 2 2 1545 1409
38719 2 1326 5 5 991 857
36238 0 1326 17 17 199 185
18160 0 1200 198 198 48 48
23552 1 10327 1 1 1 1
40037 0 19153 31344 31344 26234 26232
33552 0 40037 15330 15329 9780 9780
7751 0 3712 113 113 1885 1877
7196 0 3712 365 365 8458 8449
28826 1 3712 2 1 8 1
26351 6 25426 11527 11527 23217 23217
17946 0 26351 2487 2487 26110 26105
10124 0 25426 5674 5674 21674 21670
6974 6 17672 541 540 273 273
19506 1 15393 1 1 3 2
32325 0 17590 39811 39811 28623 28615
40778 2 26169 11246 11246 13241 13241
36197 4 29170 2834 2834 347 347
1264 1 22448 2 1 1 1
40779 2 1646 19 19 16824 16781
40782 2 1646 19 19 16771 16729
40780 0 379 181 181 14791 14774
40828 0 379 300 300 15702 15684
14490 1 12757 1 1 3 1
34243 0 1244 2 2 358 79
12545 0 1244 2 2 392 111
28964 0 1244 2 2 1709 1420
4871 0 1244 2 2 458 176
17807 0 1244 4 4 2245 1955
14487 0 1244 2 2 354 76
40781 0 4921 14174 14174 11411 11408
9372 1 1508 2 1 1 1
2261 4 19476 44 28 4 4
2261 4 18565 16 1 2 2
5771 4 39949 51 43 5 5
13951 1 3521 2 1 2 1
18299 1 274 2 1 6 1
15954 1 34113 5 2 1 1
17141 0 21055 5 5 6 3
13878 1 26428 3 1 2 1
35918 0 391 2 2 8 5
39002 1 39001 1 1 1 1
4532 1 26446 1 1 1 1
11891 5 16320 40 40 14338 14324
13955 1 11289 1 1 2 1
1592 1 17240 9 4 1 1
15523 0 2604 4 4 2311 2275
36776 0 2604 12806 12806 27140 27101
40872 0 2604 61 61 21342 21304
6989 0 2604 653 653 38960 38917
38136 0 2604 5 5 1793 1758
31426 1 2604 2 1 12 5
12623 1 6107 1 1 8 5
22297 1 8322 1 1 2 1
21592 1 22297 2 1 2 1
4547 1 21674 10 3 1 1
32040 1 4547 1 1 5 1
7982 1 20572 1 1 5 3
7983 3 7982 2 1 2 1
31376 2 743 1 1 119 16
32748 2 743 3 3 1759 1652
36118 2 743 2 2 1422 1316
743 6 9450 184 183 12 12
39780 0 2807 8 8 192 189
4722 0 2807 1868 1868 2104 2100
35415 0 2807 2321 2321 16576 16571
15011 0 1542 20 20 3945 3924
10421 1 10420 3 1 2 1
26009 0 265 1 1 307 55
9536 0 265 4 4 360 104
15205 0 265 2 2 355 100
36270 0 265 2 2 673 415
39375 0 265 2 2 315 62
12974 0 265 3 3 361 104
25076 0 265 2 2 838 578
19351 0 265 1 1 262 13
11480 2 1534 3 2 28 21
40783 0 4407 26898 26898 10728 10728
4407 1 39995 8 1 1 1
8464 1 8424 4 1 1 1
23763 1 3300 1 1 7 1
24479 1 23586 2 1 2 1
28656 0 21 2 2 75 8
38617 0 21 2 2 72 6
39259 0 21 27 27 3361 3292
6493 0 3567 54 54 954 952
21912 0 22347 260 260 951 950
24178 1 9908 8 3 1 1
22121 0 351 2 2 129 6
25316 1 746 1 1 1 1
3063 1 4791 5 1 1 1
11495 0 4791 2841 2841 9334 9320
36889 0 883 3 3 664 446
22017 0 883 3 3 679 460
39078 0 883 3 3 1613 1391
7495 0 883 6 6 369 152
7498 0 883 8 8 224 11
36527 0 883 2 2 234 20
31583 0 883 3 3 1059 838
40784 0 14144 465 465 14344 14326
3408 6 8243 58 2 2 1
3408 6 8940 2403 2327 18 18
3408 8 38801 25915 25848 6 6
3408 8 28506 148 83 4 3
10233 4 38705 31 17 2 2
36048 6 18704 4490 4490 8413 8413
1046 7 36048 1063 946 1 1
1962 1 1961 3 2 6 4
11585 3 21329 4 1 2 1
32391 1 11972 1 1 1 1
31739 4 18679 64 62 21 21
26785 1 7703 1 1 9 4
20520 1 6788 1 1 2 1
11565 1 37185 9 1 1 1
11565 1 12441 8 1 1 1
29689 1 11565 1 1 5 1
19922 0 8858 176 176 1299 1288
15795 6 39521 37 37 54 54
840 8 19493 44 32 5 3
840 8 36647 587 574 23 23
840 6 30428 11863 11850 194 194
26662 0 7523 81 81 170 167
26756 0 9311 583 583 13399 13388
12636 1 24788 6 2 2 2
20784 1 387 20130 20129 4730 4730
387 1 20784 4526 4526 20532 20531
12153 3 19756 3 2 1 1
13239 0 284 3 3 304 81
34758 0 284 2 2 296 74
35142 0 284 1 1 258 37
33324 0 284 1 1 220 5
24884 0 284 2 2 237 19
39131 0 284 2 2 330 106
26984 1 38840 3 1 1 1
9435 1 13227 2 1 4 1
5449 0 9435 44 44 60 59
31592 1 13227 1 1 12 4
23798 1 23297 22 19 27 26
21935 1 23297 1 1 1 1
4425 0 9880 5 5 17 8
17011 3 17169 2 1 3 1
7442 1 23836 1 1 2 1
7442 0 12505 27900 27900 36138 36130
23836 1 3274 3 1 1 1
17432 1 30826 2 2 1 1
11988 4 31236 627 626 474 474
31236 4 34496 5 4 1 1
1444 0 9048 120 120 9820 9803
5768 0 1444 350 350 19490 19455
39440 0 1444 3548 3548 31327 31291
20898 0 9048 72 72 11318 11299
2408 0 9048 34 34 3165 3149
33742 0 9048 1245 1245 34494 34473
38351 0 9048 787 787 10130 10112
6375 1 8324 2 1 1 1
37317 0 6230 13623 13623 34572 34570
10713 4 2207 105 100 177 177
40786 0 1672 225 225 17033 16997
40892 0 1672 80 80 11993 11958
28472 5 10737 100 100 17409 17406
10737 6 27038 180 176 8 8
21537 0 1027 1 1 172 22
35194 0 1027 3 3 1188 1035
39579 4 25695 8325 8325 1132 1132
12699 0 2137 3 3 17 5
27906 0 19986 33225 33225 18406 18403
19986 1 16852 1 1 3 1
30297 1 3771 3 2 4 2
39950 0 2362 3 3 14 12
16469 0 178 78 77 4019 4007
34721 0 178 47 46 4908 4895
9225 0 178 251 251 1103 1092
31063 0 2110 3 3 1877 1685
38241 0 2110 7 7 3540 3346
31237 0 2110 3 3 371 184
5590 0 2110 3 3 465 277
7272 1 33016 1 1 1 1
17837 0 7272 39 39 14 13
36109 1 33016 1 1 2 1
33016 1 33015 3 1 1 1
39272 0 12035 2 2 24 15
11022 6 27914 118 111 3 3
40787 0 5243 421 421 11798 11793
3741 1 18271 2 2 1 1
40788 2 593 29 29 15819 15792
27944 2 593 19 18 1425 1400
9102 2 593 4 2 54 30
40548 0 16045 842 841 1058 1057
758 1 10360 5 3 6 1
10360 1 10359 5 1 2 2
3223 0 3161 17 17 240 204
5881 1 18355 2 1 1 1
38969 0 16196 12 12 25 24
29347 0 1461 624 624 11691 11678
1650 1 16394 28579 28571 34176 34176
1650 1 16302 6 1 3 3
40174 1 1650 1937 1937 4961 4954
9952 1 37466 11 3 1 1
2245 0 2918 28 28 653 577
2245 1 2244 3 1 2 1
14233 0 2918 31 31 16682 16601
1079 0 2918 1121 1121 9438 9359
32727 1 24872 2 1 1 1
39701 0 5987 30417 30417 7718 7718
15176 1 18854 7 3 3 1
18854 0 7016 5049 5049 14231 14229
24327 0 3027 784 784 20537 20484
14366 0 24327 12447 12447 29447 29447
23190 1 13002 2 1 4 1
5729 1 20226 1 1 2 1
20226 0 13887 4 4 26 21
8274 1 8999 4 2 5 1
18181 1 8274 2 1 2 1
9428 1 8999 1 1 7 2
8511 1 31347 1 1 2 2
21811 0 278 2 2 251 73
33666 0 278 1 1 198 22
21874 0 278 2 2 188 15
29143 0 278 1 1 189 15
18106 0 278 1 1 183 13
39291 0 278 3 3 578 398
37756 0 278 2 2 269 90
511 0 15897 32 32 61 58
15736 0 1677 20 20 2178 2120
829 0 1677 3 3 226 172
27621 0 1677 318 318 20430 20371
29445 1 1550 2 1 7 4
18936 4 39578 34 33 5 5
34932 2 14540 2 1 12 8
647 1 6311 8 1 3 3
33210 6 17250 4567 4567 11193 11193
9637 5 1981 1 1 692 639
21619 5 1981 21 21 10938 10884
11643 3 3908 5806 5805 494 494
30998 1 7774 3 2 2 1
30998 1 2447 1 1 2 2
16669 2 916 2 1 184 44
8577 2 916 2 1 412 269
18018 2 916 2 1 610 466
35944 2 916 2 1 295 154
9258 2 916 2 1 687 541
34189 2 916 2 1 347 205
21737 0 2589 41 41 308 291
40303 0 2589 12716 12716 30004 29986
3167 1 6502 8 4 4 2
17014 2 3167 2 1 50 29
7204 1 3167 3 1 16 11
32383 0 427 1 1 72 3
13521 0 427 2 2 107 37
11437 0 427 9 9 181 110
16023 0 4958 5 5 14 12
5777 4 4318 22 8 3 2
5144 4 4318 124 121 22 20
4318 6 27523 1484 1480 99 99
19086 6 12484 4 1 4 1
12201 4 22304 219 213 16 16
10786 1 14577 4 2 8 6
20175 0 7143 4711 4711 21322 21316
1205 1 23424 1 1 2 1
35226 0 37189 37 35 36 34
19169 1 25362 2 1 3 2
14940 1 12227 2 1 3 1
12227 1 13800 1 1 3 1
2813 0 3170 539 539 1124 1124
3170 1 3169 4 1 4 4
35238 1 8601 1 1 3 1
36661 1 39486 1 1 1 1
17745 5 774 4 4 749 611
17745 2 1137 6 6 840 733
37417 5 774 1 1 137 3
29963 5 774 1 1 140 4
40735 5 774 8 8 13246 13106
23613 4 28865 60 56 2 2
24660 4 23613 59 56 7 7
6782 5 5167 416 416 18726 18707
34227 5 5167 65 65 26820 26800
5167 6 27267 399 398 147 147
40789 0 25921 2531 2531 13312 13312
18492 6 36549 6 5 5 5
864 1 14562 8 4 4 3
32699 0 14562 4 4 182 172
4521 1 25708 5 1 1 1
10559 1 10558 1 1 1 1
3083 0 26431 14283 14283 21163 21158
5974 0 9758 1745 1745 11050 11028
4522 0 9758 34 34 7938 7917
12683 0 9758 127 127 977 958
19 0 29519 80 80 39 37
38094 4 40790 10810 10810 11765 11765
36200 0 5055 5088 5087 5739 5739
204 1 3048 3 2 4 4
32488 1 204 2 1 8 3
40791 0 11084 45 45 8959 8941
33754 1 5275 1 1 3 2
32 4 32392 159 144 4 4
32 4 24489 216 199 2 2
12319 4 14836 184 179 19 19
27811 2 10916 26 25 142 137
30475 0 10916 34548 34548 21618 21618
15792 0 3763 6 6 682 677
8019 1 30805 4 1 3 2
2949 1 8019 5 2 5 1
30805 1 16646 4 2 6 2
35060 0 5892 11 11 571 564
11125 4 10606 87 87 26 26
25276 1 3926 1 1 3 1
13830 1 6490 2083 2077 574 574
13830 1 7308 6 2 2 1
6490 1 13830 612 612 2143 2137
1366 0 29 14 13 32 25
29 1 11186 2 1 1 1
6226 1 29 1 1 5 3
19987 4 11397 3323 3321 200 200
4506 1 9454 2 1 3 1
6037 0 39187 7314 7314 13644 13642
39187 0 11100 8685 8685 19570 19552
2381 2 12273 2 2 29 1
7324 2 12273 1 1 41 1
6513 0 650 157 157 12596 12554
37308 0 650 282 282 8054 8013
40792 0 9525 39888 39888 18818 18814
30839 1 10851 1 1 1 1
21181 5 232 32 31 1186 1177
11205 5 232 56 56 17754 17744
24984 0 232 1425 1425 10507 10501
38752 0 728 5627 5627 10170 10163
8716 6 31315 6 6 10 10
24013 1 23715 2 1 2 1
36734 5 985 10 10 7557 7489
7458 5 985 7 7 5088 5021
12641 0 39 3 3 1929 1717
7396 0 39 17 17 211 15
21862 0 39 5 5 230 30
21561 0 39 3 3 216 18
13466 0 39 1 1 214 17
17532 0 39 3 3 1776 1565
18621 0 39 2 2 245 43
1398 0 19101 16100 16100 21275 21273
13758 1 29291 1 1 4 1
4555 0 1115 40016 40016 39664 39655
39750 6 18050 1981 1981 14301 14300
11789 1 24319 125 125 335 334
24319 1 11789 323 322 121 121
7072 1 9237 7 2 1 1
13503 1 7072 2 1 10 4
25660 5 4520 32934 32934 38983 38979
38151 0 7155 108 108 4429 4423
4453 6 7580 25766 25760 697 697
7580 0 34614 189 189 3101 3100
26183 0 11186 16354 16354 29822 29819
35764 0 14617 27554 27554 15246 15245
4608 0 3699 56 56 845 826
40827 0 3699 185 185 13316 13295
8852 0 7403 836 836 8834 8829
8176 1 8852 4 2 1 1
193 6 27058 60 7 1 1
193 6 11869 46 2 1 1
193 6 18878 61 7 1 1
19842 4 22836 6298 6293 3803 3803
21930 1 21045 6 6 2 1
21930 0 12252 117 117 677 670
5745 1 14074 2 1 2 1
26613 1 9037 2 1 1 1
9037 0 3099 2325 2325 1209 1208
7396 4 28775 87 72 3 3
24578 3 23111 4 1 1 1
21061 1 25626 2 2 1 1
24011 0 12474 25067 25067 19066 19064
13829 1 16710 3 1 2 2
4185 1 13829 2 1 2 1
13829 3 25284 1 1 1 1
12211 0 6042 126 126 1647 1637
13978 1 2276 2 2 5 2
39294 4 26572 24720 24720 25948 25948
33294 0 3229 1334 1334 10795 10785
8108 0 3229 1026 1026 14017 14006
3229 1 22044 7 4 3 1
6633 7 40129 2487 2477 10 10
6633 7 12050 12109 12098 13 13
16200 0 1852 74 74 3618 3569
16201 1 16200 1 1 3 1
19710 6 10760 10 9 87 82
32734 1 3419 1 1 4 2
4779 1 14955 2 1 2 1
3716 1 1998 3 3 9 5
40577 0 3716 2130 2130 12504 12492
31620 0 3716 1273 1273 24586 24572
28941 0 3716 21979 21979 22002 21989
17519 0 3716 15 15 495 485
9620 0 3716 10 10 1763 1752
2915 1 12159 14 2 4 1
522 1 21041 4 2 1 1
522 1 13953 3 2 4 1
522 0 16646 29891 29891 34649 34649
32701 0 522 10 10 444 432
31153 0 36722 8911 8911 19688 19686
36722 0 1474 13656 13656 18073 18058
7592 1 9560 3 1 1 1
2035 1 8589 5 2 3 1
25494 1 8589 1 1 4 1
4666 1 4665 4 1 1 1
4665 0 6717 698 698 3293 3291
6144 1 19664 2 2 2 1
28456 2 1773 1 1 52 13
28456 6 22320 594 592 120 120
5443 2 1773 3 3 34 1
18213 1 18982 3 2 2 1
18716 0 37537 35107 35107 34178 34176
6882 9 10563 1 1 2 2
40794 0 32275 6381 6381 10503 10502
19296 1 6611 1 1 2 1
16065 0 36140 39 39 17 14
40829 0 16065 33390 33390 15435 15434
32071 1 23898 3 2 3 2
37285 0 184 2 2 441 141
39009 0 184 8 8 22775 22472
3395 0 184 1 1 294 8
32164 0 184 1 1 298 8
34310 0 184 1 1 295 8
39279 0 184 1 1 309 15
11281 0 184 1 1 296 8
30773 0 184 1 1 303 12
15734 0 184 1 1 338 39
5209 0 184 2 2 2220 1918
16507 0 184 1 1 297 8
40030 0 184 1 1 304 12
1190 6 31657 26 14 1 1
1190 6 39319 84 71 1 1
17492 1 20700 4 2 1 1
16074 0 18268 2 2 6 1
21289 0 18268 12 12 11 5
14746 1 23603 1786 1785 5268 5266
7078 6 36019 38 38 9 9
7486 0 7078 1340 1340 2435 2427
4225 1 13633 6 1 4 2
4225 1 11780 5 1 1 1
754 1 2375 7 4 3 2
1823 7 36030 619 618 21 20
6054 0 4123 747 747 11491 11456
6054 3 1296 36695 36693 3266 3265
3215 0 7911 4 4 45 42
6678 1 7911 3 2 3 1
16802 1 8850 5 1 3 2
1076 1 1075 5 1 4 3
1076 1 27277 9 1 1 1
18470 1 18469 1 1 2 2
7673 1 10866 3 1 1 1
7673 1 8629 2 1 1 1
8644 1 14101 15 12 1 1
493 0 1629 208 208 562 551
2736 4 26470 49 5 1 1
2736 4 34726 69 22 1 1
2736 4 35146 128 79 6 6
2736 4 33515 35 2 1 1
35179 0 19119 3471 3471 2748 2747
13379 4 19119 269 266 34 34
28508 2 3843 4 2 52 24
40099 2 3843 7 6 397 368
9537 1 3843 2 2 3 1
25746 0 11870 6018 6018 20779 20778
26637 6 24424 6027 6027 17014 17014
15305 5 2978 4 4 970 902
10135 5 2978 67 67 21346 21276
14631 0 3275 10405 10405 32618 32612
1043 1 14631 4 1 7 1
39736 1 21554 1 1 2 1
39736 0 4427 2 2 105 83
8260 0 7895 6 6 7 3
16624 0 8260 1817 1817 7937 7935
36792 1 37816 1 1 1 1
40796 2 3317 17 17 9409 9376
11856 1 2643 1 1 2 1
8104 1 4274 5 2 1 1
8104 1 12438 4 2 2 2
9749 1 13574 3 1 3 2
40797 0 19420 22594 22594 10090 10088
24056 0 9777 8263 8263 5452 5451
12866 6 7036 159 159 328 328
19409 4 36350 54 54 77 77
28857 0 706 141 141 1730 1717
19163 0 18538 248 248 2323 2320
16614 1 25570 3 1 1 1
16614 1 8351 4 1 2 2
24052 1 24051 2 2 1 1
29706 4 499 1 1 2 2
34810 0 17502 794 794 440 440
40798 0 38876 20747 20747 14506 14506
26283 6 40443 6723 6723 711 711
32794 0 18895 48 48 1415 1407
3034 2 1137 1 1 102 3
19442 2 1137 1 1 117 12
26122 4 31544 73 67 4 4
17880 1 20417 2 1 2 1
3499 1 20417 1 1 1 1
20434 0 21190 13467 13467 10701 10700
13327 6 22210 181 181 2318 2318
40799 0 5636 38722 38722 14202 14202
14768 6 24252 5 4 14 12
9578 0 473 23703 23703 18352 18349
20196 1 21248 3 2 2 1
21248 9 11908 2 1 1 1
6765 1 27335 1 1 3 2
37410 0 27335 38432 38432 34407 34406
12725 1 21889 1 1 1 1
19754 0 4059 4 4 6 3
9461 4 12081 5 4 7 6
8574 0 5381 10 10 52 42
8574 1 8573 4 1 2 1
29585 1 8574 2 1 1 1
13699 0 5381 3869 3869 6444 6432
36608 0 123 1294 1294 11797 11789
24094 0 123 27243 27243 39076 39067
516 0 292 1 1 240 6
31393 0 292 1 1 251 11
14242 0 292 2 2 423 173
33413 0 292 5 5 10776 10524
15177 0 292 2 2 255 13
39499 0 292 1 1 236 5
13524 0 292 1 1 273 27
31996 0 292 2 2 298 50
26845 0 292 1 1 247 9
14814 0 292 1 1 243 6
13283 1 2720 3 1 3 1
2720 1 5598 2 1 4 1
34387 1 26855 1 1 2 1
26856 1 26855 1 1 1 1
37173 4 10091 5250 5250 21197 21197
19951 0 20010 9758 9757 28606 28599
40800 0 28344 12093 12093 14443 14442
24652 0 26678 3348 3348 3572 3568
27632 0 31556 477 477 2775 2773
8336 6 2824 1406 1406 408 408
14255 1 19144 2 1 2 1
20014 0 14262 4 4 34 29
40801 0 16573 2085 2085 10261 10257
2360 1 4933 2 1 3 1
40802 0 39415 8968 8968 11130 11130
30541 0 22903 14531 14531 8868 8867
20618 1 9942 2 1 4 1
38150 0 712 39 39 2142 2137
25109 0 7757 1413 1413 4768 4766
40803 0 5646 6865 6865 12882 12878
1003 1 5646 3 1 8 4
35081 1 28378 1 1 3 2
11590 1 29649 3 1 1 1
39026 0 29817 9254 9254 16240 16238
13903 6 32368 1948 1944 1494 1494
30745 1 37402 2 1 1 1
10159 1 38458 4 2 1 1
27696 1 6690 1 1 11 2
28744 1 6690 1 1 7 1
20852 1 6690 1 1 5 1
40885 0 6690 14427 14427 15865 15857
16732 0 10532 972 972 5822 5818
6916 0 19429 4941 4941 3748 3748
10276 1 9887 3 1 2 1
4800 1 9900 2 1 3 1
19570 1 4800 2 1 3 1
17182 1 2190 1 1 1 1
4461 0 19310 40844 40844 39994 39986
1046 7 18091 21227 21107 6 6
1046 7 18788 147 33 1 1
1046 7 39181 3729 3611 1 1
37226 0 11964 1164 1164 8786 8784
11632 9 24469 7 6 1 1
40699 0 12729 1693 1693 14990 14975
14428 0 772 82 82 62 53
19055 0 772 28635 28635 25401 25391
40710 0 31312 6033 6033 12692 12690
11686 1 5336 7 1 3 1
30852 1 3198 3 3 4 2
29243 0 26808 118 118 614 614
21449 0 12858 3 3 12 8
12857 1 21449 3 1 1 1
3233 1 4145 2 1 3 1
19055 1 19054 1 1 1 1
8310 6 12531 15 6 3 1
7557 1 7633 3 1 1 1
17844 0 7120 4650 4650 18211 18208
1269 1 11040 1 1 1 1
11040 1 14848 6 2 2 1
26676 0 8201 35604 35604 34290 34276
28241 1 7436 2 2 3 1
18458 9 31641 4 4 5 4
31641 3 37842 6 5 1 1
25873 0 2795 2645 2645 4143 4142
17430 1 14006 2 1 5 2
13991 0 6823 2271 2271 9711 9705
19570 1 23428 3 1 3 1
8288 4 37118 424 422 447 447
40805 0 33924 29358 29358 17935 17934
25230 0 6253 6597 6597 11613 11608
15292 3 10198 1 1 3 1
39489 0 11666 34046 34046 27932 27914
39489 1 15557 1 1 3 1
37831 2 11666 2917 2917 19106 19106
15516 1 12820 5 3 8 6
34071 1 12820 2 1 4 3
4175 4 8602 11 5 1 1
24042 1 5537 1 1 2 2
19211 0 4744 8 8 176 173
31371 0 7474 3525 3525 12399 12392
27812 0 7474 21500 21500 30082 30074
28947 4 15200 998 998 348 348
18660 6 21000 16 16 14 14
15472 0 25385 31210 31210 22625 22621
12507 0 13404 26974 26974 27812 27807
26342 1 17895 3 1 4 2
2152 1 8496 1 1 6 3
39760 0 574 2 2 69 26
40877 0 574 72 72 14632 14586
35412 5 11510 5 5 151 132
2085 6 10383 10 4 8 8
14202 1 14201 1 1 4 1
1043 1 20085 1 1 2 1
40806 0 6850 118 118 14275 14250
40503 0 9914 10909 10909 6777 6775
14770 1 14307 2 1 4 2
32716 1 17183 2 2 2 1
35390 1 3256 1 1 2 1
4482 4 9719 229 225 25 25
20428 0 3527 33761 33761 22912 22895
3527 6 20663 30 30 5 5
30409 2 35441 17080 17080 6347 6347
11083 1 5302 1 1 2 1
23196 1 10129 1 1 4 1
1066 1 29752 4 2 1 1
40807 0 3538 13028 13028 15088 15075
22793 0 3538 9 9 61 49
6768 6 24640 123 120 102 100
6768 6 10205 11374 11370 762 762
2869 1 15125 1 1 5 3
29302 0 15125 1992 1992 13433 13431
9588 0 1406 2740 2740 4297 4286
18159 0 17493 435 435 6034 6028
21497 1 33875 5 2 1 1
20938 1 22485 2 1 3 1
13056 6 39139 17683 17681 9444 9444
23942 0 26928 12 12 43 41
28004 0 6478 6196 6196 13875 13873
4747 0 22951 1 1 9 5
20860 5 2566 78 78 33507 33490
7590 5 2566 67 67 8138 8122
20768 0 17402 1392 1392 2682 2680
35193 1 20768 1 1 2 1
8572 0 5856 29 29 2030 2005
17370 0 5856 172 172 5425 5399
31972 0 5856 512 512 27803 27775
17380 1 15779 3 2 2 1
27964 0 16186 34516 34516 25642 25636
15981 0 1328 6 6 230 217
26071 1 9303 2 1 3 1
9303 9 21981 1 1 2 2
38768 0 29318 13798 13798 18840 18836
36229 0 18254 384 384 7046 7029
1019 4 596 54 31 4 4
1019 4 8780 40 18 1 1
23239 1 15927 3 1 3 2
30477 1 23239 2 1 5 2
21996 6 20017 4028 4026 359 359
21996 6 11995 30091 30088 3854 3854
25766 0 22616 1306 1306 2624 2621
9455 0 23399 886 886 7855 7849
23000 6 39446 758 758 413 413
122 1 7516 8 3 4 1
11412 1 19152 2 1 1 1
8803 1 27429 2 1 1 1
15261 0 14295 35697 35697 27562 27561
25268 4 21905 7 5 3 3
15504 1 8591 3 1 2 1
8591 1 16989 4 2 1 1
15601 10 15600 2 2 1 1
31927 1 15601 1 1 2 1
34363 5 8522 38088 38088 14685 14685
33641 0 19894 38810 38810 30710 30709
33826 1 19127 1 1 2 1
39523 0 2723 30 30 2967 2931
39523 1 21345 1 1 4 3
7540 0 2723 204 204 30164 30125
4541 0 2723 129 129 3329 3292
28671 0 7444 8071 8070 21104 21101
40808 0 40809 2278 2278 7797 7797
26933 0 1475 440 440 25909 25889
35848 0 18654 5 5 84 79
19162 0 18654 4 4 7 3
29185 6 40731 15068 15067 1893 1893
3467 1 3466 1 1 2 1
15345 5 4450 938 938 11051 11045
7117 1 7049 1 1 4 2
32624 6 26608 3973 3972 543 543
2269 1 2268 3 1 4 2
30613 0 6961 2 2 11 9
2956 4 29945 5 1 5 5
40706 0 10059 29094 29094 12749 12746
3866 4 38485 585 578 25 25
3866 4 24189 1638 1630 1125 1125
9119 0 21826 12159 12159 4816 4816
18389 3 999 30 28 100 98
999 3 18389 96 94 23 21
35808 1 32154 4649 4649 2434 2434
37756 4 40810 10638 10638 6996 6996
20583 1 27612 3 3 1 1
1020 0 3141 1 1 53 4
28305 0 3141 2 2 54 4
6564 0 11337 1265 1265 5258 5257
23511 0 15656 27 27 124 98
5394 1 2601 3 3 3 2
19679 0 5394 412 412 2599 2592
2004 1 24164 3 1 1 1
2004 0 30642 10148 10148 15366 15365
25774 1 12289 4 1 7 1
24676 0 24224 769 769 5425 5424
23848 1 8714 2 1 2 1
17814 4 3175 437 436 28 28
17465 1 17464 3 2 2 2
22570 1 22569 1 1 2 1
6630 0 4722 39 39 357 349
1142 0 4722 175 175 9713 9704
23700 1 24343 5 4 2 2
9573 6 3123 15636 15636 33779 33755
15354 6 3123 2631 2631 23100 23077
14853 6 3123 5 4 69 48
6067 1 28605 2 2 2 2
8474 4 17327 6894 6894 20115 20115
30941 1 3753 1 1 3 1
30941 1 33174 2 1 1 1
11546 0 4442 8707 8707 32176 32142
6865 4 2298 7 3 3 3
1021 1 207 3 1 1 1
2872 0 17555 23694 23693 26460 26454
268 0 17555 530 530 5143 5138
40811 0 2664 660 660 14761 14745
40871 0 2664 6955 6955 16572 16555
2664 0 2624 26 26 28 21
35435 0 12605 144 144 7980 7977
29862 1 29861 1 1 2 1
31789 0 494 9446 9446 6904 6892
22923 0 28916 39 39 14 13
27985 1 27484 1 1 2 1
29410 0 16944 21314 21314 33391 33386
11888 0 36918 7092 7092 21633 21630
37558 2 741 1 1 49 3
28640 2 741 1 1 40 1
9021 2 741 1 1 41 1
22157 3 1791 2 1 3 1
22158 3 1791 2 1 2 1
8471 1 6302 2 1 1 1
32069 0 19823 38335 38335 33975 33973
38790 0 13 4446 4446 24618 24604
19437 1 22294 1 1 2 1
25022 1 32013 2 2 3 2
39553 0 4628 48 48 835 826
40833 0 4628 12248 12248 13299 13289
11144 1 2617 1 1 3 2
38399 1 1022 1 1 7 3
10536 1 36694 1 1 1 1
40178 1 1578 37201 37201 13617 13615
40864 0 1578 792 792 13124 13118
22410 1 37961 4 2 1 1
15647 4 32971 93 93 169 169
1708 0 8438 129 129 202 201
6124 1 5907 1 1 5 1
8270 1 6124 10 1 2 1
5826 1 10722 2 1 6 4
21697 0 2070 599 599 869 869
6530 1 22543 2 1 3 1
5932 1 21935 1 1 2 1
28875 3 5192 2 1 3 2
28676 3 28875 4 1 1 1
5178 1 14819 1 1 1 1
21092 0 5178 6342 6342 26722 26690
16318 0 5178 39 39 350 322
40918 0 5178 408 408 11724 11694
31349 1 5178 1 1 18 12
27341 1 31627 3 1 1 1
912 0 7047 164 164 23483 23470
739 0 912 39 39 846 835
24031 0 7047 5988 5988 33282 33268
30204 1 7047 5 2 3 2
40812 0 17281 3476 3476 8228 8228
9906 1 36905 4 1 1 1
6743 0 8355 267 267 19170 19147
1538 0 8355 6596 6596 33076 33052
35277 1 27784 1 1 2 2
5869 1 26782 6 1 1 1
40813 0 19386 2476 2476 10516 10514
38378 1 22534 2 2 5 1
31576 0 30844 1729 1729 1713 1713
10205 1 10204 1 1 3 2
11177 1 37094 5 2 1 1
7045 1 2382 1 1 4 1
21977 5 16419 28 28 795 788
3364 1 3363 2 1 3 1
3528 0 10834 202 202 3090 3087
17960 4 24312 3 1 1 1
27223 1 20426 1 1 2 1
24636 1 6535 1 1 1 1
23949 5 212 4 4 92 64
27657 5 828 3 2 367 353
1410 1 24564 33067 33067 24090 24089
3066 0 8076 110 110 158 150
18215 1 1414 1 1 8 1
10895 1 13973 6 2 1 1
3239 4 39144 133 82 4 4
3239 4 27881 81 32 1 1
3239 4 36428 125 75 1 1
18904 3 17353 2 1 2 1
7935 1 2201 2 1 3 2
17190 1 757 3 2 1 1
1415 1 32170 5 1 1 1
23786 1 2902 1 1 8 2
2029 1 18094 3 1 1 1
553 1 13871 3 1 2 1
24179 1 10508 2 1 2 1
25575 1 10508 1 1 1 1
27360 6 36837 12 12 7 7
31841 0 19545 16118 16118 29473 29472
33840 0 1754 2368 2368 3098 3086
40875 2 1754 70 70 9236 9230
38079 2 1754 65 64 547 542
40815 0 39071 17016 17016 14206 14204
29342 0 8978 388 388 20456 20440
6890 0 36281 33674 33674 40509 40509
8040 1 21358 962 958 773 772
10520 0 24854 17642 17642 31674 31674
28943 1 243 2 1 3 3
20030 0 13734 39008 39008 28755 28753
4563 0 12505 31 31 16 10
37725 0 23377 1 1 7 2
26865 1 19204 3 1 3 1
20288 6 29915 17 15 3 2
24515 2 20288 17 17 87 82
18855 0 2060 16 16 489 476
26308 5 18855 2452 2452 31573 31559
24430 0 2060 58 58 2719 2705
11475 1 13563 9556 9553 1713 1709
13563 1 11475 1413 1409 9190 9187
14231 0 7944 7293 7293 34437 34436
36007 6 17148 8939 8939 7411 7411
13350 0 29456 10 10 5 5
36696 5 9528 2 1 10 2
19256 5 9528 2 1 11 2
30889 0 33367 26750 26749 16605 16605
26734 0 2288 268 268 2904 2902
16979 4 35069 670 670 1977 1977
23628 0 2614 16521 16521 15880 15876
39567 0 4694 17 17 2135 2121
6695 0 32813 36987 36987 33232 33232
15469 0 6418 57 57 2325 2301
34418 1 25064 2 1 2 1
8727 1 8726 2 1 2 2
14189 1 23592 6 2 1 1
35545 1 14189 1 1 4 1
10877 1 11728 7 3 5 1
32814 0 4976 12 12 202 199
4165 3 25845 1 1 1 1
20625 1 7778 3 2 3 2
30076 0 10715 946 946 3483 3480
40816 0 14697 25056 25056 14785 14785
14697 1 31992 2 1 2 2
19191 1 27971 1 1 1 1
13842 0 11910 11756 11756 16686 16685
5985 6 10735 9 2 41 34
12732 3 28417 4 3 2 1
12732 1 26677 2 1 1 1
6204 1 6203 1 1 1 1
40817 0 19840 32541 32541 15478 15476
3387 0 19840 15304 15304 39607 39604
6550 1 2423 2 1 11 3
2423 1 24830 14 5 4 1
2924 4 30666 90 17 1 1
2924 4 2659 79 7 1 1
2924 4 29020 74 3 1 1
2924 4 36766 141 67 1 1
1379 1 25548 1 1 1 1
6265 1 1379 3 1 2 1
18135 3 294 4502 4499 256 256
2209 1 24141 7 3 1 1
15500 1 4546 2 1 6 3
15500 1 7996 1 1 4 2
31596 6 8773 5566 5566 6004 6004
40818 0 35587 1360 1360 12552 12552
34338 1 9890 2 2 11 2
14748 1 9890 1 1 6 1
9890 1 12054 10 2 2 1
40819 0 15962 12578 12578 16761 16760
16130 0 10326 39981 39981 25467 25465
40820 0 20319 18204 18204 13819 13818
11212 0 1856 2214 2214 1180 1166
14579 1 1856 2 1 14 10
28303 3 9776 1 1 3 1
9776 1 9775 1 1 1 1
561 0 5278 64 64 3315 3306
13724 4 995 8 7 39 39
154 1 153 1 1 4 1
5791 1 11553 1 1 4 3
24115 1 18755 2 1 3 1
28674 0 3041 38226 38226 31909 31902
40821 0 14864 23543 23543 14528 14523
17883 0 18836 33664 33664 18823 18820
40822 0 9367 79 79 14416 14394
40930 0 9367 83 83 12332 12311
7005 0 9367 22 22 1158 1138
26765 1 9367 1 1 5 2
2151 0 4180 5297 5296 8617 8615
40823 0 11638 111 111 10487 10470
18175 1 18573 3 1 3 1
24724 1 3969 3 1 1 1
3969 0 3582 103 103 389 363
17345 0 3969 52 52 168 164
34877 1 6582 1 1 6 1
6582 1 16956 9 1 3 1
26100 1 28248 1 1 3 1
33245 0 3980 36 36 136 134
4106 1 4105 2 1 1 1
584 1 28894 37 35 28 28
35143 1 33405 2 2 2 1
17003 0 479 8 8 19 9
9877 5 6166 2 2 195 159
30263 1 25760 1 1 1 1
30656 1 25760 1 1 2 1
1999 4 17069 37 30 11 11
18272 1 19427 2 1 3 1
29081 1 13187 1 1 4 1
16522 0 3780 234 234 11425 11389
26742 0 15839 246 246 1333 1330
1918 6 39340 8883 8876 33 33
11624 1 20815 2 2 3 1
13939 0 7027 21 21 333 327
5788 0 7027 54 54 244 239
40824 0 2657 519 519 10506 10499
1294 0 25140 7240 7240 18773 18770
21281 0 428 10111 10111 28391 28364
40911 0 428 235 235 11760 11734
39800 1 30816 1 1 2 1
12660 0 1095 136 135 69 58
17450 0 1095 2576 2576 18891 18879
11922 0 14898 413 413 23012 22993
23590 0 12772 1025 1025 5690 5687
3072 1 15159 7 3 4 1
24523 0 8582 8 8 56 49
188 6 29407 16 13 7 3
39603 4 27065 1539 1539 5422 5422
4691 1 14239 3 2 1 1
36188 1 4691 2 1 1 1
36501 0 4902 43 43 260 260
40022 0 6784 5 5 13 8
4121 1 17988 3 1 2 1
34845 5 10076 6 4 10 5
19999 4 35620 13 4 1 1
25642 0 31168 4011 4010 1115 1114
28192 2 3865 8 7 311 293
25039 0 2409 11 11 139 116
34598 0 2409 21 21 616 592
40825 0 22386 5262 5262 12120 12119
15804 0 10824 4 4 11 6
40826 0 30737 25639 25639 12819 12818
11678 4 24132 3385 3385 2268 2268
11178 1 14178 8 1 1 1
19319 1 11039 1 1 6 2
23526 0 9730 32350 32350 35606 35604
12960 0 23054 32897 32896 30161 30161
18237 1 14439 2 1 4 1
17375 6 39568 6 4 2 2
6955 0 2697 10 10 17 15
16533 0 2697 30 30 225 222
27268 1 11354 1 1 3 1
1968 1 1967 7 4 8 5
20914 0 1967 3 3 17 9
23271 0 7641 2851 2851 923 923
19684 3 19683 2 1 1 1
4983 6 33006 20973 20973 29232 29232
17534 9 12584 2 1 1 1
6871 1 18043 24553 24551 34489 34488
5628 7 18994 5427 5394 5 5
2502 1 20104 7 4 3 2
15657 0 4985 26916 26916 13936 13934
34914 1 6434 1 1 5 2
39981 0 306 2 2 34 17
21026 0 306 4 4 20 4
37154 5 9269 3808 3808 19450 19447
9073 1 5502 7 6 5 3
30127 0 1623 29655 29655 18553 18550
16304 0 30127 11705 11705 20848 20848
16980 1 4548 2 1 4 1
469 0 14498 97 97 1262 1251
9243 6 35214 13179 13175 779 779
36148 4 23121 1382 1381 491 491
3358 1 4743 4 1 3 2
9720 0 4743 103 103 625 615
40888 0 4743 5439 5439 16533 16522
2064 1 2154 1 1 3 2
22278 1 35919 1 1 1 1
36060 0 14935 638 638 5929 5920
27146 5 11426 2 2 49 39
3169 0 3813 329 329 10848 10830
3823 1 3813 2 2 7 3
20664 4 26988 10213 10211 6049 6049
6374 1 11133 4 2 3 2
33074 2 7 16 16 1426 1389
18961 2 7 1 1 36 2
17395 0 7902 1121 1121 3875 3872
22908 1 5606 2 1 3 1
10254 1 10253 4 3 1 1
40906 0 10253 546 546 12042 12028
14113 1 5076 1 1 2 1
36403 1 10838 1 1 2 1
14974 0 14973 2 2 6 1
14973 3 19845 7 5 1 1
40831 0 4593 25843 25843 11409 11409
31084 1 27014 1 1 4 2
12467 4 39860 8 2 1 1
40832 0 6630 669 669 10829 10825
26778 4 2803 2832 2832 1690 1690
3765 1 28497 2 1 1 1
20691 1 4936 1 1 4 1
7886 0 12463 3403 3403 20823 20817
14999 4 31316 4809 4809 1760 1760
22172 0 11068 12 12 168 154
454 3 16514 1 1 3 1
3025 1 16514 3 2 2 1
29578 0 15788 27484 27484 12563 12562
23802 0 21987 1721 1721 15120 15117
21987 0 20963 38588 38588 35399 35398
11759 2 10987 302 302 2519 2518
38689 0 12894 32393 32393 30346 30336
40834 0 14087 14880 14880 10280 10280
14853 1 5935 2 2 3 1
4044 4 31152 41 41 24 24
29372 0 24630 517 517 13408 13403
24630 0 22399 7712 7712 22943 22942
19479 5 4701 2 2 101 78
8240 5 4701 5 5 72 50
33163 5 4554 2 1 11 4
29553 1 26733 1 1 1 1
29553 0 8837 33974 33974 24782 24780
6792 1 14058 1 1 3 1
21282 0 15062 32811 32811 32223 32223
23036 4 36472 839 833 19 19
5783 4 23036 87 78 42 42
40835 0 40836 3963 3963 4684 4684
18778 6 32930 2414 2413 274 274
18778 0 5314 91 91 10980 10953
24621 2 17930 3 1 7 1
27989 2 17930 6 4 19 9
26041 0 4289 1948 1948 2112 2112
16899 4 24507 878 878 3236 3236
14917 3 17826 2 1 2 1
30990 9 28312 1 1 1 1
8980 1 3552 1 1 1 1
33079 0 3582 580 580 20310 20282
16497 1 26305 2 1 1 1
26368 1 8799 2 2 3 2
4480 1 32602 3 1 1 1
35059 0 27412 3097 3097 6794 6791
2645 4 29221 845 837 72 72
23462 0 5675 80 80 119 110
40853 0 23462 26643 26643 19402 19397
25133 5 5012 3 2 7 1
14927 4 5288 121 117 21 21
11058 2 6577 6 6 548 494
60 2 6577 7 7 99 48
7534 9 18226 4 3 1 1
10204 1 10208 1 1 1 1
5031 1 28475 1 1 1 1
15312 0 12860 40162 40162 38254 38254
21401 1 1933 1 1 10 3
12469 1 1992 5 1 2 1
18451 5 1238 2 1 16 9
37552 0 2655 9 9 372 368
2655 0 9806 33358 33358 25005 24999
40284 0 6614 1941 1941 10434 10410
3130 1 27019 5 2 2 1
23982 0 37653 9375 9375 13678 13676
20447 1 9918 3 1 1 1
15028 1 16314 2 1 5 1
15028 1 5116 1 1 4 1
40628 0 33021 13816 13815 11920 11920
3648 1 3647 2 1 3 1
19317 0 1107 14578 14578 12788 12778
830 1 21753 4 1 2 1
8270 1 9886 3 1 5 2
14780 1 6419 3 1 2 1
40837 0 15224 21895 21895 18616 18604
7188 0 11737 16 16 152 142
10277 1 32396 3 2 2 1
10277 1 2951 2 2 3 1
15054 1 2951 6 1 1 1
25047 0 19223 40275 40275 31992 31992
23871 0 918 142 142 825 818
40840 0 918 17206 17206 11224 11216
8168 0 13192 1445 1445 7903 7903
10293 1 12214 1 1 2 1
23642 0 26543 16476 16476 27128 27128
26543 1 12312 4 2 4 1
4913 4 20284 83 52 2 2
3331 5 16655 1106 1106 6875 6873
3331 1 35484 4 1 1 1
16739 1 16646 2 2 3 1
6726 1 5782 6 3 1 1
6726 3 6725 6 4 1 1
11335 1 6726 1 1 7 3
5491 1 1201 1 1 5 1
6549 1 14425 3 1 1 1
5544 1 3327 2 1 3 1
3403 1 6328 1 1 2 1
7229 4 37460 1687 1670 21 21
20544 1 28902 4 2 2 1
3291 1 20544 2 1 1 1
530 1 21170 10 6 2 2
9371 1 9370 2 1 4 2
26061 0 9371 26192 26192 11147 11144
9371 0 5623 2267 2267 11070 11068
21518 1 29527 1 1 4 2
35181 0 21518 3288 3288 4750 4747
36581 0 16397 3105 3104 2426 2426
3972 7 37089 6172 6095 5 5
8883 0 5790 710 710 1514 1514
38389 0 7334 33 33 439 437
27814 0 9178 14 14 18 16
10855 1 19155 2 2 3 2
10855 1 31116 10825 10824 9740 9739
1431 4 27265 21 6 2 2
27563 1 35599 1 1 2 2
1193 4 39361 17 6 1 1
39975 0 7068 826 826 5687 5679
3855 0 3909 11 11 23 16
28703 0 3909 8212 8212 20531 20523
11573 1 13583 2 1 4 1
40841 0 16266 993 993 12552 12530
2434 0 16266 5 4 781 760
40842 0 67 491 491 13003 12994
1154 0 18959 17454 17454 19996 19994
32397 0 13044 813 813 6635 6626
17819 1 653 2 1 2 1
37840 0 313 23 23 1994 1986
40843 0 3679 463 463 15754 15743
40843 4 5346 36055 36055 14922 14922
13988 0 168 4384 4384 21932 21927
38754 2 10661 10 9 122 119
29501 0 6358 34604 34604 26954 26952
29860 0 18587 34077 34077 25500 25500
33438 1 36858 2 2 3 2
36858 1 35629 1 1 1 1
12381 0 1474 795 795 8719 8705
2863 0 6499 3797 3797 5928 5927
7328 0 5714 39107 39107 36025 36024
14412 0 20621 180 180 1020 1019
35316 5 38173 63 61 4 3
20490 1 7847 1 1 2 1
21077 4 10657 908 907 106 106
10380 0 1964 1461 1461 13706 13704
17802 1 3847 1 1 2 1
29031 4 40721 13300 13299 1719 1719
29630 5 22311 2 2 15 11
14888 4 21122 79 70 17 17
14888 0 2518 1 1 71 4
819 1 7732 4 1 3 1
7100 4 29718 1844 1842 163 163
8077 1 7192 1 1 12 9
16136 1 39043 3 1 1 1
13225 1 15253 1 1 3 1
40844 0 6467 5041 5041 11410 11403
6069 0 37345 9958 9958 17791 17790
4895 0 8093 166 166 14306 14278
21558 1 13645 2 2 2 1
10544 6 38325 233 218 7 7
23888 0 1730 10 10 970 869
33667 0 1730 2 2 155 57
22133 0 1730 1 1 111 14
19623 0 1730 21 21 841 741
28603 4 38563 3578 3577 167 167
16620 1 2522 1 1 2 1
24900 3 5965 1 1 2 1
3989 4 18951 9 2 10 10
22965 1 167 4 1 3 1
35645 0 7367 29832 29832 7909 7909
36255 0 10055 1 1 10 4
1574 1 8899 3 1 3 1
21174 5 2295 8 8 10425 10323
34328 5 2295 8 8 27221 27118
28418 5 2295 11 11 9163 9062
34439 5 2295 8 8 483 383
40845 0 32455 3739 3739 17750 17749
35000 0 9668 2 2 38 22
32116 0 21176 4891 4891 22833 22831
23390 0 40586 11559 11559 28478 28478
40848 0 23390 8005 8005 14079 14076
19903 4 29357 21 21 349 349
35177 0 14481 3783 3783 3873 3873
12330 0 11599 19440 19440 19688 19682
3579 1 19372 6 5 3 1
9842 0 3579 12316 12316 38822 38809
22422 1 9505 3 2 5 1
15330 1 28910 3 2 2 2
22889 0 11852 3711 3711 14904 14895
29771 9 3592 1 1 5 5
25748 1 34204 2 2 2 2
1772 6 37182 491 487 39 39
15158 0 40846 11174 11174 4794 4794
40847 0 8407 20526 20526 10686 10686
35466 0 11507 57 57 332 329
12327 0 411 818 818 5545 5522
21952 4 9376 15 15 12 12
4177 6 5022 71 56 13 13
5040 0 220 309 309 731 722
20777 0 30968 23976 23976 35699 35698
17995 1 415 5 3 9 1
6540 0 6677 18475 18475 33003 33001
30360 1 7239 1 1 7 3
1226 4 33413 7433 7409 15 15
36259 5 860 13 13 25931 25858
30840 5 860 1 1 1109 1039
39831 1 4370 1 1 4 1
17244 1 15986 2 2 4 1
9116 4 34497 9 7 2 2
4771 4 11796 60 8 1 1
18918 0 15687 297 297 382 379
18918 6 31983 9178 9169 300 300
29544 0 6411 11855 11855 25154 25147
13258 1 515 1 1 8 1
7665 4 11919 58 54 7 7
8356 1 22637 9 3 3 1
17180 1 8356 1 1 11 4
39574 0 13157 2227 2227 13871 13868
20711 1 1090 3 2 5 2
32427 0 24062 7798 7798 15296 15295
40849 0 13412 6882 6882 14218 14213
4316 0 1500 66 66 173 147
29122 0 1500 2 2 491 464
29916 0 33246 39583 39583 37458 37458
33246 0 425 30 29 1788 1769
3714 1 3991 1 1 2 2
6702 1 4469 3 1 8 4
20629 0 10089 188 188 8 8
18423 1 20629 2 1 2 1
4855 1 19562 10 5 2 1
11423 1 4213 5 1 7 2
10241 0 10481 11932 11932 33578 33576
27097 0 10241 24 24 723 713
5125 6 35244 9 9 2 2
10842 1 11135 1 1 2 1
3451 1 3450 1 1 7 2
3450 1 6752 5 1 3 2
26219 0 15966 106 106 3093 3090
20729 0 30962 2533 2533 21342 21341
31196 0 30962 6145 6145 3326 3326
36881 0 119 88 88 1207 1169
119 0 2748 67 66 22 12
2323 1 23181 2 1 1 1
14339 9 16095 2 1 1 1
32957 0 5195 18 18 352 346
32623 1 5195 2 1 4 2
32917 0 9489 2000 2000 8313 8309
40688 0 3489 35 35 12790 12729
13220 2 6815 34 33 261 257
5097 1 27076 3 1 2 2
17030 1 2573 3 2 8 3
2573 1 9486 2 1 2 2
37807 1 30144 2 2 1 1
2521 1 38597 5 2 1 1
6946 1 8731 2 1 3 1
9873 9 35523 2 2 1 1
1071 6 14854 37375 37369 23934 23934
3398 4 14735 26 9 1 1
5855 1 7329 12 8 2 1
3929 1 27247 10 1 1 1
16292 1 29803 2 1 1 1
6578 0 5973 9315 9315 16591 16587
40850 0 1543 39 39 12832 12775
37429 1 32885 1 1 1 1
5932 1 5931 6 1 2 2
14336 1 2808 1 1 3 1
23816 0 13145 30 30 48 48
16675 0 11522 22792 22792 28366 28366
40851 0 14187 18535 18535 15194 15190
10755 4 22444 6 5 3 3
11129 1 13730 1 1 2 1
25343 1 13730 5 2 5 1
8639 0 3289 371 371 7981 7958
3289 6 36920 19247 19230 53 53
8776 1 1347 1 1 4 2
1347 1 4276 1 1 1 1
39300 0 1590 15 15 3517 3494
37068 1 22654 1 1 1 1
1801 1 21363 3 2 2 2
31983 0 35119 13126 13126 15755 15754
31983 6 2119 10534 10532 13197 13197
19488 0 3006 11612 11612 14512 14502
19488 1 38649 19378 19378 13199 13199
40852 0 6747 25892 25892 11937 11935
28133 0 18038 1069 1069 2860 2857
8634 9 19910 2 1 2 1
11304 0 19910 4 4 9 8
20413 0 1973 10 10 222 167
26353 1 4814 5 4 5 1
22355 0 11595 4834 4834 22761 22755
1588 1 19716 3 2 3 2
11612 1 21343 1 1 2 1
5569 1 10107 4 1 4 1
5923 1 5569 2 1 3 1
24840 0 14776 1434 1434 1818 1818
24031 4 32273 37380 37380 11693 11693
12006 1 23328 3 2 1 1
15403 4 40478 76 76 96 96
16346 0 16005 20628 20628 29243 29241
7668 1 35530 2 2 1 1
9434 4 40717 12072 12069 1008 1008
22914 1 3088 2 1 3 1
2945 9 2944 2 2 2 2
24743 1 24742 1 1 1 1
31284 1 19047 2 2 2 1
1664 1 16927 4 1 2 1
40307 0 4362 4833 4833 7188 7181
29218 1 4362 2 1 5 5
4362 0 8787 193 193 171 164
17040 8 37417 267 266 84 84
39206 0 12650 1 1 31 11
29976 5 5742 7 7 147 125
15635 5 5742 27 27 1161 1138
903 5 5742 2 2 134 113
17663 4 9378 55 52 23 23
20364 1 26993 3 2 1 1
27150 0 3232 17892 17892 24561 24554
40854 0 14981 5224 5224 10967 10963
40855 0 25028 7083 7083 13245 13245
40678 5 5841 30 30 15084 15071
26893 3 11921 5537 5535 1013 1013
38438 0 24102 5542 5542 11726 11722
22467 0 22049 1343 1343 6168 6165
15542 0 22049 15764 15764 14088 14084
40856 0 8153 803 803 16888 16870
36147 0 8153 6366 6366 26363 26344
10925 1 8153 2 1 3 2
34372 4 36708 94 94 102 102
7489 6 35302 240 235 43 42
9267 0 1292 4061 4061 13087 13082
5975 0 8327 86 86 4692 4683
112 6 23406 59 13 2 2
6559 1 18773 6 5 3 1
13687 1 7279 4 4 7 5
37981 0 904 9 9 52 41
15563 1 17861 2 1 3 1
24736 1 14901 3 2 1 1
7506 1 27215 9 2 1 1
28486 1 28485 1 1 2 2
22848 1 33665 2 1 1 1
15952 0 3163 8 8 1206 1166
9298 0 3163 3 3 49 10
28717 0 3163 4 4 45 7
17876 3 17875 2 2 1 1
22196 1 22195 1 1 1 1
13637 1 27685 7 4 1 1
10125 4 13911 4480 4478 555 555
4146 0 37135 2471 2471 1860 1858
31487 4 8818 126 126 372 372
36976 0 4550 838 838 22176 22078
24513 0 4550 3 3 101 8
27936 0 4550 5 5 2385 2288
12322 0 4550 3 3 105 11
40857 0 2021 71 71 13272 13220
27575 0 6658 18451 18451 22440 22428
19537 9 28961 1 1 1 1
1070 0 17546 17696 17696 17842 17838
9755 1 9754 1 1 6 3
769 1 9754 1 1 4 3
40381 0 34906 12 12 21 21
15427 0 134 173 173 27932 27918
134 1 2633 3 1 1 1
1511 0 15914 3275 3275 11392 11389
5005 1 28613 8 1 1 1
18503 1 5005 2 1 6 1
40140 0 27752 2 1 14 11
16225 4 4698 489 486 48 48
40858 0 15284 5750 5750 15653 15647
628 1 627 3 2 2 1
16800 4 32120 317 317 333 333
25305 0 2099 1 1 33 6
13821 1 13530 3 2 2 1
16002 1 36632 5 2 1 1
40859 0 37052 23807 23807 16999 16998
6188 4 24112 90 72 4 4
6188 4 24347 20 3 1 1
15067 0 18496 28844 28844 29936 29936
29361 1 18956 1 1 3 2
10119 1 25492 7 3 5 3
28682 1 6956 1 1 2 2
22077 5 6956 1 1 22 3
720 9 26603 1 1 1 1
18029 0 8812 9277 9277 15813 15812
36166 1 16798 1 1 1 1
30646 4 33263 1474 1474 2490 2490
10063 0 8348 6363 6363 20956 20949
28320 1 27155 2 1 2 1
27155 1 29136 1 1 2 1
737 0 704 8588 8588 21400 21399
16207 1 16206 1 1 1 1
37148 0 23650 4301 4301 16861 16861
33954 1 14292 1 1 2 1
29886 1 28685 1 1 4 2
9855 6 33387 72 48 5 1
3785 0 28084 2259 2259 84 84
20088 5 3785 21 21 20269 20252
32514 5 3785 29 29 22868 22850
6922 1 6921 6 2 8 2
6921 1 7885 4 1 4 1
7656 1 11492 1 1 2 2
16454 1 15118 7 2 4 1
27917 0 8192 3 3 8 5
27917 1 5927 4 3 7 2
5927 1 27917 7 2 4 3
4197 0 8050 11 11 7 4
4197 1 37513 6 1 1 1
25431 1 5635 1 1 1 1
15018 1 18772 4 2 1 1
9762 6 8948 24658 24654 23119 23119
30927 6 25532 13643 13643 21440 21440
19315 1 39214 3 2 1 1
39214 0 32965 5 5 5 5
18563 0 4302 372 372 2760 2758
21993 1 19504 5 1 1 1
9794 0 26796 15 14 9 9
40860 0 1945 122 122 14045 14022
13748 1 11108 2 2 1 1
4384 1 24793 4 3 2 1
10633 4 19550 2733 2733 2676 2676
27322 1 37139 1 1 1 1
40383 0 38168 42 42 6 6
7362 4 32362 11 1 1 1
22231 1 8513 1 1 2 1
40692 0 8924 7771 7771 10259 10250
1685 1 12089 3 1 1 1
450 4 4488 179 161 11 11
39094 5 3918 54 54 3720 3703
40914 5 3918 61 61 12368 12349
2315 0 3918 315 315 1396 1388
40869 0 3918 1604 1604 11827 11818
39375 4 35988 6 6 7 7
33362 0 724 5697 5697 21122 21102
4388 4 38068 34 22 4 4
24592 0 13837 18351 18351 36220 36216
4109 6 1349 33 29 19 18
20971 4 929 25390 25390 14745 14744
23939 0 929 127 127 8777 8766
2108 1 23830 1 1 1 1
137 1 39790 1 1 1 1
14471 4 26704 313 309 39 39
38379 0 2037 3500 3500 10069 10066
3297 1 2037 2 1 1 1
19597 1 29925 3 1 2 2
9472 3 9553 1767 1767 16496 16494
24002 1 31718 1 1 2 1
13378 4 37002 39 31 2 2
18672 8 18729 7 7 62 59
23066 0 10976 29662 29662 16846 16846
37193 0 36623 15773 15773 6849 6849
35461 0 15432 7266 7266 12354 12352
6086 1 37968 37 37 58 58
39988 0 6132 40400 40400 38854 38848
27635 0 6879 309 309 1266 1266
12792 1 18251 1 1 6 5
25299 0 17090 2407 2407 559 557
22804 0 9256 46 46 3225 3222
22046 1 449 1 1 1 1
26701 5 39164 17253 17253 23944 23944
33010 4 37752 2349 2348 1233 1233
17564 4 28570 4188 4188 1429 1429
14394 1 27202 1 1 3 2
40861 0 35307 3857 3857 10892 10892
36533 1 31832 2 2 1 1
1421 1 13698 7 4 2 2
1421 1 1420 5 3 3 3
15918 1 8898 1 1 1 1
39681 2 3869 9 9 280 249
13147 2 3869 3 3 168 139
29520 1 38175 1 1 1 1
7705 4 29204 692 685 71 71
31945 1 533 2 2 3 2
20267 1 11332 1 1 2 1
40862 0 6138 14205 14205 13398 13383
12405 1 2536 3 3 11 6
22145 0 267 159 159 19742 19718
12466 4 38408 43 23 4 4
12466 4 38825 100 78 5 5
16552 1 10073 2 1 1 1
31672 0 16442 818 818 445 445
34829 0 34921 4 4 7 5
6539 1 27537 6 2 1 1
24829 0 20017 4010 4010 14169 14164
28048 0 20017 738 738 22684 22678
40863 0 22831 9032 9032 10576 10572
9658 0 22831 30272 30271 30737 30732
17365 6 1148 18371 18371 19868 19868
11735 1 13906 2 1 1 1
10734 0 10886 79 79 3176 3162
1494 0 15383 5823 5823 1335 1334
31725 6 3983 33 33 1645 1644
3023 1 19162 1 1 3 1
28499 0 2833 150 150 9383 9368
4250 3 26422 6 5 6 4
14121 1 5862 3 1 7 2
1002 0 15449 18830 18830 13001 12996
14237 9 14236 2 2 1 1
40286 1 14159 1 1 3 2
1432 4 24308 51 35 3 3
29759 0 21793 2 2 10 9
40 0 9353 11569 11569 27983 27975
36532 1 36531 1 1 1 1
4832 1 7867 5 1 1 1
27716 6 14968 1684 1684 1014 1014
304 0 25231 25387 25387 14008 14007
8542 1 19421 4 1 1 1
30629 1 15712 1 1 3 2
20027 2 9746 3 3 80 69
26019 0 4682 2 2 7 3
15092 4 32205 15518 15513 1318 1318
13106 4 30126 324 313 1 1
7451 0 9653 35048 35048 16020 16020
14198 1 7551 12 12 19 12
19206 1 11656 2 1 6 2
938 1 29478 1 1 1 1
19923 0 13346 2 2 42 34
40895 0 13346 210 210 13350 13340
8767 0 2776 9824 9824 37796 37772
17206 0 4193 32765 32765 36239 36237
9026 1 21448 1 1 5 2
10884 1 23870 2 1 8 6
10884 0 12402 124 124 461 460
33656 0 17442 36863 36863 29503 29499
29844 1 36062 2 1 2 2
39433 6 40246 91 90 17 17
13370 4 32777 65 64 31 31
40865 0 34557 17017 17017 10158 10157
12307 1 5388 1 1 4 2
8628 3 1186 1537 1536 414 414
4299 0 1562 793 793 7345 7338
18208 6 35649 7533 7533 6598 6598
12758 0 980 19766 19766 20906 20905
26577 4 38800 99 99 70 70
40866 0 8678 34257 34257 13392 13389
32294 0 1897 189 189 18365 18291
6937 1 1897 5 2 42 35
9481 9 158 3 2 2 1
13100 9 9481 1 1 1 1
15588 1 15587 2 1 2 1
13773 0 27141 2 2 20 17
25916 0 16303 44 44 117 108
36297 0 16303 10 10 654 644
20354 1 18989 1 1 2 2
973 1 13336 2 1 4 1
5185 0 13336 38612 38612 35758 35754
9012 5 7786 1 1 31 12
33237 1 410 1 1 1 1
14633 6 31433 150 149 100 100
14633 6 8142 132 132 402 402
40867 0 339 854 854 14908 14905
3453 1 18417 7 1 1 1
8951 1 28285 2 1 2 1
1460 1 8951 1 1 3 1
8222 1 6150 7 3 2 1
8054 3 25795 3 1 2 2
6845 1 2779 3 2 3 3
19202 0 12252 104 104 459 453
20124 1 18592 1 1 4 1
20124 0 14100 361 361 14651 14647
30846 0 2941 8 8 80 79
39027 0 9415 218 218 8820 8808
23350 1 17390 2 2 2 1
8558 1 7530 3 2 2 1
40868 0 5700 7270 7270 10903 10903
32469 0 324 58 58 6871 6852
8545 0 324 234 234 19593 19573
25032 1 25031 1 1 1 1
38057 9 30720 1 1 1 1
2030 0 1832 333 333 868 858
1637 0 5616 22187 22187 30926 30917
9928 0 5616 33 33 2489 2481
1702 4 29665 354 350 20 20
36951 4 24229 1003 1001 30 30
6008 1 1041 1 1 1 1
14647 0 13213 14 13 3 3
699 1 22618 2 2 1 1
35907 4 37894 11 11 8 8
13383 1 2789 3 1 1 1
2713 6 7645 39 2 2 1
11577 1 7731 2 1 2 1
40870 0 1335 7030 7030 13147 13146
24483 1 12798 2 1 2 1
17309 0 30810 734 732 266 264
10156 1 963 4 1 3 1
2452 1 3976 5 1 6 3
2452 1 7086 3 1 8 1
40905 0 3387 2790 2790 14188 14174
7217 1 3387 1 1 5 5
8525 4 37769 100 98 7 7
35828 0 1364 2 2 212 182
26559 6 35828 485 485 345 345
16493 1 19237 2 1 5 2
2933 1 7202 13 10 11 6
6048 9 22594 2 2 1 1
29003 1 35415 4 1 1 1
20788 1 10332 4 2 3 2
5707 1 5706 2 1 3 1
29609 1 29608 1 1 1 1
22190 1 35891 3 1 2 2
22190 1 11262 4 1 4 1
9192 1 19649 6 1 1 1
26202 0 7136 60 60 898 897
36138 0 7877 20 17 29 26
23317 0 6977 33116 33116 36725 36689
40920 0 6977 127 127 8659 8624
36948 1 27706 155 155 559 558
34777 1 14753 1 1 2 1
1620 4 23845 31 16 1 1
12071 1 18026 5 1 1 1
8848 5 14818 3 3 33 19
11500 6 11034 63 56 12 10
16013 1 5367 2 1 1 1
10574 6 36868 33 29 5 4
18072 0 1880 3052 3052 12273 12258
7031 1 26802 3 1 3 2
32487 1 10667 4 2 2 1
28680 1 10686 1 1 3 2
9031 4 20091 168 148 5 5
37696 0 13023 267 267 4427 4419
5434 1 5433 3 1 2 1
24552 2 8531 3620 3619 7965 7962
35789 5 3276 7 7 20063 20031
31511 5 3276 14 14 12264 12233
39401 0 24275 60 59 2374 2362
27408 0 4448 12 11 17 9
13163 1 17198 1 1 2 1
8664 1 2489 1 1 5 2
2489 1 15398 8 3 1 1
25485 2 3943 1 1 32 2
38545 2 3943 1 1 29 1
36055 6 19589 1000 1000 24658 24658
19768 0 5156 151 151 5028 4996
26405 0 5156 3 3 59 28
17022 6 35666 4654 4651 178 178
17022 6 3619 855 853 41 41
4621 1 88 2 1 3 1
40873 0 28355 13508 13508 12205 12203
2460 9 9748 2 2 2 2
36214 0 573 3 3 226 187
40874 0 22716 26099 26099 15112 15112
25322 4 40518 676 676 1583 1583
2760 0 11134 3217 3217 6783 6777
4446 9 1807 5 2 1 1
11636 0 4446 25571 25571 18364 18363
36303 1 2876 1 1 1 1
37244 1 21630 1 1 2 1
38942 1 2626 2 2 113 110
31471 0 2626 8 8 227 226
3018 0 27173 22085 22085 25926 25926
26985 0 7600 15 15 28 23
37635 0 7600 3 3 244 238
8617 6 7587 9354 9343 95 95
24972 0 1142 118 118 4651 4649
680 7 38698 23886 23823 4 4
680 7 40901 11413 11353 3 3
6028 0 29623 22598 22598 11978 11978
29623 0 33835 17451 17451 22752 22749
36506 4 25083 210 210 141 141
7152 1 4236 3 2 3 1
22504 0 7152 12 12 859 854
40876 0 1295 5639 5639 13334 13328
21646 1 1295 1 1 4 1
22690 0 9531 2 2 8 4
34554 0 9531 295 295 543 538
701 1 25692 2 2 4 1
14347 1 5567 5 2 2 1
22500 1 15849 3 2 2 1
24584 6 29929 4926 4926 13996 13996
18192 4 1499 1 1 1 1
17820 1 654 2 1 5 1
23192 1 654 2 2 6 1
34164 0 21362 21528 21528 16194 16189
23961 0 6776 1 1 13 5
14951 5 6776 258 258 34627 34622
2111 1 35677 4 2 1 1
32320 1 16031 27221 27221 36683 36683
31261 4 13766 957 957 2279 2279
38116 9 9 2 2 2 1
40068 0 28942 38419 38419 26456 26456
21724 1 8592 5 1 6 4
4229 1 37036 1318 1314 31 31
29447 0 15913 63 63 1130 1125
16697 4 31051 45 41 5 5
5443 6 33646 63 45 3 2
13087 1 36310 2 1 1 1
22927 4 27025 37 37 175 175
24129 1 15215 2 1 2 1
24953 0 13135 565 565 3558 3549
22068 0 29955 14914 14914 13968 13968
6111 0 23960 41 41 27 25
6111 1 11198 4 1 1 1
2003 0 4127 40591 40591 38190 38186
40878 0 34399 22453 22453 14924 14920
26349 1 19291 1 1 1 1
15641 1 5982 2 1 2 1
21253 0 5982 20594 20594 34058 34058
3948 3 25669 4857 4853 864 864
40879 0 39495 6239 6239 11379 11379
10738 0 8594 27083 27083 12882 12875
40612 0 8594 4471 4471 10201 10195
12395 0 4161 2 2 69 42
40942 0 4161 407 407 15297 15267
26530 0 25605 1754 1754 1426 1425
25576 0 19971 11661 11661 14381 14375
3574 6 39280 132 128 3 3
35051 1 36988 1 1 1 1
19269 6 3870 545 544 207 207
26457 1 21879 3 3 2 1
16049 4 31756 13 11 3 3
26279 5 6146 9 9 403 392
31974 5 6146 47 47 6172 6160
22137 5 3531 4 4 308 286
15837 1 15836 1 1 2 2
3895 0 3721 8 8 1903 1868
23820 6 25420 236 232 22 21
23820 6 11103 799 794 100 99
28203 4 29473 1645 1641 115 115
2999 1 36067 1 1 1 1
11766 5 10754 20 20 3082 3063
40880 0 10330 22528 22528 13002 12997
29695 1 25945 1 1 2 2
15242 6 5534 4 2 7 5
16017 3 30757 1496 1494 2342 2341
9486 3 6190 1553 1549 187 187
10504 6 36780 4508 4501 74 74
31226 0 17728 3202 3202 17006 16997
8734 1 1538 1 1 2 2
29667 0 249 25 25 1908 1864
7681 0 249 5767 5767 20869 20823
1196 5 12328 170 170 29604 29587
29190 5 2139 25 25 4748 4723
9335 5 2139 3 3 119 95
13338 1 18054 2 1 1 1
19110 4 40436 1248 1248 95 95
1935 0 7945 6 6 1551 1529
1104 0 7945 4 3 900 879
32001 2 3539 2090 2090 23629 23628
7118 0 3978 18 18 797 776
27765 0 206 17535 17535 29453 29422
16624 9 15794 2 2 1 1
1966 4 24890 2073 2071 245 245
31338 0 8266 24 24 690 686
40221 5 73 1 1 208 153
3410 4 40221 912 911 55 55
29650 5 73 179 179 28202 28143
4984 0 73 4 4 101 91
7890 1 8556 9 5 1 1
32343 0 7890 17 17 10710 10693
4686 0 9935 4244 4244 13735 13719
1690 1 5111 17 4 1 1
23282 0 1690 5 4 33 23
10335 1 2363 2 2 6 1
19856 1 15917 3 2 2 1
15168 1 35514 2 2 1 1
40881 0 9334 26649 26649 13271 13266
28253 1 28252 2 2 2 1
11736 1 678 1 1 3 1
12371 1 20336 8 4 2 2
26039 1 31200 16722 16722 31453 31453
39168 1 23614 1 1 1 1
20692 1 21524 3 2 2 2
24359 1 36592 1 1 3 2
6740 1 6335 4 2 2 2
38194 0 6335 18479 18479 18136 18136
5315 0 18408 31530 31530 33225 33225
11605 4 40002 214 214 332 332
12921 1 24570 10 1 3 1
21374 1 12921 2 1 5 1
5134 2 4633 1 1 12 1
35877 0 85 4 4 400 166
23185 0 85 5 5 3517 3277
40756 0 85 5 5 12215 11968
26136 1 26135 1 1 2 2
37633 0 20754 38524 38524 32741 32740
40883 0 1222 107 107 12535 12522
40904 0 1222 175 175 13087 13073
19190 1 22874 2 1 4 1
14563 2 35454 6277 6275 285 285
12530 1 5329 1 1 3 2
37793 0 425 853 853 14127 14107
7112 1 21005 1 1 4 1
13785 6 30026 1021 1020 3104 3104
30892 1 27200 1 1 2 2
22309 1 11345 2 1 9 2
652 1 11489 6 2 2 1
21523 0 5914 14831 14831 26439 26435
19459 1 8641 1 1 8 5
103 0 9917 1532 1532 5007 5006
34367 1 30925 1 1 2 1
39210 0 36049 33383 33383 33739 33738
27244 6 22681 59 58 38 38
12608 4 21734 46 43 5 5
31281 1 6359 3 3 7 2
40153 0 6359 18796 18796 36710 36702
28257 1 28256 2 1 5 4
3741 6 11977 4 2 4 1
8455 0 14334 556 556 897 896
11170 1 606 5 2 2 1
9097 4 33963 707 706 283 283
15436 1 15435 2 1 1 1
9201 1 9200 1 1 2 2
6058 0 5378 10 10 347 333
5378 1 9054 15 12 7 2
24455 0 7235 2532 2532 29041 29036
40886 0 36491 20062 20062 14973 14972
27948 0 29072 17694 17694 22209 22205
2574 1 10949 3 1 3 1
15184 1 36822 2 2 2 1
17033 1 208 1 1 2 1
5633 0 4663 594 594 17366 17350
23779 0 17423 20548 20548 31330 31326
31140 0 1615 304 304 1473 1468
25999 1 31140 3 3 2 1
29071 0 25203 2645 2645 18755 18752
4929 4 37085 355 349 54 54
11962 4 5667 6 2 1 1
14732 6 18907 8595 8594 6759 6759
4582 0 23340 39053 39053 26399 26395
2940 0 23340 1135 1135 3880 3877
6093 10 24981 3 2 1 1
14001 0 36202 22755 22755 4688 4688
37407 0 19919 283 283 3832 3829
28934 0 6210 26 25 295 292
13298 1 26814 2 1 2 1
12356 1 20726 2 1 1 1
11679 7 15652 278 272 10 9
18992 0 780 237 237 19720 19712
12696 0 1750 6050 6050 18800 18798
22477 1 2282 7 2 2 2
17701 4 36065 13 13 3 3
20641 0 36866 27439 27438 39991 39990
31601 0 1352 7061 7061 22865 22859
36144 0 28533 2054 2054 3460 3460
22400 2 2183 1 1 52 21
39117 2 5348 47 46 123 121
12905 1 5832 3 1 2 1
16355 1 22399 32928 32923 25531 25531
8334 2 35737 7823 7823 14812 14811
13347 0 26570 12 12 63 61
40889 0 34949 12257 12257 9067 9067
12551 0 7485 351 351 501 500
3154 1 27514 4 2 1 1
35950 0 20760 2149 2149 18576 18571
20760 0 25127 10303 10303 8133 8132
23933 1 23098 2 1 3 1
12685 6 19180 597 591 92 92
12358 2 4168 33 33 223 213
7700 2 4168 2 2 40 31
35674 0 16517 26720 26720 24563 24562
6813 1 5175 2 1 1 1
7375 1 7374 3 1 2 1
40890 2 23906 36809 36809 11556 11556
21948 4 38918 3957 3957 7220 7220
17500 9 17499 1 1 1 1
6759 1 21078 2 1 2 1
11196 0 24534 16644 16644 23440 23437
16734 7 13678 18076 18073 12 12
865 1 17946 11 2 1 1
1821 6 39122 22327 22313 1201 1201
11630 1 31896 2 1 1 1
7284 1 17756 3 2 1 1
26770 5 6829 5 5 81 75
37565 1 22789 1 1 2 1
11926 1 11925 6 2 2 1
27446 1 22702 1 1 2 1
13999 0 37238 152 152 234 233
2050 6 30438 18998 18998 28298 28298
21493 0 24309 2947 2947 5775 5775
40891 0 13449 7051 7051 11361 11360
15390 1 38904 77 76 6 6
33146 1 2101 5 4 10 2
17987 3 17986 5 3 2 1
29746 3 17987 1 1 2 1
2692 0 10487 305 305 196 193
32902 1 29338 1 1 3 3
14511 6 11512 697 690 25 25
6117 1 683 1 1 7 1
25817 0 40019 11719 11719 15383 15383
39730 4 31900 7901 7901 7429 7429
14912 3 19439 6 3 1 1
34332 4 1842 135 131 57 57
29957 5 8285 10 10 307 303
8398 4 40398 3939 3939 9213 9213
13141 4 36356 76 64 3 3
24146 1 36079 2 1 1 1
12197 1 24146 5 2 1 1
8973 0 15567 1865 1865 9953 9952
2840 1 18631 3 2 1 1
4993 1 4648 1 1 8 1
15543 4 26788 1552 1552 3265 3265
9926 1 1976 2 1 3 1
40893 0 10088 185 185 12637 12632
18632 0 15264 1473 1472 3748 3745
25930 4 9684 10 5 2 2
39714 5 5407 7 7 1709 1684
31612 1 9688 1 1 3 2
1782 1 1781 2 1 5 1
34009 6 39128 811 808 200 199
25597 0 4132 189 189 2636 2626
16378 0 2054 1 1 163 147
12541 0 2054 42 42 1589 1572
2054 1 17904 37918 37918 39641 39640
18557 9 18725 1 1 1 1
40453 1 28165 1 1 5 3
7231 0 16733 27828 27828 28616 28616
17867 1 14085 2 1 2 1
36201 4 39259 17170 17169 9518 9518
17202 0 12720 19 19 61 52
28053 0 4049 544 544 7830 7817
25593 0 4049 26680 26680 36365 36349
4049 1 28361 4 4 4 2
22873 1 37187 11 4 1 1
37187 0 3391 1789 1789 24511 24507
30984 1 6485 3 1 3 1
12052 1 6794 1 1 1 1
6371 6 13857 6181 6177 439 438
1675 3 3261 6 2 2 1
32329 0 39076 3429 3429 737 737
1788 0 22163 13 13 16 12
8791 1 15310 1 1 6 1
13863 1 15310 8 1 3 1
3838 1 15310 3 1 8 1
36716 0 15310 13152 13152 10488 10488
23303 1 6584 1 1 6 2
9014 0 13840 3151 3151 32848 32843
9501 1 16279 2 1 2 1
9412 1 35482 6 2 1 1
26517 1 352 4 2 14 5
30651 1 30650 3 2 1 1
13606 0 5759 11 11 191 176
24242 4 40495 875 875 1662 1662
3024 1 8489 4 3 12 6
4914 4 5471 115 110 20 20
16649 0 11808 16643 16643 22806 22800
16580 1 16649 2 1 3 1
8882 1 30608 4 2 1 1
24380 6 4034 7 7 53 51
20967 1 38940 31424 31421 19929 19929
38940 1 20967 19656 19656 31595 31592
12345 4 32572 34309 34308 35760 35760
17336 1 6811 1 1 3 1
4393 0 21188 867 867 14824 14822
16082 0 19592 16392 16392 30632 30632
13599 4 38034 887 887 600 600
2399 3 852 2 1 1 1
26551 1 17969 2 1 2 1
19862 1 25685 1 1 1 1
33100 0 23835 194 194 1540 1534
38732 1 16818 1 1 4 2
30257 4 39983 57 57 171 171
2097 1 9439 5 1 5 2
8891 1 8890 1 1 7 5
10946 1 16189 22 19 3 2
23311 5 666 2 2 201 173
7605 1 16736 2 2 1 1
40896 0 23801 726 726 14145 14143
3152 1 34834 2 1 1 1
8027 0 17129 31743 31743 21165 21164
18036 1 23414 2 1 2 1
10896 1 5187 1 1 1 1
29378 0 14065 52 52 670 668
11268 1 18820 32799 32798 35553 35550
10603 3 7644 2 1 2 1
28163 6 33290 216 216 1573 1573
26372 1 2839 3 1 3 1
13731 1 3340 2 1 3 1
30635 1 27499 3 2 4 2
19561 2 12788 11 9 16 14
6316 1 14884 21 19 6 5
14884 1 6316 6 5 21 19
40071 0 542 37 37 1716 1702
24433 1 24432 3 2 1 1
8518 8 19686 171 166 27 27
36028 1 13581 1 1 3 1
23015 1 39472 1 1 1 1
29941 0 8121 128 128 1547 1542
11007 0 39628 6242 6242 7538 7537
38483 1 35975 1 1 2 2
27069 0 17594 661 661 2341 2340
31414 0 21528 101 101 285 282
10966 0 6448 1978 1978 10025 10021
7275 0 36151 188 188 1656 1655
10347 0 12311 232 232 1789 1778
40897 0 15992 11710 11710 14118 14113
29348 1 9181 1 1 6 1
181 4 20452 351 346 13 13
30056 0 13450 2323 2322 8916 8910
13510 0 34706 603 603 3649 3647
9041 1 8986 15 12 5 1
33052 1 6521 1 1 6 2
26934 4 36843 597 597 251 251
2778 1 2777 3 2 1 1
28399 9 24687 1 1 3 3
28399 0 7125 11730 11730 13061 13059
163 1 9522 8 4 1 1
38964 6 15538 9 7 21 19
36295 6 20656 189 189 225 225
7947 1 3044 5 2 8 1
24577 0 6103 593 593 6027 6024
39447 2 955 28 27 530 517
27080 0 35724 12018 12018 13466 13466
18317 0 16471 794 794 3734 3731
40899 0 1371 279 279 12245 12222
35847 0 1371 99 99 1957 1935
32447 6 14556 7 6 63 62
5046 5 5363 4444 4444 29879 29864
31855 0 1378 8 8 12862 12799
19994 0 1378 4 4 123 64
25740 0 1378 20 20 347 286
40676 0 1378 33 33 12531 12469
20832 0 2453 165 165 25804 25751
38637 0 35536 32355 32355 13259 13259
29542 6 38922 105 105 38 38
17578 1 8885 2 1 3 1
40900 0 3668 7087 7087 17157 17149
38879 4 40465 2334 2334 552 552
23645 1 3271 2 1 3 2
10717 1 23392 2 1 4 2
7129 6 37636 128 109 2 2
7129 6 39342 152 132 20 17
22752 1 11603 1 1 3 1
13171 0 2104 6 6 1665 1649
3840 4 25993 14 13 3 3
6976 1 6542 1 1 1 1
6504 0 17314 145 145 1362 1355
1218 1 18913 1 1 1 1
23637 1 22005 1 1 5 5
12259 4 40042 5192 5192 6673 6673
29053 0 31232 14 14 335 331
14841 1 11642 2 1 1 1
12434 1 11406 2 1 2 1
4571 1 19807 3 2 1 1
12516 1 16943 1 1 5 3
9471 1 28564 5 2 1 1
40902 0 30686 3860 3860 11606 11605
215 1 13069 3 1 1 1
28342 4 21955 2770 2770 6060 6060
4050 1 5908 2 1 1 1
10960 0 16571 1764 1764 1380 1379
3343 1 1512 5 2 2 1
15421 1 7039 6 1 2 1
40903 0 23890 19758 19758 12446 12445
18173 1 23932 4 2 3 1
26645 1 11702 1 1 1 1
15117 1 11702 1 1 3 2
7241 1 9423 4 2 1 1
15866 1 20662 2 1 4 1
308 1 23762 4 1 1 1
1602 1 20590 5 2 1 1
7541 1 7540 4 3 3 2
4015 0 32323 2654 2654 1636 1636
36003 2 3957 2 1 10 6
11479 0 4865 941 941 17664 17658
1202 0 14475 327 327 5500 5497
14612 1 19739 3 2 3 1
7024 0 6752 3 3 33 19
32853 0 5203 19022 19022 14539 14537
37253 0 40396 10653 10653 15599 15598
34648 0 16831 313 313 3412 3411
1613 1 3914 2 1 1 1
10826 0 26562 12466 12466 13795 13790
23101 1 12527 2 1 3 2
27830 0 8061 36430 36429 24987 24985
20864 1 6464 2 2 3 1
5262 6 29332 15301 15298 2677 2677
35821 0 16863 38171 38171 35333 35327
13407 1 4967 2 1 2 1
9713 1 18011 2 1 1 1
31393 4 27927 1528 1528 3111 3111
12347 1 13214 4 2 1 1
22063 1 36525 2 2 1 1
37425 0 4766 10846 10846 12305 12305
27152 4 38832 13767 13766 6429 6429
31830 5 24055 9678 9678 36289 36289
15799 6 17609 12 1 1 1
38974 0 621 8742 8742 7529 7528
17241 0 17150 6 6 10 9
2858 4 33960 64 32 1 1
26230 0 10765 265 265 6648 6641
19752 1 19897 3 1 3 1
38731 0 10922 50 50 502 499
30909 6 31031 32740 32740 13123 13123
40907 0 25161 32514 32514 18323 18321
36978 0 692 4 4 303 279
29708 0 692 2 2 102 79
20476 1 6724 5484 5483 15437 15435
40908 0 7921 8780 8780 13356 13356
2443 9 5163 3 2 1 1
12141 1 2443 1 1 5 2
7159 4 32394 148 145 14 14
9995 0 1520 34 34 529 519
3657 1 11758 266 266 2135 2131
687 6 27283 33575 33554 8090 8090
8662 0 716 2 2 318 280
7974 1 3145 2 1 1 1
24517 1 9302 1 1 4 2
7449 0 7095 31185 31184 22262 22262
31989 4 40175 55 55 30 30
40909 0 3338 149 149 11798 11790
19172 0 15730 66 65 1328 1327
15433 6 23550 27446 27443 4842 4842
15869 1 9418 2 1 1 1
27694 3 13419 2 2 3 2
21543 0 14367 25310 25310 15076 15071
5015 4 5256 33473 33466 23199 23199
16016 1 10865 3 2 2 2
2379 0 14652 1298 1298 1321 1321
40910 0 10662 18349 18349 14647 14639
13388 1 17572 2 1 1 1
38526 0 17405 5336 5336 6362 6354
9889 0 38560 22978 22978 20919 20918
11600 0 13047 6 6 14 6
40912 0 9931 33578 33578 13539 13539
36575 0 34172 39442 39442 32263 32260
19960 6 20910 6311 6310 5020 5020
10868 1 6529 3 1 4 1
25398 1 30292 1 1 4 2
13664 1 23487 3 1 2 1
40913 2 1214 23 23 13902 13883
13094 2 1214 3 1 22 4
16437 0 26208 34977 34977 40283 40281
22757 1 22756 1 1 2 2
40260 0 26108 7 7 24 22
32735 0 5654 11 11 17 14
3447 1 9780 7 2 2 1
14404 1 3447 2 1 5 1
7985 1 4209 1 1 4 1
40915 0 10407 3939 3939 8943 8943
6851 1 6468 3 2 2 1
15604 3 4192 34291 34291 5318 5318
9074 0 2243 1034 1034 1135 1134
16945 1 27937 1 1 1 1
37937 2 17319 3 2 22 19
17444 1 7040 2 2 5 4
24542 0 21434 7146 7146 6261 6260
19654 0 38248 17462 17462 7503 7503
40916 0 25194 28744 28744 11609 11608
3512 1 1507 3 1 1 1
35515 4 5683 1158 1158 1499 1499
26598 1 13630 1 1 1 1
3815 1 39428 3 1 2 2
4037 0 16708 3 3 26 22
29698 0 8868 434 433 5418 5417
15051 1 14230 1 1 6 2
1006 3 17460 2 1 3 1
20944 1 2415 7 5 4 1
9847 3 11802 13532 13525 93 93
19964 4 40677 17684 17681 727 727
23100 1 23574 2 1 1 1
21645 1 16026 3 1 3 1
3046 0 140 12942 12942 31797 31790
1732 6 23260 14 1 1 1
29279 4 22476 13 13 6 6
21641 0 8412 1724 1724 3131 3130
40283 0 13935 42 42 1773 1770
20075 1 5623 2 1 1 1
32173 0 25942 490 490 3828 3825
17114 1 9438 1 1 2 1
33419 4 28271 223 221 9 9
40917 0 5681 34927 34927 19887 19886
15907 1 15906 2 2 5 2
15906 1 26088 2 1 1 1
14098 4 39569 1072 1070 239 239
4725 1 3135 2 1 3 2
24645 1 21259 1 1 1 1
22111 1 25386 1 1 1 1
11499 1 5619 2 1 3 1
3068 1 3431 4 1 1 1
7765 1 7764 2 1 4 3
11813 1 30361 11 3 1 1
13330 1 4080 3 2 1 1
40919 0 27595 36868 36868 16739 16738
26579 0 27595 1503 1502 2671 2671
20569 1 7364 2 1 5 1
27835 1 30774 1 1 1 1
2212 6 39573 4614 4614 964 964
29644 1 22647 1 1 2 1
28102 1 13943 1 1 2 1
39806 0 4094 37974 37974 22813 22813
11333 0 1873 77 77 1081 1072
7708 1 7707 2 1 4 3
20826 6 37122 76 75 54 54
35116 1 2058 1 1 5 1
4697 1 3858 2 1 4 2
11455 4 7090 117 113 26 26
40921 0 10175 858 858 10811 10805
38431 1 28014 1 1 1 1
12033 1 19844 1 1 1 1
5245 0 33893 18508 18508 34851 34851
34222 0 38513 31954 31954 4680 4679
8695 1 8694 4 4 6 3
3104 1 3103 1 1 2 1
15438 1 11384 1 1 4 2
31721 1 24228 2 1 1 1
2370 4 3245 58 38 3 3
8754 1 6098 3 1 2 1
8754 1 4244 4 1 4 2
18988 0 27345 23715 23715 3474 3473
40923 0 13663 234 234 9761 9740
11049 0 722 7889 7889 10665 10657
38784 0 6570 28 28 2204 2189
16141 4 16183 6 4 3 3
496 1 32512 4 2 1 1
37743 1 14493 1 1 2 1
5090 1 38941 6 5 1 1
34217 1 30032 2 1 3 2
16865 1 8774 1 1 1 1
26008 1 24248 2784 2782 28 28
37763 1 3707 1 1 2 2
22457 6 34682 10 10 9 9
33138 1 11811 2 2 1 1
25767 4 33687 1142 1142 2759 2759
13958 4 28025 13 5 8 8
656 1 37010 3 1 1 1
10583 1 2117 6 2 3 2
20736 1 17537 22612 22612 24311 24310
10184 0 28333 973 973 1768 1764
38142 0 26564 39941 39941 36456 36456
3096 4 25112 60 52 9 9
15613 0 15381 22278 22278 26034 26030
22584 1 12684 1 1 2 1
10350 1 13671 4 2 2 2
7514 1 25165 12 10 1 1
25852 1 20593 1 1 2 1
14893 0 27550 36369 36369 39435 39435
22787 1 22786 1 1 2 1
5300 0 27067 2317 2316 9239 9239
622 0 8078 1104 1104 1030 1019
24444 8 33475 10738 10738 8379 8379
35002 0 19318 779 779 9585 9583
5466 0 115 865 865 8991 8975
19843 0 2682 3 3 5 4
22395 0 5140 10531 10531 20233 20229
20504 0 11647 269 269 10451 10442
11184 4 27448 12005 11996 195 195
33563 0 18375 37733 37733 18231 18231
19846 1 18645 28945 28943 24223 24222
23722 0 20561 39639 39639 23986 23986
36869 1 18872 1 1 6 1
1358 1 1357 3 1 2 2
13443 1 1717 2 1 3 1
9968 1 13305 1 1 5 1
6222 1 29825 4 3 2 1
19156 0 89 17607 17607 29265 29248
28882 9 3696 3 3 1 1
40924 0 22072 14034 14034 14056 14052
30066 1 7387 1 1 4 3
15533 0 7387 7 7 44 38
6506 6 39335 689 682 7 7
29368 0 40057 19419 19419 38571 38571
27225 6 33459 159 152 11 11
34773 0 34386 1058 1058 4557 4555
40449 0 1803 7253 7253 13907 13899
21774 6 9252 9262 9262 16349 16349
18483 1 17730 2 1 1 1
18247 1 33545 1 1 1 1
38623 0 5839 10592 10592 30278 30273
4359 1 29197 2 1 2 1
29197 1 13612 1 1 3 2
27198 1 6242 1 1 6 1
27447 1 4053 2 1 4 4
13806 1 28087 1 1 3 2
40925 0 19888 1579 1579 11599 11599
9983 4 21913 459 457 59 59
20348 0 11447 14 14 31 31
38036 0 1666 30772 30772 26081 26069
32679 0 34089 8888 8888 9710 9710
35965 4 17251 12 12 59 59
18481 6 27900 1529 1529 788 788
37628 1 32564 2 2 2 1
4466 1 21189 1 1 1 1
640 1 7220 1 1 2 1
24070 0 18975 7379 7379 16956 16954
2758 1 22165 3 2 3 2
4556 1 9927 2 1 4 1
40353 0 10745 606 606 17117 17112
19632 1 35311 2 2 1 1
39784 1 31199 1 1 2 2
4594 0 5891 100 100 1386 1382
4491 0 19288 730 730 916 914
30729 4 33668 1230 1230 6165 6165
34985 0 3925 4224 4224 24897 24893
28487 1 7168 1 1 6 2
26416 1 36198 2 1 1 1
34811 0 1272 2059 2059 18460 18442
3263 1 2390 1 1 7 3
11689 0 15537 9819 9819 33438 33435
28752 0 4416 53 53 418 417
27422 0 8663 458 458 6258 6256
5643 1 3754 1 1 2 2
11366 1 26527 1 1 2 1
24792 1 893 1 1 2 1
6657 1 21399 1 1 1 1
18566 1 6657 1 1 2 1
39413 0 5325 10 10 4095 4069
11969 1 26616 3 3 7 6
36488 1 6245 3 3 5 1
11151 1 17991 2 1 4 2
3136 1 16161 4 3 2 1
30980 0 3884 22886 22885 37201 37196
30250 1 32816 3 1 1 1
4638 1 29948 1 1 1 1
27855 0 9636 13498 13498 3892 3892
22777 1 35880 3 1 2 2
3901 1 1387 4 3 1 1
22243 0 13777 14 14 25 16
5542 1 30223 5 2 3 2
38033 0 20954 8586 8586 4099 4099
29753 0 15565 874 874 4978 4970
29266 4 13537 9368 9368 13800 13800
1937 6 25054 16799 16796 5144 5144
21124 0 14843 15292 15292 24935 24932
40927 0 290 45 45 11883 11837
31744 4 8674 139 138 34 34
40127 0 2558 8899 8898 21254 21239
2529 4 12558 35 28 5 5
7694 1 33571 4 1 1 1
22610 0 27194 40 39 1368 1363
30249 0 6066 14399 14399 31816 31815
658 0 13432 893 893 238 232
40928 0 9369 11643 11643 11992 11991
38434 0 9010 37247 37247 14803 14802
30241 6 28445 14 11 3 3
35998 1 12005 1 1 3 1
37809 2 18294 11564 11563 3616 3614
11424 1 34792 8 1 2 2
35840 0 11072 11148 11148 18287 18282
28978 1 22902 1 1 2 2
11576 6 38596 74 72 15 15
1930 4 36216 795 788 10 10
7939 1 10211 3 1 2 2
28794 4 27413 31 31 29 29
5741 0 1817 15296 15296 14123 14123
5741 6 31343 59 56 6 6
19214 6 3845 22 18 25 24
23468 1 1116 3 1 3 1
19251 1 13436 2 1 8 4
30832 0 17008 31903 31902 11777 11777
10086 1 10085 1 1 3 2
20123 1 21785 2 1 5 2
29801 1 16682 1 1 5 1
2714 6 17927 475 431 29 25
3544 6 29062 244 233 13 12
16737 0 2582 3332 3332 2693 2689
37791 0 27732 10 10 49 44
17526 4 11245 1435 1433 340 340
1533 0 604 10525 10525 13933 13922
39727 1 9142 1 1 7 2
13018 3 4849 1 1 2 1
32445 0 36854 359 359 343 341
30065 6 21979 837 837 3144 3141
1742 6 21979 845 845 18360 18356
23039 1 22926 5 3 2 2
32339 1 27741 3 2 1 1
17262 4 33581 3368 3367 1804 1804
26419 1 3896 1 1 1 1
2404 6 17683 62 60 3 3
33189 0 14812 1494 1494 9013 9009
26452 9 7754 11801 11801 6137 6136
19015 1 28438 3 1 1 1
12913 1 9397 1 1 4 2
40931 0 27727 4691 4691 13060 13059
1419 1 22014 1 1 1 1
22075 4 35020 136 135 26 26
14470 4 37913 65 64 61 61
28719 0 7960 13296 13296 8811 8811
8597 1 843 1 1 1 1
14278 0 7240 33 33 7969 7952
2970 0 8651 856 856 1108 1107
17407 6 4098 1650 1649 212 212
15599 5 6014 783 783 9189 9186
23298 0 37796 40 40 58 56
23743 4 1839 2191 2187 445 445
9242 1 9241 2 2 4 2
40932 0 8840 3149 3149 11843 11836
20097 1 39891 5 2 1 1
28366 1 34247 3 2 1 1
23644 0 37462 14826 14826 11566 11566
9572 9 9571 3 3 1 1
30724 1 28310 1 1 2 1
18933 4 6687 31 29 109 109
17759 0 2861 61 61 101 93
40933 0 15371 12629 12629 11990 11986
38707 1 6267 2 2 2 2
4208 1 4207 1 1 2 1
15219 1 38553 4 3 1 1
23158 4 15716 416 416 1180 1180
21950 1 27256 2 1 2 1
34499 0 3934 625 625 2327 2324
35578 1 3227 1 1 3 1
7908 1 6243 20 13 7 6
1914 6 14604 967 944 6 6
38010 0 30717 24586 24586 12342 12341
40934 0 22330 29065 29065 15034 15034
36509 0 1481 19764 19764 21130 21129
17630 1 5576 2 1 2 1
16260 4 1174 22 16 10 10
8162 2 27707 664 664 8457 8457
28523 9 16965 1 1 1 1
40935 0 16658 29269 29269 14893 14890
25614 0 86 16 16 109 106
18620 3 6300 2 1 2 1
10303 0 1380 94 94 203 188
37033 0 20187 7330 7330 8454 8453
26386 0 18443 4247 4247 22712 22711
38926 0 5480 7520 7520 15764 15763
29831 0 12577 7 6 26 19
15782 0 21097 8989 8989 26872 26869
22438 1 8094 1 1 3 1
40936 2 3999 17 17 14167 14127
1838 0 11464 14095 14095 29308 29306
14405 6 31106 5339 5336 161 161
38576 6 23883 1343 1343 4400 4400
17088 4 35425 2882 2882 2497 2497
849 10 13402 3 3 1 1
31905 1 5241 2 1 3 1
5409 0 9991 1006 1006 5613 5611
7245 0 31986 15694 15694 17567 17566
34983 1 16742 1 1 2 1
10762 1 12714 3 1 1 1
10953 0 273 46 46 402 387
26769 0 1194 4 4 30 28
12790 6 38666 38 37 70 69
20833 0 14547 16485 16485 29288 29288
31477 0 20633 54 54 350 348
25922 1 17748 3 1 3 2
35874 0 3549 6 6 84 69
24436 1 2798 1 1 1 1
25966 1 11230 2 2 3 1
16275 1 18980 2 1 3 1
7862 4 17841 4 1 5 5
12959 0 12265 11772 11772 14164 14164
40938 0 25310 18971 18971 15738 15736
35627 0 3269 116 116 392 389
18098 1 22245 7 2 2 2
35614 0 5846 3 3 46 16
29207 1 24456 2 1 4 1
1048 1 24443 1 1 2 1
22767 5 6095 33 33 3288 3285
12231 0 16476 2 2 14 8
19496 1 30112 1 1 4 1
40940 0 7382 641 641 10572 10569
8838 1 20614 2 1 2 1
30101 1 30632 3 1 3 1
9830 1 34527 2 1 2 1
40941 0 13946 3145 3145 12608 12606
28643 0 11339 20244 20244 33603 33599
13847 1 14386 1 1 2 1
27260 1 35256 2 1 2 1
35120 4 33416 17 15 13 13
6728 1 6727 11 3 1 1
