1678 7 40551 15260 15054 1 1
1678 7 18056 287 155 1 1
1678 7 30089 24098 23863 1 1
1678 7 36781 12660 12475 1 1
1678 7 18000 135 23 1 1
1678 7 9202 272 141 1 1
1678 7 26036 25817 25581 1 1
1678 7 35669 13642 13451 1 1
1678 7 40887 15933 15723 1 1
1678 7 38204 12989 12803 1 1
17935 9 35175 8213 8213 4151 4151
785 8 10116 6214 5955 1 1
785 8 37575 13061 12753 1 1
785 8 21817 23510 23083 1 1
785 8 18729 416 198 2 1
785 8 12268 34871 34408 1 1
785 8 29200 39480 39009 1 1
785 8 23537 31668 31216 1 1
785 8 6770 7136 6872 1 1
785 8 1493 3488 3246 1 1
785 8 28822 23595 23166 1 1
785 8 15703 969 745 1 1
785 8 8245 39312 38842 1 1
785 8 36761 19379 18970 1 1
785 8 155 7265 7000 1 1
785 8 39420 13985 13665 1 1
785 8 38749 16719 16348 1 1
785 7 11761 7825 7819 25 25
16176 4 33688 14883 14881 946 946
18671 0 11241 27660 27660 35510 35497
19621 0 11241 3396 3396 29807 29795
15582 0 4030 563 563 25758 25731
25033 0 4030 1 1 19 1
31351 0 4030 411 411 25538 25512
19165 0 2969 34094 34094 28570 28566
21012 1 19165 50 48 1 1
16748 6 29001 2 1 4 2
31740 0 1183 1 1 21 1
26184 1 32091 1330 1328 6926 6926
32091 1 26184 7073 7073 2915 2913
4194 1 6975 1 1 1 1
6975 1 3569 9882 9881 31311 31306
15602 0 4367 1352 1352 26840 26816
6546 0 4367 32429 32429 37920 37892
24512 1 24859 1 1 1 1
33182 0 5053 935 935 14909 14907
5945 6 10270 406 403 16 15
5109 0 22368 30597 30597 30378 30375
20774 0 8060 4546 4546 31649 31649
12274 1 9268 1 1 1 1
12842 1 15886 23237 23234 31897 31896
13394 1 3789 165 164 1 1
13394 0 3459 34663 34663 36202 36193
38200 3 8055 76 76 8613 8611
36698 0 586 58 58 10644 10583
13143 0 586 12784 12784 27831 27757
7684 1 586 3 2 9 4
586 3 772 210 203 48 47
586 3 3510 5779 5770 1 1
586 1 11276 11 5 51 50
38212 2 121 1 1 16404 15936
34053 2 121 1 1 13823 13405
21130 2 121 1 1 857 566
22680 2 121 1 1 10370 10008
33440 2 121 1 1 17131 16651
37929 2 121 1 1 15715 15260
25514 2 121 1 1 2509 2181
31531 2 121 1 1 28057 27549
15287 2 121 3 3 21594 21093
30007 2 121 2 1 366 105
33594 2 121 1 1 16356 15891
31050 2 121 2 2 24251 23747
10443 2 121 1 1 1431 1128
13776 2 121 1 1 3804 3460
28371 2 121 1 1 1551 1243
25046 2 121 1 1 963 670
29285 2 121 1 1 371 108
29029 2 121 1 1 7030 6675
39017 2 121 1 1 14495 14059
36587 2 121 1 1 14858 14417
29042 2 121 1 1 23645 23142
20341 2 121 1 1 1746 1430
33915 2 121 1 1 13643 13228
14588 2 121 2 1 243 8
121 6 39924 11791 11787 39561 39561
40757 0 1311 26835 26835 14809 14794
40804 0 1311 27623 27623 14288 14274
1311 0 896 33197 33197 21844 21841
18270 1 18269 5 3 1 1
13049 0 4990 19 19 694 676
36351 0 4990 5495 5495 17139 17119
29179 1 10971 7754 7754 3110 3110
23886 0 6769 77 77 540 539
30612 0 4411 28849 28849 24911 24910
14866 0 3633 2079 2079 9983 9981
35748 0 11399 480 480 15124 15118
31413 0 15186 2790 2790 25700 25698
20145 0 11015 9882 9882 32299 32298
40728 5 914 2 2 17842 17607
28450 5 914 1 1 10309 10115
7848 5 914 1 1 329 187
35945 5 914 2 2 16516 16289
25546 5 914 1 1 641 493
38155 5 914 2 2 11956 11757
36490 5 914 2 2 15155 14934
31958 5 914 7 7 7514 7326
16022 5 914 3 3 21751 21508
1595 5 914 1 1 291 151
5734 1 377 29057 29055 39030 39029
22785 0 5734 17170 17170 28998 28997
1255 6 24915 590 590 741 741
14244 1 11981 1 1 7 4
19390 0 4369 683 683 3933 3923
15364 0 4369 2847 2847 21676 21658
6533 0 4369 26103 26103 9643 9631
20079 0 4369 102 102 24578 24557
3634 1 4369 2 1 1 1
10990 1 4301 20107 20102 2884 2883
16398 1 2783 1220 1219 6614 6607
2783 1 1316 12 7 6 3
31737 0 16660 2 1 12 1
40758 0 6286 19722 19722 13222 13210
36771 0 6286 19130 19130 11559 11548
23301 0 6286 491 491 862 857
6286 1 7865 2774 2774 31815 31813
40759 0 45 28104 28104 15934 15932
45 1 44 291 280 1 1
30663 4 40225 9879 9879 35673 35673
14235 0 20549 10 10 8011 8008
20549 1 8731 5 4 5 2
15727 0 20842 10939 10939 23215 23214
28017 0 10090 1176 1176 27249 27237
40795 0 10090 3346 3346 11594 11586
32851 1 11382 1076 1076 4127 4126
21858 0 14369 24163 24163 1602 1601
34003 0 20650 1086 1086 15541 15540
5656 1 624 27893 27892 29759 29754
624 1 34337 10050 10046 30825 30825
32035 1 33317 17637 17637 22110 22110
6074 0 11052 6888 6888 29182 29182
6074 1 6073 2 1 1 1
31355 4 35983 11397 11396 7021 7021
10203 0 23680 31576 31576 35907 35907
34114 4 1598 33563 33562 9836 9836
15430 4 617 17 4 2 1
617 6 23164 3873 3861 28 28
40760 0 3796 19581 19581 16713 16704
40898 0 3796 19577 19577 17373 17363
27089 0 25460 25141 25141 17592 17587
38920 0 20791 38549 38549 11248 11248
26740 0 15987 5300 5300 33976 33971
26740 5 4475 38 38 3848 3838
33592 0 3640 31 31 17636 17568
21749 0 16741 20189 20189 13110 13110
40287 6 21134 21483 21483 14539 14539
14022 1 6297 46 43 1 1
14504 1 14022 638 638 11328 11324
40761 0 448 63 63 14432 14408
23685 1 146 27625 27624 20236 20235
24780 0 39997 10453 10453 21810 21810
40762 0 1763 6901 6901 12500 12497
6572 1 6944 966 962 1182 1180
6944 0 1701 40884 40884 39236 39229
4031 1 9327 4223 4217 2149 2146
37067 1 10473 1079 1079 10889 10888
23647 0 1338 2 1 19 3
23277 0 13709 4199 4199 9195 9185
3947 0 12235 70 70 1618 1614
12250 1 12717 39274 39274 40567 40567
271 6 40026 17147 17119 30 30
14931 1 36099 19412 19410 4165 4165
36099 1 14931 17111 17110 19373 19371
36099 1 27949 7417 7417 19567 19566
14576 5 2971 12 12 4512 4472
13484 5 2971 34 34 31002 30939
7443 1 25067 3527 3524 1085 1084
16880 0 18633 38929 38929 38223 38217
16881 1 16880 1 1 1 1
17282 0 228 18 18 6347 6297
33871 0 228 161 161 15611 15543
40763 0 987 18611 18611 16679 16674
20046 0 4696 25221 25221 33993 33986
8415 2 7033 46 45 335 332
15870 1 18392 1 1 2 1
25017 9 18392 1045 1045 22866 22866
3787 1 8742 5427 5426 9395 9391
23980 0 3787 39044 39044 39473 39456
8742 1 19068 60 57 226 221
11482 1 10803 3 2 1 1
2901 0 30222 32824 32824 26127 26127
10757 0 3459 38823 38823 27834 27826
26302 0 3459 3999 3999 18570 18563
10581 4 27666 3919 3919 6750 6750
11449 2 6220 24957 24956 3617 3611
258 6 35861 17433 17429 1242 1242
25183 3 11235 35910 35910 21572 21572
15107 1 15106 1 1 1 1
20809 4 32820 22323 22308 245 245
20809 4 32206 26408 26391 1065 1065
4981 1 17073 45 43 431 430
16542 0 4523 35579 35578 36124 36122
40894 0 16542 19407 19407 17792 17790
10161 1 10160 1 1 9 7
10160 0 15134 17396 17396 7575 7572
26185 1 15249 1 1 1 1
1771 1 1770 38 34 1 1
1771 1 9610 27663 27657 10741 10738
1771 1 36226 10501 10496 21114 21114
24128 0 8842 45 45 1109 1108
26157 1 31405 31999 31998 23625 23624
31405 1 31404 1 1 1 1
6096 1 29574 37528 37525 40907 40907
31306 6 34770 14680 14680 20787 20787
65 9 439 1 1 1 1
9078 1 23938 24 23 1 1
10215 0 5164 26239 26238 29406 29396
1559 8 14508 523 515 22 21
1559 8 25902 6205 6192 7 7
23501 0 1668 4462 4462 23062 23001
20112 1 27611 24094 24094 35350 35350
29717 0 30926 22396 22396 17884 17883
40020 0 17095 38728 38728 17496 17496
23138 0 1929 452 452 29236 29011
38723 0 1929 14 14 18732 18522
27757 0 1929 4 4 10010 9851
35086 0 1929 14 14 18287 18081
20750 0 1929 1 1 301 181
38906 0 1929 14 14 18795 18583
18333 0 1929 1 1 226 114
15970 1 3369 1 1 3 2
8306 2 25327 8 7 15 12
25327 5 3250 423 423 34860 34848
32633 1 5596 1 1 233 230
30166 0 5644 5427 5427 23246 23230
3771 0 5644 310 310 22066 22051
36968 0 18425 19885 19885 11150 11149
4765 1 4764 1 1 234 230
17970 0 4765 37702 37702 39780 39775
13604 2 251 3 3 206 201
37309 0 30216 38782 38782 9376 9376
38488 0 19873 1478 1478 9009 9009
21703 2 1136 5 4 1665 1619
37709 2 1136 4 3 15344 15282
29422 2 1136 3 2 97 55
34900 2 1136 4 3 14671 14613
4319 2 1136 1 1 182 139
35289 1 33808 13654 13654 15952 15951
7560 1 5488 19832 19831 10180 10176
40937 0 5488 38954 38954 15111 15109
13163 0 5488 528 528 1179 1179
3087 1 18847 1 1 1 1
27819 0 3087 39803 39803 27847 27831
29206 1 25712 16674 16673 3467 3467
4485 0 608 1 1 1061 855
4485 1 4213 1882 1879 1569 1566
2562 0 608 2 2 15318 14999
40838 0 608 1 1 16291 15966
14223 0 608 1 1 3376 3161
9757 0 608 4056 4056 40932 40531
21406 0 608 71 71 37850 37458
20006 0 608 4 4 6104 5883
1328 0 608 9 9 21728 21383
30256 0 608 4 4 31841 31466
28595 0 608 2 2 24346 23992
40884 0 608 1 1 14913 14597
33590 0 608 1 1 15069 14752
40777 0 608 1 1 14608 14301
39245 0 608 1 1 13976 13673
40785 0 608 1 1 16967 16637
40793 0 608 1 1 12955 12671
40814 0 608 1 1 19106 18772
7793 0 608 47 47 29805 29435
37242 0 608 1 1 11898 11634
40830 0 608 2 2 18456 18123
40764 0 29777 3651 3651 16838 16837
13128 0 959 27796 27796 39268 39237
35052 0 959 1602 1602 14298 14280
14092 1 7130 30641 30640 9897 9896
40765 0 18 4940 4940 15505 15505
37609 0 25129 14623 14623 20686 20682
3268 1 10028 1849 1848 647 645
40766 0 35564 9782 9782 12223 12223
15729 1 12999 11 9 2 1
12999 1 15729 4 2 16 14
35258 4 25396 19478 19478 15798 15798
38187 1 29741 3041 3041 9540 9540
38187 0 2275 491 491 19222 19192
40767 0 15247 2241 2241 17394 17391
27131 1 17012 1 1 1 1
15936 0 23068 23099 23099 31191 31189
7803 1 13968 556 554 547 545
13968 1 7803 438 436 280 278
40572 0 32910 28089 28089 15016 15015
39830 0 32910 27810 27810 17308 17306
14004 0 25065 145 145 539 537
25065 0 4789 331 331 26909 26907
32733 0 248 8736 8736 22356 22346
10121 0 248 25656 25656 8797 8793
30194 0 7722 30933 30933 33234 33222
23606 0 4877 603 603 1110 1105
32247 0 4877 31 31 8012 8004
30622 0 2318 5 5 2620 2534
26982 0 2318 183 183 9770 9669
9320 0 2318 13 13 7941 7842
26224 0 2318 160 160 22656 22533
18713 0 2318 51 51 36364 36233
38875 0 2318 32 32 11669 11565
3443 1 12083 40466 40465 40443 40442
13887 0 3443 614 614 5017 5011
18271 0 3443 670 670 22078 22070
4423 0 24850 1 1 4 3
1038 4 13190 285 160 1 1
1038 4 40447 16162 15991 1 1
1038 4 33781 11631 11475 1 1
1038 4 31677 208 92 1 1
1038 4 7455 395 265 1 1
23751 4 8080 40442 40440 7519 7519
8080 4 23312 10531 10528 668 668
25625 5 2176 7 7 26497 26406
24036 5 2176 9 9 1499 1457
18415 5 2176 8 8 28326 28231
29637 0 28168 37869 37868 36890 36885
17924 0 7315 30429 30429 9482 9478
13300 0 11301 28712 28712 32532 32522
13300 6 14769 4370 4368 693 692
25115 0 11301 39728 39728 29386 29377
20438 0 11301 21667 21667 6024 6018
37862 0 11301 5497 5497 12705 12697
34851 4 31118 7035 7034 13534 13534
40242 0 24346 8387 8387 16467 16464
26644 1 4985 551 551 19880 19879
26644 1 16054 1172 1171 9267 9266
8110 0 12168 6 6 563 544
36165 0 12168 65 65 17173 17147
22455 6 27199 4337 4337 8368 8368
7288 1 36878 9859 9859 40719 40719
19322 5 7288 152 152 29819 29805
40768 0 1784 407 407 15362 15329
15769 0 1784 165 165 5032 5014
40438 0 1784 382 382 15634 15600
40839 0 1784 396 396 17760 17724
27441 0 25270 4770 4770 4649 4649
25270 0 6354 17634 17634 23312 23309
12380 1 20717 1943 1942 4467 4466
3729 0 20717 387 387 31694 31683
176 1 25906 40069 40068 34307 34304
25906 1 176 39159 39156 39747 39746
40769 0 10981 7334 7334 12629 12628
24894 0 7247 156 156 57 55
27000 0 7247 20154 20154 9213 9209
17047 0 13439 18094 18094 29618 29618
40770 0 3005 35655 35655 11746 11737
12076 1 3005 266 265 397 392
12740 4 40747 11871 11871 40621 40621
16545 1 14634 27490 27490 22762 22756
4313 1 3457 195 189 1554 1550
1482 0 13752 3259 3259 2037 2037
1482 1 35255 21983 21979 68 68
11251 1 13752 31924 31923 31620 31619
28721 1 22741 1 1 1 1
28721 0 15897 32 32 2650 2648
3761 0 8987 23641 23641 36340 36340
8987 3 23784 1523 1523 2809 2809
7280 1 26118 26954 26953 25591 25590
28912 1 26118 11198 11197 5017 5017
38386 0 1904 5309 5309 11621 11620
6607 1 11157 206 203 75 74
637 6 31616 2374 2351 11 11
637 6 39715 14015 13972 97 97
637 6 14054 1654 1634 5 5
637 6 39536 15043 14999 101 101
637 6 23571 4822 4795 9 9
637 6 40404 16061 16016 99 99
637 6 29851 3572 3546 25 25
5767 4 21704 10 2 1 1
3432 4 7926 20883 20881 3323 3323
3509 0 3407 703 703 5081 5079
13238 0 3407 21940 21940 25783 25780
26647 1 3407 476 475 3622 3618
24287 1 17938 10 9 3 1
36533 9 24287 779 779 7733 7732
17939 1 17938 1 1 2 1
9673 1 8487 3294 3292 21866 21864
7998 1 9673 37763 37760 38882 38879
8487 1 7998 22024 22021 3453 3451
3814 1 3548 21366 21363 20149 20149
23744 0 296 262 262 30858 30707
21505 0 296 85 85 8634 8512
7397 0 296 1 1 357 272
10506 0 296 3 3 417 331
38028 0 296 17 17 12939 12803
12013 0 296 1 1 268 186
15119 0 296 828 828 31723 31571
36945 0 296 19 19 17283 17141
36798 0 51 11 11 15055 14899
38369 0 51 11 11 15035 14880
40705 0 51 11 11 14364 14213
20387 0 51 54 54 26931 26736
40810 0 51 11 11 17729 17554
27837 0 51 1578 1578 37025 36823
5886 0 51 81 81 25528 25334
20051 1 20050 9 8 2 1
20861 1 5558 6 5 8 7
26868 0 6233 24210 24210 23900 23896
26868 1 5872 1564 1562 73 71
37434 0 917 19883 19883 12685 12683
25228 0 917 37224 37223 26832 26829
20402 0 16155 3986 3986 5471 5470
30004 0 2482 17704 17704 35416 35408
18986 0 2482 429 429 24229 24222
39024 0 29467 25299 25299 14536 14535
38724 0 29467 26235 26235 14768 14766
36561 5 129 17 17 10451 10411
1583 0 129 32137 32137 36088 36081
406 1 1287 39605 39603 8657 8648
23997 1 406 1 1 1 1
18173 1 1287 3 1 20 12
40882 0 1287 112 112 15986 15953
332 0 1287 90 90 10522 10499
18612 4 33576 14167 14150 245 245
18612 4 19325 932 923 57 57
12266 4 18612 47 41 1 1
5940 0 532 747 747 6693 6642
1521 0 532 6543 6543 27353 27276
40279 0 532 16 16 12934 12874
30426 0 532 692 692 9077 9025
15231 0 532 11 11 250 204
40771 0 10613 16844 16844 16775 16767
29184 1 22723 2 1 90 89
29184 1 30903 1 1 2 2
6386 0 26454 20720 20720 4011 4008
3277 1 37105 15413 15413 32824 32824
31630 0 33081 20080 20080 26864 26863
33081 0 3606 717 717 26613 26600
1354 1 1353 1 1 199 196
4940 6 40772 16741 16740 2033 2033
4385 0 4940 2944 2944 9065 9058
29446 0 4940 24650 24650 32430 32419
24366 1 7539 1 1 1 1
9683 6 40773 13919 13918 378 378
40773 0 2732 3599 3599 10464 10461
33864 0 13576 22884 22884 18100 18095
28351 1 685 1 1 1 1
35900 3 685 172 172 8959 8957
8053 1 32295 5379 5373 573 572
35212 0 8053 33877 33877 12576 12574
8643 0 1819 40343 40342 36877 36871
7117 1 8643 14 13 63 61
24594 5 1819 1 1 38 21
3210 5 1819 26 26 31449 31411
27467 0 31416 35582 35582 30499 30497
464 1 3675 1 1 87 82
3675 1 12232 141 137 1 1
3675 1 19310 1601 1595 2 1
4006 1 7203 1380 1377 108 107
1307 1 11050 3 2 198 191
10097 6 15251 19565 19565 34831 34831
21168 1 10097 30650 30650 25088 25086
23083 0 26718 7179 7179 5620 5620
21673 0 26120 32957 32957 30733 30732
26120 0 6426 897 897 3810 3806
24650 0 27939 21079 21079 39165 39161
38457 1 9568 1790 1790 19964 19963
27178 0 2497 138 138 26454 26359
31174 0 2497 3 3 22669 22576
19058 0 2497 1 1 50 5
23035 0 2497 554 554 29631 29533
5147 0 2497 27 27 5835 5772
5305 1 1 38 35 1 1
29442 1 5305 1 1 534 531
12784 4 1630 4875 4870 50 50
12784 4 5463 4286 4282 13 13
25315 1 20655 22124 22121 10439 10439
8198 0 20655 4104 4104 4843 4840
20655 1 5129 29903 29902 28517 28513
931 0 2275 47 47 8075 8050
11433 0 2275 114 114 25113 25081
14758 0 9787 16930 16930 34078 34061
36898 0 1686 6538 6538 17919 17913
40774 0 16369 11639 11639 16254 16250
17226 1 10110 1 1 3 2
27870 2 2023 42 42 34087 34033
18478 2 2023 17 17 10709 10673
11490 2 2023 10 10 24033 23983
20278 2 2023 13 13 3626 3596
16554 1 29212 84 82 3 2
29212 0 34093 10863 10863 8327 8327
36825 0 20796 158 158 11915 11912
5335 5 9988 192 192 4864 4863
29725 5 9988 32 32 36233 36230
1864 4 39744 17430 17351 6 6
1864 4 12986 19486 19406 17 17
1864 4 9221 570 516 2 2
1864 0 1703 2 2 27 5
12378 1 3604 2 1 12 9
9895 1 13428 28545 28541 6952 6952
15667 1 15666 1 1 189 187
2507 3 4435 15459 15458 1266 1266
6789 9 2507 1 1 7 6
16918 1 2507 350 346 88 81
20071 4 20803 7902 7899 404 404
20849 1 14778 23513 23511 2840 2840
13053 1 24622 1 1 54 52
40284 1 24622 952 952 9931 9928
19366 0 20234 22812 22812 19248 19247
26315 0 19366 2839 2839 8459 8457
35882 2 2524 13 13 17046 17001
33234 2 2524 13 12 15819 15776
40939 2 2524 13 13 15444 15402
8199 0 15331 38983 38983 35073 35071
19502 1 12706 2511 2510 1423 1423
11732 1 7659 6 5 107 103
29649 0 11732 39660 39660 27853 27845
7659 1 7279 351 346 3 2
12815 4 27688 1270 1250 17 17
12815 4 20570 862 845 5 5
26871 0 2084 18575 18575 18164 18164
4955 6 15531 2 2 12 9
8178 1 11153 24949 24949 26105 26105
2181 6 20785 7658 7643 17 17
2181 6 11583 5035 5022 16 16
23792 0 30977 3076 3076 23057 23053
4102 4 38587 15834 15823 79 79
40775 0 35896 12620 12620 15363 15362
6696 1 21296 26406 26404 8836 8834
21295 1 6696 1 1 30 29
8023 1 21296 21657 21656 7674 7673
3303 0 10707 65 65 3792 3777
17408 0 4099 40767 40767 34143 34142
23226 0 34449 14957 14957 29198 29197
4136 1 4135 331 328 1 1
39465 0 16668 8998 8998 15205 15203
16257 0 23562 4291 4291 9712 9711
4227 6 32367 29743 29740 108 108
40607 0 4227 40189 40189 12166 12164
16679 1 16678 1 1 7 6
1122 9 23212 37009 37008 56 56
23212 0 2918 401 401 11567 11501
7532 1 7531 199 195 2 1
29273 1 14570 1 1 16 13
5949 0 3779 672 672 39118 39063
8913 0 3779 5 5 353 320
23795 2 2580 3 3 79 58
9939 2 2580 2 2 167 143
20115 2 2580 20 20 10098 10063
36622 2 2580 27 27 16680 16641
15250 5 2644 140 140 38682 38667
4951 1 5069 3641 3640 23987 23984
7948 1 8993 17 15 1 1
3755 1 18943 11 9 1 1
18943 1 30961 11796 11795 2271 2271
17857 1 11523 24 23 42 40
6924 4 37669 10803 10788 25 25
6924 4 25551 8333 8321 16 16
30696 4 40310 10474 10474 20025 20025
5259 0 9217 2404 2404 19407 19402
28032 0 5259 25164 25164 32393 32386
20159 4 23395 7150 7149 994 994
17347 4 20159 27631 27629 539 539
3882 4 10151 136 136 1591 1591
8811 0 2340 9584 9584 24875 24872
32387 0 8811 5095 5095 8878 8877
35192 0 2340 28103 28103 12054 12052
19066 6 13595 2577 2573 24 24
2887 0 2938 24458 24458 40536 40533
2887 1 7436 1805 1803 3 1
15497 1 2938 37980 37980 37597 37597
25015 4 28828 2836 2836 1692 1692
21810 4 25015 598 594 20 20
3850 0 160 21953 21953 27452 27411
15553 0 160 23 23 8351 8319
17933 0 160 1561 1561 31501 31459
30234 0 2731 27 27 1799 1778
46 0 14274 773 773 9075 9070
14834 1 16497 1 1 56 54
14834 1 8390 5087 5085 39633 39629
14834 1 5110 40814 40811 40778 40769
40922 0 14834 34033 34033 11982 11980
11673 1 5110 3 2 586 583
29358 0 2687 1 1 18 1
8288 0 2687 32169 32169 26436 26402
33791 0 2687 49 49 20101 20068
33543 0 40596 13252 13251 16870 16870
172 4 7119 18753 18753 22444 22444
35331 5 172 1 1 16043 15753
28580 5 172 1 1 30697 30360
18603 5 172 1 1 36253 35900
36972 5 172 1 1 14754 14474
78 5 172 1 1 907 708
33614 5 172 1 1 12405 12144
35822 5 172 1 1 19269 18959
39121 5 172 1 1 20057 19743
22074 5 172 1 1 6047 5813
20314 5 172 1 1 5613 5381
1118 5 172 2 2 25344 25017
21326 1 23555 9007 9004 7128 7126
2173 6 38083 13270 13258 110 109
2173 6 18659 8573 8562 69 69
33947 4 39713 13908 13908 9413 9413
18377 3 4166 58 58 18591 18588
34858 0 18783 32325 32325 9137 9136
3968 1 5813 4 3 92 88
11261 1 5813 1 1 135 130
5813 1 31835 31547 31541 307 307
36714 0 38851 12000 12000 17836 17836
30857 0 30511 7639 7639 18228 18228
1365 1 15439 4410 4410 25974 25972
39987 0 81 101 101 17643 17600
36104 0 81 103 103 14995 14955
5785 0 26217 1969 1969 35036 35032
19380 0 26217 2832 2832 25537 25534
6787 1 26217 114 112 1 1
16634 0 9747 6386 6386 10765 10752
36078 1 7833 37131 37131 15006 15006
32975 0 9558 36423 36423 30155 30155
32975 1 32002 1 1 1 1
22353 1 15922 6 5 1 1
1604 1 6991 1684 1682 2074 2070
2547 1 14925 1 1 25 23
14212 0 14737 7 7 104 96
4130 0 3621 1676 1676 20 17
24323 0 3621 518 518 5030 5026
3621 0 9758 12 12 849 839
10319 4 33522 14912 14899 36 36
27683 1 39142 17125 17125 16828 16828
16503 1 110 3019 3019 21134 21130
40776 0 5310 3132 3132 12054 12045
25496 0 5310 4366 4365 8249 8241
1913 6 25274 26813 26808 7360 7360
33711 5 19257 61 61 11307 11300
32197 1 22383 17807 17807 22663 22663
23062 1 12031 1 1 3 2
26578 0 239 3 3 2141 2009
19936 0 239 502 502 38337 38076
40929 0 239 9 9 17909 17709
24226 0 239 414 414 35882 35628
20767 0 239 1895 1895 39087 38825
19429 0 239 4 4 4267 4124
32842 0 239 11 11 23655 23438
34670 0 239 9 9 17008 16811
23758 0 239 2 2 3840 3702
13023 0 239 170 170 35624 35372
16182 0 239 53 53 27849 27622
17401 0 239 104 104 37738 37478
34239 0 239 9 9 17583 17384
2069 1 15760 191 183 1 1
22182 1 3014 20494 20492 27590 27589
31096 1 15639 421 419 4106 4102
15639 1 29383 7698 7694 81 80
15639 1 207 6781 6778 2592 2589
13398 0 71 992 992 4948 4903
2736 4 13398 21603 21559 65 65
13398 4 7720 8337 8332 432 432
20939 0 2215 26669 26669 29480 29474
7946 1 1765 2 1 16 15
1947 0 1249 40 40 1221 1198
22728 1 16506 1 1 177 176
34810 9 22728 28333 28333 12810 12810
3254 0 2886 24974 24974 24178 24171
18890 4 37812 17531 17528 592 592
18890 4 28071 313 312 21 21
24803 4 28831 3739 3738 290 290
12939 1 23279 2 1 1 1
13702 1 12070 128 124 1 1
27600 0 7589 55 55 21416 21409
24117 1 1225 1 1 1 1
1110 0 20337 21572 21572 20676 20673
40926 0 20337 35219 35219 17689 17687
354 4 36395 15397 15395 109 109
24159 0 12803 33315 33315 4229 4229
26948 2 3620 77 77 9347 9328
37272 0 7800 37800 37800 13158 13150
23037 4 3762 187 185 2 2
33783 2 1326 5 5 12741 12627
22501 2 1326 2 2 408 343
31495 2 1326 9 9 27027 26891
19086 2 1326 1 1 109 47
38740 2 1326 4 4 10169 10072
38719 2 1326 5 5 15153 15031
36238 0 1326 1420 1420 18626 18617
18160 0 1200 2893 2893 5096 5096
23552 1 10327 23700 23698 8268 8266
40037 0 19153 29675 29675 14482 14481
33552 0 40037 16528 16528 13649 13649
7751 0 3712 37932 37932 40911 40902
7196 0 3712 20755 20755 39241 39234
28826 1 3712 1 1 79 72
26351 6 25426 33292 33292 40802 40802
17946 0 26351 1744 1744 23011 23007
10124 0 25426 30722 30722 25567 25563
6974 6 17672 37910 37909 146 146
19506 1 15393 1 1 15 14
32325 0 17590 33964 33964 34048 34041
40778 2 26169 38906 38906 11758 11758
36197 4 29170 2364 2364 9385 9385
1264 1 22448 6961 6958 24816 24815
40779 2 1646 3 3 12867 12826
40782 2 1646 3 3 12139 12100
40780 0 379 4636 4636 16563 16551
40828 0 379 4726 4726 16022 16011
14490 1 12757 40 40 2955 2952
34243 0 1244 6 6 16420 16164
12545 0 1244 21 21 27218 26932
28964 0 1244 7 7 9214 9000
4871 0 1244 1 1 152 9
17807 0 1244 2 2 534 368
14487 0 1244 2 2 230 81
40781 0 4921 20404 20404 17776 17774
9372 1 1508 1 1 2 1
2261 4 19476 21 8 1 1
2261 4 18565 19 7 1 1
5771 4 39949 17262 17254 479 479
13951 1 3521 3227 3225 24563 24559
18299 1 274 52 51 977 971
15954 1 34113 17781 17778 2676 2676
17141 0 21055 20535 20535 33909 33905
13878 1 26428 461 459 1 1
35918 0 391 349 349 11951 11950
39002 1 39001 14454 14454 10179 10179
4532 1 26446 27056 27056 21016 21016
11891 5 16320 269 269 37001 36987
13955 1 11289 215 213 1181 1178
1592 1 17240 33 28 1 1
15523 0 2604 13 13 2117 2102
36776 0 2604 647 647 10352 10335
40872 0 2604 617 617 12893 12875
6989 0 2604 18129 18129 24521 24486
38136 0 2604 716 716 16969 16940
31426 1 2604 8 7 10 2
12623 1 6107 7640 7640 28882 28879
22297 1 8322 287 285 54 53
21592 1 22297 1 1 2 1
4547 1 21674 1957 1950 3087 3084
32040 1 4547 1256 1256 2469 2461
7982 1 20572 6519 6519 7950 7947
7983 3 7982 222 221 118 117
31376 2 743 2 2 1596 1522
32748 2 743 2 2 1900 1823
36118 2 743 6 6 17320 17214
743 6 9450 7852 7852 21142 21142
39780 0 2807 33303 33303 17886 17882
4722 0 2807 13 13 6187 6185
35415 0 2807 32063 32063 17413 17410
15011 0 1542 10893 10893 36000 35980
10421 1 10420 258 255 1 1
26009 0 265 8 8 34671 34409
9536 0 265 5 5 6499 6329
15205 0 265 1 1 200 71
36270 0 265 8 8 12740 12525
39375 0 265 9 9 14061 13833
12974 0 265 6 6 31203 30942
25076 0 265 2 2 1253 1102
19351 0 265 2 2 1181 1031
11480 2 1534 4 3 6 3
40783 0 4407 1504 1504 9421 9421
4407 1 39995 8102 8097 307 307
8464 1 8424 21472 21469 6495 6493
23763 1 3300 1 1 71 65
24479 1 23586 2244 2241 5 4
28656 0 21 9117 9117 23280 23211
38617 0 21 41 41 16020 15958
39259 0 21 39 39 17686 17621
6493 0 3567 40672 40672 32851 32850
21912 0 22347 21551 21551 20906 20905
24178 1 9908 28943 28939 30253 30253
22121 0 351 1 1 57 2
25316 1 746 29 28 2 1
3063 1 4791 148 143 11 9
11495 0 4791 39342 39342 36609 36595
36889 0 883 2 2 16277 16076
22017 0 883 137 137 26551 26333
39078 0 883 2 2 14643 14456
7495 0 883 75 75 15498 15301
7498 0 883 2 2 1495 1367
36527 0 883 1 1 16102 15903
31583 0 883 5 5 25287 25071
40784 0 14144 4700 4700 13707 13693
3408 6 8243 4190 4134 5 4
3408 6 8940 5059 5001 17 17
3408 8 38801 17570 17511 2 2
3408 8 28506 101 61 2 2
10233 4 38705 15062 15053 27 27
36048 6 18704 28540 28540 13726 13726
1046 7 36048 13574 13497 2 2
1962 1 1961 33 28 148 145
11585 3 21329 1824 1821 1 1
32391 1 11972 24229 24229 35209 35209
31739 4 18679 16 14 4 4
26785 1 7703 303 303 4260 4258
20520 1 6788 5 3 4 3
11565 1 37185 15126 15118 35 35
11565 1 12441 429 424 1 1
29689 1 11565 343 343 5173 5167
19922 0 8858 31622 31622 33068 33057
15795 6 39521 11491 11491 22837 22837
840 8 19493 533 527 11 10
840 8 36647 12154 12142 11 11
840 6 30428 7073 7065 146 146
26662 0 7523 31687 31687 29918 29915
26756 0 9311 39 39 730 726
12636 1 24788 192 188 1 1
20784 1 387 34456 34455 27661 27661
387 1 20784 27218 27218 37456 37455
12153 3 19756 1 1 1 1
13239 0 284 149 149 31885 31659
34758 0 284 10 10 13556 13369
35142 0 284 10 10 15329 15133
33324 0 284 10 10 15500 15302
24884 0 284 1 1 227 86
39131 0 284 10 10 17712 17503
26984 1 38840 9152 9151 36349 36349
9435 1 13227 66 63 53 46
5449 0 9435 162 162 887 886
31592 1 13227 3097 3097 30107 30099
23798 1 23297 31220 31217 23840 23839
21935 1 23297 11628 11627 23734 23734
4425 0 9880 1292 1292 22549 22541
17011 3 17169 165 163 6 3
7442 1 23836 79 77 1 1
7442 0 12505 259 259 3692 3686
23836 1 3274 543 542 678 676
17432 1 30826 1 1 1 1
11988 4 31236 19621 19620 926 926
31236 4 34496 13211 13210 1265 1265
1444 0 9048 69 69 40785 40764
5768 0 1444 89 89 6624 6602
39440 0 1444 282 282 20104 20075
20898 0 9048 86 86 21272 21254
2408 0 9048 119 119 24615 24596
33742 0 9048 23747 23747 20401 20384
38351 0 9048 23578 23578 16159 16143
6375 1 8324 12 11 1 1
37317 0 6230 3994 3994 13315 13314
10713 4 2207 40681 40675 4854 4854
40786 0 1672 34 34 17370 17334
40892 0 1672 33 33 14205 14170
28472 5 10737 1407 1407 21997 21995
10737 6 27038 34158 34154 139 139
21537 0 1027 1 1 124 39
35194 0 1027 20 20 14515 14374
39579 4 25695 22763 22763 11497 11497
12699 0 2137 1031 1031 26708 26696
27906 0 19986 38114 38114 24666 24663
19986 1 16852 4077 4075 3214 3213
30297 1 3771 19563 19562 26052 26050
39950 0 2362 32978 32978 13333 13331
16469 0 178 2 1 9 3
34721 0 178 28148 28147 15259 15250
9225 0 178 150 150 23458 23445
31063 0 2110 3 3 737 621
38241 0 2110 7 7 16006 15838
31237 0 2110 19 19 7808 7666
5590 0 2110 28 28 23697 23512
7272 1 33016 3721 3721 26010 26008
17837 0 7272 17547 17547 29087 29086
36109 1 33016 6649 6649 20178 20177
33016 1 33015 1 1 1 1
39272 0 12035 20199 20199 12607 12602
11022 6 27914 3346 3341 15 15
40787 0 5243 5573 5573 14072 14067
3741 1 18271 1 1 1 1
40788 2 593 9 9 12567 12543
27944 2 593 64 63 1071 1054
9102 2 593 10 9 264 248
40548 0 16045 21278 21278 17258 17257
758 1 10360 1 1 8 4
10360 1 10359 238 234 1 1
3223 0 3161 186 186 1675 1648
5881 1 18355 5031 5030 16861 16861
38969 0 16196 33248 33248 18772 18771
29347 0 1461 792 792 7939 7934
1650 1 16394 22084 22076 1258 1258
1650 1 16302 94 88 1 1
40174 1 1650 807 807 16614 16607
9952 1 37466 9285 9277 32609 32609
2245 0 2918 1 1 82 44
2245 1 2244 1 1 299 296
14233 0 2918 44 44 6857 6798
1079 0 2918 42 42 5948 5892
32727 1 24872 2167 2166 1745 1744
39701 0 5987 32206 32206 11048 11048
15176 1 18854 55 52 38 36
18854 0 7016 191 191 95 94
24327 0 3027 3 3 2138 2104
14366 0 24327 34033 34033 36365 36365
23190 1 13002 1 1 35 31
5729 1 20226 1 1 293 292
20226 0 13887 33352 33352 38243 38238
8274 1 8999 3 1 5 1
18181 1 8274 5 3 11 9
9428 1 8999 10 9 10 5
8511 1 31347 2 1 1 1
21811 0 278 1 1 116 20
33666 0 278 12 12 18243 18077
21874 0 278 90 90 11023 10884
29143 0 278 1 1 258 142
18106 0 278 1 1 166 61
39291 0 278 12 12 12506 12364
37756 0 278 12 12 19438 19261
511 0 15897 30835 30835 39385 39382
15736 0 1677 8737 8737 40331 40272
829 0 1677 4 4 1373 1340
27621 0 1677 176 176 12205 12160
29445 1 1550 178 177 1313 1311
18936 4 39578 12427 12427 32106 32106
34932 2 14540 7832 7831 18483 18479
647 1 6311 20147 20141 34767 34767
33210 6 17250 24591 24591 17979 17978
9637 5 1981 3 3 931 899
21619 5 1981 8 8 19782 19736
11643 3 3908 25488 25488 2915 2915
30998 1 7774 1 1 2 1
30998 1 2447 37841 37840 36045 36044
16669 2 916 2 1 118 37
8577 2 916 2 1 113 34
18018 2 916 2 1 274 187
35944 2 916 2 1 12789 12659
9258 2 916 2 1 363 269
34189 2 916 2 1 13202 13071
21737 0 2589 2 2 18 7
40303 0 2589 6498 6498 16879 16864
3167 1 6502 9 4 1 1
17014 2 3167 854 853 19093 19071
7204 1 3167 221 219 20 15
32383 0 427 1 1 166 127
13521 0 427 1 1 89 51
11437 0 427 1282 1282 25782 25710
16023 0 4958 17 17 360 358
5777 4 4318 680 666 6 5
5144 4 4318 1231 1228 27 25
4318 6 27523 5308 5304 2209 2209
19086 6 12484 2 1 8 5
12201 4 22304 5090 5088 5149 5149
10786 1 14577 4 2 1 1
20175 0 7143 3227 3227 4739 4734
1205 1 23424 3 1 1 1
35226 0 37189 15594 15593 17085 17085
19169 1 25362 34926 34925 28615 28614
14940 1 12227 1 1 579 577
12227 1 13800 164 162 6 5
2813 0 3170 4871 4871 18435 18435
3170 1 3169 1 1 1 1
35238 1 8601 4932 4932 9490 9488
36661 1 39486 10656 10656 7557 7557
17745 5 774 13 13 5437 5332
17745 2 1137 4 4 9691 9599
37417 5 774 3 3 17353 17224
29963 5 774 1 1 543 452
40735 5 774 3 3 18160 18029
23613 4 28865 67 65 6 6
24660 4 23613 9142 9141 337 337
6782 5 5167 16 16 8693 8681
34227 5 5167 50 50 12069 12051
5167 6 27267 3101 3100 24395 24395
40789 0 25921 22209 22209 10427 10427
18492 6 36549 13732 13731 287 287
864 1 14562 5 3 2 1
32699 0 14562 40810 40810 39157 39146
4521 1 25708 101 97 1 1
10559 1 10558 1 1 1 1
3083 0 26431 124 124 4983 4980
5974 0 9758 39945 39945 39623 39602
4522 0 9758 4892 4892 40425 40403
12683 0 9758 1588 1588 31646 31629
19 0 29519 599 599 4273 4271
38094 4 40790 12151 12151 14647 14647
36200 0 5055 18786 18786 14244 14244
204 1 3048 6517 6514 26760 26760
32488 1 204 21211 21210 19681 19677
40791 0 11084 310 310 12275 12258
33754 1 5275 23587 23587 11500 11499
32 4 32392 250 242 7 7
32 4 24489 335 326 7 7
12319 4 14836 762 758 25 25
27811 2 10916 46 45 63 60
30475 0 10916 26557 26557 26655 26655
15792 0 3763 32479 32479 23886 23883
8019 1 30805 412 411 1 1
2949 1 8019 9384 9381 28153 28151
30805 1 16646 2 1 4 1
35060 0 5892 1228 1228 13027 13022
11125 4 10606 1153 1153 3533 3533
25276 1 3926 11 10 1010 1006
13830 1 6490 22480 22475 3953 3953
13830 1 7308 22517 22511 20963 20962
6490 1 13830 7404 7404 20069 20064
1366 0 29 29851 29851 6090 6087
29 1 11186 9 7 4 3
6226 1 29 1 1 45 43
19987 4 11397 24096 24094 2711 2711
4506 1 9454 16 13 7 5
6037 0 39187 13684 13684 20224 20223
39187 0 11100 19751 19751 17913 17897
2381 2 12273 3 3 119 84
7324 2 12273 6 6 102 68
6513 0 650 1418 1418 36078 36037
37308 0 650 201 201 18241 18201
40792 0 9525 37535 37535 14451 14447
30839 1 10851 19629 19629 24330 24329
21181 5 232 51 51 27629 27621
11205 5 232 263 263 37566 37556
24984 0 232 34972 34972 34796 34791
38752 0 728 25821 25821 12080 12075
8716 6 31315 3544 3544 3491 3491
24013 1 23715 1 1 60 57
36734 5 985 18 18 15326 15276
7458 5 985 6 6 34363 34299
12641 0 39 7 7 4436 4280
7396 0 39 1 1 184 90
21862 0 39 5 5 1632 1493
21561 0 39 1 1 198 102
13466 0 39 19 19 1827 1686
17532 0 39 60 60 32251 32043
18621 0 39 2 2 675 558
1398 0 19101 15328 15328 24381 24380
13758 1 29291 3 2 4 3
4555 0 1115 4794 4794 32430 32422
39750 6 18050 27662 27662 15648 15647
11789 1 24319 3533 3533 17422 17421
24319 1 11789 8046 8046 1644 1644
7072 1 9237 803 798 4 3
13503 1 7072 313 312 76 71
25660 5 4520 271 271 36418 36414
38151 0 7155 431 431 18101 18095
4453 6 7580 24469 24463 66 66
7580 0 34614 13201 13201 23819 23819
26183 0 11186 20090 20090 23221 23221
35764 0 14617 22242 22242 10295 10295
4608 0 3699 20783 20783 19672 19654
40827 0 3699 21823 21823 12270 12260
8852 0 7403 6467 6467 22223 22220
8176 1 8852 7455 7454 38508 38507
193 6 27058 2698 2657 1 1
193 6 11869 1294 1255 4 4
193 6 18878 42 14 1 1
19842 4 22836 24967 24962 75 75
21930 1 21045 23412 23412 29177 29176
21930 0 12252 939 939 6357 6353
5745 1 14074 2 1 24 23
26613 1 9037 32652 32651 26900 26898
9037 0 3099 40264 40264 35744 35744
7396 4 28775 3623 3611 17 17
24578 3 23111 45 44 1 1
21061 1 25626 1 1 1 1
24011 0 12474 8317 8317 27154 27152
13829 1 16710 1 1 1 1
4185 1 13829 23001 23000 20293 20291
13829 3 25284 128 126 184 183
12211 0 6042 5 5 22190 22179
13978 1 2276 1 1 1113 1111
39294 4 26572 16046 16046 14685 14685
33294 0 3229 2137 2137 15023 15016
8108 0 3229 3391 3391 2626 2622
3229 1 22044 1628 1625 1073 1072
6633 7 40129 14960 14949 8 8
6633 7 12050 29994 29982 9 9
16200 0 1852 27773 27773 40609 40558
16201 1 16200 13 11 48 46
19710 6 10760 893 892 5145 5142
32734 1 3419 1 1 43 41
4779 1 14955 370 369 187 186
3716 1 1998 5420 5420 2922 2919
40577 0 3716 722 722 14038 14026
31620 0 3716 1096 1096 30947 30933
28941 0 3716 8552 8552 28927 28914
17519 0 3716 23499 23499 12067 12056
9620 0 3716 1 1 119 112
2915 1 12159 8007 7993 1390 1386
522 1 21041 24215 24212 7919 7917
522 1 13953 10 8 55 51
522 0 16646 33147 33147 40692 40692
32701 0 522 142 142 5389 5380
31153 0 36722 10608 10608 7520 7520
36722 0 1474 1094 1094 14512 14501
7592 1 9560 8 5 1 1
2035 1 8589 22640 22636 17101 17098
25494 1 8589 1 1 8 7
4666 1 4665 564 561 1 1
4665 0 6717 4018 4018 19353 19352
6144 1 19664 1458 1458 24636 24634
28456 2 1773 16 16 5831 5793
28456 6 22320 3903 3902 92 92
5443 2 1773 3 3 35 17
18213 1 18982 1 1 1 1
18716 0 37537 9703 9703 38470 38468
6882 9 10563 1 1 1 1
40794 0 32275 5936 5936 14030 14030
19296 1 6611 38605 38604 35445 35444
16065 0 36140 17945 17945 10598 10597
40829 0 16065 18180 18180 15878 15878
32071 1 23898 17582 17581 28982 28981
37285 0 184 3 3 15529 15245
39009 0 184 3 3 17404 17110
3395 0 184 140 140 3948 3704
32164 0 184 1 1 1022 795
34310 0 184 3 3 17579 17283
39279 0 184 3 3 14872 14593
11281 0 184 1 1 192 18
30773 0 184 1 1 172 7
15734 0 184 2 2 460 245
5209 0 184 6 6 28961 28660
16507 0 184 1 1 306 102
40030 0 184 3 3 14948 14668
1190 6 31657 7 2 1 1
1190 6 39319 13232 13221 49 49
17492 1 20700 18 17 1 1
16074 0 18268 2 2 75 72
21289 0 18268 4 4 1993 1988
14746 1 23603 5288 5287 23118 23116
7078 6 36019 16068 16068 35448 35448
7486 0 7078 627 627 38379 38371
4225 1 13633 29283 29278 660 658
4225 1 11780 56 52 1 1
754 1 2375 6679 6677 1972 1971
1823 7 36030 16390 16389 5649 5648
6054 0 4123 18465 18465 11630 11603
6054 3 1296 38480 38478 247 247
3215 0 7911 2382 2382 4429 4427
6678 1 7911 8467 8466 4679 4677
16802 1 8850 26647 26643 9153 9152
1076 1 1075 38 32 4 3
1076 1 27277 23592 23584 33 33
18470 1 18469 1 1 1 1
7673 1 10866 2 1 1 1
7673 1 8629 36396 36394 37786 37785
8644 1 14101 8302 8299 1107 1107
493 0 1629 1713 1713 28013 28002
2736 4 26470 25395 25349 31 31
2736 4 34726 12205 12166 9 9
2736 4 35146 15147 15106 11 11
2736 4 33515 12934 12894 9 9
35179 0 19119 29706 29706 14624 14623
13379 4 19119 448 448 2836 2836
28508 2 3843 23 22 664 645
40099 2 3843 39 38 17492 17463
9537 1 3843 7579 7579 21673 21670
25746 0 11870 39996 39996 29288 29287
26637 6 24424 27146 27146 6592 6592
15305 5 2978 4 4 28317 28255
10135 5 2978 1 1 7122 7072
14631 0 3275 18233 18233 8596 8590
1043 1 14631 22019 22016 11048 11043
39736 1 21554 1527 1527 9534 9533
39736 0 4427 7362 7362 16615 16598
8260 0 7895 6858 6858 39191 39187
16624 0 8260 4120 4120 23093 23091
36792 1 37816 13300 13300 12777 12777
40796 2 3317 63 63 11999 11968
11856 1 2643 34948 34948 21867 21865
8104 1 4274 24584 24580 34189 34189
8104 1 12438 101 98 1 1
9749 1 13574 2 1 3 2
40797 0 19420 25058 25058 11825 11824
24056 0 9777 30553 30553 34432 34431
12866 6 7036 3816 3816 37602 37602
19409 4 36350 10300 10300 1589 1589
28857 0 706 134 134 3893 3886
19163 0 18538 2991 2991 23392 23391
16614 1 25570 20393 20390 2133 2133
16614 1 8351 2 1 1 1
24052 1 24051 1 1 1 1
29706 4 499 179 179 546 546
34810 0 17502 19501 19501 10134 10134
40798 0 38876 9672 9672 10784 10784
26283 6 40443 10705 10705 33891 33891
32794 0 18895 263 263 24737 24731
3034 2 1137 1 1 574 503
19442 2 1137 1 1 164 111
26122 4 31544 237 232 22 22
17880 1 20417 21959 21958 32349 32348
3499 1 20417 2 1 1 1
20434 0 21190 20459 20459 35367 35366
13327 6 22210 19662 19662 37680 37680
40799 0 5636 2441 2441 10530 10530
14768 6 24252 605 604 5081 5079
9578 0 473 35617 35617 27449 27447
20196 1 21248 17 16 9 8
21248 9 11908 6081 6081 18455 18455
6765 1 27335 25953 25951 21353 21352
37410 0 27335 1137 1137 13806 13805
12725 1 21889 1 1 1 1
19754 0 4059 20493 20493 17938 17936
9461 4 12081 2 1 2 1
8574 0 5381 722 722 10255 10248
8574 1 8573 1 1 6 5
29585 1 8574 32 32 22777 22774
13699 0 5381 10420 10420 20947 20939
36608 0 123 3991 3991 17098 17089
24094 0 123 6899 6899 6690 6684
516 0 292 1 1 175 33
31393 0 292 1 1 161 24
14242 0 292 1 1 483 316
33413 0 292 4 4 17945 17700
15177 0 292 9 9 6924 6731
39499 0 292 4 4 17054 16816
13524 0 292 1 1 315 156
31996 0 292 2 2 1554 1381
26845 0 292 1 1 224 75
14814 0 292 53 53 32927 32675
13283 1 2720 37618 37616 23413 23411
2720 1 5598 33761 33759 22972 22969
34387 1 26855 31193 31193 15249 15248
26856 1 26855 1 1 1 1
37173 4 10091 17951 17951 8993 8993
19951 0 20010 233 232 8311 8306
40800 0 28344 22020 22020 12026 12026
24652 0 26678 40642 40642 36312 36308
27632 0 31556 746 746 340 340
8336 6 2824 3370 3370 4453 4453
14255 1 19144 4 3 1 1
20014 0 14262 54 54 25741 25736
40801 0 16573 6599 6599 14048 14047
2360 1 4933 9 8 916 912
40802 0 39415 13460 13460 17192 17192
30541 0 22903 20008 20008 30124 30123
20618 1 9942 6 5 30 27
38150 0 712 4751 4751 20250 20247
25109 0 7757 459 459 7914 7912
40803 0 5646 1430 1430 11514 11513
1003 1 5646 11 9 62 60
35081 1 28378 7718 7718 17349 17348
11590 1 29649 2 1 1 1
39026 0 29817 23912 23912 15008 15007
13903 6 32368 6562 6558 92 92
30745 1 37402 10957 10956 32901 32901
10159 1 38458 13001 12998 19440 19440
27696 1 6690 1 1 10 3
28744 1 6690 1 1 13 5
20852 1 6690 1 1 38 29
40885 0 6690 4220 4220 15598 15591
16732 0 10532 2071 2071 28355 28351
6916 0 19429 26335 26335 25879 25879
10276 1 9887 4646 4642 99 96
4800 1 9900 37 36 32 31
19570 1 4800 1681 1679 37371 37369
17182 1 2190 1 1 1 1
4461 0 19310 8239 8239 23449 23443
1046 7 18091 2402 2344 1 1
1046 7 18788 37435 37316 6 6
1046 7 39181 18868 18773 2 2
37226 0 11964 5860 5860 13439 13438
11632 9 24469 36958 36957 22555 22555
40699 0 12729 127 127 14834 14820
14428 0 772 38067 38067 40434 40424
19055 0 772 46 46 641 635
40710 0 31312 18299 18299 10499 10498
11686 1 5336 22555 22549 4970 4967
30852 1 3198 27420 27420 9457 9456
29243 0 26808 4306 4306 5709 5709
21449 0 12858 17302 17302 22046 22042
12857 1 21449 10526 10522 29178 29177
3233 1 4145 94 92 6 4
19055 1 19054 1 1 1 1
8310 6 12531 18 11 2 1
7557 1 7633 49 47 6 5
17844 0 7120 7989 7989 29172 29170
1269 1 11040 21931 21930 18132 18128
11040 1 14848 9 6 2 1
26676 0 8201 1696 1696 9929 9922
28241 1 7436 1 1 1 1
18458 9 31641 19952 19952 2623 2623
31641 3 37842 16825 16825 25900 25900
25873 0 2795 183 183 17250 17249
17430 1 14006 10 9 1630 1628
13991 0 6823 1924 1924 8197 8193
19570 1 23428 2 1 70 68
8288 4 37118 14791 14791 36608 36608
40805 0 33924 14830 14830 13790 13790
25230 0 6253 18803 18803 8333 8331
15292 3 10198 1 1 1375 1373
39489 0 11666 28568 28568 18452 18437
39489 1 15557 21056 21056 8986 8984
37831 2 11666 40705 40705 11381 11381
15516 1 12820 2405 2403 1456 1456
34071 1 12820 40069 40067 10950 10948
4175 4 8602 6 2 1 1
24042 1 5537 1 1 1 1
19211 0 4744 37667 37667 4270 4268
31371 0 7474 70 70 9455 9450
27812 0 7474 718 718 18410 18403
28947 4 15200 1947 1947 25473 25473
18660 6 21000 21781 21781 38679 38679
15472 0 25385 26475 26475 34882 34878
12507 0 13404 36221 36221 26377 26372
26342 1 17895 63 62 13 12
2152 1 8496 1 1 5 3
39760 0 574 546 546 12994 12958
40877 0 574 582 582 11893 11858
35412 5 11510 77 77 19362 19346
2085 6 10383 200 196 12 12
14202 1 14201 1 1 163 161
1043 1 20085 3 1 9 8
40806 0 6850 1246 1246 16224 16203
40503 0 9914 38709 38709 12643 12642
14770 1 14307 3774 3773 3277 3275
32716 1 17183 1 1 1 1
35390 1 3256 5983 5983 15968 15967
4482 4 9719 155 152 18 18
20428 0 3527 20214 20214 6592 6583
3527 6 20663 39204 39204 38133 38133
30409 2 35441 15290 15290 30152 30152
11083 1 5302 1 1 2 1
23196 1 10129 1 1 16 15
1066 1 29752 3 2 1 1
40807 0 3538 17157 17157 15588 15577
22793 0 3538 4905 4905 18270 18258
6768 6 24640 7432 7431 31658 31656
6768 6 10205 30764 30760 26365 26365
2869 1 15125 20311 20310 13528 13526
29302 0 15125 37607 37607 34935 34933
9588 0 1406 35085 35085 31048 31037
18159 0 17493 36023 36023 39604 39598
21497 1 33875 17061 17058 1099 1099
20938 1 22485 1 1 15 14
13056 6 39139 15760 15760 27580 27580
23942 0 26928 7353 7353 21452 21449
28004 0 6478 23903 23903 20403 20401
4747 0 22951 1 1 4 2
20860 5 2566 82 82 22743 22729
7590 5 2566 87 87 31929 31912
20768 0 17402 33378 33378 24912 24910
35193 1 20768 24159 24159 11136 11135
8572 0 5856 279 279 24498 24475
17370 0 5856 2318 2318 4933 4921
31972 0 5856 480 480 8336 8319
17380 1 15779 4515 4515 6777 6776
27964 0 16186 27583 27583 22912 22907
15981 0 1328 82 82 1414 1406
26071 1 9303 4179 4178 6305 6302
9303 9 21981 8439 8439 600 600
38768 0 29318 104 104 13863 13861
36229 0 18254 4205 4205 17852 17837
1019 4 596 239 226 10 10
1019 4 8780 32 23 2 2
23239 1 15927 381 379 105 104
30477 1 23239 33398 33398 20280 20277
21996 6 20017 27496 27494 2901 2901
21996 6 11995 38172 38169 1376 1376
25766 0 22616 6541 6541 23076 23073
9455 0 23399 29440 29440 6696 6694
23000 6 39446 12499 12499 1879 1879
122 1 7516 42 37 34 30
11412 1 19152 31916 31915 18368 18368
8803 1 27429 5 4 1 1
15261 0 14295 21404 21404 7723 7722
25268 4 21905 17 16 2 2
15504 1 8591 36271 36267 28963 28960
8591 1 16989 26587 26584 2637 2637
15601 10 15600 1 1 1 1
31927 1 15601 19507 19507 36166 36165
34363 5 8522 22454 22454 10113 10113
33641 0 19894 4165 4165 17494 17493
33826 1 19127 1807 1807 15397 15396
39523 0 2723 32 32 17247 17218
39523 1 21345 37951 37951 17704 17703
7540 0 2723 28 28 20881 20849
4541 0 2723 5044 5044 40765 40726
28671 0 7444 1142 1142 24625 24622
40808 0 40809 14162 14162 10813 10813
26933 0 1475 40560 40560 35799 35783
35848 0 18654 22139 22139 11579 11575
19162 0 18654 353 353 25975 25970
29185 6 40731 12472 12471 830 830
3467 1 3466 2 1 1 1
15345 5 4450 97 97 21811 21806
7117 1 7049 51 49 23 21
32624 6 26608 2975 2974 147 147
2269 1 2268 1 1 11 9
30613 0 6961 2312 2312 2983 2982
2956 4 29945 9974 9970 774 774
40706 0 10059 18633 18633 14515 14513
3866 4 38485 13766 13762 600 600
3866 4 24189 19480 19474 594 594
9119 0 21826 4219 4219 5868 5868
18389 3 999 20405 20403 385 383
999 3 18389 21962 21961 1873 1871
35808 1 32154 17738 17738 14350 14350
37756 4 40810 12339 12339 15239 15239
20583 1 27612 22035 22035 30885 30885
1020 0 3141 1 1 30 4
28305 0 3141 5 5 26 1
6564 0 11337 5314 5314 29956 29955
23511 0 15656 7722 7722 31276 31250
5394 1 2601 1 1 3 2
19679 0 5394 936 936 23136 23131
2004 1 24164 78 73 1 1
2004 0 30642 25332 25332 35261 35260
25774 1 12289 26736 26733 24038 24033
24676 0 24224 1741 1741 5564 5563
23848 1 8714 759 758 5590 5586
17814 4 3175 28405 28404 981 981
17465 1 17464 2 1 1 1
22570 1 22569 1 1 1 1
6630 0 4722 297 297 7468 7460
1142 0 4722 765 765 1901 1895
23700 1 24343 5 4 1 1
9573 6 3123 3570 3570 39858 39836
15354 6 3123 7502 7502 40448 40424
14853 6 3123 2 1 79 71
6067 1 28605 28087 28087 32906 32906
8474 4 17327 7813 7813 29548 29548
30941 1 3753 4108 4107 5882 5879
30941 1 33174 8855 8853 4665 4665
11546 0 4442 26782 26782 12284 12257
6865 4 2298 20994 20991 305 305
1021 1 207 5 2 53 51
2872 0 17555 1960 1959 1256 1254
268 0 17555 39856 39856 39178 39171
40811 0 2664 933 933 13899 13884
40871 0 2664 982 982 15856 15840
2664 0 2624 27544 27544 37379 37372
35435 0 12605 8570 8570 9193 9190
29862 1 29861 1 1 1 1
31789 0 494 29206 29206 37559 37547
22923 0 28916 29836 29836 33769 33768
27985 1 27484 1 1 4 3
29410 0 16944 25387 25387 26141 26137
11888 0 36918 16517 16517 31245 31242
37558 2 741 11 11 14295 14252
28640 2 741 1 1 1143 1110
9021 2 741 4 4 1496 1462
22157 3 1791 2903 2902 2 1
22158 3 1791 625 624 1 1
8471 1 6302 2 1 1 1
32069 0 19823 36171 36171 35309 35307
38790 0 13 1405 1405 16305 16294
19437 1 22294 3207 3206 3846 3845
25022 1 32013 5755 5755 21722 21721
39553 0 4628 477 477 14840 14830
40833 0 4628 456 456 10296 10290
11144 1 2617 1 1 19 18
38399 1 1022 20460 20460 14651 14647
10536 1 36694 17630 17630 36967 36967
40178 1 1578 23635 23635 14183 14181
40864 0 1578 289 289 15786 15780
22410 1 37961 10338 10336 53 53
15647 4 32971 4763 4763 19839 19839
1708 0 8438 67 67 56 55
6124 1 5907 27 25 8 5
8270 1 6124 278 270 149 147
5826 1 10722 55 54 3 2
21697 0 2070 30417 30417 25159 25159
6530 1 22543 79 77 1 1
5932 1 21935 3 1 1 1
28875 3 5192 31100 31099 303 303
28676 3 28875 203 201 1 1
5178 1 14819 8 3 97 96
21092 0 5178 8888 8888 10240 10226
16318 0 5178 25771 25771 33252 33220
40918 0 5178 30853 30853 14232 14209
31349 1 5178 1 1 7 2
27341 1 31627 24976 24974 20620 20620
912 0 7047 383 383 5036 5026
739 0 912 261 261 6597 6590
24031 0 7047 1723 1723 16147 16135
30204 1 7047 5373 5371 262 260
40812 0 17281 8038 8038 14677 14677
9906 1 36905 8766 8764 92 92
6743 0 8355 47 47 3776 3766
1538 0 8355 953 953 20112 20090
35277 1 27784 18669 18669 16809 16809
5869 1 26782 15 12 1 1
40813 0 19386 16238 16238 16464 16463
38378 1 22534 4683 4683 19889 19886
31576 0 30844 21502 21502 20407 20407
10205 1 10204 2736 2734 2 1
11177 1 37094 9175 9171 23266 23266
7045 1 2382 8363 8363 10199 10195
21977 5 16419 119 119 8409 8405
3364 1 3363 1 1 28 27
3528 0 10834 23022 23022 25863 25862
17960 4 24312 5831 5829 358 358
27223 1 20426 1 1 1 1
24636 1 6535 20045 20044 20366 20365
23949 5 212 4 4 249 237
27657 5 828 143 142 30158 30146
1410 1 24564 6491 6491 32544 32543
3066 0 8076 35626 35626 35616 35608
18215 1 1414 234 233 15 7
10895 1 13973 414 409 1 1
3239 4 39144 15635 15585 3 3
3239 4 27881 152 129 2 2
3239 4 36428 13710 13662 3 3
18904 3 17353 8222 8221 311 310
7935 1 2201 17 15 301 299
17190 1 757 32427 32425 40391 40391
1415 1 32170 116 113 1 1
23786 1 2902 28983 28983 25543 25535
2029 1 18094 238 235 1 1
553 1 13871 111 109 36 34
24179 1 10508 6367 6366 19974 19974
25575 1 10508 20407 20407 22231 22230
27360 6 36837 11756 11756 30699 30699
31841 0 19545 5035 5035 6169 6168
33840 0 1754 683 683 9959 9952
40875 2 1754 132 132 12665 12661
38079 2 1754 127 126 16494 16488
40815 0 39071 15597 15597 12567 12566
29342 0 8978 1011 1011 10165 10150
6890 0 36281 9653 9653 29185 29185
8040 1 21358 5 3 2 1
10520 0 24854 31411 31411 37483 37483
28943 1 243 24431 24430 26979 26979
20030 0 13734 32188 32188 32765 32763
4563 0 12505 172 172 56 53
37725 0 23377 3208 3208 16012 16007
26865 1 19204 1 1 219 216
20288 6 29915 6 4 8 7
24515 2 20288 27 27 37402 37397
18855 0 2060 612 612 5167 5160
26308 5 18855 56 56 27533 27520
24430 0 2060 4057 4057 22498 22484
11475 1 13563 28127 28124 38279 38275
13563 1 11475 37681 37677 24790 24787
14231 0 7944 1936 1936 31238 31237
36007 6 17148 30937 30937 7862 7862
13350 0 29456 318 318 5638 5638
36696 5 9528 216 215 9991 9984
19256 5 9528 3 2 2 1
30889 0 33367 16965 16964 2429 2429
26734 0 2288 1629 1629 4127 4125
16979 4 35069 15264 15264 19854 19854
23628 0 2614 401 401 6978 6976
39567 0 4694 17753 17753 17523 17511
6695 0 32813 22870 22870 6619 6619
15469 0 6418 41 41 5760 5745
34418 1 25064 23060 23060 10957 10956
8727 1 8726 35 34 1 1
14189 1 23592 24 21 1 1
35545 1 14189 218 218 19593 19589
10877 1 11728 211 207 158 153
32814 0 4976 3836 3836 23501 23500
4165 3 25845 7256 7253 185 185
20625 1 7778 146 145 1 1
30076 0 10715 7799 7799 22515 22512
40816 0 14697 38269 38269 14472 14472
14697 1 31992 10388 10385 17165 17165
19191 1 27971 19537 19537 25958 25957
13842 0 11910 36496 36496 8573 8572
5985 6 10735 10 7 34 29
12732 3 28417 35047 35046 558 558
12732 1 26677 3 2 1 1
6204 1 6203 1 1 1 1
40817 0 19840 37764 37764 18473 18471
3387 0 19840 26909 26909 40724 40721
6550 1 2423 1013 1012 2243 2236
2423 1 24830 22390 22382 33352 33349
2924 4 30666 8511 8455 1641 1641
2924 4 2659 4197 4144 26 26
2924 4 29020 5507 5453 126 126
2924 4 36766 11414 11345 11 11
1379 1 25548 2 1 1 1
6265 1 1379 1159 1157 817 815
18135 3 294 27212 27209 18476 18476
2209 1 24141 413 409 1 1
15500 1 4546 1 1 286 283
15500 1 7996 27884 27883 38806 38804
31596 6 8773 40646 40646 37804 37804
40818 0 35587 11209 11209 12324 12324
34338 1 9890 139 139 11420 11411
14748 1 9890 1 1 56 49
9890 1 12054 21123 21114 7450 7449
40819 0 15962 5482 5482 13665 13664
16130 0 10326 36130 36130 29719 29718
40820 0 20319 30191 30191 11557 11557
11212 0 1856 623 623 23083 23070
14579 1 1856 8 7 6 2
28303 3 9776 1 1 324 323
9776 1 9775 2 1 1 1
561 0 5278 3492 3492 26453 26444
13724 4 995 1761 1760 136 136
154 1 153 2 2 102 99
5791 1 11553 32 30 1 1
24115 1 18755 6 5 7 6
28674 0 3041 5385 5385 26422 26415
40821 0 14864 23783 23783 13206 13202
17883 0 18836 17902 17902 25677 25674
40822 0 9367 1196 1196 18259 18239
40930 0 9367 1165 1165 14058 14039
7005 0 9367 103 103 1460 1448
26765 1 9367 5 4 5 1
2151 0 4180 742 741 1913 1911
40823 0 11638 116 116 14770 14758
18175 1 18573 151 149 3 1
24724 1 3969 198 196 26 24
3969 0 3582 22 22 1830 1812
17345 0 3969 7406 7406 34659 34655
34877 1 6582 7636 7636 9184 9179
6582 1 16956 3360 3356 356 353
26100 1 28248 23 23 482 481
33245 0 3980 6911 6911 12017 12016
4106 1 4105 1 1 1 1
584 1 28894 254 252 10 10
35143 1 33405 14204 14204 15225 15224
17003 0 479 31375 31375 40889 40879
9877 5 6166 1 1 1175 1153
30263 1 25760 1 1 1 1
30656 1 25760 32880 32880 6673 6672
1999 4 17069 9675 9670 905 905
18272 1 19427 29 27 1 1
29081 1 13187 1 1 256 253
16522 0 3780 668 668 33191 33156
26742 0 15839 40177 40177 31692 31691
1918 6 39340 11657 11650 194 194
11624 1 20815 14 13 5 4
13939 0 7027 9596 9596 25815 25811
5788 0 7027 19428 19428 36544 36538
40824 0 2657 28199 28199 16235 16229
1294 0 25140 24044 24044 38801 38798
21281 0 428 4210 4210 32182 32159
40911 0 428 452 452 12756 12737
39800 1 30816 21330 21330 12672 12671
12660 0 1095 36474 36473 28882 28873
17450 0 1095 36983 36983 36771 36759
11922 0 14898 942 942 8065 8049
23590 0 12772 28216 28216 8145 8143
3072 1 15159 101 97 2 1
24523 0 8582 40735 40735 32728 32722
188 6 29407 118 117 21 19
39603 4 27065 19725 19725 10634 10634
4691 1 14239 1 1 1 1
36188 1 4691 539 539 9852 9851
36501 0 4902 25991 25991 8995 8995
40022 0 6784 7818 7818 10902 10897
4121 1 17988 238 236 4 3
34845 5 10076 72 71 18329 18324
19999 4 35620 16479 16470 873 873
25642 0 31168 1082 1081 1327 1327
28192 2 3865 50 49 1494 1479
25039 0 2409 35 35 5478 5461
34598 0 2409 395 395 13621 13602
40825 0 22386 18453 18453 11366 11365
15804 0 10824 40416 40416 24862 24857
40826 0 30737 5992 5992 17439 17438
11678 4 24132 17283 17283 33692 33692
11178 1 14178 1196 1189 1 1
19319 1 11039 31 30 8 4
23526 0 9730 22655 22655 29268 29266
12960 0 23054 29828 29827 19902 19902
18237 1 14439 7 6 75 72
17375 6 39568 10394 10393 1358 1358
6955 0 2697 6557 6557 5683 5682
16533 0 2697 30664 30664 37781 37778
27268 1 11354 26878 26877 27746 27743
1968 1 1967 1 1 6 3
20914 0 1967 268 268 7067 7062
23271 0 7641 8227 8227 8094 8094
19684 3 19683 1015 1014 1 1
4983 6 33006 3148 3148 4146 4146
17534 9 12584 1 1 1 1
6871 1 18043 2686 2684 6189 6188
5628 7 18994 27810 27780 6 6
2502 1 20104 1500 1497 536 535
15657 0 4985 26443 26443 24599 24597
34914 1 6434 580 580 11549 11546
39981 0 306 474 474 12534 12521
21026 0 306 151 151 21539 21522
37154 5 9269 17 17 14128 14125
9073 1 5502 1 1 2 1
30127 0 1623 35147 35147 35157 35154
16304 0 30127 30875 30875 35643 35643
16980 1 4548 296 295 20 17
469 0 14498 719 719 3130 3125
9243 6 35214 17256 17252 131 131
36148 4 23121 20712 20711 11278 11278
3358 1 4743 39 35 3 1
9720 0 4743 5079 5079 6925 6920
40888 0 4743 30841 30841 11763 11756
2064 1 2154 1 1 1 1
22278 1 35919 12248 12248 19752 19752
36060 0 14935 6359 6359 15299 15293
27146 5 11426 101 101 6308 6303
3169 0 3813 16586 16586 25783 25771
3823 1 3813 1 1 8 4
20664 4 26988 39540 39538 27672 27672
6374 1 11133 4153 4151 36202 36200
33074 2 7 65 65 8051 8026
18961 2 7 5 5 214 196
17395 0 7902 22870 22870 8525 8524
22908 1 5606 69 67 1654 1653
10254 1 10253 29 28 1 1
40906 0 10253 5987 5987 18980 18972
14113 1 5076 1 1 44 42
36403 1 10838 20315 20315 18114 18113
14974 0 14973 46 46 5097 5093
14973 3 19845 22686 22684 24 24
40831 0 4593 35544 35544 13717 13717
31084 1 27014 1 1 69 67
12467 4 39860 11905 11900 2709 2709
40832 0 6630 18683 18683 15571 15567
26778 4 2803 5470 5470 6970 6970
3765 1 28497 28270 28269 22319 22319
20691 1 4936 1 1 17 14
7886 0 12463 5 5 653 649
14999 4 31316 27606 27606 11319 11319
22172 0 11068 110 110 3117 3107
454 3 16514 11922 11920 5093 5092
3025 1 16514 2 1 2 1
29578 0 15788 21714 21714 6576 6575
23802 0 21987 835 835 12783 12780
21987 0 20963 21088 21088 39936 39935
11759 2 10987 7 7 7 6
38689 0 12894 413 413 14896 14889
40834 0 14087 24440 24440 14599 14599
14853 1 5935 25592 25592 12285 12283
4044 4 31152 64 64 197 197
29372 0 24630 18712 18712 39717 39712
24630 0 22399 5650 5650 33605 33604
19479 5 4701 5 5 737 728
8240 5 4701 75 75 25175 25155
33163 5 4554 105 105 17064 17057
29553 1 26733 17444 17444 9237 9237
29553 0 8837 34092 34092 7191 7191
6792 1 14058 1370 1369 286 284
21282 0 15062 32197 32197 33569 33569
23036 4 36472 10609 10604 342 342
5783 4 23036 30751 30743 28 28
40835 0 40836 10682 10682 16766 16766
18778 6 32930 29447 29446 38043 38043
18778 0 5314 6881 6881 34902 34876
24621 2 17930 7 4 6 2
27989 2 17930 154 152 835 826
26041 0 4289 10683 10683 18679 18679
16899 4 24507 1899 1899 1025 1025
14917 3 17826 3986 3983 1491 1490
30990 9 28312 1 1 1 1
8980 1 3552 1572 1571 18647 18646
33079 0 3582 399 399 10761 10738
16497 1 26305 20 18 1 1
26368 1 8799 36508 36507 34313 34312
4480 1 32602 20683 20680 111 111
35059 0 27412 31945 31945 20444 20441
2645 4 29221 35888 35880 51 51
23462 0 5675 36787 36787 30747 30738
40853 0 23462 416 416 15605 15602
25133 5 5012 2 1 7 1
14927 4 5288 33521 33517 2304 2304
11058 2 6577 14 14 8505 8465
60 2 6577 5 5 20963 20909
7534 9 18226 17349 17348 225 225
10204 1 10208 72 71 2469 2468
5031 1 28475 23490 23490 23644 23642
15312 0 12860 21287 21287 38375 38375
21401 1 1933 4443 4443 2894 2887
12469 1 1992 2033 2028 3 2
18451 5 1238 5 4 20 14
37552 0 2655 22520 22520 12128 12125
2655 0 9806 15939 15939 36079 36073
40284 0 6614 17 17 14453 14434
3130 1 27019 6 4 1 1
23982 0 37653 18327 18327 9159 9158
20447 1 9918 21633 21631 2127 2127
15028 1 16314 12 10 4115 4110
15028 1 5116 29 26 8543 8537
40628 0 33021 29663 29662 12508 12508
3648 1 3647 553 552 714 711
19317 0 1107 17079 17079 20364 20356
830 1 21753 121 117 1 1
8270 1 9886 255 248 1 1
14780 1 6419 1407 1403 4 3
40837 0 15224 446 446 17523 17511
7188 0 11737 39062 39062 33947 33938
10277 1 32396 1 1 1 1
10277 1 2951 2 1 61 57
15054 1 2951 10 6 6 3
25047 0 19223 7079 7079 26048 26048
23871 0 918 27568 27568 25745 25737
40840 0 918 6408 6408 17879 17873
8168 0 13192 6765 6765 25517 25517
10293 1 12214 4559 4559 21953 21952
23642 0 26543 36396 36396 18799 18799
26543 1 12312 29577 29576 19854 19852
4913 4 20284 9963 9935 5 5
3331 5 16655 18485 18485 35047 35045
3331 1 35484 8502 8500 39479 39479
16739 1 16646 1 1 111 107
6726 1 5782 3459 3456 23633 23633
6726 3 6725 520 519 1 1
11335 1 6726 1 1 3 2
5491 1 1201 8298 8297 6437 6432
6549 1 14425 1459 1456 2159 2157
5544 1 3327 4646 4646 7835 7831
3403 1 6328 1 1 2 1
7229 4 37460 10769 10754 434 434
20544 1 28902 24213 24212 6586 6585
3291 1 20544 29411 29407 36326 36324
530 1 21170 30861 30857 2164 2164
9371 1 9370 4 3 1 1
26061 0 9371 32736 32736 25426 25423
9371 0 5623 37299 37299 40248 40246
21518 1 29527 27858 27858 27630 27629
35181 0 21518 5781 5781 15083 15081
36581 0 16397 8923 8923 15718 15718
3972 7 37089 18104 18035 3 3
8883 0 5790 136 136 3192 3192
38389 0 7334 30869 30869 11843 11841
27814 0 9178 40916 40916 32546 32545
10855 1 19155 1 1 1 1
10855 1 31116 1663 1662 3270 3269
1431 4 27265 21 12 1 1
27563 1 35599 17056 17056 6619 6619
1193 4 39361 10261 10251 163 163
39975 0 7068 6050 6050 13453 13446
3855 0 3909 15 15 19 16
28703 0 3909 1232 1232 21232 21226
11573 1 13583 4 3 14 11
40841 0 16266 1294 1294 15940 15927
2434 0 16266 207 206 846 837
40842 0 67 861 861 15748 15741
1154 0 18959 31911 31911 34627 34626
32397 0 13044 38415 38415 30769 30761
17819 1 653 23 22 2 1
37840 0 313 20464 20464 15241 15234
40843 0 3679 1527 1527 20717 20708
40843 4 5346 40584 40584 15187 15187
13988 0 168 35296 35296 35303 35298
38754 2 10661 143 143 15055 15052
29501 0 6358 25571 25571 30667 30665
29860 0 18587 39037 39037 24337 24337
33438 1 36858 15037 15037 14305 14305
36858 1 35629 16136 16135 12642 12642
12381 0 1474 39345 39345 30710 30696
2863 0 6499 31121 31121 32697 32696
7328 0 5714 23074 23074 7804 7804
14412 0 20621 7539 7539 18276 18275
35316 5 38173 11975 11973 12818 12817
20490 1 7847 641 640 356 355
21077 4 10657 3392 3392 6292 6292
10380 0 1964 39832 39832 34363 34361
17802 1 3847 1197 1196 308 307
29031 4 40721 13678 13677 1413 1413
29630 5 22311 18534 18534 37462 37458
14888 4 21122 214 209 10 10
14888 0 2518 12 12 3492 3448
819 1 7732 27011 27007 8889 8887
7100 4 29718 7781 7779 2349 2349
8077 1 7192 1 1 5 2
16136 1 39043 12473 12472 28294 28294
13225 1 15253 1 1 32 30
40844 0 6467 158 158 12887 12882
6069 0 37345 9692 9692 35581 35580
4895 0 8093 17670 17670 23893 23873
21558 1 13645 22516 22516 37070 37069
10544 6 38325 15772 15756 64 64
23888 0 1730 4 4 3977 3897
33667 0 1730 15 15 12076 11987
22133 0 1730 2 2 680 614
19623 0 1730 254 254 1760 1688
28603 4 38563 11365 11364 1100 1100
16620 1 2522 38 37 69 63
24900 3 5965 1 1 3 2
3989 4 18951 28645 28639 325 325
22965 1 167 7983 7980 23939 23937
35645 0 7367 26334 26334 13220 13220
36255 0 10055 376 376 15824 15818
1574 1 8899 4197 4194 18739 18737
21174 5 2295 3 3 22224 22136
34328 5 2295 6 6 14445 14363
28418 5 2295 4 4 7103 7047
34439 5 2295 6 6 12079 12006
40845 0 32455 9488 9488 14323 14322
35000 0 9668 224 224 12112 12099
32116 0 21176 28189 28189 29743 29741
23390 0 40586 13001 13001 30829 30829
40848 0 23390 7386 7386 17152 17149
19903 4 29357 27094 27094 5858 5858
35177 0 14481 30693 30693 16211 16211
12330 0 11599 26802 26802 24949 24945
3579 1 19372 26 25 265 263
9842 0 3579 19272 19272 38016 38003
22422 1 9505 3267 3266 6938 6934
15330 1 28910 5801 5800 1463 1463
22889 0 11852 37610 37610 29830 29822
29771 9 3592 37037 37037 8783 8783
25748 1 34204 18039 18039 28769 28769
1772 6 37182 18054 18050 498 498
15158 0 40846 13005 13005 29266 29266
40847 0 8407 8056 8056 9753 9753
35466 0 11507 4114 4114 13447 13445
12327 0 411 19444 19444 33655 33634
21952 4 9376 500 500 1944 1944
4177 6 5022 20450 20438 766 766
5040 0 220 347 347 468 463
20777 0 30968 28517 28517 37692 37691
17995 1 415 27715 27713 14388 14380
6540 0 6677 232 232 233 231
30360 1 7239 20181 20181 23357 23353
1226 4 33413 14153 14129 8 8
36259 5 860 13 13 19178 19117
30840 5 860 27 27 27368 27302
39831 1 4370 24431 24431 10059 10054
17244 1 15986 1708 1708 27356 27353
9116 4 34497 18468 18466 195 195
4771 4 11796 2017 1978 1 1
18918 0 15687 29835 29835 39277 39274
18918 6 31983 34975 34968 114 114
29544 0 6411 6609 6609 32085 32078
13258 1 515 1 1 1891 1886
7665 4 11919 36268 36263 7431 7431
8356 1 22637 21133 21127 16979 16977
17180 1 8356 1 1 55 50
39574 0 13157 3088 3088 14407 14404
20711 1 1090 18995 18994 16828 16825
32427 0 24062 7435 7435 19946 19945
40849 0 13412 27465 27465 14606 14604
4316 0 1500 60 60 437 421
29122 0 1500 514 514 4832 4810
29916 0 33246 14787 14787 22917 22917
33246 0 425 7458 7458 12678 12665
3714 1 3991 34232 34232 26158 26158
6702 1 4469 2 1 12 9
20629 0 10089 32108 32108 31485 31485
18423 1 20629 20048 20046 22441 22440
4855 1 19562 2 1 4 1
11423 1 4213 5293 5289 2735 2730
10241 0 10481 36241 36241 36576 36575
27097 0 10241 12 12 139 130
5125 6 35244 10036 10036 40548 40548
10842 1 11135 4 3 2 1
3451 1 3450 1 1 1338 1333
3450 1 6752 7719 7714 2065 2063
26219 0 15966 32 32 1810 1807
20729 0 30962 26525 26525 33233 33232
31196 0 30962 23862 23862 5424 5424
36881 0 119 104 104 14217 14185
119 0 2748 60 59 43 38
2323 1 23181 10 9 1 1
14339 9 16095 23508 23507 298 298
32957 0 5195 38429 38429 8175 8172
32623 1 5195 1 1 3 2
32917 0 9489 31723 31723 35006 35002
40688 0 3489 420 420 17728 17690
13220 2 6815 31 30 63 61
5097 1 27076 26 23 1 1
17030 1 2573 4 3 8 4
2573 1 9486 37 33 2 1
37807 1 30144 33406 33406 18315 18315
2521 1 38597 10556 10553 5892 5892
6946 1 8731 2 1 4 2
9873 9 35523 14954 14954 22553 22553
1071 6 14854 2536 2533 37 37
3398 4 14735 4229 4216 20 20
5855 1 7329 16 13 7 5
3929 1 27247 21 14 1 1
16292 1 29803 22632 22630 7620 7620
6578 0 5973 39466 39466 36183 36180
40850 0 1543 369 369 18343 18293
37429 1 32885 29767 29767 16076 16076
5932 1 5931 4 1 1 1
14336 1 2808 1 1 99 97
23816 0 13145 37860 37860 32699 32699
16675 0 11522 33154 33154 26551 26551
40851 0 14187 38050 38050 16381 16378
10755 4 22444 24910 24909 1055 1055
11129 1 13730 81 76 6 3
25343 1 13730 251 248 80 76
8639 0 3289 1013 1013 1799 1789
3289 6 36920 13943 13931 205 205
8776 1 1347 9096 9095 21399 21396
1347 1 4276 194 192 126 124
39300 0 1590 21137 21137 17936 17914
37068 1 22654 17497 17497 13679 13679
1801 1 21363 1 1 1 1
31983 0 35119 8783 8783 34378 34377
31983 6 2119 16770 16769 628 628
19488 0 3006 8416 8416 10549 10539
19488 1 38649 12593 12593 24218 24218
40852 0 6747 27500 27500 9698 9697
28133 0 18038 24 24 1465 1462
8634 9 19910 24056 24055 352 352
11304 0 19910 33288 33288 31737 31736
20413 0 1973 52 52 1347 1318
26353 1 4814 19 18 23 19
22355 0 11595 730 730 34177 34171
1588 1 19716 105 104 2 1
11612 1 21343 2 1 1 1
5569 1 10107 3330 3326 6452 6448
5923 1 5569 26 24 61 58
24840 0 14776 1369 1369 636 636
24031 4 32273 21379 21379 2557 2557
12006 1 23328 21785 21784 39238 39238
15403 4 40478 11465 11465 32440 32440
16346 0 16005 24972 24972 37396 37394
7668 1 35530 13355 13353 33925 33925
9434 4 40717 14251 14249 236 236
22914 1 3088 2819 2818 22020 22018
2945 9 2944 1 1 1 1
24743 1 24742 1 1 2 1
31284 1 19047 7178 7178 19942 19941
1664 1 16927 1918 1915 2113 2112
40307 0 4362 1730 1730 10988 10986
29218 1 4362 40295 40294 38867 38867
4362 0 8787 18286 18286 6004 5998
17040 8 37417 18390 18389 58 58
39206 0 12650 321 321 15685 15668
29976 5 5742 5 5 476 468
15635 5 5742 27 27 4695 4684
903 5 5742 41 41 4858 4846
17663 4 9378 38584 38580 2108 2108
20364 1 26993 30193 30192 20203 20203
27150 0 3232 16947 16947 6768 6764
40854 0 14981 33267 33267 12723 12719
40855 0 25028 22984 22984 15714 15714
40678 5 5841 14 14 16749 16736
26893 3 11921 26356 26354 101 101
38438 0 24102 234 234 16003 15999
22467 0 22049 2453 2453 24819 24816
15542 0 22049 17183 17183 31362 31357
40856 0 8153 81 81 13814 13797
36147 0 8153 78 78 16515 16497
10925 1 8153 15 14 7 5
34372 4 36708 10527 10527 10575 10575
7489 6 35302 12552 12546 446 445
9267 0 1292 21174 21174 37912 37907
5975 0 8327 20628 20628 6199 6192
112 6 23406 37 8 1 1
6559 1 18773 23 22 1 1
13687 1 7279 34682 34682 12992 12989
37981 0 904 212 212 11951 11940
15563 1 17861 20 17 14 12
24736 1 14901 2 1 1 1
7506 1 27215 776 769 1 1
28486 1 28485 1 1 1 1
22848 1 33665 17334 17333 31058 31057
15952 0 3163 3903 3903 28341 28304
9298 0 3163 90 90 21534 21501
28717 0 3163 9 9 304 282
17876 3 17875 1 1 1 1
22196 1 22195 1 1 1 1
13637 1 27685 5 4 1 1
10125 4 13911 18914 18912 1030 1030
4146 0 37135 11289 11289 38840 38838
31487 4 8818 16813 16813 23321 23321
36976 0 4550 21 21 18781 18685
24513 0 4550 1 1 62 7
27936 0 4550 49 49 2148 2081
12322 0 4550 1 1 56 4
40857 0 2021 41 41 16910 16862
27575 0 6658 18642 18642 31419 31409
19537 9 28961 1 1 1 1
1070 0 17546 17094 17094 5774 5770
9755 1 9754 1 1 23 21
769 1 9754 9 9 1849 1846
40381 0 34906 17396 17396 11770 11770
15427 0 134 40471 40471 34120 34107
134 1 2633 30143 30140 40864 40864
1511 0 15914 18040 18040 20689 20687
5005 1 28613 138 131 1 1
18503 1 5005 2 1 41 34
40140 0 27752 20667 20666 20543 20540
16225 4 4698 18471 18468 1075 1075
40858 0 15284 21803 21803 16679 16674
628 1 627 2 1 30 29
16800 4 32120 12643 12643 36900 36900
25305 0 2099 1 1 27 9
13821 1 13530 154 153 1131 1130
16002 1 36632 9498 9498 19252 19251
40859 0 37052 8677 8677 10618 10618
6188 4 24112 44 32 1 1
6188 4 24347 2191 2173 5 5
15067 0 18496 26879 26879 36152 36152
29361 1 18956 1 1 11 10
10119 1 25492 12 8 1 1
28682 1 6956 28978 28978 10196 10196
22077 5 6956 3 3 17 6
720 9 26603 453 452 71 71
18029 0 8812 238 238 24864 24863
36166 1 16798 19091 19091 15411 15411
30646 4 33263 17063 17063 17402 17402
10063 0 8348 189 189 10526 10520
28320 1 27155 15 14 1 1
27155 1 29136 491 490 42 41
737 0 704 33553 33553 31591 31590
16207 1 16206 1 1 1 1
37148 0 23650 3373 3373 9430 9430
33954 1 14292 39501 39501 17342 17341
29886 1 28685 3833 3832 6212 6210
9855 6 33387 10720 10699 27 27
3785 0 28084 39166 39166 35118 35117
20088 5 3785 25 25 28729 28713
32514 5 3785 49 49 33728 33710
6922 1 6921 82 79 6867 6863
6921 1 7885 31349 31343 27939 27934
7656 1 11492 1 1 2 1
16454 1 15118 3765 3761 2624 2621
27917 0 8192 4 4 501 498
27917 1 5927 4 3 5 2
5927 1 27917 6 2 4 3
4197 0 8050 2591 2591 20686 20683
4197 1 37513 9692 9687 3413 3413
25431 1 5635 593 593 10717 10713
15018 1 18772 5 4 1 1
9762 6 8948 27705 27701 365 365
30927 6 25532 21137 21137 25464 25464
19315 1 39214 9096 9095 3486 3486
39214 0 32965 37338 37338 17364 17364
18563 0 4302 32205 32205 29757 29756
21993 1 19504 540 536 1 1
9794 0 26796 30904 30903 34817 34817
40860 0 1945 229 229 17794 17778
13748 1 11108 27717 27715 39256 39255
4384 1 24793 39562 39561 30316 30315
10633 4 19550 6088 6088 18875 18875
27322 1 37139 10665 10665 21506 21506
40383 0 38168 16351 16351 15059 15059
7362 4 32362 303 301 139 139
22231 1 8513 1 1 2 1
40692 0 8924 2732 2732 18417 18410
1685 1 12089 77 75 1 1
450 4 4488 567 556 3 3
39094 5 3918 76 76 10352 10338
40914 5 3918 74 74 14871 14855
2315 0 3918 5859 5859 27344 27336
40869 0 3918 36841 36841 11677 11670
39375 4 35988 8829 8829 14335 14335
33362 0 724 990 990 18607 18593
4388 4 38068 17147 17135 223 223
24592 0 13837 19022 19022 8593 8590
4109 6 1349 4461 4458 442 441
20971 4 929 33035 33035 35710 35709
23939 0 929 70 70 3144 3138
2108 1 23830 10986 10983 5890 5889
137 1 39790 9000 9000 2301 2301
14471 4 26704 27035 27031 2861 2861
38379 0 2037 17672 17672 17709 17706
3297 1 2037 26702 26700 1452 1452
19597 1 29925 2 1 1 1
9472 3 9553 2175 2175 1089 1088
24002 1 31718 18340 18340 28473 28472
13378 4 37002 12111 12105 919 919
18672 8 18729 44 44 76 73
23066 0 10976 29947 29947 34395 34395
37193 0 36623 12360 12360 16145 16145
35461 0 15432 7710 7710 11489 11488
6086 1 37968 15977 15977 3146 3146
39988 0 6132 9491 9491 14248 14245
27635 0 6879 1592 1592 31171 31171
12792 1 18251 13609 13609 27840 27839
25299 0 17090 331 331 11407 11406
22804 0 9256 17693 17693 1041 1041
22046 1 449 18126 18126 31178 31176
26701 5 39164 14977 14977 5505 5505
33010 4 37752 16661 16660 545 545
17564 4 28570 19343 19343 32923 32923
14394 1 27202 4266 4266 12670 12670
40861 0 35307 14569 14569 14715 14715
36533 1 31832 3376 3376 11222 11221
1421 1 13698 20792 20790 801 801
1421 1 1420 42 41 1 1
15918 1 8898 5456 5456 8252 8252
39681 2 3869 20 20 17001 16970
13147 2 3869 1 1 33 12
29520 1 38175 18515 18515 19841 19841
7705 4 29204 9636 9630 1005 1005
31945 1 533 16305 16305 21005 21004
20267 1 11332 9131 9130 20364 20363
40862 0 6138 4717 4717 13085 13075
12405 1 2536 1 1 11 8
22145 0 267 372 372 16595 16578
12466 4 38408 17221 17201 132 132
12466 4 38825 15755 15736 143 143
16552 1 10073 2 1 1 1
31672 0 16442 27566 27566 23779 23779
34829 0 34921 8320 8320 10126 10126
6539 1 27537 350 345 1 1
24829 0 20017 2209 2209 8978 8974
28048 0 20017 2609 2609 25578 25573
40863 0 22831 16150 16150 15897 15894
9658 0 22831 4585 4584 4050 4048
17365 6 1148 2680 2680 25928 25928
11735 1 13906 2 1 1 1
10734 0 10886 115 115 18674 18661
1494 0 15383 31892 31892 4021 4021
31725 6 3983 11 11 978 977
3023 1 19162 1 1 304 302
28499 0 2833 483 483 34704 34689
4250 3 26422 221 220 546 545
14121 1 5862 36864 36862 2488 2484
1002 0 15449 22957 22957 36351 36346
14237 9 14236 1 1 1 1
40286 1 14159 18276 18276 13259 13258
1432 4 24308 48 40 1 1
29759 0 21793 40764 40764 26488 26487
40 0 9353 19416 19416 2297 2293
36532 1 36531 11653 11653 13471 13471
4832 1 7867 176 172 1 1
27716 6 14968 25338 25338 8848 8848
304 0 25231 18303 18303 8030 8030
8542 1 19421 37 34 1 1
30629 1 15712 31354 31354 6611 6610
20027 2 9746 7 7 64 55
26019 0 4682 1 1 5 1
15092 4 32205 32048 32043 1573 1573
13106 4 30126 892 885 35 35
7451 0 9653 2396 2396 1805 1805
14198 1 7551 33773 33773 35910 35903
19206 1 11656 16 15 118 114
938 1 29478 33 31 1 1
19923 0 13346 6841 6841 17523 17514
40895 0 13346 921 921 10787 10780
8767 0 2776 5972 5972 29663 29641
17206 0 4193 26017 26017 37754 37752
9026 1 21448 28521 28521 23446 23442
10884 1 23870 35183 35182 36482 36480
10884 0 12402 18976 18976 13811 13810
33656 0 17442 1885 1885 12438 12435
29844 1 36062 24078 24077 6251 6251
39433 6 40246 14341 14340 8953 8953
13370 4 32777 22465 22464 20297 20297
40865 0 34557 11044 11044 13422 13421
12307 1 5388 1 1 78 75
8628 3 1186 2562 2562 29151 29151
4299 0 1562 4694 4694 4890 4886
18208 6 35649 15662 15662 27126 27126
12758 0 980 20070 20070 27081 27080
26577 4 38800 13985 13985 26607 26607
40866 0 8678 34954 34954 11091 11089
32294 0 1897 57 57 7596 7555
6937 1 1897 35793 35790 28490 28483
9481 9 158 6 5 29 26
13100 9 9481 11 10 39 38
15588 1 15587 9 5 1 1
13773 0 27141 12 12 16 15
25916 0 16303 187 187 1534 1526
36297 0 16303 127 127 14845 14835
20354 1 18989 1 1 1 1
973 1 13336 72 70 92 87
5185 0 13336 25415 25415 33764 33761
9012 5 7786 15 15 4431 4415
33237 1 410 27144 27144 17246 17246
14633 6 31433 2473 2473 18613 18613
14633 6 8142 7037 7036 30759 30759
40867 0 339 2284 2284 15206 15203
3453 1 18417 7 2 1 1
8951 1 28285 2 1 1 1
1460 1 8951 4291 4291 32482 32480
8222 1 6150 10607 10604 18 18
8054 3 25795 28863 28861 235 235
6845 1 2779 21804 21803 4567 4567
19202 0 12252 14 14 931 928
20124 1 18592 1 1 1 1
20124 0 14100 22669 22669 36109 36105
30846 0 2941 8 8 18 17
39027 0 9415 1172 1172 13960 13949
23350 1 17390 22007 22007 4196 4196
8558 1 7530 453 452 115 114
40868 0 5700 39294 39294 10660 10660
32469 0 324 38942 38942 27355 27338
8545 0 324 54 54 2809 2799
25032 1 25031 41 40 1 1
38057 9 30720 4080 4080 10764 10764
2030 0 1832 1633 1633 9568 9561
1637 0 5616 5550 5550 18016 18009
9928 0 5616 1190 1190 23769 23761
1702 4 29665 423 421 12 12
36951 4 24229 36895 36893 9813 9813
6008 1 1041 1 1 29 28
14647 0 13213 53 52 1 1
699 1 22618 1 1 1 1
35907 4 37894 8967 8967 11121 11121
13383 1 2789 10306 10302 19439 19438
2713 6 7645 139 115 1 1
11577 1 7731 2 1 86 84
40870 0 1335 37767 37767 11802 11801
24483 1 12798 2 1 13 12
17309 0 30810 24035 24033 23597 23596
10156 1 963 1 1 3 2
2452 1 3976 4 1 5 3
2452 1 7086 3 1 257 251
40905 0 3387 7698 7698 17611 17600
7217 1 3387 7103 7102 340 340
8525 4 37769 13435 13433 1443 1443
35828 0 1364 27 27 12323 12300
26559 6 35828 10859 10859 6450 6450
16493 1 19237 25658 25657 26333 26326
2933 1 7202 3 1 7 4
6048 9 22594 5071 5070 229 229
29003 1 35415 10286 10284 27985 27985
20788 1 10332 26900 26897 9601 9600
5707 1 5706 2 1 3 2
29609 1 29608 1 1 1 1
22190 1 35891 10237 10234 677 677
22190 1 11262 1497 1495 447 446
9192 1 19649 10884 10880 20803 20802
26202 0 7136 45 45 1062 1061
36138 0 7877 1618 1617 15080 15078
23317 0 6977 1767 1767 16041 16009
40920 0 6977 159 159 15032 15001
36948 1 27706 17733 17733 11704 11703
34777 1 14753 3707 3707 13071 13070
1620 4 23845 107 103 2 2
12071 1 18026 99 97 1 1
8848 5 14818 3 3 196 189
11500 6 11034 26530 26523 893 891
16013 1 5367 342 339 42 40
10574 6 36868 12838 12834 271 270
18072 0 1880 222 222 3621 3607
7031 1 26802 55 52 23 22
32487 1 10667 31466 31464 23215 23213
28680 1 10686 7 7 430 429
9031 4 20091 166 152 2 2
37696 0 13023 2229 2229 16253 16246
5434 1 5433 1 1 2 1
24552 2 8531 25 24 368 365
35789 5 3276 20 20 10112 10093
31511 5 3276 43 43 24385 24360
39401 0 24275 16242 16241 15255 15246
27408 0 4448 5 4 12 5
13163 1 17198 54 53 1 1
8664 1 2489 5 4 9 5
2489 1 15398 43 39 1 1
25485 2 3943 1 1 273 250
38545 2 3943 21 21 14139 14109
36055 6 19589 2039 2039 16331 16331
19768 0 5156 8695 8695 37877 37845
26405 0 5156 30604 30604 35735 35704
17022 6 35666 18499 18496 660 660
17022 6 3619 6804 6802 221 221
4621 1 88 2 1 875 873
40873 0 28355 34451 34451 14106 14104
2460 9 9748 28326 28326 7511 7511
36214 0 573 30 30 15587 15550
40874 0 22716 19991 19991 11652 11652
25322 4 40518 8967 8967 10253 10253
2760 0 11134 37759 37759 32032 32028
4446 9 1807 29087 29084 684 684
11636 0 4446 36797 36797 26151 26151
36303 1 2876 21222 21222 18367 18367
37244 1 21630 28540 28540 8768 8767
38942 1 2626 2223 2223 18573 18570
31471 0 2626 38829 38829 17677 17676
3018 0 27173 33522 33522 36641 36641
26985 0 7600 1837 1837 10126 10123
37635 0 7600 5208 5208 17016 17011
8617 6 7587 23019 23008 120 120
24972 0 1142 20218 20218 30938 30936
680 7 38698 17741 17689 4 4
680 7 40901 13740 13694 4 4
6028 0 29623 32103 32103 8828 8828
29623 0 33835 18351 18351 20941 20938
36506 4 25083 18527 18527 12362 12362
7152 1 4236 19657 19656 18416 18415
22504 0 7152 8163 8163 2745 2742
40876 0 1295 2731 2731 13615 13610
21646 1 1295 138 137 18 14
22690 0 9531 31766 31766 33768 33763
34554 0 9531 21883 21883 18314 18310
701 1 25692 1 1 450 447
14347 1 5567 7467 7465 26930 26928
22500 1 15849 34684 34683 34517 34516
24584 6 29929 26324 26324 33860 33860
18192 4 1499 2174 2174 6852 6852
17820 1 654 2 1 328 324
23192 1 654 1 1 6 3
34164 0 21362 29795 29795 11254 11251
23961 0 6776 7 7 592 589
14951 5 6776 142 142 40155 40150
2111 1 35677 10586 10584 3577 3577
32320 1 16031 33327 33327 37707 37707
31261 4 13766 3427 3427 5710 5710
38116 9 9 271 271 14936 14935
40068 0 28942 25316 25316 14592 14592
21724 1 8592 74 70 4 2
4229 1 37036 17931 17928 36894 36894
29447 0 15913 40431 40431 40263 40258
16697 4 31051 767 765 22 22
5443 6 33646 11411 11396 98 98
13087 1 36310 9259 9258 38600 38599
22927 4 27025 19371 19371 38691 38691
24129 1 15215 519 518 1011 1010
24953 0 13135 5740 5740 33760 33751
22068 0 29955 30144 30144 18613 18613
6111 0 23960 18826 18826 34714 34712
6111 1 11198 655 653 1 1
2003 0 4127 31708 31708 33406 33402
40878 0 34399 14774 14774 10228 10228
26349 1 19291 26101 26100 10116 10115
15641 1 5982 21347 21343 34084 34082
21253 0 5982 21685 21685 36259 36259
3948 3 25669 24713 24710 156 156
40879 0 39495 11317 11317 9997 9997
10738 0 8594 307 307 5892 5889
40612 0 8594 890 890 14246 14242
12395 0 4161 18614 18614 28243 28215
40942 0 4161 1081 1081 17909 17886
26530 0 25605 4005 4005 9010 9009
25576 0 19971 40877 40877 40744 40738
3574 6 39280 17671 17667 216 216
35051 1 36988 17248 17248 14992 14992
19269 6 3870 38356 38355 32486 32486
26457 1 21879 2344 2344 22532 22531
16049 4 31756 4738 4737 373 373
26279 5 6146 104 104 3552 3546
31974 5 6146 79 79 4918 4910
22137 5 3531 45 45 22373 22356
15837 1 15836 1 1 1 1
3895 0 3721 95 95 3661 3636
23820 6 25420 5 2 2 1
23820 6 11103 24544 24539 1659 1658
28203 4 29473 6394 6393 515 515
2999 1 36067 20322 20319 466 466
11766 5 10754 3305 3305 33357 33338
40880 0 10330 19974 19974 16280 16276
29695 1 25945 37758 37758 36543 36543
15242 6 5534 1887 1886 134 134
16017 3 30757 25200 25198 140 140
9486 3 6190 9820 9817 143 143
10504 6 36780 14300 14293 217 217
31226 0 17728 2709 2709 3091 3088
8734 1 1538 2 1 1 1
29667 0 249 23 23 19123 19082
7681 0 249 19846 19846 31750 31705
1196 5 12328 54 54 9193 9181
29190 5 2139 20 20 34377 34350
9335 5 2139 5 5 137 122
13338 1 18054 12 10 1 1
19110 4 40436 13189 13189 16753 16753
1935 0 7945 81 81 5381 5366
1104 0 7945 1048 1047 31063 31044
32001 2 3539 410 410 31288 31287
7118 0 3978 5758 5758 40447 40427
27765 0 206 29197 29197 28750 28721
16624 9 15794 8038 8038 17937 17937
1966 4 24890 7096 7095 561 561
31338 0 8266 2422 2422 1534 1531
40221 5 73 16 16 17345 17297
3410 4 40221 11617 11616 1995 1995
29650 5 73 27 27 24050 23999
4984 0 73 686 686 22477 22467
7890 1 8556 11 7 187 185
32343 0 7890 28679 28679 34613 34597
4686 0 9935 462 462 30456 30441
1690 1 5111 3441 3430 3544 3543
23282 0 1690 1152 1151 2578 2573
10335 1 2363 27166 27166 21320 21314
19856 1 15917 25033 25032 2958 2957
15168 1 35514 17596 17596 34953 34953
40881 0 9334 27537 27537 17453 17448
28253 1 28252 1 1 417 416
11736 1 678 22114 22112 19404 19402
12371 1 20336 4 2 1 1
26039 1 31200 24446 24446 27703 27703
39168 1 23614 33470 33470 18281 18281
20692 1 21524 1 1 1 1
24359 1 36592 16154 16154 26280 26279
6740 1 6335 30 29 4 3
38194 0 6335 27272 27272 11286 11286
5315 0 18408 36395 36395 33956 33956
11605 4 40002 11928 11928 5334 5334
12921 1 24570 21 14 1480 1478
21374 1 12921 19877 19876 6816 6808
5134 2 4633 2 2 11 1
35877 0 85 6 6 13268 13092
23185 0 85 5 5 4851 4710
40756 0 85 5 5 19177 18951
26136 1 26135 1 1 1 1
37633 0 20754 7401 7401 15067 15066
40883 0 1222 3487 3487 16610 16596
40904 0 1222 3289 3289 15063 15051
19190 1 22874 32863 32862 23626 23624
14563 2 35454 11638 11637 7146 7146
12530 1 5329 21342 21342 18738 18737
37793 0 425 8764 8764 17265 17249
7112 1 21005 35127 35127 24123 24119
13785 6 30026 6372 6372 40582 40582
30892 1 27200 1 1 1 1
22309 1 11345 24705 24704 17364 17357
652 1 11489 10 6 202 201
21523 0 5914 9814 9814 4935 4933
19459 1 8641 1 1 60 56
103 0 9917 18086 18086 30221 30221
34367 1 30925 16603 16603 16058 16057
39210 0 36049 14350 14350 12666 12666
27244 6 22681 5784 5783 121 121
12608 4 21734 149 148 9 9
31281 1 6359 1 1 13 8
40153 0 6359 2609 2609 12514 12511
28257 1 28256 222 221 1 1
3741 6 11977 177 176 56 55
8455 0 14334 299 299 1515 1514
11170 1 606 6522 6516 9872 9870
9097 4 33963 10334 10333 1414 1414
15436 1 15435 1 1 1 1
9201 1 9200 2 1 1 1
6058 0 5378 314 314 31626 31613
5378 1 9054 20124 20122 31497 31492
24455 0 7235 4466 4466 33893 33889
40886 0 36491 14253 14253 14233 14233
27948 0 29072 38141 38141 39793 39789
2574 1 10949 14 11 92 88
15184 1 36822 7837 7837 32539 32539
17033 1 208 1 1 67 66
5633 0 4663 33536 33536 36817 36801
23779 0 17423 40655 40655 35527 35523
31140 0 1615 39879 39879 22919 22915
25999 1 31140 19183 19183 8092 8091
29071 0 25203 35063 35063 27378 27375
4929 4 37085 14346 14343 1898 1898
11962 4 5667 1028 1026 39 39
14732 6 18907 2763 2762 163 163
4582 0 23340 7857 7857 26403 26400
2940 0 23340 34357 34357 36984 36980
6093 10 24981 10022 10021 32 32
14001 0 36202 14343 14343 20060 20060
37407 0 19919 8206 8206 15476 15473
28934 0 6210 25621 25621 22350 22347
13298 1 26814 9 7 2 1
12356 1 20726 17783 17782 19505 19504
11679 7 15652 129 127 9 8
18992 0 780 33539 33539 8204 8201
12696 0 1750 40164 40164 20999 20997
22477 1 2282 20818 20815 21903 21903
17701 4 36065 12523 12523 21305 21305
20641 0 36866 12034 12034 28928 28927
31601 0 1352 819 819 12721 12716
36144 0 28533 20461 20461 9245 9245
22400 2 2183 15 15 26988 26957
39117 2 5348 227 226 16375 16373
12905 1 5832 3 2 2 1
16355 1 22399 30235 30230 4661 4661
8334 2 35737 13434 13434 4142 4142
13347 0 26570 68 68 413 412
40889 0 34949 13945 13945 16458 16458
12551 0 7485 770 770 5531 5530
3154 1 27514 8 6 1 1
35950 0 20760 1478 1478 17570 17565
20760 0 25127 7707 7707 32384 32383
23933 1 23098 6 5 37 34
12685 6 19180 21685 21680 27 27
12358 2 4168 45 45 1028 1024
7700 2 4168 44 44 6512 6506
35674 0 16517 27198 27198 10444 10444
6813 1 5175 3 1 1 1
7375 1 7374 2 1 2 1
40890 2 23906 26252 26252 14943 14943
21948 4 38918 14244 14244 20906 20906
17500 9 17499 1 1 1 1
6759 1 21078 6 3 5 4
11196 0 24534 17271 17271 1236 1234
16734 7 13678 21796 21794 8 8
865 1 17946 428 422 1 1
1821 6 39122 11097 11085 199 199
11630 1 31896 5 2 1 1
7284 1 17756 20061 20060 22243 22243
26770 5 6829 148 148 24880 24877
37565 1 22789 23376 23374 19004 19003
11926 1 11925 900 896 1 1
27446 1 22702 4560 4558 1278 1277
13999 0 37238 9087 9087 35932 35931
2050 6 30438 22570 22570 3698 3698
21493 0 24309 8512 8512 17570 17570
40891 0 13449 4554 4554 13581 13581
15390 1 38904 9018 9017 37259 37259
33146 1 2101 4 4 13536 13529
17987 3 17986 90 89 654 653
29746 3 17987 1 1 654 652
2692 0 10487 393 393 231 229
32902 1 29338 1 1 1 1
14511 6 11512 21531 21524 245 245
6117 1 683 1 1 49 43
25817 0 40019 10305 10305 32383 32383
39730 4 31900 2673 2673 10575 10575
14912 3 19439 6746 6743 50 50
34332 4 1842 29344 29342 19678 19678
29957 5 8285 76 76 3999 3997
8398 4 40398 15281 15281 23513 23513
13141 4 36356 19101 19091 1092 1092
24146 1 36079 21572 21571 1157 1157
12197 1 24146 159 156 1 1
8973 0 15567 692 692 6740 6739
2840 1 18631 55 54 1 1
4993 1 4648 24 23 1342 1335
15543 4 26788 22786 22786 25969 25969
9926 1 1976 6752 6750 202 200
40893 0 10088 31705 31705 16343 16339
18632 0 15264 2497 2496 4972 4971
25930 4 9684 772 769 207 207
39714 5 5407 44 44 17829 17807
31612 1 9688 3898 3898 19766 19765
1782 1 1781 6 5 10 7
34009 6 39128 7855 7854 8801 8801
25597 0 4132 6142 6142 30843 30833
16378 0 2054 121 121 5639 5628
12541 0 2054 9274 9274 29739 29722
2054 1 17904 20699 20699 30103 30102
18557 9 18725 1 1 1 1
40453 1 28165 19976 19976 12292 12290
7231 0 16733 34344 34344 8983 8983
17867 1 14085 40147 40146 39801 39800
36201 4 39259 11825 11824 8106 8106
17202 0 12720 69 69 10400 10393
28053 0 4049 2790 2790 622 617
25593 0 4049 833 833 23022 23007
4049 1 28361 28539 28539 19758 19756
22873 1 37187 8883 8876 869 869
37187 0 3391 26590 26590 17517 17513
30984 1 6485 18881 18879 6183 6182
12052 1 6794 1 1 7 5
6371 6 13857 765 763 6941 6940
1675 3 3261 3451 3447 462 461
32329 0 39076 15414 15414 20554 20554
1788 0 22163 158 158 2897 2894
8791 1 15310 12 11 56 50
13863 1 15310 67 60 14 11
3838 1 15310 40 38 24 19
36716 0 15310 25604 25604 16902 16902
23303 1 6584 9182 9181 7676 7671
9014 0 13840 36815 36815 29852 29847
9501 1 16279 844 843 1138 1137
9412 1 35482 8462 8460 900 900
26517 1 352 10 8 16 9
30651 1 30650 1 1 1 1
13606 0 5759 18075 18075 31420 31405
24242 4 40495 16079 16079 20135 20135
3024 1 8489 1 1 326 321
4914 4 5471 1366 1362 26 26
16649 0 11808 6968 6968 4504 4501
16580 1 16649 2 1 134 132
8882 1 30608 2 1 1 1
24380 6 4034 5397 5397 21048 21046
20967 1 38940 12365 12364 18725 18725
38940 1 20967 1482 1482 11592 11591
12345 4 32572 28532 28531 18706 18706
17336 1 6811 6247 6247 25243 25241
4393 0 21188 8665 8665 27489 27487
16082 0 19592 18347 18347 23576 23576
13599 4 38034 10471 10471 39388 39388
2399 3 852 1 1 3 3
26551 1 17969 6713 6712 28584 28582
19862 1 25685 7310 7308 36575 36575
33100 0 23835 6793 6793 26642 26637
38732 1 16818 5128 5128 14501 14499
30257 4 39983 14746 14746 26788 26788
2097 1 9439 29 26 7 3
8891 1 8890 1 1 4 2
10946 1 16189 4 1 2 1
23311 5 666 5 5 105 85
7605 1 16736 21751 21750 5705 5704
40896 0 23801 8645 8645 14364 14364
3152 1 34834 9328 9326 7170 7170
8027 0 17129 31705 31705 18706 18705
18036 1 23414 21 19 2 1
10896 1 5187 1 1 1 1
29378 0 14065 19773 19773 9031 9029
11268 1 18820 4689 4688 5778 5776
10603 3 7644 1 1 171 170
28163 6 33290 10268 10268 3517 3517
26372 1 2839 3 1 62 61
13731 1 3340 20 18 80 77
30635 1 27499 22883 22882 12798 12796
19561 2 12788 1063 1061 309 307
6316 1 14884 3 1 2 1
14884 1 6316 2 1 3 1
40071 0 542 68 68 15245 15232
24433 1 24432 96 95 1 1
8518 8 19686 186 182 2 2
36028 1 13581 25286 25286 8112 8111
23015 1 39472 17390 17389 7792 7792
29941 0 8121 29 29 316 314
11007 0 39628 17812 17812 8217 8217
38483 1 35975 10110 10110 13402 13402
27069 0 17594 28467 28467 33249 33249
31414 0 21528 34192 34192 23420 23417
10966 0 6448 494 494 5860 5856
7275 0 36151 15817 15817 19872 19871
10347 0 12311 2053 2053 578 570
40897 0 15992 842 842 11896 11893
29348 1 9181 1 1 189 186
181 4 20452 18004 17999 72 72
30056 0 13450 23122 23121 28839 28833
13510 0 34706 14893 14893 35958 35956
9041 1 8986 13 9 407 404
33052 1 6521 1 1 412 408
26934 4 36843 11560 11560 7874 7874
2778 1 2777 69 66 1 1
28399 9 24687 35743 35743 20540 20540
28399 0 7125 29741 29741 7772 7770
163 1 9522 4 2 2 1
38964 6 15538 16666 16665 10557 10554
36295 6 20656 30924 30924 8200 8200
7947 1 3044 5202 5200 28903 28896
24577 0 6103 39542 39542 39897 39894
39447 2 955 67 66 17625 17612
27080 0 35724 11020 11020 36116 36116
18317 0 16471 8455 8455 22906 22903
40899 0 1371 56 56 15582 15561
35847 0 1371 59 59 19147 19125
32447 6 14556 40907 40905 24697 24696
5046 5 5363 60 60 22113 22100
31855 0 1378 2654 2654 33194 33132
19994 0 1378 1 1 54 22
25740 0 1378 1 1 231 195
40676 0 1378 13 13 14862 14802
20832 0 2453 7333 7333 36578 36524
38637 0 35536 16509 16509 10873 10873
29542 6 38922 12517 12517 38812 38812
17578 1 8885 1891 1890 4112 4110
40900 0 3668 4490 4490 13894 13888
38879 4 40465 8710 8710 14566 14566
23645 1 3271 2 1 1 1
10717 1 23392 12 11 3 1
7129 6 37636 12696 12678 1039 1039
7129 6 39342 11047 11030 1010 1007
22752 1 11603 4 2 20 18
13171 0 2104 40179 40179 39613 39597
3840 4 25993 3949 3948 60 60
6976 1 6542 4269 4269 23456 23456
6504 0 17314 3 3 28 24
1218 1 18913 15209 15207 30269 30269
23637 1 22005 1 1 1 1
12259 4 40042 16332 16332 25713 25713
29053 0 31232 40820 40820 39854 39850
14841 1 11642 1 1 6 4
12434 1 11406 9 8 55 52
4571 1 19807 39 38 1 1
12516 1 16943 4311 4311 23763 23761
9471 1 28564 5350 5346 152 152
40902 0 30686 9468 9468 13535 13534
215 1 13069 61 56 3 2
28342 4 21955 27857 27857 39378 39378
4050 1 5908 30268 30267 7497 7497
10960 0 16571 26111 26111 37386 37385
3343 1 1512 5638 5635 4677 4676
15421 1 7039 158 154 3 2
40903 0 23890 33447 33447 18632 18631
18173 1 23932 2 1 2 1
26645 1 11702 5576 5576 21215 21214
15117 1 11702 1 1 1 1
7241 1 9423 27 25 1 1
15866 1 20662 33714 33713 27103 27100
308 1 23762 59 55 1 1
1602 1 20590 33896 33893 22234 22233
7541 1 7540 1 1 5 4
4015 0 32323 5294 5294 7397 7397
36003 2 3957 51 50 18422 18418
11479 0 4865 34592 34592 34926 34920
1202 0 14475 12 12 203 201
14612 1 19739 1895 1894 4193 4191
7024 0 6752 148 148 629 623
32853 0 5203 25232 25232 19851 19849
37253 0 40396 13853 13853 14623 14623
34648 0 16831 26562 26562 13486 13486
1613 1 3914 1659 1658 4385 4383
10826 0 26562 107 107 10033 10029
23101 1 12527 5 4 5 3
27830 0 8061 32820 32819 27643 27641
20864 1 6464 9605 9605 21398 21396
5262 6 29332 5945 5943 597 597
35821 0 16863 35802 35802 14688 14683
13407 1 4967 6 5 6 4
9713 1 18011 38576 38575 27934 27934
31393 4 27927 9433 9433 8607 8607
12347 1 13214 1 1 1 1
22063 1 36525 17515 17515 35834 35834
37425 0 4766 23589 23589 9663 9663
27152 4 38832 10557 10556 858 858
31830 5 24055 7967 7967 27990 27990
15799 6 17609 15 10 1 1
38974 0 621 6388 6388 11242 11242
17241 0 17150 1 1 59 58
2858 4 33960 15633 15602 7 7
26230 0 10765 479 479 1032 1026
19752 1 19897 125 121 5 4
38731 0 10922 39324 39324 8856 8855
30909 6 31031 18767 18767 19253 19253
40907 0 25161 291 291 17648 17647
36978 0 692 128 128 15806 15785
29708 0 692 911 911 20173 20151
20476 1 6724 302 301 235 234
40908 0 7921 19983 19983 15186 15186
2443 9 5163 758 757 27 27
12141 1 2443 168 168 2593 2590
7159 4 32394 4892 4891 622 622
9995 0 1520 31827 31827 38497 38487
3657 1 11758 37952 37952 36372 36368
687 6 27283 20842 20821 175 175
8662 0 716 28 28 1054 1033
7974 1 3145 703 700 4 2
24517 1 9302 33630 33630 27985 27983
7449 0 7095 6659 6658 8212 8212
31989 4 40175 12312 12312 15253 15253
40909 0 3338 4267 4267 10023 10019
19172 0 15730 25882 25881 36213 36212
15433 6 23550 8761 8759 360 360
15869 1 9418 7037 7035 3 1
27694 3 13419 916 916 22158 22157
21543 0 14367 37659 37659 24218 24212
5015 4 5256 27581 27574 5123 5123
16016 1 10865 39197 39196 32495 32495
2379 0 14652 34686 34686 20167 20167
40910 0 10662 2566 2566 17150 17146
13388 1 17572 1120 1119 867 866
38526 0 17405 530 530 13170 13165
9889 0 38560 12291 12291 29175 29174
11600 0 13047 216 216 10318 10311
40912 0 9931 34249 34249 10231 10231
36575 0 34172 16509 16509 15935 15932
19960 6 20910 4179 4178 229 229
10868 1 6529 100 98 677 674
25398 1 30292 1 1 3 2
13664 1 23487 27357 27356 2361 2360
40913 2 1214 43 43 14594 14575
13094 2 1214 11 10 140 127
16437 0 26208 7399 7399 24193 24191
22757 1 22756 23 22 1 1
40260 0 26108 19699 19699 18582 18580
32735 0 5654 4255 4255 17837 17835
3447 1 9780 3 1 2 1
14404 1 3447 32565 32563 17200 17195
7985 1 4209 36954 36954 36103 36100
40915 0 10407 5335 5335 11439 11439
6851 1 6468 1 1 454 450
15604 3 4192 4537 4537 4337 4337
9074 0 2243 323 323 1129 1128
16945 1 27937 1 1 1 1
37937 2 17319 376 375 10238 10234
17444 1 7040 1 1 8 7
24542 0 21434 37822 37822 38122 38121
19654 0 38248 8952 8952 33094 33094
40916 0 25194 37939 37939 9953 9952
3512 1 1507 22463 22460 1033 1033
35515 4 5683 22870 22870 17655 17655
26598 1 13630 2038 2038 10238 10238
3815 1 39428 10934 10932 22147 22147
4037 0 16708 38835 38835 40120 40115
29698 0 8868 29583 29582 32900 32899
15051 1 14230 38148 38148 28054 28050
1006 3 17460 1521 1520 2533 2530
20944 1 2415 2422 2420 3968 3965
9847 3 11802 7884 7878 21 21
19964 4 40677 12578 12575 1243 1243
23100 1 23574 2 1 2 1
21645 1 16026 530 529 13 11
3046 0 140 17014 17014 20752 20745
1732 6 23260 28 19 1 1
29279 4 22476 20392 20392 31398 31398
21641 0 8412 32378 32378 36952 36951
40283 0 13935 433 433 13382 13379
20075 1 5623 16002 16000 2 1
32173 0 25942 7228 7228 20834 20832
17114 1 9438 1 1 3 2
33419 4 28271 30091 30089 9399 9399
40917 0 5681 21492 21492 14831 14830
15907 1 15906 1 1 76 74
15906 1 26088 21113 21110 645 644
14098 4 39569 13349 13347 1219 1219
4725 1 3135 32594 32593 40316 40315
24645 1 21259 35598 35597 10099 10098
22111 1 25386 1 1 1 1
11499 1 5619 1 1 8 7
3068 1 3431 7 3 1 1
7765 1 7764 2 1 1 1
11813 1 30361 36 29 1 1
13330 1 4080 6 5 1 1
40919 0 27595 25746 25746 14193 14193
26579 0 27595 17849 17848 36509 36508
20569 1 7364 7 6 63 57
27835 1 30774 22846 22846 28787 28787
2212 6 39573 12200 12200 31491 31491
29644 1 22647 1 1 1 1
28102 1 13943 1 1 11 10
39806 0 4094 29299 29299 17090 17090
11333 0 1873 12 12 500 493
7708 1 7707 3017 3016 1 1
20826 6 37122 16355 16354 1511 1511
35116 1 2058 1918 1918 10591 10587
4697 1 3858 27 26 3 1
11455 4 7090 39920 39916 512 512
40921 0 10175 1258 1258 15647 15645
38431 1 28014 1934 1934 12359 12359
12033 1 19844 1 1 1 1
5245 0 33893 13418 13418 36798 36798
34222 0 38513 14637 14637 10451 10451
8695 1 8694 1 1 16 13
3104 1 3103 1 1 2 1
15438 1 11384 1 1 25 23
31721 1 24228 1 1 1 1
2370 4 3245 38 27 1 1
8754 1 6098 270 267 328 327
8754 1 4244 26 24 34 32
18988 0 27345 6205 6205 40410 40409
40923 0 13663 3220 3220 16883 16867
11049 0 722 37040 37040 39552 39544
38784 0 6570 22418 22418 15557 15545
16141 4 16183 38000 37998 30798 30798
496 1 32512 2 1 1 1
37743 1 14493 24666 24666 7335 7332
5090 1 38941 10029 10028 272 272
34217 1 30032 1188 1188 15389 15388
16865 1 8774 1 1 6 5
26008 1 24248 30024 30022 36872 36872
37763 1 3707 40607 40607 13658 13658
22457 6 34682 14843 14843 3464 3464
33138 1 11811 28255 28255 18357 18357
25767 4 33687 10671 10671 28225 28225
13958 4 28025 612 606 10 10
656 1 37010 10969 10968 18499 18499
10583 1 2117 8 5 161 155
20736 1 17537 6803 6803 22437 22436
10184 0 28333 36133 36133 34219 34215
38142 0 26564 40189 40189 13333 13333
3096 4 25112 3194 3188 27 27
15613 0 15381 33614 33614 24090 24087
22584 1 12684 2460 2460 24265 24264
10350 1 13671 36 35 1 1
7514 1 25165 2 1 8 7
25852 1 20593 1 1 22 21
14893 0 27550 4178 4178 26127 26127
22787 1 22786 1 1 1 1
5300 0 27067 3372 3371 1044 1044
622 0 8078 3758 3758 29379 29369
24444 8 33475 16201 16201 4822 4822
35002 0 19318 26775 26775 8597 8595
5466 0 115 32878 32878 34539 34522
19843 0 2682 1 1 3 2
22395 0 5140 1738 1738 4513 4509
20504 0 11647 9115 9115 22062 22056
11184 4 27448 25055 25046 424 424
33563 0 18375 28891 28891 18122 18122
19846 1 18645 32608 32606 28404 28403
23722 0 20561 25583 25583 25684 25684
36869 1 18872 3071 3071 9831 9827
1358 1 1357 2 1 1 1
13443 1 1717 6 4 60 58
9968 1 13305 1 1 403 399
6222 1 29825 18762 18761 9521 9520
19156 0 89 7875 7875 9318 9313
28882 9 3696 1 1 1 1
40924 0 22072 1347 1347 14823 14821
30066 1 7387 40410 40410 24186 24184
15533 0 7387 2452 2452 28659 28654
6506 6 39335 13136 13129 157 157
29368 0 40057 15728 15728 30790 30790
27225 6 33459 10268 10263 171 171
34773 0 34386 10832 10832 17209 17208
40449 0 1803 40315 40315 12309 12301
21774 6 9252 32535 32535 20960 20960
18483 1 17730 1 1 3 1
18247 1 33545 17449 17449 18980 18980
38623 0 5839 795 795 18990 18988
4359 1 29197 3 2 3 1
29197 1 13612 29487 29483 5997 5994
27198 1 6242 149 149 1387 1383
27447 1 4053 1 1 1 1
13806 1 28087 1 1 1 1
40925 0 19888 2424 2424 16182 16182
9983 4 21913 1201 1200 158 158
20348 0 11447 22825 22825 25648 25648
38036 0 1666 34 34 13863 13852
32679 0 34089 17136 17136 32966 32966
35965 4 17251 2625 2625 13839 13839
18481 6 27900 24146 24146 36826 36826
37628 1 32564 1188 1188 21101 21100
4466 1 21189 1 1 13 11
640 1 7220 2 1 64 63
24070 0 18975 6526 6526 8357 8356
2758 1 22165 2 1 274 273
4556 1 9927 449 447 248 244
40353 0 10745 5962 5962 13700 13696
19632 1 35311 17788 17788 16703 16703
39784 1 31199 31934 31934 17112 17112
4594 0 5891 22806 22806 19276 19272
4491 0 19288 1502 1502 2957 2955
30729 4 33668 11427 11427 23591 23591
34985 0 3925 5013 5013 15731 15729
28487 1 7168 94 94 7848 7845
26416 1 36198 19035 19033 1122 1122
34811 0 1272 29008 29008 20603 20590
3263 1 2390 4 2 10 7
11689 0 15537 34238 34238 25970 25968
28752 0 4416 35876 35876 20268 20267
27422 0 8663 27863 27863 31768 31766
5643 1 3754 1 1 25 24
11366 1 26527 4950 4946 4592 4591
24792 1 893 1 1 1 1
6657 1 21399 1 1 1 1
18566 1 6657 36324 36324 25853 25852
39413 0 5325 35478 35478 20534 20512
11969 1 26616 2488 2488 3252 3251
36488 1 6245 8478 8478 18009 18005
11151 1 17991 1871 1870 19320 19318
3136 1 16161 2 1 15 14
30980 0 3884 17992 17991 28718 28713
30250 1 32816 5 4 1 1
4638 1 29948 27895 27895 37822 37822
27855 0 9636 6402 6402 7927 7927
22777 1 35880 17037 17036 35526 35526
3901 1 1387 6577 6576 28407 28407
22243 0 13777 11247 11247 19302 19292
5542 1 30223 7 4 3 2
38033 0 20954 21808 21808 17775 17775
29753 0 15565 32316 32316 23587 23580
29266 4 13537 10543 10543 8203 8203
1937 6 25054 29850 29847 631 631
21124 0 14843 1698 1698 25981 25978
40927 0 290 100 100 14125 14088
31744 4 8674 5390 5390 4511 4511
40127 0 2558 1315 1314 15930 15917
2529 4 12558 20491 20485 125 125
7694 1 33571 9063 9061 17712 17712
22610 0 27194 2560 2560 1029 1026
30249 0 6066 23743 23743 21123 21122
658 0 13432 38980 38980 35358 35354
40928 0 9369 38163 38163 12882 12881
38434 0 9010 5934 5934 10738 10737
30241 6 28445 3398 3397 297 297
35998 1 12005 2712 2712 20156 20153
37809 2 18294 1709 1709 11456 11454
11424 1 34792 11025 11019 6074 6074
35840 0 11072 4034 4034 14280 14279
28978 1 22902 39980 39980 33420 33420
11576 6 38596 13422 13422 2230 2230
1930 4 36216 16372 16365 748 748
7939 1 10211 18 15 5 4
28794 4 27413 7554 7554 7601 7601
5741 0 1817 33821 33821 38379 38379
5741 6 31343 1290 1288 447 447
19214 6 3845 40851 40847 764 763
23468 1 1116 20533 20531 33415 33413
19251 1 13436 2 1 15 11
30832 0 17008 27621 27620 31908 31908
10086 1 10085 1 1 1 1
20123 1 21785 34952 34951 8252 8250
29801 1 16682 852 852 4814 4811
2714 6 17927 24 6 11 8
3544 6 29062 5967 5959 162 161
16737 0 2582 22146 22146 25533 25530
37791 0 27732 20047 20047 16128 16126
17526 4 11245 40542 40540 1812 1812
1533 0 604 39077 39077 30674 30663
39727 1 9142 17935 17935 11587 11581
13018 3 4849 1 1 326 325
32445 0 36854 10055 10055 19247 19246
30065 6 21979 1756 1756 28286 28283
1742 6 21979 25165 25165 34483 34479
23039 1 22926 1 1 1 1
32339 1 27741 38253 38252 39918 39916
17262 4 33581 12055 12054 20916 20916
26419 1 3896 26017 26017 34531 34530
2404 6 17683 7148 7147 19330 19330
33189 0 14812 325 325 17082 17078
26452 9 7754 714 714 33617 33616
19015 1 28438 8291 8290 36224 36221
12913 1 9397 1 1 107 105
40931 0 27727 34939 34939 10755 10755
1419 1 22014 26 24 45 44
22075 4 35020 11433 11433 32515 32515
14470 4 37913 12751 12750 1502 1502
28719 0 7960 18737 18737 31635 31635
8597 1 843 1 1 24 23
14278 0 7240 40751 40751 34779 34763
2970 0 8651 38717 38717 31026 31025
17407 6 4098 40386 40385 397 397
15599 5 6014 26 26 2538 2535
23298 0 37796 17931 17931 6346 6346
23743 4 1839 1684 1680 37 37
9242 1 9241 1 1 48 47
40932 0 8840 22538 22538 12442 12438
20097 1 39891 11595 11592 1342 1342
28366 1 34247 16855 16854 16824 16824
23644 0 37462 17511 17511 25493 25493
9572 9 9571 1 1 1 1
30724 1 28310 30805 30805 22642 22641
18933 4 6687 28011 28010 738 738
17759 0 2861 25655 25655 32067 32058
40933 0 15371 7524 7524 16373 16369
38707 1 6267 29774 29774 17483 17482
4208 1 4207 48 47 1 1
15219 1 38553 7414 7413 31307 31307
23158 4 15716 2867 2867 2100 2100
21950 1 27256 2 1 438 437
34499 0 3934 40877 40877 11725 11725
35578 1 3227 2021 2021 9498 9496
7908 1 6243 38984 38977 19027 19026
1914 6 14604 6586 6566 2 2
38010 0 30717 20275 20275 11492 11492
40934 0 22330 38113 38113 16452 16452
36509 0 1481 22626 22626 13104 13103
17630 1 5576 2 1 6 5
16260 4 1174 79 77 171 171
8162 2 27707 901 901 40758 40758
28523 9 16965 32451 32451 3462 3462
40935 0 16658 18352 18352 13671 13668
25614 0 86 2077 2077 3118 3116
18620 3 6300 5 4 9 8
10303 0 1380 27289 27289 37691 37677
37033 0 20187 18228 18228 17931 17930
26386 0 18443 28336 28336 37555 37554
38926 0 5480 24186 24186 17214 17213
29831 0 12577 2 1 15 11
15782 0 21097 18111 18111 10103 10103
22438 1 8094 7095 7095 8298 8297
40936 2 3999 15 15 14780 14741
1838 0 11464 23926 23926 40608 40606
14405 6 31106 4945 4943 2019 2019
38576 6 23883 1608 1608 15398 15398
17088 4 35425 11166 11166 16676 16676
849 10 13402 6978 6978 323 323
31905 1 5241 22148 22147 6064 6062
5409 0 9991 7357 7357 39509 39507
7245 0 31986 6566 6566 22455 22455
34983 1 16742 2199 2199 11454 11452
10762 1 12714 1 1 1 1
10953 0 273 43 43 1264 1255
26769 0 1194 31793 31793 35362 35360
12790 6 38666 10262 10261 389 388
20833 0 14547 34664 34664 21062 21062
31477 0 20633 23063 23063 25403 25401
25922 1 17748 7871 7869 4205 4204
35874 0 3549 1862 1862 17272 17258
24436 1 2798 1 1 12 11
25966 1 11230 32081 32081 25439 25437
16275 1 18980 12 11 30 26
7862 4 17841 21483 21481 209 209
12959 0 12265 1240 1240 16018 16018
40938 0 25310 5784 5784 16568 16566
35627 0 3269 182 182 13726 13723
18098 1 22245 20551 20545 21636 21636
35614 0 5846 77 77 17139 17111
29207 1 24456 2 1 9 7
1048 1 24443 5 4 428 427
22767 5 6095 99 99 3327 3326
12231 0 16476 1 1 166 163
19496 1 30112 23190 23190 30892 30889
40940 0 7382 39507 39507 15613 15610
8838 1 20614 21 19 1 1
30101 1 30632 2 1 1 1
9830 1 34527 10097 10096 28434 28433
40941 0 13946 30018 30018 15961 15961
28643 0 11339 20850 20850 27995 27991
13847 1 14386 21251 21250 7127 7125
27260 1 35256 17086 17085 37551 37550
35120 4 33416 13060 13059 17079 17079
6728 1 6727 13 6 25 23
