33512 0 4410 2 2 48 12
16031 1 32320 8535 8535 12205 12205
40543 5 172 1 1 2931 2582
40543 0 2607 20 20 1177 1157
33473 5 172 1 1 354 14
9179 5 172 3 3 17856 17498
33575 5 172 2 1 348 9
16648 5 172 1 1 507 164
31526 5 172 1 1 15476 15119
6771 5 172 1 1 1095 748
15476 5 172 19 19 32108 31747
29269 5 172 3 3 21257 20897
11606 5 172 1 1 7201 6849
2234 5 172 1 1 520 176
23355 5 172 4 4 20815 20456
15278 4 39692 170 164 7 7
22936 0 14838 31 31 8 8
31887 2 743 6 6 8838 8729
13265 2 743 2 2 160 56
33786 2 743 13 13 6560 6452
8790 2 743 1 1 166 61
29405 0 27360 5 5 4 2
35494 1 15192 1 1 2 1
35494 0 6837 25838 25838 18826 18825
18925 1 32325 3 1 2 1
32325 1 8085 3 1 2 1
3750 4 38184 142 114 3 3
3750 4 40324 150 121 2 2
3750 4 17381 222 192 4 4
6331 1 10283 2 1 2 1
11500 6 4785 18 12 9 7
14258 4 24038 39 29 3 3
32661 6 20759 4 4 4 3
12387 1 12386 2 1 4 1
28490 4 38427 6236 6235 743 743
21840 0 107 2 2 44 1
12784 4 107 26486 26479 1017 1017
107 0 5198 6 6 27 8
27747 1 27746 1 1 1 1
3916 1 27549 8 1 4 1
6527 5 2139 8 7 306 281
16255 5 2139 10 10 4234 4208
1618 4 14555 19 18 13 13
29103 1 9873 2 1 1 1
38285 0 18633 21 21 60 55
38285 1 26278 1 1 2 1
30253 0 18633 20658 20658 20009 20002
27022 1 435 1 1 1 1
32496 0 4125 36412 36412 33196 33188
24483 0 4125 97 97 4144 4137
15337 1 4125 3 1 4 1
4388 4 36757 38 27 2 2
30756 1 32955 1 1 2 1
30757 9 30756 1 1 1 1
16250 1 28482 5 1 1 1
39594 0 51 2 2 4080 3885
13386 0 51 4919 4919 29091 28889
22734 0 51 5 5 7634 7438
40690 0 51 19 19 13188 12990
40660 0 51 19 19 13390 13191
21035 1 22109 3 1 2 1
24101 0 28349 38 38 607 597
38672 0 28349 25 25 1013 1002
40559 0 6722 13543 13543 13638 13634
4705 1 15839 4 1 4 1
39464 0 4705 381 381 3003 2976
21731 4 9107 192 190 27 27
7590 5 34746 5018 5017 12809 12809
7878 0 7590 6922 6922 2524 2524
39562 0 2740 20864 20864 12448 12448
3212 1 29129 7 1 1 1
3212 1 16271 6 1 2 1
22208 1 3212 2 1 8 1
14179 0 16065 5260 5260 5757 5757
12801 1 4187 2 1 6 1
19501 0 2021 40523 40522 31202 31148
40645 0 2021 1604 1604 12830 12777
27628 0 2021 785 785 10114 10063
23729 0 38913 9243 9243 13619 13619
8720 1 9417 3 1 3 1
32234 1 8720 1 1 3 1
12896 1 8372 4 1 1 1
1441 0 27945 10636 10636 20377 20376
4170 6 37882 961 947 31 31
2046 0 39706 1520 1520 5406 5405
14436 1 14436 21727 21727 21654 21654
38948 0 20990 35860 35860 22755 22751
20990 1 905 1 1 6 1
9769 0 8193 184 184 73 73
12450 6 8001 25 16 2 1
1031 1 12972 5 1 3 1
1031 1 1030 4 1 1 1
2604 1 6752 8 1 2 1
11156 0 2604 39393 39393 33363 33321
2427 0 2604 9679 9679 26152 26113
20604 0 2604 20526 20526 29502 29461
26334 0 2604 350 350 21840 21802
5353 0 6752 316 316 7149 7134
3451 0 6752 70 70 11866 11850
34042 1 10659 1 1 6 1
22643 4 31669 3744 3744 4427 4427
3358 1 24240 7 1 1 1
3358 1 4026 8 1 3 1
40560 0 3229 9026 9026 9997 9988
39572 2 121 2 1 492 17
34055 2 121 1 1 662 173
36425 2 121 1 1 602 115
33961 2 121 1 1 1698 1195
22605 2 121 1 1 1688 1186
34749 2 121 2 1 579 96
7185 2 121 2 1 505 28
39473 2 121 1 1 978 482
36051 2 121 1 1 18060 17551
38744 2 121 1 1 600 114
40601 2 121 1 1 10685 10178
31131 2 121 2 1 534 56
16157 2 121 1 1 551 72
10391 1 121 1 1 1 1
13173 0 25097 39889 39889 34969 34966
1421 0 608 2 2 13055 12681
6033 0 608 10634 10634 22237 21843
40723 0 608 84 84 14199 13814
40732 0 608 81 81 14026 13647
31776 0 608 2 2 389 23
26284 0 608 149 149 13842 13467
40750 0 608 84 84 14113 13730
40752 0 608 90 90 14028 13648
12593 0 608 6 6 9149 8778
21041 0 608 4 4 12267 11894
36535 0 608 22033 22033 36903 36503
40642 0 608 81 81 14256 13868
6612 0 608 320 320 20140 19748
12763 0 608 104 104 21441 21048
38498 0 608 2 2 383 19
1763 0 608 13666 13666 36673 36274
35305 0 608 19377 19377 33342 32944
40693 0 608 81 81 13976 13598
31350 0 608 2 2 381 18
37399 2 2580 2 2 42 4
35976 2 2580 3 3 60 19
21024 2 2580 3 3 78 36
37837 2 2580 1 1 39 3
14534 0 273 17 17 323 309
3275 0 273 55 55 122 109
28793 1 273 1 1 5 1
40561 0 2759 32860 32860 10503 10503
17054 0 13663 9 9 1301 1281
18662 1 11511 2 1 2 1
39324 0 21892 5 5 9 7
5681 0 5376 2 2 40 20
39137 0 3699 1975 1975 4651 4631
5121 0 4055 20509 20509 29842 29839
28225 0 10933 4854 4854 18183 18174
12586 1 18347 4 1 2 1
18347 1 8083 1 1 5 1
8678 1 15844 4 1 2 1
8678 1 8677 5 1 1 1
1900 9 8459 1 1 1 1
13142 1 6617 4 1 2 1
13142 1 3658 3 1 2 1
11554 1 11553 6 1 3 1
6724 1 20476 24388 24386 22722 22721
6973 6 11688 3530 3514 10 10
28474 0 574 34462 34462 22226 22180
40638 0 574 115 115 11572 11528
3829 1 3828 4 1 5 1
3363 1 3828 3 1 4 1
5303 0 2409 1 1 25 4
19117 1 5303 2 1 2 1
10728 0 2409 1 1 26 4
2409 3 10728 145 145 6 6
20385 4 38169 3333 3333 9622 9622
919 0 36150 4247 4247 4081 4080
15726 1 2782 1 1 3 1
2090 1 33833 5 1 1 1
13956 1 23540 5 1 1 1
26983 0 13956 27033 27033 25298 25290
29443 9 7135 1 1 2 1
26279 0 10532 6387 6387 14048 14043
10532 1 11231 3 1 5 1
8610 1 16790 3 1 3 1
32576 0 296 180 180 15769 15618
32576 4 39358 16100 16100 16767 16767
28775 0 296 15 15 5314 5164
21869 0 296 1 1 162 16
40110 0 296 1 1 143 2
5339 0 296 1 1 141 2
40350 0 296 1 1 142 2
18338 1 25376 3 1 1 1
18338 1 34572 2 1 1 1
25119 0 10706 213 213 10078 10067
6372 0 10706 677 676 10582 10570
187 1 34587 3 1 1 1
23114 0 8709 37629 37629 37882 37877
23114 9 22355 1 1 1 1
3873 1 28613 6 1 2 1
3449 1 3448 2 1 9 1
1778 1 5313 5 1 2 1
16939 1 16938 2 1 1 1
25259 1 10976 4 1 2 1
25259 0 1054 10 10 33 29
3874 0 21706 32098 32098 25144 25143
17484 0 2318 14 14 1699 1574
9443 0 2318 26 26 5088 4960
36678 0 2318 2 2 150 29
31243 0 2318 3 3 668 544
7726 0 2318 6260 6260 19750 19620
3353 0 2318 12 12 2540 2414
14943 9 14942 1 1 1 1
14943 1 16039 1 1 2 1
2677 1 13356 5 1 2 1
35968 0 32619 16465 16465 20142 20139
31267 0 265 1 1 250 1
30115 0 265 1 1 275 19
39657 0 265 1 1 301 43
39858 0 265 1 1 257 5
22580 0 265 1 1 345 84
14709 0 265 1 1 292 35
40562 0 21091 1757 1757 11727 11725
21135 1 12220 1 1 3 1
38664 0 71 1 1 65 4
30298 0 71 1 1 72 10
3066 1 3065 4 1 1 1
23421 0 13784 49 49 636 634
7620 1 21508 1 1 2 1
3069 4 14224 993 971 11 11
14224 4 25214 109 105 2 2
40563 2 6404 31 31 10483 10474
40653 2 6404 31 31 10516 10506
40687 2 6404 31 31 10604 10593
14071 0 278 1 1 190 11
13708 0 278 1 1 196 16
37453 0 278 1 1 174 3
18193 0 278 2 2 300 119
36053 0 278 1 1 185 8
40571 0 278 61 61 12824 12642
40564 0 12078 16231 16231 13140 13134
4462 0 12078 4412 4412 8698 8693
31848 0 10547 3 3 8 6
40565 0 6230 21603 21603 13704 13703
20013 1 1128 4 1 6 1
3348 0 20013 40507 40507 29026 29014
35716 0 21460 4294 4294 2305 2305
7754 3 1296 4911 4909 11 11
7754 9 26452 10188 10187 7163 7163
1296 9 9053 1 1 1 1
4834 1 21474 2 1 1 1
21474 0 2168 1 1 14 7
33636 0 27948 31227 31227 34084 34082
36719 1 21614 4 1 1 1
40647 0 36719 34450 34450 13496 13495
1594 4 35451 44 40 9 9
7059 1 37735 5 1 1 1
11387 0 1062 1982 1982 6042 6038
4472 1 1062 5 1 4 1
158 1 157 1 1 2 1
157 5 73 2 2 3462 3406
28915 0 6166 33 33 835 828
25685 0 6166 6031 6031 7943 7935
1741 5 6166 3 3 54 17
40566 0 3087 59 59 10929 10914
8935 1 20348 1 1 1 1
6215 5 8935 12 12 14809 14803
40567 0 5596 15513 15513 10534 10534
5596 1 2050 4 1 3 1
14614 1 632 2 1 3 1
23862 0 20853 17738 17738 9442 9441
39256 0 292 3 3 1989 1739
31751 0 292 1 1 243 3
6985 0 292 1 1 241 3
2794 0 292 1 1 253 8
17776 0 292 1 1 234 1
29809 0 292 1 1 240 3
6800 0 292 1 1 233 1
2388 0 292 1 1 400 151
34453 0 292 1 1 251 7
8087 0 292 1 1 324 76
35031 0 292 1 1 248 5
7483 1 4704 1 1 2 1
7381 5 7483 14 14 1105 1101
18107 1 7419 2 1 2 1
18107 1 33365 3 1 1 1
30799 0 3068 36 36 1554 1540
18024 1 18023 4 1 2 1
24564 1 1410 25673 25672 26835 26835
11009 0 24586 4359 4359 10054 10052
27654 0 11009 48 48 9 9
9001 1 31090 3 1 1 1
31091 1 31090 2 1 2 1
40568 0 19619 38082 38082 14151 14148
1193 4 5665 31 19 3 3
29132 0 160 8 8 2030 1992
21888 0 160 608 608 12106 12066
40545 0 160 2 2 38 1
14250 0 160 2 2 37 1
7765 1 3854 2 1 7 1
3854 1 4433 6 1 3 1
10544 6 10337 32 17 3 3
10544 6 30885 240 224 8 8
10544 6 17616 15 3 2 2
10544 6 33395 13 2 2 2
10544 6 32223 17 4 2 2
2466 0 11399 608 608 5356 5350
5110 1 14834 10 1 4 1
5110 1 22509 9 1 2 1
5110 1 13199 7 1 3 1
30654 0 2915 4332 4332 23795 23791
878 1 16142 5 1 5 1
16142 1 878 5 1 5 1
12156 1 16142 3 1 4 1
1555 4 14720 8 2 4 4
1555 0 39 2 2 648 438
27854 6 9726 3 1 3 2
22790 1 20846 3 1 1 1
40569 0 28991 16712 16712 11621 11621
31570 1 22745 2 1 1 1
6277 4 13724 37 31 4 4
22265 1 15939 2 1 1 1
3601 4 11291 15 14 19 19
18464 4 28236 394 394 209 209
21200 1 24456 6 1 3 1
18828 1 21200 3 1 7 1
8407 1 5210 4 1 3 1
5210 1 9174 2 1 1 1
8298 1 8297 1 1 8 1
35442 0 21 7 7 5533 5465
5771 4 35442 356 347 23 23
16159 1 6497 5 1 3 1
1826 4 36945 3013 3006 112 112
15560 1 16616 3 1 2 1
5937 1 15560 3 1 2 1
16616 1 35701 3 1 1 1
24090 0 27455 1456 1455 1113 1113
3209 1 19072 1 1 3 1
3209 1 2516 2 1 2 1
6274 0 3209 80 80 2912 2908
32074 1 32874 2 1 2 1
1353 1 16331 6 1 3 1
11260 1 11259 1 1 3 1
21431 0 11260 1504 1504 11574 11572
5666 0 8929 20 20 311 296
21034 0 2918 72 72 5980 5903
31631 0 2918 15546 15546 17510 17431
39298 0 4365 55 55 1561 1546
38449 0 23581 4 4 7 4
923 0 12300 29881 29881 22748 22748
785 8 923 5500 5050 1 1
16936 0 39 2 2 424 215
6688 0 39 9 9 2920 2708
33920 0 39 32 32 2000 1789
16930 0 39 1 1 198 2
16260 0 39 1 1 202 4
9285 0 39 1 1 258 54
36679 0 39 2 2 334 126
13037 0 39 2 2 204 5
17754 0 39 1 1 200 3
34332 0 2518 2 2 68 1
24798 0 2518 637 637 5033 4964
2518 0 4990 4 4 34 16
36326 1 67 1 1 2 1
31714 6 15538 9716 9715 1666 1663
25285 1 25279 2 1 3 1
37786 0 14737 1 1 13 2
14737 0 4030 5525 5525 5856 5827
40570 0 10106 15493 15493 11104 11104
2527 1 15676 2 1 2 1
9741 1 22270 2 1 2 1
22719 0 8583 3 3 38 28
680 7 39181 13838 13775 4 3
680 7 29533 4426 4366 4 4
21810 4 40571 11790 11780 387 387
33488 0 4931 23401 23401 22729 22724
30169 4 22524 7915 7915 3383 3383
1374 8 9876 1682 1680 58 58
1374 6 6774 48 33 7 5
35169 3 35168 1 1 2 2
6888 0 11405 578 578 1111 1105
6889 1 6888 4 1 2 1
11405 1 12069 1 1 5 1
31720 1 33038 1 1 1 1
14747 1 16665 4 1 6 1
30485 0 12240 13140 13140 20967 20966
35384 1 24098 1 1 3 1
33950 1 24098 2 1 4 1
4617 4 2317 61 54 5 5
26645 0 18798 8 8 16 12
1038 4 20161 180 16 1 1
1038 4 39009 14845 14670 30 30
1038 4 31457 187 21 2 2
1038 4 35729 214 45 3 3
1038 4 9526 190 23 2 2
1038 4 36663 163 1 1 1
1038 4 25174 248 77 3 3
1038 4 29468 192 24 2 2
1038 4 40317 282 110 5 5
13441 0 13179 167 167 4134 4133
31542 0 28557 456 456 4246 4244
5421 1 33580 1 1 2 1
8378 1 15959 1 1 3 1
35680 0 16547 203 203 1924 1919
4601 1 1480 2 1 5 1
23297 1 23798 174 173 769 766
36430 1 11632 1 1 7 1
7798 1 10220 2 1 2 1
23291 0 7798 24076 24076 12332 12329
9868 0 9017 1 1 15 4
14301 1 22543 1 1 2 1
9933 4 37354 2706 2706 1401 1401
12205 1 12204 1 1 3 1
24146 0 17669 22295 22295 31685 31683
28393 0 1434 4 4 4081 4020
18831 4 28393 7047 7045 652 652
36594 0 1434 2 2 675 615
26925 0 1434 1 1 64 5
18116 4 1434 2726 2719 77 77
21358 1 8040 2 1 8 4
12579 1 8040 3 1 4 1
33003 0 10761 14336 14336 15779 15779
23374 0 739 70 70 993 990
32479 1 37820 3 1 1 1
2181 8 30733 11 8 1 1
15394 1 32040 3 1 2 1
28746 1 24321 3 1 2 1
28746 1 16782 4 1 2 1
37839 0 2110 1 1 189 3
38849 0 2110 2 2 4322 4129
9193 0 2110 2 2 3204 3012
20494 0 2110 1 1 549 360
38709 0 2110 3 3 959 769
30037 0 2110 1 1 198 11
36409 0 6991 28899 28899 29926 29918
36409 1 20042 2 1 3 1
39061 0 914 1 1 34 28
24739 5 914 3 3 21213 20920
40612 5 914 2 2 14479 14188
14021 5 914 1 1 289 12
22854 5 914 1 1 936 651
40047 5 914 1 1 311 30
4847 5 914 1 1 1237 951
25072 5 914 1 1 298 18
7476 5 914 1 1 2231 1944
792 5 914 1 1 343 61
914 1 19506 2 1 1 1
8543 1 28419 1 1 2 1
4324 4 13072 17 3 2 2
3407 0 643 1681 1681 9042 9036
3855 1 643 6 1 3 1
37188 1 1558 1 1 7 1
40712 0 1558 574 574 10717 10703
26674 0 1558 23 23 421 408
30420 0 22047 190 189 1372 1371
35704 4 40572 11343 11343 8680 8680
37073 2 7 1 1 39 3
8520 1 5407 2 1 1 1
30398 5 5407 2 2 104 80
11562 0 9512 27150 27150 19775 19773
40684 0 9512 21343 21343 11456 11455
11780 1 18482 3 1 2 1
2837 0 36460 19046 19046 18376 18373
33600 0 2837 650 650 5171 5166
40573 0 11043 8489 8489 11667 11644
40574 0 11043 8416 8416 11631 11609
21093 0 11043 7 7 1369 1348
40497 0 85 10 10 15970 15727
1958 0 85 4 4 4866 4630
39304 0 85 6 6 13541 13299
30762 0 85 692 692 28727 28479
8844 0 85 1 1 235 2
24944 0 85 176 176 21903 21659
40402 0 85 49 49 23721 23476
5552 0 85 5 5 2806 2571
1522 0 85 1486 1486 24337 24091
37844 0 85 6 6 6352 6115
40665 0 85 5 5 11525 11285
5115 0 85 5102 5102 26710 26463
28159 0 85 1 1 300 66
85 0 12888 46 46 42 33
31425 1 15729 2 1 3 1
12042 1 1777 3 1 2 1
12042 0 8268 21 21 51 44
18518 1 14006 3 1 4 1
23766 5 7293 9 7 3 2
15279 0 23766 29 29 303 303
33175 0 5978 4698 4698 14946 14924
15358 1 15357 1 1 1 1
16701 0 1677 34 34 10403 10347
13 0 1677 3 3 282 227
30757 0 1677 32927 32927 20309 20251
7419 1 5076 1 1 4 1
27444 1 17724 2 1 2 1
294 1 18895 3 1 2 1
40575 0 22039 12800 12800 11977 11973
31455 0 1027 1 1 153 3
16597 0 1027 1 1 163 11
40576 0 40452 15581 15581 12102 12102
35090 0 17121 30252 30252 19623 19621
19086 6 21626 6 2 5 2
7887 1 7886 2 1 1 1
34521 6 37498 8143 8143 10647 10647
12662 1 40577 12031 12025 13169 13169
40577 1 12662 9059 9059 12103 12097
39496 1 16365 23880 23880 29603 29603
16365 1 39496 28429 28429 23444 23444
11479 1 5180 2 1 6 1
956 1 5180 2 1 5 1
12458 6 16563 3277 3274 441 440
12921 1 25846 10 1 2 1
36880 4 37832 474 474 393 393
877 1 14090 12 7 4 3
14090 1 877 4 3 11 6
8082 0 81 1 1 46 1
2497 1 13459 1 1 1 1
31712 0 2497 1087 1087 11535 11440
25460 0 2497 4 4 3183 3090
30267 0 2497 101 101 16453 16356
14684 0 2497 34 34 15173 15077
15327 0 284 1 1 222 3
32738 0 284 2 2 234 12
7747 0 284 1 1 701 477
23048 0 284 4 4 9105 8879
36041 0 284 1 1 218 2
38651 0 284 1 1 235 12
13843 1 13842 2 1 1 1
38649 1 19488 34420 34420 37914 37914
21810 0 2687 2 2 39 3
5646 1 5645 4 1 5 1
5184 1 28989 3 1 2 1
16262 0 16080 1456 1456 7238 7235
16080 0 314 15819 15819 22198 22192
38255 0 18636 10 10 344 343
16914 1 1218 1 1 5 1
11597 1 2084 5 1 2 1
26872 0 11597 13864 13864 11451 11450
38264 0 1629 2 2 22 12
15932 0 1629 36 36 42 31
14940 0 1629 38917 38917 31947 31934
23686 1 7865 1 1 3 1
40578 0 971 39947 39947 10530 10526
4933 0 1287 200 200 15985 15945
17077 1 1287 2 1 10 1
21855 1 1287 1 1 9 1
2477 9 9034 1 1 2 1
9035 1 9034 2 1 4 1
9452 0 16895 1209 1209 18715 18714
15534 4 27189 7313 7312 4428 4428
15549 0 5198 480 480 7026 7006
29419 1 23228 3 1 2 1
29419 1 16566 4 1 2 1
29983 1 29419 1 1 2 1
8761 0 9048 33945 33945 17326 17307
16341 0 9048 36684 36684 25630 25609
18043 1 6871 14024 14023 6703 6701
14676 1 15857 2 1 5 1
4402 1 31378 4 1 1 1
1144 1 9716 1 1 1 1
20128 4 19080 26626 26622 3381 3381
20128 4 32553 6 3 2 2
40579 0 33801 20027 20027 11552 11552
39697 0 33801 16848 16848 27945 27944
10515 1 20545 4 1 1 1
10515 1 23161 3 1 1 1
20152 1 10916 4 1 2 1
15078 0 1542 31 31 4090 4069
3408 6 8332 85 10 2 2
3408 6 33157 82 8 2 1
3408 8 40605 12974 12908 2 2
3408 4 1256 760 760 109 109
22973 6 8518 19624 19624 4408 4407
15512 6 8518 8 5 10 10
37981 1 37980 1 1 1 1
36402 6 38419 867 867 151 151
35889 0 1222 1847 1847 20136 20122
1630 4 3954 6 1 6 6
27378 5 2295 1 1 130 32
16787 5 2295 1 1 655 555
2295 0 20085 21905 21905 39790 39788
2674 1 25490 7 1 1 1
2674 1 37183 6 1 1 1
31859 5 11873 41 41 2272 2268
18301 1 11873 2 1 3 1
3961 4 38195 4 2 2 2
10495 0 65 48 48 731 720
19204 0 65 7 7 39 30
29854 0 65 6 6 48 38
4387 0 16744 980 980 5340 5337
14355 2 1137 1 1 100 1
31617 2 1137 1 1 106 4
10756 2 1137 1 1 115 10
23780 2 1137 1 1 104 3
19983 2 1137 1 1 103 3
20239 2 1137 1 1 121 15
40735 2 1137 17 17 11953 11845
3870 6 7609 2397 2391 27 27
12556 0 3870 12656 12656 4425 4419
1226 4 6870 109 86 2 2
23617 4 1226 21 19 35 35
6870 4 29653 2547 2547 4319 4319
2536 1 11404 6 1 2 1
2536 0 5973 2261 2261 24224 24221
12282 1 7778 1 1 1 1
40580 0 22983 24356 24356 14241 14239
12754 0 184 1 1 319 22
2752 0 184 4 4 1073 773
30560 0 184 2 2 335 37
31172 0 184 1 1 393 94
36649 0 184 1 1 289 3
39598 0 184 1 1 290 3
29336 0 184 2 2 3563 3262
3249 1 9317 3 1 2 1
20805 0 11858 20718 20718 29871 29863
40593 0 11858 106 106 10218 10211
11617 1 36457 3 1 1 1
11617 1 3182 2 1 1 1
3060 0 11617 26 26 76 71
40581 0 12650 32 32 9664 9643
11149 6 40581 10579 10555 12 12
785 8 11138 4918 4469 1 1
785 8 40710 11427 10972 1 1
785 8 36327 11620 11164 1 1
785 8 39015 11739 11282 1 1
785 8 38312 32873 32404 2 2
785 8 27403 11754 11296 1 1
785 8 1422 31927 31459 1 1
785 8 22169 29095 28629 3 3
785 8 30680 4282 3834 1 1
785 8 37209 20703 20239 1 1
785 8 24124 14306 13846 1 1
785 8 25693 2608 2161 1 1
785 8 446 1294 850 1 1
785 8 21727 2100 1655 1 1
19992 0 27240 59 59 878 876
6448 0 20717 30 30 47 36
5058 1 6448 1 1 6 1
21155 1 6448 2 1 5 1
40663 0 6448 18616 18616 11857 11852
40582 0 6644 3380 3380 10282 10272
35177 1 298 1 1 3 1
6700 0 2052 1 1 4 2
15310 1 13032 6 1 3 1
20936 1 17024 4 1 1 1
7054 0 20936 35367 35367 27776 27775
39068 0 5731 34681 34681 31002 31002
40583 0 290 444 444 11788 11743
8787 0 290 3628 3628 37173 37127
28170 5 290 6 5 101 78
27556 5 290 6 6 10367 10343
4123 1 290 3 1 2 1
2858 4 290 6623 6590 7 7
38753 0 16960 922 922 7704 7699
29292 1 20260 2 1 2 1
7491 1 3611 5 1 1 1
10450 4 40584 12392 12386 261 261
40584 0 427 441 441 13639 13566
7966 0 9605 1193 1193 5440 5437
32027 0 12798 28589 28589 8188 8188
32795 1 1063 1 1 2 1
2920 1 17874 2 1 3 1
2920 1 4427 1 1 6 1
129 1 4427 2 1 5 1
32885 0 13252 475 475 6978 6974
16493 0 20467 356 356 29 29
40585 0 38674 18953 18953 12705 12705
34 3 10832 3675 3675 1778 1778
8982 1 26420 4 1 2 1
2675 0 965 2 2 33 1
16821 0 965 1 1 32 1
17630 0 9068 4605 4605 7436 7433
18501 6 11746 26085 26085 36661 36661
18495 0 17922 3998 3998 12270 12269
17278 2 7488 4 2 8 5
2499 1 13511 2 1 1 1
36662 1 17710 1 1 1 1
36331 1 19237 1 1 8 1
18045 1 1998 3 1 6 1
3130 1 4954 5 1 8 1
13102 0 24336 102 102 45 43
271 8 28240 505 494 10 10
271 6 40624 12671 12643 94 94
12111 0 13254 53 53 3728 3718
19649 0 13254 40432 40432 27619 27608
10494 0 20781 6662 6662 17585 17582
5360 1 23897 1 1 2 1
23898 1 23897 2 1 1 1
17935 1 2212 5 1 1 1
9847 3 26719 5935 5928 32 32
33866 9 23829 1 1 1 1
40586 0 19015 6883 6883 10384 10371
40713 0 19015 7083 7083 10550 10536
22702 0 16200 191 191 1292 1290
3541 1 20787 1 1 3 1
6267 1 20787 1 1 2 1
24216 1 1742 3 1 2 1
1742 0 2571 3660 3660 18236 18234
9291 0 4466 20105 20105 10941 10940
3600 0 2216 4 4 9 3
29682 1 6044 3 1 3 1
40587 0 17191 40877 40877 11315 11312
16309 3 31279 6 1 1 1
40588 0 10342 1908 1908 10984 10983
15741 5 2786 9 9 2083 2071
2786 1 31467 1 1 2 1
22083 6 37406 3034 3033 611 611
27641 1 17450 1 1 2 1
5520 1 6140 2 1 2 1
37977 0 4550 1 1 110 15
22986 0 4550 1 1 94 1
13964 4 20032 23 10 3 3
20032 4 22514 8 4 3 3
5289 1 2452 4 1 3 1
6078 0 5289 40782 40782 33703 33691
32 4 22428 30 15 3 3
25738 1 1502 3 1 3 1
27499 1 25738 3 1 2 1
11607 6 9604 21104 21103 11653 11653
383 9 6658 1 1 2 1
6658 1 382 6 1 3 1
16197 1 6658 2 1 5 1
24259 0 16169 19640 19640 15357 15322
22335 0 16169 11075 11075 15739 15703
25952 4 36629 402 402 165 165
32112 4 37795 32 32 26 26
20499 0 1592 304 304 1691 1686
19836 0 4030 1 1 35 9
3908 1 31477 2 1 2 1
7874 4 13716 13752 13724 525 525
10974 4 38608 465 463 24 24
1018 1 7659 1 1 5 1
7144 4 24030 7 5 3 3
12048 4 7144 19 12 7 7
5500 1 21297 8 1 2 1
5500 0 9200 934 934 1173 1173
27615 0 5220 2 2 78 66
19850 1 2151 3 1 4 1
16779 1 16998 2 1 1 1
10771 4 10410 36 32 12 12
10771 4 21127 4 1 3 3
12627 0 21127 13 13 238 235
40589 2 1646 2 2 9667 9625
32664 5 774 1 1 137 5
30156 5 774 1 1 138 5
27981 5 774 1 1 142 6
13550 5 774 1 1 132 2
21966 5 774 1 1 133 2
19088 5 774 1 1 237 99
27383 5 774 1 1 141 6
17731 0 774 1 1 19 9
21818 6 37463 17531 17529 19117 19117
10205 0 11093 807 807 15681 15659
36918 0 11093 8449 8449 29404 29381
2974 0 11093 50 50 5894 5873
13543 0 11093 8 8 296 276
14057 0 7284 7066 7065 1958 1958
7284 1 1156 2 1 5 1
3972 7 20913 1263 1186 2 2
3972 7 40458 6181 6103 3 3
36867 0 8952 8043 8043 5765 5765
39341 4 7922 32312 32312 1827 1827
9031 4 34522 68 51 3 3
9031 4 36372 165 146 5 5
9031 4 22734 158 140 3 3
40590 0 27411 6804 6804 11133 11131
5334 0 8355 997 997 8773 8751
8355 0 37159 1233 1233 4572 4572
29370 0 32370 779 778 166 165
38392 0 2833 12678 12678 12491 12476
17123 1 22282 1 1 2 1
11931 1 23210 2 1 1 1
3929 1 6637 11 1 2 1
39809 0 15772 49 49 12 12
3014 1 16068 1 1 4 1
5872 1 17690 4 1 1 1
38213 0 13538 58 58 1548 1542
15641 1 27635 5 1 1 1
33238 2 955 77 76 1599 1586
5920 0 30694 678 678 313 312
14280 1 5920 5 1 7 1
15530 0 4225 41 41 100 100
28112 0 19783 5 5 11 8
31385 0 19783 217 217 2393 2388
1220 0 19783 2001 2001 1303 1299
15603 1 15 4 1 1 1
15 1 5976 2 1 2 1
4744 1 27814 6 1 2 1
26459 0 12430 4717 4717 13613 13610
12430 1 4066 5 1 2 1
9361 1 26566 4 1 1 1
4323 1 10025 4 1 3 1
30746 0 4323 1122 1122 3190 3189
21869 4 16617 15 14 5 5
26942 1 31134 1 1 1 1
12877 0 4127 6376 6376 19389 19385
9331 0 9481 18122 18122 15605 15604
11045 1 10096 5 1 3 1
18526 1 6001 1 1 3 1
6002 1 6001 1 1 2 1
4984 1 3637 2 1 1 1
33272 5 4984 6 6 2749 2743
40591 0 2215 16181 16181 10334 10329
26189 0 15682 652 651 814 813
8657 6 18527 22004 22004 28453 28453
2095 0 4792 273 273 1785 1782
17447 0 4792 169 169 3126 3122
32551 0 7192 5 5 607 587
727 1 7192 4 1 4 1
38904 1 15390 356 356 574 573
38713 1 6445 2 1 6 1
36718 0 38713 27421 27421 30636 30636
21331 0 14398 6289 6289 13596 13595
1671 0 8078 1972 1972 4166 4155
16941 6 5249 5753 5753 12910 12909
34019 0 7149 39445 39445 31949 31911
18807 1 18806 5 1 1 1
16369 1 3715 4 1 1 1
18079 1 16369 1 1 5 1
26616 0 24680 28775 28775 25887 25885
26616 1 11969 5 4 6 6
36080 0 34647 3622 3621 12404 12404
9970 1 22186 3 1 2 1
21084 4 35872 8 6 2 2
38715 0 5011 23 23 179 170
4226 0 11100 30645 30645 29161 29143
18612 4 33719 115 94 7 7
40592 0 3742 2678 2678 11663 11640
40481 0 4992 4194 4194 12029 12027
39479 0 28777 7676 7676 17771 17771
1650 1 40174 4489 4482 1121 1121
1650 1 1311 4 1 4 1
1650 0 21879 2479 2479 3252 3252
16394 1 1650 11406 11406 9560 9552
9761 0 1650 4284 4284 22125 22121
7968 0 239 115 115 4635 4386
7968 1 11878 2 1 3 1
3491 0 239 62 62 15428 15169
40419 0 239 21 21 6180 5929
17572 0 239 19 19 19403 19143
134 0 239 81 81 35113 34847
40620 0 239 31959 31959 14239 13983
5037 0 239 384 384 6352 6100
23341 0 239 1493 1493 3463 3217
30294 0 239 7 7 7781 7528
11839 0 239 38371 38371 34151 33886
38423 0 5720 28401 28400 22175 22167
36383 0 6139 11427 11427 20978 20971
23143 1 19335 4 1 1 1
6619 1 23143 2 1 5 1
2002 0 19290 12911 12911 6736 6736
2033 1 10164 5 1 1 1
34032 0 13475 3684 3684 5516 5514
34006 1 34291 2 1 1 1
1920 4 13057 88 33 2 2
1920 4 14332 57 4 1 1
1920 4 17214 172 116 6 6
1920 4 20671 60 6 1 1
4419 1 1849 6 1 1 1
4419 1 8002 5 1 3 1
32151 5 11426 4 4 52 42
18951 4 31532 209 202 6 6
18951 4 32437 257 249 6 6
30591 0 49 11 11 163 152
3608 4 24144 347 321 13 13
3608 4 19987 132 107 4 4
3608 4 751 63 39 3 3
17073 1 4982 1 1 3 1
30457 0 3668 234 233 726 719
13681 4 18265 40 34 4 4
13681 4 39987 329 322 4 4
18301 5 1981 7 7 1309 1256
40455 0 26054 9149 9149 10798 10796
9094 1 352 1 1 9 1
352 1 26517 16 7 3 1
18661 1 12085 2 1 1 1
15620 4 22311 140 134 13 13
33409 0 22311 3006 3005 11698 11697
1258 1 1257 2 1 1 1
1258 1 7835 1 1 2 1
7440 9 35492 1 1 1 1
40594 0 32069 29319 29319 11853 11853
4292 1 4291 8 1 1 1
13227 1 13641 7 1 2 1
13227 1 540 6 1 3 1
12002 1 7957 2 1 2 1
40595 0 26503 20718 20718 10460 10460
40596 0 16944 39535 39535 12986 12982
16944 1 16943 2 1 2 1
13138 1 13137 2 1 3 1
23155 0 3062 15 15 1007 996
40600 0 3062 8324 8324 12268 12256
13408 5 2064 1 1 26 2
2652 1 15263 4 1 2 1
606 1 31605 3 1 1 1
27110 0 11322 10223 10223 25046 25043
9199 1 6691 2 1 4 1
6691 1 35867 3 1 1 1
15253 1 22571 3 1 4 1
22571 1 16934 5 1 1 1
12011 0 9758 2677 2677 34509 34487
12011 1 4723 2 1 3 1
27410 0 9758 53 53 2526 2508
11818 1 12928 2 1 2 1
14656 1 11818 2 1 3 1
16439 0 3281 40722 40722 38997 38994
3281 1 5769 3 1 5 1
23498 1 35393 2 1 1 1
12469 0 15650 261 261 3195 3194
19415 4 36359 312 307 13 13
19415 4 9039 1312 1306 42 42
15564 1 25098 2 1 2 1
29421 2 28324 3158 3157 568 568
4753 0 1271 1079 1079 11565 11557
403 1 1271 3 1 5 1
26741 1 17064 4 1 2 1
31116 1 29683 1 1 2 1
31116 1 10855 883 882 2035 2034
11565 0 19217 13126 13126 36460 36459
10666 1 2269 2 1 2 1
38441 0 610 1 1 37 3
40747 0 610 527 527 11879 11843
38589 0 610 14922 14922 23861 23824
39062 0 610 28 28 6544 6509
8986 1 27775 6 1 2 1
40597 0 1285 10518 10518 11505 11498
14201 1 22872 5 1 2 1
14201 1 22141 4 1 1 1
17803 0 34579 3 3 9 8
37095 0 34579 194 194 759 757
11611 1 4777 3 1 4 1
20848 1 4777 2 1 5 1
11687 0 11199 34 34 1657 1639
14407 1 11687 3 1 4 1
2991 1 29472 3 1 2 1
13950 0 13637 1537 1537 8161 8156
21726 0 13637 3 3 10 6
23452 0 27533 3143 3143 19505 19503
6739 1 1414 2 1 12 1
11097 1 1414 1 1 10 1
1379 9 8161 1 1 1 1
35420 1 23199 1 1 2 1
23199 1 8758 3 1 2 1
39781 4 29034 3 3 2 2
24328 1 26984 2 1 3 1
27592 0 883 1 1 215 2
26057 0 883 1 1 295 76
35017 0 883 9 9 6432 6209
31955 0 883 2 2 223 6
14966 0 883 1 1 253 35
11358 1 11357 2 1 1 1
21577 1 19963 3 1 2 1
28849 6 1609 368 365 69 68
1609 6 8263 145 139 7 7
8531 0 14081 2407 2407 14171 14160
28503 1 28407 1 1 1 1
39294 0 17478 333 333 2807 2803
40598 0 2348 23333 23333 10936 10934
23960 0 13199 1251 1251 6407 6404
399 1 398 4 1 2 1
24160 0 6684 463 463 2192 2189
40599 0 11712 15727 15727 11453 11452
18982 0 5876 135 135 904 902
18213 1 5876 324 322 217 217
5876 1 18213 289 289 251 249
34510 4 19961 5 3 3 3
30259 1 21208 5 1 2 1
17577 4 34771 8 8 11 11
30657 1 2445 2 1 1 1
19374 4 10501 12831 12831 1259 1259
26690 6 38361 45 44 16 16
5142 6 18018 1011 996 32 32
8335 6 5142 478 467 14 13
7831 0 21055 757 757 6539 6535
27907 1 14404 16592 16591 9533 9531
14404 1 27907 10491 10489 14013 14012
1175 0 14404 36 36 686 684
25106 0 38339 8511 8511 20644 20644
7779 1 33053 2 1 1 1
4104 1 7779 2 1 1 1
7006 0 36034 443 442 1669 1667
35113 9 26863 1 1 1 1
12815 4 20100 35 13 2 2
9564 1 1329 1 1 5 1
21276 0 3984 24954 24954 26158 26148
1652 0 3984 165 165 9114 9105
3625 0 4435 3722 3722 3700 3697
31367 0 4435 24 24 122 120
30581 1 16682 1 1 4 1
36064 5 2176 5 5 11359 11255
99 5 2176 1 1 106 8
9641 5 2176 1 1 109 9
16171 5 2176 7 7 12114 12009
26128 5 2176 2 2 17768 17661
1908 5 2176 12 12 10529 10426
10424 5 2176 1 1 107 8
2176 1 11120 2 1 1 1
10 4 8672 9 4 2 2
4643 6 5961 2741 2735 32 32
16211 1 18929 1 1 1 1
4844 1 15639 2 1 3 1
21835 1 36257 1 1 1 1
32931 2 5970 29 28 80 75
19745 1 2237 4 1 4 1
10276 0 5907 124 124 8279 8276
20837 1 9151 1 1 4 1
15147 0 1938 20 20 56 50
18040 0 11068 8 8 470 457
5173 4 23709 232 227 32 32
15430 6 9646 458 457 229 229
15430 4 3544 28 12 19 17
1388 1 20463 1 1 1 1
39201 0 10557 7 7 247 239
4701 6 6142 21 21 1 1
39620 5 4701 1 1 24 3
17538 5 1819 3 3 105 65
14012 1 8954 5 1 4 1
5148 4 21781 3616 3616 2502 2502
22752 1 11878 3 1 2 1
26368 1 8800 1 1 2 1
24546 9 793 1 1 1 1
33697 0 1749 3490 3490 12705 12691
12548 1 7959 1 1 1 1
2170 6 36952 36 10 2 2
2170 6 1435 44 17 2 2
2170 6 17789 2191 2163 8 8
40628 0 2170 209 209 10067 10045
11745 1 17019 4 1 4 1
1914 6 18394 947 924 81 81
1914 8 19753 682 672 51 51
4058 0 9924 255 255 3693 3686
37876 0 4058 2 2 30 20
8628 0 14367 973 973 16712 16706
8628 3 14961 28871 28869 27724 27724
39060 0 9003 14200 14200 28327 28327
23809 0 3362 13270 13270 18124 18072
18746 0 3362 35481 35481 29847 29794
34253 0 3362 19 19 1256 1205
29236 1 35973 2 1 1 1
29236 1 29751 3 1 1 1
1764 1 26830 5 1 2 1
26830 1 1764 2 1 5 1
40262 4 38717 20994 20994 16609 16609
22671 0 21247 10339 10338 19495 19495
9129 4 26293 1756 1746 26 26
20158 1 33956 2 1 1 1
35386 0 2558 8 7 80 66
35386 1 4810 1 1 2 1
34559 0 2558 5 4 60 47
2101 1 33146 14 6 3 2
2101 1 20147 8 1 2 1
2101 1 15727 7 1 1 1
34312 6 40486 26930 26930 35854 35854
2381 6 39759 7827 7821 892 892
34198 0 4847 342 342 1608 1578
38741 0 4847 6 6 174 145
26334 1 17027 3 1 1 1
26334 1 11324 4 1 2 1
4277 0 4056 3349 3349 5384 5381
11573 0 4056 32197 32197 24223 24219
24326 1 19636 3 1 2 1
37944 0 6042 12895 12895 13970 13959
6042 0 11666 3 3 26 9
40749 0 24944 23939 23939 10967 10966
8498 1 7256 3 1 3 1
16881 1 9338 1 1 4 1
25360 1 30394 3 1 1 1
16533 1 457 4 1 3 1
16533 1 5139 3 1 4 1
5139 1 20874 5 1 1 1
113 6 26801 7 5 3 2
18225 4 31949 364 362 47 47
31096 0 26764 17498 17498 16475 16475
23445 1 20144 1 1 2 1
1322 6 37390 896 885 7 7
35223 0 31661 1488 1488 5579 5575
6083 4 7925 5 5 15 15
36842 0 4161 10 10 1332 1304
40673 0 4161 22014 22014 13344 13315
17498 1 21619 4 1 1 1
17498 1 1654 3 1 2 1
39970 0 3052 152 152 456 455
25857 0 28155 4960 4960 5450 5450
35205 0 10662 17477 17477 22637 22629
3104 0 10662 9701 9701 11028 11022
27896 6 40601 11115 11114 284 284
4359 1 21993 2 1 5 1
28307 0 21993 305 305 1923 1922
40602 0 300 14 14 9765 9662
21701 0 300 719 719 20269 20163
18354 0 300 36721 36721 31425 31318
7446 0 300 3 3 11060 10955
40703 0 300 15 15 10024 9920
21213 1 25178 2 1 1 1
11884 9 3041 2 1 2 1
9796 4 30359 5 2 1 1
4764 1 21744 5 1 1 1
13887 1 1866 3 1 1 1
13675 1 13726 2 1 1 1
27185 1 27184 1 1 2 1
29913 0 959 271 271 18576 18545
21128 0 959 20 20 831 802
30482 5 985 1 1 462 397
6067 5 985 1 1 84 20
12898 5 985 23 23 10665 10598
33867 0 985 212 212 2418 2414
19990 0 985 39586 39586 32873 32868
6754 1 35743 3 1 1 1
12952 0 38827 27413 27413 27440 27440
16576 1 38827 3 1 1 1
1678 7 27909 233 3 1 1
1678 7 17606 234 3 1 1
1678 7 34411 262 27 1 1
1678 7 38159 284 47 1 1
1678 7 33433 254 20 1 1
10710 1 38566 1 1 1 1
23757 2 2023 3 3 200 150
8705 2 2023 8 8 8168 8114
2286 2 2023 3 3 85 37
7964 3 1791 3 2 3 1
5580 0 3139 18201 18201 25833 25825
19705 6 7282 1199 1198 174 174
11170 1 15337 7 1 2 1
22652 4 28628 169 169 537 537
40603 0 5178 4212 4212 11347 11316
40753 0 5178 4139 4139 11328 11298
5607 1 5839 2 1 3 1
27112 0 5607 38919 38919 37748 37742
40604 0 3773 25417 25417 11593 11593
23502 0 3591 3841 3841 7651 7645
3591 1 23828 3 1 4 1
3591 1 4974 4 1 4 1
13512 1 11627 1 1 2 1
11627 0 32691 18001 18001 10269 10269
40605 0 7851 21964 21964 10976 10976
40536 0 2861 1540 1540 7392 7383
18541 6 29772 25053 25053 27283 27283
17171 1 14314 1 1 3 1
6430 1 1025 5 1 4 1
33808 0 12168 7 7 459 424
4680 3 30046 58 57 6 6
4680 1 4679 1 1 1 1
26874 1 21974 3 1 2 1
40606 2 9677 23946 23946 10895 10895
13297 4 19277 17 17 15 15
871 1 6778 2 1 6 1
6778 1 18012 5 1 3 1
3278 1 37105 1 1 2 1
40607 6 7316 19414 19414 12774 12773
40607 6 2974 37800 37799 14572 14572
39590 2 17930 4 1 10 1
35134 1 29177 1 1 2 1
37759 4 33633 12341 12341 12930 12930
18141 0 20337 34955 34955 36781 36774
25756 0 18141 16607 16607 17323 17323
31924 0 2137 3 3 16 5
16768 1 3527 2 1 1 1
15053 1 25331 4 1 2 1
2951 1 25331 6 1 3 1
26706 8 17041 64 56 26 23
26404 4 38397 2801 2801 953 953
40608 0 11269 3539 3539 12030 12028
570 4 37732 804 802 74 74
9157 2 17319 2 1 4 1
16875 1 3343 3 1 4 1
9424 9 9423 1 1 1 1
9424 9 30295 108 107 176 175
30295 9 9424 158 157 110 109
28528 2 1425 11 10 1416 1395
40661 2 1425 6 6 10060 10038
16252 0 2071 6 6 55 34
8344 1 23341 3 1 1 1
23784 1 34483 1 1 1 1
7763 1 7762 3 1 1 1
30165 5 860 2 2 279 210
17944 5 860 14 14 5860 5790
9290 5 860 5 5 19609 19538
15462 1 30636 3 1 1 1
35232 1 35821 1 1 1 1
25564 0 8404 1307 1307 6681 6663
33907 0 24173 5572 5572 5842 5841
26592 0 8194 39 39 429 427
483 0 8194 859 859 33208 33205
9566 1 3309 4 1 2 1
40609 0 27148 30719 30719 12924 12920
40718 0 2951 39191 39191 10740 10739
11761 1 12999 4 1 2 1
26237 1 26236 2 1 1 1
24009 6 38249 352 352 616 616
38964 6 24009 5589 5586 193 193
3708 0 9694 8016 8016 18384 18381
40610 0 22619 1690 1690 12214 12208
25185 1 32634 2 1 1 1
40611 0 12710 21270 21270 9995 9992
5005 9 12710 2 1 2 1
7711 4 13896 35 27 2 2
21444 0 1668 3 3 74 5
17426 0 1668 5 5 918 848
38358 0 1668 6225 6225 18118 18046
5746 1 1668 2 1 3 1
26493 0 228 8443 8443 27149 27072
40675 0 228 36311 36311 14440 14367
22038 0 228 9446 9446 24540 24465
12895 4 10906 11738 11736 2482 2482
40453 0 10316 2 2 148 140
112 6 11189 76 30 2 2
3830 1 905 1 1 5 1
708 1 707 4 1 4 1
22664 1 9804 1 1 3 1
36523 0 4686 33374 33374 30811 30811
35422 0 10385 3194 3194 16487 16485
30775 4 5073 8878 8878 5417 5417
5073 1 5072 1 1 2 1
10680 6 18425 107 106 138 138
15029 1 11029 3 1 3 1
38345 0 7537 36952 36952 26356 26355
350 4 38228 1022 1019 423 423
10620 0 1244 1 1 313 30
40677 0 1244 2 2 12976 12684
33735 0 1244 1 1 417 131
15016 0 1244 2 2 549 260
29065 0 1244 2 2 754 463
15149 0 1244 1 1 301 19
16145 0 1244 1 1 298 17
10903 0 1244 1 1 280 3
4345 0 1244 2 2 386 102
30266 0 1244 1 1 516 228
36703 0 1244 1 1 289 11
19553 4 9540 586 586 212 212
450 4 20276 714 696 23 23
21982 4 450 52 46 16 16
37161 1 14121 1 1 2 1
20816 1 14121 2 1 1 1
11305 0 14274 22 22 38 33
12347 9 39027 1 1 1 1
17462 6 8373 1316 1301 68 68
17462 6 38751 1371 1355 14 14
11067 1 10029 1 1 2 1
5221 1 11848 2 1 2 1
6901 1 3580 5 1 3 1
15047 9 3513 4 1 3 1
3513 1 12072 5 1 6 1
19227 0 8492 1497 1497 10835 10832
12728 4 4840 25 16 8 8
12728 4 40336 2801 2791 1275 1275
1053 1 5405 3 1 1 1
1053 0 507 15977 15977 35019 35002
523 6 11110 29 2 2 1
34511 0 17252 4 4 97 85
11212 1 11211 2 1 4 1
8644 1 17442 3 1 1 1
40700 0 8644 4211 4211 11642 11630
19547 0 23405 23999 23998 5387 5377
3994 1 3993 6 1 4 1
31541 0 27211 11279 11279 7026 7024
36276 0 3679 52 52 512 502
40613 0 3721 41 41 9867 9831
14007 0 34084 18 18 484 480
26371 0 12250 15 14 48 46
28054 5 12250 89 89 20459 20446
39517 2 40614 11934 11933 37 37
40614 0 621 31531 31531 11013 11011
6014 0 1641 4645 4645 23109 23103
4778 0 1641 3120 3120 21514 21509
12527 1 31620 3 1 1 1
24997 4 4731 3113 3113 2381 2381
36026 0 2392 35014 35014 16649 16648
37802 0 2392 16580 16579 1300 1300
4182 4 2884 16 5 2 2
4182 4 36637 607 595 5 5
36637 0 1378 2 2 71 12
38852 1 36779 2 1 2 1
7696 0 251 2 2 163 109
28258 0 251 158 158 15855 15799
39711 0 251 669 669 6549 6494
24111 1 24110 1 1 1 1
40306 0 18126 29112 29112 16046 16037
12124 1 12123 1 1 3 1
15913 5 4475 4 3 596 576
19517 0 15913 4 4 27 23
4475 0 3779 15525 15525 29655 29602
39636 0 19687 2249 2249 10555 10554
11271 1 27213 7 1 2 1
11271 1 32517 8 1 1 1
32517 1 8906 2 1 6 1
24608 4 30747 5 3 2 2
23217 1 24399 2 1 2 1
29094 0 19267 29878 29878 24131 24129
3498 1 449 1 1 3 1
449 0 18847 17353 17353 34169 34169
17435 1 8639 3 1 2 1
37239 2 1136 15 15 5594 5522
40615 0 34949 16115 16115 11406 11405
36310 0 13741 139 139 832 825
36310 1 33374 2 1 1 1
19988 0 5541 256 256 2037 2026
3478 1 3477 1 1 1 1
39338 0 2342 263 263 7546 7542
37502 2 2524 5 4 658 615
38205 2 2524 2 1 68 26
2714 8 39449 41 23 1 1
2714 8 36914 13152 13133 4 4
2714 8 10915 22268 22248 99 99
10239 1 23646 2 1 3 1
6491 4 33367 352 350 48 48
8572 1 2319 3 1 6 1
2203 1 3505 5 1 3 1
2203 1 2202 6 1 2 1
7534 1 2203 2 1 4 1
4312 9 1881 1 1 1 1
1881 1 32034 1 1 2 1
22224 2 6577 8 8 102 48
37828 2 6577 36 36 4086 4031
34631 2 6577 2 2 101 48
18135 3 961 9 7 10 9
18135 3 20631 2 1 2 1
20631 10 24127 1 1 1 1
26739 0 18996 39717 39717 27627 27619
26740 1 26739 2 1 2 1
40616 0 37405 24277 24277 11632 11631
32555 1 16514 1 1 2 1
57 1 14678 8 1 1 1
1750 1 14678 4 1 2 1
14678 3 3713 4 1 3 1
14678 3 24654 3 1 6 1
40617 0 20218 13802 13802 10490 10485
13411 1 23555 5 1 3 1
5505 0 11298 545 545 7109 7106
5505 3 11131 4 1 5 1
19316 0 4045 11298 11298 28996 28995
4899 1 9805 5 1 2 1
21273 4 25459 11 2 1 1
30787 0 1897 39968 39968 29512 29437
30787 1 8109 1 1 2 1
40728 0 1897 261 261 12252 12179
17481 0 1897 15468 15468 29907 29831
40740 0 1897 245 245 11853 11781
4621 1 4620 1 1 5 1
14843 0 23268 6923 6923 10815 10811
12016 1 12015 1 1 3 1
19364 1 19363 3 1 1 1
40432 0 5164 109 108 994 984
34663 2 34482 22822 22822 11890 11890
4270 7 27605 48 9 1 1
4270 7 39989 41 3 1 1
24865 1 29189 2 1 2 1
10074 0 7611 84 84 3570 3560
30125 4 21696 1990 1989 619 619
5262 6 1060 1949 1947 359 359
4252 1 4251 1 1 4 1
22399 1 16355 474 474 7189 7184
40351 0 23777 5041 5041 9530 9530
28134 0 25797 3244 3244 9623 9623
36095 0 17496 9023 9023 11032 11031
40618 0 20146 33658 33658 12435 12434
11641 3 6465 3882 3877 63 63
17723 1 36872 2 1 1 1
40243 0 9712 249 249 3507 3503
31655 6 23676 19314 19311 5146 5146
7363 1 9383 2 1 6 1
927 1 19126 2 1 1 1
18550 1 11874 5 1 5 1
6872 1 17571 3 1 2 1
22182 1 3015 2 1 2 1
31726 0 2708 1 1 28 2
10510 1 31299 3 1 2 1
10510 1 11468 2 1 2 1
5637 0 14019 12724 12724 32730 32717
37295 0 5637 940 940 14070 14052
40651 0 14019 1759 1759 11681 11669
19127 0 32193 4497 4497 6523 6521
40619 0 17352 22881 22881 12277 12277
18931 1 7658 3 1 1 1
24917 1 24916 1 1 1 1
14958 0 8926 35873 35873 38220 38217
2199 0 12062 7 6 37 33
37781 4 33570 792 792 248 248
2638 1 13670 6 1 4 1
4988 6 37733 1945 1944 2244 2244
7538 0 2453 5435 5435 31821 31767
6470 0 2453 60 60 3666 3615
3450 0 2453 6058 6058 31757 31704
23404 1 36206 1 1 1 1
18078 1 18077 1 1 1 1
12966 4 7733 6 5 8 7
2725 6 35944 1504 1501 103 103
2725 6 38746 1750 1746 265 265
6374 1 6373 2 1 4 1
18028 4 23156 25237 25235 13571 13571
27874 1 9022 1 1 3 1
7520 0 6342 26354 26354 18987 18986
26885 1 36088 5 1 2 1
40337 0 3712 38275 38275 20453 20444
11866 0 2723 7 7 52 17
40672 0 2723 40848 40848 12942 12905
19663 5 5949 44 44 734 727
10405 4 39191 139 136 9 9
31833 0 2612 31706 31706 13954 13953
27749 0 2612 39680 39680 26570 26568
36563 6 10574 2218 2216 221 220
40621 0 17882 20702 20702 11872 11871
6572 1 34940 11859 11854 27047 27047
2450 1 6572 2 1 4 1
34940 1 6572 26362 26362 13178 13173
11303 0 16874 31 31 54 52
3894 6 39306 358 350 31 30
38351 1 38350 1 1 1 1
221 3 8712 3 1 5 1
8712 3 2533 5 1 3 1
40622 0 140 34965 34965 12120 12113
16189 1 10946 2 1 5 2
22380 1 29033 5 1 2 1
33769 1 969 1 1 2 1
21347 6 28199 4645 4645 4899 4899
5013 4 21215 58 57 14 14
40623 0 9319 394 394 9251 9249
9319 6 20165 432 428 79 78
22384 1 2522 2 1 7 1
30132 1 32978 2 1 1 1
28058 6 25609 9828 9822 19297 19296
4994 1 4993 1 1 2 1
515 0 2507 2 2 14 9
515 1 25909 8 1 2 1
2739 1 8642 7 1 1 1
8991 0 10772 17497 17497 39262 39250
1796 0 10772 18033 18033 36872 36861
28422 0 10772 5108 5108 5996 5987
21206 0 10772 5683 5683 26050 26040
3799 0 507 654 654 13726 13710
3335 4 15150 463 459 26 26
28623 1 16535 1 1 2 1
2736 4 39631 57 12 1 1
30472 0 13465 34737 34737 14291 14290
33343 1 22 1 1 3 1
10950 1 13236 5 1 5 1
2967 1 2966 1 1 5 1
39937 0 7513 15935 15934 26163 26163
9419 1 9418 2 1 2 1
39013 1 36698 1 1 1 1
29610 1 10919 1 1 1 1
4538 3 20612 35330 35330 40479 40479
30780 0 35793 17464 17464 21375 21374
24724 0 8582 27813 27813 32337 32329
8582 3 31244 13181 13181 30579 30579
32853 1 1076 1 1 8 1
16397 1 1054 5 1 7 1
1054 1 16397 7 1 5 1
20574 1 20573 1 1 1 1
17492 1 25092 2 1 3 1
38372 5 9152 48 48 165 161
20274 0 9152 618 618 2011 2010
20264 1 24542 2 1 3 1
18955 0 7329 153 153 2657 2650
23987 0 4369 1413 1413 6551 6531
4369 0 3 117 117 10705 10692
2124 1 1068 3 1 3 1
33595 0 1068 4828 4828 23621 23604
5628 7 37755 788 756 6 5
5628 7 12647 42 11 2 1
3996 1 6728 2 1 11 1
40624 2 8477 627 627 11016 10997
40625 2 1565 25 25 11032 11015
36784 2 1565 119 118 1569 1553
2962 4 22234 49 20 5 5
2962 4 29412 217 187 6 6
6633 7 36193 1441 1430 10 10
40626 0 614 1247 1247 10496 10493
31835 1 5813 2 1 11 4
25903 0 9834 804 804 4773 4768
16418 0 8858 398 398 3876 3864
32204 1 21012 2 1 4 1
36815 4 18543 22344 22344 18666 18666
5960 1 5959 1 1 3 1
5959 1 20633 2 1 2 1
3186 0 19366 1 1 6 1
34490 0 19366 1 1 7 1
9285 4 3566 38 35 7 7
28491 0 21937 25411 25411 25220 25220
14560 0 3579 37959 37959 21295 21283
1548 0 13970 3568 3568 25949 25942
24781 0 9745 379 379 1198 1195
37605 1 10437 1 1 2 1
21783 4 36057 308 302 5 5
39777 0 28386 290 290 5 5
12874 0 25149 5 5 333 328
34886 0 19548 1327 1327 3884 3883
38549 0 3218 29326 29325 10045 10038
6806 0 3218 3 3 15 9
5707 1 9142 1 1 6 1
21471 0 21813 2 2 7 4
3766 8 8009 74 68 8 5
13145 1 9402 4 1 3 1
17843 0 28399 5489 5489 13109 13109
40627 0 1666 24 24 9817 9805
1666 0 8325 3 3 15 6
654 0 412 41 41 3377 3370
14956 2 12037 20014 20013 8617 8612
617 6 6774 124 110 14 11
9968 1 9967 2 1 3 1
27085 0 35359 2 2 3 3
1637 1 34420 3 1 2 1
5730 0 36803 3826 3826 2902 2900
838 6 32152 54 46 2 2
23103 0 3276 110 110 3910 3893
35721 0 3276 49 49 5542 5524
18987 1 3276 4 1 2 1
40629 0 36565 34903 34903 13212 13211
1164 6 6638 10 5 3 1
34239 9 18569 1 1 2 1
11837 4 28447 12 5 4 4
28130 0 12447 1757 1757 5636 5632
3649 1 31930 2 1 1 1
11584 0 5856 32765 32765 29795 29767
15608 0 11584 127 127 622 619
33433 0 9304 61 60 1451 1441
11509 6 13575 6643 6642 4569 4569
3459 1 18716 25677 25666 24816 24816
28208 1 3459 1 1 11 1
18716 1 3459 26609 26609 27244 27233
33370 4 36554 106 106 49 49
36554 4 19332 31391 31391 25029 25029
28158 1 24705 2 1 1 1
3450 1 13968 5 1 2 1
32129 0 885 337 337 4651 4644
23550 0 341 313 313 9240 9234
20836 1 23921 5 1 1 1
23921 1 19782 2 1 1 1
20335 0 25270 32 32 17 17
32163 4 27952 12529 12528 3539 3539
22393 0 1973 1230 1230 15303 15246
40727 0 1973 6755 6755 13731 13675
25244 0 1945 4480 4480 13607 13583
33880 0 1945 989 988 3239 3217
24265 1 658 1 1 2 1
8592 1 8591 3 1 4 1
799 6 14682 328 310 62 61
799 6 23999 26 9 3 2
36839 0 32330 3571 3571 1983 1983
9877 9 17446 1 1 2 1
9284 6 40237 17442 17442 21217 21217
8440 0 10175 956 956 1327 1322
15799 6 17610 19013 19001 77 77
1955 1 12334 1 1 1 1
15612 1 33784 1 1 3 1
26154 6 29880 5 2 3 3
27300 1 30734 5 1 1 1
27525 0 3582 80 80 4657 4631
30440 0 27525 7487 7487 5974 5973
11629 1 3582 5 1 1 1
3325 0 31371 38817 38817 33392 33389
8222 0 5081 20 20 14 12
9760 1 9759 1 1 1 1
1709 1 2722 5 1 1 1
12888 6 33923 298 297 8761 8760
23634 0 4578 31155 31155 27964 27962
3258 9 23634 1 1 1 1
17187 1 13864 4 1 2 1
17187 1 11812 3 1 5 1
17187 1 6726 2 1 5 1
9561 4 39738 17 12 4 4
40630 0 4049 34 34 11904 11889
23531 0 4049 23 23 5812 5799
19 1 6484 9 1 4 1
19331 0 6850 6 5 77 53
27088 1 9828 1 1 1 1
35702 0 15222 336 336 4593 4591
20635 6 21042 680 678 156 156
22261 1 13269 1 1 3 1
22970 1 22969 4 1 1 1
18827 4 15294 484 484 137 137
9782 1 3951 1 1 1 1
35390 0 7258 21104 21104 27009 27009
36733 6 32656 16694 16694 18656 18656
38009 0 28740 32247 32247 18380 18379
26011 2 4090 2288 2286 7509 7479
36107 2 4090 2 1 79 50
33747 1 4090 1 1 2 1
36531 2 499 3 3 69 36
24281 1 11177 1 1 5 1
1223 7 34593 249 236 7 7
24757 1 2423 2 1 8 1
2423 1 2422 7 1 1 1
22776 1 9885 2 1 3 1
15285 1 9885 2 1 4 1
9885 1 28854 5 1 2 1
10713 4 34491 1433 1427 63 63
21164 0 1390 40637 40637 32291 32280
32940 0 30056 2345 2345 2715 2714
21775 0 25753 3461 3461 5617 5616
33648 1 6674 1 1 4 1
2761 0 4715 40126 40126 34105 34091
6696 0 4715 8 8 107 94
17030 9 4295 1 1 1 1
13412 0 21233 25602 25602 16406 16404
28826 1 6595 2 1 4 1
20832 1 11711 3 1 6 1
14280 1 11926 6 1 4 1
29160 1 15901 3 1 4 1
16032 6 33387 13 3 4 1
11676 0 14498 115 115 1999 1988
16565 2 11676 27 27 997 996
31288 6 28201 16 16 63 63
40631 0 12856 1864 1864 10548 10546
24723 1 5785 4 1 4 1
4523 1 5616 3 1 3 1
12257 3 13172 4 1 3 1
12257 3 535 5 1 2 1
26683 0 5772 5 5 99 67
336 1 17653 3 1 3 1
1046 7 15073 4233 4116 1 1
1046 7 30406 24719 24597 1 1
1046 7 27214 280 165 1 1
1046 7 33079 12350 12231 3 3
1046 7 5787 125 11 1 1
2624 1 19875 2 1 3 1
19876 1 19875 1 1 4 1
15802 0 7902 1101 1101 24895 24891
9265 0 3141 17 17 4300 4247
12722 0 3141 8 8 3970 3918
10103 0 3141 4 4 381 330
7145 5 1658 1 1 33 22
7145 0 1669 40379 40379 40171 40165
12738 5 1658 16 16 13296 13284
17951 0 1658 25 25 1480 1474
27703 9 34293 2 1 1 1
29800 4 28661 45 44 19 19
6381 1 190 4 1 1 1
859 9 12748 1 1 1 1
30017 1 859 2 1 1 1
18820 1 11268 23477 23474 24427 24426
1823 0 4690 39086 39086 40931 40931
21777 0 6768 1752 1752 10651 10650
6768 6 21336 5 3 2 1
40091 0 4569 466 466 5111 5094
14867 2 741 1 1 47 3
14867 4 4956 7 7 70 68
12851 2 741 1 1 46 3
20925 1 20924 3 1 1 1
1674 1 931 1 1 1 1
34244 0 32041 39584 39584 38258 38258
40632 0 7551 731 731 11332 11299
14712 0 7551 22 22 4523 4491
2716 1 35898 4 1 1 1
40633 0 13777 68 68 10304 10294
37358 1 31163 1 1 2 1
11679 7 23483 2578 2571 14 14
7229 4 27626 46 30 3 3
22653 0 16517 2802 2802 7495 7495
16217 0 5288 624 624 7091 7087
2278 6 26447 428 419 5 5
24890 4 33643 154 153 20 20
32433 0 15559 9617 9617 18331 18329
22947 3 32423 3710 3708 85 85
23487 9 11721 1 1 1 1
15940 1 23487 2 1 2 1
23487 0 13665 94 94 977 975
18752 1 299 4 1 5 1
18752 0 8047 36 36 2534 2527
15683 6 19775 5 3 11 10
39821 0 33635 70 70 806 804
12743 1 17790 2 1 8 1
40634 0 28094 22431 22431 12724 12719
2256 1 14167 3 1 1 1
18933 4 20525 41 39 14 14
17224 1 10004 5 1 3 1
37117 0 6089 469 469 2208 2197
3733 1 37117 2 1 2 1
2521 0 8501 390 390 1981 1976
16781 1 14407 6 1 2 1
14716 0 14407 4750 4750 17917 17915
8270 0 36693 261 261 3650 3649
6368 5 4264 3 1 7 1
35387 1 19174 1 1 3 1
13187 1 18773 3 1 2 1
10051 0 11733 16 16 419 412
26059 4 39209 2 1 2 2
11003 1 3102 4 1 2 1
10718 1 11003 2 1 5 1
11003 0 12665 13810 13810 33330 33329
3102 0 37135 3 3 4 3
18521 1 21925 1 1 2 1
8854 1 7411 2 1 4 1
16381 0 23939 100 100 2 2
451 0 1929 1 1 235 7
33456 0 1929 1 1 226 1
24694 0 1929 2 2 223 1
39387 0 1929 1 1 225 1
7613 1 12661 4 1 1 1
7197 1 15448 3 1 2 1
17662 1 15448 1 1 1 1
37672 0 16158 6142 6142 4739 4739
21547 1 21546 1 1 2 1
10702 1 23017 5 1 1 1
438 1 34948 2 1 1 1
18006 4 18624 5 5 5 5
9736 0 18836 15387 15387 12029 12027
26667 1 37019 1 1 1 1
2440 0 6281 57 57 212 204
26061 1 34300 2 1 1 1
7854 1 4665 3 1 2 1
4819 4 14283 8 6 3 3
38806 0 30214 31090 31090 36849 36849
8314 1 16121 4 1 3 1
39546 0 27758 77 76 886 881
19102 2 1216 8 7 14 12
29584 1 17589 3 1 2 1
23903 0 2218 6936 6936 9431 9423
10504 6 23689 611 605 55 54
21753 1 24319 2 1 1 1
27512 2 9554 665 665 3551 3549
33772 0 18060 5124 5124 16791 16790
40635 0 11401 7189 7189 11124 11116
37827 0 12143 17634 17634 13688 13685
10219 1 15914 2 1 4 1
40636 0 10144 547 547 10528 10522
25012 1 28395 1 1 1 1
10163 1 36165 2 1 2 1
13634 1 16425 3 1 1 1
10718 1 3101 3 1 3 1
32269 4 13378 930 929 133 133
132 6 7098 32098 32071 5115 5115
132 8 30058 57 30 2 1
24046 2 7098 8 8 13 11
34096 2 6504 5 4 12 9
16928 1 39641 8 1 1 1
10361 0 11019 16567 16566 7269 7268
31941 1 1800 6826 6826 7062 7060
1800 1 31941 6813 6811 5975 5975
15215 0 10045 4883 4883 16338 16338
13118 4 38898 199 193 25 25
32650 1 7755 2 1 3 1
12467 4 34649 7 1 2 2
9896 1 18285 1 1 1 1
7667 1 12425 2 1 4 1
13792 1 1506 3 1 2 1
27011 1 15878 4 1 4 1
29234 0 35329 1730 1730 1701 1701
7943 0 10653 1936 1936 2994 2988
17967 0 7943 4 4 76 71
27950 1 7080 1 1 3 1
32191 0 30183 865 865 354 354
8067 4 31485 80 80 82 82
40637 2 3638 28005 28005 11851 11848
3845 0 33389 4 4 18 11
34507 0 1864 3425 3424 579 579
1864 4 25736 233 152 5 5
1864 4 34970 131 53 3 3
9467 1 9580 2 1 3 1
13612 1 17386 4 1 1 1
13700 1 35600 3 1 1 1
4329 0 8286 15781 15781 19076 19072
32613 1 25386 1 1 2 1
5658 1 17587 3 1 5 1
5658 1 6582 2 1 7 1
39787 0 127 1 1 38 1
14136 0 127 165 165 20563 20525
13276 1 13275 1 1 2 1
40639 0 13366 24552 24552 10480 10480
13367 1 13366 2 1 1 1
40275 5 7288 6 6 994 980
1302 0 875 33573 33573 32641 32641
1302 1 25385 4 1 2 1
875 1 12410 5 1 2 1
4494 1 89 2 1 3 1
18990 0 89 218 218 4676 4659
40640 0 24053 9250 9250 11794 11793
18859 1 233 1 1 6 1
12436 0 233 345 345 422 422
7065 1 30772 4 1 1 1
934 0 7065 1771 1771 481 481
2370 4 38227 27 8 1 1
2370 4 36484 28 8 2 2
25146 1 23224 1 1 3 1
30650 5 5167 7 7 185 167
4399 0 17631 4418 4417 15536 15534
4487 1 23828 2 1 3 1
40641 0 6889 25173 25173 11903 11899
14877 0 673 2 2 255 236
11236 1 11235 1 1 3 1
18886 1 5777 2 1 1 1
23603 1 14746 10528 10526 11942 11941
38534 6 21834 37 37 210 210
29015 4 35243 77 77 461 461
5305 9 11107 1 1 1 1
1754 1 11107 6 1 2 1
4526 0 16078 9 9 151 138
33020 0 17455 28 28 538 533
11439 0 3779 23938 23938 36100 36046
11995 6 27315 3950 3940 80 80
4069 1 10264 3 1 3 1
16543 2 7941 2871 2871 24066 24065
30820 4 40098 4 4 3 3
7608 6 17250 622 622 2292 2292
34850 0 14755 149 149 881 880
29978 0 14755 146 146 899 897
1608 0 27044 9 9 5 2
21522 0 4706 1488 1488 3084 3084
21523 1 21522 1 1 3 1
18705 1 10129 3 1 3 1
4870 4 23128 125 107 4 4
7327 1 28238 1 1 1 1
34202 0 26992 3689 3689 11221 11221
36557 0 6350 16 16 36 30
35418 1 29484 2 1 1 1
7541 0 4367 91 91 1040 1012
11932 4 32067 117 103 4 4
10275 0 17996 4317 4317 10615 10612
39456 1 19704 1 1 3 1
18323 0 586 6904 6904 23894 23814
13562 0 586 5 5 600 523
4417 1 586 2 1 6 1
7278 1 586 1 1 5 1
27593 1 12739 1 1 2 1
12739 1 21738 3 1 3 1
12654 0 8574 29 29 28 27
9238 1 23492 4 1 2 1
31611 0 7155 69 69 1667 1661
7156 1 7155 2 1 2 1
7155 0 32985 6624 6624 6514 6512
16869 0 14047 33 33 310 307
2512 1 11785 1 1 4 1
11088 1 10937 2 1 4 1
28051 4 23671 1844 1844 1850 1850
20731 0 20684 4737 4737 6999 6998
4385 1 3236 1 1 7 1
9432 9 1667 3 1 2 1
9432 0 10503 20946 20946 26360 26360
40643 2 3999 12 12 10241 10202
40646 2 3999 12 12 10280 10240
40743 2 3999 12 12 10229 10191
40711 2 3999 12 12 10372 10331
40755 2 3999 12 12 10001 9965
12237 1 7953 3 1 4 1
25278 1 37411 3 1 2 1
408 4 23469 4 2 3 3
1148 0 17366 10965 10965 5268 5260
7956 0 627 18 18 28 28
9729 1 6968 1 1 8 1
24511 0 1344 278 278 1477 1477
27740 0 26327 3 3 7 2
7986 8 7255 5614 5608 21 21
7381 1 25502 5 1 1 1
2902 1 11262 9 1 3 1
9042 1 10887 4 1 5 1
9043 1 9042 3 1 5 1
6541 9 6540 1 1 1 1
40644 0 9111 2419 2419 12465 12459
26375 1 21045 1 1 2 1
1257 1 11847 2 1 2 1
19650 1 21679 3 1 1 1
4031 1 5234 9 1 2 1
40645 5 20085 468 468 12137 12136
12097 1 7899 2 1 5 1
12097 1 15381 3 1 2 1
15381 6 27596 10 8 12 11
3911 1 3910 1 1 2 1
6582 1 4443 9 1 5 1
16646 1 30805 5 1 3 1
37036 1 4229 28009 28009 26854 26850
12072 6 37740 25 22 2 2
2007 2 12273 2 2 52 3
11567 0 73 331 331 8255 8244
10875 0 11567 38922 38921 26634 26634
18947 5 73 6 6 9298 9241
40724 5 73 24 24 13776 13718
27976 1 38676 1 1 1 1
33023 4 28124 35 34 20 20
21030 1 8155 2 1 1 1
27238 5 13249 8 8 508 493
5870 1 5622 3 1 5 3
5622 1 5870 4 2 3 1
27901 0 19859 72 72 221 220
40662 0 19859 14799 14799 12268 12266
31613 0 29521 5373 5373 7909 7908
17378 0 6050 94 94 41 40
40155 5 4554 233 233 15053 15045
40527 0 7268 5308 5308 6030 6022
14066 1 11728 1 1 7 1
26527 1 20615 4 1 3 1
33593 9 20131 1 1 2 1
27280 1 21426 1 1 2 1
3040 1 17693 2 1 2 1
25658 0 485 38537 38537 32864 32863
18469 5 129 6 6 411 366
28264 2 19665 2 1 5 3
27241 5 5742 2 2 25 5
5026 0 25220 1682 1682 4855 4852
11821 0 23942 101 101 648 647
28145 0 21469 27125 27125 25431 25431
36421 0 23934 8862 8862 4870 4870
5784 1 37926 6 1 1 1
10931 6 4938 137 136 4 4
1857 6 34576 1700 1667 70 70
1857 8 29220 1312 1301 37 37
11116 1 11115 2 1 2 1
3144 1 34206 2 1 1 1
29262 1 30989 1 1 1 1
1904 0 13709 70 70 10352 10332
10949 1 12159 4 1 5 1
10852 1 10851 1 1 2 1
38604 0 9315 26293 26293 31554 31552
40648 0 20404 31352 31352 12879 12877
455 10 12842 1 1 1 1
5537 6 32458 751 751 3742 3741
3621 1 28895 16 1 1 1
4946 9 20388 1 1 1 1
37381 5 2404 1 1 70 7
18509 5 2404 60 60 10303 10239
34190 0 4417 396 396 3547 3543
7826 1 7825 1 1 2 1
7825 1 29516 1 1 1 1
10788 1 10787 2 1 1 1
13090 1 23239 3 1 2 1
21630 1 3350 2 1 2 1
40681 0 21630 768 768 12527 12526
40020 1 27893 1 1 1 1
192 0 3182 5389 5389 32978 32930
40659 0 3182 15 15 10512 10465
25380 1 34263 3 1 1 1
40649 0 16215 40049 40049 13225 13224
40446 1 23732 75 75 1269 1266
23732 1 40446 1285 1282 89 89
34086 6 5206 34 34 29 29
2858 0 20996 45 45 560 557
18116 0 20996 354 354 7101 7097
10925 1 12946 3 1 3 1
29210 0 28005 17576 17576 7602 7599
27124 0 25522 194 194 8848 8845
12679 0 25522 1236 1236 16293 16289
40650 0 7972 205 205 11276 11259
637 8 34610 558 535 6 6
8063 1 12534 6 1 1 1
18731 1 18730 2 1 1 1
20947 2 909 6 5 30 24
1431 4 36937 28 13 5 5
15092 4 39339 21970 21966 21919 21919
8626 1 17737 2 1 1 1
8142 0 267 34 34 1235 1213
13601 0 267 32343 32343 38073 38049
4749 1 3012 3 1 4 1
34451 0 4286 12 12 1265 1256
19033 0 4286 65 65 1088 1080
4562 1 2073 4 1 6 1
2073 0 12505 13 13 582 575
31431 0 724 28312 28312 30108 30088
38103 0 724 184 184 6317 6300
40654 0 724 7490 7490 11113 11095
16201 1 29447 3 1 1 1
5631 1 37242 3 1 1 1
8758 0 904 38626 38626 32203 32190
4273 0 20274 61 61 7 6
7509 1 28460 2 1 1 1
24248 1 26008 13 13 315 313
16580 0 4596 459 459 13634 13562
31450 0 4596 10886 10886 21466 21393
26018 2 7003 99 99 3896 3895
27767 0 33139 18 17 10 10
11803 1 3063 6 1 5 1
40671 0 11803 26966 26966 11711 11710
8515 0 9557 4 4 103 83
30217 4 31100 24 17 3 3
149 0 8325 25 25 1205 1195
16886 0 8325 16118 16118 19759 19748
6021 3 6419 1854 1854 996 996
8937 1 15399 3 1 3 1
15399 0 15413 2644 2643 1044 1043
16850 0 2816 273 273 2753 2742
1495 1 1496 3 1 1 1
22266 1 13419 3 1 1 1
4036 6 25770 4 2 2 1
9661 1 35820 7 1 1 1
33793 5 226 208 208 27629 27619
7617 0 3106 1343 1343 321 321
25454 0 8768 911 911 6944 6944
40652 0 19798 10612 10612 12476 12474
12951 1 6835 3 1 3 1
13042 1 35270 2 1 1 1
22965 1 29226 3 1 1 1
27680 4 33739 8 7 3 3
1899 1 12199 3 1 2 1
28178 1 1166 2 1 2 1
7900 0 1166 797 797 732 722
23262 6 32818 155 154 26 26
5593 6 11394 7133 7130 209 209
8267 1 5593 1 1 1 1
3044 1 2035 6 1 4 1
3044 1 16109 8 1 2 1
21419 4 26177 334 333 81 81
21419 4 31110 3787 3785 1313 1313
13244 1 13243 2 1 1 1
29344 0 8327 16037 16037 21942 21932
33450 4 37712 7920 7920 1484 1484
35194 4 34100 16 14 7 7
40655 0 9708 49 49 9757 9748
11987 1 24184 2 1 2 1
40067 0 28616 8448 8448 10224 10224
11962 0 5446 1 1 19 1
40656 0 23923 322 322 11115 11113
17906 1 39780 1 1 1 1
12010 0 12867 3133 3133 3688 3688
27741 0 9592 29750 29750 28749 28739
31815 0 20618 3278 3278 4674 4673
36783 1 30240 1 1 2 1
18655 0 7908 38234 38234 36611 36609
6243 1 7908 3 2 20 13
24740 1 21889 1 1 2 1
4775 1 10634 1 1 3 1
25665 0 1971 39761 39761 29723 29712
1669 3 13851 44 39 7 7
2025 6 7292 2625 2623 408 408
14912 1 32715 4 1 1 1
12038 0 38396 1501 1501 552 552
35926 5 7786 43 43 21695 21675
825 4 18445 26 15 4 4
40657 2 26386 13237 13237 12184 12184
20788 1 2698 3 1 4 1
11974 1 28533 3 1 2 1
40658 0 20524 8112 8112 11111 11109
30364 0 7177 19723 19723 24827 24821
17270 0 3160 28 28 131 115
29793 0 3160 2247 2247 8948 8931
23134 2 3167 66 65 1705 1683
11450 0 3167 330 330 3727 3716
12666 8 16098 32029 32020 3918 3918
12666 8 36039 3237 3229 30 30
31571 0 30708 38053 38053 32363 32361
5912 1 2368 3 1 4 1
31386 1 8649 1 1 1 1
982 1 215 3 1 6 1
33373 0 6364 1170 1170 3904 3900
13857 6 25567 7036 7036 6839 6839
13500 0 351 1 1 134 10
22904 0 351 1 1 720 595
28665 0 351 1 1 127 4
40717 0 351 27167 27167 16925 16799
18938 0 5892 14 14 308 300
16099 1 26369 2 1 1 1
2721 9 2720 1 1 1 1
24582 0 15825 6426 6426 12577 12572
32819 1 28176 1 1 2 1
36852 4 37506 245 245 57 57
2214 0 15911 30559 30559 33314 33314
4259 1 4258 1 1 3 1
257 1 24309 2 1 1 1
4917 0 9090 102 102 360 359
9090 1 14439 2 1 6 1
20691 0 1251 2 2 7 3
27447 1 14144 1 1 2 1
40664 0 2231 15588 15588 12058 12029
16037 0 2231 7 7 990 962
13008 1 27465 3 1 2 1
11452 0 25129 149 149 143 139
231 0 1467 142 142 17089 17046
3531 0 28084 24007 24007 38681 38680
3531 1 4181 2 1 2 1
6594 1 4528 1 1 4 1
19437 0 14525 24708 24708 19444 19409
8031 0 14791 921 921 16073 16062
31367 1 1787 1 1 2 1
9853 1 760 7 1 2 1
27431 0 39165 16208 16208 16027 16027
36977 0 5846 1 1 31 2
3013 0 40092 32 31 99 98
2724 4 36323 52 22 3 3
7159 4 9738 14 12 4 4
38226 0 6849 2 1 16 11
4087 3 16968 5 1 5 1
4087 3 4129 6 1 5 1
31274 1 31273 1 1 1 1
5582 1 25676 10 1 1 1
25982 1 16758 1 1 3 1
16758 1 25203 4 1 2 1
1131 4 12184 59 10 3 3
22246 0 24779 19198 19198 22900 22898
15361 6 28949 521 521 3882 3881
36223 0 8406 40334 40334 38935 38925
1772 8 35641 7209 7208 610 610
1772 8 37471 3565 3565 197 197
8336 2 1773 2 2 39 2
19749 1 22236 1 1 1 1
36152 0 33158 849 849 9511 9510
9803 4 33158 1225 1222 47 47
31178 6 27506 18 16 6 5
19480 0 22889 739 739 258 258
1803 1 3108 10 1 4 1
3108 0 30670 819 819 1634 1632
23633 1 27801 3 1 2 1
10997 5 6030 78 78 151 149
10997 1 30683 2 1 1 1
4151 6 35893 16 7 2 2
21421 3 7727 2 1 2 1
8947 4 25382 310 308 35 35
28887 1 2749 2 1 7 1
30602 0 7963 12714 12714 15940 15935
28803 1 7236 1 1 1 1
17376 6 18797 13 1 2 2
18797 6 7347 84 80 11 11
4486 1 6243 9 1 1 1
38461 0 30319 781 780 5585 5581
10089 1 7989 1 1 10 1
12058 1 2312 1 1 10 1
8268 1 5633 3 1 2 1
40666 0 16421 24956 24956 12306 12306
18179 9 5219 1 1 1 1
10733 1 1830 7 1 4 1
433 1 15766 2 1 3 1
30942 1 704 1 1 1 1
11977 0 6276 13 13 940 934
40667 0 25385 5812 5812 9340 9336
17801 0 24596 7377 7377 10555 10554
36884 0 4188 18855 18854 1868 1868
10301 0 9082 1972 1972 4536 4534
15234 6 20190 4 4 65 62
31040 1 34714 2 1 2 1
23336 0 36235 12217 12217 12194 12194
33510 1 34163 2 1 1 1
14971 1 14960 1 1 1 1
17273 0 4918 34608 34608 30757 30756
30507 0 542 2 2 16 4
30659 0 542 4 4 341 328
21349 4 34315 1248 1248 1056 1056
7012 1 7012 684 684 702 702
6351 0 5112 4793 4793 1198 1197
29074 1 29073 3 1 1 1
21454 1 39437 1 1 1 1
4178 6 21454 15813 15812 5012 5012
33809 1 29402 1 1 2 1
24898 0 7415 32847 32847 19724 19704
808 1 807 2 1 1 1
22710 0 22555 3343 3343 9994 9993
10110 1 18587 2 1 3 1
18587 0 20875 26380 26380 18169 18161
16329 1 3909 4 1 2 1
1432 4 8490 17 2 1 1
16905 1 10533 2 1 2 1
9956 1 2505 1 1 2 1
22993 1 6303 3 1 2 1
17529 1 8542 3 1 4 1
18744 0 6242 74 74 1833 1828
40668 0 881 36484 36484 12975 12971
23982 1 23981 1 1 1 1
40669 0 14189 9729 9729 11168 11166
5759 1 26443 3 1 1 1
24585 2 10398 5 5 532 507
14448 1 10398 2 1 2 1
28412 0 37012 32836 32836 17634 17633
6886 1 32873 2 1 2 1
9765 0 19420 63 63 20 19
1752 1 9904 7 1 4 1
20473 1 13402 2 1 3 1
39769 1 25538 176 176 161 161
25538 1 39769 158 158 194 194
21180 6 11296 3 2 4 3
4128 1 25065 1 1 1 1
40670 0 14798 27726 27726 11450 11448
40670 6 40706 9179 9179 9424 9424
6066 0 11939 30888 30888 18492 18483
24884 4 6439 19 19 64 64
26927 1 4813 5 1 3 1
12620 6 33079 7949 7949 7858 7858
23142 1 23141 2 1 1 1
2112 1 15204 3 1 2 1
31063 4 40391 3 3 3 3
23817 1 38036 2 1 1 1
35101 0 20547 1469 1469 4895 4893
34252 0 7906 18561 18561 13367 13366
6576 6 15513 4589 4589 7588 7587
2696 1 307 5 1 2 1
2831 0 2696 3014 3014 21399 21388
1570 1 15541 4 1 4 1
2232 0 35643 32967 32967 36107 36107
4771 4 1369 307 254 4 4
4771 4 10898 30427 30373 150 150
25079 0 1369 7681 7681 15025 15023
19764 0 29317 20518 20518 23977 23976
30894 0 2657 221 221 608 602
30894 1 30893 1 1 1 1
35465 2 9450 6 6 192 182
27198 0 19507 2 2 13 7
9577 1 18755 2 1 3 1
9577 1 2300 1 1 7 1
6591 1 15671 1 1 2 1
40674 0 19768 30409 30409 10987 10986
2835 1 10762 3 1 2 1
40036 0 8241 13019 13019 20888 20888
15566 4 17079 259 254 13 13
38115 1 37110 1 1 1 1
35182 1 26668 1 1 3 1
8887 0 10579 37 37 1056 1055
39995 0 13740 111 111 5175 5171
5336 1 2296 5 1 2 1
1528 1 2296 4 1 3 1
34557 0 26 26982 26982 28415 28413
12745 1 18647 3 1 3 1
7997 1 15740 3 1 2 1
7489 6 25346 1740 1734 98 98
22264 0 6890 1052 1052 623 622
21341 1 26384 2 1 2 1
130 5 1981 241 241 24546 24491
18980 1 21881 3 1 3 1
18980 1 12859 4 1 2 1
40438 4 2459 40302 40301 6961 6961
2459 0 22692 207 207 67 66
32399 6 35294 67 67 138 138
16433 0 15675 10525 10525 25709 25707
18645 1 19846 12743 12742 14705 14703
1831 1 13620 1 1 1 1
27640 0 35564 524 524 1758 1758
28049 2 12715 46 46 1090 1074
34427 0 119 36 36 4359 4321
38238 0 119 2 1 38 2
14129 1 14128 1 1 1 1
16455 0 30527 9 9 18 16
22880 0 2807 34776 34776 28133 28128
5517 1 8571 2 1 3 1
31628 0 6776 967 967 8895 8885
14732 0 6776 63 63 6545 6536
1395 1 10603 4 1 1 1
26249 1 1851 1 1 2 1
21189 1 25948 3 1 2 1
30647 0 1326 36073 36073 20546 20530
10370 0 1326 67 67 4504 4489
25930 4 10103 60 54 2 2
39271 2 916 5 4 746 599
39473 2 916 2 1 142 3
33293 2 916 3 2 164 23
13451 2 25375 25 25 96 94
1346 1 6170 4 1 5 1
2261 4 14320 22 7 4 4
1705 6 39241 59 52 2 2
858 4 23688 3 2 3 3
11337 0 13858 5924 5924 8464 8458
36322 0 427 11 11 3818 3746
28974 0 4885 32 32 574 564
23365 6 15758 46 46 53 53
11547 1 11546 4 1 1 1
32755 0 697 1 1 6 1
7568 1 7567 1 1 1 1
21710 0 5678 23 23 10 6
33405 0 5891 4 4 16 13
19993 6 40676 14391 14388 16463 16463
8878 1 6111 1 1 4 1
11299 0 8050 567 567 3220 3216
6501 1 6500 1 1 1 1
9095 0 6138 9595 9595 13878 13863
29324 0 5429 2613 2613 5759 5759
28608 4 27634 7797 7797 13130 13130
25947 1 30204 2 1 4 1
8835 6 24716 5107 5098 220 220
31000 4 5709 7 4 5 5
14357 0 30076 10462 10462 19106 19106
15636 1 14742 2 1 3 1
8343 1 5855 2 1 4 1
13930 0 14302 3 2 11 6
6188 4 19609 18 2 1 1
30806 1 21229 1 1 2 1
21465 1 2680 1 1 3 1
5567 0 3263 425 425 4333 4323
1114 0 3263 1436 1436 5576 5565
15163 1 28250 4 1 1 1
24491 0 21806 5276 5276 4747 4747
13957 0 21517 14001 14001 21431 21430
26206 0 1852 31375 31375 20033 19983
31320 0 1852 5 5 198 151
35402 0 1852 1670 1670 4078 4030
17351 0 1852 3035 3035 32181 32130
12201 4 35651 11 6 3 3
26615 1 23283 2 1 2 1
38530 0 8201 5498 5498 8680 8667
26273 0 19179 21469 21469 23916 23916
31727 0 26208 10 10 22 21
14610 4 22269 553 551 84 84
6596 1 29722 2 1 1 1
35251 4 10622 10400 10400 8082 8082
33036 1 22694 2 1 4 1
9486 3 22694 36350 36345 11095 11095
7279 1 30681 10 6 8 5
30681 1 7279 8 5 11 7
35732 0 7738 4 3 11 10
6160 1 6159 2 1 1 1
40678 0 38900 7025 7025 12473 12473
12283 1 12051 3 1 2 1
20982 0 18646 3 3 5 3
9855 6 9449 1025 1000 70 69
8464 1 26186 5 1 1 1
36328 0 27331 13 13 884 878
28307 1 1781 1 1 5 1
22552 0 40034 8614 8614 7564 7564
40679 0 762 35948 35948 13848 13845
40680 0 38335 9897 9897 11493 11493
8103 1 9200 6 1 1 1
22832 5 2978 1 1 96 29
14475 5 2978 3 3 573 504
30111 0 9494 5 5 202 192
29085 1 18188 2 1 2 1
16374 0 151 15454 15454 19389 19382
40682 0 8093 35308 35308 13813 13785
7574 4 40009 275 273 10 10
40683 0 17911 2799 2799 11909 11906
7705 4 24544 34 28 4 4
31888 0 115 14 14 4051 4035
115 1 10641 8 1 2 1
9351 1 17202 2 1 4 1
728 1 727 6 1 3 1
31869 5 18855 867 867 16550 16537
38772 5 18855 12 11 13 1
33573 1 10115 1 1 2 1
6813 1 5176 3 1 3 1
30270 1 25946 1 1 2 1
23870 1 10884 6 4 2 1
40110 4 30283 17 17 8 8
39171 0 8786 19180 19180 18298 18294
13098 1 17229 8 1 2 1
9972 0 7945 2272 2272 14675 14652
2006 0 13976 9664 9664 11575 11573
21615 1 20726 4 1 1 1
35582 4 39566 4788 4788 4502 4502
14559 1 1815 2 1 3 1
35120 4 2143 88 85 14 14
15991 1 12504 1 1 4 1
6429 1 22011 3 1 1 1
5547 0 10707 4 4 132 108
11434 0 10707 12 12 13722 13697
8030 1 4592 4 1 2 1
19180 0 7178 9413 9413 18311 18309
20863 1 24708 3 1 1 1
32763 0 11178 2419 2419 1668 1668
20883 2 3869 5 5 7489 7458
35373 2 3869 10 10 7509 7477
20259 1 28121 2 1 3 1
1015 1 24451 2 1 2 1
3316 2 13606 27 26 71 68
24587 2 13606 46 43 478 474
36313 1 28400 1 1 1 1
4016 1 4015 4 1 1 1
6051 1 9303 2 1 4 1
22179 0 25743 9415 9415 18693 18690
37112 0 3027 38850 38850 29389 29335
16612 0 3027 451 451 11228 11176
23303 0 3027 1292 1292 10220 10169
40685 0 14898 29383 29383 14195 14177
3073 1 5623 3 1 2 1
40686 0 15810 30148 30148 11647 11647
30554 1 16575 2 1 1 1
5024 1 5023 1 1 4 1
5023 1 14075 5 1 1 1
10386 0 32386 93 93 16 16
7372 1 7371 2 1 1 1
5715 1 7372 3 1 1 1
29949 1 15424 1 1 2 1
5878 6 40688 12649 12649 9810 9810
4191 5 15351 51 51 9111 9105
2940 1 4191 4 1 5 1
25827 1 12437 1 1 1 1
1272 3 28165 6664 6664 32526 32526
14132 0 1272 36352 36352 16916 16899
4011 1 4010 2 1 2 1
4845 1 28045 3 1 2 1
5366 1 30121 3 1 2 1
4481 0 726 11970 11970 22174 22172
40457 0 20078 35 35 93 91
30688 0 343 95 95 154 153
18211 1 9926 2 1 3 1
2626 1 38942 104 101 6 6
40689 0 5724 25163 25163 12973 12969
37366 5 7581 4 4 2258 2243
11382 1 32851 27 26 4 4
5088 1 16447 2 1 2 1
17053 4 35164 3 2 2 2
31043 0 2411 3 3 59 45
14198 9 19677 1 1 3 1
16831 1 10331 3 1 7 1
21138 1 1713 2 1 3 1
3171 1 5790 7 1 2 1
21991 1 8254 4 1 2 1
35908 0 25798 473 472 425 422
12857 1 5476 4 1 5 1
35252 0 17711 922 922 13573 13570
28389 0 14982 40 40 2488 2477
31024 4 31588 28226 28221 12113 12113
9654 1 29009 5 1 1 1
4563 1 25251 6 1 1 1
18116 4 20686 18 12 10 10
16060 0 3587 2982 2982 9243 9241
3587 4 8188 525 520 12 12
27481 1 2605 4 1 1 1
15624 0 36918 31071 31071 23647 23644
1577 1 15781 10 1 1 1
15666 1 17997 2 1 1 1
28302 4 39471 116 114 17 17
33415 5 5247 58 58 19201 19194
3684 6 39371 436 408 2 2
25710 1 27965 3 1 2 1
7053 1 421 3 1 2 1
40691 0 15594 19402 19402 11897 11897
32417 0 5874 2 2 15 4
11643 1 2947 2 1 4 1
10227 0 3024 13731 13731 23583 23580
27766 1 28521 2 1 1 1
38480 1 3659 1 1 1 1
9606 4 26316 24941 24941 12051 12051
29309 4 40692 11839 11839 19171 19171
14773 1 27094 1 1 3 1
22485 1 22609 2 1 4 1
30461 1 30460 1 1 1 1
12623 6 21249 25749 25747 9286 9286
26639 1 20503 1 1 2 1
33655 1 17423 1 1 2 1
19226 0 11808 20 20 1381 1376
26110 0 11232 127 127 2851 2846
40694 2 593 6 6 9632 9605
21150 0 15854 14450 14450 26248 26229
28268 0 11999 1267 1267 5751 5743
17580 0 904 8387 8387 9829 9817
40695 0 14893 7285 7285 12077 12073
34842 4 40695 10242 10242 12739 12739
14185 1 14184 2 1 2 1
8884 1 14612 9 1 2 1
16510 1 200 3 1 5 1
15432 1 18001 1 1 2 1
32997 1 13791 1 1 1 1
303 0 17950 8254 8254 3470 3470
33519 0 27346 207 207 317 317
15824 1 15823 1 1 2 1
14165 0 3327 215 215 1049 1047
14338 1 7944 2 1 4 1
37789 0 249 475 475 4120 4075
35878 0 20973 1671 1671 6635 6632
4738 4 12512 2750 2750 2241 2241
35985 0 8123 36841 36841 33267 33260
5272 0 10613 342 342 9235 9225
40696 0 8840 6920 6920 12242 12234
16619 1 25469 2 1 1 1
3348 5 666 1 1 29 2
2132 1 13176 2 1 3 1
34276 0 2321 1319 1319 273 273
19794 1 2321 2 1 4 1
9342 1 14083 4 1 2 1
30825 0 38668 3178 3178 13248 13247
6424 6 12616 80 72 6 6
21004 0 4962 225 225 16960 16935
22132 0 4962 6734 6734 21151 21125
40697 0 11827 27769 27769 11806 11804
30574 4 31725 676 675 37 37
12558 4 21580 107 104 24 24
37995 5 5095 3 3 12 9
24376 1 9395 3 1 2 1
39499 4 35831 1384 1384 1540 1540
11463 0 14752 9 9 524 512
33818 0 14752 8 8 793 780
22715 4 4266 2358 2358 706 706
12505 0 4123 19 19 6211 6177
33279 0 5569 2040 2040 2142 2142
9991 0 34008 2 2 2 2
4175 4 38868 7 2 1 1
35323 0 27596 7249 7249 12254 12250
631 1 24226 5 1 3 1
14963 1 13720 1 1 8 1
17000 1 13720 3 1 7 1
39297 0 2168 2 2 17 9
16002 1 2168 3 1 4 1
29934 4 38843 6 6 20 20
33092 1 31136 1 1 2 1
27031 1 13986 2 1 2 1
35263 0 1655 8277 8277 8175 8174
2450 0 4469 6077 6077 20592 20579
1578 1 40178 35705 35703 40747 40747
26605 6 3123 85 85 4788 4765
11250 0 7751 6389 6389 26206 26195
20723 1 6065 4 1 5 1
12012 4 26621 392 387 9 9
20541 1 6096 1 1 4 1
10408 1 6096 3 1 2 1
33794 1 19512 1 1 2 1
13633 0 19626 1492 1492 1968 1968
1586 0 13633 39983 39983 26593 26591
24020 1 24180 1 1 2 1
20628 0 13346 184 183 1219 1210
40698 0 2446 4581 4581 11523 11518
21278 1 21277 1 1 1 1
25474 4 40699 12399 12398 4267 4267
19291 0 8918 11715 11715 14148 14144
31396 0 14136 28 28 1076 1067
28894 1 584 9 9 167 165
8779 1 8778 1 1 1 1
29462 1 21665 4 1 2 1
8023 1 11230 2 1 2 1
20159 4 19474 17582 17580 4815 4815
21179 1 22813 4 1 2 1
35310 0 20208 34284 34284 28756 28747
9322 1 30070 2 1 3 1
10417 1 2419 4 1 2 1
22334 0 18443 18418 18417 7625 7624
14787 0 3443 11226 11226 7995 7984
16795 0 14750 8 8 271 261
40701 0 16348 16561 16561 12140 12139
40702 0 33675 26728 26728 11794 11793
6409 0 21362 7 7 12 8
623 1 17904 3 1 1 1
17904 1 2054 36355 36354 29732 29732
9574 1 9573 2 1 1 1
15060 1 20539 2 1 2 1
6048 0 5381 3 3 16 6
23163 0 30710 91 91 837 836
29611 1 5237 4 1 2 1
1028 0 8309 7 7 357 352
23172 1 8309 1 1 13 1
14353 1 19003 3 1 5 1
22019 0 2903 3 3 48 37
20023 0 1165 245 244 366 363
34338 0 36445 34943 34943 21572 21571
5001 0 17736 25806 25806 14208 14208
36419 1 3674 1 1 6 1
11263 1 23301 4 1 1 1
29082 0 26351 700 700 1054 1050
21660 1 26299 1 1 1 1
39966 0 18719 19142 19142 20619 20615
18720 1 18719 1 1 2 1
2930 6 272 16 8 12 10
3518 4 27027 33 18 2 2
36416 1 20761 8156 8156 9535 9533
20761 1 36416 9169 9167 8244 8244
33109 0 24935 13810 13810 4186 4185
6793 1 10304 1 1 5 1
40704 0 6614 608 608 11470 11445
40751 0 6614 577 577 11255 11231
16139 0 4350 10220 10220 12904 12899
21940 1 23937 1 1 1 1
19960 0 16266 29737 29737 26855 26832
1845 1 8269 2 1 3 1
232 0 2648 6 6 5 2
232 6 17789 21874 21868 119 118
34270 0 18015 33456 33456 31647 31647
24712 1 7631 1 1 1 1
3631 0 37202 3237 3237 18914 18913
18106 4 23302 4931 4931 7824 7824
3465 3 3464 3 1 3 1
9643 1 9642 3 1 3 1
34133 1 9643 1 1 4 1
670 1 2513 1 1 4 1
37205 0 39503 29815 29815 15201 15201
28259 0 36836 15522 15522 25145 25145
20126 1 16918 3 1 5 1
40272 0 692 18 18 1115 1092
17173 1 12824 2 1 2 1
7115 1 24859 1 1 2 1
11393 0 1590 37324 37324 18114 18090
37412 0 7056 12249 12249 8071 8056
36021 1 20995 1 1 2 1
10424 1 10423 1 1 3 1
33501 1 10423 2 1 4 1
29780 6 3760 4080 4079 420 420
7736 1 25350 1 1 2 1
12655 1 815 7 1 4 1
31370 1 144 2 1 2 1
1978 0 3730 3 3 5 4
32261 0 11924 13702 13702 25031 25031
8487 1 9673 4 1 9 6
33428 0 37409 14748 14747 15701 15701
23396 4 40705 12327 12326 12034 12034
29953 1 14896 1 1 7 1
14276 1 38742 2 1 1 1
7473 0 19431 125 125 151 151
5693 1 7319 1 1 3 1
22815 1 22814 1 1 1 1
34547 0 3323 34344 34344 25553 25544
4061 1 5748 2 1 4 1
20917 0 2366 1045 1045 579 579
7818 4 6043 25 7 1 1
6955 1 1022 3 1 4 1
7183 1 7182 2 1 1 1
12394 4 39269 1133 1132 255 255
27586 1 5584 1 1 2 1
18452 4 28455 527 527 219 219
4573 1 32597 1 1 1 1
15943 0 16708 1508 1508 3113 3108
8780 4 40707 9188 9188 5931 5931
40707 0 6292 673 673 12193 12183
27923 4 37614 17253 17253 35819 35819
26268 4 38287 8561 8560 3498 3498
28859 0 2729 2296 2296 5225 5221
23556 0 15588 6785 6785 1539 1539
844 1 6913 4 1 2 1
3714 3 3713 3 1 4 1
40708 0 33878 2664 2664 10599 10597
3153 1 37241 2 1 1 1
17086 1 12044 1 1 2 1
30713 0 4685 3 3 7 5
40709 0 1639 1404 1404 11482 11474
38976 0 16196 2 2 3 3
26147 0 11192 38459 38459 32881 32865
19874 0 11192 11470 11470 16292 16277
37730 0 19526 8 8 32 30
39748 1 19526 1 1 1 1
10389 4 6632 4758 4756 909 909
27700 1 2941 2 1 4 1
32864 0 15383 211 211 2451 2450
7665 4 35503 336 331 14 14
25037 0 18558 4086 4086 4856 4856
37968 1 6086 172 172 236 236
6703 0 23635 31364 31364 28803 28803
38553 0 1373 985 985 5023 5022
22107 6 36069 24 16 7 6
11759 6 5497 31 20 5 5
466 6 30194 28 19 4 4
7675 1 17823 5 1 2 1
17457 1 2429 4 1 7 1
37969 0 15954 2 2 6 4
4042 6 39726 2397 2394 240 240
19544 3 34567 2 1 1 1
31729 1 3925 1 1 2 1
40714 0 39507 20842 20842 11667 11667
13043 2 3943 1 1 35 4
39320 5 3785 15 15 7568 7552
5403 0 4108 16364 16363 10685 10683
31478 0 40396 14564 14564 17908 17906
40715 0 1096 156 156 11246 11236
2298 4 26266 5 1 2 2
40716 2 475 3 3 9939 9868
40733 2 475 3 3 9740 9670
25107 0 30236 39256 39256 34775 34774
10318 4 6623 228 224 17 17
21098 1 21097 1 1 1 1
34757 4 36292 25599 25597 25689 25689
19146 6 27617 7 7 4 3
27617 6 21541 32931 32930 27561 27561
14760 4 27348 71 70 12 12
10785 1 16980 2 1 3 1
1004 0 1686 2114 2114 9177 9170
13693 1 30628 2 1 3 1
31488 0 7029 227 227 449 446
16602 0 35398 9206 9206 19279 19277
7891 6 22902 7268 7264 62 62
5150 2 2183 9 9 35 5
21014 4 39330 195 195 53 53
16843 0 9525 28 28 76 73
30301 1 6458 1 1 2 1
5932 1 19763 6 1 1 1
34016 0 13638 7914 7914 5110 5110
14792 6 38688 7162 7162 10565 10565
11527 1 2829 3 1 2 1
13560 3 17390 4 1 3 1
40719 0 25292 16378 16378 11543 11541
11686 1 38080 7 1 1 1
15813 1 17303 2 1 2 1
40720 0 23562 793 793 11068 11063
19157 1 25047 2 1 1 1
11385 6 39678 45 39 2 2
4598 1 20481 3 1 3 1
26627 1 1342 3 1 3 1
14695 1 32594 2 1 1 1
31643 0 31691 4708 4708 13853 13852
16937 1 1926 2 1 2 1
40258 5 3918 69 69 9002 8984
33104 0 26721 5 4 3 3
27613 1 9676 3 1 3 1
6220 1 1968 1 1 3 1
26510 0 2560 2326 2326 22109 22100
19107 0 2131 4060 4060 8104 8102
1756 0 28697 292 292 2193 2193
12466 4 10233 35 15 4 4
28212 0 14013 3 3 21 15
34431 4 11843 2951 2950 342 342
3493 1 22156 8 1 2 1
40721 0 716 411 411 11379 11340
29284 0 1288 384 384 11217 11193
7360 1 28378 4 1 1 1
767 0 17590 1621 1621 10487 10480
6412 1 5869 3 1 5 1
15973 1 13531 2 1 2 1
35747 2 24388 32 32 320 320
25937 5 17856 58 58 5274 5266
14618 1 12003 2 1 1 1
35356 6 34036 17568 17568 8770 8770
1617 1 1616 2 1 2 1
1616 1 8901 1 1 3 1
17153 4 23170 56 56 29 29
24509 1 3374 1 1 4 1
31535 0 7656 22215 22215 22552 22536
37264 0 6538 5 5 152 148
20946 0 6538 40361 40361 38746 38741
2893 1 11706 7 1 3 1
40722 0 28479 8761 8761 10678 10678
14723 1 19646 3 1 3 1
39290 4 23003 103 103 157 157
9441 1 1130 4 1 2 1
37823 0 4500 505 505 5353 5351
37109 0 38181 11078 11078 14174 14173
31981 4 38538 7394 7393 2149 2149
29529 1 32020 1 1 2 1
32020 1 15386 1 1 2 1
2228 1 13955 5 1 2 1
17896 4 37233 29296 29295 6182 6182
29893 4 38282 419 418 117 117
38316 0 23713 3 3 2 1
25374 0 17209 6578 6578 16735 16733
11080 0 12720 2540 2540 17609 17599
32958 1 4855 2 1 6 1
1278 0 34927 32 32 83 81
37041 0 26960 177 177 1670 1668
3705 1 3704 6 1 1 1
30370 5 12413 3 2 7 4
13830 1 35079 5 1 1 1
35283 0 30108 11375 11375 10360 10359
5914 0 16686 719 719 7319 7317
14389 1 3261 2 1 1 1
21961 1 1473 2 1 2 1
13380 0 19861 189 189 3538 3534
7110 0 11813 24667 24667 22929 22926
11813 1 1114 8 1 1 1
23228 1 34145 3 1 1 1
2147 0 3510 698 698 2030 2028
35350 4 39634 1053 1053 1352 1352
35857 1 7386 2 1 3 1
6371 6 37307 5749 5744 1333 1333
18800 0 13840 9296 9296 4915 4911
5481 1 6581 6 1 8 1
14376 6 28764 2393 2390 678 678
13409 1 18792 2 1 2 1
1232 1 5716 5 1 3 1
5716 0 4961 8 8 44 38
10095 5 241 214 214 24482 24477
30274 0 27395 9580 9580 4277 4277
4092 1 3142 2 1 5 1
38217 0 998 5891 5891 18572 18569
16820 4 37663 34 28 4 4
15209 1 21887 2 1 1 1
26585 0 6289 3 3 13 9
26965 5 4450 12 12 1930 1925
1009 1 11417 4 1 1 1
16697 4 70 112 107 5 5
27038 0 732 17 17 19 16
17663 4 23020 882 878 275 275
7732 1 35326 5 1 1 1
19563 0 10026 278 278 12968 12961
2356 0 3805 13192 13192 30253 30247
23441 0 34078 21046 21046 14949 14948
37070 0 27913 13631 13631 1943 1943
3289 6 38527 2649 2633 7 7
2980 1 2979 2 1 1 1
30536 0 5049 11002 11002 12303 12299
16915 1 26031 1 1 3 1
19167 1 19166 3 1 1 1
8110 9 4565 1 1 2 1
25148 1 16759 1 1 3 1
9665 0 14373 90 90 543 542
30114 1 33583 8067 8067 9182 9182
33583 1 30114 10265 10265 8959 8959
10388 4 3586 5657 5650 302 302
27188 3 20283 2 1 2 1
24932 1 6602 2 1 3 1
35150 1 33029 1 1 2 1
10137 4 11961 596 593 45 45
4469 0 10488 26 26 317 311
18360 9 1757 1 1 1 1
27706 1 36948 3863 3862 12947 12947
19784 2 14738 39466 39466 30417 30417
4426 2 4633 2 2 11 1
1167 6 4633 33278 33267 197 197
9882 4 22784 1 1 1 1
22411 1 4534 2 1 3 1
14116 1 20160 4 1 2 1
39583 0 12239 10 10 236 234
31548 0 26062 104 103 283 280
26063 1 1962 2 1 6 1
34604 0 2888 73 73 81 79
29514 1 7486 1 1 11 1
4354 0 17938 31789 31789 28494 28490
3583 1 6233 1 1 6 1
5695 4 28664 1508 1508 177 177
2185 1 14535 7 1 1 1
25866 0 2185 10 10 2396 2376
1327 1 36228 1 1 3 1
2831 1 23698 3 1 3 1
21070 0 14562 46 46 3661 3651
10242 2 953 3 3 146 136
24520 1 11590 1 1 2 1
32447 6 8162 12 10 39 37
10857 1 10856 2 1 1 1
29541 1 32791 1 1 3 1
14418 3 22928 18 16 7 7
25235 0 11991 38695 38695 36060 36060
19649 1 3414 2 1 8 1
11061 9 11060 2 1 1 1
5834 1 16298 2 1 4 1
16564 5 2060 94 93 16880 16852
30585 0 324 1 1 36 18
21674 1 21673 3 1 3 1
16327 0 36920 25035 25035 23732 23732
31764 0 40725 14686 14686 38861 38861
20117 1 5297 4 1 1 1
40726 0 21345 27016 27016 13432 13424
23392 1 8395 3 1 3 1
15466 0 34493 17 17 3 3
32154 1 35808 20001 20001 23523 23523
30878 2 21391 2 1 45 35
414 9 3242 1 1 1 1
21497 1 25620 3 1 1 1
18780 0 1703 1 1 32 1
36989 2 22747 4821 4821 12962 12962
4814 1 26353 5 1 7 6
34514 4 16712 5166 5166 3915 3915
5463 4 9443 3474 3467 21 21
9443 4 37702 101 96 5 5
28035 1 17572 1 1 3 1
4816 1 19142 2 1 2 1
23070 1 16815 1 1 1 1
33617 1 10553 1 1 2 1
40729 0 25425 30503 30503 10915 10915
3378 0 2767 1133 1133 205 204
40730 0 8815 9406 9406 13024 13015
12960 0 8815 1042 1042 15512 15502
4376 1 37 4 1 7 1
39757 0 5605 2 1 19 3
18600 1 19016 3 1 2 1
3467 1 385 3 1 4 1
14223 1 6848 2 1 3 1
25195 0 11431 78 77 2316 2310
40731 2 35244 904 904 14003 14002
6940 1 22487 9 1 1 1
18458 1 13073 3 1 4 1
13073 6 447 6915 6915 3770 3770
7113 4 35455 29804 29804 23652 23652
16734 7 3856 9082 9079 35 35
30190 1 22568 1 1 1 1
25889 0 13000 980 980 3813 3812
13181 9 17866 1 1 1 1
5492 6 19902 17069 17067 3180 3180
39381 2 736 10 10 17 16
2369 1 6578 7 1 5 1
29844 0 16328 93 93 5 5
2758 1 2757 2 1 2 1
38222 2 33300 25 23 16 15
18743 6 13906 426 425 80 80
31229 4 1517 3118 3118 588 588
21203 4 76 30 28 37 37
40016 0 7096 110 110 1018 1017
19031 0 10895 5921 5921 18393 18393
40734 0 4733 2640 2640 12158 12156
28029 6 13250 12 11 38 38
31942 0 731 40347 40347 31265 31264
24476 1 37343 1 1 3 1
30608 0 10938 341 341 6618 6617
9857 1 21026 4 1 2 1
31786 1 2390 2 1 5 1
20366 0 40022 15286 15286 16978 16978
25016 0 6037 25366 25366 29166 29164
6866 1 25441 4 1 2 1
11006 1 11005 1 1 2 1
40736 0 39315 31158 31158 13414 13414
40737 0 4415 2902 2902 11736 11728
34827 4 25838 3 3 3 3
20641 0 19592 18642 18641 25913 25912
19844 1 36475 2 1 1 1
5620 1 14606 1 1 2 1
4942 1 35741 2 1 1 1
12702 0 16539 580 580 2217 2215
16398 5 1361 1 1 26 11
40738 0 10135 10806 10806 11124 11124
819 1 20330 6 1 3 1
20681 3 25789 29684 29684 32863 32863
2173 6 12317 18 7 2 1
29181 1 6432 1 1 1 1
346 1 6498 2 1 1 1
9709 1 9837 3 1 6 1
5266 1 5265 2 1 4 1
30985 0 17910 10551 10550 6786 6786
21628 1 16687 5 1 1 1
39393 0 5540 1101 1100 4659 4652
16844 0 34093 5328 5328 4371 4370
10330 0 5598 3812 3812 19625 19609
22052 1 12989 3 1 6 1
11758 1 3657 5513 5509 3381 3381
33720 0 1406 5229 5229 24198 24187
40739 0 14015 8015 8015 10644 10638
40298 0 8495 2 2 7 3
5116 1 10792 7 1 5 1
33694 0 26952 10 10 4 3
36765 0 5101 1320 1319 13111 13110
27226 4 35331 22328 22328 22555 22555
16221 1 30101 1 1 2 1
32010 5 16320 31394 31394 38022 38008
16385 4 39672 69 63 6 6
26422 3 4250 5 3 4 3
2924 4 31881 99 24 1 1
23932 1 406 2 1 1 1
40741 0 10133 216 216 9142 9135
1478 4 38462 202 181 4 4
15891 0 14046 1 1 14 4
25424 0 17555 37489 37489 32535 32528
13797 4 32300 6178 6178 10792 10792
405 1 404 2 1 1 1
37796 0 5866 25135 25135 25018 25013
2634 0 13504 35540 35539 37806 37801
26727 4 28774 618 615 99 99
26243 0 39695 1522 1522 1931 1930
3948 1 32711 4 1 2 1
4019 6 21073 14 6 7 5
1187 1 20711 3 1 2 1
36443 0 26928 154 154 1568 1565
29481 0 10355 3 3 10 8
1476 0 25435 1560 1560 501 500
38542 0 22631 5 5 9 7
39106 0 14148 33209 33209 21768 21768
28771 1 27460 3 1 2 1
16045 1 24249 1 1 1 1
16468 0 12729 7 7 1044 1030
24561 0 12729 7 7 1014 1001
40742 0 11685 318 318 10805 10798
15794 0 288 620 620 11664 11658
17369 4 28877 17 12 4 4
4197 1 13361 6 1 2 1
1566 1 31545 6 1 1 1
20016 4 29851 808 795 2 2
21241 1 21240 2 1 3 1
21240 1 17480 4 1 1 1
4088 0 9256 26790 26790 19914 19910
21664 0 31614 3 3 4 4
20867 6 22620 1613 1612 2281 2280
6116 3 12878 5 1 3 1
31524 1 6685 1 1 2 1
31665 1 11001 1 1 4 1
4541 1 14758 1 1 1 1
38652 3 11896 2 2 3 1
29789 4 11615 59 52 3 3
40744 0 26617 22443 22443 12282 12282
6122 4 39635 455 450 27 27
4953 0 10842 2423 2423 924 917
38322 0 11870 23696 23696 10570 10570
10438 0 1730 1 1 99 1
32068 0 9304 53 52 470 461
40745 0 7189 138 138 10705 10695
30521 1 1450 2 1 5 1
14974 1 22486 5 1 1 1
24396 1 14974 1 1 6 1
26467 1 15256 1 1 3 1
15469 1 9188 5 1 5 1
3672 4 34478 234 233 17 17
23086 0 9505 23140 23140 30067 30067
11105 6 34671 14777 14775 2198 2198
31200 1 26039 31513 31513 24138 24138
33187 0 8237 25517 25516 26194 26187
30483 1 21607 1 1 3 1
14260 0 14310 22305 22305 30395 30392
15924 0 9367 240 240 8198 8177
19959 6 17574 11 5 4 3
24704 0 18355 28473 28473 20542 20542
31678 4 25631 504 502 47 47
39728 1 18568 1 1 2 1
6336 4 34815 50 37 3 3
18894 0 12741 400 400 1639 1634
31814 0 15640 9299 9299 15509 15505
31718 1 31717 2 1 1 1
3495 1 37604 2 1 1 1
33838 0 15312 28441 28441 30448 30446
38175 10 30680 1 1 1 1
11923 1 29297 4 1 2 1
17682 4 16176 1987 1985 50 50
40746 0 15865 13155 13155 10964 10963
17989 1 45 1 1 11 1
162 1 161 6 1 2 1
1070 1 31232 3 1 4 1
11915 1 11914 1 1 2 1
17597 1 1779 1 1 1 1
33223 0 35286 119 119 87 86
17231 0 11078 4 4 9 6
9415 1 8217 4 1 2 1
9822 0 532 2 2 74 1
25559 0 7427 9 9 129 129
35901 1 18889 1 1 1 1
5032 1 9078 3 1 2 1
280 0 12443 16191 16191 28799 28798
3547 0 16302 534 534 5944 5931
37263 0 33813 29541 29541 36299 36298
40748 0 206 983 983 11307 11276
2410 6 36725 284 284 196 196
29420 1 33730 2 1 1 1
20556 0 268 283 283 3096 3092
25280 5 2971 1 1 101 37
10990 1 27947 5 1 1 1
22682 0 15763 2 2 7 4
10975 1 35401 1 1 2 1
11252 6 6012 16 8 5 4
13074 5 14951 32 32 286 284
24987 0 33083 1551 1551 7548 7547
32258 0 30454 7401 7401 12718 12718
20630 1 11278 2 1 3 1
375 1 374 2 1 1 1
24087 1 34222 3 1 1 1
22866 1 930 1 1 2 1
26540 0 19984 25091 25091 35614 35612
1203 1 11625 2 1 5 1
2995 1 16224 6 1 1 1
39628 0 35692 16281 16281 4091 4091
12922 3 16574 5 1 3 1
13536 9 7072 1 1 1 1
17977 0 6556 28 28 4202 4191
14591 1 20529 2 1 2 1
17537 1 20736 17581 17580 22172 22172
22994 0 1953 663 663 3803 3787
28203 4 15915 5 2 2 2
20040 1 11683 3 1 2 1
22766 0 15613 17726 17726 18099 18098
3681 1 20829 3 1 2 1
9952 1 17840 9 1 2 1
8561 8 9939 777 777 52 52
26904 1 34013 2 1 2 1
30218 6 33864 100 98 7 7
19855 4 40081 2515 2515 4274 4274
7107 1 4018 3 1 2 1
14459 4 30600 5 5 5 5
31262 0 19491 7 7 14 12
3049 0 13373 7258 7258 28095 28095
18036 1 21116 3 1 1 1
4102 4 26935 11 1 1 1
4051 1 4050 1 1 2 1
32772 5 5042 1 1 12 6
18593 1 8011 1 1 2 1
3037 1 458 3 1 2 1
11489 1 19752 1 1 5 1
7408 1 2641 3 1 4 1
30952 0 4379 193 193 10667 10656
19369 1 11046 1 1 5 1
40754 0 5844 33336 33336 11451 11450
13702 0 9051 24018 24018 24267 24267
14342 0 16213 6089 6089 5067 5066
38142 1 9549 1 1 2 1
22223 1 17536 3 1 2 1
2364 1 22225 5 1 2 1
27307 2 23001 26648 26648 32985 32985
2159 1 6296 4 1 1 1
3441 3 8470 5 1 2 1
11504 1 11503 1 1 2 1
28552 0 35437 11739 11739 16888 16887
32595 0 22049 11529 11529 21957 21953
34018 4 40756 10797 10797 13691 13691
12675 1 12674 3 1 2 1
22838 1 8225 1 1 5 1
9602 0 32242 3735 3735 19573 19573
