33512 0 4410 2 2 59 23
16031 1 32320 35052 35052 25020 25020
40543 5 172 2 2 530 184
40543 0 2607 27 27 226 206
33473 5 172 1 1 348 9
9179 5 172 3 3 5398 5041
33575 5 172 3 2 452 108
16648 5 172 2 2 2479 2126
31526 5 172 2 2 964 613
6771 5 172 1 1 553 205
15476 5 172 5 5 21962 21601
29269 5 172 4 4 19013 18653
11606 5 172 1 1 446 103
2234 5 172 1 1 361 21
23355 5 172 1 1 640 290
15278 4 39692 445 439 23 23
22936 0 14838 2 2 5 5
31887 2 743 7 7 1194 1087
13265 2 743 4 4 171 66
33786 2 743 4 4 2340 2232
8790 2 743 1 1 114 10
29405 0 27360 4 4 6 4
35494 1 15192 1 1 2 1
35494 0 6837 22889 22889 28916 28915
18925 1 32325 3 1 3 1
32325 1 8085 2 1 2 1
3750 4 38184 60 31 2 2
3750 4 40324 136 106 1 1
3750 4 17381 50 22 2 2
6331 1 10283 2 1 2 1
11500 6 4785 15 8 7 5
14258 4 24038 34 24 3 3
32661 6 20759 4 4 4 3
12387 1 12386 2 1 4 1
28490 4 38427 1063 1062 147 147
21840 0 107 1 1 44 1
12784 4 107 1389 1382 74 74
107 0 5198 2 2 23 4
27747 1 27746 1 1 1 1
3916 1 27549 8 1 4 1
6527 5 2139 54 53 1504 1478
16255 5 2139 2 2 179 154
1618 4 14555 16 15 4 4
29103 1 9873 2 1 1 1
38285 0 18633 7 7 80 75
38285 1 26278 1 1 2 1
30253 0 18633 763 763 5929 5923
27022 1 435 1 1 1 1
32496 0 4125 23413 23413 14142 14134
24483 0 4125 220 220 2072 2065
15337 1 4125 3 1 4 1
4388 4 36757 39 27 2 2
30756 1 32955 1 1 2 1
30757 9 30756 1 1 1 1
16250 1 28482 5 1 1 1
39594 0 51 8 8 1307 1113
13386 0 51 37 37 4774 4577
22734 0 51 13 13 17427 17225
40690 0 51 33 33 13364 13165
40660 0 51 33 33 13362 13164
21035 1 22109 3 1 2 1
24101 0 28349 5974 5974 19128 19117
38672 0 28349 13 13 153 143
40559 0 6722 26623 26623 14368 14364
4705 1 15839 4 1 4 1
39464 0 4705 78 78 1249 1222
21731 4 9107 128 126 15 15
7590 5 34746 4159 4158 5467 5467
7878 0 7590 16878 16878 16394 16394
39562 0 2740 4034 4034 11299 11299
3212 1 29129 5 1 1 1
3212 1 16271 7 1 2 1
22208 1 3212 2 1 8 1
14179 0 16065 3505 3505 7721 7721
12801 1 4187 2 1 6 1
19501 0 2021 5160 5159 23337 23283
40645 0 2021 2836 2836 14617 14564
27628 0 2021 8 8 277 226
23729 0 38913 999 999 4354 4354
8720 1 9417 3 1 3 1
32234 1 8720 1 1 2 1
12896 1 8372 4 1 1 1
1441 0 27945 23377 23377 15041 15040
4170 6 37882 640 626 13 13
2046 0 39706 2263 2263 10732 10731
14436 1 14436 14181 14181 14067 14067
38948 0 20990 29961 29961 28375 28371
20990 1 905 1 1 5 1
9769 0 8193 74 74 121 121
12450 6 8001 19 10 3 2
1031 1 12972 4 1 3 1
1031 1 1030 5 1 1 1
2604 1 6752 9 1 3 1
11156 0 2604 149 149 5927 5889
2427 0 2604 17131 17131 30257 30215
20604 0 2604 108 108 1445 1408
26334 0 2604 14319 14319 31932 31889
5353 0 6752 93 93 3035 3020
3451 0 6752 177 177 4259 4243
34042 1 10659 1 1 6 1
22643 4 31669 3054 3054 4190 4190
3358 1 24240 7 1 1 1
3358 1 4026 9 1 3 1
40560 0 3229 37828 37828 13397 13386
39572 2 121 2 1 541 62
34055 2 121 1 1 691 203
36425 2 121 1 1 1000 505
33961 2 121 3 3 1684 1184
22605 2 121 1 1 771 278
34749 2 121 2 1 597 112
7185 2 121 2 1 516 38
39473 2 121 2 1 3078 2575
36051 2 121 2 2 15261 14753
38744 2 121 1 1 668 181
40601 2 121 1 1 11329 10822
31131 2 121 2 1 497 21
16157 2 121 1 1 552 70
10391 1 121 1 1 1 1
13173 0 25097 26356 26356 21881 21878
1421 0 608 6 6 387 23
6033 0 608 3 3 3862 3491
40723 0 608 7 7 13651 13263
40732 0 608 7 7 13338 12959
31776 0 608 2 2 395 30
26284 0 608 50 50 28123 27725
40750 0 608 7 7 13702 13312
40752 0 608 7 7 13379 12999
12593 0 608 5 5 12726 12349
21041 0 608 11 11 5098 4725
36535 0 608 226 226 31763 31363
40642 0 608 7 7 13518 13131
6612 0 608 55 55 22263 21868
12763 0 608 6 6 8818 8443
38498 0 608 2 2 398 32
1763 0 608 36 36 15292 14901
35305 0 608 3 3 10346 9970
40693 0 608 7 7 13513 13127
31350 0 608 2 2 447 79
37399 2 2580 1 1 42 3
35976 2 2580 1 1 49 9
21024 2 2580 8 8 203 161
37837 2 2580 1 1 36 1
14534 0 273 6 6 63 49
3275 0 273 14 14 85 70
28793 1 273 1 1 5 1
40561 0 2759 1348 1348 13917 13917
17054 0 13663 4 4 31 11
18662 1 11511 2 1 2 1
39324 0 21892 4 4 6 4
5681 0 5376 4 4 21 1
39137 0 3699 811 811 5384 5364
5121 0 4055 24784 24784 17828 17825
28225 0 10933 973 973 5868 5859
12586 1 18347 4 1 2 1
18347 1 8083 1 1 5 1
8678 1 15844 4 1 2 1
8678 1 8677 5 1 1 1
1900 9 8459 1 1 1 1
13142 1 6617 3 1 2 1
13142 1 3658 4 1 2 1
11554 1 11553 6 1 3 1
6724 1 20476 7552 7550 10474 10473
6973 6 11688 592 576 8 8
28474 0 574 94 94 14973 14927
40638 0 574 534 534 13407 13363
3829 1 3828 4 1 4 1
3363 1 3828 3 1 5 1
5303 0 2409 2 2 26 4
19117 1 5303 2 1 2 1
10728 0 2409 2 2 23 2
2409 3 10728 32 32 3 3
20385 4 38169 12461 12461 21257 21257
919 0 36150 2030 2030 8399 8398
15726 1 2782 1 1 3 1
2090 1 33833 5 1 1 1
13956 1 23540 5 1 1 1
26983 0 13956 10440 10440 9600 9592
29443 9 7135 1 1 2 1
26279 0 10532 18267 18267 22009 22004
10532 1 11231 3 1 5 1
8610 1 16790 3 1 2 1
32576 0 296 6 6 866 716
32576 4 39358 10954 10954 7213 7213
28775 0 296 4 4 964 813
21869 0 296 1 1 143 2
40110 0 296 1 1 149 5
5339 0 296 1 1 141 2
40350 0 296 1 1 147 4
18338 1 25376 2 1 1 1
18338 1 34572 3 1 1 1
25119 0 10706 10 10 195 184
6372 0 10706 87 86 692 680
187 1 34587 3 1 1 1
23114 0 8709 38805 38805 34859 34854
23114 9 22355 1 1 1 1
3873 1 28613 6 1 2 1
3449 1 3448 2 1 9 1
1778 1 5313 5 1 2 1
16939 1 16938 2 1 1 1
25259 1 10976 4 1 2 1
25259 0 1054 12 12 32 28
3874 0 21706 9755 9755 6707 6706
17484 0 2318 3 3 133 10
9443 0 2318 7 7 301 174
36678 0 2318 2 2 128 7
31243 0 2318 4 4 166 42
7726 0 2318 189 189 18804 18674
3353 0 2318 3 3 131 9
14943 9 14942 1 1 1 1
14943 1 16039 1 1 2 1
2677 1 13356 5 1 2 1
35968 0 32619 15346 15346 23131 23128
31267 0 265 1 1 250 1
30115 0 265 2 2 277 20
39657 0 265 2 2 265 11
39858 0 265 1 1 264 11
22580 0 265 1 1 302 44
14709 0 265 2 2 330 69
40562 0 21091 1622 1622 13551 13549
21135 1 12220 1 1 3 1
38664 0 71 1 1 68 7
30298 0 71 1 1 73 11
3066 1 3065 4 1 1 1
23421 0 13784 25 25 506 504
7620 1 21508 1 1 2 1
3069 4 14224 331 309 16 16
14224 4 25214 247 243 10 10
40563 2 6404 20 20 12890 12880
40653 2 6404 20 20 13123 13112
40687 2 6404 20 20 12760 12751
14071 0 278 1 1 182 7
13708 0 278 1 1 224 45
37453 0 278 1 1 173 3
18193 0 278 1 1 248 68
36053 0 278 2 2 203 25
40571 0 278 10 10 12074 11892
40564 0 12078 29971 29971 13755 13749
4462 0 12078 700 700 4155 4150
31848 0 10547 2 2 7 5
40565 0 6230 22284 22284 12907 12906
20013 1 1128 4 1 6 1
3348 0 20013 2509 2509 7605 7593
35716 0 21460 3409 3409 1072 1072
7754 3 1296 1503 1501 112 112
7754 9 26452 7984 7983 1529 1529
1296 9 9053 1 1 1 1
4834 1 21474 2 1 1 1
21474 0 2168 2 2 15 8
33636 0 27948 25 25 52 50
36719 1 21614 4 1 1 1
40647 0 36719 36035 36035 14318 14317
1594 4 35451 128 124 12 12
7059 1 37735 2 1 1 1
11387 0 1062 4718 4718 10065 10061
4472 1 1062 5 1 4 1
158 1 157 1 1 2 1
157 5 73 4 4 6706 6650
28915 0 6166 16 16 97 90
25685 0 6166 128 128 1330 1322
1741 5 6166 3 3 366 329
40566 0 3087 668 668 14295 14279
8935 1 20348 1 1 2 1
6215 5 8935 9 9 182 176
40567 0 5596 3785 3785 13938 13938
5596 1 2050 4 1 3 1
14614 1 632 2 1 3 1
23862 0 20853 738 738 2471 2470
39256 0 292 2 2 437 186
31751 0 292 1 1 261 18
6985 0 292 1 1 243 7
2794 0 292 1 1 285 38
17776 0 292 1 1 274 29
29809 0 292 3 3 270 26
6800 0 292 2 2 257 15
2388 0 292 1 1 279 33
34453 0 292 1 1 247 8
8087 0 292 3 3 240 6
35031 0 292 1 1 252 12
7483 1 4704 1 1 2 1
7381 5 7483 5 5 31 27
18107 1 7419 2 1 1 1
18107 1 33365 3 1 1 1
30799 0 3068 88 88 2276 2262
18024 1 18023 4 1 2 1
24564 1 1410 23842 23841 25453 25453
11009 0 24586 33027 33027 25107 25105
27654 0 11009 18 18 7 7
9001 1 31090 3 1 1 1
31091 1 31090 2 1 2 1
40568 0 19619 38795 38795 13648 13645
1193 4 5665 22 10 3 3
29132 0 160 34 34 2727 2688
21888 0 160 82 82 15214 15173
40545 0 160 2 2 41 4
14250 0 160 1 1 37 1
7765 1 3854 3 1 7 1
3854 1 4433 6 1 3 1
10544 6 10337 17 3 2 2
10544 6 30885 62 46 8 8
10544 6 17616 15 3 2 2
10544 6 33395 14 3 1 1
10544 6 32223 20 5 2 2
2466 0 11399 789 789 9569 9562
5110 1 14834 12 3 4 1
5110 1 22509 7 1 2 1
5110 1 13199 9 1 3 1
30654 0 2915 6525 6525 21519 21515
878 1 16142 6 2 8 4
16142 1 878 8 4 6 2
12156 1 16142 3 1 4 1
1555 4 14720 9 3 4 4
1555 0 39 6 6 3498 3287
27854 6 9726 4 2 4 3
22790 1 20846 3 1 1 1
40569 0 28991 16293 16293 12708 12708
31570 1 22745 2 1 1 1
6277 4 13724 19 13 2 2
22265 1 15939 2 1 1 1
3601 4 11291 39 38 59 59
18464 4 28236 189 189 711 711
21200 1 24456 6 1 3 1
18828 1 21200 3 1 7 1
8407 1 5210 4 1 3 1
5210 1 9174 2 1 1 1
8298 1 8297 1 1 8 1
35442 0 21 7 7 1990 1922
5771 4 35442 12675 12666 200 200
16159 1 6497 5 1 3 1
1826 4 36945 504 497 13 13
15560 1 16616 2 1 2 1
5937 1 15560 3 1 3 1
16616 1 35701 3 1 1 1
24090 0 27455 666 665 78 78
3209 1 19072 2 1 3 1
3209 1 2516 1 1 2 1
6274 0 3209 16009 16009 16676 16672
32074 1 32874 2 1 2 1
1353 1 16331 5 1 1 1
11260 1 11259 1 1 3 1
21431 0 11260 5932 5932 4468 4466
5666 0 8929 4 4 53 38
21034 0 2918 11 11 1887 1810
31631 0 2918 40269 40269 35322 35241
39298 0 4365 8 8 130 115
38449 0 23581 7 7 11 8
923 0 12300 21235 21235 13393 13393
785 8 923 4800 4349 1 1
16936 0 39 4 4 300 94
6688 0 39 7 7 1795 1585
33920 0 39 27 27 7304 7092
16930 0 39 4 4 349 141
16260 0 39 2 2 268 63
9285 0 39 1 1 197 1
36679 0 39 2 2 219 16
13037 0 39 2 2 263 59
17754 0 39 4 4 739 530
34332 0 2518 2 2 75 7
24798 0 2518 206 206 1855 1786
2518 0 4990 2 2 39 21
36326 1 67 1 1 2 1
31714 6 15538 2505 2504 874 871
25285 1 25279 2 1 3 1
37786 0 14737 3 3 13 2
14737 0 4030 403 403 6437 6409
40570 0 10106 36111 36111 13325 13325
2527 1 15676 2 1 2 1
9741 1 22270 2 1 2 1
22719 0 8583 4 4 16 6
680 7 39181 25496 25433 7 6
680 7 29533 4702 4641 5 5
21810 4 40571 12642 12632 50 50
33488 0 4931 455 455 5517 5512
30169 4 22524 312 312 2175 2175
1374 8 9876 218 216 10 10
1374 6 6774 40 25 6 3
35169 3 35168 1 1 2 2
6888 0 11405 38983 38983 33609 33603
6889 1 6888 4 1 2 1
11405 1 12069 1 1 5 1
31720 1 33038 1 1 1 1
14747 1 16665 4 1 6 1
30485 0 12240 6095 6095 10766 10765
35384 1 24098 1 1 3 1
33950 1 24098 2 1 4 1
4617 4 2317 64 57 21 21
26645 0 18798 6 6 19 15
1038 4 20161 172 6 1 1
1038 4 39009 23189 23014 10 10
1038 4 31457 188 17 1 1
1038 4 35729 218 44 3 3
1038 4 9526 182 12 1 1
1038 4 36663 164 2 2 2
1038 4 25174 180 12 1 1
1038 4 29468 202 30 1 1
1038 4 40317 211 38 2 2
13441 0 13179 111 111 203 202
31542 0 28557 47 47 203 201
5421 1 33580 1 1 2 1
8378 1 15959 1 1 3 1
35680 0 16547 1607 1607 4071 4066
4601 1 1480 2 1 5 1
23297 1 23798 78 77 152 149
36430 1 11632 1 1 7 1
7798 1 10220 2 1 2 1
23291 0 7798 29106 29106 23193 23190
9868 0 9017 1 1 12 1
14301 1 22543 1 1 3 1
9933 4 37354 1331 1331 1126 1126
12205 1 12204 1 1 3 1
24146 0 17669 6112 6112 7118 7116
28393 0 1434 3 3 70 10
18831 4 28393 4366 4364 2564 2564
36594 0 1434 3 3 94 33
26925 0 1434 1 1 65 6
18116 4 1434 5964 5957 99 99
21358 1 8040 3 2 11 7
12579 1 8040 3 1 4 1
33003 0 10761 26797 26797 14458 14458
23374 0 739 81 81 810 807
32479 1 37820 3 1 1 1
2181 8 30733 16 13 1 1
15394 1 32040 3 1 2 1
28746 1 24321 4 1 2 1
28746 1 16782 3 1 2 1
37839 0 2110 2 2 222 34
38849 0 2110 2 2 286 95
9193 0 2110 2 2 257 67
20494 0 2110 3 3 399 207
38709 0 2110 4 4 400 207
30037 0 2110 1 1 207 20
36409 0 6991 2540 2540 5516 5508
36409 1 20042 2 1 3 1
39061 0 914 2 2 10 4
24739 5 914 3 3 4452 4163
40612 5 914 3 3 13740 13448
14021 5 914 1 1 306 25
22854 5 914 2 2 449 163
40047 5 914 1 1 312 30
4847 5 914 1 1 343 58
25072 5 914 1 1 293 15
7476 5 914 2 2 521 234
792 5 914 1 1 281 5
914 1 19506 2 1 1 1
8543 1 28419 1 1 2 1
4324 4 13072 15 1 1 1
3407 0 643 1773 1773 7528 7522
3855 1 643 6 1 3 1
37188 1 1558 1 1 7 1
40712 0 1558 1627 1627 13971 13957
26674 0 1558 64 64 489 476
30420 0 22047 7644 7643 6720 6719
35704 4 40572 12114 12114 5771 5771
37073 2 7 1 1 39 3
8520 1 5407 2 1 1 1
30398 5 5407 2 2 143 118
11562 0 9512 26759 26759 18464 18462
40684 0 9512 31747 31747 13757 13756
11780 1 18482 2 1 2 1
2837 0 36460 1532 1532 6929 6926
33600 0 2837 20 20 640 635
40573 0 11043 9475 9475 14456 14433
40574 0 11043 9365 9365 14321 14299
21093 0 11043 5 5 99 78
40497 0 85 5 5 1800 1562
1958 0 85 6 6 1964 1725
39304 0 85 2 2 421 186
30762 0 85 18 18 6368 6124
8844 0 85 2 2 237 4
24944 0 85 3 3 1408 1172
40402 0 85 10 10 7629 7384
5552 0 85 5 5 1482 1245
1522 0 85 2 2 2411 2170
37844 0 85 3 3 2365 2125
40665 0 85 6 6 13203 12956
5115 0 85 17 17 8998 8752
28159 0 85 2 2 240 6
85 0 12888 38 38 21 12
31425 1 15729 2 1 3 1
12042 1 1777 3 1 2 1
12042 0 8268 38 38 41 34
18518 1 14006 3 1 4 1
23766 5 7293 24 22 19 18
15279 0 23766 74 74 88 88
33175 0 5978 3935 3935 5315 5293
15358 1 15357 1 1 1 1
16701 0 1677 61 61 4784 4727
13 0 1677 10 10 267 212
30757 0 1677 83 83 2339 2283
7419 1 5076 2 1 5 1
27444 1 17724 2 1 2 1
294 1 18895 3 1 2 1
40575 0 22039 6859 6859 13859 13855
31455 0 1027 1 1 153 3
16597 0 1027 1 1 166 14
40576 0 40452 22172 22172 11054 11054
35090 0 17121 4587 4587 11069 11067
19086 6 21626 7 3 7 4
7887 1 7886 2 1 1 1
34521 6 37498 2375 2375 1989 1989
12662 1 40577 13918 13912 767 767
40577 1 12662 739 739 13965 13959
39496 1 16365 16348 16348 16187 16187
16365 1 39496 16255 16255 16371 16371
11479 1 5180 2 1 6 1
956 1 5180 2 1 5 1
12458 6 16563 167 164 105 104
12921 1 25846 9 1 1 1
36880 4 37832 2847 2847 3055 3055
877 1 14090 19 14 6 5
14090 1 877 6 5 19 14
8082 0 81 1 1 49 4
2497 1 13459 1 1 1 1
31712 0 2497 44 44 8414 8318
25460 0 2497 44 44 17747 17647
30267 0 2497 5 5 262 169
14684 0 2497 22 22 9748 9651
15327 0 284 1 1 221 5
32738 0 284 1 1 225 7
7747 0 284 3 3 369 145
23048 0 284 3 3 431 206
36041 0 284 1 1 228 9
38651 0 284 2 2 240 17
13843 1 13842 2 1 1 1
38649 1 19488 15001 15001 6881 6881
21810 0 2687 1 1 38 3
5646 1 5645 4 1 5 1
5184 1 28989 3 1 2 1
16262 0 16080 21 21 115 112
16080 0 314 351 351 2424 2418
38255 0 18636 8 8 174 173
16914 1 1218 1 1 5 1
11597 1 2084 5 1 2 1
26872 0 11597 40620 40620 38654 38653
38264 0 1629 3 3 18 8
15932 0 1629 42 42 1199 1188
14940 0 1629 40529 40529 39790 39777
23686 1 7865 1 1 2 1
40578 0 971 12052 12052 14084 14080
4933 0 1287 221 221 5606 5567
17077 1 1287 2 1 11 1
21855 1 1287 1 1 5 1
2477 9 9034 1 1 2 1
9035 1 9034 2 1 4 1
9452 0 16895 38630 38630 39624 39623
15534 4 27189 1695 1694 501 501
15549 0 5198 12 12 55 35
29419 1 23228 2 1 3 1
29419 1 16566 4 1 2 1
29983 1 29419 1 1 3 1
8761 0 9048 13748 13748 26221 26201
16341 0 9048 16121 16121 32583 32562
18043 1 6871 2445 2444 2238 2236
14676 1 15857 2 1 5 1
4402 1 31378 4 1 1 1
1144 1 9716 1 1 1 1
20128 4 19080 5522 5518 722 722
20128 4 32553 6 3 2 2
40579 0 33801 29876 29876 11602 11602
39697 0 33801 31752 31752 35062 35061
10515 1 20545 3 1 1 1
10515 1 23161 4 1 1 1
20152 1 10916 4 1 2 1
15078 0 1542 354 354 4375 4354
3408 6 8332 82 9 1 1
3408 6 33157 92 18 4 3
3408 8 40605 13197 13131 5 5
3408 4 1256 107 107 7 7
22973 6 8518 20116 20116 588 587
15512 6 8518 353 350 45 45
37981 1 37980 1 1 1 1
36402 6 38419 236 236 157 157
35889 0 1222 256 256 7288 7276
1630 4 3954 7 2 5 5
27378 5 2295 1 1 106 8
16787 5 2295 2 2 108 9
2295 0 20085 38594 38594 40618 40616
2674 1 25490 6 1 1 1
2674 1 37183 7 1 1 1
31859 5 11873 34 34 2602 2598
18301 1 11873 2 1 3 1
3961 4 38195 6 4 2 2
10495 0 65 10 10 429 418
19204 0 65 6 6 29 20
29854 0 65 4 4 33 23
4387 0 16744 1127 1127 3765 3762
14355 2 1137 1 1 105 3
31617 2 1137 1 1 111 5
10756 2 1137 1 1 102 1
23780 2 1137 1 1 108 4
19983 2 1137 1 1 107 4
20239 2 1137 1 1 100 1
40735 2 1137 5 5 12085 11977
3870 6 7609 43 37 3 3
12556 0 3870 7215 7215 20665 20659
1226 4 6870 130 107 3 3
23617 4 1226 31 29 39 39
6870 4 29653 3879 3879 6012 6012
2536 1 11404 5 1 2 1
2536 0 5973 39796 39796 39919 39915
12282 1 7778 1 1 1 1
40580 0 22983 28575 28575 13348 13346
12754 0 184 1 1 312 16
2752 0 184 1 1 301 9
30560 0 184 1 1 317 19
31172 0 184 1 1 302 9
36649 0 184 1 1 288 3
39598 0 184 1 1 294 5
29336 0 184 2 2 1019 718
3249 1 9317 3 1 2 1
20805 0 11858 34419 34419 26569 26561
40593 0 11858 10243 10243 13836 13829
11617 1 36457 3 1 1 1
11617 1 3182 2 1 1 1
3060 0 11617 7 7 63 58
40581 0 12650 129 129 13401 13380
11149 6 40581 13099 13075 2 2
785 8 11138 10835 10379 1 1
785 8 40710 12369 11911 1 1
785 8 36327 27283 26813 2 2
785 8 39015 1495 1050 1 1
785 8 38312 14512 14051 1 1
785 8 27403 3122 2674 1 1
785 8 1422 16640 16175 2 2
785 8 22169 14965 14502 2 2
785 8 30680 864 422 1 1
785 8 37209 24633 24164 2 2
785 8 24124 3198 2749 1 1
785 8 25693 12552 12092 2 2
785 8 446 20674 20207 2 2
785 8 21727 1020 577 1 1
19992 0 27240 75 75 459 457
6448 0 20717 9 9 17 6
5058 1 6448 1 1 5 1
21155 1 6448 2 1 6 1
40663 0 6448 38652 38652 13277 13272
40582 0 6644 23278 23278 14197 14187
35177 1 298 1 1 3 1
6700 0 2052 3 3 6 4
15310 1 13032 8 1 3 1
20936 1 17024 4 1 1 1
7054 0 20936 2197 2197 5031 5030
39068 0 5731 29327 29327 24154 24154
40583 0 290 13638 13638 13824 13780
8787 0 290 540 540 15377 15331
28170 5 290 10 9 160 137
27556 5 290 15 15 1633 1609
4123 1 290 3 1 2 1
2858 4 290 23513 23480 109 109
38753 0 16960 991 991 4234 4229
29292 1 20260 2 1 2 1
7491 1 3611 5 1 1 1
10450 4 40584 14026 14020 408 408
40584 0 427 29 29 13330 13257
7966 0 9605 106 106 3048 3045
32027 0 12798 6043 6043 6602 6602
32795 1 1063 1 1 2 1
2920 1 17874 1 1 3 1
2920 1 4427 2 1 5 1
129 1 4427 2 1 6 1
32885 0 13252 1132 1132 2273 2269
16493 0 20467 1313 1313 703 703
40585 0 38674 28695 28695 11339 11339
34 3 10832 6295 6295 365 365
8982 1 26420 4 1 2 1
2675 0 965 1 1 35 4
16821 0 965 2 2 37 5
17630 0 9068 1237 1237 2840 2837
18501 6 11746 2645 2645 5515 5515
18495 0 17922 4724 4724 9788 9787
17278 2 7488 3 1 6 3
2499 1 13511 2 1 1 1
36662 1 17710 1 1 1 1
36331 1 19237 1 1 7 1
18045 1 1998 3 1 5 1
3130 1 4954 4 1 8 1
13102 0 24336 8 8 8 6
271 8 28240 502 491 60 60
271 6 40624 14414 14386 84 84
12111 0 13254 118 118 537 527
19649 0 13254 39964 39964 37541 37530
10494 0 20781 2875 2875 8910 8907
5360 1 23897 1 1 2 1
23898 1 23897 1 1 1 1
17935 1 2212 5 1 1 1
9847 3 26719 27192 27184 1152 1152
33866 9 23829 1 1 1 1
40586 0 19015 6808 6808 14181 14167
40713 0 19015 6664 6664 13902 13889
22702 0 16200 91 91 127 125
3541 1 20787 1 1 2 1
6267 1 20787 1 1 3 1
24216 1 1742 3 1 2 1
1742 0 2571 639 639 2575 2573
9291 0 4466 31369 31369 25633 25632
3600 0 2216 3 3 10 4
29682 1 6044 3 1 3 1
40587 0 17191 23864 23864 13921 13918
16309 3 31279 3 1 1 1
40588 0 10342 8976 8976 13718 13717
15741 5 2786 5 5 1410 1398
2786 1 31467 1 1 2 1
22083 6 37406 3570 3569 1065 1065
27641 1 17450 1 1 2 1
5520 1 6140 2 1 2 1
37977 0 4550 1 1 105 11
22986 0 4550 2 2 98 5
13964 4 20032 20 7 2 2
20032 4 22514 6 2 2 2
5289 1 2452 4 1 5 1
6078 0 5289 100 100 2415 2403
32 4 22428 20 5 2 2
25738 1 1502 2 1 3 1
27499 1 25738 3 1 3 1
11607 6 9604 249 248 37 37
383 9 6658 1 1 2 1
6658 1 382 5 1 3 1
16197 1 6658 2 1 6 1
24259 0 16169 29198 29198 30624 30588
22335 0 16169 1125 1125 4641 4606
25952 4 36629 1873 1873 268 268
32112 4 37795 28 28 28 28
20499 0 1592 18 18 241 236
19836 0 4030 1 1 29 4
3908 1 31477 2 1 2 1
7874 4 13716 145 117 7 7
10974 4 38608 612 610 36 36
1018 1 7659 1 1 2 1
7144 4 24030 4 2 3 3
12048 4 7144 31 24 6 6
5500 1 21297 8 1 2 1
5500 0 9200 47 47 17 17
27615 0 5220 2 2 15 3
19850 1 2151 3 1 4 1
16779 1 16998 2 1 1 1
10771 4 10410 24 20 2 2
10771 4 21127 4 1 5 5
12627 0 21127 3 3 11 8
40589 2 1646 8 8 13706 13663
32664 5 774 1 1 134 3
30156 5 774 1 1 137 4
27981 5 774 1 1 143 6
13550 5 774 1 1 139 5
21966 5 774 1 1 132 2
19088 5 774 2 2 1744 1605
27383 5 774 1 1 136 4
17731 0 774 2 2 49 39
21818 6 37463 16029 16027 9893 9893
10205 0 11093 290 290 13461 13439
36918 0 11093 244 244 17750 17727
2974 0 11093 104 104 6053 6032
13543 0 11093 4 4 33 13
14057 0 7284 35796 35795 31701 31701
7284 1 1156 2 1 5 1
3972 7 20913 334 257 2 2
3972 7 40458 1201 1123 3 3
36867 0 8952 17582 17582 8945 8945
39341 4 7922 28763 28763 3238 3238
9031 4 34522 30 12 2 2
9031 4 36372 112 93 4 4
9031 4 22734 21 4 3 3
40590 0 27411 3510 3510 13547 13545
5334 0 8355 7852 7852 10957 10933
8355 0 37159 15992 15992 32599 32599
29370 0 32370 4190 4189 841 840
38392 0 2833 750 750 2548 2533
17123 1 22282 1 1 2 1
11931 1 23210 2 1 1 1
3929 1 6637 8 1 2 1
39809 0 15772 8 8 4 4
3014 1 16068 1 1 4 1
5872 1 17690 4 1 1 1
38213 0 13538 332 332 2733 2727
15641 1 27635 6 1 1 1
33238 2 955 17 16 450 437
5920 0 30694 1819 1819 480 479
14280 1 5920 5 1 7 1
15530 0 4225 510 510 203 203
28112 0 19783 5 5 19 16
31385 0 19783 23 23 77 73
1220 0 19783 1144 1144 1394 1389
15603 1 15 4 1 1 1
15 1 5976 2 1 2 1
4744 1 27814 6 1 2 1
26459 0 12430 35707 35707 33608 33605
12430 1 4066 5 1 2 1
9361 1 26566 4 1 1 1
4323 1 10025 4 1 3 1
30746 0 4323 3715 3715 7380 7379
21869 4 16617 9 8 4 4
26942 1 31134 1 1 1 1
12877 0 4127 5022 5022 18332 18329
9331 0 9481 25784 25784 21029 21028
11045 1 10096 5 1 3 1
18526 1 6001 1 1 3 1
6002 1 6001 1 1 2 1
4984 1 3637 2 1 1 1
33272 5 4984 10 10 1405 1399
40591 0 2215 206 206 13364 13358
26189 0 15682 3668 3667 10851 10850
8657 6 18527 8601 8601 10582 10582
2095 0 4792 46 46 298 295
17447 0 4792 2409 2409 842 838
32551 0 7192 18253 18253 19906 19886
727 1 7192 2 1 4 1
38904 1 15390 104 104 269 268
38713 1 6445 2 1 6 1
36718 0 38713 24816 24816 14741 14741
21331 0 14398 21110 21110 19213 19212
1671 0 8078 5277 5277 9519 9507
16941 6 5249 173 173 2346 2345
34019 0 7149 7 7 1492 1454
18807 1 18806 4 1 1 1
16369 1 3715 5 1 1 1
18079 1 16369 1 1 4 1
26616 0 24680 19883 19883 25463 25461
26616 1 11969 6 5 4 4
36080 0 34647 1684 1683 605 605
9970 1 22186 3 1 2 1
21084 4 35872 6 4 2 2
38715 0 5011 3 3 26 17
4226 0 11100 38392 38392 29952 29935
18612 4 33719 21 2 2 2
40592 0 3742 2659 2659 13692 13669
40481 0 4992 13544 13544 11618 11616
39479 0 28777 1061 1061 3597 3597
1650 1 40174 13324 13317 30607 30607
1650 1 1311 7 1 4 1
1650 0 21879 28543 28543 38890 38890
16394 1 1650 18505 18505 21931 21923
9761 0 1650 28 28 85 81
7968 0 239 6 6 557 312
7968 1 11878 2 1 2 1
3491 0 239 4 4 2273 2023
40419 0 239 13 13 6591 6338
17572 0 239 6 6 1525 1276
134 0 239 7 7 837 590
40620 0 239 261 261 14475 14214
5037 0 239 28 28 7899 7644
23341 0 239 63 63 10494 10237
30294 0 239 9 9 3618 3366
11839 0 239 14 14 12360 12101
38423 0 5720 22860 22859 9662 9654
36383 0 6139 39223 39223 35177 35170
23143 1 19335 5 1 1 1
6619 1 23143 2 1 2 1
2002 0 19290 17002 17002 21389 21389
2033 1 10164 5 1 1 1
34032 0 13475 6056 6056 2487 2485
34006 1 34291 2 1 1 1
1920 4 13057 92 37 1 1
1920 4 14332 139 83 3 3
1920 4 17214 70 17 3 3
1920 4 20671 86 32 3 3
4419 1 1849 6 1 1 1
4419 1 8002 5 1 3 1
32151 5 11426 2 2 24 14
18951 4 31532 193 185 26 26
18951 4 32437 109 102 27 27
30591 0 49 2 2 18 7
3608 4 24144 185 159 17 17
3608 4 19987 77 53 6 6
3608 4 751 84 59 5 5
17073 1 4982 1 1 3 1
30457 0 3668 61 60 195 188
13681 4 18265 17 11 4 4
13681 4 39987 478 471 4 4
18301 5 1981 4 4 270 217
40455 0 26054 28741 28741 33370 33368
9094 1 352 1 1 7 1
352 1 26517 13 4 4 2
18661 1 12085 2 1 1 1
15620 4 22311 159 153 12 12
33409 0 22311 10469 10468 4342 4341
1258 1 1257 1 1 2 1
1258 1 7835 2 1 2 1
7440 9 35492 1 1 1 1
40594 0 32069 13643 13643 12674 12674
4292 1 4291 7 1 1 1
13227 1 13641 7 1 2 1
13227 1 540 6 1 3 1
12002 1 7957 2 1 2 1
40595 0 26503 21867 21867 13274 13274
40596 0 16944 10984 10984 13855 13851
16944 1 16943 2 1 3 1
13138 1 13137 2 1 3 1
23155 0 3062 1320 1320 8861 8850
40600 0 3062 12551 12551 14785 14773
13408 5 2064 1 1 29 5
2652 1 15263 4 1 2 1
606 1 31605 3 1 1 1
27110 0 11322 3962 3962 2961 2958
9199 1 6691 2 1 4 1
6691 1 35867 2 1 1 1
15253 1 22571 3 1 3 1
22571 1 16934 5 1 1 1
12011 0 9758 3042 3042 18786 18764
12011 1 4723 2 1 3 1
27410 0 9758 9 9 68 51
11818 1 12928 2 1 2 1
14656 1 11818 2 1 3 1
16439 0 3281 592 592 17455 17452
3281 1 5769 3 1 5 1
23498 1 35393 2 1 1 1
12469 0 15650 1317 1317 5106 5105
19415 4 36359 343 338 5 5
19415 4 9039 366 360 15 15
15564 1 25098 2 1 2 1
29421 2 28324 13584 13583 2864 2864
4753 0 1271 123 123 497 489
403 1 1271 3 1 5 1
26741 1 17064 4 1 2 1
31116 1 29683 1 1 2 1
31116 1 10855 17437 17436 34490 34489
11565 0 19217 2044 2044 2191 2190
10666 1 2269 2 1 3 1
38441 0 610 1 1 38 4
40747 0 610 23 23 14025 13988
38589 0 610 38 38 10334 10298
39062 0 610 3 3 53 18
8986 1 27775 6 1 2 1
40597 0 1285 39749 39749 14140 14133
14201 1 22872 5 1 2 1
14201 1 22141 4 1 1 1
17803 0 34579 4 4 8 7
37095 0 34579 21 21 33 31
11611 1 4777 3 1 5 1
20848 1 4777 2 1 4 1
11687 0 11199 16 16 490 472
14407 1 11687 3 1 4 1
2991 1 29472 3 1 2 1
13950 0 13637 25403 25403 20521 20516
21726 0 13637 3 3 14 10
23452 0 27533 17802 17802 15796 15794
6739 1 1414 2 1 11 1
11097 1 1414 1 1 9 1
1379 9 8161 1 1 1 1
35420 1 23199 1 1 3 1
23199 1 8758 2 1 2 1
39781 4 29034 3 3 4 4
24328 1 26984 2 1 3 1
27592 0 883 2 2 241 25
26057 0 883 3 3 267 49
35017 0 883 3 3 385 164
31955 0 883 2 2 235 20
14966 0 883 2 2 219 6
11358 1 11357 2 1 1 1
21577 1 19963 3 1 2 1
28849 6 1609 144 141 61 60
1609 6 8263 64 58 4 4
8531 0 14081 3654 3654 27649 27638
28503 1 28407 1 1 1 1
39294 0 17478 495 495 4783 4779
40598 0 2348 13178 13178 14515 14513
23960 0 13199 1705 1705 2819 2816
399 1 398 4 1 2 1
24160 0 6684 7 7 42 39
40599 0 11712 30545 30545 13647 13646
18982 0 5876 2203 2203 6150 6148
18213 1 5876 699 697 59 59
5876 1 18213 53 53 683 681
34510 4 19961 4 2 2 2
30259 1 21208 5 1 2 1
17577 4 34771 6 6 13 13
30657 1 2445 2 1 1 1
19374 4 10501 5510 5510 4077 4077
26690 6 38361 30 29 3 3
5142 6 18018 1665 1650 25 25
8335 6 5142 116 105 36 35
7831 0 21055 8181 8181 5818 5814
27907 1 14404 22304 22303 14568 14566
14404 1 27907 14071 14069 22091 22090
1175 0 14404 369 369 2809 2807
25106 0 38339 24719 24719 33060 33060
7779 1 33053 1 1 1 1
4104 1 7779 2 1 2 1
7006 0 36034 1823 1822 2965 2963
35113 9 26863 1 1 1 1
12815 4 20100 34 13 5 5
9564 1 1329 1 1 5 1
21276 0 3984 17202 17202 22850 22840
1652 0 3984 512 512 3399 3390
3625 0 4435 291 291 1798 1795
31367 0 4435 3 3 186 184
30581 1 16682 1 1 5 1
36064 5 2176 21 21 19049 18942
99 5 2176 1 1 153 53
9641 5 2176 2 2 117 18
16171 5 2176 4 4 5326 5223
26128 5 2176 26 26 16808 16703
1908 5 2176 12 12 7055 6951
10424 5 2176 1 1 114 16
2176 1 11120 2 1 1 1
10 4 8672 11 6 1 1
4643 6 5961 224 218 10 10
16211 1 18929 1 1 1 1
4844 1 15639 2 1 4 1
21835 1 36257 1 1 1 1
32931 2 5970 68 67 396 391
19745 1 2237 4 1 4 1
10276 0 5907 10 10 42 39
20837 1 9151 1 1 4 1
15147 0 1938 6 6 70 64
18040 0 11068 3 3 235 222
5173 4 23709 186 181 21 21
15430 6 9646 105 104 61 61
15430 4 3544 102 86 26 24
1388 1 20463 1 1 1 1
39201 0 10557 5 5 15 7
4701 6 6142 23 23 3 3
39620 5 4701 1 1 26 5
17538 5 1819 7 7 222 181
14012 1 8954 4 1 4 1
5148 4 21781 3249 3249 1586 1586
22752 1 11878 4 1 3 1
26368 1 8800 2 1 2 1
24546 9 793 1 1 1 1
33697 0 1749 41 41 603 589
12548 1 7959 1 1 1 1
2170 6 36952 69 43 2 2
2170 6 1435 75 48 2 2
2170 6 17789 1691 1663 12 12
40628 0 2170 169 169 14011 13989
11745 1 17019 4 1 4 1
1914 6 18394 314 291 1 1
1914 8 19753 1803 1793 40 40
4058 0 9924 31 31 4727 4720
37876 0 4058 3 3 29 19
8628 0 14367 6132 6132 11623 11618
8628 3 14961 10599 10597 1263 1263
39060 0 9003 45 45 484 484
23809 0 3362 14168 14168 3816 3763
18746 0 3362 53 53 543 492
34253 0 3362 94 94 1690 1638
29236 1 35973 3 1 1 1
29236 1 29751 2 1 1 1
1764 1 26830 5 1 2 1
26830 1 1764 2 1 5 1
40262 4 38717 13298 13298 7095 7095
22671 0 21247 18892 18891 21205 21205
9129 4 26293 345 335 31 31
20158 1 33956 2 1 1 1
35386 0 2558 3 2 21 8
35386 1 4810 1 1 2 1
34559 0 2558 5 4 58 44
2101 1 33146 12 4 2 1
2101 1 20147 7 1 2 1
2101 1 15727 8 1 1 1
34312 6 40486 7706 7706 10373 10373
2381 6 39759 4169 4163 73 73
34198 0 4847 471 471 4923 4893
38741 0 4847 3 3 57 28
26334 1 17027 3 1 1 1
26334 1 11324 4 1 2 1
4277 0 4056 33801 33801 31803 31800
11573 0 4056 2393 2393 33724 33720
24326 1 19636 3 1 2 1
37944 0 6042 13870 13870 18608 18597
6042 0 11666 11 11 24 7
40749 0 24944 8291 8291 13735 13734
8498 1 7256 3 1 3 1
16881 1 9338 2 1 3 1
25360 1 30394 3 1 1 1
16533 1 457 4 1 3 1
16533 1 5139 3 1 4 1
5139 1 20874 5 1 1 1
113 6 26801 4 2 2 1
18225 4 31949 1399 1397 175 175
31096 0 26764 25188 25188 19176 19176
23445 1 20144 1 1 2 1
1322 6 37390 2317 2306 25 25
35223 0 31661 1131 1131 1500 1496
6083 4 7925 4 4 3 3
36842 0 4161 3 3 92 64
40673 0 4161 2226 2226 14166 14137
17498 1 21619 4 1 1 1
17498 1 1654 3 1 2 1
39970 0 3052 1278 1278 2344 2343
25857 0 28155 20756 20756 10016 10016
35205 0 10662 2137 2137 2451 2445
3104 0 10662 28914 28914 31878 31870
27896 6 40601 13424 13423 3595 3595
4359 1 21993 3 1 5 1
28307 0 21993 5861 5861 3883 3882
40602 0 300 208 208 14408 14302
21701 0 300 307 307 8846 8742
18354 0 300 20 20 4505 4402
7446 0 300 93 93 10867 10762
40703 0 300 211 211 14511 14404
21213 1 25178 2 1 1 1
11884 9 3041 2 1 2 1
9796 4 30359 4 1 1 1
4764 1 21744 4 1 1 1
13887 1 1866 3 1 1 1
13675 1 13726 2 1 1 1
27185 1 27184 1 1 2 1
29913 0 959 8 8 42 13
21128 0 959 18 18 415 384
30482 5 985 3 3 751 685
6067 5 985 2 2 329 264
12898 5 985 15 15 3516 3449
33867 0 985 163 163 726 722
19990 0 985 276 276 2425 2420
6754 1 35743 3 1 1 1
12952 0 38827 15420 15420 10032 10032
16576 1 38827 3 1 1 1
1678 7 27909 241 10 1 1
1678 7 17606 295 59 1 1
1678 7 34411 346 108 1 1
1678 7 38159 391 152 1 1
1678 7 33433 248 15 1 1
10710 1 38566 1 1 1 1
23757 2 2023 8 8 225 176
8705 2 2023 11 11 551 499
2286 2 2023 1 1 62 14
7964 3 1791 3 2 3 1
5580 0 3139 23441 23441 16852 16844
19705 6 7282 909 908 349 349
11170 1 15337 6 1 2 1
22652 4 28628 178 178 43 43
40603 0 5178 511 511 12863 12832
40753 0 5178 518 518 12859 12829
5607 1 5839 2 1 3 1
27112 0 5607 38441 38441 36003 35997
40604 0 3773 5197 5197 12876 12876
23502 0 3591 5479 5479 10396 10390
3591 1 23828 4 1 3 1
3591 1 4974 3 1 4 1
13512 1 11627 1 1 2 1
11627 0 32691 23842 23842 31967 31967
40605 0 7851 4372 4372 13332 13332
40536 0 2861 40217 40217 30338 30329
18541 6 29772 11389 11389 38478 38478
17171 1 14314 1 1 3 1
6430 1 1025 5 1 4 1
33808 0 12168 3 3 61 26
4680 3 30046 100 99 29 29
4680 1 4679 1 1 1 1
26874 1 21974 3 1 2 1
40606 2 9677 10886 10886 12384 12384
13297 4 19277 18 18 20 20
871 1 6778 2 1 5 1
6778 1 18012 6 1 3 1
3278 1 37105 1 1 2 1
40607 6 7316 11346 11346 14215 14214
40607 6 2974 30176 30175 12514 12514
39590 2 17930 4 1 11 2
35134 1 29177 1 1 2 1
37759 4 33633 19029 19029 23768 23768
18141 0 20337 40323 40323 30830 30823
25756 0 18141 1464 1464 12496 12496
31924 0 2137 3 3 14 3
16768 1 3527 2 1 1 1
15053 1 25331 4 1 3 1
2951 1 25331 4 1 2 1
26706 8 17041 48 40 54 51
26404 4 38397 1770 1770 194 194
40608 0 11269 1084 1084 13156 13154
570 4 37732 1193 1191 98 98
9157 2 17319 2 1 5 2
16875 1 3343 3 1 4 1
9424 9 9423 1 1 1 1
9424 9 30295 152 151 46 45
30295 9 9424 49 48 163 162
28528 2 1425 3659 3658 4409 4388
40661 2 1425 35 35 13682 13660
16252 0 2071 2 2 29 8
8344 1 23341 3 1 1 1
23784 1 34483 1 1 1 1
7763 1 7762 3 1 1 1
30165 5 860 1 1 102 33
17944 5 860 13 13 6495 6423
9290 5 860 5 5 606 536
15462 1 30636 3 1 1 1
35232 1 35821 1 1 1 1
25564 0 8404 556 556 9742 9724
33907 0 24173 16404 16404 11858 11857
26592 0 8194 548 548 2036 2034
483 0 8194 343 343 10079 10076
9566 1 3309 4 1 2 1
40609 0 27148 40401 40401 13878 13874
40718 0 2951 22242 22242 13177 13176
11761 1 12999 4 1 2 1
26237 1 26236 2 1 1 1
24009 6 38249 3 3 29 29
38964 6 24009 3339 3336 149 149
3708 0 9694 2181 2181 6029 6026
40610 0 22619 21935 21935 14033 14027
25185 1 32634 2 1 1 1
40611 0 12710 10894 10894 12917 12914
5005 9 12710 2 1 2 1
7711 4 13896 13 5 4 4
21444 0 1668 3 3 900 831
17426 0 1668 124 124 13622 13551
38358 0 1668 4 4 7306 7236
5746 1 1668 2 1 3 1
26493 0 228 8 8 214 140
40675 0 228 7232 7232 13800 13724
22038 0 228 14 14 6748 6673
12895 4 10906 1840 1838 49 49
40453 0 10316 3 3 54 46
112 6 11189 61 15 1 1
3830 1 905 1 1 6 1
708 1 707 4 1 4 1
22664 1 9804 1 1 3 1
36523 0 4686 23315 23315 19542 19542
35422 0 10385 1492 1492 16663 16661
30775 4 5073 35497 35497 30695 30695
5073 1 5072 1 1 2 1
10680 6 18425 1258 1257 143 143
15029 1 11029 3 1 3 1
38345 0 7537 28368 28368 21792 21791
350 4 38228 4381 4378 285 285
10620 0 1244 2 2 325 40
40677 0 1244 3 3 13143 12851
33735 0 1244 3 3 705 415
15016 0 1244 1 1 1261 970
29065 0 1244 3 3 645 356
15149 0 1244 1 1 280 4
16145 0 1244 1 1 307 23
10903 0 1244 1 1 299 18
4345 0 1244 1 1 408 120
30266 0 1244 5 5 398 112
36703 0 1244 1 1 282 5
19553 4 9540 182 182 109 109
450 4 20276 254 236 13 13
21982 4 450 47 41 28 28
37161 1 14121 1 1 3 1
20816 1 14121 2 1 1 1
11305 0 14274 6 6 9 4
12347 9 39027 1 1 1 1
17462 6 8373 1418 1403 45 45
17462 6 38751 2262 2246 43 43
11067 1 10029 1 1 2 1
5221 1 11848 2 1 2 1
6901 1 3580 4 1 3 1
15047 9 3513 4 1 3 1
3513 1 12072 7 1 6 1
19227 0 8492 4935 4935 10238 10235
12728 4 4840 86 77 10 10
12728 4 40336 2167 2157 46 46
1053 1 5405 3 1 1 1
1053 0 507 33343 33343 30661 30645
523 6 11110 34 7 2 1
34511 0 17252 5 5 19 7
11212 1 11211 2 1 4 1
8644 1 17442 3 1 1 1
40700 0 8644 27137 27137 14415 14403
19547 0 23405 2296 2295 6359 6349
3994 1 3993 6 1 4 1
31541 0 27211 15 15 309 307
36276 0 3679 397 397 2407 2397
40613 0 3721 18 18 13586 13550
14007 0 34084 108 108 785 781
26371 0 12250 241 240 162 160
28054 5 12250 31 31 16756 16743
39517 2 40614 13247 13246 111 111
40614 0 621 26851 26851 13789 13787
6014 0 1641 16062 16062 38058 38052
4778 0 1641 10219 10219 16648 16643
12527 1 31620 3 1 1 1
24997 4 4731 3925 3925 6824 6824
36026 0 2392 14897 14897 12779 12778
37802 0 2392 77 76 30 30
4182 4 2884 14 3 1 1
4182 4 36637 175 163 3 3
36637 0 1378 1 1 69 10
38852 1 36779 2 1 2 1
7696 0 251 3 3 108 54
28258 0 251 23 23 3037 2982
39711 0 251 91 91 5994 5938
24111 1 24110 1 1 1 1
40306 0 18126 6236 6236 22041 22032
12124 1 12123 1 1 3 1
15913 5 4475 3 2 141 121
19517 0 15913 6 6 15 11
4475 0 3779 2928 2928 17273 17220
39636 0 19687 25284 25284 25460 25459
11271 1 27213 7 1 2 1
11271 1 32517 8 1 2 1
32517 1 8906 1 1 6 1
24608 4 30747 4 2 2 2
23217 1 24399 2 1 2 1
29094 0 19267 4 4 20 18
3498 1 449 1 1 3 1
449 0 18847 5889 5889 7971 7971
17435 1 8639 3 1 2 1
37239 2 1136 7 7 3188 3116
40615 0 34949 27861 27861 12599 12598
36310 0 13741 4989 4989 11069 11062
36310 1 33374 2 1 1 1
19988 0 5541 399 399 8602 8591
3478 1 3477 1 1 1 1
39338 0 2342 20 20 1280 1276
37502 2 2524 8 7 1114 1070
38205 2 2524 2 1 50 9
2714 8 39449 30 12 1 1
2714 8 36914 13590 13570 8 8
2714 8 10915 3111 3092 8 8
10239 1 23646 2 1 3 1
6491 4 33367 177 175 14 14
8572 1 2319 3 1 5 1
2203 1 3505 5 1 3 1
2203 1 2202 6 1 2 1
7534 1 2203 2 1 3 1
4312 9 1881 1 1 1 1
1881 1 32034 1 1 2 1
22224 2 6577 4 4 302 248
37828 2 6577 6 6 2080 2025
34631 2 6577 2 2 83 31
18135 3 961 5 3 5 4
18135 3 20631 2 1 2 1
20631 10 24127 1 1 1 1
26739 0 18996 425 425 4556 4548
26740 1 26739 2 1 2 1
40616 0 37405 3213 3213 13868 13867
32555 1 16514 1 1 2 1
57 1 14678 4 1 1 1
1750 1 14678 4 1 2 1
14678 3 3713 4 1 3 1
14678 3 24654 3 1 6 1
40617 0 20218 2046 2046 14171 14166
13411 1 23555 5 1 4 1
5505 0 11298 18228 18228 26922 26919
5505 3 11131 4 1 5 1
19316 0 4045 27007 27007 28737 28736
4899 1 9805 5 1 2 1
21273 4 25459 11 2 1 1
30787 0 1897 2191 2191 19422 19347
30787 1 8109 1 1 2 1
40728 0 1897 818 818 13978 13904
17481 0 1897 7202 7202 25002 24926
40740 0 1897 809 809 13944 13871
4621 1 4620 1 1 5 1
14843 0 23268 3726 3726 18213 18209
12016 1 12015 1 1 3 1
19364 1 19363 3 1 1 1
40432 0 5164 409 408 10922 10912
34663 2 34482 1505 1505 2209 2209
4270 7 27605 458 419 4 4
4270 7 39989 42 4 1 1
24865 1 29189 2 1 2 1
10074 0 7611 36 36 633 623
30125 4 21696 20582 20581 6372 6372
5262 6 1060 650 648 179 179
4252 1 4251 1 1 2 1
22399 1 16355 179 179 1181 1176
40351 0 23777 7894 7894 6897 6897
28134 0 25797 2728 2728 2230 2230
36095 0 17496 4114 4114 9430 9429
40618 0 20146 6278 6278 13486 13485
11641 3 6465 30530 30525 2268 2268
17723 1 36872 2 1 1 1
40243 0 9712 175 175 3237 3233
31655 6 23676 12998 12995 2023 2023
7363 1 9383 2 1 6 1
927 1 19126 2 1 1 1
18550 1 11874 5 1 5 1
6872 1 17571 3 1 2 1
22182 1 3015 2 1 2 1
31726 0 2708 1 1 29 3
10510 1 31299 3 1 2 1
10510 1 11468 2 1 2 1
5637 0 14019 32953 32953 38523 38510
37295 0 5637 3614 3614 20420 20402
40651 0 14019 34956 34956 13306 13294
19127 0 32193 3236 3236 8352 8350
40619 0 17352 34162 34162 12941 12941
18931 1 7658 3 1 1 1
24917 1 24916 1 1 1 1
14958 0 8926 9784 9784 6065 6062
2199 0 12062 77 76 316 312
37781 4 33570 455 455 252 252
2638 1 13670 6 1 5 1
4988 6 37733 3827 3826 36194 36194
7538 0 2453 26 26 5463 5411
6470 0 2453 140 140 10125 10072
3450 0 2453 1329 1329 2860 2809
23404 1 36206 1 1 1 1
18078 1 18077 1 1 1 1
12966 4 7733 5 4 5 4
2725 6 35944 613 610 50 50
2725 6 38746 816 812 13 13
6374 1 6373 2 1 4 1
18028 4 23156 32762 32760 33287 33287
27874 1 9022 1 1 3 1
7520 0 6342 4410 4410 9911 9910
26885 1 36088 5 1 2 1
40337 0 3712 65 65 1292 1285
11866 0 2723 6 6 95 60
40672 0 2723 27654 27654 15239 15201
19663 5 5949 126 126 5607 5600
10405 4 39191 111 108 11 11
31833 0 2612 37846 37846 25983 25981
27749 0 2612 2700 2700 1996 1995
36563 6 10574 263 261 70 69
40621 0 17882 7595 7595 13132 13131
6572 1 34940 15223 15218 4201 4201
2450 1 6572 2 1 5 1
34940 1 6572 3828 3828 15540 15535
11303 0 16874 79 79 750 748
3894 6 39306 558 550 28 27
38351 1 38350 1 1 1 1
221 3 8712 3 1 3 1
8712 3 2533 5 1 3 1
40622 0 140 37417 37417 14701 14695
16189 1 10946 2 1 10 7
22380 1 29033 5 1 2 1
33769 1 969 1 1 2 1
21347 6 28199 504 504 217 217
5013 4 21215 182 181 52 52
40623 0 9319 27149 27149 13974 13972
9319 6 20165 1863 1859 100 99
22384 1 2522 2 1 8 1
30132 1 32978 2 1 1 1
28058 6 25609 7601 7595 11351 11350
4994 1 4993 1 1 2 1
515 0 2507 6 6 37 32
515 1 25909 7 1 2 1
2739 1 8642 7 1 1 1
8991 0 10772 31412 31412 37205 37193
1796 0 10772 1239 1239 14998 14988
28422 0 10772 33411 33411 36309 36298
21206 0 10772 364 364 1232 1223
3799 0 507 40332 40332 38790 38773
3335 4 15150 327 323 18 18
28623 1 16535 1 1 2 1
2736 4 39631 49 5 1 1
30472 0 13465 37325 37325 19573 19572
33343 1 22 1 1 3 1
10950 1 13236 5 1 3 1
2967 1 2966 1 1 5 1
39937 0 7513 1045 1044 879 879
9419 1 9418 2 1 3 1
39013 1 36698 1 1 1 1
29610 1 10919 1 1 1 1
4538 3 20612 17128 17128 13354 13354
30780 0 35793 25032 25032 20764 20763
24724 0 8582 3332 3332 13284 13276
8582 3 31244 18434 18434 23200 23200
32853 1 1076 1 1 8 1
16397 1 1054 5 1 7 1
1054 1 16397 7 1 5 1
20574 1 20573 1 1 1 1
17492 1 25092 2 1 2 1
38372 5 9152 68 68 155 151
20274 0 9152 215 215 1044 1043
20264 1 24542 2 1 3 1
18955 0 7329 36 36 1235 1228
23987 0 4369 6360 6360 9144 9122
4369 0 3 19 19 233 220
2124 1 1068 4 1 3 1
33595 0 1068 23061 23061 32104 32087
5628 7 37755 93 61 5 4
5628 7 12647 41 10 3 2
3996 1 6728 2 1 11 1
40624 2 8477 513 513 13029 13010
40625 2 1565 92 92 13428 13411
36784 2 1565 23 22 210 194
2962 4 22234 82 52 5 5
2962 4 29412 43 14 4 4
6633 7 36193 2740 2729 9 9
40626 0 614 1604 1604 14264 14261
31835 1 5813 2 1 9 2
25903 0 9834 210 210 4599 4594
16418 0 8858 3893 3893 9403 9391
32204 1 21012 2 1 3 1
36815 4 18543 8706 8706 11176 11176
5960 1 5959 1 1 2 1
5959 1 20633 3 1 2 1
3186 0 19366 1 1 7 2
34490 0 19366 1 1 8 2
9285 4 3566 184 181 9 9
28491 0 21937 5205 5205 7746 7746
14560 0 3579 2611 2611 9893 9880
1548 0 13970 1196 1196 6138 6131
24781 0 9745 11157 11157 14452 14449
37605 1 10437 1 1 2 1
21783 4 36057 263 257 8 8
39777 0 28386 29 29 4 4
12874 0 25149 5 5 14 9
34886 0 19548 34715 34715 26675 26674
38549 0 3218 9997 9996 11291 11284
6806 0 3218 4 4 15 9
5707 1 9142 1 1 4 1
21471 0 21813 2 2 6 3
3766 8 8009 70 64 14 11
13145 1 9402 4 1 3 1
17843 0 28399 11869 11869 21802 21802
40627 0 1666 85 85 14068 14056
1666 0 8325 25 25 20 11
654 0 412 6 6 18 11
14956 2 12037 1790 1789 794 789
617 6 6774 50 36 4 2
9968 1 9967 2 1 3 1
27085 0 35359 2 2 2 2
1637 1 34420 3 1 2 1
5730 0 36803 22033 22033 38628 38626
838 6 32152 37 29 2 2
23103 0 3276 410 410 652 634
35721 0 3276 4 4 374 357
18987 1 3276 4 1 2 1
40629 0 36565 17783 17783 13379 13378
1164 6 6638 38 33 5 3
34239 9 18569 1 1 2 1
11837 4 28447 12 5 4 4
28130 0 12447 205 205 3427 3423
3649 1 31930 2 1 1 1
11584 0 5856 3555 3555 11312 11284
15608 0 11584 994 994 2136 2133
33433 0 9304 151 150 1085 1075
11509 6 13575 12580 12579 15858 15858
3459 1 18716 3753 3742 2132 2132
28208 1 3459 1 1 11 1
18716 1 3459 1922 1922 3694 3683
33370 4 36554 33 33 59 59
36554 4 19332 1787 1787 3138 3138
28158 1 24705 2 1 1 1
3450 1 13968 4 1 2 1
32129 0 885 34 34 303 296
23550 0 341 3813 3813 17397 17391
20836 1 23921 5 1 2 1
23921 1 19782 1 1 1 1
20335 0 25270 15 15 100 100
32163 4 27952 24129 24128 8436 8436
22393 0 1973 36 36 7425 7369
40727 0 1973 512 512 14240 14183
25244 0 1945 26848 26848 11202 11180
33880 0 1945 40866 40865 37228 37204
24265 1 658 1 1 2 1
8592 1 8591 2 1 4 1
799 6 14682 313 295 15 14
799 6 23999 26 9 3 2
36839 0 32330 6912 6912 5385 5385
9877 9 17446 1 1 2 1
9284 6 40237 2040 2040 6200 6200
8440 0 10175 19 19 85 80
15799 6 17610 36065 36053 4967 4967
1955 1 12334 1 1 1 1
15612 1 33784 1 1 3 1
26154 6 29880 5 2 3 3
27300 1 30734 5 1 1 1
27525 0 3582 3854 3854 24618 24590
30440 0 27525 175 175 902 901
11629 1 3582 5 1 1 1
3325 0 31371 3167 3167 12023 12020
8222 0 5081 33 33 133 131
9760 1 9759 1 1 1 1
1709 1 2722 4 1 1 1
12888 6 33923 1377 1376 17017 17016
23634 0 4578 27289 27289 31735 31733
3258 9 23634 1 1 1 1
17187 1 13864 4 1 2 1
17187 1 11812 2 1 5 1
17187 1 6726 3 1 5 1
9561 4 39738 31 26 4 4
40630 0 4049 2546 2546 14083 14068
23531 0 4049 305 305 4328 4315
19 1 6484 9 1 4 1
19331 0 6850 5 4 39 15
27088 1 9828 1 1 1 1
35702 0 15222 38 38 137 135
20635 6 21042 703 701 36 36
22261 1 13269 1 1 3 1
22970 1 22969 4 1 1 1
18827 4 15294 906 906 1082 1082
9782 1 3951 1 1 1 1
35390 0 7258 23155 23155 32753 32753
36733 6 32656 5163 5163 2428 2428
38009 0 28740 244 244 678 677
26011 2 4090 1842 1840 4414 4384
36107 2 4090 2 1 48 19
33747 1 4090 1 1 2 1
36531 2 499 2 2 201 168
24281 1 11177 1 1 5 1
1223 7 34593 118 105 5 5
24757 1 2423 2 1 9 1
2423 1 2422 7 1 1 1
22776 1 9885 2 1 3 1
15285 1 9885 2 1 4 1
9885 1 28854 5 1 2 1
10713 4 34491 16329 16323 1306 1306
21164 0 1390 9908 9908 25149 25138
32940 0 30056 1101 1101 1466 1465
21775 0 25753 2431 2431 7934 7933
33648 1 6674 1 1 4 1
2761 0 4715 22445 22445 27335 27321
6696 0 4715 9 9 63 50
17030 9 4295 1 1 1 1
13412 0 21233 1186 1186 345 343
28826 1 6595 2 1 4 1
20832 1 11711 3 1 6 1
14280 1 11926 6 1 4 1
29160 1 15901 3 1 4 1
16032 6 33387 14 4 4 1
11676 0 14498 35 35 2363 2352
16565 2 11676 22 22 124 123
31288 6 28201 8 8 40 40
40631 0 12856 1821 1821 12506 12504
24723 1 5785 4 1 4 1
4523 1 5616 3 1 3 1
12257 3 13172 5 1 3 1
12257 3 535 4 1 2 2
26683 0 5772 1 1 37 5
336 1 17653 3 1 3 1
1046 7 15073 23127 23006 8 8
1046 7 30406 28376 28254 7 7
1046 7 27214 176 60 1 1
1046 7 33079 12043 11924 2 2
1046 7 5787 127 12 1 1
2624 1 19875 2 1 3 1
19876 1 19875 1 1 4 1
15802 0 7902 7871 7871 25284 25280
9265 0 3141 3 3 63 12
12722 0 3141 11 11 1559 1507
10103 0 3141 8 8 2316 2263
7145 5 1658 3 3 26 15
7145 0 1669 3462 3462 17199 17193
12738 5 1658 5 5 495 483
17951 0 1658 2611 2611 2683 2677
27703 9 34293 2 1 1 1
29800 4 28661 29 28 23 23
6381 1 190 4 1 1 1
859 9 12748 1 1 1 1
30017 1 859 2 1 1 1
18820 1 11268 29241 29238 13571 13570
1823 0 4690 37248 37248 39349 39349
21777 0 6768 5595 5595 9798 9797
6768 6 21336 6 4 2 1
40091 0 4569 5893 5893 11735 11718
14867 2 741 1 1 46 2
14867 4 4956 9 9 38 36
12851 2 741 1 1 47 2
20925 1 20924 3 1 1 1
1674 1 931 1 1 1 1
34244 0 32041 6743 6743 6201 6201
40632 0 7551 167 167 13781 13748
14712 0 7551 212 212 6970 6938
2716 1 35898 4 1 1 1
40633 0 13777 967 967 13418 13408
37358 1 31163 1 1 2 1
11679 7 23483 8397 8390 16 16
7229 4 27626 33 17 4 4
22653 0 16517 12089 12089 20536 20536
16217 0 5288 9976 9976 18439 18435
2278 6 26447 279 270 2 2
24890 4 33643 111 110 14 14
32433 0 15559 1458 1458 6380 6378
22947 3 32423 6764 6762 499 499
23487 9 11721 1 1 1 1
15940 1 23487 2 1 1 1
23487 0 13665 12 12 42 40
18752 1 299 4 1 5 1
18752 0 8047 32598 32598 38115 38108
15683 6 19775 7 5 10 9
39821 0 33635 25 25 400 398
12743 1 17790 2 1 8 1
40634 0 28094 36129 36129 13030 13025
2256 1 14167 3 1 1 1
18933 4 20525 32 30 6 6
17224 1 10004 5 1 3 1
37117 0 6089 28143 28143 31966 31955
3733 1 37117 2 1 2 1
2521 0 8501 2064 2064 10642 10637
16781 1 14407 6 1 2 1
14716 0 14407 36672 36672 31335 31333
8270 0 36693 31 31 26 25
6368 5 4264 3 1 7 1
35387 1 19174 1 1 3 1
13187 1 18773 3 1 2 1
10051 0 11733 3 3 102 95
26059 4 39209 2 1 2 2
11003 1 3102 5 1 2 1
10718 1 11003 2 1 4 1
11003 0 12665 20446 20446 34795 34794
3102 0 37135 3 3 3 2
18521 1 21925 1 1 2 1
8854 1 7411 2 1 2 1
16381 0 23939 50 50 2 2
451 0 1929 1 1 229 5
33456 0 1929 2 2 231 6
24694 0 1929 2 2 226 3
39387 0 1929 1 1 223 3
7613 1 12661 4 1 1 1
7197 1 15448 3 1 1 1
17662 1 15448 1 1 2 1
37672 0 16158 367 367 6538 6538
21547 1 21546 1 1 2 1
10702 1 23017 5 1 1 1
438 1 34948 2 1 1 1
18006 4 18624 5 5 5 5
9736 0 18836 67 67 347 345
26667 1 37019 1 1 1 1
2440 0 6281 1381 1381 470 462
26061 1 34300 2 1 1 1
7854 1 4665 3 1 1 1
4819 4 14283 78 76 12 12
38806 0 30214 19649 19649 29424 29424
8314 1 16121 4 1 3 1
39546 0 27758 7 6 61 56
19102 2 1216 3 2 29 27
29584 1 17589 3 1 2 1
23903 0 2218 2113 2113 7073 7065
10504 6 23689 552 546 32 31
21753 1 24319 1 1 1 1
27512 2 9554 7366 7366 12516 12514
33772 0 18060 2905 2905 7830 7829
40635 0 11401 31939 31939 12915 12907
37827 0 12143 16746 16746 17733 17730
10219 1 15914 2 1 4 1
40636 0 10144 677 677 13891 13885
25012 1 28395 1 1 1 1
10163 1 36165 2 1 2 1
13634 1 16425 3 1 1 1
10718 1 3101 3 1 3 1
32269 4 13378 2025 2024 75 75
132 6 7098 34746 34719 1106 1106
132 8 30058 102 75 2 1
24046 2 7098 8 8 75 73
34096 2 6504 4 3 19 16
16928 1 39641 8 1 1 1
10361 0 11019 29 28 480 479
31941 1 1800 743 743 2011 2009
1800 1 31941 1983 1981 771 771
15215 0 10045 14436 14436 23899 23899
13118 4 38898 316 310 20 20
32650 1 7755 2 1 3 1
12467 4 34649 6 1 1 1
9896 1 18285 1 1 1 1
7667 1 12425 2 1 4 1
13792 1 1506 3 1 2 1
27011 1 15878 4 1 4 1
29234 0 35329 769 769 621 621
7943 0 10653 5 5 23 17
17967 0 7943 7 7 158 153
27950 1 7080 1 1 3 1
32191 0 30183 7218 7218 7532 7532
8067 4 31485 55 55 403 403
40637 2 3638 34892 34892 13234 13231
3845 0 33389 18 18 14 7
34507 0 1864 14 13 106 106
1864 4 25736 137 56 2 2
1864 4 34970 84 7 1 1
9467 1 9580 2 1 3 1
13612 1 17386 3 1 1 1
13700 1 35600 3 1 1 1
4329 0 8286 77 77 836 832
32613 1 25386 1 1 1 1
5658 1 17587 2 1 5 1
5658 1 6582 3 1 8 1
39787 0 127 2 2 40 3
14136 0 127 194 194 23475 23437
13276 1 13275 1 1 2 1
40639 0 13366 36638 36638 12874 12874
13367 1 13366 2 1 1 1
40275 5 7288 3 3 210 196
1302 0 875 8335 8335 11889 11889
1302 1 25385 4 1 2 1
875 1 12410 5 1 2 1
4494 1 89 2 1 3 1
18990 0 89 626 626 17404 17386
40640 0 24053 24024 24024 13501 13500
18859 1 233 1 1 6 1
12436 0 233 19744 19744 21810 21810
7065 1 30772 4 1 1 1
934 0 7065 103 103 74 74
2370 4 38227 21 2 1 1
2370 4 36484 37 17 2 2
25146 1 23224 1 1 3 1
30650 5 5167 17 17 1087 1069
4399 0 17631 1600 1599 13402 13400
4487 1 23828 2 1 4 1
40641 0 6889 3481 3481 13916 13912
14877 0 673 2 2 79 60
11236 1 11235 1 1 3 1
18886 1 5777 2 1 1 1
23603 1 14746 473 471 61 60
38534 6 21834 2 2 9 9
29015 4 35243 64 64 101 101
5305 9 11107 1 1 1 1
1754 1 11107 6 1 2 1
4526 0 16078 3 3 38 25
33020 0 17455 29 29 557 552
11439 0 3779 33 33 3079 3027
11995 6 27315 1072 1062 16 16
4069 1 10264 3 1 3 1
16543 2 7941 39433 39433 40575 40574
30820 4 40098 3 3 3 3
7608 6 17250 2432 2432 2843 2843
34850 0 14755 48 48 659 658
29978 0 14755 54 54 680 678
1608 0 27044 6 6 8 5
21522 0 4706 22854 22854 19583 19583
21523 1 21522 1 1 3 1
18705 1 10129 3 1 3 1
4870 4 23128 218 200 3 3
7327 1 28238 1 1 1 1
34202 0 26992 615 615 4240 4240
36557 0 6350 9 9 15 9
35418 1 29484 2 1 1 1
7541 0 4367 1772 1772 10188 10160
11932 4 32067 75 61 6 6
10275 0 17996 13074 13074 24712 24709
39456 1 19704 1 1 3 1
18323 0 586 53 53 2531 2454
13562 0 586 345 345 8508 8429
4417 1 586 2 1 7 1
7278 1 586 1 1 8 1
27593 1 12739 1 1 2 1
12739 1 21738 3 1 3 1
12654 0 8574 13 13 13 12
9238 1 23492 4 1 2 1
31611 0 7155 119 119 1383 1378
7156 1 7155 2 1 2 1
7155 0 32985 267 267 6784 6782
16869 0 14047 89 89 511 508
2512 1 11785 1 1 4 1
11088 1 10937 2 1 4 1
28051 4 23671 228 228 708 708
20731 0 20684 735 735 2691 2690
4385 1 3236 1 1 7 1
9432 9 1667 3 1 2 1
9432 0 10503 9649 9649 22143 22143
40643 2 3999 2 2 13460 13420
40646 2 3999 2 2 13552 13511
40743 2 3999 2 2 13310 13273
40711 2 3999 2 2 13231 13195
40755 2 3999 2 2 13376 13337
12237 1 7953 3 1 4 1
25278 1 37411 3 1 2 1
408 4 23469 6 4 3 3
1148 0 17366 10364 10364 17349 17341
7956 0 627 8 8 15 15
9729 1 6968 1 1 8 1
24511 0 1344 18 18 29 29
27740 0 26327 3 3 7 2
7986 8 7255 36993 36987 3273 3273
7381 1 25502 5 1 1 1
2902 1 11262 9 1 3 1
9042 1 10887 4 1 5 1
9043 1 9042 3 1 5 1
6541 9 6540 1 1 1 1
40644 0 9111 25138 25138 14107 14101
26375 1 21045 1 1 3 1
1257 1 11847 1 1 2 1
19650 1 21679 3 1 1 1
4031 1 5234 9 1 2 1
40645 5 20085 4548 4548 13642 13641
12097 1 7899 2 1 5 1
12097 1 15381 3 1 2 1
15381 6 27596 10 8 11 10
3911 1 3910 1 1 2 1
6582 1 4443 9 1 5 1
16646 1 30805 8 4 3 1
37036 1 4229 8045 8045 9808 9804
12072 6 37740 23 20 2 2
2007 2 12273 1 1 50 2
11567 0 73 25 25 104 93
10875 0 11567 39168 39167 31945 31945
18947 5 73 19 19 25600 25541
40724 5 73 542 542 13824 13766
27976 1 38676 1 1 1 1
33023 4 28124 52 51 16 16
21030 1 8155 2 1 1 1
27238 5 13249 9 9 58 43
5870 1 5622 8 6 12 10
5622 1 5870 12 10 8 6
27901 0 19859 33 33 33 32
40662 0 19859 29830 29830 13088 13086
31613 0 29521 241 241 1016 1015
17378 0 6050 211 211 2543 2542
40155 5 4554 233 233 10775 10767
40527 0 7268 28490 28490 31488 31480
14066 1 11728 1 1 7 1
26527 1 20615 4 1 3 1
33593 9 20131 1 1 2 1
27280 1 21426 1 1 2 1
3040 1 17693 2 1 2 1
25658 0 485 18608 18608 12970 12969
18469 5 129 9 9 2125 2080
28264 2 19665 2 1 5 3
27241 5 5742 2 2 25 4
5026 0 25220 15176 15176 17973 17970
11821 0 23942 16 16 16 15
28145 0 21469 4294 4294 2400 2400
36421 0 23934 29133 29133 14092 14092
5784 1 37926 6 1 1 1
10931 6 4938 74 73 6 6
1857 6 34576 1949 1916 31 31
1857 8 29220 3066 3055 58 58
11116 1 11115 2 1 2 1
3144 1 34206 2 1 1 1
29262 1 30989 1 1 1 1
1904 0 13709 482 482 2079 2059
10949 1 12159 4 1 4 1
10852 1 10851 1 1 1 1
38604 0 9315 4396 4396 21271 21269
40648 0 20404 39621 39621 14401 14399
455 10 12842 1 1 1 1
5537 6 32458 1047 1047 12811 12810
3621 1 28895 14 1 1 1
4946 9 20388 1 1 1 1
37381 5 2404 2 2 80 17
18509 5 2404 20 20 16637 16573
34190 0 4417 11964 11964 6332 6328
7826 1 7825 1 1 2 1
7825 1 29516 1 1 1 1
10788 1 10787 2 1 1 1
13090 1 23239 3 1 2 1
21630 1 3350 2 1 2 1
40681 0 21630 34635 34635 14380 14379
40020 1 27893 1 1 1 1
192 0 3182 39752 39752 39666 39618
40659 0 3182 51 51 13831 13784
25380 1 34263 3 1 1 1
40649 0 16215 38918 38918 13771 13770
40446 1 23732 20 20 762 759
23732 1 40446 754 751 20 20
34086 6 5206 7 7 15 15
2858 0 20996 13 13 12 8
18116 0 20996 12 12 7 4
10925 1 12946 2 1 3 1
29210 0 28005 1884 1884 2621 2618
27124 0 25522 2389 2389 8114 8111
12679 0 25522 21019 21019 28176 28172
40650 0 7972 9157 9157 13660 13643
637 8 34610 485 462 19 19
8063 1 12534 6 1 1 1
18731 1 18730 2 1 1 1
20947 2 909 2 1 21 15
1431 4 36937 17 2 2 2
15092 4 39339 22979 22974 10582 10582
8626 1 17737 2 1 1 1
8142 0 267 15 15 558 536
13601 0 267 29521 29521 38692 38668
4749 1 3012 3 1 4 1
34451 0 4286 23 23 1710 1701
19033 0 4286 3 3 119 111
4562 1 2073 4 1 6 1
2073 0 12505 20 20 139 132
31431 0 724 4564 4564 19128 19108
38103 0 724 74 74 5466 5448
40654 0 724 13015 13015 14427 14408
16201 1 29447 4 1 1 1
5631 1 37242 3 1 1 1
8758 0 904 24779 24779 8037 8024
4273 0 20274 527 527 162 161
7509 1 28460 2 1 1 1
24248 1 26008 14 14 832 830
16580 0 4596 109 109 12434 12361
31450 0 4596 4 4 438 366
26018 2 7003 3015 3015 8794 8793
27767 0 33139 20 19 8 8
11803 1 3063 6 1 5 1
40671 0 11803 21229 21229 13763 13762
8515 0 9557 18 18 208 188
30217 4 31100 10 3 1 1
149 0 8325 9 9 97 87
16886 0 8325 36818 36818 29603 29592
6021 3 6419 3088 3088 3552 3552
8937 1 15399 3 1 3 1
15399 0 15413 8569 8568 17152 17151
16850 0 2816 39 39 2162 2151
1495 1 1496 3 1 1 1
22266 1 13419 3 1 1 1
4036 6 25770 3 1 2 1
9661 1 35820 7 1 1 1
33793 5 226 344 344 16954 16944
7617 0 3106 1392 1392 111 111
25454 0 8768 11203 11203 8098 8098
40652 0 19798 13396 13396 14268 14266
12951 1 6835 3 1 2 1
13042 1 35270 2 1 1 1
22965 1 29226 4 1 1 1
27680 4 33739 7 6 4 4
1899 1 12199 3 1 2 1
28178 1 1166 2 1 2 1
7900 0 1166 5370 5370 21653 21643
23262 6 32818 140 139 24 24
5593 6 11394 29391 29388 10861 10861
8267 1 5593 1 1 1 1
3044 1 2035 8 1 5 1
3044 1 16109 7 1 2 1
21419 4 26177 404 403 106 106
21419 4 31110 35744 35742 37902 37902
13244 1 13243 2 1 1 1
29344 0 8327 13884 13884 18575 18565
33450 4 37712 1344 1344 614 614
35194 4 34100 7 5 6 6
40655 0 9708 54 54 14529 14520
11987 1 24184 2 1 2 1
40067 0 28616 13783 13783 17951 17951
11962 0 5446 1 1 19 1
40656 0 23923 1498 1498 13669 13667
17906 1 39780 1 1 1 1
12010 0 12867 578 578 1090 1090
27741 0 9592 3069 3069 32033 32023
31815 0 20618 199 199 831 830
36783 1 30240 1 1 2 1
18655 0 7908 12858 12858 26966 26964
6243 1 7908 6 5 22 15
24740 1 21889 1 1 1 1
4775 1 10634 1 1 3 1
25665 0 1971 21606 21606 21518 21507
1669 3 13851 141 136 10 10
2025 6 7292 3380 3378 5238 5238
14912 1 32715 4 1 1 1
12038 0 38396 11021 11021 8107 8107
35926 5 7786 21 21 5740 5720
825 4 18445 17 6 2 2
40657 2 26386 27925 27925 12788 12788
20788 1 2698 3 1 4 1
11974 1 28533 3 1 2 1
40658 0 20524 2803 2803 13930 13928
30364 0 7177 3897 3897 6162 6156
17270 0 3160 6 6 52 36
29793 0 3160 1229 1229 8126 8109
23134 2 3167 23991 23990 21290 21268
11450 0 3167 34 34 71 60
12666 8 16098 8310 8301 14 14
12666 8 36039 6521 6513 76 76
31571 0 30708 40281 40281 38684 38682
5912 1 2368 3 1 4 1
31386 1 8649 1 1 1 1
982 1 215 3 1 5 1
33373 0 6364 664 664 6131 6127
13857 6 25567 438 438 1703 1703
13500 0 351 1 1 128 4
22904 0 351 1 1 134 9
28665 0 351 1 1 125 3
40717 0 351 1647 1647 13233 13107
18938 0 5892 4 4 19 12
16099 1 26369 2 1 1 1
2721 9 2720 1 1 1 1
24582 0 15825 9642 9642 15322 15317
32819 1 28176 1 1 2 1
36852 4 37506 70 70 26 26
2214 0 15911 20659 20659 22214 22214
4259 1 4258 1 1 3 1
257 1 24309 2 1 1 1
4917 0 9090 5 5 12 11
9090 1 14439 2 1 6 1
20691 0 1251 2 2 9 5
27447 1 14144 1 1 2 1
40664 0 2231 144 144 13830 13801
16037 0 2231 7 7 176 148
13008 1 27465 3 1 2 1
11452 0 25129 23 23 26 22
231 0 1467 8383 8383 28235 28192
3531 0 28084 12070 12070 29116 29115
3531 1 4181 2 1 2 1
6594 1 4528 1 1 4 1
19437 0 14525 448 448 5586 5551
8031 0 14791 24 24 75 64
31367 1 1787 1 1 2 1
9853 1 760 7 1 2 1
27431 0 39165 6213 6213 3261 3261
36977 0 5846 3 3 43 13
3013 0 40092 117 116 530 529
2724 4 36323 43 13 2 2
7159 4 9738 9 7 4 4
38226 0 6849 2 1 13 8
4087 3 16968 6 1 4 1
4087 3 4129 5 1 5 1
31274 1 31273 1 1 1 1
5582 1 25676 10 1 1 1
25982 1 16758 1 1 4 1
16758 1 25203 3 1 2 1
1131 4 12184 58 9 3 3
22246 0 24779 11026 11026 25034 25032
15361 6 28949 101 101 139 138
36223 0 8406 19709 19709 13057 13047
1772 8 35641 4414 4413 3026 3026
1772 8 37471 1172 1172 915 915
8336 2 1773 1 1 38 1
19749 1 22236 1 1 1 1
36152 0 33158 233 233 302 301
9803 4 33158 255 252 16 16
31178 6 27506 15 13 5 4
19480 0 22889 33112 33112 26200 26200
1803 1 3108 10 1 4 1
3108 0 30670 349 349 1217 1215
23633 1 27801 3 1 2 1
10997 5 6030 5 5 85 83
10997 1 30683 2 1 1 1
4151 6 35893 13 4 2 2
21421 3 7727 2 1 2 1
8947 4 25382 581 579 17 17
28887 1 2749 2 1 7 1
30602 0 7963 37041 37041 21147 21142
28803 1 7236 1 1 1 1
17376 6 18797 16 4 1 1
18797 6 7347 482 478 55 55
4486 1 6243 9 1 1 1
38461 0 30319 270 269 1087 1083
10089 1 7989 1 1 10 1
12058 1 2312 1 1 10 1
8268 1 5633 3 1 2 1
40666 0 16421 19805 19805 11107 11107
18179 9 5219 1 1 1 1
10733 1 1830 7 1 2 1
433 1 15766 2 1 3 1
30942 1 704 1 1 1 1
11977 0 6276 2292 2292 10160 10154
40667 0 25385 1108 1108 13927 13923
17801 0 24596 1903 1903 4555 4554
36884 0 4188 23938 23937 6909 6909
10301 0 9082 274 274 8045 8043
15234 6 20190 3 3 11 8
31040 1 34714 2 1 2 1
23336 0 36235 508 508 3861 3861
33510 1 34163 2 1 1 1
14971 1 14960 1 1 1 1
17273 0 4918 1343 1343 7398 7397
30507 0 542 2 2 16 4
30659 0 542 37 37 2788 2775
21349 4 34315 281 281 591 591
7012 1 7012 3738 3738 3693 3693
6351 0 5112 7 7 22 21
29074 1 29073 3 1 1 1
21454 1 39437 1 1 1 1
4178 6 21454 1499 1498 131 131
33809 1 29402 1 1 2 1
24898 0 7415 252 252 8531 8511
808 1 807 2 1 1 1
22710 0 22555 6721 6721 10327 10326
10110 1 18587 1 1 3 1
18587 0 20875 861 861 11042 11034
16329 1 3909 4 1 2 1
1432 4 8490 30 15 4 4
16905 1 10533 2 1 2 1
9956 1 2505 1 1 2 1
22993 1 6303 3 1 2 1
17529 1 8542 3 1 5 1
18744 0 6242 682 682 4392 4387
40668 0 881 38874 38874 13961 13957
23982 1 23981 1 1 1 1
40669 0 14189 1946 1946 13618 13616
5759 1 26443 3 1 1 1
24585 2 10398 7 7 833 808
14448 1 10398 2 1 2 1
28412 0 37012 37895 37895 29348 29347
6886 1 32873 2 1 2 1
9765 0 19420 54 54 21 20
1752 1 9904 7 1 3 1
20473 1 13402 2 1 3 1
39769 1 25538 97 97 109 109
25538 1 39769 113 113 99 99
21180 6 11296 3 2 4 3
4128 1 25065 1 1 1 1
40670 0 14798 11677 11677 13974 13972
40670 6 40706 9192 9192 8027 8027
6066 0 11939 1123 1123 23573 23564
24884 4 6439 23 23 65 65
26927 1 4813 5 1 3 1
12620 6 33079 4702 4702 405 405
23142 1 23141 2 1 1 1
2112 1 15204 3 1 2 1
31063 4 40391 3 3 3 3
23817 1 38036 2 1 1 1
35101 0 20547 2435 2435 6407 6405
34252 0 7906 2004 2004 7517 7516
6576 6 15513 1578 1578 10589 10588
2696 1 307 5 1 2 1
2831 0 2696 419 419 1150 1139
1570 1 15541 4 1 4 1
2232 0 35643 6410 6410 3070 3070
4771 4 1369 87 34 1 1
4771 4 10898 23571 23517 44 44
25079 0 1369 8309 8309 21930 21928
19764 0 29317 13135 13135 20166 20165
30894 0 2657 2 2 15 9
30894 1 30893 1 1 1 1
35465 2 9450 4 4 131 121
27198 0 19507 4 4 16 10
9577 1 18755 2 1 3 1
9577 1 2300 1 1 7 1
6591 1 15671 1 1 2 1
40674 0 19768 3416 3416 13431 13430
2835 1 10762 3 1 3 1
40036 0 8241 2838 2838 6081 6081
15566 4 17079 233 228 14 14
38115 1 37110 1 1 1 1
35182 1 26668 1 1 3 1
8887 0 10579 38 38 844 843
39995 0 13740 386 386 1822 1818
5336 1 2296 5 1 2 1
1528 1 2296 4 1 3 1
34557 0 26 5884 5884 14828 14826
12745 1 18647 3 1 3 1
7997 1 15740 3 1 2 1
7489 6 25346 1610 1604 79 79
22264 0 6890 402 402 541 540
21341 1 26384 2 1 2 1
130 5 1981 159 159 18876 18821
18980 1 21881 5 1 3 1
18980 1 12859 3 1 2 1
40438 4 2459 27181 27180 5295 5295
2459 0 22692 14 14 10 9
32399 6 35294 53 53 70 70
16433 0 15675 118 118 996 994
18645 1 19846 7525 7524 11135 11133
1831 1 13620 1 1 1 1
27640 0 35564 375 375 157 157
28049 2 12715 188 188 13832 13816
34427 0 119 3 3 108 70
38238 0 119 3 2 44 8
14129 1 14128 1 1 1 1
16455 0 30527 13 13 21 19
22880 0 2807 5335 5335 25038 25033
5517 1 8571 2 1 3 1
31628 0 6776 31251 31251 19834 19824
14732 0 6776 2259 2259 3177 3168
1395 1 10603 4 1 1 1
26249 1 1851 1 1 2 1
21189 1 25948 4 1 2 1
30647 0 1326 16 16 755 741
10370 0 1326 20130 20130 30026 30010
25930 4 10103 101 95 5 5
39271 2 916 3 2 332 188
39473 2 916 1 1 202 61
33293 2 916 3 2 369 223
13451 2 25375 13 13 50 48
1346 1 6170 4 1 5 1
2261 4 14320 52 35 4 4
1705 6 39241 39 32 2 2
858 4 23688 3 2 2 2
11337 0 13858 75 75 1104 1098
36322 0 427 4 4 108 37
28974 0 4885 121 121 1975 1965
23365 6 15758 7 7 14 14
11547 1 11546 4 1 1 1
32755 0 697 1 1 6 1
7568 1 7567 1 1 1 1
21710 0 5678 11 11 8 4
33405 0 5891 16 16 20 17
19993 6 40676 13436 13433 1397 1397
8878 1 6111 1 1 4 1
11299 0 8050 1015 1015 9123 9119
6501 1 6500 1 1 1 1
9095 0 6138 20905 20905 17234 17219
29324 0 5429 556 556 309 309
28608 4 27634 5704 5704 11184 11184
25947 1 30204 2 1 4 1
8835 6 24716 4208 4199 213 213
31000 4 5709 7 4 4 4
14357 0 30076 262 262 622 622
15636 1 14742 2 1 3 1
8343 1 5855 2 1 5 1
13930 0 14302 3 2 13 8
6188 4 19609 19 2 2 2
30806 1 21229 1 1 2 1
21465 1 2680 1 1 3 1
5567 0 3263 42 42 1681 1671
1114 0 3263 5368 5368 17745 17734
15163 1 28250 4 1 1 1
24491 0 21806 22277 22277 33932 33932
13957 0 21517 2573 2573 1828 1827
26206 0 1852 36258 36258 29896 29845
31320 0 1852 6 6 410 363
35402 0 1852 24097 24097 16313 16263
17351 0 1852 6 6 1266 1218
12201 4 35651 7 2 2 2
26615 1 23283 2 1 2 1
38530 0 8201 615 615 2523 2510
26273 0 19179 2543 2543 1010 1010
31727 0 26208 5 5 18 17
14610 4 22269 270 268 36 36
6596 1 29722 2 1 1 1
35251 4 10622 6207 6207 12912 12912
33036 1 22694 2 1 4 1
9486 3 22694 12440 12436 21 21
7279 1 30681 9 5 9 6
30681 1 7279 9 6 9 5
35732 0 7738 3 2 24 23
6160 1 6159 2 1 1 1
40678 0 38900 26584 26584 13690 13690
12283 1 12051 3 1 2 1
20982 0 18646 3 3 7 5
9855 6 9449 6607 6582 4099 4098
8464 1 26186 5 1 1 1
36328 0 27331 26 26 506 500
28307 1 1781 1 1 4 1
22552 0 40034 1444 1444 1158 1158
40679 0 762 35280 35280 13770 13767
40680 0 38335 9593 9593 13226 13226
8103 1 9200 6 1 1 1
22832 5 2978 2 2 75 8
14475 5 2978 8 8 430 361
30111 0 9494 3 3 29 19
29085 1 18188 2 1 2 1
16374 0 151 5917 5917 15231 15224
40682 0 8093 10605 10605 13549 13522
7574 4 40009 293 291 4 4
40683 0 17911 1066 1066 13033 13030
7705 4 24544 14 8 3 3
31888 0 115 7 7 804 788
115 1 10641 8 1 2 1
9351 1 17202 2 1 4 1
728 1 727 6 1 4 1
31869 5 18855 70 70 964 951
38772 5 18855 4 3 21 9
33573 1 10115 1 1 2 1
6813 1 5176 4 1 3 1
30270 1 25946 1 1 2 1
23870 1 10884 7 5 2 1
40110 4 30283 17 17 5 5
39171 0 8786 3689 3689 8756 8752
13098 1 17229 8 1 2 1
9972 0 7945 198 198 3687 3664
2006 0 13976 10340 10340 10641 10639
21615 1 20726 4 1 1 1
35582 4 39566 5621 5621 4696 4696
14559 1 1815 2 1 3 1
35120 4 2143 214 211 235 235
15991 1 12504 1 1 4 1
6429 1 22011 3 1 1 1
5547 0 10707 8 8 31 7
11434 0 10707 47 47 245 220
8030 1 4592 4 1 2 1
19180 0 7178 629 629 5740 5738
20863 1 24708 3 1 1 1
32763 0 11178 264 264 855 855
20883 2 3869 9 9 81 51
35373 2 3869 9 9 111 80
20259 1 28121 2 1 3 1
1015 1 24451 2 1 2 1
3316 2 13606 18 17 172 168
24587 2 13606 74 71 48 45
36313 1 28400 1 1 1 1
4016 1 4015 4 1 1 1
6051 1 9303 2 1 4 1
22179 0 25743 4257 4257 15860 15857
37112 0 3027 33 33 2891 2840
16612 0 3027 9140 9140 29457 29403
23303 0 3027 184 184 4218 4166
40685 0 14898 37157 37157 13247 13228
3073 1 5623 3 1 1 1
40686 0 15810 16570 16570 12969 12969
30554 1 16575 2 1 1 1
5024 1 5023 1 1 4 1
5023 1 14075 5 1 1 1
10386 0 32386 14 14 6 6
7372 1 7371 2 1 1 1
5715 1 7372 3 1 1 1
29949 1 15424 1 1 2 1
5878 6 40688 13456 13456 39734 39734
4191 5 15351 707 707 27944 27938
2940 1 4191 4 1 5 1
25827 1 12437 1 1 1 1
1272 3 28165 8024 8024 5236 5236
14132 0 1272 2205 2205 13598 13581
4011 1 4010 2 1 2 1
4845 1 28045 3 1 2 1
5366 1 30121 3 1 2 1
4481 0 726 32217 32217 29757 29755
40457 0 20078 2 2 5 3
30688 0 343 970 970 5340 5339
18211 1 9926 2 1 2 1
2626 1 38942 111 108 24 24
40689 0 5724 34371 34371 13626 13622
37366 5 7581 2 2 733 718
11382 1 32851 8 7 2 2
5088 1 16447 2 1 2 1
17053 4 35164 3 2 2 2
31043 0 2411 3 3 19 5
14198 9 19677 1 1 3 1
16831 1 10331 3 1 7 1
21138 1 1713 2 1 3 1
3171 1 5790 7 1 2 1
21991 1 8254 4 1 2 1
35908 0 25798 93 92 282 279
12857 1 5476 3 1 5 1
35252 0 17711 6473 6473 9599 9596
28389 0 14982 3 3 39 28
31024 4 31588 17389 17384 1142 1142
9654 1 29009 5 1 1 1
4563 1 25251 6 1 1 1
18116 4 20686 15 9 19 19
16060 0 3587 1098 1098 6304 6302
3587 4 8188 55 50 11 11
27481 1 2605 4 1 1 1
15624 0 36918 24130 24130 22839 22837
1577 1 15781 10 1 1 1
15666 1 17997 3 1 1 1
28302 4 39471 69 67 13 13
33415 5 5247 73 73 2303 2296
3684 6 39371 571 543 3 3
25710 1 27965 3 1 2 1
7053 1 421 3 1 2 1
40691 0 15594 17294 17294 12859 12859
32417 0 5874 2 2 13 2
11643 1 2947 2 1 4 1
10227 0 3024 1677 1677 3338 3335
27766 1 28521 2 1 1 1
38480 1 3659 1 1 1 1
9606 4 26316 20200 20200 14513 14513
29309 4 40692 11999 11999 16527 16527
14773 1 27094 1 1 3 1
22485 1 22609 2 1 4 1
30461 1 30460 1 1 1 1
12623 6 21249 11327 11325 1553 1553
26639 1 20503 1 1 2 1
33655 1 17423 1 1 2 1
19226 0 11808 22 22 95 90
26110 0 11232 9 9 63 58
40694 2 593 17 17 14156 14129
21150 0 15854 25 25 1334 1315
28268 0 11999 2791 2791 19465 19457
17580 0 904 11 11 183 171
40695 0 14893 4153 4153 13238 13234
34842 4 40695 12676 12676 23059 23059
14185 1 14184 2 1 2 1
8884 1 14612 9 1 3 1
16510 1 200 3 1 5 1
15432 1 18001 1 1 2 1
32997 1 13791 1 1 1 1
303 0 17950 13352 13352 14965 14965
33519 0 27346 15 15 190 190
15824 1 15823 1 1 2 1
14165 0 3327 2979 2979 8063 8061
14338 1 7944 2 1 4 1
37789 0 249 88 88 8378 8333
35878 0 20973 1388 1388 6990 6987
4738 4 12512 2958 2958 5350 5350
35985 0 8123 880 880 1613 1606
5272 0 10613 1103 1103 8062 8052
40696 0 8840 15624 15624 13265 13258
16619 1 25469 2 1 1 1
3348 5 666 1 1 30 3
2132 1 13176 2 1 3 1
34276 0 2321 74 74 1042 1042
19794 1 2321 2 1 4 1
9342 1 14083 4 1 2 1
30825 0 38668 31 31 86 85
6424 6 12616 73 65 11 11
21004 0 4962 3548 3548 9856 9831
22132 0 4962 1081 1081 16648 16622
40697 0 11827 7601 7601 13550 13548
30574 4 31725 689 688 113 113
12558 4 21580 48 45 9 9
37995 5 5095 5 5 23 20
24376 1 9395 3 1 2 1
39499 4 35831 5126 5126 3975 3975
11463 0 14752 33 33 115 103
33818 0 14752 90 90 3474 3461
22715 4 4266 20076 20076 10513 10513
12505 0 4123 64 64 1248 1214
33279 0 5569 3425 3425 7810 7810
9991 0 34008 2 2 2 2
4175 4 38868 6 1 1 1
35323 0 27596 1601 1601 1284 1280
631 1 24226 5 1 3 1
14963 1 13720 1 1 7 1
17000 1 13720 2 1 8 1
39297 0 2168 2 2 23 15
16002 1 2168 3 1 4 1
29934 4 38843 8 8 12 12
33092 1 31136 1 1 2 1
27031 1 13986 2 1 2 1
35263 0 1655 39343 39343 31619 31618
2450 0 4469 284 284 27783 27770
1578 1 40178 9468 9466 22200 22200
26605 6 3123 430 430 20088 20064
11250 0 7751 3517 3517 8100 8089
20723 1 6065 4 1 5 1
12012 4 26621 272 267 19 19
20541 1 6096 1 1 2 1
10408 1 6096 3 1 4 1
33794 1 19512 1 1 2 1
13633 0 19626 362 362 530 530
1586 0 13633 14893 14893 23308 23306
24020 1 24180 1 1 2 1
20628 0 13346 53 52 1703 1694
40698 0 2446 2661 2661 13065 13060
21278 1 21277 1 1 1 1
25474 4 40699 13288 13287 1867 1867
19291 0 8918 33027 33027 22759 22755
31396 0 14136 271 271 2576 2567
28894 1 584 9 9 20 18
8779 1 8778 1 1 1 1
29462 1 21665 4 1 2 1
8023 1 11230 3 1 2 1
20159 4 19474 38349 38347 16681 16681
21179 1 22813 4 1 2 1
35310 0 20208 3638 3638 6870 6861
9322 1 30070 2 1 3 1
10417 1 2419 4 1 2 1
22334 0 18443 26973 26972 6562 6562
14787 0 3443 24 24 629 618
16795 0 14750 41 41 973 963
40701 0 16348 17115 17115 12915 12914
40702 0 33675 36335 36335 13266 13265
6409 0 21362 12 12 18 14
623 1 17904 3 1 1 1
17904 1 2054 38946 38945 34848 34848
9574 1 9573 2 1 1 1
15060 1 20539 2 1 2 1
6048 0 5381 96 96 221 210
23163 0 30710 68 68 405 404
29611 1 5237 4 1 2 1
1028 0 8309 134 134 5864 5859
23172 1 8309 1 1 13 1
14353 1 19003 3 1 5 1
22019 0 2903 2 2 30 19
20023 0 1165 313 312 4225 4222
34338 0 36445 8779 8779 17974 17973
5001 0 17736 5400 5400 27371 27371
36419 1 3674 1 1 6 1
11263 1 23301 4 1 1 1
29082 0 26351 1126 1126 1425 1421
21660 1 26299 1 1 1 1
39966 0 18719 3270 3270 4012 4008
18720 1 18719 1 1 2 1
2930 6 272 57 49 27 25
3518 4 27027 17 2 2 2
36416 1 20761 18353 18353 4616 4614
20761 1 36416 4421 4419 18002 18002
33109 0 24935 827 827 6343 6342
6793 1 10304 1 1 5 1
40704 0 6614 15205 15205 14440 14415
40751 0 6614 14976 14976 14138 14114
16139 0 4350 349 349 4285 4280
21940 1 23937 1 1 1 1
19960 0 16266 31762 31762 38100 38077
1845 1 8269 2 1 3 1
232 0 2648 19 19 6 3
232 6 17789 8647 8641 187 186
34270 0 18015 15865 15865 20214 20214
24712 1 7631 1 1 1 1
3631 0 37202 9333 9333 30367 30366
18106 4 23302 3266 3266 14971 14971
3465 3 3464 3 1 3 1
9643 1 9642 3 1 3 1
34133 1 9643 1 1 4 1
670 1 2513 1 1 4 1
37205 0 39503 17543 17543 15816 15816
28259 0 36836 36281 36281 33716 33716
20126 1 16918 3 1 5 1
40272 0 692 3 3 139 114
17173 1 12824 2 1 2 1
7115 1 24859 1 1 1 1
11393 0 1590 32939 32939 31019 30995
37412 0 7056 35 35 9957 9942
36021 1 20995 1 1 2 1
10424 1 10423 1 1 3 1
33501 1 10423 1 1 4 1
29780 6 3760 25367 25366 3926 3926
7736 1 25350 1 1 2 1
12655 1 815 7 1 4 1
31370 1 144 2 1 2 1
1978 0 3730 4 4 8 7
32261 0 11924 3523 3523 6934 6934
8487 1 9673 4 1 9 6
33428 0 37409 25400 25399 31947 31947
23396 4 40705 14139 14138 1962 1962
29953 1 14896 1 1 7 1
14276 1 38742 2 1 1 1
7473 0 19431 15 15 24 24
5693 1 7319 1 1 3 1
22815 1 22814 1 1 1 1
34547 0 3323 37827 37827 37344 37335
4061 1 5748 2 1 4 1
20917 0 2366 7100 7100 7428 7428
7818 4 6043 19 1 2 2
6955 1 1022 3 1 5 1
7183 1 7182 2 1 1 1
12394 4 39269 2364 2363 95 95
27586 1 5584 1 1 2 1
18452 4 28455 766 766 538 538
4573 1 32597 1 1 1 1
15943 0 16708 7130 7130 5638 5633
8780 4 40707 11927 11927 12292 12292
40707 0 6292 22155 22155 13884 13874
27923 4 37614 15852 15852 11851 11851
26268 4 38287 5911 5910 3605 3605
28859 0 2729 39 39 117 113
23556 0 15588 16166 16166 14162 14162
844 1 6913 4 1 2 1
3714 3 3713 3 1 4 1
40708 0 33878 11610 11610 12903 12901
3153 1 37241 2 1 1 1
17086 1 12044 1 1 2 1
30713 0 4685 3 3 5 3
40709 0 1639 750 750 12958 12950
38976 0 16196 2 2 4 4
26147 0 11192 810 810 20848 20833
19874 0 11192 5462 5462 21935 21919
37730 0 19526 18 18 25 23
39748 1 19526 1 1 1 1
10389 4 6632 2174 2172 62 62
27700 1 2941 2 1 4 1
32864 0 15383 4266 4266 4377 4375
7665 4 35503 181 176 6 6
25037 0 18558 11048 11048 16411 16411
37968 1 6086 105 105 35 35
6703 0 23635 16449 16449 21304 21304
38553 0 1373 5991 5991 5343 5342
22107 6 36069 21 13 4 3
11759 6 5497 45 34 4 4
466 6 30194 24 15 3 3
7675 1 17823 5 1 2 1
17457 1 2429 4 1 6 1
37969 0 15954 2 2 7 5
4042 6 39726 2833 2830 195 195
19544 3 34567 2 1 1 1
31729 1 3925 1 1 2 1
40714 0 39507 7627 7627 12057 12057
13043 2 3943 1 1 32 2
39320 5 3785 40 40 18074 18057
5403 0 4108 20204 20203 19657 19655
31478 0 40396 34066 34066 33297 33295
40715 0 1096 222 222 13811 13801
2298 4 26266 5 1 1 1
40716 2 475 3 3 14387 14316
40733 2 475 3 3 14321 14251
25107 0 30236 4955 4955 8293 8292
10318 4 6623 14 10 4 4
21098 1 21097 1 1 1 1
34757 4 36292 14168 14166 1377 1377
19146 6 27617 6 6 4 3
27617 6 21541 40699 40698 38248 38248
14760 4 27348 122 121 26 26
10785 1 16980 2 1 3 1
1004 0 1686 106 106 530 523
13693 1 30628 2 1 3 1
31488 0 7029 40799 40799 39452 39449
16602 0 35398 964 964 16925 16923
7891 6 22902 10711 10707 95 95
5150 2 2183 2 2 39 8
21014 4 39330 41 41 30 30
16843 0 9525 28 28 95 92
30301 1 6458 1 1 2 1
5932 1 19763 6 1 1 1
34016 0 13638 36728 36728 20459 20459
14792 6 38688 22236 22236 21308 21308
11527 1 2829 3 1 2 1
13560 3 17390 4 2 3 1
40719 0 25292 13843 13843 14023 14021
11686 1 38080 7 1 1 1
15813 1 17303 2 1 2 1
40720 0 23562 324 324 13715 13710
19157 1 25047 2 1 1 1
11385 6 39678 35 29 2 2
4598 1 20481 3 1 3 1
26627 1 1342 3 1 3 1
14695 1 32594 2 1 1 1
31643 0 31691 2318 2318 18928 18927
16937 1 1926 2 1 2 1
40258 5 3918 3607 3607 31560 31541
33104 0 26721 5 4 2 2
27613 1 9676 3 1 3 1
6220 1 1968 1 1 3 1
26510 0 2560 21310 21310 29265 29256
19107 0 2131 13 13 34 32
1756 0 28697 278 278 5620 5620
12466 4 10233 23 3 2 2
28212 0 14013 2 2 27 21
34431 4 11843 1039 1038 33 33
3493 1 22156 8 1 1 1
40721 0 716 276 276 13262 13223
29284 0 1288 12071 12071 18078 18054
7360 1 28378 4 1 1 1
767 0 17590 2133 2133 19619 19612
6412 1 5869 3 1 5 1
15973 1 13531 2 1 2 1
35747 2 24388 23 23 177 177
25937 5 17856 9736 9736 19527 19519
14618 1 12003 2 1 1 1
35356 6 34036 7656 7656 5957 5957
1617 1 1616 2 1 2 1
1616 1 8901 1 1 3 1
17153 4 23170 92 92 35 35
24509 1 3374 1 1 4 1
31535 0 7656 33195 33195 20813 20797
37264 0 6538 8223 8223 13194 13189
20946 0 6538 602 602 8154 8150
2893 1 11706 7 1 3 1
40722 0 28479 10850 10850 12693 12693
14723 1 19646 3 1 3 1
39290 4 23003 80 80 109 109
9441 1 1130 2 1 2 1
37823 0 4500 3600 3600 10476 10474
37109 0 38181 32600 32600 25528 25527
31981 4 38538 4629 4628 1000 1000
29529 1 32020 1 1 1 1
32020 1 15386 2 1 2 1
2228 1 13955 5 1 3 1
17896 4 37233 27801 27800 23111 23111
29893 4 38282 770 769 93 93
38316 0 23713 2 2 3 2
25374 0 17209 207 207 2093 2091
11080 0 12720 591 591 2509 2499
32958 1 4855 2 1 5 1
1278 0 34927 46 46 425 423
37041 0 26960 400 400 5640 5638
3705 1 3704 6 1 1 1
30370 5 12413 2 1 8 5
13830 1 35079 5 1 1 1
35283 0 30108 1418 1418 10443 10442
5914 0 16686 122 122 46 44
14389 1 3261 2 1 1 1
21961 1 1473 2 1 2 1
13380 0 19861 126 126 1120 1116
7110 0 11813 3861 3861 3512 3509
11813 1 1114 9 1 1 1
23228 1 34145 2 1 1 1
2147 0 3510 1924 1924 1235 1233
35350 4 39634 449 449 706 706
35857 1 7386 2 1 3 1
6371 6 37307 1290 1286 73 73
18800 0 13840 3608 3608 22903 22898
5481 1 6581 6 1 8 1
14376 6 28764 1128 1125 77 77
13409 1 18792 2 1 2 1
1232 1 5716 5 1 3 1
5716 0 4961 5 5 15 9
10095 5 241 260 260 5051 5046
30274 0 27395 31167 31167 34707 34707
4092 1 3142 2 1 5 1
38217 0 998 407 407 2041 2038
16820 4 37663 31 25 4 4
15209 1 21887 2 1 1 1
26585 0 6289 3 3 15 11
26965 5 4450 10 10 1217 1212
1009 1 11417 4 1 1 1
16697 4 70 62 57 5 5
27038 0 732 27 27 77 74
17663 4 23020 630 626 101 101
7732 1 35326 5 1 1 1
19563 0 10026 17594 17594 25107 25100
2356 0 3805 6077 6077 24176 24170
23441 0 34078 1741 1741 1917 1916
37070 0 27913 15278 15278 14830 14830
3289 6 38527 61 45 5 5
2980 1 2979 2 1 1 1
30536 0 5049 17433 17433 23870 23866
16915 1 26031 1 1 3 1
19167 1 19166 3 1 1 1
8110 9 4565 1 1 2 1
25148 1 16759 1 1 3 1
9665 0 14373 4167 4167 3345 3344
30114 1 33583 27391 27391 18707 18707
33583 1 30114 18921 18921 27694 27694
10388 4 3586 101 94 9 9
27188 3 20283 2 1 2 1
24932 1 6602 2 1 3 1
35150 1 33029 1 1 2 1
10137 4 11961 686 683 76 76
4469 0 10488 16 16 24 18
18360 9 1757 1 1 1 1
27706 1 36948 16088 16087 11461 11461
19784 2 14738 16644 16644 15585 15585
4426 2 4633 1 1 12 1
1167 6 4633 29488 29477 38 38
9882 4 22784 1 1 1 1
22411 1 4534 2 1 3 1
14116 1 20160 4 1 2 1
39583 0 12239 25 25 195 193
31548 0 26062 24801 24800 17213 17210
26063 1 1962 2 1 5 1
34604 0 2888 39 39 227 225
29514 1 7486 1 1 11 1
4354 0 17938 5440 5440 7722 7718
3583 1 6233 1 1 6 1
5695 4 28664 469 469 183 183
2185 1 14535 7 1 1 1
25866 0 2185 87 87 1358 1338
1327 1 36228 1 1 3 1
2831 1 23698 3 1 3 1
21070 0 14562 6300 6300 24312 24301
10242 2 953 3 3 86 76
24520 1 11590 1 1 3 1
32447 6 8162 5 4 22 20
10857 1 10856 2 1 1 1
29541 1 32791 1 1 3 1
14418 3 22928 6 4 4 4
25235 0 11991 37588 37588 34510 34510
19649 1 3414 1 1 8 1
11061 9 11060 2 1 1 1
5834 1 16298 2 1 4 1
16564 5 2060 224 223 10807 10779
30585 0 324 5 5 140 122
21674 1 21673 4 1 3 1
16327 0 36920 30401 30401 15190 15190
31764 0 40725 11289 11289 13773 13773
20117 1 5297 4 1 1 1
40726 0 21345 12050 12050 14218 14210
23392 1 8395 3 1 3 1
15466 0 34493 12 12 3 3
32154 1 35808 29848 29848 27276 27276
30878 2 21391 4 3 31 21
414 9 3242 1 1 1 1
21497 1 25620 3 1 1 1
18780 0 1703 1 1 34 3
36989 2 22747 1135 1135 674 674
4814 1 26353 5 1 5 4
34514 4 16712 3799 3799 10409 10409
5463 4 9443 8536 8529 179 179
9443 4 37702 128 123 6 6
28035 1 17572 1 1 3 1
4816 1 19142 2 1 2 1
23070 1 16815 1 1 1 1
33617 1 10553 1 1 2 1
40729 0 25425 13275 13275 12681 12681
3378 0 2767 18 18 55 54
40730 0 8815 1363 1363 13571 13561
12960 0 8815 232 232 5854 5845
4376 1 37 4 1 7 1
39757 0 5605 2 1 21 5
18600 1 19016 3 1 2 1
3467 1 385 2 1 4 1
14223 1 6848 2 1 3 1
25195 0 11431 2849 2848 10409 10403
40731 2 35244 137 137 13104 13103
6940 1 22487 9 1 1 1
18458 1 13073 3 1 4 1
13073 6 447 2413 2413 3727 3727
7113 4 35455 3168 3168 3025 3025
16734 7 3856 32757 32754 337 337
30190 1 22568 1 1 1 1
25889 0 13000 193 193 398 397
13181 9 17866 1 1 1 1
5492 6 19902 35066 35064 19915 19915
39381 2 736 4 4 10 9
2369 1 6578 7 1 5 1
29844 0 16328 32 32 7 7
2758 1 2757 1 1 2 1
38222 2 33300 8 6 12 11
18743 6 13906 1585 1584 43 43
31229 4 1517 1090 1090 590 590
21203 4 76 11 9 17 17
40016 0 7096 88 88 939 938
19031 0 10895 910 910 17198 17198
40734 0 4733 292 292 13394 13392
28029 6 13250 14 13 8 8
31942 0 731 18475 18475 20502 20501
24476 1 37343 1 1 3 1
30608 0 10938 3734 3734 9488 9487
9857 1 21026 4 1 2 1
31786 1 2390 2 1 4 1
20366 0 40022 11435 11435 12571 12571
25016 0 6037 6690 6690 19042 19040
6866 1 25441 4 1 2 1
11006 1 11005 1 1 2 1
40736 0 39315 12322 12322 11707 11707
40737 0 4415 27622 27622 12880 12872
34827 4 25838 3 3 3 3
20641 0 19592 23614 23614 39302 39301
19844 1 36475 3 1 1 1
5620 1 14606 1 1 2 1
4942 1 35741 2 1 1 1
12702 0 16539 485 485 2412 2410
16398 5 1361 3 3 30 15
40738 0 10135 30731 30731 13946 13946
819 1 20330 5 1 3 1
20681 3 25789 18755 18755 32957 32957
2173 6 12317 20 9 2 1
29181 1 6432 1 1 1 1
346 1 6498 2 1 1 1
9709 1 9837 3 1 6 1
5266 1 5265 2 1 4 1
30985 0 17910 25545 25544 20122 20122
21628 1 16687 5 1 1 1
39393 0 5540 421 420 8196 8189
16844 0 34093 14735 14735 19680 19679
10330 0 5598 850 850 8665 8649
22052 1 12989 3 1 6 1
11758 1 3657 2995 2991 810 810
33720 0 1406 2147 2147 9294 9284
40739 0 14015 4224 4224 13395 13389
40298 0 8495 1 1 8 4
5116 1 10792 7 1 5 1
33694 0 26952 2 2 6 5
36765 0 5101 2008 2007 1280 1279
27226 4 35331 15442 15442 4571 4571
16221 1 30101 1 1 3 1
32010 5 16320 7180 7180 24457 24444
16385 4 39672 79 73 7 7
26422 3 4250 6 4 5 4
2924 4 31881 95 21 1 1
23932 1 406 2 1 2 1
40741 0 10133 1114 1114 13117 13110
1478 4 38462 68 47 5 5
15891 0 14046 1 1 13 3
25424 0 17555 36651 36651 19530 19524
13797 4 32300 3945 3945 9266 9266
405 1 404 2 1 1 1
37796 0 5866 6331 6331 13515 13510
2634 0 13504 28408 28407 29673 29668
26727 4 28774 1021 1018 35 35
26243 0 39695 739 739 4437 4436
3948 1 32711 4 1 2 1
4019 6 21073 131 123 18 16
1187 1 20711 3 1 1 1
36443 0 26928 678 678 3987 3984
29481 0 10355 8 8 10 8
1476 0 25435 20665 20665 31256 31255
38542 0 22631 2 2 5 3
39106 0 14148 28157 28157 6059 6059
28771 1 27460 3 1 2 1
16045 1 24249 1 1 1 1
16468 0 12729 4 4 54 41
24561 0 12729 8 8 101 87
40742 0 11685 3920 3920 14013 14006
15794 0 288 431 431 1595 1589
17369 4 28877 18 13 2 2
4197 1 13361 5 1 2 1
1566 1 31545 6 1 1 1
20016 4 29851 667 654 2 2
21241 1 21240 2 1 4 1
21240 1 17480 3 1 1 1
4088 0 9256 17535 17535 12801 12797
21664 0 31614 2 2 3 3
20867 6 22620 13649 13648 23984 23983
6116 3 12878 6 2 3 1
31524 1 6685 1 1 2 1
31665 1 11001 1 1 4 1
4541 1 14758 1 1 1 1
38652 3 11896 1 1 3 1
29789 4 11615 18 11 4 4
40744 0 26617 32068 32068 11165 11165
6122 4 39635 264 259 27 27
4953 0 10842 7042 7042 22795 22788
38322 0 11870 31619 31619 27633 27632
10438 0 1730 1 1 100 3
32068 0 9304 102 101 949 940
40745 0 7189 4549 4549 13622 13612
30521 1 1450 2 1 5 1
14974 1 22486 5 1 1 1
24396 1 14974 1 1 6 1
26467 1 15256 1 1 3 1
15469 1 9188 5 1 5 1
3672 4 34478 8 7 3 3
23086 0 9505 20802 20802 36924 36924
11105 6 34671 12223 12221 1581 1581
31200 1 26039 29493 29493 22523 22523
33187 0 8237 3021 3020 17048 17041
30483 1 21607 1 1 3 1
14260 0 14310 1309 1309 5643 5640
15924 0 9367 7242 7242 34276 34253
19959 6 17574 13 7 4 3
24704 0 18355 39500 39500 39724 39724
31678 4 25631 228 226 32 32
39728 1 18568 1 1 2 1
6336 4 34815 19 6 2 2
18894 0 12741 518 518 4438 4433
31814 0 15640 375 375 2635 2631
31718 1 31717 1 1 1 1
3495 1 37604 2 1 1 1
33838 0 15312 37106 37106 31284 31282
38175 10 30680 1 1 1 1
11923 1 29297 4 1 2 1
17682 4 16176 3496 3494 933 933
40746 0 15865 19486 19486 13150 13149
17989 1 45 1 1 11 1
162 1 161 6 1 2 1
1070 1 31232 3 1 4 1
11915 1 11914 1 1 2 1
17597 1 1779 1 1 1 1
33223 0 35286 4 4 11 10
17231 0 11078 3 3 9 6
9415 1 8217 4 1 2 1
9822 0 532 1 1 81 5
25559 0 7427 5 5 7 7
35901 1 18889 1 1 1 1
5032 1 9078 3 1 2 1
280 0 12443 366 366 2764 2763
3547 0 16302 25107 25107 34361 34348
37263 0 33813 21278 21278 17967 17966
40748 0 206 611 611 13904 13873
2410 6 36725 28 28 35 35
29420 1 33730 2 1 1 1
20556 0 268 3845 3845 7143 7139
25280 5 2971 3 3 172 109
10990 1 27947 6 1 1 1
22682 0 15763 2 2 7 4
10975 1 35401 1 1 2 1
11252 6 6012 20 12 5 4
13074 5 14951 42 42 1578 1576
24987 0 33083 309 309 1786 1785
32258 0 30454 17864 17864 17828 17828
20630 1 11278 2 1 3 1
375 1 374 2 1 1 1
24087 1 34222 3 1 1 1
22866 1 930 1 1 2 1
26540 0 19984 6229 6229 13699 13697
1203 1 11625 2 1 5 1
2995 1 16224 6 1 1 1
39628 0 35692 34906 34906 26699 26699
12922 3 16574 5 1 3 1
13536 9 7072 1 1 1 1
17977 0 6556 71 71 2824 2813
14591 1 20529 2 1 2 1
17537 1 20736 15865 15864 18336 18336
22994 0 1953 2467 2467 3544 3528
28203 4 15915 5 2 2 2
20040 1 11683 3 1 2 1
22766 0 15613 5313 5313 14519 14518
3681 1 20829 3 1 2 1
9952 1 17840 4 1 1 1
8561 8 9939 619 619 352 352
26904 1 34013 2 1 2 1
30218 6 33864 12 10 4 4
19855 4 40081 180 180 118 118
7107 1 4018 3 1 2 1
14459 4 30600 3 3 7 7
31262 0 19491 2 2 21 19
3049 0 13373 16059 16059 36856 36856
18036 1 21116 3 1 1 1
4102 4 26935 12 2 1 1
4051 1 4050 1 1 1 1
32772 5 5042 2 2 28 22
18593 1 8011 1 1 2 1
3037 1 458 3 1 2 1
11489 1 19752 2 1 5 1
7408 1 2641 3 1 4 1
30952 0 4379 1737 1737 9656 9645
19369 1 11046 1 1 5 1
40754 0 5844 37227 37227 13375 13374
13702 0 9051 1679 1679 1346 1346
14342 0 16213 3865 3865 21289 21288
38142 1 9549 1 1 2 1
22223 1 17536 1 1 2 1
2364 1 22225 5 1 2 1
27307 2 23001 1817 1817 11601 11601
2159 1 6296 4 1 1 1
3441 3 8470 5 1 2 1
11504 1 11503 1 1 2 1
28552 0 35437 10901 10901 14413 14412
32595 0 22049 987 987 5929 5925
34018 4 40756 13051 13051 13003 13003
12675 1 12674 3 1 2 1
22838 1 8225 1 1 5 1
9602 0 32242 3331 3331 24723 24723
