1678 7 40551 1082 843 1 1
1678 7 18056 264 30 1 1
1678 7 30089 985 747 1 1
1678 7 36781 814 578 1 1
1678 7 18000 244 13 1 1
1678 7 9202 240 10 1 1
1678 7 26036 21744 21502 7 7
1678 7 35669 523 288 1 1
1678 7 40887 30875 30632 7 7
1678 7 38204 13637 13396 7 7
17935 9 35175 1 1 1 1
785 8 10116 13859 13402 12 12
785 8 37575 3837 3393 1 1
785 8 21817 30402 29934 2765 2765
785 8 18729 6011 5564 10 8
785 8 12268 6814 6365 3 3
785 8 29200 8640 8190 1 1
785 8 23537 21488 21026 422 422
785 8 6770 19229 18770 68 68
785 8 1493 32541 32071 9832 9832
785 8 28822 14547 14089 23 23
785 8 15703 4304 3859 2 2
785 8 8245 38178 37707 11521 11521
785 8 36761 9952 9500 2 2
785 8 155 40573 40101 25538 25538
785 8 39420 20069 19609 38 38
785 8 38749 20721 20260 323 323
785 7 11761 1992 1978 18 18
16176 4 33688 10376 10374 15528 15528
18671 0 11241 28 28 498 483
19621 0 11241 3 3 64 50
15582 0 4030 239 239 7192 7165
25033 0 4030 3 3 38 12
31351 0 4030 6632 6632 24648 24619
19165 0 2969 109 109 141 132
21012 1 19165 4 1 2 1
16748 6 29001 4981 4980 2907 2905
31740 0 1183 211 211 4910 4867
26184 1 32091 7539 7536 5277 5277
32091 1 26184 5277 5277 7539 7536
4194 1 6975 1 1 2 1
6975 1 3569 1 1 2 1
15602 0 4367 34596 34596 40121 40092
6546 0 4367 5 5 705 678
24512 1 24859 1 1 2 1
33182 0 5053 20971 20971 23649 23646
5945 6 10270 964 961 203 202
5109 0 22368 2353 2353 7444 7439
20774 0 8060 17608 17608 24234 24234
12274 1 9268 1 1 1 1
12842 1 15886 3 1 2 1
13394 1 3789 1 1 1 1
13394 0 3459 15511 15511 17884 17875
38200 3 8055 2 1 3 1
36698 0 586 16790 16790 30836 30756
13143 0 586 50 50 6884 6806
7684 1 586 2 1 8 1
586 3 772 4170 4160 1197 1196
586 3 3510 14890 14879 3511 3511
586 1 11276 2 1 1 1
38212 2 121 11 11 2640 2138
34053 2 121 4 4 1057 565
21130 2 121 2 2 668 181
22680 2 121 2 1 451 23
33440 2 121 1 1 800 310
37929 2 121 7 7 1966 1468
25514 2 121 15 15 2426 1926
31531 2 121 6 6 1061 568
15287 2 121 27 27 3470 2966
30007 2 121 2 1 313 11
33594 2 121 1 1 1072 578
31050 2 121 41 41 5143 4636
10443 2 121 2 1 613 129
13776 2 121 2 1 482 25
28371 2 121 1 1 1335 839
25046 2 121 3 3 661 175
29285 2 121 1 1 702 214
29029 2 121 42 42 4845 4339
39017 2 121 1 1 592 110
36587 2 121 8 8 2327 1828
29042 2 121 13 13 2582 2081
20341 2 121 4 4 1129 634
33915 2 121 1 1 609 126
14588 2 121 2 1 578 97
121 6 39924 3066 3062 64 64
40757 0 1311 16565 16565 39815 39797
40804 0 1311 356 356 31207 31190
1311 0 896 87 87 76 71
18270 1 18269 3 1 1 1
13049 0 4990 17 17 793 775
36351 0 4990 5270 5270 17428 17408
29179 1 10971 1 1 1 1
23886 0 6769 1898 1898 4168 4167
30612 0 4411 11539 11539 28413 28412
14866 0 3633 32710 32710 38519 38514
35748 0 11399 5354 5354 13625 13619
31413 0 15186 3 3 6 4
20145 0 11015 1602 1602 1017 1016
40728 5 914 52 52 38002 37708
28450 5 914 10 10 5785 5498
7848 5 914 1 1 269 4
35945 5 914 1 1 293 15
25546 5 914 1 1 629 347
38155 5 914 1 1 286 10
36490 5 914 24 24 21824 21532
31958 5 914 1 1 955 672
16022 5 914 111 110 13428 13138
1595 5 914 2 2 1183 899
5734 1 377 2 1 1 1
22785 0 5734 24460 24460 30000 29999
1255 6 24915 986 986 111 111
14244 1 11981 1 1 4 1
19390 0 4369 559 559 1298 1279
15364 0 4369 5627 5627 13121 13101
6533 0 4369 2477 2477 16642 16621
20079 0 4369 7551 7551 28428 28405
3634 1 4369 1 1 1 1
10990 1 4301 5 1 2 1
16398 1 2783 2 1 3 1
2783 1 1316 8 1 5 1
31737 0 16660 2 1 15 2
40758 0 6286 3257 3257 39230 39218
36771 0 6286 69 69 597 586
23301 0 6286 54 54 580 570
6286 1 7865 1 1 3 1
40759 0 45 1416 1416 38860 38857
45 1 44 12 1 1 1
30663 4 40225 299 298 41 41
14235 0 20549 11 11 12 7
20549 1 8731 1 1 2 1
15727 0 20842 9607 9607 12669 12668
28017 0 10090 3559 3559 12575 12561
40795 0 10090 3011 3011 39533 39518
32851 1 11382 48 48 367 366
21858 0 14369 2668 2668 7931 7927
34003 0 20650 5024 5024 15344 15343
5656 1 624 2 1 4 1
624 1 34337 3 1 1 1
32035 1 33317 1 1 1 1
6074 0 11052 5843 5843 2066 2066
6074 1 6073 2 1 1 1
31355 4 35983 1032 1029 84 84
10203 0 23680 4382 4382 3358 3358
34114 4 1598 8319 8318 6765 6765
15430 4 617 19 5 2 1
617 6 23164 2903 2888 40 40
40760 0 3796 27430 27430 40574 40562
40898 0 3796 18013 18013 40537 40526
27089 0 25460 1 1 9 1
38920 0 20791 36727 36727 35754 35754
26740 0 15987 10597 10597 15287 15282
26740 5 4475 12 12 3709 3689
33592 0 3640 1 1 68 2
21749 0 16741 1 1 11 7
40287 6 21134 19511 19511 19535 19535
14022 1 6297 5 1 1 1
14504 1 14022 1 1 4 1
40761 0 448 3567 3567 35119 35094
23685 1 146 2 1 2 1
24780 0 39997 15334 15334 3603 3603
40762 0 1763 14618 14618 38162 38157
6572 1 6944 5 1 3 1
6944 0 1701 13565 13565 12408 12401
4031 1 9327 6 1 3 1
37067 1 10473 1 1 2 1
23647 0 1338 2 1 83 56
23277 0 13709 14610 14610 28535 28515
3947 0 12235 3339 3339 5340 5331
12250 1 12717 1 1 1 1
271 6 40026 4138 4111 50 50
14931 1 36099 6 4 7 6
36099 1 14931 7 6 6 4
36099 1 27949 1 1 1 1
14576 5 2971 7 7 2193 2130
13484 5 2971 1 1 92 30
7443 1 25067 4 1 2 1
16880 0 18633 1050 1050 3090 3084
16881 1 16880 1 1 2 1
17282 0 228 5172 5172 23563 23487
33871 0 228 2864 2864 13173 13099
40763 0 987 8326 8326 34945 34940
20046 0 4696 4811 4811 7710 7703
8415 2 7033 3 1 6 1
15870 1 18392 1 1 2 1
25017 9 18392 1 1 2 1
3787 1 8742 2 1 5 1
23980 0 3787 11076 11076 23536 23519
8742 1 19068 4 1 6 1
11482 1 10803 2 1 1 1
2901 0 30222 347 347 1496 1496
10757 0 3459 3289 3289 9788 9780
26302 0 3459 749 749 3037 3030
10581 4 27666 20224 20224 5443 5443
11449 2 6220 4362 4361 38059 38052
258 6 35861 24363 24359 7700 7700
25183 3 11235 79 79 3000 2999
15107 1 15106 1 1 1 1
20809 4 32820 29270 29251 20946 20946
20809 4 32206 3330 3312 4957 4957
4981 1 17073 3 1 2 1
16542 0 4523 546 545 2750 2748
40894 0 16542 18922 18922 40659 40657
10161 1 10160 2 1 4 1
10160 0 15134 1259 1259 2351 2344
26185 1 15249 1 1 1 1
1771 1 1770 1 1 1 1
1771 1 9610 7 1 2 1
1771 1 36226 4 1 1 1
24128 0 8842 22307 22307 24332 24329
26157 1 31405 2 1 2 1
31405 1 31404 1 1 1 1
6096 1 29574 3 1 1 1
31306 6 34770 33895 33895 26461 26461
65 9 439 1 1 1 1
9078 1 23938 1 1 2 1
10215 0 5164 29901 29900 37157 37147
1559 8 14508 120 102 2 1
1559 8 25902 16207 16188 22 22
23501 0 1668 1599 1599 8808 8737
20112 1 27611 1 1 1 1
29717 0 30926 38371 38371 31041 31040
40020 0 17095 4321 4321 8423 8422
23138 0 1929 7 7 1562 1332
38723 0 1929 1 1 259 32
27757 0 1929 1 1 231 13
35086 0 1929 1 1 236 16
20750 0 1929 1 1 252 27
38906 0 1929 1 1 269 41
18333 0 1929 1 1 255 29
15970 1 3369 2 1 2 1
8306 2 25327 4 3 23 16
25327 5 3250 7407 7407 27990 27978
32633 1 5596 1 1 3 1
30166 0 5644 55 55 1886 1868
3771 0 5644 2 2 17 2
36968 0 18425 4565 4565 17070 17067
4765 1 4764 2 1 3 1
17970 0 4765 11634 11634 15764 15759
13604 2 251 1 1 70 61
37309 0 30216 21092 21092 12521 12521
38488 0 19873 20525 20525 35473 35472
21703 2 1136 4 3 443 374
37709 2 1136 4 3 456 386
29422 2 1136 3 2 85 18
34900 2 1136 4 3 312 244
4319 2 1136 4 4 642 571
35289 1 33808 1 1 2 1
7560 1 5488 2 1 6 2
40937 0 5488 12171 12171 40113 40110
13163 0 5488 14 14 43 41
3087 1 18847 2 1 1 1
27819 0 3087 18586 18586 28147 28132
29206 1 25712 2 1 1 1
4485 0 608 552 552 1982 1615
4485 1 4213 4 1 5 1
2562 0 608 6067 6067 26113 25729
20006 0 608 7134 7134 34765 34373
40838 0 608 1 1 33750 33360
40777 0 608 10 10 32525 32137
39245 0 608 801 801 19144 18766
40814 0 608 45 45 38100 37702
14223 0 608 2833 2833 15580 15205
1328 0 608 19541 19541 37218 36824
40785 0 608 16 16 37603 37208
40830 0 608 8 8 37665 37269
28595 0 608 1783 1783 25213 24830
7793 0 608 3959 3959 21962 21582
40884 0 608 14 14 36994 36601
30256 0 608 806 806 9454 9083
33590 0 608 1 1 381 18
40793 0 608 5 5 34720 34329
37242 0 608 245 245 10712 10340
9757 0 608 5502 5502 18014 17637
21406 0 608 241 241 5917 5547
40764 0 29777 7906 7906 40351 40349
13128 0 959 4256 4256 17438 17407
35052 0 959 29754 29754 37486 37454
14092 1 7130 2 1 3 1
40765 0 18 1202 1202 37181 37181
37609 0 25129 18046 18046 32951 32946
3268 1 10028 2 1 3 1
40766 0 35564 29681 29681 40221 40220
15729 1 12999 4 1 3 1
12999 1 15729 3 1 4 1
35258 4 25396 22512 22512 3666 3666
38187 1 29741 1 1 2 1
38187 0 2275 2543 2543 10528 10496
40767 0 15247 15663 15663 39709 39706
27131 1 17012 1 1 1 1
15936 0 23068 19 19 28 26
7803 1 13968 5 3 6 4
13968 1 7803 6 4 5 3
40572 0 32910 3493 3493 38888 38885
39830 0 32910 1 1 4 2
14004 0 25065 25 25 23 20
25065 0 4789 10219 10219 9695 9693
32733 0 248 5334 5334 22797 22787
10121 0 248 3386 3386 3206 3197
30194 0 7722 2758 2758 13077 13065
23606 0 4877 331 331 4187 4176
32247 0 4877 88 88 807 797
30622 0 2318 44 44 731 609
26982 0 2318 2224 2224 22001 21871
9320 0 2318 3 3 1555 1429
26224 0 2318 2378 2378 17333 17204
18713 0 2318 18 18 743 620
38875 0 2318 145 145 5502 5374
3443 1 12083 2 1 2 1
13887 0 3443 14644 14644 24453 24441
18271 0 3443 9 9 464 454
4423 0 24850 5642 5642 11393 11392
1038 4 13190 294 120 1 1
1038 4 40447 198 39 3 3
1038 4 33781 237 73 1 1
1038 4 31677 98 6 1 1
1038 4 7455 239 73 3 3
23751 4 8080 30 26 67 67
8080 4 23312 242 239 99 99
25625 5 2176 1 1 1210 1109
24036 5 2176 52 52 19510 19404
18415 5 2176 7 7 3246 3142
29637 0 28168 1300 1299 5522 5517
17924 0 7315 678 678 7454 7449
13300 0 11301 34669 34669 40058 40047
13300 6 14769 515 512 665 664
25115 0 11301 40072 40072 40734 40722
20438 0 11301 8798 8798 16493 16484
37862 0 11301 6651 6651 17844 17834
34851 4 31118 27 26 2 2
40242 0 24346 36369 36369 37644 37641
26644 1 4985 1 1 2 1
26644 1 16054 2 1 2 1
8110 0 12168 4449 4449 18970 18933
36165 0 12168 285 285 2058 2022
22455 6 27199 10643 10643 2963 2963
7288 1 36878 1 1 1 1
19322 5 7288 182 182 32236 32221
40768 0 1784 1069 1069 39340 39293
15769 0 1784 30541 30541 39751 39703
40438 0 1784 418 418 10184 10139
40839 0 1784 72 72 36215 36169
27441 0 25270 6271 6271 4289 4288
25270 0 6354 31147 31147 34709 34706
12380 1 20717 4 1 2 1
3729 0 20717 38 38 140 129
176 1 25906 2324 2323 6955 6952
25906 1 176 6955 6952 2324 2323
40769 0 10981 8007 8007 38349 38348
24894 0 7247 409 409 2762 2753
27000 0 7247 463 463 10097 10087
17047 0 13439 16838 16838 22711 22711
40770 0 3005 3555 3555 37584 37570
12076 1 3005 2 1 5 1
12740 4 40747 40580 40580 27531 27531
16545 1 14634 1 1 6 1
4313 1 3457 7 1 3 1
1482 0 13752 23 23 9 9
1482 1 35255 5 1 2 1
11251 1 13752 2 1 2 1
28721 1 22741 1 1 1 1
28721 0 15897 6 6 5 3
3761 0 8987 12940 12940 15616 15616
8987 3 23784 32511 32511 21652 21652
7280 1 26118 2 1 1 1
28912 1 26118 2 1 2 1
38386 0 1904 5 5 29 27
6607 1 11157 1 1 2 1
637 6 31616 5701 5657 105 105
637 6 39715 2351 2309 17 17
637 6 14054 73 34 2 2
637 6 39536 23683 23638 4117 4117
637 6 23571 2508 2465 23 23
637 6 40404 911 871 13 13
637 6 29851 986 945 19 19
5767 4 21704 32 14 1 1
3432 4 7926 18443 18441 14473 14473
3509 0 3407 499 499 2498 2494
13238 0 3407 1158 1158 2334 2331
26647 1 3407 1 1 3 1
24287 1 17938 2 1 3 1
36533 9 24287 1 1 1 1
17939 1 17938 1 1 1 1
9673 1 8487 116 113 12 9
7998 1 9673 3 1 3 1
8487 1 7998 3 1 4 1
3814 1 3548 4 1 1 1
23744 0 296 223 223 7375 7225
21505 0 296 211 211 4904 4755
7397 0 296 1 1 141 3
10506 0 296 4 4 170 26
38028 0 296 1 1 145 4
12013 0 296 27 27 2326 2178
15119 0 296 2 2 484 338
36945 0 296 29973 29973 38226 38074
36798 0 51 1079 1079 12316 12123
38369 0 51 3394 3394 20256 20058
40705 0 51 1182 1182 39459 39257
20387 0 51 476 476 15294 15099
40810 0 51 1152 1152 39714 39511
27837 0 51 150 150 1348 1156
5886 0 51 1420 1420 18859 18662
20051 1 20050 2 1 1 1
20861 1 5558 2 1 3 1
26868 0 6233 24 24 56 47
26868 1 5872 2 1 4 1
37434 0 917 30559 30559 38121 38118
25228 0 917 30835 30834 34264 34262
20402 0 16155 12267 12267 13418 13417
30004 0 2482 8 8 284 275
18986 0 2482 474 474 808 798
39024 0 29467 15667 15666 15353 15352
38724 0 29467 23229 23229 26667 26665
36561 5 129 5 5 3817 3772
1583 0 129 6185 6185 7960 7951
406 1 1287 2 1 11 1
23997 1 406 2 1 1 1
18173 1 1287 1 1 2 1
40882 0 1287 2826 2826 38749 38709
332 0 1287 4 4 67 29
18612 4 33576 57 36 3 3
18612 4 19325 26 8 4 4
12266 4 18612 8 2 41 41
5940 0 532 1 1 67 2
1521 0 532 1 1 85 7
40279 0 532 1 1 65 2
30426 0 532 1 1 82 5
15231 0 532 1 1 79 4
40771 0 10613 4512 4512 39274 39263
29184 1 22723 2 1 2 1
29184 1 30903 3 1 1 1
6386 0 26454 9980 9980 14284 14280
3277 1 37105 1 1 1 1
31630 0 33081 35507 35507 26706 26705
33081 0 3606 7739 7739 19419 19406
1354 1 1353 2 1 6 1
4940 6 40772 40000 39998 2067 2067
4385 0 4940 307 307 10157 10146
29446 0 4940 772 772 1298 1288
24366 1 7539 1 1 1 1
9683 6 40773 40125 40124 19913 19913
40773 0 2732 18823 18823 40619 40616
33864 0 13576 15629 15629 12563 12558
28351 1 685 1 1 1 1
35900 3 685 1 1 4 1
8053 1 32295 1 1 2 1
35212 0 8053 266 266 3297 3295
8643 0 1819 185 184 1788 1782
7117 1 8643 3 1 2 1
24594 5 1819 1 1 1647 1608
3210 5 1819 11 11 3586 3546
27467 0 31416 15678 15678 27869 27867
464 1 3675 1 1 4 1
3675 1 12232 5 1 2 1
3675 1 19310 7 1 2 1
4006 1 7203 3 1 2 1
1307 1 11050 1 1 1 1
10097 6 15251 9625 9625 15382 15382
21168 1 10097 1 1 2 1
23083 0 26718 18961 18961 13780 13780
21673 0 26120 20120 20120 21579 21578
26120 0 6426 2 2 11 3
24650 0 27939 25607 25607 33977 33973
38457 1 9568 1 1 2 1
27178 0 2497 1211 1211 3704 3610
31174 0 2497 537 537 6003 5907
19058 0 2497 5 5 1291 1198
23035 0 2497 10651 10651 30891 30792
5147 0 2497 24840 24840 37425 37325
5305 1 1 1 1 1 1
29442 1 5305 3 1 4 1
12784 4 1630 1412 1407 482 482
12784 4 5463 2395 2389 1453 1453
25315 1 20655 1 1 1 1
8198 0 20655 581 581 1035 1031
20655 1 5129 3 2 5 1
931 0 2275 6588 6588 14054 14021
11433 0 2275 20521 20521 25310 25276
14758 0 9787 9194 9194 22472 22453
36898 0 1686 170 170 3214 3206
40774 0 16369 11091 11091 37624 37619
17226 1 10110 1 1 1 1
27870 2 2023 7 7 1980 1930
18478 2 2023 8 8 6729 6676
11490 2 2023 64 64 4832 4780
20278 2 2023 44 44 16487 16433
16554 1 29212 3 1 2 1
29212 0 34093 24318 24318 7102 7102
36825 0 20796 7 7 91 86
5335 5 9988 1694 1694 20404 20402
29725 5 9988 307 307 32346 32343
1864 4 39744 142 63 1 1
1864 4 12986 186 106 14 14
1864 4 9221 135 58 1 1
1864 0 1703 1 1 1 1
12378 1 3604 2 1 2 1
9895 1 13428 5 1 1 1
15667 1 15666 1 1 1 1
2507 3 4435 4367 4366 3523 3523
6789 9 2507 1 1 2 1
16918 1 2507 3 1 8 1
20071 4 20803 9 4 5 5
20849 1 14778 1 1 1 1
13053 1 24622 1 1 4 1
40284 1 24622 1 1 3 1
19366 0 20234 7478 7478 7355 7353
26315 0 19366 254 254 2581 2574
35882 2 2524 9038 9037 38172 38127
33234 2 2524 2 1 209 168
40939 2 2524 33 33 37675 37631
8199 0 15331 53 53 234 232
19502 1 12706 2 1 1 1
11732 1 7659 2 1 6 1
29649 0 11732 10096 10096 21419 21411
7659 1 7279 3 1 1 1
12815 4 27688 94 72 4 4
12815 4 20570 218 195 2 2
26871 0 2084 3304 3304 4385 4385
4955 6 15531 3 2 8 5
8178 1 11153 1 1 1 1
2181 6 20785 3101 3083 37 37
2181 6 11583 1704 1687 35 35
23792 0 30977 1824 1824 12554 12549
4102 4 38587 480 470 4 4
40775 0 35896 13621 13621 40226 40225
6696 1 21296 2 1 2 1
21295 1 6696 1 1 3 1
8023 1 21296 3 1 3 1
3303 0 10707 2622 2622 17257 17231
17408 0 4099 10 10 416 415
23226 0 34449 2159 2159 2397 2396
4136 1 4135 4 1 1 1
39465 0 16668 25394 25394 38507 38503
16257 0 23562 17724 17724 30348 30343
4227 6 32367 1510 1507 286 286
40607 0 4227 3922 3922 40566 40563
16679 1 16678 1 1 1 1
1122 9 23212 2 1 1 1
23212 0 2918 1613 1613 5514 5435
7532 1 7531 5 1 2 1
29273 1 14570 1 1 3 1
5949 0 3779 1626 1626 3422 3370
8913 0 3779 17222 17222 29649 29594
23795 2 2580 1 1 45 6
9939 2 2580 1 1 46 6
20115 2 2580 1 1 39 3
36622 2 2580 1 1 47 6
15250 5 2644 4 4 1223 1207
4951 1 5069 1 1 4 1
7948 1 8993 3 1 1 1
3755 1 18943 2 1 1 1
18943 1 30961 2 1 2 1
17857 1 11523 2 1 3 1
6924 4 37669 495 480 12 12
6924 4 25551 219 205 13 13
30696 4 40310 11092 11092 2649 2649
5259 0 9217 9982 9982 13753 13745
28032 0 5259 4297 4297 8647 8639
20159 4 23395 31927 31925 35805 35805
17347 4 20159 724 720 105 105
3882 4 10151 8473 8473 13907 13907
8811 0 2340 25472 25472 14850 14848
32387 0 8811 26982 26982 39340 39337
35192 0 2340 37100 37100 31734 31731
19066 6 13595 38290 38284 37909 37909
2887 0 2938 26 26 132 129
2887 1 7436 3 1 3 1
15497 1 2938 1 1 2 1
25015 4 28828 35538 35538 35146 35146
21810 4 25015 1002 993 24 24
3850 0 160 1430 1430 14616 14576
15553 0 160 2231 2231 6211 6173
17933 0 160 4208 4208 21687 21646
30234 0 2731 45 45 586 559
46 0 14274 11952 11952 26301 26295
14834 1 16497 3 1 2 1
14834 1 8390 2 1 5 1
14834 1 5110 4 1 11 2
40922 0 14834 920 920 38724 38719
11673 1 5110 1 1 6 1
29358 0 2687 1 1 37 2
8288 0 2687 1 1 25 1
33791 0 2687 1 1 13 1
33543 0 40596 39923 39922 21817 21817
172 4 7119 21775 21774 25396 25396
35331 5 172 1 1 1034 689
28580 5 172 90 90 18780 18422
18603 5 172 2 2 4079 3730
36972 5 172 1 1 615 273
78 5 172 1 1 670 326
33614 5 172 3 3 6830 6478
35822 5 172 1 1 654 311
39121 5 172 4 4 8501 8148
22074 5 172 36 36 19330 18971
20314 5 172 1159 1159 36815 36454
1118 5 172 7 7 4074 3726
21326 1 23555 5 1 4 1
2173 6 38083 16 6 2 1
2173 6 18659 274 262 8 8
33947 4 39713 20316 20316 8354 8354
18377 3 4166 2 1 4 1
34858 0 18783 12478 12478 17101 17100
3968 1 5813 1 1 7 1
11261 1 5813 1 1 6 1
5813 1 31835 21 14 2 1
36714 0 38851 10430 10429 9677 9677
30857 0 30511 26491 26491 29557 29556
1365 1 15439 1 1 2 1
39987 0 81 278 278 5677 5630
36104 0 81 1 1 57 11
5785 0 26217 413 413 500 497
19380 0 26217 2998 2998 8430 8426
6787 1 26217 4 1 1 1
16634 0 9747 15805 15805 27213 27197
36078 1 7833 1 1 1 1
32975 0 9558 14275 14275 16521 16521
32975 1 32002 1 1 1 1
22353 1 15922 2 1 1 1
1604 1 6991 2 1 3 1
2547 1 14925 1 1 2 1
14212 0 14737 455 455 2911 2899
4130 0 3621 212 212 1060 1053
24323 0 3621 40529 40529 40922 40914
3621 0 9758 6245 6245 11874 11855
10319 4 33522 162 146 3 3
27683 1 39142 1 1 1 1
16503 1 110 1 1 2 1
40776 0 5310 5218 5218 40041 40031
25496 0 5310 3 2 411 402
1913 6 25274 2681 2676 810 809
33711 5 19257 2 1 8 1
32197 1 22383 1 1 1 1
23062 1 12031 1 1 2 1
26578 0 239 6808 6808 29003 28743
19936 0 239 2057 2057 31543 31281
40929 0 239 9 9 36351 36086
24226 0 239 112 112 2291 2045
20767 0 239 615 615 8297 8048
19429 0 239 3177 3177 27276 27018
32842 0 239 1071 1071 33637 33374
34670 0 239 597 597 9821 9571
23758 0 239 175 175 9920 9668
13023 0 239 2905 2905 13488 13234
16182 0 239 235 235 6154 5906
17401 0 239 1318 1318 18187 17932
34239 0 239 10415 10415 27600 27341
2069 1 15760 6 1 2 1
22182 1 3014 3 1 2 1
31096 1 15639 3 1 3 1
15639 1 29383 6 1 2 1
15639 1 207 4 1 2 1
13398 0 71 2408 2408 5579 5516
2736 4 13398 6327 6278 8885 8885
13398 4 7720 240 233 39 39
20939 0 2215 113 113 1317 1312
7946 1 1765 1 1 2 1
1947 0 1249 1131 1131 2868 2823
22728 1 16506 1 1 3 1
34810 9 22728 1 1 1 1
3254 0 2886 1926 1926 11647 11639
18890 4 37812 30154 30151 29535 29535
18890 4 28071 151 149 15 15
24803 4 28831 690 689 433 433
12939 1 23279 3 1 1 1
13702 1 12070 5 1 2 1
27600 0 7589 33486 33486 39387 39378
24117 1 1225 1 1 1 1
1110 0 20337 27926 27926 24287 24282
40926 0 20337 5314 5314 38208 38201
354 4 36395 642 639 21 21
24159 0 12803 5661 5661 7242 7242
26948 2 3620 12 12 8040 8015
37272 0 7800 6108 6108 29120 29109
23037 4 3762 13624 13622 12407 12407
33783 2 1326 72 72 5310 5173
22501 2 1326 1 1 169 36
31495 2 1326 2 2 1555 1419
19086 2 1326 6 6 687 553
38740 2 1326 3 3 1350 1215
38719 2 1326 1103 1103 20668 20530
36238 0 1326 130 130 2553 2539
18160 0 1200 11 11 60 60
23552 1 10327 3 1 3 1
40037 0 19153 10799 10799 33588 33586
33552 0 40037 27688 27687 12658 12658
7751 0 3712 402 402 222 215
7196 0 3712 16054 16054 20260 20251
28826 1 3712 2 1 7 1
26351 6 25426 31480 31480 31863 31863
17946 0 26351 25787 25787 17345 17341
10124 0 25426 14891 14891 22042 22038
6974 6 17672 13460 13459 7270 7270
19506 1 15393 2 1 1 1
32325 0 17590 28261 28261 27276 27269
40778 2 26169 972 972 39929 39929
36197 4 29170 2730 2730 2258 2258
1264 1 22448 4 1 1 1
40779 2 1646 508 508 39892 39849
40782 2 1646 104 104 30606 30565
40780 0 379 3616 3616 39819 39801
40828 0 379 1269 1269 37175 37158
14490 1 12757 1 1 4 1
34243 0 1244 1 1 299 21
12545 0 1244 1 1 302 23
28964 0 1244 53 53 3871 3581
4871 0 1244 1 1 339 57
17807 0 1244 83 83 2563 2274
14487 0 1244 1 1 309 28
40781 0 4921 3792 3792 38638 38635
9372 1 1508 1 1 1 1
2261 4 19476 59 43 7 7
2261 4 18565 41 26 6 6
5771 4 39949 55 47 3 3
13951 1 3521 5 1 5 1
18299 1 274 1 1 5 1
15954 1 34113 4 1 1 1
17141 0 21055 211 211 813 810
13878 1 26428 4 1 1 1
35918 0 391 1 1 59 56
39002 1 39001 1 1 1 1
4532 1 26446 1 1 1 1
11891 5 16320 192 192 15412 15399
13955 1 11289 1 1 3 1
1592 1 17240 6 1 1 1
15523 0 2604 3266 3266 22619 22578
36776 0 2604 3271 3271 7393 7357
40872 0 2604 1350 1350 35737 35695
6989 0 2604 24496 24496 18248 18208
38136 0 2604 1140 1140 12010 11972
31426 1 2604 2 1 8 1
12623 1 6107 1 1 4 1
22297 1 8322 3 1 2 1
21592 1 22297 2 1 2 1
4547 1 21674 7 1 4 1
32040 1 4547 2 1 9 1
7982 1 20572 1 1 1 1
7983 3 7982 2 1 2 1
31376 2 743 3 3 432 326
32748 2 743 49 49 10250 10141
36118 2 743 21 21 5271 5163
743 6 9450 103 102 37 37
39780 0 2807 204 204 3398 3394
4722 0 2807 381 381 287 284
35415 0 2807 1148 1148 5213 5208
15011 0 1542 11466 11466 24823 24802
10421 1 10420 4 1 2 1
26009 0 265 15 15 736 479
9536 0 265 1 1 342 87
15205 0 265 1 1 126 6
36270 0 265 1 1 490 234
39375 0 265 1 1 840 581
12974 0 265 191 191 3479 3217
25076 0 265 7 7 1424 1164
19351 0 265 9 9 836 578
11480 2 1534 23 22 2073 2066
40783 0 4407 12629 12629 40083 40083
4407 1 39995 6 1 1 1
8464 1 8424 1 1 3 1
23763 1 3300 1 1 7 1
24479 1 23586 4 1 2 1
28656 0 21 18 18 974 907
38617 0 21 1 1 68 3
39259 0 21 7535 7535 19060 18992
6493 0 3567 1609 1609 13190 13188
21912 0 22347 1857 1857 4980 4979
24178 1 9908 5 1 1 1
22121 0 351 1 1 125 5
25316 1 746 3 1 2 1
3063 1 4791 6 1 3 1
11495 0 4791 2914 2914 7764 7750
36889 0 883 1 1 263 48
22017 0 883 11 11 2806 2583
39078 0 883 11 11 1291 1070
7495 0 883 27 27 1334 1112
7498 0 883 5 5 314 96
36527 0 883 1 1 338 119
31583 0 883 9 9 868 648
40784 0 14144 144 144 31598 31580
3408 6 8243 72 2 9 8
3408 6 8940 6126 6050 12 12
3408 8 38801 20707 20641 118 118
3408 8 28506 393 328 6 5
10233 4 38705 2837 2823 265 265
36048 6 18704 7688 7688 11573 11573
1046 7 36048 6236 6119 1 1
1962 1 1961 4 1 2 1
11585 3 21329 4 1 2 1
32391 1 11972 1 1 1 1
31739 4 18679 2279 2277 56 56
26785 1 7703 1 1 5 1
20520 1 6788 3 1 2 1
11565 1 37185 4 1 1 1
11565 1 12441 8 1 1 1
29689 1 11565 1 1 9 1
19922 0 8858 12201 12201 25523 25512
15795 6 39521 2237 2237 7399 7399
840 8 19493 15 3 3 1
840 8 36647 114 101 2 2
840 6 30428 2604 2591 457 457
26662 0 7523 3311 3311 2661 2658
26756 0 9311 5434 5434 5993 5982
12636 1 24788 5 1 1 1
20784 1 387 23578 23577 22273 22273
387 1 20784 22273 22273 23578 23577
12153 3 19756 2 1 1 1
13239 0 284 13 13 651 425
34758 0 284 1 1 226 8
35142 0 284 1 1 232 12
33324 0 284 1 1 180 1
24884 0 284 1 1 220 6
39131 0 284 1 1 260 37
26984 1 38840 2 1 1 1
9435 1 13227 3 1 6 1
5449 0 9435 16 16 69 68
31592 1 13227 1 1 10 2
23798 1 23297 15783 15780 23482 23481
21935 1 23297 1 1 1 1
4425 0 9880 3 3 17 8
17011 3 17169 3 1 5 1
7442 1 23836 3 1 2 1
7442 0 12505 3227 3227 4838 4830
23836 1 3274 3 1 3 1
17432 1 30826 1 1 1 1
11988 4 31236 1097 1096 3423 3423
31236 4 34496 21 20 1 1
1444 0 9048 27455 27455 25285 25264
5768 0 1444 161 161 952 917
39440 0 1444 11332 11332 22681 22645
20898 0 9048 15885 15885 18062 18043
2408 0 9048 76 76 176 161
33742 0 9048 3971 3971 9986 9970
38351 0 9048 10402 10402 21645 21625
6375 1 8324 1 1 1 1
37317 0 6230 17200 17200 23619 23618
10713 4 2207 443 438 1479 1479
40786 0 1672 794 794 33891 33856
40892 0 1672 1957 1957 34899 34863
28472 5 10737 464 464 12941 12938
10737 6 27038 1200 1196 516 516
21537 0 1027 1 1 167 16
35194 0 1027 6 6 219 66
39579 4 25695 14936 14936 1619 1619
12699 0 2137 1 1 19 8
27906 0 19986 20302 20302 20498 20495
19986 1 16852 2 1 3 1
30297 1 3771 2 1 3 1
39950 0 2362 5 5 71 69
16469 0 178 15 14 980 969
34721 0 178 96 95 3660 3648
9225 0 178 33552 33552 37206 37193
31063 0 2110 1 1 419 227
38241 0 2110 231 231 7764 7570
31237 0 2110 1 1 215 29
5590 0 2110 13 13 434 241
7272 1 33016 1 1 3 1
17837 0 7272 268 268 272 271
36109 1 33016 1 1 1 1
33016 1 33015 2 1 1 1
39272 0 12035 1 1 14 5
11022 6 27914 354 347 14 14
40787 0 5243 5500 5500 39612 39607
3741 1 18271 1 1 1 1
40788 2 593 874 874 40150 40123
27944 2 593 126 125 10225 10200
9102 2 593 169 167 6074 6050
40548 0 16045 12342 12341 20950 20949
758 1 10360 3 1 6 1
10360 1 10359 2 1 1 1
3223 0 3161 1109 1109 2642 2606
5881 1 18355 2 1 1 1
38969 0 16196 32874 32874 32923 32923
29347 0 1461 5023 5023 21232 21219
1650 1 16394 32979 32971 35364 35364
1650 1 16302 7 1 1 1
40174 1 1650 3329 3329 22221 22214
9952 1 37466 5 1 1 1
2245 0 2918 197 197 1193 1117
2245 1 2244 3 1 3 1
14233 0 2918 1426 1426 9109 9028
1079 0 2918 223 223 2072 1995
32727 1 24872 2 1 2 1
39701 0 5987 27345 27345 38957 38957
15176 1 18854 3 1 3 1
18854 0 7016 21791 21791 19821 19819
24327 0 3027 13181 13181 34046 33993
14366 0 24327 5952 5952 3071 3071
23190 1 13002 2 1 4 1
5729 1 20226 1 1 1 1
20226 0 13887 4 4 34 29
8274 1 8999 2 1 4 1
18181 1 8274 1 1 3 1
9428 1 8999 2 1 6 1
8511 1 31347 2 1 1 1
21811 0 278 4 4 557 376
33666 0 278 1 1 174 6
21874 0 278 6 6 262 82
29143 0 278 1 1 184 10
18106 0 278 1 1 187 11
39291 0 278 3 3 211 33
37756 0 278 1 1 232 53
511 0 15897 20632 20632 27661 27658
15736 0 1677 9568 9568 28749 28691
829 0 1677 1 1 330 276
27621 0 1677 2724 2724 35154 35095
29445 1 1550 2 1 4 1
18936 4 39578 1627 1626 84 84
34932 2 14540 3 2 306 302
647 1 6311 7 1 1 1
33210 6 17250 13221 13221 18594 18594
9637 5 1981 15 15 3720 3667
21619 5 1981 39 39 6323 6269
11643 3 3908 5183 5182 1591 1591
30998 1 7774 2 1 2 1
30998 1 2447 1 1 2 1
16669 2 916 2 1 112 26
8577 2 916 2 1 500 354
18018 2 916 2 1 129 32
35944 2 916 2 1 334 192
9258 2 916 2 1 163 49
34189 2 916 2 1 161 48
21737 0 2589 1237 1237 3380 3363
40303 0 2589 1188 1188 14362 14344
3167 1 6502 6 1 4 1
17014 2 3167 2 1 24 3
7204 1 3167 2 1 4 1
32383 0 427 1 1 73 6
13521 0 427 2 2 110 40
11437 0 427 6100 6100 16625 16553
16023 0 4958 10 10 196 194
5777 4 4318 17 6 2 1
5144 4 4318 8 5 7 5
4318 6 27523 375 371 28 28
19086 6 12484 6 3 11 8
12201 4 22304 491 485 36 36
10786 1 14577 1 1 3 1
20175 0 7143 2275 2275 6482 6476
1205 1 23424 3 1 2 1
35226 0 37189 891 889 1180 1178
19169 1 25362 2 1 2 1
14940 1 12227 2 1 1 1
12227 1 13800 3 1 3 1
2813 0 3170 5732 5732 10213 10213
3170 1 3169 2 1 1 1
35238 1 8601 1 1 2 1
36661 1 39486 2 1 1 1
17745 5 774 92 92 19495 19356
17745 2 1137 118 118 13280 13173
37417 5 774 1 1 119 2
29963 5 774 1 1 56 1
40735 5 774 44 44 32946 32806
23613 4 28865 239 235 1 1
24660 4 23613 167 164 62 62
6782 5 5167 480 480 27125 27106
34227 5 5167 1286 1286 39911 39891
5167 6 27267 9008 9007 213 213
40789 0 25921 39041 39041 40695 40695
18492 6 36549 230 229 20 20
864 1 14562 2 1 1 1
32699 0 14562 9741 9741 21351 21340
4521 1 25708 6 2 1 1
10559 1 10558 1 1 1 1
3083 0 26431 798 798 1993 1988
5974 0 9758 28181 28181 37712 37690
4522 0 9758 6646 6646 12264 12244
12683 0 9758 4946 4946 12603 12582
19 0 29519 36 36 15 13
38094 4 40790 40907 40907 37533 37533
36200 0 5055 31930 31929 30918 30918
204 1 3048 6 1 1 1
32488 1 204 2 1 2 1
40791 0 11084 15629 15629 38031 38013
33754 1 5275 1 1 2 1
32 4 32392 156 139 4 4
32 4 24489 138 122 1 1
12319 4 14836 6 1 3 3
27811 2 10916 4 3 452 447
30475 0 10916 9670 9670 4291 4291
15792 0 3763 18178 18178 21187 21182
8019 1 30805 5 1 2 1
2949 1 8019 4 1 4 1
30805 1 16646 10 8 9 5
35060 0 5892 9 9 952 945
11125 4 10606 28182 28182 24372 24372
25276 1 3926 1 1 3 1
13830 1 6490 178 172 234 234
13830 1 7308 6 1 2 1
6490 1 13830 234 234 178 172
1366 0 29 7 6 14 7
29 1 11186 2 1 1 1
6226 1 29 1 1 3 1
19987 4 11397 2583 2581 2278 2278
4506 1 9454 4 1 2 1
6037 0 39187 13894 13894 11477 11475
39187 0 11100 59 59 602 585
2381 2 12273 1 1 32 1
7324 2 12273 1 1 48 1
6513 0 650 493 493 2176 2135
37308 0 650 6455 6455 17995 17953
40792 0 9525 3219 3219 36761 36757
30839 1 10851 1 1 1 1
21181 5 232 16 15 1632 1623
11205 5 232 16 16 11307 11297
24984 0 232 36467 36467 38456 38450
38752 0 728 17248 17248 31713 31706
8716 6 31315 969 969 988 988
24013 1 23715 1 1 4 1
36734 5 985 1 1 244 180
7458 5 985 603 603 21359 21291
12641 0 39 1 1 295 94
7396 0 39 2 2 203 7
21862 0 39 103 103 2095 1887
21561 0 39 6 6 657 453
13466 0 39 1 1 199 6
17532 0 39 1 1 464 261
18621 0 39 1 1 107 2
1398 0 19101 22637 22637 28751 28749
13758 1 29291 2 1 4 1
4555 0 1115 823 823 3930 3921
39750 6 18050 30064 30064 29748 29747
11789 1 24319 1398 1398 2410 2409
24319 1 11789 2410 2409 1398 1398
7072 1 9237 7 1 2 1
13503 1 7072 2 1 3 1
25660 5 4520 7 7 527 523
38151 0 7155 149 149 6109 6104
4453 6 7580 33294 33288 2676 2676
7580 0 34614 10090 10090 31396 31395
26183 0 11186 2813 2813 9803 9800
35764 0 14617 26843 26843 36885 36884
4608 0 3699 694 694 1557 1538
40827 0 3699 1296 1296 37127 37106
8852 0 7403 31285 31285 32556 32551
8176 1 8852 3 1 2 1
193 6 27058 63 10 2 2
193 6 11869 44 1 5 5
193 6 18878 68 14 1 1
19842 4 22836 4549 4544 2647 2647
21930 1 21045 1 1 1 1
21930 0 12252 835 835 1013 1007
5745 1 14074 2 1 2 1
26613 1 9037 2 1 3 1
9037 0 3099 4348 4348 4350 4349
7396 4 28775 136 121 7 7
24578 3 23111 1 1 1 1
21061 1 25626 1 1 1 1
24011 0 12474 616 616 5144 5142
13829 1 16710 3 1 1 1
4185 1 13829 1 1 2 1
13829 3 25284 2 1 1 1
12211 0 6042 595 595 5052 5042
13978 1 2276 1 1 4 1
39294 4 26572 11709 11709 33077 33077
33294 0 3229 2005 2005 12679 12670
8108 0 3229 29860 29860 38082 38072
3229 1 22044 4 1 1 1
6633 7 40129 23184 23173 7 7
6633 7 12050 8926 8916 1 1
16200 0 1852 18015 18015 27891 27841
16201 1 16200 2 1 3 1
19710 6 10760 619 618 53 48
32734 1 3419 1 1 1 1
4779 1 14955 2 1 2 1
3716 1 1998 1 1 4 1
40577 0 3716 976 976 31242 31228
31620 0 3716 6961 6961 5164 5152
28941 0 3716 11554 11554 12866 12853
17519 0 3716 4344 4344 1996 1985
9620 0 3716 1 1 14 4
2915 1 12159 3 1 3 1
522 1 21041 3 1 2 1
522 1 13953 4 1 5 1
522 0 16646 4385 4385 1285 1285
32701 0 522 1 1 19 7
31153 0 36722 9861 9861 11829 11827
36722 0 1474 28978 28978 35526 35511
7592 1 9560 3 1 1 1
2035 1 8589 4 1 4 1
25494 1 8589 1 1 2 1
4666 1 4665 4 1 2 1
4665 0 6717 3562 3562 4656 4654
6144 1 19664 1 1 2 1
28456 2 1773 1 1 52 13
28456 6 22320 1290 1288 33 33
5443 2 1773 1 1 43 5
18213 1 18982 2 1 2 1
18716 0 37537 11880 11880 4799 4797
6882 9 10563 1 1 1 1
40794 0 32275 30421 30421 40829 40828
19296 1 6611 1 1 2 1
16065 0 36140 405 405 671 668
40829 0 16065 10126 10126 40625 40624
32071 1 23898 2 1 2 1
37285 0 184 1 1 330 31
39009 0 184 416 416 7432 7129
3395 0 184 1 1 305 12
32164 0 184 1 1 277 6
34310 0 184 1 1 115 1
39279 0 184 1 1 130 1
11281 0 184 1 1 252 5
30773 0 184 1 1 180 3
15734 0 184 1 1 293 10
5209 0 184 1 1 356 54
16507 0 184 1 1 311 13
40030 0 184 1 1 309 13
1190 6 31657 23 11 1 1
1190 6 39319 58 45 2 2
17492 1 20700 2 1 1 1
16074 0 18268 1 1 7 2
21289 0 18268 4 4 14 8
14746 1 23603 5997 5996 3472 3470
7078 6 36019 18065 18065 6427 6427
7486 0 7078 199 199 191 183
4225 1 13633 4 1 1 1
4225 1 11780 1 1 2 1
754 1 2375 4 1 2 1
1823 7 36030 22570 22569 668 667
6054 0 4123 6830 6830 32137 32102
6054 3 1296 17510 17508 32173 32172
3215 0 7911 7 7 71 68
6678 1 7911 1 1 1 1
16802 1 8850 1 1 1 1
1076 1 1075 9 1 2 1
1076 1 27277 7 1 1 1
18470 1 18469 1 1 1 1
7673 1 10866 2 1 1 1
7673 1 8629 1 1 2 1
8644 1 14101 4 1 1 1
493 0 1629 1626 1626 10334 10322
2736 4 26470 50 9 2 2
2736 4 34726 55 13 1 1
2736 4 35146 3198 3150 152 152
2736 4 33515 67 21 3 3
35179 0 19119 10628 10628 19144 19143
13379 4 19119 12982 12979 17847 17847
28508 2 3843 9 7 858 830
40099 2 3843 60 59 19022 18993
9537 1 3843 1 1 1 1
25746 0 11870 8531 8531 10690 10690
26637 6 24424 18625 18625 20486 20486
15305 5 2978 3 3 284 217
10135 5 2978 847 847 34611 34541
14631 0 3275 34014 34014 34130 34124
1043 1 14631 4 1 5 2
39736 1 21554 1 1 2 1
39736 0 4427 5145 5145 14348 14326
8260 0 7895 31 31 16 12
16624 0 8260 7737 7737 16451 16449
36792 1 37816 1 1 1 1
40796 2 3317 44 44 38213 38180
11856 1 2643 1 1 1 1
8104 1 4274 4 1 1 1
8104 1 12438 5 1 1 1
9749 1 13574 3 1 2 1
40797 0 19420 6779 6779 39977 39975
24056 0 9777 16754 16754 25068 25067
12866 6 7036 573 573 395 395
19409 4 36350 19500 19500 24334 24334
28857 0 706 87 87 1273 1260
19163 0 18538 4865 4865 15946 15943
16614 1 25570 4 1 1 1
16614 1 8351 3 1 1 1
24052 1 24051 1 1 1 1
29706 4 499 3987 3987 5075 5075
34810 0 17502 26302 26302 25895 25895
40798 0 38876 8002 8002 38016 38016
26283 6 40443 37784 37784 29300 29300
32794 0 18895 2132 2132 12347 12339
3034 2 1137 1 1 109 4
19442 2 1137 1 1 106 2
26122 4 31544 68 62 4 4
17880 1 20417 2 1 2 1
3499 1 20417 2 1 1 1
20434 0 21190 10707 10707 11058 11057
13327 6 22210 139 139 852 852
40799 0 5636 25100 25100 40725 40725
14768 6 24252 133 132 78 76
9578 0 473 26172 26172 33193 33190
20196 1 21248 1 1 2 1
21248 9 11908 1 1 1 1
6765 1 27335 3 1 2 1
37410 0 27335 2362 2362 4490 4489
12725 1 21889 1 1 2 1
19754 0 4059 57 57 172 169
9461 4 12081 3 2 6 5
8574 0 5381 720 720 2071 2061
8574 1 8573 2 1 1 1
29585 1 8574 2 1 3 1
13699 0 5381 5163 5163 14586 14574
36608 0 123 21836 21836 38441 38432
24094 0 123 18525 18525 23394 23386
516 0 292 1 1 243 5
31393 0 292 1 1 142 3
14242 0 292 1 1 294 44
33413 0 292 832 832 9478 9226
15177 0 292 1 1 250 6
39499 0 292 1 1 244 5
13524 0 292 1 1 246 5
31996 0 292 1 1 257 9
26845 0 292 1 1 227 5
14814 0 292 1 1 241 5
13283 1 2720 3 1 3 1
2720 1 5598 2 1 4 1
34387 1 26855 1 1 2 1
26856 1 26855 1 1 1 1
37173 4 10091 38035 38035 19307 19307
19951 0 20010 6321 6320 13976 13969
40800 0 28344 27469 27469 40560 40559
24652 0 26678 32423 32423 32864 32860
27632 0 31556 7560 7560 7765 7763
8336 6 2824 12401 12401 1151 1151
14255 1 19144 2 1 3 1
20014 0 14262 23 23 796 791
40801 0 16573 6070 6070 39100 39096
2360 1 4933 2 1 5 1
40802 0 39415 40112 40112 40818 40818
30541 0 22903 26572 26572 22218 22217
20618 1 9942 3 1 4 1
38150 0 712 5707 5707 7158 7153
25109 0 7757 6638 6638 24189 24187
40803 0 5646 6679 6679 39866 39862
1003 1 5646 1 1 3 1
35081 1 28378 1 1 2 1
11590 1 29649 2 1 1 1
39026 0 29817 16695 16695 31529 31527
13903 6 32368 2583 2579 3188 3188
30745 1 37402 2 1 1 1
10159 1 38458 4 1 1 1
27696 1 6690 1 1 10 1
28744 1 6690 1 1 2 1
20852 1 6690 1 1 9 1
40885 0 6690 5020 5020 37714 37706
16732 0 10532 29606 29606 32924 32919
6916 0 19429 20642 20642 13908 13908
10276 1 9887 1 1 3 1
4800 1 9900 3 1 2 1
19570 1 4800 1 1 2 1
17182 1 2190 1 1 1 1
4461 0 19310 2094 2094 11866 11858
1046 7 18091 3156 3040 2 2
1046 7 18788 11646 11527 1 1
1046 7 39181 6596 6478 1 1
37226 0 11964 2774 2774 12540 12538
11632 9 24469 2 1 1 1
40699 0 12729 1975 1975 38154 38139
14428 0 772 36919 36919 39874 39864
19055 0 772 93 93 822 813
40710 0 31312 8900 8900 39815 39813
11686 1 5336 7 1 5 1
30852 1 3198 1 1 3 1
29243 0 26808 17717 17717 12076 12076
21449 0 12858 746 746 3257 3253
12857 1 21449 4 1 2 1
3233 1 4145 3 1 2 1
19055 1 19054 1 1 1 1
8310 6 12531 17 8 3 1
7557 1 7633 3 1 2 1
17844 0 7120 35853 35853 40629 40626
1269 1 11040 2 1 3 1
11040 1 14848 5 1 3 1
26676 0 8201 1233 1233 8314 8301
28241 1 7436 1 1 2 1
18458 9 31641 1 1 2 1
31641 3 37842 20262 20261 5965 5965
25873 0 2795 13489 13489 16271 16270
17430 1 14006 1 1 3 1
13991 0 6823 2 2 18 12
19570 1 23428 3 1 3 1
8288 4 37118 51 49 10 10
40805 0 33924 11219 11219 39984 39983
25230 0 6253 10627 10627 15327 15322
15292 3 10198 1 1 2 1
39489 0 11666 22807 22807 32963 32945
39489 1 15557 1 1 3 1
37831 2 11666 6467 6467 35601 35601
15516 1 12820 1 1 2 1
34071 1 12820 3 1 3 1
4175 4 8602 9 4 1 1
24042 1 5537 1 1 1 1
19211 0 4744 21870 21870 30978 30975
31371 0 7474 6532 6532 7347 7340
27812 0 7474 26955 26955 37811 37803
28947 4 15200 1602 1602 3203 3203
18660 6 21000 64 64 54 54
15472 0 25385 23236 23236 14905 14902
12507 0 13404 4972 4972 5343 5338
26342 1 17895 2 1 3 1
2152 1 8496 1 1 3 1
39760 0 574 214 214 5064 5021
40877 0 574 1598 1598 39467 39421
35412 5 11510 40 40 19818 19799
2085 6 10383 15 9 5 5
14202 1 14201 1 1 5 1
1043 1 20085 1 1 1 1
40806 0 6850 544 544 36350 36325
40503 0 9914 6245 6245 33328 33326
14770 1 14307 1 1 3 1
32716 1 17183 1 1 2 1
35390 1 3256 1 1 1 1
4482 4 9719 1556 1552 105 105
20428 0 3527 656 656 7065 7048
3527 6 20663 417 417 13 13
30409 2 35441 35018 35018 33392 33392
11083 1 5302 1 1 2 1
23196 1 10129 1 1 4 1
1066 1 29752 3 1 1 1
40807 0 3538 486 486 39091 39078
22793 0 3538 3 3 21 9
6768 6 24640 15973 15969 17650 17648
6768 6 10205 11485 11482 11168 11168
2869 1 15125 1 1 3 1
29302 0 15125 6204 6204 26132 26130
9588 0 1406 32164 32164 29177 29167
18159 0 17493 367 367 432 426
21497 1 33875 3 1 1 1
20938 1 22485 2 1 3 1
13056 6 39139 37754 37752 17953 17953
23942 0 26928 1406 1406 2556 2554
28004 0 6478 25646 25646 38208 38206
4747 0 22951 1 1 8 4
20860 5 2566 177 177 25228 25211
7590 5 2566 25 25 21889 21873
20768 0 17402 10986 10986 12193 12191
35193 1 20768 1 1 2 1
8572 0 5856 19200 19200 32333 32306
17370 0 5856 6794 6794 30303 30277
31972 0 5856 18748 18748 34203 34175
17380 1 15779 2 1 2 1
27964 0 16186 5048 5048 7100 7094
15981 0 1328 14 14 144 131
26071 1 9303 1 1 3 1
9303 9 21981 1 1 1 1
38768 0 29318 27804 27804 38074 38070
36229 0 18254 2072 2072 17177 17160
1019 4 596 18 6 1 1
1019 4 8780 53 30 1 1
23239 1 15927 3 1 2 1
30477 1 23239 2 1 4 1
21996 6 20017 3908 3906 13592 13592
21996 6 11995 6112 6109 13007 13007
25766 0 22616 14340 14340 23681 23678
9455 0 23399 12873 12873 37465 37459
23000 6 39446 28355 28355 18523 18523
122 1 7516 4 1 5 1
11412 1 19152 2 1 1 1
8803 1 27429 2 1 1 1
15261 0 14295 667 667 569 568
25268 4 21905 34 32 1 1
15504 1 8591 4 1 2 1
8591 1 16989 3 1 1 1
15601 10 15600 1 1 1 1
31927 1 15601 1 1 2 1
34363 5 8522 6155 6155 9323 9323
33641 0 19894 24724 24724 35101 35100
33826 1 19127 1 1 2 1
39523 0 2723 6638 6638 22626 22590
39523 1 21345 1 1 1 1
7540 0 2723 17943 17943 24686 24648
4541 0 2723 23620 23620 22855 22818
28671 0 7444 5348 5347 8974 8971
40808 0 40809 40810 40810 40764 40764
26933 0 1475 2573 2573 4364 4344
35848 0 18654 102 102 681 676
19162 0 18654 199 199 622 618
29185 6 40731 39214 39213 12832 12832
3467 1 3466 2 1 2 1
15345 5 4450 844 844 39623 39617
7117 1 7049 1 1 1 1
32624 6 26608 15673 15672 1079 1079
2269 1 2268 3 1 2 1
30613 0 6961 1 1 5 3
2956 4 29945 12 8 2 2
40706 0 10059 13178 13178 38687 38684
3866 4 38485 1163 1156 60 60
3866 4 24189 1732 1724 1971 1971
9119 0 21826 34412 34412 37218 37218
18389 3 999 36996 36994 39030 39028
999 3 18389 39030 39028 36996 36994
35808 1 32154 19148 19148 16611 16611
37756 4 40810 40883 40883 23043 23043
20583 1 27612 1 1 1 1
1020 0 3141 1 1 52 2
28305 0 3141 1 1 50 2
6564 0 11337 24848 24848 26769 26768
23511 0 15656 22 22 48 22
5394 1 2601 1 1 1 1
19679 0 5394 4623 4623 9625 9618
2004 1 24164 6 1 1 1
2004 0 30642 3234 3234 465 464
25774 1 12289 3 1 7 1
24676 0 24224 5335 5335 7737 7736
23848 1 8714 1 1 2 1
17814 4 3175 23954 23953 15717 15717
17465 1 17464 2 1 1 1
22570 1 22569 1 1 2 1
6630 0 4722 535 535 2060 2051
1142 0 4722 242 242 798 790
23700 1 24343 1 1 1 1
9573 6 3123 38197 38197 37444 37420
15354 6 3123 12062 12062 12904 12882
14853 6 3123 5005 5004 5190 5169
6067 1 28605 1 1 1 1
8474 4 17327 11595 11595 5533 5533
30941 1 3753 1 1 3 1
30941 1 33174 3 1 2 1
11546 0 4442 149 149 2236 2202
6865 4 2298 36 32 34 34
1021 1 207 4 1 4 1
2872 0 17555 37137 37136 32742 32735
268 0 17555 28271 28271 26522 26517
40811 0 2664 1565 1565 34792 34776
40871 0 2664 4209 4209 37767 37750
2664 0 2624 6574 6574 10928 10921
35435 0 12605 729 729 6442 6439
29862 1 29861 1 1 2 1
31789 0 494 3858 3858 10118 10106
22923 0 28916 356 356 93 92
27985 1 27484 1 1 2 1
29410 0 16944 23340 23340 29146 29142
11888 0 36918 4597 4597 3259 3257
37558 2 741 1 1 47 2
28640 2 741 1 1 46 2
9021 2 741 1 1 48 2
22157 3 1791 2 1 2 1
22158 3 1791 3 1 4 1
8471 1 6302 2 1 1 1
32069 0 19823 37097 37097 35037 35035
38790 0 13 15032 15032 31213 31199
19437 1 22294 2 1 2 1
25022 1 32013 1 1 2 1
39553 0 4628 14 14 1180 1171
40833 0 4628 1377 1377 37632 37622
11144 1 2617 1 1 2 1
38399 1 1022 1 1 5 1
10536 1 36694 1 1 1 1
40178 1 1578 2541 2541 10297 10295
40864 0 1578 15857 15857 40152 40146
22410 1 37961 3 1 1 1
15647 4 32971 28194 28194 14690 14690
1708 0 8438 1661 1661 124 123
6124 1 5907 3 1 5 1
8270 1 6124 9 1 2 1
5826 1 10722 1 1 1 1
21697 0 2070 3230 3230 6341 6341
6530 1 22543 3 1 3 1
5932 1 21935 4 1 2 1
28875 3 5192 1 1 1 1
28676 3 28875 3 1 2 1
5178 1 14819 6 1 1 1
21092 0 5178 1805 1805 12722 12694
16318 0 5178 134 134 16747 16718
40918 0 5178 645 645 37012 36982
31349 1 5178 1 1 7 1
27341 1 31627 3 1 1 1
912 0 7047 13405 13405 12695 12682
739 0 912 11979 11979 20295 20284
24031 0 7047 32236 32236 38986 38972
30204 1 7047 5 1 3 1
40812 0 17281 33999 33999 40434 40434
9906 1 36905 5 1 1 1
6743 0 8355 515 515 4724 4701
1538 0 8355 170 170 402 380
35277 1 27784 1 1 1 1
5869 1 26782 6 1 1 1
40813 0 19386 905 905 39633 39631
38378 1 22534 1 1 4 1
31576 0 30844 663 663 3430 3430
10205 1 10204 3 1 1 1
11177 1 37094 5 1 1 1
7045 1 2382 1 1 3 1
21977 5 16419 1064 1064 12185 12178
3364 1 3363 2 1 3 1
3528 0 10834 38931 38931 38942 38939
17960 4 24312 338 334 305 305
27223 1 20426 1 1 2 1
24636 1 6535 2 1 2 1
23949 5 212 1 1 79 51
27657 5 828 9 8 1077 1063
1410 1 24564 8126 8126 4603 4602
3066 0 8076 7756 7756 13190 13182
18215 1 1414 1 1 5 1
10895 1 13973 5 1 1 1
3239 4 39144 106 58 1 1
3239 4 27881 138 89 1 1
3239 4 36428 174 123 1 1
18904 3 17353 2 1 2 1
7935 1 2201 4 1 3 1
17190 1 757 2 1 1 1
1415 1 32170 5 1 1 1
23786 1 2902 1 1 9 1
2029 1 18094 5 1 1 1
553 1 13871 3 1 2 1
24179 1 10508 2 1 2 1
25575 1 10508 1 1 1 1
27360 6 36837 83 83 28 28
31841 0 19545 1948 1948 4188 4187
33840 0 1754 24552 24552 29179 29167
40875 2 1754 638 638 39831 39825
38079 2 1754 1130 1129 18307 18302
40815 0 39071 10187 10187 39283 39281
29342 0 8978 97 97 3729 3713
6890 0 36281 31287 31287 22939 22939
8040 1 21358 36 32 2 1
10520 0 24854 7465 7465 4427 4427
28943 1 243 1 1 1 1
20030 0 13734 18163 18163 21410 21408
4563 0 12505 12 12 9 2
37725 0 23377 1 1 8 3
26865 1 19204 3 1 4 1
20288 6 29915 226 224 69 68
24515 2 20288 97 97 2506 2501
18855 0 2060 3676 3676 7376 7363
26308 5 18855 17 17 5683 5670
24430 0 2060 3379 3379 10034 10020
11475 1 13563 11312 11309 5789 5785
13563 1 11475 5789 5785 11312 11309
14231 0 7944 125 125 687 686
36007 6 17148 10682 10682 16322 16322
13350 0 29456 15008 15008 25882 25882
36696 5 9528 2 1 10 1
19256 5 9528 2 1 9 1
30889 0 33367 5135 5134 4339 4339
26734 0 2288 3801 3801 10494 10492
16979 4 35069 7425 7425 10894 10894
23628 0 2614 24885 24885 33270 33266
39567 0 4694 15 15 751 737
6695 0 32813 10622 10622 7760 7760
15469 0 6418 491 491 5615 5591
34418 1 25064 2 1 2 1
8727 1 8726 3 1 1 1
14189 1 23592 4 1 1 1
35545 1 14189 1 1 5 1
10877 1 11728 5 1 4 1
32814 0 4976 17 17 167 164
4165 3 25845 4 1 1 1
20625 1 7778 2 1 1 1
30076 0 10715 84 84 1415 1412
40816 0 14697 12578 12578 39713 39713
14697 1 31992 5 1 1 1
19191 1 27971 1 1 2 1
13842 0 11910 33814 33814 33977 33976
5985 6 10735 75 68 43 36
12732 3 28417 1 1 2 1
12732 1 26677 1 1 1 1
6204 1 6203 1 1 1 1
40817 0 19840 20933 20933 40701 40698
3387 0 19840 15463 15463 15335 15333
6550 1 2423 2 1 7 1
2423 1 24830 10 1 4 1
2924 4 30666 38 2 2 2
2924 4 2659 55 3 3 3
2924 4 29020 103 29 2 2
2924 4 36766 96 23 1 1
1379 1 25548 3 1 2 1
6265 1 1379 3 1 2 1
18135 3 294 2253 2250 1697 1697
2209 1 24141 4 1 2 1
15500 1 4546 2 1 4 1
15500 1 7996 1 1 3 1
31596 6 8773 5355 5355 14742 14742
40818 0 35587 23502 23502 39786 39786
34338 1 9890 1 1 5 1
14748 1 9890 1 1 6 1
9890 1 12054 7 1 2 1
40819 0 15962 17889 17889 39408 39407
16130 0 10326 19039 19039 30163 30161
40820 0 20319 6843 6843 40011 40010
11212 0 1856 394 394 1439 1425
14579 1 1856 2 1 4 1
28303 3 9776 1 1 3 1
9776 1 9775 2 1 1 1
561 0 5278 478 478 11910 11901
13724 4 995 7726 7725 8646 8646
154 1 153 1 1 4 1
5791 1 11553 2 1 2 1
24115 1 18755 2 1 1 1
28674 0 3041 5718 5718 19841 19834
40821 0 14864 10365 10365 39366 39361
17883 0 18836 27828 27828 35667 35664
40822 0 9367 4364 4364 36878 36856
40930 0 9367 6825 6825 38633 38610
7005 0 9367 43 43 510 490
26765 1 9367 2 1 5 1
2151 0 4180 40246 40245 40426 40424
40823 0 11638 13545 13545 39842 39825
18175 1 18573 3 1 3 1
24724 1 3969 4 1 3 1
3969 0 3582 5755 5755 15726 15700
17345 0 3969 16 16 28 24
34877 1 6582 2 1 4 1
6582 1 16956 9 1 5 1
26100 1 28248 1 1 3 1
33245 0 3980 7 7 18 16
4106 1 4105 2 1 1 1
584 1 28894 966 964 201 201
35143 1 33405 1 1 1 1
17003 0 479 2788 2788 8563 8553
9877 5 6166 1 1 16 1
30263 1 25760 1 1 1 1
30656 1 25760 1 1 2 1
1999 4 17069 12 5 7 7
18272 1 19427 3 1 3 1
29081 1 13187 1 1 4 1
16522 0 3780 4666 4666 11070 11034
26742 0 15839 7 7 249 246
1918 6 39340 10789 10782 78 78
11624 1 20815 1 1 3 1
13939 0 7027 19 19 4721 4715
5788 0 7027 728 728 1570 1565
40824 0 2657 1777 1777 35850 35843
1294 0 25140 3641 3641 1435 1432
21281 0 428 3570 3570 16537 16511
40911 0 428 107 107 31995 31968
39800 1 30816 1 1 2 1
12660 0 1095 279 278 543 532
17450 0 1095 11763 11763 15238 15226
11922 0 14898 5969 5969 14099 14081
23590 0 12772 8004 8004 9550 9547
3072 1 15159 5 1 3 1
24523 0 8582 34 34 226 219
188 6 29407 7 4 9 5
39603 4 27065 20135 20135 11190 11190
4691 1 14239 1 1 1 1
36188 1 4691 2 1 2 1
36501 0 4902 13077 13077 23700 23700
40022 0 6784 82 82 857 852
4121 1 17988 2 1 2 1
34845 5 10076 10 8 2028 2023
19999 4 35620 65 56 19 19
25642 0 31168 8418 8417 12234 12233
28192 2 3865 3 2 280 262
25039 0 2409 49 49 276 253
34598 0 2409 15 15 538 514
40825 0 22386 5564 5564 40355 40354
15804 0 10824 23 23 222 217
40826 0 30737 16413 16413 40035 40034
11678 4 24132 37690 37690 39109 39109
11178 1 14178 3 1 1 1
19319 1 11039 2 1 6 1
23526 0 9730 3843 3843 4871 4869
12960 0 23054 39624 39623 39610 39610
18237 1 14439 2 1 6 1
17375 6 39568 34 32 2 2
6955 0 2697 1 1 4 2
16533 0 2697 77 77 363 360
27268 1 11354 2 1 4 1
1968 1 1967 4 1 4 1
20914 0 1967 10 10 77 69
23271 0 7641 18370 18370 21032 21032
19684 3 19683 2 1 1 1
4983 6 33006 39510 39510 38996 38996
17534 9 12584 1 1 1 1
6871 1 18043 28174 28172 19227 19226
5628 7 18994 29920 29887 4 4
2502 1 20104 4 1 2 1
15657 0 4985 31143 31143 39312 39310
34914 1 6434 1 1 3 1
39981 0 306 1 1 35 19
21026 0 306 5 5 42 25
37154 5 9269 76 76 9142 9139
9073 1 5502 1 1 4 2
30127 0 1623 1078 1078 9633 9630
16304 0 30127 25566 25566 15724 15724
16980 1 4548 3 1 3 1
469 0 14498 31467 31467 36222 36211
9243 6 35214 33985 33981 28969 28969
36148 4 23121 15822 15821 14911 14911
3358 1 4743 9 1 3 1
9720 0 4743 57 57 269 259
40888 0 4743 11810 11810 40276 40265
2064 1 2154 1 1 1 1
22278 1 35919 1 1 1 1
36060 0 14935 3245 3245 13971 13962
27146 5 11426 1 1 639 629
3169 0 3813 705 705 1015 997
3823 1 3813 1 1 5 1
20664 4 26988 2276 2274 3360 3360
6374 1 11133 3 1 3 1
33074 2 7 1 1 603 566
18961 2 7 1 1 29 1
17395 0 7902 5931 5931 18501 18498
22908 1 5606 4 1 3 1
10254 1 10253 2 1 2 1
40906 0 10253 26 26 30318 30304
14113 1 5076 1 1 5 1
36403 1 10838 1 1 2 1
14974 0 14973 1039 1039 682 674
14973 3 19845 1988 1986 377 377
40831 0 4593 36630 36630 40656 40656
31084 1 27014 1 1 1 1
12467 4 39860 27 22 1 1
40832 0 6630 34357 34357 40661 40657
26778 4 2803 6662 6662 9197 9197
3765 1 28497 2 1 1 1
20691 1 4936 1 1 1 1
7886 0 12463 73 73 1248 1242
14999 4 31316 546 546 1552 1552
22172 0 11068 17 17 1456 1443
454 3 16514 3 1 3 1
3025 1 16514 1 1 1 1
29578 0 15788 13072 13072 32669 32668
23802 0 21987 2938 2938 6098 6095
21987 0 20963 3808 3808 5136 5135
11759 2 10987 199 199 97 96
38689 0 12894 6613 6613 18849 18839
40834 0 14087 26416 26416 40753 40753
14853 1 5935 1 1 2 1
4044 4 31152 6617 6617 9029 9029
29372 0 24630 13362 13362 26973 26968
24630 0 22399 15316 15316 11739 11738
19479 5 4701 2 2 277 255
8240 5 4701 8 8 1569 1546
33163 5 4554 2 1 10 3
29553 1 26733 1 1 1 1
29553 0 8837 26288 26288 23528 23526
6792 1 14058 2 1 2 1
21282 0 15062 29085 29085 33420 33420
23036 4 36472 1463 1457 14 14
5783 4 23036 571 562 689 689
40835 0 40836 40747 40747 40810 40810
18778 6 32930 7240 7239 10825 10825
18778 0 5314 24 24 697 670
24621 2 17930 4 1 10 1
27989 2 17930 5 3 29 19
26041 0 4289 36880 36880 35580 35580
16899 4 24507 21145 21145 18096 18096
14917 3 17826 3 1 2 1
30990 9 28312 1 1 1 1
8980 1 3552 2 1 1 1
33079 0 3582 22663 22663 38019 37992
16497 1 26305 4 1 1 1
26368 1 8799 1 1 1 1
4480 1 32602 5 1 1 1
35059 0 27412 11351 11351 19719 19716
2645 4 29221 23577 23569 14761 14761
23462 0 5675 100 100 793 784
40853 0 23462 15214 15214 39706 39701
25133 5 5012 3 2 7 1
14927 4 5288 24772 24768 26339 26339
11058 2 6577 18 18 2218 2163
60 2 6577 3 3 201 149
7534 9 18226 2 1 1 1
10204 1 10208 2 1 2 1
5031 1 28475 2 2 5 3
15312 0 12860 2438 2438 1112 1112
21401 1 1933 1 1 8 1
12469 1 1992 3 1 1 1
18451 5 1238 2 1 23 16
37552 0 2655 168 168 488 484
2655 0 9806 3734 3734 5376 5370
40284 0 6614 8471 8471 22440 22417
3130 1 27019 5 1 2 1
23982 0 37653 15282 15282 18777 18775
20447 1 9918 3 1 2 1
15028 1 16314 3 1 6 1
15028 1 5116 4 1 7 1
40628 0 33021 22357 22356 39341 39341
3648 1 3647 2 1 3 1
19317 0 1107 13438 13438 27358 27348
830 1 21753 4 1 1 1
8270 1 9886 8 1 3 1
14780 1 6419 5 1 2 1
40837 0 15224 14455 14455 39903 39891
7188 0 11737 1569 1569 8473 8463
10277 1 32396 2 1 2 1
10277 1 2951 1 1 5 1
15054 1 2951 3 1 4 1
25047 0 19223 32852 32852 24045 24045
23871 0 918 297 297 8922 8915
40840 0 918 6055 6055 39210 39202
8168 0 13192 17992 17992 35972 35972
10293 1 12214 1 1 2 1
23642 0 26543 22384 22384 22665 22665
26543 1 12312 3 1 4 1
4913 4 20284 42 11 3 3
3331 5 16655 3575 3575 2116 2114
3331 1 35484 3 1 1 1
16739 1 16646 1 1 4 1
6726 1 5782 4 1 1 1
6726 3 6725 2375 2373 381 381
11335 1 6726 1 1 3 1
5491 1 1201 2 1 5 1
6549 1 14425 2 1 1 1
5544 1 3327 2 1 5 1
3403 1 6328 1 1 2 1
7229 4 37460 8293 8276 1852 1852
20544 1 28902 3 1 2 1
3291 1 20544 4 1 2 1
530 1 21170 4 1 1 1
9371 1 9370 2 1 2 1
26061 0 9371 737 737 2390 2387
9371 0 5623 17969 17969 14527 14525
21518 1 29527 1 1 3 1
35181 0 21518 11717 11717 15698 15695
36581 0 16397 24 23 92 92
3972 7 37089 34025 33946 13 13
8883 0 5790 1397 1397 2156 2156
38389 0 7334 103 103 898 896
27814 0 9178 4280 4280 3800 3798
10855 1 19155 1 1 2 1
10855 1 31116 23775 23774 26879 26878
1431 4 27265 48 32 85 85
27563 1 35599 1 1 1 1
1193 4 39361 23 12 1 1
39975 0 7068 7936 7936 22687 22679
3855 0 3909 19 19 18 11
28703 0 3909 2956 2956 28938 28930
11573 1 13583 2 1 3 1
40841 0 16266 17200 17200 40065 40042
2434 0 16266 2 1 24 3
40842 0 67 969 969 36814 36805
1154 0 18959 19133 19133 35339 35337
32397 0 13044 30437 30437 37537 37528
17819 1 653 1 1 2 1
37840 0 313 43 43 481 473
40843 0 3679 13627 13627 40597 40586
40843 4 5346 6566 6566 40443 40443
13988 0 168 11567 11567 16951 16946
38754 2 10661 5 4 45 42
29501 0 6358 21962 21962 27781 27779
29860 0 18587 39398 39398 35774 35774
33438 1 36858 1 1 2 1
36858 1 35629 1 1 1 1
12381 0 1474 10661 10661 18377 18363
2863 0 6499 2717 2717 7232 7231
7328 0 5714 13806 13806 9332 9331
14412 0 20621 6743 6743 12455 12454
35316 5 38173 126 124 1483 1482
20490 1 7847 2 1 1 1
21077 4 10657 1467 1466 125 125
10380 0 1964 5772 5772 11977 11975
17802 1 3847 1 1 2 1
29031 4 40721 39533 39532 10804 10804
29630 5 22311 1 1 13 9
14888 4 21122 48 39 15 15
14888 0 2518 1 1 61 2
819 1 7732 2 1 3 1
7100 4 29718 22217 22215 5541 5541
8077 1 7192 1 1 4 1
16136 1 39043 3 1 1 1
13225 1 15253 2 1 2 1
40844 0 6467 6757 6757 39289 39282
6069 0 37345 950 950 3213 3212
4895 0 8093 158 158 1054 1027
21558 1 13645 1 1 2 1
10544 6 38325 14674 14658 7609 7609
23888 0 1730 1 1 124 24
33667 0 1730 1 1 104 7
22133 0 1730 1 1 83 3
19623 0 1730 2 2 129 28
28603 4 38563 8422 8421 2710 2710
16620 1 2522 1 1 1 1
24900 3 5965 1 1 2 1
3989 4 18951 168 161 283 283
22965 1 167 4 1 2 1
35645 0 7367 26758 26758 32056 32056
36255 0 10055 1 1 9 3
1574 1 8899 6 1 3 1
21174 5 2295 2 2 1075 975
34328 5 2295 10 10 9396 9294
28418 5 2295 334 334 35449 35346
34439 5 2295 15 15 6344 6243
40845 0 32455 31766 31766 40606 40605
35000 0 9668 1 1 55 39
32116 0 21176 18796 18796 25031 25029
23390 0 40586 40761 40761 14049 14049
40848 0 23390 8378 8378 39545 39542
19903 4 29357 762 762 1087 1087
35177 0 14481 24036 24036 22156 22156
12330 0 11599 1744 1744 4437 4431
3579 1 19372 2 1 3 1
9842 0 3579 2517 2517 7165 7153
22422 1 9505 2 1 5 1
15330 1 28910 2 1 1 1
22889 0 11852 4634 4634 13285 13276
29771 9 3592 1 1 1 1
25748 1 34204 1 1 1 1
1772 6 37182 9962 9958 2701 2701
15158 0 40846 40728 40728 32959 32959
40847 0 8407 1081 1081 35931 35931
35466 0 11507 151 151 404 401
12327 0 411 1140 1140 3386 3363
21952 4 9376 14908 14908 21774 21774
4177 6 5022 93 78 108 108
5040 0 220 5352 5352 11064 11055
20777 0 30968 24330 24330 31869 31868
17995 1 415 1 1 4 1
6540 0 6677 22413 22413 23098 23096
30360 1 7239 1 1 5 1
1226 4 33413 8784 8760 5980 5980
36259 5 860 77 77 21184 21112
30840 5 860 4 4 5794 5724
39831 1 4370 1 1 3 1
17244 1 15986 1 1 2 1
9116 4 34497 37 35 3 3
4771 4 11796 52 3 3 3
18918 0 15687 1967 1967 1098 1095
18918 6 31983 25998 25989 22917 22917
29544 0 6411 2173 2173 10891 10884
13258 1 515 1 1 5 1
7665 4 11919 116 111 22 22
8356 1 22637 3 1 3 1
17180 1 8356 1 1 4 1
39574 0 13157 23615 23615 33455 33452
20711 1 1090 2 1 4 1
32427 0 24062 17984 17984 22100 22099
40849 0 13412 4031 4031 39154 39149
4316 0 1500 335 335 3215 3189
29122 0 1500 174 174 5362 5335
29916 0 33246 17996 17996 21942 21942
33246 0 425 8085 8084 14615 14596
3714 1 3991 1 1 1 1
6702 1 4469 2 1 5 1
20629 0 10089 1120 1120 994 994
18423 1 20629 4 1 2 1
4855 1 19562 2 1 2 1
11423 1 4213 5 1 6 1
10241 0 10481 1704 1704 1808 1806
27097 0 10241 88 88 619 609
5125 6 35244 242 242 15 15
10842 1 11135 3 2 2 1
3451 1 3450 1 1 6 1
3450 1 6752 5 1 2 1
26219 0 15966 313 313 10072 10069
20729 0 30962 26014 26014 8571 8571
31196 0 30962 38251 38251 36718 36717
36881 0 119 428 428 4371 4334
119 0 2748 3621 3620 5428 5418
2323 1 23181 2 1 1 1
14339 9 16095 3 2 1 1
32957 0 5195 69 69 368 362
32623 1 5195 2 1 4 1
32917 0 9489 16965 16965 27363 27359
40688 0 3489 61 61 34818 34757
13220 2 6815 24 23 1098 1094
5097 1 27076 4 1 1 1
17030 1 2573 2 1 2 1
2573 1 9486 6 1 2 1
37807 1 30144 1 1 1 1
2521 1 38597 3 1 1 1
6946 1 8731 2 1 5 1
9873 9 35523 1 1 1 1
1071 6 14854 26979 26973 25098 25098
3398 4 14735 39 22 1 1
5855 1 7329 3 1 1 1
3929 1 27247 13 2 1 1
16292 1 29803 3 1 1 1
6578 0 5973 10409 10409 5878 5875
40850 0 1543 1239 1239 37608 37551
37429 1 32885 1 1 1 1
5932 1 5931 7 1 1 1
14336 1 2808 1 1 3 1
23816 0 13145 33 33 55 55
16675 0 11522 14232 14232 14182 14182
40851 0 14187 1506 1506 36768 36764
10755 4 22444 30510 30509 23973 23973
11129 1 13730 7 1 6 1
25343 1 13730 3 1 5 1
8639 0 3289 6 6 102 79
3289 6 36920 11546 11529 7744 7744
8776 1 1347 2 1 4 1
1347 1 4276 3 1 3 1
39300 0 1590 7838 7838 29091 29068
37068 1 22654 1 1 1 1
1801 1 21363 1 1 1 1
31983 0 35119 30452 30452 38514 38513
31983 6 2119 40580 40578 37921 37921
19488 0 3006 8466 8466 36230 36220
19488 1 38649 36648 36648 40112 40112
40852 0 6747 29837 29837 40789 40787
28133 0 18038 2908 2908 13131 13128
8634 9 19910 1 1 1 1
11304 0 19910 965 965 1571 1570
20413 0 1973 1277 1277 2965 2910
26353 1 4814 9 8 20 16
22355 0 11595 5571 5571 8093 8087
1588 1 19716 2 1 2 1
11612 1 21343 2 1 2 1
5569 1 10107 1 1 1 1
5923 1 5569 3 1 5 1
24840 0 14776 803 803 211 211
24031 4 32273 28181 28181 21843 21843
12006 1 23328 2 1 1 1
15403 4 40478 2786 2786 1865 1865
16346 0 16005 4799 4799 1600 1598
7668 1 35530 4 1 1 1
9434 4 40717 40562 40559 19801 19801
22914 1 3088 2 1 2 1
2945 9 2944 1 1 1 1
24743 1 24742 1 1 2 1
31284 1 19047 1 1 2 1
1664 1 16927 4 1 1 1
40307 0 4362 27566 27566 36125 36118
29218 1 4362 1 1 1 1
4362 0 8787 29 29 92 85
17040 8 37417 1384 1383 33 33
39206 0 12650 1 1 25 5
29976 5 5742 5 5 3033 3011
15635 5 5742 14 14 828 807
903 5 5742 25 25 3870 3847
17663 4 9378 103 100 262 262
20364 1 26993 2 1 1 1
27150 0 3232 2428 2428 5482 5475
40854 0 14981 1243 1243 37371 37367
40855 0 25028 27417 27417 40533 40533
40678 5 5841 83 83 39066 39053
26893 3 11921 20810 20808 4236 4236
38438 0 24102 11943 11943 19316 19312
22467 0 22049 6 6 18 15
15542 0 22049 3988 3988 31816 31811
40856 0 8153 883 883 38026 38007
36147 0 8153 65 65 3030 3012
10925 1 8153 1 1 1 1
34372 4 36708 1818 1818 637 637
7489 6 35302 26 21 8 7
9267 0 1292 4405 4405 9614 9609
5975 0 8327 6079 6079 21389 21380
112 6 23406 53 9 7 7
6559 1 18773 2 1 2 1
13687 1 7279 1 1 4 1
37981 0 904 201 201 575 563
15563 1 17861 1 1 1 1
24736 1 14901 1 1 1 1
7506 1 27215 6 1 1 1
28486 1 28485 1 1 1 1
22848 1 33665 1 1 2 1
15952 0 3163 189 189 2107 2067
9298 0 3163 1 1 43 4
28717 0 3163 1 1 40 2
17876 3 17875 1 1 1 1
22196 1 22195 1 1 1 1
13637 1 27685 3 1 1 1
10125 4 13911 25245 25243 24339 24339
4146 0 37135 11841 11841 6527 6525
31487 4 8818 31332 31332 26655 26655
36976 0 4550 9170 9170 25069 24971
24513 0 4550 1 1 214 118
27936 0 4550 27 27 2295 2198
12322 0 4550 1 1 129 35
40857 0 2021 205 205 32192 32139
27575 0 6658 2363 2363 15781 15769
19537 9 28961 1 1 1 1
1070 0 17546 14613 14613 19729 19725
9755 1 9754 1 1 3 1
769 1 9754 1 1 1 1
40381 0 34906 750 750 6154 6154
15427 0 134 13746 13746 28979 28965
134 1 2633 2 1 1 1
1511 0 15914 17388 17388 20619 20616
5005 1 28613 3 1 1 1
18503 1 5005 2 1 7 1
40140 0 27752 2 1 25 22
16225 4 4698 878 875 593 593
40858 0 15284 25954 25954 39758 39752
628 1 627 2 1 2 1
16800 4 32120 4414 4414 1777 1777
25305 0 2099 9 9 1333 1306
13821 1 13530 2 1 2 1
16002 1 36632 4 1 2 1
40859 0 37052 6147 6147 39028 39027
6188 4 24112 92 74 2 2
6188 4 24347 31 14 4 4
15067 0 18496 32680 32680 23737 23737
29361 1 18956 1 1 2 1
10119 1 25492 2 1 2 1
28682 1 6956 1 1 1 1
22077 5 6956 1 1 129 110
720 9 26603 1 1 1 1
18029 0 8812 6175 6175 13265 13264
36166 1 16798 1 1 1 1
30646 4 33263 10477 10477 15023 15023
10063 0 8348 6927 6927 35696 35689
28320 1 27155 1 1 2 1
27155 1 29136 1 1 1 1
737 0 704 23327 23327 29080 29079
16207 1 16206 1 1 1 1
37148 0 23650 30497 30497 39289 39289
33954 1 14292 1 1 2 1
29886 1 28685 2 1 3 1
9855 6 33387 251 227 25 21
3785 0 28084 9609 9609 12719 12718
20088 5 3785 297 297 19618 19602
32514 5 3785 663 663 38264 38246
6922 1 6921 5 1 7 1
6921 1 7885 3 1 4 1
7656 1 11492 2 1 2 1
16454 1 15118 5 1 3 1
27917 0 8192 5 5 27 24
27917 1 5927 6 5 19 14
5927 1 27917 19 14 6 5
4197 0 8050 384 384 103 100
4197 1 37513 6 1 1 1
25431 1 5635 1 1 5 1
15018 1 18772 3 1 1 1
9762 6 8948 26634 26630 14895 14895
30927 6 25532 4707 4707 5758 5758
19315 1 39214 2 1 1 1
39214 0 32965 62 62 110 110
18563 0 4302 1917 1917 3047 3045
21993 1 19504 5 1 1 1
9794 0 26796 4741 4740 10068 10068
40860 0 1945 78 78 30383 30360
13748 1 11108 3 1 1 1
4384 1 24793 2 1 2 1
10633 4 19550 31592 31592 28775 28775
27322 1 37139 1 1 1 1
40383 0 38168 24433 24433 32141 32141
7362 4 32362 15 2 3 3
22231 1 8513 1 1 2 1
40692 0 8924 10816 10816 39440 39431
1685 1 12089 4 1 1 1
450 4 4488 214 196 4 4
39094 5 3918 89 89 10375 10358
40914 5 3918 69 69 31931 31912
2315 0 3918 629 629 4840 4832
40869 0 3918 11090 11090 38676 38667
39375 4 35988 3212 3212 2759 2759
33362 0 724 2341 2341 20026 20008
4388 4 38068 43 31 2 2
24592 0 13837 938 938 3728 3724
4109 6 1349 15 11 19 18
20971 4 929 1408 1408 12910 12909
23939 0 929 125 125 3749 3738
2108 1 23830 3 1 2 1
137 1 39790 1 1 1 1
14471 4 26704 175 171 69 69
38379 0 2037 36546 36546 40696 40693
3297 1 2037 3 1 1 1
19597 1 29925 3 1 1 1
9472 3 9553 9346 9346 16055 16053
24002 1 31718 1 1 2 1
13378 4 37002 31 23 2 2
18672 8 18729 1250 1250 313 310
23066 0 10976 2202 2202 1281 1281
37193 0 36623 35653 35653 39287 39287
35461 0 15432 8147 8147 14832 14830
6086 1 37968 6169 6169 9824 9824
39988 0 6132 1080 1080 1555 1549
27635 0 6879 4954 4954 2893 2893
12792 1 18251 1 1 2 1
25299 0 17090 26286 26286 23159 23157
22804 0 9256 2300 2300 2339 2336
22046 1 449 1 1 3 1
26701 5 39164 35140 35140 10729 10729
33010 4 37752 27150 27149 13426 13426
17564 4 28570 35832 35832 29506 29506
14394 1 27202 1 1 2 1
40861 0 35307 20060 20060 40595 40595
36533 1 31832 1 1 1 1
1421 1 13698 4 1 1 1
1421 1 1420 3 1 1 1
15918 1 8898 1 1 1 1
39681 2 3869 119 119 13577 13545
13147 2 3869 1 1 35 6
29520 1 38175 1 1 1 1
7705 4 29204 1128 1121 333 333
31945 1 533 1 1 2 1
20267 1 11332 3 2 2 1
40862 0 6138 994 994 38250 38235
12405 1 2536 1 1 2 1
22145 0 267 3227 3227 13523 13499
12466 4 38408 209 187 22 22
12466 4 38825 22 4 3 3
16552 1 10073 2 1 1 1
31672 0 16442 19778 19778 20078 20078
34829 0 34921 3 3 3 1
6539 1 27537 4 1 1 1
24829 0 20017 11000 11000 22560 22554
28048 0 20017 6076 6076 8683 8678
40863 0 22831 21589 21589 40627 40622
9658 0 22831 38364 38363 34376 34372
17365 6 1148 22691 22691 19383 19383
11735 1 13906 2 1 1 1
10734 0 10886 2396 2396 3619 3605
1494 0 15383 36908 36908 40529 40527
31725 6 3983 1836 1836 20642 20641
3023 1 19162 1 1 3 1
28499 0 2833 12242 12242 24183 24168
4250 3 26422 4116 4115 5640 5638
14121 1 5862 1 1 2 1
1002 0 15449 1317 1317 3690 3685
14237 9 14236 1 1 1 1
40286 1 14159 1 1 2 1
1432 4 24308 59 43 1 1
29759 0 21793 28 28 12 11
40 0 9353 17688 17688 25159 25151
36532 1 36531 1 1 1 1
4832 1 7867 3 1 1 1
27716 6 14968 30015 30015 24905 24905
304 0 25231 4796 4796 6080 6079
8542 1 19421 4 1 1 1
30629 1 15712 1 1 2 1
20027 2 9746 1 1 14 3
26019 0 4682 1 1 9 5
15092 4 32205 26751 26747 4385 4385
13106 4 30126 167 156 2 2
7451 0 9653 18704 18704 22108 22108
14198 1 7551 1 1 9 1
19206 1 11656 4 1 4 1
938 1 29478 3 1 1 1
19923 0 13346 5695 5695 26087 26079
40895 0 13346 360 360 37793 37783
8767 0 2776 33019 33019 32222 32198
17206 0 4193 6934 6934 6389 6387
9026 1 21448 1 1 5 1
10884 1 23870 6 5 21 19
10884 0 12402 18784 18784 17193 17192
33656 0 17442 7636 7636 21330 21326
29844 1 36062 2 1 1 1
39433 6 40246 87 86 17 17
13370 4 32777 8334 8333 5312 5312
40865 0 34557 15561 15561 39960 39959
12307 1 5388 1 1 3 1
8628 3 1186 16591 16590 24894 24894
4299 0 1562 7327 7327 8675 8668
18208 6 35649 25345 25345 19097 19097
12758 0 980 6935 6935 8679 8678
26577 4 38800 1349 1349 1886 1886
40866 0 8678 11171 11171 39808 39805
32294 0 1897 442 442 9006 8934
6937 1 1897 4 1 7 1
9481 9 158 1 1 5 2
13100 9 9481 2 1 2 1
15588 1 15587 2 1 1 1
13773 0 27141 178 178 1554 1551
25916 0 16303 90 90 288 279
36297 0 16303 46 46 5490 5480
20354 1 18989 1 1 1 1
973 1 13336 1 1 3 1
5185 0 13336 35108 35108 36857 36853
9012 5 7786 1 1 240 221
33237 1 410 1 1 1 1
14633 6 31433 21784 21784 20701 20701
14633 6 8142 28795 28794 37095 37095
40867 0 339 1026 1026 37959 37956
3453 1 18417 5 1 1 1
8951 1 28285 3 1 2 1
1460 1 8951 1 1 2 1
8222 1 6150 2 1 1 1
8054 3 25795 3 1 1 1
6845 1 2779 1 1 1 1
19202 0 12252 639 639 4212 4205
20124 1 18592 1 1 1 1
20124 0 14100 792 792 1354 1350
30846 0 2941 333 333 2009 2008
39027 0 9415 3377 3377 27768 27756
23350 1 17390 1 1 1 1
8558 1 7530 2 1 3 1
40868 0 5700 37337 37337 40796 40796
32469 0 324 2234 2234 28183 28163
8545 0 324 254 254 3193 3174
25032 1 25031 2 1 1 1
38057 9 30720 1 1 1 1
2030 0 1832 21 21 225 215
1637 0 5616 399 399 846 837
9928 0 5616 19 19 354 346
1702 4 29665 614 610 25 25
36951 4 24229 54 52 85 85
6008 1 1041 1 1 2 1
14647 0 13213 36 35 7 7
699 1 22618 1 1 1 1
35907 4 37894 297 297 615 615
13383 1 2789 5 1 2 1
2713 6 7645 41 4 2 1
11577 1 7731 2 1 2 1
40870 0 1335 22366 22366 40606 40605
24483 1 12798 1 1 2 1
17309 0 30810 10986 10984 11249 11247
10156 1 963 2 1 2 1
2452 1 3976 4 1 5 1
2452 1 7086 3 1 7 1
40905 0 3387 1304 1304 30167 30153
7217 1 3387 1 1 1 1
8525 4 37769 16911 16909 5008 5008
35828 0 1364 1 1 43 13
26559 6 35828 26 26 2004 2004
16493 1 19237 2 1 6 1
2933 1 7202 3 1 1 1
6048 9 22594 1 1 1 1
29003 1 35415 1 1 1 1
20788 1 10332 4 1 1 1
5707 1 5706 2 1 3 1
29609 1 29608 1 1 1 1
22190 1 35891 4 1 2 1
22190 1 11262 2 1 4 1
9192 1 19649 6 1 1 1
26202 0 7136 378 378 1143 1142
36138 0 7877 20 17 113 110
23317 0 6977 29191 29191 39020 38984
40920 0 6977 1267 1267 38897 38862
36948 1 27706 13455 13455 21836 21835
34777 1 14753 1 1 2 1
1620 4 23845 18 3 1 1
12071 1 18026 5 1 1 1
8848 5 14818 1 1 69 55
11500 6 11034 235 228 47 45
16013 1 5367 4 1 3 1
10574 6 36868 129 125 7 6
18072 0 1880 16943 16943 34857 34842
7031 1 26802 3 1 2 1
32487 1 10667 3 1 2 1
28680 1 10686 1 1 1 1
9031 4 20091 139 120 4 4
37696 0 13023 10168 10168 26992 26984
5434 1 5433 4 1 2 1
24552 2 8531 2785 2784 32939 32936
35789 5 3276 3 3 154 123
31511 5 3276 544 544 29241 29209
39401 0 24275 82 81 4082 4070
27408 0 4448 5 4 26 18
13163 1 17198 3 1 2 1
8664 1 2489 2 1 4 1
2489 1 15398 6 1 1 1
25485 2 3943 1 1 27 1
38545 2 3943 1 1 26 1
36055 6 19589 20342 20342 20626 20626
19768 0 5156 8678 8678 22664 22632
26405 0 5156 1 1 36 5
17022 6 35666 19558 19555 1400 1400
17022 6 3619 6796 6794 333 333
4621 1 88 1 1 3 1
40873 0 28355 13269 13269 39986 39984
2460 9 9748 1 1 1 1
36214 0 573 1 1 95 56
40874 0 22716 35812 35812 40668 40668
25322 4 40518 8552 8552 16924 16924
2760 0 11134 6919 6919 10294 10288
4446 9 1807 5 2 1 1
11636 0 4446 6141 6141 8031 8030
36303 1 2876 1 1 1 1
37244 1 21630 1 1 3 1
38942 1 2626 29542 29542 36502 36499
31471 0 2626 2 2 11 10
3018 0 27173 24703 24703 20253 20253
26985 0 7600 595 595 1209 1203
37635 0 7600 5 5 245 240
8617 6 7587 10573 10562 548 548
24972 0 1142 4835 4835 14758 14756
680 7 38698 19344 19283 5 5
680 7 40901 33708 33646 2 2
6028 0 29623 28731 28731 28517 28517
29623 0 33835 2190 2190 7859 7856
36506 4 25083 15060 15060 2941 2941
7152 1 4236 1 1 1 1
22504 0 7152 172 172 3131 3126
40876 0 1295 6028 6028 38821 38815
21646 1 1295 2 1 3 1
22690 0 9531 8 8 143 139
34554 0 9531 2346 2346 7363 7358
701 1 25692 1 1 4 1
14347 1 5567 4 1 2 1
22500 1 15849 2 1 2 1
24584 6 29929 12747 12747 11172 11172
18192 4 1499 9222 9222 17653 17653
17820 1 654 3 1 6 1
23192 1 654 1 1 3 1
34164 0 21362 9299 9299 24189 24184
23961 0 6776 2873 2873 23145 23136
14951 5 6776 8077 8077 24036 24031
2111 1 35677 3 1 1 1
32320 1 16031 38293 38293 39590 39590
31261 4 13766 34266 34266 27961 27961
38116 9 9 1 1 1 1
40068 0 28942 24455 24455 38883 38883
21724 1 8592 4 1 2 1
4229 1 37036 18746 18742 5158 5158
29447 0 15913 1450 1450 10556 10551
16697 4 31051 92 88 4 4
5443 6 33646 21 3 1 1
13087 1 36310 2 1 1 1
22927 4 27025 2306 2306 4197 4197
24129 1 15215 2 1 1 1
24953 0 13135 10951 10951 27486 27477
22068 0 29955 31956 31956 39451 39451
6111 0 23960 2992 2992 1711 1709
6111 1 11198 4 1 1 1
2003 0 4127 3366 3366 11638 11635
40878 0 34399 21756 21756 40764 40760
26349 1 19291 1 1 2 1
15641 1 5982 6 1 3 1
21253 0 5982 11535 11535 19614 19614
3948 3 25669 17211 17207 8557 8557
40879 0 39495 15257 15257 40762 40762
10738 0 8594 29488 29488 26555 26549
40612 0 8594 5892 5892 37743 37736
12395 0 4161 181 181 5147 5120
40942 0 4161 1890 1890 39663 39633
26530 0 25605 6818 6818 6937 6936
25576 0 19971 20229 20229 23515 23509
3574 6 39280 543 539 84 84
35051 1 36988 1 1 1 1
19269 6 3870 5086 5085 5368 5368
26457 1 21879 1 1 2 1
16049 4 31756 80 78 26 26
26279 5 6146 3 3 3377 3366
31974 5 6146 12 12 14953 14941
22137 5 3531 48 48 11089 11067
15837 1 15836 1 1 1 1
3895 0 3721 8 8 586 551
23820 6 25420 266 261 12 11
23820 6 11103 48 44 30 29
28203 4 29473 1581 1577 12 12
2999 1 36067 4 1 1 1
11766 5 10754 139 139 17890 17871
40880 0 10330 8705 8705 38720 38715
29695 1 25945 1 1 1 1
15242 6 5534 6 4 5 3
16017 3 30757 10649 10647 11730 11729
9486 3 6190 16601 16596 18174 18174
10504 6 36780 14496 14489 368 368
31226 0 17728 30702 30702 39194 39185
8734 1 1538 2 1 1 1
29667 0 249 3527 3527 24639 24594
7681 0 249 139 139 2089 2045
1196 5 12328 407 407 35969 35952
29190 5 2139 1374 1374 28104 28077
9335 5 2139 2 2 617 593
13338 1 18054 3 1 1 1
19110 4 40436 33087 33087 19008 19008
1935 0 7945 5524 5524 16432 16410
1104 0 7945 1266 1265 3241 3220
32001 2 3539 3593 3593 38146 38145
7118 0 3978 2959 2959 10903 10882
27765 0 206 5789 5789 22549 22519
16624 9 15794 1 1 2 2
1966 4 24890 6123 6121 5997 5997
31338 0 8266 889 889 2408 2404
40221 5 73 1 1 52 1
3410 4 40221 15402 15401 1205 1205
29650 5 73 95 95 16988 16931
4984 0 73 23317 23317 29072 29062
7890 1 8556 6 2 2 1
32343 0 7890 827 827 5734 5717
4686 0 9935 10535 10535 27193 27177
1690 1 5111 9 1 2 1
23282 0 1690 14637 14636 14031 14021
10335 1 2363 1 1 6 1
19856 1 15917 2 1 1 1
15168 1 35514 1 1 1 1
40881 0 9334 6207 6207 38640 38635
28253 1 28252 1 1 2 1
11736 1 678 2 1 2 1
12371 1 20336 5 1 1 1
26039 1 31200 27942 27942 18408 18408
39168 1 23614 1 1 1 1
20692 1 21524 2 1 1 1
24359 1 36592 1 1 2 1
6740 1 6335 1 1 2 1
38194 0 6335 8317 8317 17304 17304
5315 0 18408 16610 16610 17240 17240
11605 4 40002 1292 1292 1646 1646
12921 1 24570 11 1 4 2
21374 1 12921 1 1 4 1
5134 2 4633 1 1 11 1
35877 0 85 5534 5534 23883 23637
23185 0 85 444 444 4968 4728
40756 0 85 11 11 28610 28363
26136 1 26135 1 1 1 1
37633 0 20754 22260 22260 36022 36021
40883 0 1222 3053 3053 36251 36238
40904 0 1222 15148 15148 40314 40300
19190 1 22874 1 1 1 1
14563 2 35454 3319 3317 97 97
12530 1 5329 1 1 2 1
37793 0 425 15309 15309 24853 24833
7112 1 21005 1 1 5 1
13785 6 30026 34426 34425 29796 29796
30892 1 27200 1 1 1 1
22309 1 11345 2 1 5 1
652 1 11489 5 1 1 1
21523 0 5914 11557 11557 15570 15566
19459 1 8641 1 1 4 1
103 0 9917 19861 19861 17874 17873
34367 1 30925 1 1 2 1
39210 0 36049 4756 4756 5434 5433
27244 6 22681 938 937 1923 1923
12608 4 21734 40 37 3 3
31281 1 6359 1 1 5 1
40153 0 6359 22163 22163 26051 26043
28257 1 28256 1 1 1 1
3741 6 11977 18 16 4 1
8455 0 14334 25918 25918 17117 17116
11170 1 606 7 1 3 1
9097 4 33963 2228 2227 4666 4666
15436 1 15435 1 1 1 1
9201 1 9200 3 1 1 1
6058 0 5378 4 4 39 25
5378 1 9054 2 1 6 1
24455 0 7235 30885 30885 38400 38395
40886 0 36491 27545 27545 40709 40708
27948 0 29072 29872 29872 27513 27509
2574 1 10949 5 2 5 1
15184 1 36822 1 1 1 1
17033 1 208 1 1 2 1
5633 0 4663 1565 1565 5897 5881
23779 0 17423 6648 6648 17270 17266
31140 0 1615 30 30 115 110
25999 1 31140 1 1 2 1
29071 0 25203 31088 31088 27766 27763
4929 4 37085 201 195 28 28
11962 4 5667 10 6 6 6
14732 6 18907 28118 28117 22715 22715
4582 0 23340 19864 19864 38589 38585
2940 0 23340 32 32 56 53
6093 10 24981 2 1 1 1
14001 0 36202 28012 28012 20808 20808
37407 0 19919 1005 1005 9412 9409
28934 0 6210 119 118 106 103
13298 1 26814 2 1 2 1
12356 1 20726 2 1 2 1
11679 7 15652 25287 25280 9 8
18992 0 780 563 563 1519 1511
12696 0 1750 1360 1360 3937 3935
22477 1 2282 6 1 1 1
17701 4 36065 1521 1521 452 452
20641 0 36866 13201 13201 6402 6401
31601 0 1352 7660 7660 21780 21774
36144 0 28533 18821 18821 31608 31608
22400 2 2183 1 1 45 14
39117 2 5348 3 2 203 201
12905 1 5832 3 1 2 1
16355 1 22399 20902 20897 15642 15642
8334 2 35737 861 861 14338 14337
13347 0 26570 95 95 9236 9234
40889 0 34949 38268 38268 40656 40656
12551 0 7485 1435 1435 2120 2119
3154 1 27514 3 1 1 1
35950 0 20760 18399 18399 15460 15455
20760 0 25127 19592 19592 16991 16990
23933 1 23098 2 1 4 1
12685 6 19180 101 95 66 66
12358 2 4168 23057 23057 39864 39854
7700 2 4168 10937 10937 36335 36326
35674 0 16517 39006 39006 33679 33678
6813 1 5175 2 1 1 1
7375 1 7374 1 1 2 1
40890 2 23906 5885 5885 40704 40704
21948 4 38918 30813 30813 12167 12167
17500 9 17499 1 1 1 1
6759 1 21078 5 2 1 1
11196 0 24534 26675 26675 35514 35511
16734 7 13678 8039 8036 34 34
865 1 17946 7 1 1 1
1821 6 39122 217 203 174 174
11630 1 31896 4 1 1 1
7284 1 17756 3 1 1 1
26770 5 6829 2 2 231 225
37565 1 22789 2 1 2 1
11926 1 11925 4 1 2 1
27446 1 22702 2 1 3 1
13999 0 37238 3575 3575 8194 8193
2050 6 30438 20063 20063 19095 19095
21493 0 24309 15856 15856 23227 23227
40891 0 13449 4437 4437 37808 37807
15390 1 38904 228 227 24 24
33146 1 2101 3 2 9 1
17987 3 17986 2 1 2 1
29746 3 17987 1 1 3 1
2692 0 10487 4873 4873 8822 8819
32902 1 29338 1 1 1 1
14511 6 11512 34176 34169 9816 9816
6117 1 683 1 1 5 1
25817 0 40019 23202 23202 20947 20947
39730 4 31900 26139 26139 11109 11109
14912 3 19439 3 1 1 1
34332 4 1842 66 62 15 15
29957 5 8285 32 32 9631 9627
8398 4 40398 25718 25718 29442 29442
13141 4 36356 64 52 101 101
24146 1 36079 1 1 1 1
12197 1 24146 4 1 2 1
8973 0 15567 9137 9137 22395 22394
2840 1 18631 2 1 1 1
4993 1 4648 2 1 10 1
15543 4 26788 20333 20333 32204 32204
9926 1 1976 3 1 3 1
40893 0 10088 4232 4232 38404 38399
18632 0 15264 28498 28497 22933 22930
25930 4 9684 3290 3284 3882 3882
39714 5 5407 1 1 275 250
31612 1 9688 1 1 2 1
1782 1 1781 2 1 5 1
34009 6 39128 7643 7640 986 985
25597 0 4132 15121 15121 16863 16853
16378 0 2054 1 1 46 30
12541 0 2054 113 113 2115 2098
2054 1 17904 17035 17035 19491 19490
18557 9 18725 1 1 1 1
40453 1 28165 1 1 2 1
7231 0 16733 21880 21880 11421 11421
17867 1 14085 1 1 2 1
36201 4 39259 5873 5872 7872 7872
17202 0 12720 170 170 636 627
28053 0 4049 473 473 3982 3969
25593 0 4049 23522 23522 37058 37043
4049 1 28361 1 1 2 1
22873 1 37187 4 1 1 1
37187 0 3391 31388 31388 33753 33749
30984 1 6485 2 1 2 1
12052 1 6794 2 1 4 1
6371 6 13857 6034 6030 1282 1281
1675 3 3261 5 1 3 2
32329 0 39076 17266 17266 11690 11690
1788 0 22163 335 335 521 517
8791 1 15310 2 1 8 1
13863 1 15310 6 1 6 1
3838 1 15310 1 1 5 1
36716 0 15310 9678 9678 28273 28273
23303 1 6584 1 1 7 1
9014 0 13840 20709 20709 20167 20163
9501 1 16279 2 1 2 1
9412 1 35482 5 1 1 1
26517 1 352 6 4 11 2
30651 1 30650 2 1 1 1
13606 0 5759 939 939 2670 2655
24242 4 40495 40036 40036 30013 30013
3024 1 8489 2 1 7 1
4914 4 5471 65 60 92 92
16649 0 11808 324 324 1409 1404
16580 1 16649 1 1 2 1
8882 1 30608 3 1 1 1
24380 6 4034 193 193 303 301
20967 1 38940 12869 12866 5479 5479
38940 1 20967 5479 5479 12869 12866
12345 4 32572 8084 8083 9852 9852
17336 1 6811 1 1 2 1
4393 0 21188 7173 7173 7584 7582
16082 0 19592 38799 38799 31352 31351
13599 4 38034 2542 2542 735 735
2399 3 852 1 1 1 1
26551 1 17969 2 1 1 1
19862 1 25685 4 1 1 1
33100 0 23835 219 219 2746 2740
38732 1 16818 1 1 2 1
30257 4 39983 406 406 1708 1708
2097 1 9439 3 1 2 1
8891 1 8890 1 1 4 1
10946 1 16189 31 28 6 5
23311 5 666 10 10 4162 4134
7605 1 16736 1 1 1 1
40896 0 23801 5882 5882 39333 39331
3152 1 34834 1 1 1 1
8027 0 17129 20599 20599 19854 19853
18036 1 23414 3 1 2 1
10896 1 5187 1 1 1 1
29378 0 14065 6097 6097 8262 8260
11268 1 18820 21350 21349 28155 28152
10603 3 7644 2 1 2 1
28163 6 33290 9623 9623 4031 4031
26372 1 2839 3 1 3 1
13731 1 3340 2 1 4 1
30635 1 27499 2 1 3 1
19561 2 12788 5 3 18 16
6316 1 14884 8 6 8 7
14884 1 6316 8 7 8 6
40071 0 542 1454 1454 5978 5965
24433 1 24432 2 1 1 1
8518 8 19686 176 171 7 7
36028 1 13581 1 1 3 1
23015 1 39472 1 1 1 1
29941 0 8121 226 226 623 618
11007 0 39628 40631 40631 40810 40809
38483 1 35975 1 1 1 1
27069 0 17594 34258 34258 31115 31114
31414 0 21528 1201 1201 2946 2943
10966 0 6448 5340 5340 10691 10687
7275 0 36151 14924 14924 12416 12415
10347 0 12311 26 26 48 37
40897 0 15992 525 525 34632 34627
29348 1 9181 1 1 6 1
181 4 20452 228 223 5 5
30056 0 13450 14946 14945 14978 14972
13510 0 34706 1616 1616 2468 2466
9041 1 8986 2 1 1 1
33052 1 6521 2 1 4 1
26934 4 36843 2735 2735 238 238
2778 1 2777 4 1 1 1
28399 9 24687 1 1 1 1
28399 0 7125 174 174 491 489
163 1 9522 5 1 2 1
38964 6 15538 67 65 22 20
36295 6 20656 77 77 166 166
7947 1 3044 3 1 5 1
24577 0 6103 35210 35210 36568 36565
39447 2 955 82 81 24027 24014
27080 0 35724 33222 33222 32889 32889
18317 0 16471 589 589 2250 2247
40899 0 1371 4566 4566 38748 38725
35847 0 1371 249 249 2935 2913
32447 6 14556 337 336 1517 1516
5046 5 5363 61 61 16722 16707
31855 0 1378 306 306 7024 6962
19994 0 1378 10 10 190 131
25740 0 1378 48 48 1662 1601
40676 0 1378 242 242 36235 36172
20832 0 2453 15938 15938 33539 33486
38637 0 35536 22395 22395 24265 24265
29542 6 38922 492 492 61 61
17578 1 8885 2 1 3 1
40900 0 3668 13315 13315 39186 39178
38879 4 40465 10696 10696 9934 9934
23645 1 3271 2 1 1 1
10717 1 23392 2 1 3 1
7129 6 37636 317 297 1 1
7129 6 39342 34 15 4 1
22752 1 11603 4 1 3 1
13171 0 2104 131 131 3441 3425
3840 4 25993 163 162 32 32
6976 1 6542 1 1 1 1
6504 0 17314 34 34 147 140
1218 1 18913 5 1 1 1
23637 1 22005 1 1 1 1
12259 4 40042 28118 28118 28289 28289
29053 0 31232 9780 9780 15563 15559
14841 1 11642 3 1 3 1
12434 1 11406 2 1 4 1
4571 1 19807 2 1 1 1
12516 1 16943 1 1 2 1
9471 1 28564 5 1 1 1
40902 0 30686 18500 18500 40457 40456
215 1 13069 6 1 2 1
28342 4 21955 1136 1136 1611 1611
4050 1 5908 1 1 1 1
10960 0 16571 3885 3885 6492 6491
3343 1 1512 1 1 2 1
15421 1 7039 6 1 1 1
40903 0 23890 12932 12932 39105 39104
18173 1 23932 3 1 2 1
26645 1 11702 1 1 1 1
15117 1 11702 2 2 2 1
7241 1 9423 2 1 1 1
15866 1 20662 1 1 4 1
308 1 23762 5 1 1 1
1602 1 20590 2 1 2 1
7541 1 7540 2 1 2 1
4015 0 32323 24285 24285 14840 14840
36003 2 3957 2 1 43 39
11479 0 4865 118 118 1796 1790
1202 0 14475 10968 10968 24672 24669
14612 1 19739 3 1 3 1
7024 0 6752 2 2 433 418
32853 0 5203 36543 36543 34929 34927
37253 0 40396 26749 26749 27920 27918
34648 0 16831 505 505 9652 9651
1613 1 3914 3 1 2 1
10826 0 26562 12891 12891 31985 31980
23101 1 12527 2 1 3 1
27830 0 8061 8116 8115 16112 16110
20864 1 6464 1 1 3 1
5262 6 29332 35909 35906 26424 26424
35821 0 16863 18426 18426 27525 27519
13407 1 4967 2 1 3 1
9713 1 18011 2 1 1 1
31393 4 27927 34688 34688 31994 31994
12347 1 13214 4 1 1 1
22063 1 36525 1 1 1 1
37425 0 4766 24543 24543 33608 33608
27152 4 38832 9181 9180 9535 9535
31830 5 24055 2658 2658 9754 9754
15799 6 17609 9 1 1 1
38974 0 621 5143 5143 9100 9099
17241 0 17150 2 2 6 5
2858 4 33960 147 115 1 1
26230 0 10765 181 181 3108 3101
19752 1 19897 2 1 3 1
38731 0 10922 508 508 5026 5023
30909 6 31031 29133 29133 9279 9279
40907 0 25161 10496 10496 40661 40659
36978 0 692 336 336 6498 6473
29708 0 692 16 16 2017 1993
20476 1 6724 5184 5183 6892 6890
40908 0 7921 5252 5252 38932 38932
2443 9 5163 1 1 1 1
12141 1 2443 1 1 3 1
7159 4 32394 275 273 21 21
9995 0 1520 99 99 777 767
3657 1 11758 34410 34410 29089 29085
687 6 27283 28062 28041 22839 22839
8662 0 716 170 170 3809 3771
7974 1 3145 4 1 3 1
24517 1 9302 1 1 3 1
7449 0 7095 11844 11843 22658 22658
31989 4 40175 15089 15089 11743 11743
40909 0 3338 1891 1891 36958 36950
19172 0 15730 189 188 859 858
15433 6 23550 18773 18770 2855 2855
15869 1 9418 1 1 1 1
27694 3 13419 1 1 2 1
21543 0 14367 361 361 965 960
5015 4 5256 10804 10797 10115 10115
16016 1 10865 2 1 1 1
2379 0 14652 17461 17461 20144 20144
40910 0 10662 2894 2894 39188 39180
13388 1 17572 1 1 2 1
38526 0 17405 19629 19629 40305 40297
9889 0 38560 1285 1285 491 490
11600 0 13047 26 26 192 184
40912 0 9931 21149 21149 40856 40856
36575 0 34172 14066 14066 31838 31835
19960 6 20910 9470 9469 1009 1009
10868 1 6529 3 1 4 1
25398 1 30292 1 1 3 1
13664 1 23487 3 1 2 1
40913 2 1214 40 40 36513 36494
13094 2 1214 3 1 18 1
16437 0 26208 28825 28825 33076 33074
22757 1 22756 2 1 1 1
40260 0 26108 3 3 84 82
32735 0 5654 449 449 856 853
3447 1 9780 6 1 2 1
14404 1 3447 2 1 5 1
7985 1 4209 1 1 4 1
40915 0 10407 14863 14863 39177 39177
6851 1 6468 2 1 4 1
15604 3 4192 34964 34964 26345 26345
9074 0 2243 53 53 136 135
16945 1 27937 1 1 1 1
37937 2 17319 2 1 101 97
17444 1 7040 1 1 2 1
24542 0 21434 19689 19689 23549 23548
19654 0 38248 26788 26788 37424 37424
40916 0 25194 13256 13256 37817 37816
3512 1 1507 4 1 1 1
35515 4 5683 11024 11024 10858 10858
26598 1 13630 1 1 1 1
3815 1 39428 3 1 1 1
4037 0 16708 1 1 6 2
29698 0 8868 15641 15640 28532 28531
15051 1 14230 1 1 4 1
1006 3 17460 1 1 4 1
20944 1 2415 3 1 2 1
9847 3 11802 38212 38204 19769 19769
19964 4 40677 40204 40201 3377 3377
23100 1 23574 2 1 2 1
21645 1 16026 2 1 2 1
3046 0 140 2127 2127 6347 6341
1732 6 23260 2 1 1 1
29279 4 22476 7402 7402 25196 25196
21641 0 8412 29839 29839 28039 28038
40283 0 13935 2 2 110 107
20075 1 5623 2 1 2 1
32173 0 25942 5291 5291 7224 7221
17114 1 9438 1 1 2 1
33419 4 28271 6915 6913 5400 5400
40917 0 5681 4096 4096 34632 34631
15907 1 15906 1 1 4 1
15906 1 26088 1 1 2 1
14098 4 39569 1499 1497 87 87
4725 1 3135 1 1 1 1
24645 1 21259 2 1 2 1
22111 1 25386 1 1 2 1
11499 1 5619 2 1 4 1
3068 1 3431 1 1 1 1
7765 1 7764 3 1 2 1
11813 1 30361 3 1 1 1
13330 1 4080 2 1 2 1
40919 0 27595 10401 10401 39968 39967
26579 0 27595 36953 36952 33704 33704
20569 1 7364 2 1 7 1
27835 1 30774 1 1 1 1
2212 6 39573 18039 18039 8534 8534
29644 1 22647 1 1 2 1
28102 1 13943 1 1 2 1
39806 0 4094 4319 4319 30989 30989
11333 0 1873 594 594 1865 1856
7708 1 7707 2 1 2 1
20826 6 37122 3344 3343 65 65
35116 1 2058 1 1 5 1
4697 1 3858 2 1 3 1
11455 4 7090 69 65 254 254
40921 0 10175 5514 5514 38945 38939
38431 1 28014 1 1 1 1
12033 1 19844 2 1 3 1
5245 0 33893 20847 20847 8776 8776
34222 0 38513 6373 6373 10688 10687
8695 1 8694 1 1 4 1
3104 1 3103 1 1 2 1
15438 1 11384 1 1 3 1
31721 1 24228 2 1 1 1
2370 4 3245 45 26 1 1
8754 1 6098 4 1 2 1
8754 1 4244 2 1 2 1
18988 0 27345 7560 7560 10203 10202
40923 0 13663 34 34 35487 35466
11049 0 722 35549 35549 39722 39714
38784 0 6570 4491 4491 23808 23793
16141 4 16183 7219 7217 3705 3705
496 1 32512 1 1 1 1
37743 1 14493 1 1 4 1
5090 1 38941 2 1 1 1
34217 1 30032 2 1 2 1
16865 1 8774 1 1 2 1
26008 1 24248 13522 13520 533 533
37763 1 3707 1 1 1 1
22457 6 34682 9 9 7 7
33138 1 11811 1 1 1 1
25767 4 33687 23203 23203 14228 14228
13958 4 28025 9 2 11 11
656 1 37010 2 1 1 1
10583 1 2117 1 1 2 1
20736 1 17537 9898 9898 10940 10939
10184 0 28333 39 39 1563 1559
38142 0 26564 33065 33065 31834 31834
3096 4 25112 118 110 18 18
15613 0 15381 281 281 2205 2201
22584 1 12684 1 1 3 1
10350 1 13671 2 1 1 1
7514 1 25165 3 1 1 1
25852 1 20593 1 1 2 1
14893 0 27550 20388 20388 6625 6625
22787 1 22786 1 1 2 1
5300 0 27067 17789 17788 15888 15888
622 0 8078 3598 3598 4854 4842
24444 8 33475 38280 38280 35901 35901
35002 0 19318 33780 33780 38163 38161
5466 0 115 734 734 15754 15737
19843 0 2682 4 4 89 88
22395 0 5140 3618 3618 15727 15723
20504 0 11647 2534 2534 9015 9006
11184 4 27448 25508 25499 12569 12569
33563 0 18375 11368 11368 27266 27266
19846 1 18645 32192 32190 24774 24773
23722 0 20561 28505 28505 37059 37059
36869 1 18872 1 1 6 1
1358 1 1357 3 1 1 1
13443 1 1717 3 1 3 1
9968 1 13305 1 1 4 1
6222 1 29825 2 1 2 1
19156 0 89 8159 8159 29350 29332
28882 9 3696 1 1 2 2
40924 0 22072 12396 12396 40523 40519
30066 1 7387 1 1 3 1
15533 0 7387 23188 23188 30625 30619
6506 6 39335 636 629 14 14
29368 0 40057 27066 27066 17284 17284
27225 6 33459 9385 9378 1528 1528
34773 0 34386 16357 16357 25981 25979
40449 0 1803 9293 9293 36033 36025
21774 6 9252 36072 36072 35026 35026
18483 1 17730 1 1 3 1
18247 1 33545 1 1 1 1
38623 0 5839 23952 23952 35403 35398
4359 1 29197 3 1 2 1
29197 1 13612 3 1 3 1
27198 1 6242 1 1 4 1
27447 1 4053 1 1 1 1
13806 1 28087 1 1 2 1
40925 0 19888 40442 40442 40918 40918
9983 4 21913 20754 20752 18295 18295
20348 0 11447 18 18 78 78
38036 0 1666 22857 22857 23391 23380
32679 0 34089 11318 11318 20105 20105
35965 4 17251 131 131 1013 1013
18481 6 27900 3882 3882 2719 2719
37628 1 32564 1 1 1 1
4466 1 21189 2 1 3 1
640 1 7220 2 1 1 1
24070 0 18975 37043 37043 39785 39783
2758 1 22165 1 1 1 1
4556 1 9927 3 1 5 1
40353 0 10745 4556 4556 15121 15116
19632 1 35311 1 1 1 1
39784 1 31199 1 1 1 1
4594 0 5891 3968 3968 15337 15333
4491 0 19288 60 60 15 13
30729 4 33668 27930 27930 24716 24716
34985 0 3925 3955 3955 11977 11973
28487 1 7168 1 1 5 1
26416 1 36198 3 1 1 1
34811 0 1272 2212 2212 7669 7651
3263 1 2390 1 1 2 1
11689 0 15537 7360 7360 12405 12402
28752 0 4416 11944 11944 15755 15754
27422 0 8663 12366 12366 20983 20981
5643 1 3754 1 1 1 1
11366 1 26527 2 1 2 1
24792 1 893 1 1 1 1
6657 1 21399 2 1 1 1
18566 1 6657 1 1 1 1
39413 0 5325 290 290 7245 7219
11969 1 26616 2 2 4 3
36488 1 6245 1 1 5 1
11151 1 17991 1 1 3 1
3136 1 16161 2 1 2 1
30980 0 3884 11577 11576 16326 16321
30250 1 32816 3 1 1 1
4638 1 29948 1 1 1 1
27855 0 9636 28518 28518 38015 38015
22777 1 35880 3 1 1 1
3901 1 1387 2 1 1 1
22243 0 13777 7 7 23 14
5542 1 30223 5 1 2 1
38033 0 20954 6964 6964 1186 1186
29753 0 15565 10999 10999 16022 16014
29266 4 13537 27507 27507 21355 21355
1937 6 25054 7053 7050 5295 5295
21124 0 14843 20123 20123 27775 27772
40927 0 290 956 956 32659 32614
31744 4 8674 280 279 589 589
40127 0 2558 16469 16468 32117 32102
2529 4 12558 114 107 106 106
7694 1 33571 2 1 1 1
22610 0 27194 332 331 1673 1668
30249 0 6066 181 181 315 314
658 0 13432 167 167 1427 1421
40928 0 9369 15617 15617 40141 40140
38434 0 9010 24001 24001 21762 21761
30241 6 28445 987 984 244 244
35998 1 12005 1 1 4 1
37809 2 18294 3207 3206 19689 19687
11424 1 34792 7 1 1 1
35840 0 11072 38742 38742 40143 40138
28978 1 22902 1 1 1 1
11576 6 38596 1056 1054 5 5
1930 4 36216 1359 1352 23 23
7939 1 10211 2 1 2 1
28794 4 27413 20745 20745 27175 27175
5741 0 1817 4432 4432 5385 5385
5741 6 31343 2875 2872 106 106
19214 6 3845 57 53 58 57
23468 1 1116 2 1 3 1
19251 1 13436 1 1 4 1
30832 0 17008 11356 11355 16456 16456
10086 1 10085 1 1 4 1
20123 1 21785 2 1 3 1
29801 1 16682 1 1 4 1
2714 6 17927 87 43 8 4
3544 6 29062 1483 1472 7 6
16737 0 2582 28098 28098 32707 32703
37791 0 27732 23288 23288 35593 35588
17526 4 11245 8786 8784 9672 9672
1533 0 604 28872 28872 31590 31579
39727 1 9142 1 1 7 1
13018 3 4849 3 1 2 1
32445 0 36854 164 164 546 544
30065 6 21979 15840 15840 23728 23725
1742 6 21979 17696 17696 25824 25820
23039 1 22926 3 1 1 1
32339 1 27741 2 1 3 1
17262 4 33581 104 103 324 324
26419 1 3896 1 1 2 1
2404 6 17683 22985 22983 23630 23630
33189 0 14812 5995 5995 10068 10064
26452 9 7754 511 511 8499 8498
19015 1 28438 5 2 4 1
12913 1 9397 1 1 3 1
40931 0 27727 4132 4132 37366 37365
1419 1 22014 3 1 2 1
22075 4 35020 6817 6816 1153 1153
14470 4 37913 28 27 275 275
28719 0 7960 35725 35725 37139 37139
8597 1 843 1 1 3 1
14278 0 7240 1315 1315 12849 12832
2970 0 8651 16074 16074 32518 32517
17407 6 4098 7486 7485 2571 2571
15599 5 6014 7257 7257 39183 39180
23298 0 37796 2112 2112 10227 10225
23743 4 1839 2389 2385 1870 1870
9242 1 9241 1 1 2 1
40932 0 8840 18954 18954 40252 40245
20097 1 39891 4 1 1 1
28366 1 34247 2 1 1 1
23644 0 37462 16000 16000 26830 26830
9572 9 9571 1 1 1 1
30724 1 28310 1 1 1 1
18933 4 6687 43 41 353 353
17759 0 2861 135 135 116 108
40933 0 15371 17436 17436 40116 40112
38707 1 6267 1 1 1 1
4208 1 4207 2 1 2 1
15219 1 38553 2 1 1 1
23158 4 15716 1609 1609 3886 3886
21950 1 27256 3 1 2 1
34499 0 3934 11279 11279 23972 23969
35578 1 3227 1 1 3 1
7908 1 6243 421 414 244 243
1914 6 14604 1176 1153 20 20
38010 0 30717 18408 18408 28701 28700
40934 0 22330 4979 4979 39654 39654
36509 0 1481 14646 14646 35169 35168
17630 1 5576 2 1 2 1
16260 4 1174 44 38 82 82
8162 2 27707 34740 34740 33545 33545
28523 9 16965 1 1 1 1
40935 0 16658 7994 7994 39982 39979
25614 0 86 53 53 1216 1213
18620 3 6300 1 1 1 1
10303 0 1380 5238 5238 14480 14465
37033 0 20187 5901 5901 4969 4968
26386 0 18443 19433 19433 18830 18830
38926 0 5480 3169 3169 6461 6460
29831 0 12577 6 5 68 61
15782 0 21097 22110 22110 27947 27944
22438 1 8094 1 1 3 1
40936 2 3999 172 172 32480 32443
1838 0 11464 10500 10500 10114 10112
14405 6 31106 15349 15346 788 788
38576 6 23883 38390 38390 30417 30417
17088 4 35425 19623 19623 17141 17141
849 10 13402 1 1 1 1
31905 1 5241 2 1 3 1
5409 0 9991 24 24 7 5
7245 0 31986 692 692 833 832
34983 1 16742 1 1 2 1
10762 1 12714 1 1 1 1
10953 0 273 11 11 38 25
26769 0 1194 65 65 1491 1489
12790 6 38666 44 43 18 17
20833 0 14547 3611 3611 14256 14256
31477 0 20633 76 76 235 233
25922 1 17748 3 1 2 1
35874 0 3549 31 31 937 922
24436 1 2798 1 1 2 1
25966 1 11230 1 1 2 1
16275 1 18980 3 1 2 1
7862 4 17841 27795 27792 29993 29993
12959 0 12265 22880 22880 29462 29462
40938 0 25310 7954 7954 39916 39914
35627 0 3269 2118 2118 4409 4406
18098 1 22245 6 1 1 1
35614 0 5846 1 1 54 24
29207 1 24456 2 1 4 1
1048 1 24443 2 1 2 1
22767 5 6095 1 1 10 7
12231 0 16476 1 1 8 2
19496 1 30112 1 1 4 1
40940 0 7382 18138 18138 39576 39573
8838 1 20614 2 1 2 1
30101 1 30632 1 1 1 1
9830 1 34527 2 1 2 1
40941 0 13946 7835 7835 39165 39163
28643 0 11339 4403 4403 17349 17345
13847 1 14386 1 1 1 1
27260 1 35256 2 1 2 1
35120 4 33416 16 14 10 10
6728 1 6727 11 1 3 1
