1678 7 40551 517 278 1 1
1678 7 18056 433 196 1 1
1678 7 30089 360 125 1 1
1678 7 36781 391 155 1 1
1678 7 18000 220 14 1 1
1678 7 9202 291 59 1 1
1678 7 26036 24044 23802 6 6
1678 7 35669 325 92 1 1
1678 7 40887 32903 32660 3 3
1678 7 38204 17248 17007 10 10
17935 9 35175 1 1 1 1
785 8 10116 33686 33216 30 30
785 8 37575 9731 9280 2 2
785 8 21817 30832 30365 65 65
785 8 18729 581 139 3 1
785 8 12268 4429 3984 1 1
785 8 29200 17546 17089 3 3
785 8 23537 7684 7236 2 2
785 8 6770 35082 34611 74 74
785 8 1493 4135 3691 8 8
785 8 28822 11765 11313 12 12
785 8 15703 5889 5443 1 1
785 8 8245 9178 8728 14 14
785 8 36761 12316 11862 2 2
785 8 155 13067 12612 11 11
785 8 39420 21149 20687 18 18
785 8 38749 17565 17107 15 15
785 7 11761 2757 2743 18 18
16176 4 33688 1523 1521 32 32
18671 0 11241 23 23 506 491
19621 0 11241 2 2 37 23
15582 0 4030 4 4 340 313
25033 0 4030 2 2 80 54
31351 0 4030 239 239 14383 14354
19165 0 2969 65 65 71 62
21012 1 19165 3 1 2 1
16748 6 29001 132 131 90 88
31740 0 1183 3 3 661 618
26184 1 32091 31222 31219 21261 21261
32091 1 26184 21261 21261 31222 31219
4194 1 6975 1 1 1 1
6975 1 3569 2 1 7 2
15602 0 4367 2476 2476 19209 19180
6546 0 4367 8 8 390 363
24512 1 24859 1 1 1 1
33182 0 5053 2283 2283 5213 5210
5945 6 10270 700 697 41 40
5109 0 22368 36462 36462 35273 35268
20774 0 8060 23849 23849 38794 38794
12274 1 9268 1 1 2 1
12842 1 15886 4 1 2 1
13394 1 3789 1 1 1 1
13394 0 3459 294 294 3735 3728
38200 3 8055 2 1 3 1
36698 0 586 136 136 2132 2054
13143 0 586 6 6 2044 1967
7684 1 586 1 1 3 1
586 3 772 1013 1002 79 78
586 3 3510 284 274 3 3
586 1 11276 6 1 1 1
38212 2 121 3 3 2021 1527
34053 2 121 8 8 2569 2069
21130 2 121 1 1 635 153
22680 2 121 2 1 410 6
33440 2 121 5 5 1793 1304
37929 2 121 5 5 2108 1612
25514 2 121 17 17 4531 4027
31531 2 121 4 4 1983 1490
15287 2 121 12 12 3861 3358
30007 2 121 2 1 309 4
33594 2 121 1 1 1275 789
31050 2 121 4 4 2675 2174
10443 2 121 2 1 429 7
13776 2 121 2 1 467 12
28371 2 121 1 1 1009 525
25046 2 121 2 2 943 460
29285 2 121 1 1 1337 850
29029 2 121 3 3 1578 1090
39017 2 121 4 4 2256 1758
36587 2 121 127 127 20912 20404
29042 2 121 27 27 9348 8842
20341 2 121 3 3 1232 747
33915 2 121 4 4 1918 1426
14588 2 121 2 1 481 16
121 6 39924 5193 5189 297 297
40757 0 1311 24580 24580 40789 40771
40804 0 1311 3761 3761 36926 36909
1311 0 896 1270 1270 545 540
18270 1 18269 3 1 1 1
13049 0 4990 9 9 121 103
36351 0 4990 87 87 250 230
29179 1 10971 1 1 1 1
23886 0 6769 3158 3158 16323 16322
30612 0 4411 13547 13547 28963 28962
14866 0 3633 3426 3426 7417 7412
35748 0 11399 2276 2276 15969 15963
31413 0 15186 5 5 624 622
20145 0 11015 1550 1550 498 497
40728 5 914 86 86 36929 36635
28450 5 914 129 129 32751 32459
7848 5 914 1 1 623 338
35945 5 914 1 1 306 26
25546 5 914 1 1 491 208
38155 5 914 1 1 286 12
36490 5 914 1 1 2274 1986
31958 5 914 1 1 316 34
16022 5 914 4 3 838 552
1595 5 914 38 38 9058 8768
5734 1 377 3 1 2 1
22785 0 5734 7033 7033 10194 10193
1255 6 24915 78 78 20 20
14244 1 11981 1 1 4 1
19390 0 4369 195 195 615 596
15364 0 4369 942 942 4216 4196
6533 0 4369 654 654 22464 22442
20079 0 4369 19586 19586 40326 40303
3634 1 4369 4 1 1 1
10990 1 4301 3 1 1 1
16398 1 2783 3 2 7 1
2783 1 1316 8 1 4 1
31737 0 16660 2 1 16 3
40758 0 6286 2597 2597 39591 39579
36771 0 6286 22 22 404 394
23301 0 6286 26 26 578 567
6286 1 7865 1 1 3 1
40759 0 45 88 88 35966 35963
45 1 44 12 1 1 1
30663 4 40225 79 78 21 21
14235 0 20549 25 25 8 3
20549 1 8731 2 1 5 1
15727 0 20842 117 117 121 120
28017 0 10090 3625 3625 12120 12106
40795 0 10090 1726 1726 38676 38661
32851 1 11382 1 1 25 24
21858 0 14369 814 814 6837 6833
34003 0 20650 6191 6191 18232 18231
5656 1 624 1 1 2 1
624 1 34337 5 1 1 1
32035 1 33317 1 1 1 1
6074 0 11052 29343 29343 31105 31105
6074 1 6073 1 1 1 1
31355 4 35983 316 313 30 30
10203 0 23680 3144 3144 4219 4219
34114 4 1598 27235 27234 3513 3513
15430 4 617 18 4 2 1
617 6 23164 2316 2301 25 25
40760 0 3796 1223 1223 39029 39018
40898 0 3796 1090 1090 39552 39540
27089 0 25460 1 1 10 2
38920 0 20791 8227 8227 16263 16263
26740 0 15987 2955 2955 10435 10430
26740 5 4475 2 2 119 99
33592 0 3640 2 2 128 59
21749 0 16741 1 1 10 6
40287 6 21134 319 319 227 227
14022 1 6297 4 1 1 1
14504 1 14022 1 1 5 1
40761 0 448 1176 1176 39283 39258
23685 1 146 2 1 2 1
24780 0 39997 24972 24972 21790 21790
40762 0 1763 1665 1665 38110 38105
6572 1 6944 1 1 1 1
6944 0 1701 2145 2145 5001 4994
4031 1 9327 1 1 1 1
37067 1 10473 1 1 2 1
23647 0 1338 2 1 34 7
23277 0 13709 23996 23996 27209 27189
3947 0 12235 49 49 112 103
12250 1 12717 1 1 1 1
271 6 40026 5338 5311 86 86
14931 1 36099 7 5 5 4
36099 1 14931 5 4 7 5
36099 1 27949 1 1 2 1
14576 5 2971 20 20 6711 6648
13484 5 2971 1 1 66 4
7443 1 25067 4 1 2 1
16880 0 18633 960 960 6296 6289
16881 1 16880 2 1 2 1
17282 0 228 203 203 2161 2088
33871 0 228 8172 8172 27586 27510
40763 0 987 10773 10773 40484 40479
20046 0 4696 6 6 11 4
8415 2 7033 3 1 8 3
15870 1 18392 2 1 1 1
25017 9 18392 1 1 2 1
3787 1 8742 1 1 4 1
23980 0 3787 8059 8059 23151 23134
8742 1 19068 3 1 5 1
11482 1 10803 2 1 1 1
2901 0 30222 34176 34176 38692 38692
10757 0 3459 159 159 4509 4501
26302 0 3459 1205 1205 14734 14725
10581 4 27666 19893 19893 21086 21086
11449 2 6220 6 5 924 917
258 6 35861 39916 39912 12160 12160
25183 3 11235 969 969 11201 11200
15107 1 15106 1 1 1 1
20809 4 32820 7132 7113 2545 2545
20809 4 32206 1902 1884 62 62
4981 1 17073 2 1 2 1
16542 0 4523 160 159 462 460
40894 0 16542 3890 3890 40159 40157
10161 1 10160 2 1 4 1
10160 0 15134 712 712 1778 1771
26185 1 15249 1 1 1 1
1771 1 1770 3 1 1 1
1771 1 9610 5 1 1 1
1771 1 36226 11 5 1 1
24128 0 8842 2001 2001 5022 5019
26157 1 31405 2 1 1 1
31405 1 31404 2 1 1 1
6096 1 29574 4 1 1 1
31306 6 34770 25111 25111 20575 20575
65 9 439 1 1 1 1
9078 1 23938 1 1 1 1
10215 0 5164 9861 9860 28094 28084
1559 8 14508 55 37 2 1
1559 8 25902 22829 22810 16 16
23501 0 1668 3915 3915 31247 31175
20112 1 27611 1 1 1 1
29717 0 30926 6296 6296 2965 2964
40020 0 17095 9126 9126 18906 18905
23138 0 1929 1 1 273 47
38723 0 1929 1 1 241 20
27757 0 1929 1 1 325 97
35086 0 1929 1 1 250 26
20750 0 1929 1 1 249 26
38906 0 1929 1 1 231 16
18333 0 1929 1 1 301 74
15970 1 3369 2 1 1 1
8306 2 25327 4 3 14 7
25327 5 3250 227 227 38004 37992
32633 1 5596 1 1 3 1
30166 0 5644 2 2 52 34
3771 0 5644 5 5 26 9
36968 0 18425 5200 5200 19260 19257
4765 1 4764 2 1 1 1
17970 0 4765 20142 20142 25606 25601
13604 2 251 1 1 214 205
37309 0 30216 36822 36822 26330 26330
38488 0 19873 6124 6124 29870 29869
21703 2 1136 3 2 235 168
37709 2 1136 4 3 1054 985
29422 2 1136 4 3 1071 1001
34900 2 1136 3 2 782 714
4319 2 1136 11 11 3952 3880
35289 1 33808 1 1 2 1
7560 1 5488 1 1 5 1
40937 0 5488 2574 2574 39473 39470
13163 0 5488 61 61 113 111
3087 1 18847 2 1 1 1
27819 0 3087 1445 1445 4180 4165
29206 1 25712 1 1 1 1
4485 0 608 687 687 1963 1597
4485 1 4213 4 1 4 1
2562 0 608 249 249 9601 9228
40838 0 608 36 36 37353 36961
14223 0 608 301 301 1777 1413
9757 0 608 283 283 1783 1418
21406 0 608 2850 2850 16716 16338
20006 0 608 106 106 11473 11098
1328 0 608 10859 10859 16172 15795
30256 0 608 1809 1809 9721 9347
28595 0 608 2982 2982 31122 30738
40884 0 608 630 630 40085 39686
33590 0 608 3 3 4192 3823
40777 0 608 107 107 37834 37441
39245 0 608 2157 2157 27944 27563
40785 0 608 8 8 34233 33844
40793 0 608 2629 2629 40622 40221
40814 0 608 1158 1158 40503 40103
7793 0 608 11320 11320 32166 31779
37242 0 608 13253 13253 38808 38413
40830 0 608 5 5 34170 33782
40764 0 29777 11079 11079 40843 40841
13128 0 959 3621 3621 13717 13686
35052 0 959 922 922 15869 15837
14092 1 7130 1 1 2 1
40765 0 18 1357 1357 36217 36217
37609 0 25129 5512 5512 20755 20750
3268 1 10028 1 1 2 1
40766 0 35564 6776 6776 40079 40078
15729 1 12999 4 1 3 1
12999 1 15729 3 1 4 1
35258 4 25396 10803 10803 2032 2032
38187 1 29741 1 1 2 1
38187 0 2275 13015 13015 21344 21310
40767 0 15247 2909 2909 39809 39806
27131 1 17012 1 1 1 1
15936 0 23068 1 1 5 3
7803 1 13968 3 1 5 3
13968 1 7803 5 3 3 1
40572 0 32910 2015 2015 39136 39133
39830 0 32910 1 1 7 5
14004 0 25065 552 552 687 684
25065 0 4789 139 139 211 209
32733 0 248 695 695 13775 13765
10121 0 248 83 83 290 281
30194 0 7722 93 93 777 765
23606 0 4877 114 114 3847 3836
32247 0 4877 7 7 80 70
30622 0 2318 2 2 305 181
26982 0 2318 15 15 4060 3930
9320 0 2318 1 1 2122 1993
26224 0 2318 8 8 4555 4424
18713 0 2318 3 3 189 68
38875 0 2318 2 2 2068 1940
3443 1 12083 3 2 1 1
13887 0 3443 264 264 311 300
18271 0 3443 2 2 32 22
4423 0 24850 4297 4297 2211 2210
1038 4 13190 245 74 1 1
1038 4 40447 267 94 4 4
1038 4 33781 193 31 1 1
1038 4 31677 171 19 2 2
1038 4 7455 239 69 3 3
23751 4 8080 41 37 7 7
8080 4 23312 171 168 264 264
25625 5 2176 2 2 958 857
24036 5 2176 2 2 3312 3210
18415 5 2176 2 2 3567 3464
29637 0 28168 2726 2725 6662 6657
17924 0 7315 1536 1536 11382 11377
13300 0 11301 1197 1197 4979 4968
13300 6 14769 5441 5438 1408 1407
25115 0 11301 8151 8151 20941 20929
20438 0 11301 1484 1484 2500 2491
37862 0 11301 665 665 3754 3744
34851 4 31118 341 340 5 5
40242 0 24346 11015 11015 12149 12146
26644 1 4985 1 1 2 1
26644 1 16054 2 1 2 1
8110 0 12168 35 35 1333 1297
36165 0 12168 1084 1084 12805 12768
22455 6 27199 21086 21086 20894 20894
7288 1 36878 1 1 1 1
19322 5 7288 142 142 33940 33925
40768 0 1784 576 576 39366 39319
15769 0 1784 4935 4935 20137 20092
40438 0 1784 4620 4620 34820 34774
40839 0 1784 3905 3905 40552 40504
27441 0 25270 40096 40096 31740 31739
25270 0 6354 3335 3335 19061 19058
12380 1 20717 3 1 1 1
3729 0 20717 99 99 267 256
176 1 25906 462 461 1576 1573
25906 1 176 1576 1573 462 461
40769 0 10981 16429 16429 40898 40897
24894 0 7247 55 55 862 853
27000 0 7247 393 393 19032 19022
17047 0 13439 13143 13143 13067 13067
40770 0 3005 4012 4012 40689 40675
12076 1 3005 2 1 6 1
12740 4 40747 40832 40832 4846 4846
16545 1 14634 1 1 5 1
4313 1 3457 2 1 2 1
1482 0 13752 11416 11416 3641 3641
1482 1 35255 5 1 1 1
11251 1 13752 2 1 2 1
28721 1 22741 1 1 1 1
28721 0 15897 1 1 6 4
3761 0 8987 19000 19000 31778 31778
8987 3 23784 12943 12943 19384 19384
7280 1 26118 1 1 1 1
28912 1 26118 2 1 2 1
38386 0 1904 2 2 7 5
6607 1 11157 4 1 2 1
637 6 31616 18060 18016 670 670
637 6 39715 957 917 26 26
637 6 14054 127 88 7 7
637 6 39536 32761 32716 6728 6728
637 6 23571 2492 2450 51 51
637 6 40404 3079 3036 60 60
637 6 29851 2228 2187 36 36
5767 4 21704 18 1 1 1
3432 4 7926 21516 21514 5367 5367
3509 0 3407 21 21 214 211
13238 0 3407 529 529 3446 3442
26647 1 3407 1 1 4 1
24287 1 17938 1 1 1 1
36533 9 24287 1 1 2 1
17939 1 17938 1 1 3 1
9673 1 8487 5 2 4 1
7998 1 9673 2 1 2 1
8487 1 7998 3 1 4 1
3814 1 3548 2 1 1 1
23744 0 296 4 4 1025 876
21505 0 296 10 10 2639 2489
7397 0 296 1 1 143 4
10506 0 296 2 2 260 115
38028 0 296 1 1 427 280
12013 0 296 1 1 166 24
15119 0 296 2 2 246 102
36945 0 296 5 5 3870 3719
36798 0 51 31 31 5053 4859
38369 0 51 388 388 10244 10049
40705 0 51 316 316 38477 38276
20387 0 51 4 4 3238 3045
40810 0 51 43 43 36379 36179
27837 0 51 11 11 493 301
5886 0 51 278 278 14067 13870
20051 1 20050 1 1 3 1
20861 1 5558 2 1 3 1
26868 0 6233 2 2 16 7
26868 1 5872 2 1 3 1
37434 0 917 12565 12565 28211 28208
25228 0 917 1853 1852 3074 3072
20402 0 16155 2109 2109 9610 9609
30004 0 2482 3 3 29 20
18986 0 2482 8 8 115 105
39024 0 29467 2190 2189 743 742
38724 0 29467 11349 11349 21116 21114
36561 5 129 1 1 506 462
1583 0 129 15680 15680 17776 17767
406 1 1287 3 1 10 1
23997 1 406 2 1 2 1
18173 1 1287 2 1 11 1
40882 0 1287 424 424 38290 38250
332 0 1287 1 1 49 11
18612 4 33576 65 44 1 1
18612 4 19325 25 10 1 1
12266 4 18612 2 2 4 4
5940 0 532 1 1 75 3
1521 0 532 1 1 80 5
40279 0 532 1 1 90 12
30426 0 532 1 1 85 8
15231 0 532 1 1 77 4
40771 0 10613 1109 1109 36816 36805
29184 1 22723 3 1 2 1
29184 1 30903 2 1 1 1
6386 0 26454 327 327 485 481
3277 1 37105 1 1 1 1
31630 0 33081 14348 14348 6424 6423
33081 0 3606 24918 24918 35568 35555
1354 1 1353 2 1 2 1
4940 6 40772 40565 40563 378 378
4385 0 4940 2 2 395 384
29446 0 4940 68 68 56 46
24366 1 7539 1 1 1 1
9683 6 40773 39648 39647 3260 3260
40773 0 2732 2207 2207 38786 38783
33864 0 13576 4338 4338 7582 7577
28351 1 685 1 1 1 1
35900 3 685 1 1 4 1
8053 1 32295 7 1 2 1
35212 0 8053 5 5 727 725
8643 0 1819 1514 1513 1351 1345
7117 1 8643 3 1 2 1
24594 5 1819 1 1 236 196
3210 5 1819 1 1 89 50
27467 0 31416 22997 22997 32093 32091
464 1 3675 1 1 2 1
3675 1 12232 6 1 2 1
3675 1 19310 7 1 2 1
4006 1 7203 1 1 1 1
1307 1 11050 1 1 2 1
10097 6 15251 64 64 1797 1797
21168 1 10097 2 1 3 1
23083 0 26718 3904 3904 3703 3703
21673 0 26120 7729 7729 18906 18905
26120 0 6426 2 2 5 1
24650 0 27939 6338 6338 8857 8853
38457 1 9568 1 1 3 2
27178 0 2497 24878 24878 25436 25339
31174 0 2497 9027 9027 15154 15058
19058 0 2497 1 1 443 350
23035 0 2497 4522 4522 12762 12667
5147 0 2497 2451 2451 25808 25710
5305 1 1 2 1 2 1
29442 1 5305 3 1 5 2
12784 4 1630 22 16 10 10
12784 4 5463 14 9 23 23
25315 1 20655 4 1 2 1
8198 0 20655 78 78 281 277
20655 1 5129 1 1 2 1
931 0 2275 22775 22775 21194 21161
11433 0 2275 12805 12805 12786 12754
14758 0 9787 898 898 4497 4478
36898 0 1686 3522 3522 24938 24930
40774 0 16369 2419 2419 37980 37975
17226 1 10110 1 1 2 1
27870 2 2023 4 4 425 375
18478 2 2023 8 8 3937 3885
11490 2 2023 43 43 5334 5281
20278 2 2023 12 12 6070 6016
16554 1 29212 3 1 1 1
29212 0 34093 32610 32610 13161 13161
36825 0 20796 1 1 187 182
5335 5 9988 697 697 36260 36258
29725 5 9988 472 472 40898 40895
1864 4 39744 195 115 1 1
1864 4 12986 78 6 12 12
1864 4 9221 133 55 3 3
1864 0 1703 1 1 14 2
12378 1 3604 2 1 2 1
9895 1 13428 5 1 1 1
15667 1 15666 1 1 3 1
2507 3 4435 446 445 284 284
6789 9 2507 1 1 2 1
16918 1 2507 3 1 4 1
20071 4 20803 7 2 9 9
20849 1 14778 1 1 1 1
13053 1 24622 1 1 3 1
40284 1 24622 1 1 5 1
19366 0 20234 15263 15263 10557 10555
26315 0 19366 360 360 6760 6753
35882 2 2524 11 10 1143 1100
33234 2 2524 2 1 64 22
40939 2 2524 90 90 39891 39846
8199 0 15331 7 7 32 30
19502 1 12706 2 1 1 1
11732 1 7659 2 1 3 1
29649 0 11732 246 246 9192 9184
7659 1 7279 5 1 6 2
12815 4 27688 25 5 2 2
12815 4 20570 187 164 2 2
26871 0 2084 8806 8806 13530 13530
4955 6 15531 6 5 11 8
8178 1 11153 1 1 1 1
2181 6 20785 3805 3787 66 66
2181 6 11583 2616 2599 39 39
23792 0 30977 1576 1576 22692 22687
4102 4 38587 303 293 23 23
40775 0 35896 11662 11662 40508 40507
6696 1 21296 2 1 3 1
21295 1 6696 1 1 3 1
8023 1 21296 1 1 1 1
3303 0 10707 5452 5452 30301 30275
17408 0 4099 6918 6918 10445 10444
23226 0 34449 29007 29007 33944 33943
4136 1 4135 4 1 1 1
39465 0 16668 10926 10926 33934 33930
16257 0 23562 13095 13095 29823 29818
4227 6 32367 1524 1521 597 597
40607 0 4227 147 147 33131 33128
16679 1 16678 1 1 1 1
1122 9 23212 1 1 1 1
23212 0 2918 177 177 942 866
7532 1 7531 3 1 2 1
29273 1 14570 1 1 3 1
5949 0 3779 345 345 951 899
8913 0 3779 22526 22526 20905 20850
23795 2 2580 1 1 48 11
9939 2 2580 2 2 143 102
20115 2 2580 1 1 49 11
36622 2 2580 1 1 63 24
15250 5 2644 2 2 382 366
4951 1 5069 2 1 4 1
7948 1 8993 2 1 1 1
3755 1 18943 3 1 3 2
18943 1 30961 1 1 1 1
17857 1 11523 2 1 3 1
6924 4 37669 282 267 20 20
6924 4 25551 18 4 3 3
30696 4 40310 14210 14210 2533 2533
5259 0 9217 1772 1772 1391 1383
28032 0 5259 1873 1873 9145 9137
20159 4 23395 18857 18855 5007 5007
17347 4 20159 18 14 9 9
3882 4 10151 4326 4326 8182 8182
8811 0 2340 9282 9282 4177 4175
32387 0 8811 13053 13053 32962 32959
35192 0 2340 5234 5234 4843 4840
19066 6 13595 14707 14701 102 102
2887 0 2938 2 2 6 3
2887 1 7436 3 1 3 1
15497 1 2938 1 1 2 1
25015 4 28828 23077 23077 13168 13168
21810 4 25015 146 137 8 8
3850 0 160 59 59 4474 4436
15553 0 160 3154 3154 18270 18229
17933 0 160 7439 7439 33632 33590
30234 0 2731 1 1 60 33
46 0 14274 10152 10152 19220 19214
14834 1 16497 3 1 4 1
14834 1 8390 2 1 5 1
14834 1 5110 4 1 10 1
40922 0 14834 6509 6509 40617 40612
11673 1 5110 2 1 9 1
29358 0 2687 1 1 33 2
8288 0 2687 1 1 39 4
33791 0 2687 1 1 47 11
33543 0 40596 40816 40815 33136 33136
172 4 7119 8949 8948 4963 4963
35331 5 172 1 1 363 23
28580 5 172 56 56 9823 9471
18603 5 172 12 12 5947 5597
36972 5 172 1 1 318 4
78 5 172 1 1 330 5
33614 5 172 5 5 3569 3221
35822 5 172 1 1 639 295
39121 5 172 2 2 1855 1508
22074 5 172 190 190 34795 34434
20314 5 172 57 57 10417 10063
1118 5 172 28 28 13851 13496
21326 1 23555 1 1 4 1
2173 6 38083 21 10 2 1
2173 6 18659 988 976 33 33
33947 4 39713 19845 19845 10734 10734
18377 3 4166 1 1 4 1
34858 0 18783 28844 28844 35216 35215
3968 1 5813 2 1 3 1
11261 1 5813 1 1 7 1
5813 1 31835 10 3 2 1
36714 0 38851 3718 3717 1239 1239
30857 0 30511 34280 34280 39738 39737
1365 1 15439 2 1 2 1
39987 0 81 6 6 1113 1066
36104 0 81 1 1 80 34
5785 0 26217 12 12 5 2
19380 0 26217 882 882 6681 6677
6787 1 26217 4 1 3 2
16634 0 9747 830 830 7206 7190
36078 1 7833 1 1 1 1
32975 0 9558 4988 4988 14776 14776
32975 1 32002 1 1 1 1
22353 1 15922 2 1 1 1
1604 1 6991 2 1 3 1
2547 1 14925 1 1 2 1
14212 0 14737 15 15 626 614
4130 0 3621 1 1 34 27
24323 0 3621 381 381 22348 22340
3621 0 9758 83 83 88 71
10319 4 33522 567 551 13 13
27683 1 39142 1 1 1 1
16503 1 110 1 1 1 1
40776 0 5310 3020 3020 39900 39890
25496 0 5310 3 2 15 6
1913 6 25274 8223 8218 9211 9210
33711 5 19257 2 1 9 2
32197 1 22383 1 1 1 1
23062 1 12031 1 1 1 1
26578 0 239 10724 10724 36076 35813
19936 0 239 17077 17077 39828 39561
40929 0 239 59 59 37885 37621
24226 0 239 678 678 7681 7430
20767 0 239 209 209 8832 8579
19429 0 239 68 68 4039 3791
32842 0 239 1313 1313 34165 33903
34670 0 239 1254 1254 22949 22691
23758 0 239 10320 10320 39447 39181
13023 0 239 19 19 332 87
16182 0 239 40 40 2776 2529
17401 0 239 1708 1708 31543 31282
34239 0 239 3843 3843 15348 15092
2069 1 15760 5 1 1 1
22182 1 3014 3 1 2 1
31096 1 15639 1 1 1 1
15639 1 29383 6 1 1 1
15639 1 207 3 1 1 1
13398 0 71 7602 7602 36111 36048
2736 4 13398 24976 24927 27019 27019
13398 4 7720 16 9 3 3
20939 0 2215 3 3 378 373
7946 1 1765 2 1 2 1
1947 0 1249 5 5 53 8
22728 1 16506 1 1 3 1
34810 9 22728 1 1 1 1
3254 0 2886 12949 12949 38302 38294
18890 4 37812 618 615 21 21
18890 4 28071 332 330 122 122
24803 4 28831 56 55 53 53
12939 1 23279 2 1 1 1
13702 1 12070 5 1 2 1
27600 0 7589 89 89 3844 3835
24117 1 1225 1 1 1 1
1110 0 20337 453 453 610 605
40926 0 20337 1112 1112 38338 38331
354 4 36395 551 548 3 3
24159 0 12803 21009 21009 24597 24597
26948 2 3620 1 1 1260 1235
37272 0 7800 14200 14200 35992 35981
23037 4 3762 33501 33499 5049 5049
33783 2 1326 8 8 2536 2400
22501 2 1326 1 1 209 76
31495 2 1326 19 19 6758 6621
19086 2 1326 6 6 510 376
38740 2 1326 5 5 2135 2000
38719 2 1326 18 18 8026 7888
36238 0 1326 75 75 920 906
18160 0 1200 7 7 126 126
23552 1 10327 2 1 1 1
40037 0 19153 9788 9788 38479 38477
33552 0 40037 40238 40237 30797 30797
7751 0 3712 284 284 200 192
7196 0 3712 27 27 90 83
28826 1 3712 1 1 3 1
26351 6 25426 10951 10951 11517 11517
17946 0 26351 5969 5969 2298 2294
10124 0 25426 32267 32267 37173 37169
6974 6 17672 33246 33245 6430 6430
19506 1 15393 2 1 2 1
32325 0 17590 30656 30656 37523 37515
40778 2 26169 1565 1565 40867 40867
36197 4 29170 1172 1172 43 43
1264 1 22448 4 1 2 1
40779 2 1646 42 42 38156 38115
40782 2 1646 108 108 40184 40141
40780 0 379 3879 3879 39479 39461
40828 0 379 1218 1218 37706 37689
14490 1 12757 1 1 4 1
34243 0 1244 1 1 1210 919
12545 0 1244 2 2 447 164
28964 0 1244 1 1 998 708
4871 0 1244 1 1 313 35
17807 0 1244 6 6 586 299
14487 0 1244 1 1 297 21
40781 0 4921 1268 1268 38945 38942
9372 1 1508 1 1 2 1
2261 4 19476 20 10 1 1
2261 4 18565 40 24 4 4
5771 4 39949 58 50 2 2
13951 1 3521 5 1 5 1
18299 1 274 2 1 6 1
15954 1 34113 4 1 1 1
17141 0 21055 6 6 8 5
13878 1 26428 4 1 2 1
35918 0 391 6 6 411 408
39002 1 39001 1 1 1 1
4532 1 26446 1 1 1 1
11891 5 16320 179 179 30837 30823
13955 1 11289 3 1 4 1
1592 1 17240 6 1 1 1
15523 0 2604 9 9 2255 2220
36776 0 2604 2481 2481 11083 11043
40872 0 2604 803 803 39513 39470
6989 0 2604 19672 19672 24314 24273
38136 0 2604 6 6 2999 2963
31426 1 2604 1 1 7 1
12623 1 6107 1 1 2 2
22297 1 8322 2 1 2 1
21592 1 22297 2 1 3 1
4547 1 21674 2 1 1 1
32040 1 4547 1 1 6 1
7982 1 20572 1 1 2 1
7983 3 7982 2 1 2 1
31376 2 743 3 3 207 104
32748 2 743 29 29 10389 10280
36118 2 743 10 10 3433 3326
743 6 9450 8133 8132 300 300
39780 0 2807 166 166 4383 4378
4722 0 2807 5697 5697 4175 4171
35415 0 2807 4479 4479 23653 23647
15011 0 1542 155 155 5148 5127
10421 1 10420 4 1 2 1
26009 0 265 1 1 306 55
9536 0 265 1 1 345 91
15205 0 265 1 1 325 72
36270 0 265 1 1 755 493
39375 0 265 1 1 645 385
12974 0 265 2 2 489 231
25076 0 265 1 1 656 395
19351 0 265 1 1 451 195
11480 2 1534 2 1 48 41
40783 0 4407 11264 11264 39194 39194
4407 1 39995 7 1 1 1
8464 1 8424 5 1 3 1
23763 1 3300 1 1 6 1
24479 1 23586 1 1 2 1
28656 0 21 1 1 72 5
38617 0 21 1 1 66 3
39259 0 21 39 39 3484 3415
6493 0 3567 3510 3510 10411 10409
21912 0 22347 568 568 2143 2142
24178 1 9908 4 1 1 1
22121 0 351 1 1 107 3
25316 1 746 2 1 1 1
3063 1 4791 6 1 2 1
11495 0 4791 490 490 2213 2199
36889 0 883 1 1 236 24
22017 0 883 1 1 253 40
39078 0 883 2 2 1490 1268
7495 0 883 1 1 265 51
7498 0 883 2 2 401 184
36527 0 883 1 1 348 133
31583 0 883 5 5 1666 1443
40784 0 14144 2789 2789 40342 40324
3408 6 8243 49 1 4 3
3408 6 8940 1211 1135 17 17
3408 8 38801 2239 2173 2 2
3408 8 28506 493 428 8 7
10233 4 38705 72 58 1 1
36048 6 18704 7200 7200 28655 28655
1046 7 36048 269 153 1 1
1962 1 1961 5 1 3 1
11585 3 21329 4 1 1 1
32391 1 11972 1 1 1 1
31739 4 18679 306 304 21 21
26785 1 7703 1 1 5 1
20520 1 6788 3 1 1 1
11565 1 37185 8 1 1 1
11565 1 12441 9 1 1 1
29689 1 11565 1 1 6 1
19922 0 8858 9 9 777 766
15795 6 39521 215 215 687 687
840 8 19493 12 1 2 1
840 8 36647 239 226 2 2
840 6 30428 5537 5524 4780 4780
26662 0 7523 19938 19938 21285 21282
26756 0 9311 6 6 13 2
12636 1 24788 3 1 1 1
20784 1 387 26544 26543 22617 22617
387 1 20784 22617 22617 26544 26543
12153 3 19756 3 2 1 1
13239 0 284 1 1 358 133
34758 0 284 2 2 297 73
35142 0 284 1 1 244 25
33324 0 284 1 1 203 9
24884 0 284 1 1 229 14
39131 0 284 1 1 288 66
26984 1 38840 3 1 1 1
9435 1 13227 1 1 8 1
5449 0 9435 17 17 62 61
31592 1 13227 1 1 6 1
23798 1 23297 876 873 1482 1481
21935 1 23297 1 1 1 1
4425 0 9880 2 2 16 7
17011 3 17169 3 1 5 1
7442 1 23836 2 1 1 1
7442 0 12505 315 315 4225 4217
23836 1 3274 3 1 3 1
17432 1 30826 1 1 1 1
11988 4 31236 87 86 209 209
31236 4 34496 603 602 7 7
1444 0 9048 739 739 427 412
5768 0 1444 939 939 6899 6864
39440 0 1444 5350 5350 19350 19314
20898 0 9048 235 235 4909 4891
2408 0 9048 34 34 511 495
33742 0 9048 3168 3168 24443 24422
38351 0 9048 9 9 862 845
6375 1 8324 2 1 1 1
37317 0 6230 14224 14224 17372 17371
10713 4 2207 169 164 241 241
40786 0 1672 232 232 35244 35208
40892 0 1672 42 42 31608 31573
28472 5 10737 655 655 39510 39507
10737 6 27038 1336 1332 238 238
21537 0 1027 1 1 183 30
35194 0 1027 1 1 174 22
39579 4 25695 13353 13353 3211 3211
12699 0 2137 1 1 15 4
27906 0 19986 657 657 560 557
19986 1 16852 3 1 3 1
30297 1 3771 1 1 1 1
39950 0 2362 1 1 11 9
16469 0 178 2 1 568 556
34721 0 178 2 1 133 122
9225 0 178 2761 2761 5108 5095
31063 0 2110 1 1 227 42
38241 0 2110 127 127 12018 11824
31237 0 2110 1 1 261 75
5590 0 2110 8 8 669 479
7272 1 33016 1 1 2 1
17837 0 7272 4 4 4 3
36109 1 33016 1 1 3 1
33016 1 33015 1 1 1 1
39272 0 12035 1 1 14 5
11022 6 27914 63 56 9 9
40787 0 5243 3318 3318 40487 40482
3741 1 18271 1 1 1 1
40788 2 593 91 91 40775 40748
27944 2 593 39 38 5676 5651
9102 2 593 21 19 2883 2859
40548 0 16045 3050 3049 7309 7308
758 1 10360 2 1 5 1
10360 1 10359 1 1 1 1
3223 0 3161 13 13 107 71
5881 1 18355 2 1 1 1
38969 0 16196 32704 32704 39827 39827
29347 0 1461 361 361 14519 14506
1650 1 16394 8837 8830 1569 1569
1650 1 16302 4 1 1 1
40174 1 1650 117 117 9234 9226
9952 1 37466 8 1 1 1
2245 0 2918 1839 1839 7147 7070
2245 1 2244 1 1 1 1
14233 0 2918 3885 3885 24457 24376
1079 0 2918 2426 2426 11428 11349
32727 1 24872 2 1 2 1
39701 0 5987 30639 30639 38864 38864
15176 1 18854 3 1 3 1
18854 0 7016 1305 1305 989 987
24327 0 3027 9869 9869 30846 30792
14366 0 24327 35115 35115 27965 27965
23190 1 13002 2 1 3 1
5729 1 20226 1 1 1 1
20226 0 13887 1 1 8 3
8274 1 8999 1 1 2 1
18181 1 8274 1 1 2 1
9428 1 8999 2 1 6 1
8511 1 31347 1 1 1 1
21811 0 278 1 1 215 36
33666 0 278 1 1 195 19
21874 0 278 1 1 220 40
29143 0 278 1 1 186 14
18106 0 278 1 1 187 14
39291 0 278 1 1 228 47
37756 0 278 1 1 198 21
511 0 15897 697 697 1529 1526
15736 0 1677 30 30 4519 4463
829 0 1677 1 1 99 45
27621 0 1677 16 16 11586 11527
29445 1 1550 2 1 4 1
18936 4 39578 44 43 8 8
34932 2 14540 2 1 73 69
647 1 6311 4 1 1 1
33210 6 17250 23209 23209 30832 30831
9637 5 1981 3 3 1479 1427
21619 5 1981 10 10 10863 10809
11643 3 3908 4670 4669 3033 3033
30998 1 7774 2 1 2 1
30998 1 2447 1 1 2 1
16669 2 916 2 1 163 26
8577 2 916 2 1 224 83
18018 2 916 2 1 244 102
35944 2 916 2 1 555 410
9258 2 916 2 1 279 136
34189 2 916 2 1 177 38
21737 0 2589 6952 6952 9227 9209
40303 0 2589 1545 1545 6437 6420
3167 1 6502 6 1 3 1
17014 2 3167 2 1 55 34
7204 1 3167 1 1 2 1
32383 0 427 1 1 94 26
13521 0 427 2 2 232 162
11437 0 427 3 3 257 186
16023 0 4958 16 16 226 224
5777 4 4318 7 1 1 1
5144 4 4318 10 7 3 1
4318 6 27523 1763 1759 68 68
19086 6 12484 7 4 6 3
12201 4 22304 275 269 26 26
10786 1 14577 1 1 1 1
20175 0 7143 5006 5006 24378 24372
1205 1 23424 3 1 1 1
35226 0 37189 85 83 238 236
19169 1 25362 2 1 2 1
14940 1 12227 2 1 3 1
12227 1 13800 2 1 3 1
2813 0 3170 1446 1446 6515 6515
3170 1 3169 4 1 1 1
35238 1 8601 1 1 2 1
36661 1 39486 2 1 1 1
17745 5 774 1 1 1841 1703
17745 2 1137 2 2 5312 5205
37417 5 774 1 1 138 4
29963 5 774 1 1 132 4
40735 5 774 139 139 39984 39844
23613 4 28865 492 488 1 1
24660 4 23613 173 170 160 160
6782 5 5167 170 170 34013 33993
34227 5 5167 34 34 11309 11291
5167 6 27267 34060 34059 2171 2171
40789 0 25921 37404 37404 40788 40788
18492 6 36549 283 282 25 25
864 1 14562 3 1 2 1
32699 0 14562 1880 1880 7898 7887
4521 1 25708 5 1 2 1
10559 1 10558 1 1 1 1
3083 0 26431 142 142 334 329
5974 0 9758 7373 7373 21342 21320
4522 0 9758 7214 7214 13996 13976
12683 0 9758 1480 1480 18562 18541
19 0 29519 809 809 962 960
38094 4 40790 40529 40529 14257 14257
36200 0 5055 25657 25656 21805 21805
204 1 3048 6 1 1 1
32488 1 204 2 1 3 1
40791 0 11084 2432 2432 39828 39810
33754 1 5275 1 1 2 1
32 4 32392 56 41 5 5
32 4 24489 264 247 9 9
12319 4 14836 20 15 5 5
27811 2 10916 92 91 4603 4598
30475 0 10916 26762 26762 26982 26982
15792 0 3763 1857 1857 3439 3434
8019 1 30805 4 1 1 1
2949 1 8019 4 1 5 1
30805 1 16646 3 1 5 1
35060 0 5892 107 107 3183 3175
11125 4 10606 326 326 58 58
25276 1 3926 2 1 6 1
13830 1 6490 1105 1099 130 130
13830 1 7308 6 1 1 1
6490 1 13830 130 130 1105 1099
1366 0 29 11 10 18 11
29 1 11186 2 1 2 1
6226 1 29 1 1 3 1
19987 4 11397 731 729 773 773
4506 1 9454 1 1 3 1
6037 0 39187 12216 12216 3635 3633
39187 0 11100 222 222 3652 3634
2381 2 12273 1 1 30 1
7324 2 12273 1 1 48 4
6513 0 650 8077 8077 18731 18689
37308 0 650 134 134 5682 5641
40792 0 9525 3397 3397 38850 38846
30839 1 10851 1 1 1 1
21181 5 232 3 2 24 15
11205 5 232 8 8 5552 5542
24984 0 232 23931 23931 32801 32795
38752 0 728 44 44 1383 1376
8716 6 31315 6 6 25 25
24013 1 23715 3 1 4 1
36734 5 985 12 12 6093 6026
7458 5 985 1 1 232 168
12641 0 39 1 1 238 35
7396 0 39 2 2 220 21
21862 0 39 3 3 236 34
21561 0 39 2 2 227 26
13466 0 39 1 1 207 11
17532 0 39 2 2 246 42
18621 0 39 1 1 215 17
1398 0 19101 36395 36395 38614 38612
13758 1 29291 2 1 3 1
4555 0 1115 13240 13240 16245 16236
39750 6 18050 21479 21479 30712 30711
11789 1 24319 6456 6456 28636 28635
24319 1 11789 28636 28635 6456 6456
7072 1 9237 3 1 2 1
13503 1 7072 1 1 6 1
25660 5 4520 23 23 2237 2233
38151 0 7155 16 16 3092 3087
4453 6 7580 26494 26488 46 46
7580 0 34614 1679 1679 26320 26319
26183 0 11186 340 340 5073 5070
35764 0 14617 14615 14615 31989 31988
4608 0 3699 3 3 51 32
40827 0 3699 231 231 35704 35683
8852 0 7403 5195 5195 12246 12241
8176 1 8852 1 1 1 1
193 6 27058 77 23 2 2
193 6 11869 33 1 2 2
193 6 18878 55 4 1 1
19842 4 22836 5236 5231 10511 10511
21930 1 21045 1 1 3 1
21930 0 12252 16705 16705 12441 12434
5745 1 14074 2 1 2 1
26613 1 9037 2 1 3 1
9037 0 3099 7466 7466 7071 7070
7396 4 28775 233 218 60 60
24578 3 23111 4 1 1 1
21061 1 25626 2 2 1 1
24011 0 12474 36279 36279 36766 36764
13829 1 16710 1 1 1 1
4185 1 13829 1 1 3 1
13829 3 25284 3 1 3 1
12211 0 6042 36 36 2236 2226
13978 1 2276 1 1 1 1
39294 4 26572 22809 22809 30789 30789
33294 0 3229 819 819 20111 20102
8108 0 3229 8333 8333 31263 31253
3229 1 22044 3 1 1 1
6633 7 40129 1730 1720 8 8
6633 7 12050 2562 2551 4 4
16200 0 1852 1641 1641 5112 5063
16201 1 16200 1 1 3 1
19710 6 10760 12 11 14 9
32734 1 3419 1 1 3 1
4779 1 14955 2 1 1 1
3716 1 1998 1 1 6 1
40577 0 3716 8242 8242 40467 40453
31620 0 3716 3320 3320 3961 3949
28941 0 3716 1217 1217 6823 6810
17519 0 3716 221 221 1169 1158
9620 0 3716 1 1 16 6
2915 1 12159 7 1 4 1
522 1 21041 4 1 3 1
522 1 13953 1 1 2 1
522 0 16646 31925 31925 12822 12822
32701 0 522 2 2 22 10
31153 0 36722 5680 5680 13650 13648
36722 0 1474 7687 7687 20931 20916
7592 1 9560 4 1 1 1
2035 1 8589 3 1 2 1
25494 1 8589 1 1 4 1
4666 1 4665 4 1 2 1
4665 0 6717 2549 2549 5275 5273
6144 1 19664 1 1 3 1
28456 2 1773 2 2 87 48
28456 6 22320 3078 3076 125 125
5443 2 1773 2 2 38 1
18213 1 18982 2 1 2 1
18716 0 37537 12192 12192 3877 3875
6882 9 10563 1 1 1 1
40794 0 32275 14041 14041 40435 40434
19296 1 6611 2 1 2 1
16065 0 36140 10 10 26 23
40829 0 16065 23364 23364 40643 40642
32071 1 23898 2 1 2 1
37285 0 184 1 1 302 9
39009 0 184 935 935 16713 16410
3395 0 184 1 1 297 6
32164 0 184 1 1 163 3
34310 0 184 1 1 237 4
39279 0 184 1 1 287 5
11281 0 184 1 1 294 5
30773 0 184 1 1 173 3
15734 0 184 1 1 345 46
5209 0 184 2 2 1350 1048
16507 0 184 1 1 307 12
40030 0 184 1 1 238 4
1190 6 31657 56 43 1 1
1190 6 39319 51 39 1 1
17492 1 20700 3 1 1 1
16074 0 18268 1 1 7 2
21289 0 18268 1 1 10 4
14746 1 23603 283 282 476 474
7078 6 36019 26249 26249 17643 17643
7486 0 7078 1554 1554 2621 2613
4225 1 13633 6 1 4 2
4225 1 11780 4 1 2 1
754 1 2375 3 1 2 1
1823 7 36030 28120 28119 1925 1924
6054 0 4123 759 759 8756 8722
6054 3 1296 7323 7321 4428 4427
3215 0 7911 1 1 34 31
6678 1 7911 1 1 1 1
16802 1 8850 4 1 1 1
1076 1 1075 6 1 2 1
1076 1 27277 9 1 1 1
18470 1 18469 1 1 1 1
7673 1 10866 3 1 1 1
7673 1 8629 1 1 2 1
8644 1 14101 4 1 1 1
493 0 1629 13977 13977 24885 24873
2736 4 26470 64 19 2 2
2736 4 34726 69 23 1 1
2736 4 35146 112 64 4 4
2736 4 33515 28 5 2 2
35179 0 19119 213 213 2194 2193
13379 4 19119 5970 5967 883 883
28508 2 3843 4 2 52 24
40099 2 3843 8 7 3533 3504
9537 1 3843 1 1 2 1
25746 0 11870 6511 6511 18493 18493
26637 6 24424 38324 38324 39503 39503
15305 5 2978 2 2 78 11
10135 5 2978 3 3 877 808
14631 0 3275 29 29 24 18
1043 1 14631 4 1 3 1
39736 1 21554 1 1 2 1
39736 0 4427 1 1 51 29
8260 0 7895 37 37 91 87
16624 0 8260 10573 10573 14540 14538
36792 1 37816 1 1 1 1
40796 2 3317 19 19 39209 39176
11856 1 2643 1 1 3 1
8104 1 4274 5 1 1 1
8104 1 12438 4 1 1 1
9749 1 13574 3 1 2 1
40797 0 19420 19740 19740 40682 40680
24056 0 9777 22264 22264 35110 35109
12866 6 7036 11036 11036 10620 10620
19409 4 36350 4440 4440 16692 16692
28857 0 706 3 3 88 75
19163 0 18538 1265 1265 10193 10190
16614 1 25570 3 1 1 1
16614 1 8351 4 1 1 1
24052 1 24051 1 1 1 1
29706 4 499 4582 4582 7223 7223
34810 0 17502 37237 37237 37518 37518
40798 0 38876 4755 4755 40591 40591
26283 6 40443 22249 22249 4970 4970
32794 0 18895 1205 1205 28168 28160
3034 2 1137 1 1 95 1
19442 2 1137 1 1 109 5
26122 4 31544 62 56 4 4
17880 1 20417 1 1 1 1
3499 1 20417 2 1 2 1
20434 0 21190 2764 2764 12558 12557
13327 6 22210 722 722 475 475
40799 0 5636 8652 8652 39561 39561
14768 6 24252 5 4 3 1
9578 0 473 23293 23293 37578 37575
20196 1 21248 2 1 2 1
21248 9 11908 1 1 1 1
6765 1 27335 2 1 2 1
37410 0 27335 18577 18577 25316 25315
12725 1 21889 1 1 1 1
19754 0 4059 416 416 492 489
9461 4 12081 5 4 2 1
8574 0 5381 150 150 1325 1314
8574 1 8573 4 1 2 1
29585 1 8574 1 1 3 1
13699 0 5381 2365 2365 19459 19447
36608 0 123 13498 13498 40674 40665
24094 0 123 6484 6484 23507 23499
516 0 292 1 1 249 10
31393 0 292 1 1 242 8
14242 0 292 1 1 589 338
33413 0 292 187 187 9258 9006
15177 0 292 1 1 274 29
39499 0 292 1 1 248 10
13524 0 292 1 1 240 7
31996 0 292 1 1 440 190
26845 0 292 1 1 253 11
14814 0 292 1 1 228 5
13283 1 2720 2 1 2 1
2720 1 5598 1 1 3 1
34387 1 26855 1 1 2 1
26856 1 26855 1 1 1 1
37173 4 10091 39934 39934 29889 29889
19951 0 20010 185 184 899 892
40800 0 28344 13182 13182 40590 40589
24652 0 26678 17051 17051 33430 33426
27632 0 31556 2543 2543 5245 5243
8336 6 2824 2925 2925 883 883
14255 1 19144 2 1 3 1
20014 0 14262 2 2 16 11
40801 0 16573 4617 4617 39967 39963
2360 1 4933 2 1 5 1
40802 0 39415 30763 30763 40730 40730
30541 0 22903 1523 1523 3516 3515
20618 1 9942 2 1 3 1
38150 0 712 99 99 305 300
25109 0 7757 147 147 7746 7744
40803 0 5646 1033 1033 40273 40269
1003 1 5646 1 1 2 1
35081 1 28378 1 1 2 1
11590 1 29649 2 1 1 1
39026 0 29817 10051 10051 23477 23475
13903 6 32368 6462 6458 271 271
30745 1 37402 1 1 1 1
10159 1 38458 1 1 1 1
27696 1 6690 1 1 3 1
28744 1 6690 1 1 9 1
20852 1 6690 1 1 8 1
40885 0 6690 643 643 37669 37661
16732 0 10532 81 81 282 278
6916 0 19429 20782 20782 13320 13320
10276 1 9887 4 2 2 1
4800 1 9900 1 1 3 1
19570 1 4800 3 1 3 1
17182 1 2190 1 1 1 1
4461 0 19310 12758 12758 31115 31107
1046 7 18091 1342 1225 1 1
1046 7 18788 2436 2318 1 1
1046 7 39181 2552 2433 1 1
37226 0 11964 101 101 3035 3033
11632 9 24469 2 1 1 1
40699 0 12729 524 524 38221 38206
14428 0 772 2279 2279 8275 8266
19055 0 772 7523 7523 26501 26491
40710 0 31312 12206 12206 40634 40632
11686 1 5336 6 1 5 1
30852 1 3198 1 1 2 1
29243 0 26808 18619 18619 7416 7416
21449 0 12858 2 2 7 3
12857 1 21449 1 1 1 1
3233 1 4145 3 1 2 1
19055 1 19054 1 1 1 1
8310 6 12531 8 2 3 1
7557 1 7633 1 1 2 1
17844 0 7120 22727 22727 30862 30859
1269 1 11040 2 1 5 1
11040 1 14848 4 1 3 1
26676 0 8201 6665 6665 11397 11384
28241 1 7436 1 1 2 1
18458 9 31641 1 1 2 1
31641 3 37842 38597 38596 3309 3309
25873 0 2795 11617 11617 27664 27663
17430 1 14006 1 1 1 1
13991 0 6823 85 85 189 183
19570 1 23428 2 1 3 1
8288 4 37118 14 12 5 5
40805 0 33924 12621 12621 40760 40759
25230 0 6253 251 251 814 809
15292 3 10198 1 1 3 1
39489 0 11666 80 80 4229 4211
39489 1 15557 1 1 2 1
37831 2 11666 11579 11579 34375 34375
15516 1 12820 3 1 3 1
34071 1 12820 1 1 2 1
4175 4 8602 9 4 1 1
24042 1 5537 1 1 1 1
19211 0 4744 20859 20859 32438 32435
31371 0 7474 7056 7056 10235 10228
27812 0 7474 3558 3558 16125 16117
28947 4 15200 120 120 7 7
18660 6 21000 8 8 9 9
15472 0 25385 2530 2530 4301 4298
12507 0 13404 110 110 150 145
26342 1 17895 3 1 3 1
2152 1 8496 1 1 4 1
39760 0 574 1 1 196 153
40877 0 574 45 45 33894 33849
35412 5 11510 1 1 57 38
2085 6 10383 7 2 2 2
14202 1 14201 1 1 5 1
1043 1 20085 2 1 1 1
40806 0 6850 1032 1032 39252 39227
40503 0 9914 10315 10315 36119 36117
14770 1 14307 1 1 2 1
32716 1 17183 1 1 1 1
35390 1 3256 2 2 2 1
4482 4 9719 252 248 23 23
20428 0 3527 3735 3735 21197 21180
3527 6 20663 46 46 48 48
30409 2 35441 40500 40500 40503 40503
11083 1 5302 1 1 2 1
23196 1 10129 1 1 3 1
1066 1 29752 2 1 1 1
40807 0 3538 3764 3764 40433 40420
22793 0 3538 4 4 21 9
6768 6 24640 4880 4877 3200 3198
6768 6 10205 29184 29180 8508 8508
2869 1 15125 3 1 3 1
29302 0 15125 945 945 8365 8363
9588 0 1406 5740 5740 5477 5467
18159 0 17493 1890 1890 6517 6511
21497 1 33875 4 1 1 1
20938 1 22485 1 1 2 1
13056 6 39139 31121 31119 1348 1348
23942 0 26928 25 25 16 14
28004 0 6478 7061 7061 32875 32873
4747 0 22951 1 1 7 3
20860 5 2566 7 7 10477 10461
7590 5 2566 8 8 12474 12457
20768 0 17402 1935 1935 4795 4793
35193 1 20768 1 1 1 1
8572 0 5856 1132 1132 3139 3114
17370 0 5856 26200 26200 40662 40634
31972 0 5856 7553 7553 15440 15413
17380 1 15779 2 1 2 1
27964 0 16186 7526 7526 16866 16860
15981 0 1328 1 1 17 4
26071 1 9303 2 1 2 1
9303 9 21981 1 1 1 1
38768 0 29318 120 120 4416 4412
36229 0 18254 720 720 9568 9551
1019 4 596 27 11 1 1
1019 4 8780 50 27 1 1
23239 1 15927 4 1 2 1
30477 1 23239 2 1 2 1
21996 6 20017 1571 1569 609 609
21996 6 11995 2401 2398 7307 7307
25766 0 22616 3756 3756 16772 16769
9455 0 23399 4545 4545 30973 30967
23000 6 39446 16628 16628 7518 7518
122 1 7516 1 1 4 1
11412 1 19152 2 1 1 1
8803 1 27429 2 1 1 1
15261 0 14295 32192 32192 37794 37793
25268 4 21905 6 4 1 1
15504 1 8591 5 1 3 1
8591 1 16989 4 1 1 1
15601 10 15600 1 1 1 1
31927 1 15601 1 1 2 1
34363 5 8522 22712 22712 33680 33680
33641 0 19894 12928 12928 31117 31116
33826 1 19127 1 1 2 1
39523 0 2723 610 610 14600 14562
39523 1 21345 1 1 2 1
7540 0 2723 4262 4262 9991 9954
4541 0 2723 3175 3175 4100 4064
28671 0 7444 8527 8526 25824 25821
40808 0 40809 40942 40942 40808 40808
26933 0 1475 35552 35552 36911 36891
35848 0 18654 3 3 239 234
19162 0 18654 8 8 48 44
29185 6 40731 40659 40658 6133 6133
3467 1 3466 3 1 2 1
15345 5 4450 6 6 515 510
7117 1 7049 1 1 1 1
32624 6 26608 17994 17993 1506 1506
2269 1 2268 3 1 3 1
30613 0 6961 1 1 6 4
2956 4 29945 14 10 2 2
40706 0 10059 5149 5149 40783 40780
3866 4 38485 174 167 7 7
3866 4 24189 7982 7974 2190 2190
9119 0 21826 17290 17290 29438 29438
18389 3 999 9956 9954 18803 18801
999 3 18389 18803 18801 9956 9954
35808 1 32154 22031 22031 13560 13560
37756 4 40810 40930 40930 12822 12822
20583 1 27612 1 1 1 1
1020 0 3141 1 1 48 2
28305 0 3141 1 1 55 5
6564 0 11337 5807 5807 24616 24615
23511 0 15656 123 123 324 298
5394 1 2601 1 1 1 1
19679 0 5394 4099 4099 15374 15367
2004 1 24164 6 1 1 1
2004 0 30642 948 948 65 64
25774 1 12289 3 1 4 1
24676 0 24224 2726 2726 4433 4432
23848 1 8714 2 1 3 1
17814 4 3175 37185 37184 18011 18011
17465 1 17464 2 1 1 1
22570 1 22569 1 1 2 1
6630 0 4722 33 33 37 29
1142 0 4722 4635 4635 6986 6977
23700 1 24343 2 1 1 1
9573 6 3123 582 582 2160 2138
15354 6 3123 232 232 2747 2724
14853 6 3123 2512 2511 2975 2951
6067 1 28605 1 1 1 1
8474 4 17327 33142 33142 23178 23178
30941 1 3753 3 1 3 1
30941 1 33174 2 1 2 1
11546 0 4442 69 69 3470 3436
6865 4 2298 255 251 114 114
1021 1 207 4 1 2 1
2872 0 17555 413 412 425 420
268 0 17555 2285 2285 4050 4043
40811 0 2664 212 212 34350 34334
40871 0 2664 1009 1009 37722 37705
2664 0 2624 426 426 211 204
35435 0 12605 8 8 141 138
29862 1 29861 1 1 1 1
31789 0 494 10715 10715 35361 35349
22923 0 28916 124 124 52 51
27985 1 27484 1 1 1 1
29410 0 16944 32559 32559 39343 39339
11888 0 36918 6623 6623 5216 5214
37558 2 741 1 1 50 5
28640 2 741 1 1 46 3
9021 2 741 1 1 42 3
22157 3 1791 2 1 1 1
22158 3 1791 3 1 2 1
8471 1 6302 2 1 1 1
32069 0 19823 13937 13937 33545 33543
38790 0 13 4683 4683 36223 36209
19437 1 22294 2 1 2 1
25022 1 32013 1 1 2 1
39553 0 4628 4 4 126 117
40833 0 4628 2517 2517 39349 39339
11144 1 2617 1 1 2 1
38399 1 1022 1 1 4 1
10536 1 36694 1 1 1 1
40178 1 1578 5663 5663 20126 20124
40864 0 1578 897 897 40095 40089
22410 1 37961 2 1 1 1
15647 4 32971 3406 3406 716 716
1708 0 8438 5399 5399 246 245
6124 1 5907 3 1 8 3
8270 1 6124 8 1 2 1
5826 1 10722 2 1 3 1
21697 0 2070 38041 38041 38951 38951
6530 1 22543 3 1 2 1
5932 1 21935 7 1 2 1
28875 3 5192 1 1 2 1
28676 3 28875 3 1 2 1
5178 1 14819 6 1 1 1
21092 0 5178 5584 5584 19048 19019
16318 0 5178 10 10 7198 7170
40918 0 5178 1370 1370 38818 38787
31349 1 5178 1 1 3 1
27341 1 31627 3 1 1 1
912 0 7047 123 123 208 195
739 0 912 519 519 516 505
24031 0 7047 8911 8911 12765 12751
30204 1 7047 5 1 3 1
40812 0 17281 18837 18837 40596 40596
9906 1 36905 5 1 1 1
6743 0 8355 764 764 10121 10098
1538 0 8355 411 411 892 870
35277 1 27784 1 1 1 1
5869 1 26782 5 1 1 1
40813 0 19386 4764 4764 40407 40405
38378 1 22534 1 1 5 1
31576 0 30844 7624 7624 17519 17519
10205 1 10204 3 1 2 1
11177 1 37094 6 2 1 1
7045 1 2382 1 1 4 1
21977 5 16419 4 4 203 196
3364 1 3363 2 1 3 1
3528 0 10834 1186 1186 6262 6259
17960 4 24312 34 30 10 10
27223 1 20426 1 1 2 1
24636 1 6535 2 1 2 1
23949 5 212 1 1 66 38
27657 5 828 3 2 240 226
1410 1 24564 1455 1455 639 638
3066 0 8076 377 377 1594 1586
18215 1 1414 2 1 10 1
10895 1 13973 6 1 1 1
3239 4 39144 55 7 2 2
3239 4 27881 74 25 1 1
3239 4 36428 129 78 2 2
18904 3 17353 2 1 2 1
7935 1 2201 4 1 3 1
17190 1 757 1 1 1 1
1415 1 32170 4 1 1 1
23786 1 2902 1 1 1 1
2029 1 18094 3 1 1 1
553 1 13871 3 1 3 1
24179 1 10508 1 1 1 1
25575 1 10508 1 1 2 1
27360 6 36837 161 161 53 53
31841 0 19545 8677 8677 21136 21135
33840 0 1754 6303 6303 31402 31390
40875 2 1754 1373 1373 40471 40465
38079 2 1754 6782 6781 37363 37358
40815 0 39071 18229 18229 40816 40814
29342 0 8978 39 39 2007 1991
6890 0 36281 28890 28890 10599 10599
8040 1 21358 268 264 44 43
10520 0 24854 7718 7718 2016 2016
28943 1 243 2 1 1 1
20030 0 13734 969 969 1723 1721
4563 0 12505 11 11 8 2
37725 0 23377 1 1 14 9
26865 1 19204 3 1 2 1
20288 6 29915 158 156 16 15
24515 2 20288 19 19 1215 1210
18855 0 2060 5155 5155 23053 23039
26308 5 18855 170 170 35333 35319
24430 0 2060 3181 3181 9784 9771
11475 1 13563 1327 1324 1407 1403
13563 1 11475 1407 1403 1327 1324
14231 0 7944 84 84 142 141
36007 6 17148 37894 37894 25259 25259
13350 0 29456 6739 6739 26148 26148
36696 5 9528 2 1 10 2
19256 5 9528 2 1 12 3
30889 0 33367 5500 5499 2244 2244
26734 0 2288 61 61 1330 1328
16979 4 35069 111 111 3 3
23628 0 2614 15310 15310 16785 16781
39567 0 4694 4 4 395 381
6695 0 32813 14826 14826 20284 20284
15469 0 6418 411 411 1724 1700
34418 1 25064 2 1 2 1
8727 1 8726 3 1 1 1
14189 1 23592 3 1 1 1
35545 1 14189 1 1 2 1
10877 1 11728 5 1 6 1
32814 0 4976 12 12 276 273
4165 3 25845 4 1 1 1
20625 1 7778 2 1 1 1
30076 0 10715 13 13 221 218
40816 0 14697 13390 13390 40212 40212
14697 1 31992 5 1 1 1
19191 1 27971 1 1 2 1
13842 0 11910 8354 8354 13266 13265
5985 6 10735 9 3 15 8
12732 3 28417 2 1 2 1
12732 1 26677 2 1 1 1
6204 1 6203 1 1 1 1
40817 0 19840 23228 23228 40828 40825
3387 0 19840 25215 25215 11351 11349
6550 1 2423 2 1 8 1
2423 1 24830 4 1 3 1
2924 4 30666 58 4 1 1
2924 4 2659 49 4 1 1
2924 4 29020 104 33 3 3
2924 4 36766 138 64 1 1
1379 1 25548 1 1 1 1
6265 1 1379 3 1 2 1
18135 3 294 35113 35110 8249 8249
2209 1 24141 5 1 2 1
15500 1 4546 1 1 4 1
15500 1 7996 2 1 3 1
31596 6 8773 37664 37664 30431 30431
40818 0 35587 32042 32042 40918 40918
34338 1 9890 1 1 8 1
14748 1 9890 1 1 10 1
9890 1 12054 7 1 2 1
40819 0 15962 3022 3022 37427 37426
16130 0 10326 19441 19441 37141 37139
40820 0 20319 7564 7564 39919 39918
11212 0 1856 197 197 1582 1568
14579 1 1856 2 1 1 1
28303 3 9776 1 1 3 1
9776 1 9775 2 1 1 1
561 0 5278 25314 25314 40296 40287
13724 4 995 7365 7364 3195 3195
154 1 153 1 1 4 1
5791 1 11553 2 1 3 1
24115 1 18755 2 1 2 1
28674 0 3041 1833 1833 14399 14392
40821 0 14864 1748 1748 38275 38270
17883 0 18836 3664 3664 15015 15012
40822 0 9367 1127 1127 39811 39788
40930 0 9367 1069 1069 38003 37981
7005 0 9367 1 1 133 113
26765 1 9367 1 1 2 1
2151 0 4180 4475 4474 6457 6455
40823 0 11638 863 863 37342 37325
18175 1 18573 2 1 2 1
24724 1 3969 3 1 3 1
3969 0 3582 8160 8160 9513 9487
17345 0 3969 47 47 36 32
34877 1 6582 2 1 1 1
6582 1 16956 9 1 5 1
26100 1 28248 1 1 3 1
33245 0 3980 13 13 110 108
4106 1 4105 3 1 1 1
584 1 28894 318 316 52 52
35143 1 33405 1 1 3 2
17003 0 479 3550 3550 18772 18762
9877 5 6166 1 1 29 1
30263 1 25760 1 1 1 1
30656 1 25760 1 1 2 1
1999 4 17069 41 34 6 6
18272 1 19427 2 1 1 1
29081 1 13187 1 1 4 1
16522 0 3780 304 304 2042 2006
26742 0 15839 3 3 92 89
1918 6 39340 14835 14828 128 128
11624 1 20815 2 1 1 1
13939 0 7027 6 6 1780 1774
5788 0 7027 41 41 29 24
40824 0 2657 4577 4577 40222 40215
1294 0 25140 11119 11119 7523 7520
21281 0 428 2940 2940 18197 18171
40911 0 428 4297 4297 39835 39808
39800 1 30816 1 1 2 1
12660 0 1095 6 5 13 2
17450 0 1095 17708 17708 15064 15052
11922 0 14898 14015 14015 32510 32492
23590 0 12772 10370 10370 19196 19193
3072 1 15159 3 1 2 1
24523 0 8582 4 4 25 18
188 6 29407 5 2 5 1
39603 4 27065 23681 23681 8218 8218
4691 1 14239 2 1 1 1
36188 1 4691 2 1 1 1
36501 0 4902 11449 11449 29963 29963
40022 0 6784 35 35 3229 3224
4121 1 17988 2 1 2 1
34845 5 10076 18 16 557 552
19999 4 35620 17 8 2 2
25642 0 31168 5664 5663 4331 4330
28192 2 3865 2 1 94 76
25039 0 2409 1 1 25 4
34598 0 2409 1 1 141 117
40825 0 22386 26952 26952 40873 40872
15804 0 10824 6 6 18 13
40826 0 30737 8063 8063 40082 40081
11678 4 24132 2877 2877 2695 2695
11178 1 14178 4 1 1 1
19319 1 11039 2 1 3 1
23526 0 9730 9163 9163 32816 32814
12960 0 23054 7442 7441 4141 4141
18237 1 14439 2 1 6 1
17375 6 39568 11 9 4 4
6955 0 2697 4 4 44 42
16533 0 2697 26 26 53 50
27268 1 11354 2 1 5 1
1968 1 1967 2 1 2 1
20914 0 1967 1 1 7 2
23271 0 7641 31199 31199 28988 28988
19684 3 19683 2 1 1 1
4983 6 33006 19591 19591 16206 16206
17534 9 12584 2 1 1 1
6871 1 18043 460 458 220 219
5628 7 18994 7457 7424 6 6
2502 1 20104 3 1 2 1
15657 0 4985 6396 6396 32660 32658
34914 1 6434 1 1 4 1
39981 0 306 1 1 24 7
21026 0 306 2 2 10 1
37154 5 9269 395 395 39029 39026
9073 1 5502 1 1 1 1
30127 0 1623 3952 3952 23488 23485
16304 0 30127 27491 27491 17067 17067
16980 1 4548 1 1 3 1
469 0 14498 17230 17230 16457 16446
9243 6 35214 7168 7164 5190 5190
36148 4 23121 9960 9959 2470 2470
3358 1 4743 2 1 3 1
9720 0 4743 4 4 44 34
40888 0 4743 4506 4506 40276 40265
2064 1 2154 1 1 1 1
22278 1 35919 1 1 1 1
36060 0 14935 18871 18871 39070 39061
27146 5 11426 2 2 464 455
3169 0 3813 137 137 486 468
3823 1 3813 1 1 5 1
20664 4 26988 1701 1699 21 21
6374 1 11133 3 1 3 1
33074 2 7 32 32 2196 2159
18961 2 7 1 1 38 2
17395 0 7902 246 246 5954 5950
22908 1 5606 4 1 2 1
10254 1 10253 1 1 2 1
40906 0 10253 3215 3215 40663 40649
14113 1 5076 1 1 5 1
36403 1 10838 1 1 2 1
14974 0 14973 9858 9858 4161 4153
14973 3 19845 15448 15446 3782 3782
40831 0 4593 14492 14492 40391 40391
31084 1 27014 1 1 2 1
12467 4 39860 23 17 1 1
40832 0 6630 11095 11095 40835 40831
26778 4 2803 14634 14634 8940 8940
3765 1 28497 2 1 1 1
20691 1 4936 1 1 3 1
7886 0 12463 1356 1356 15924 15918
14999 4 31316 22107 22107 10605 10605
22172 0 11068 7 7 491 477
454 3 16514 2 1 1 1
3025 1 16514 2 1 1 1
29578 0 15788 25682 25682 39831 39830
23802 0 21987 5037 5037 9759 9756
21987 0 20963 9876 9876 11016 11015
11759 2 10987 11 11 35 34
38689 0 12894 28566 28566 33634 33624
40834 0 14087 22400 22400 40702 40702
14853 1 5935 1 1 2 1
4044 4 31152 11453 11453 4511 4511
29372 0 24630 463 463 6633 6628
24630 0 22399 32662 32662 24970 24969
19479 5 4701 1 1 29 7
8240 5 4701 1 1 89 66
33163 5 4554 2 1 22 15
29553 1 26733 1 1 1 1
29553 0 8837 9752 9752 23973 23971
6792 1 14058 2 1 3 1
21282 0 15062 6738 6738 18082 18082
23036 4 36472 451 445 18 18
5783 4 23036 7985 7976 8512 8512
40835 0 40836 40668 40668 40834 40834
18778 6 32930 14777 14776 1237 1237
18778 0 5314 7 7 624 597
24621 2 17930 4 1 12 3
27989 2 17930 5 3 26 16
26041 0 4289 18101 18101 26376 26376
16899 4 24507 16559 16559 8080 8080
14917 3 17826 2 1 1 1
30990 9 28312 1 1 1 1
8980 1 3552 2 1 1 1
33079 0 3582 6438 6438 35462 35434
16497 1 26305 1 1 1 1
26368 1 8799 2 1 2 1
4480 1 32602 6 2 1 1
35059 0 27412 2676 2676 1256 1253
2645 4 29221 324 316 232 232
23462 0 5675 22325 22325 22015 22006
40853 0 23462 4844 4844 39897 39892
25133 5 5012 2 1 8 2
14927 4 5288 15092 15088 11898 11898
11058 2 6577 1 1 111 59
60 2 6577 1 1 160 107
7534 9 18226 2 1 1 1
10204 1 10208 1 1 2 1
5031 1 28475 1 1 2 1
15312 0 12860 31352 31352 21334 21334
21401 1 1933 1 1 8 1
12469 1 1992 5 1 2 1
18451 5 1238 2 1 9 2
37552 0 2655 2 2 17 13
2655 0 9806 1754 1754 2738 2732
40284 0 6614 6473 6473 27847 27824
3130 1 27019 3 1 1 1
23982 0 37653 4248 4248 12974 12972
20447 1 9918 1 1 1 1
15028 1 16314 4 1 6 1
15028 1 5116 3 1 6 1
40628 0 33021 28310 28309 40928 40928
3648 1 3647 1 1 4 1
19317 0 1107 372 372 14268 14258
830 1 21753 1 1 1 1
8270 1 9886 2 1 1 1
14780 1 6419 5 1 2 1
40837 0 15224 8591 8591 40333 40321
7188 0 11737 3 3 140 130
10277 1 32396 1 1 2 1
10277 1 2951 2 1 6 1
15054 1 2951 3 1 1 1
25047 0 19223 4538 4538 13974 13974
23871 0 918 26 26 2696 2689
40840 0 918 2255 2255 38802 38794
8168 0 13192 2744 2744 19554 19554
10293 1 12214 1 1 2 1
23642 0 26543 30536 30536 39171 39171
26543 1 12312 2 1 3 1
4913 4 20284 41 11 3 3
3331 5 16655 213 213 2088 2086
3331 1 35484 4 1 1 1
16739 1 16646 1 1 4 1
6726 1 5782 5 1 1 1
6726 3 6725 3641 3639 671 671
11335 1 6726 1 1 3 1
5491 1 1201 1 1 6 1
6549 1 14425 4 1 2 1
5544 1 3327 2 1 7 1
3403 1 6328 1 1 2 1
7229 4 37460 13468 13451 14104 14104
20544 1 28902 2 1 1 1
3291 1 20544 4 1 3 1
530 1 21170 5 1 1 1
9371 1 9370 2 1 2 1
26061 0 9371 1680 1680 9819 9816
9371 0 5623 721 721 196 194
21518 1 29527 1 1 2 1
35181 0 21518 24660 24660 23538 23535
36581 0 16397 4818 4817 4512 4512
3972 7 37089 39812 39733 7 7
8883 0 5790 10377 10377 20691 20691
38389 0 7334 2 2 106 104
27814 0 9178 30 30 647 645
10855 1 19155 1 1 2 1
10855 1 31116 37560 37559 35647 35646
1431 4 27265 29 14 13 13
27563 1 35599 1 1 1 1
1193 4 39361 22 11 1 1
39975 0 7068 621 621 7878 7870
3855 0 3909 6 6 6 1
28703 0 3909 1377 1377 26591 26583
11573 1 13583 2 1 4 1
40841 0 16266 6012 6012 40827 40804
2434 0 16266 2 1 27 6
40842 0 67 871 871 36672 36663
1154 0 18959 5792 5792 13755 13753
32397 0 13044 7068 7068 32761 32752
17819 1 653 2 1 1 1
37840 0 313 1 1 36 28
40843 0 3679 816 816 39098 39087
40843 4 5346 747 747 40319 40319
13988 0 168 9912 9912 16683 16678
38754 2 10661 2 1 5 2
29501 0 6358 30258 30258 34820 34818
29860 0 18587 19453 19453 24511 24511
33438 1 36858 1 1 1 1
36858 1 35629 2 1 1 1
12381 0 1474 1341 1341 13136 13122
2863 0 6499 1234 1234 793 792
7328 0 5714 33107 33107 30558 30557
14412 0 20621 12305 12305 23006 23005
35316 5 38173 4 2 15 14
20490 1 7847 2 1 2 1
21077 4 10657 258 257 28 28
10380 0 1964 5932 5932 26901 26899
17802 1 3847 1 1 2 1
29031 4 40721 40616 40615 5777 5777
29630 5 22311 6 6 73 69
14888 4 21122 159 150 3 3
14888 0 2518 1 1 64 3
819 1 7732 5 1 5 1
7100 4 29718 33207 33205 6204 6204
8077 1 7192 1 1 1 1
16136 1 39043 2 1 1 1
13225 1 15253 2 1 4 1
40844 0 6467 2176 2176 38493 38486
6069 0 37345 3555 3555 9099 9098
4895 0 8093 10719 10719 34758 34731
21558 1 13645 1 1 2 1
10544 6 38325 121 106 1 1
23888 0 1730 1 1 216 116
33667 0 1730 1 1 110 12
22133 0 1730 1 1 105 8
19623 0 1730 3 3 497 396
28603 4 38563 15336 15335 2710 2710
16620 1 2522 1 1 1 1
24900 3 5965 1 1 2 1
3989 4 18951 18 11 18 18
22965 1 167 4 1 3 1
35645 0 7367 37671 37671 40039 40039
36255 0 10055 1 1 8 2
1574 1 8899 6 1 2 1
21174 5 2295 141 141 19165 19063
34328 5 2295 174 174 36258 36155
28418 5 2295 144 144 18090 17989
34439 5 2295 1 1 220 121
40845 0 32455 6678 6678 39837 39836
35000 0 9668 1 1 34 18
32116 0 21176 1100 1100 9686 9684
23390 0 40586 36360 36360 1138 1138
40848 0 23390 3433 3433 38711 38708
19903 4 29357 274 274 755 755
35177 0 14481 11225 11225 16253 16253
12330 0 11599 2893 2893 10249 10243
3579 1 19372 1 1 3 1
9842 0 3579 892 892 2201 2189
22422 1 9505 1 1 5 1
15330 1 28910 2 1 1 1
22889 0 11852 3909 3909 28577 28568
29771 9 3592 1 1 1 1
25748 1 34204 1 1 1 1
1772 6 37182 1817 1813 9 9
15158 0 40846 40934 40934 40076 40076
40847 0 8407 22661 22661 40236 40236
35466 0 11507 10 10 191 188
12327 0 411 10920 10920 19929 19906
21952 4 9376 8311 8311 2682 2682
4177 6 5022 22 7 10 10
5040 0 220 27 27 132 123
20777 0 30968 31901 31901 39616 39615
17995 1 415 2 1 6 1
6540 0 6677 1347 1347 4599 4597
30360 1 7239 1 1 4 1
1226 4 33413 2477 2453 2246 2246
36259 5 860 5 5 5235 5165
30840 5 860 24 24 13479 13408
39831 1 4370 1 1 6 1
17244 1 15986 1 1 4 1
9116 4 34497 71 69 2 2
4771 4 11796 44 2 2 2
18918 0 15687 2 2 8 5
18918 6 31983 9812 9803 7446 7446
29544 0 6411 2723 2723 19271 19264
13258 1 515 1 1 6 1
7665 4 11919 13 9 2 2
8356 1 22637 1 1 1 1
17180 1 8356 1 1 8 1
39574 0 13157 28065 28065 32847 32844
20711 1 1090 1 1 1 1
32427 0 24062 5244 5244 11129 11128
40849 0 13412 2613 2613 39539 39534
4316 0 1500 1841 1841 2998 2971
29122 0 1500 1 1 253 227
29916 0 33246 15728 15728 15180 15180
33246 0 425 191 190 2496 2477
3714 1 3991 1 1 1 1
6702 1 4469 3 1 6 2
20629 0 10089 4784 4784 2633 2633
18423 1 20629 2 1 2 1
4855 1 19562 4 1 3 1
11423 1 4213 5 1 6 1
10241 0 10481 4463 4463 1062 1060
27097 0 10241 5 5 70 60
5125 6 35244 935 935 147 147
10842 1 11135 2 1 1 1
3451 1 3450 1 1 6 1
3450 1 6752 4 1 2 1
26219 0 15966 86 86 5202 5199
20729 0 30962 21144 21144 13657 13657
31196 0 30962 31332 31332 37354 37353
36881 0 119 1 1 86 49
119 0 2748 256 255 151 141
2323 1 23181 1 1 1 1
14339 9 16095 1 1 1 1
32957 0 5195 9 9 89 83
32623 1 5195 2 1 3 1
32917 0 9489 4949 4949 26201 26197
40688 0 3489 69 69 36810 36749
13220 2 6815 5 4 56 52
5097 1 27076 4 1 1 1
17030 1 2573 2 1 5 1
2573 1 9486 4 1 2 1
37807 1 30144 1 1 1 1
2521 1 38597 3 1 1 1
6946 1 8731 1 1 1 1
9873 9 35523 1 1 1 1
1071 6 14854 6400 6394 381 381
3398 4 14735 27 11 1 1
5855 1 7329 3 1 3 1
3929 1 27247 10 1 1 1
16292 1 29803 2 1 1 1
6578 0 5973 3470 3470 3573 3569
40850 0 1543 1451 1451 39430 39373
37429 1 32885 1 1 1 1
5932 1 5931 6 1 1 1
14336 1 2808 1 1 1 1
23816 0 13145 1 1 2 2
16675 0 11522 7301 7301 18951 18951
40851 0 14187 2402 2402 39177 39173
10755 4 22444 12114 12113 3049 3049
11129 1 13730 6 1 5 1
25343 1 13730 4 1 6 1
8639 0 3289 119 119 1130 1107
3289 6 36920 57 41 7 7
8776 1 1347 2 1 5 2
1347 1 4276 1 1 1 1
39300 0 1590 136 136 3088 3065
37068 1 22654 1 1 1 1
1801 1 21363 2 1 1 1
31983 0 35119 22548 22548 34403 34402
31983 6 2119 26618 26616 4689 4689
19488 0 3006 340 340 23294 23284
19488 1 38649 19531 19531 39598 39598
40852 0 6747 16050 16050 40661 40659
28133 0 18038 222 222 6675 6672
8634 9 19910 2 1 2 1
11304 0 19910 19209 19209 21729 21728
20413 0 1973 911 911 1706 1651
26353 1 4814 6 5 13 9
22355 0 11595 2064 2064 16099 16093
1588 1 19716 2 1 2 1
11612 1 21343 2 1 2 1
5569 1 10107 5 1 7 2
5923 1 5569 4 2 4 1
24840 0 14776 4907 4907 4285 4285
24031 4 32273 17062 17062 1011 1011
12006 1 23328 2 1 1 1
15403 4 40478 1192 1192 92 92
16346 0 16005 4694 4694 2547 2545
7668 1 35530 3 1 1 1
9434 4 40717 40848 40845 7710 7710
22914 1 3088 1 1 3 1
2945 9 2944 1 1 1 1
24743 1 24742 1 1 2 1
31284 1 19047 1 1 1 1
1664 1 16927 3 1 2 1
40307 0 4362 4 4 510 503
29218 1 4362 2 1 1 1
4362 0 8787 21 21 13 6
17040 8 37417 11990 11989 59 59
39206 0 12650 1 1 23 5
29976 5 5742 1 1 455 434
15635 5 5742 8 8 1838 1815
903 5 5742 4 4 1419 1397
17663 4 9378 28 25 69 69
20364 1 26993 2 1 1 1
27150 0 3232 9269 9269 16855 16848
40854 0 14981 740 740 38680 38676
40855 0 25028 16382 16382 40339 40339
40678 5 5841 105 105 37651 37638
26893 3 11921 22063 22061 644 644
38438 0 24102 21214 21214 25704 25700
22467 0 22049 9 9 24 21
15542 0 22049 6186 6186 34216 34211
40856 0 8153 505 505 39703 39684
36147 0 8153 1600 1600 20646 20628
10925 1 8153 2 1 2 1
34372 4 36708 74 74 5 5
7489 6 35302 617 612 39 38
9267 0 1292 274 274 1245 1240
5975 0 8327 16208 16208 16583 16574
112 6 23406 33 2 5 5
6559 1 18773 1 1 2 1
13687 1 7279 1 1 3 1
37981 0 904 4 4 159 147
15563 1 17861 4 1 3 1
24736 1 14901 2 1 1 1
7506 1 27215 8 1 1 1
28486 1 28485 1 1 1 1
22848 1 33665 2 1 2 1
15952 0 3163 4 4 204 164
9298 0 3163 1 1 32 2
28717 0 3163 1 1 38 3
17876 3 17875 1 1 1 1
22196 1 22195 1 1 1 1
13637 1 27685 4 1 1 1
10125 4 13911 13999 13997 2240 2240
4146 0 37135 5580 5580 7616 7614
31487 4 8818 678 678 19 19
36976 0 4550 199 199 9194 9096
24513 0 4550 1 1 113 17
27936 0 4550 2 2 385 288
12322 0 4550 1 1 103 10
40857 0 2021 1521 1521 39475 39421
27575 0 6658 280 280 4632 4620
19537 9 28961 1 1 1 1
1070 0 17546 731 731 896 892
9755 1 9754 1 1 4 1
769 1 9754 1 1 3 1
40381 0 34906 102 102 3292 3292
15427 0 134 5065 5065 25533 25519
134 1 2633 2 1 1 1
1511 0 15914 3640 3640 13225 13222
5005 1 28613 6 1 1 1
18503 1 5005 2 1 5 1
40140 0 27752 2 1 20 17
16225 4 4698 376 373 406 406
40858 0 15284 5357 5357 38928 38922
628 1 627 1 1 1 1
16800 4 32120 2357 2357 698 698
25305 0 2099 1 1 77 50
13821 1 13530 1 1 2 1
16002 1 36632 2 1 2 1
40859 0 37052 7914 7914 40338 40337
6188 4 24112 82 64 2 2
6188 4 24347 25 8 3 3
15067 0 18496 23441 23441 10526 10526
29361 1 18956 1 1 1 1
10119 1 25492 2 1 1 1
28682 1 6956 1 1 1 1
22077 5 6956 1 1 21 2
720 9 26603 2 1 2 1
18029 0 8812 22065 22065 29309 29308
36166 1 16798 1 1 1 1
30646 4 33263 8071 8071 2062 2062
10063 0 8348 2091 2091 28477 28470
28320 1 27155 2 1 2 1
27155 1 29136 1 1 1 1
737 0 704 12940 12940 31786 31785
16207 1 16206 1 1 1 1
37148 0 23650 16831 16831 37661 37661
33954 1 14292 1 1 2 1
29886 1 28685 1 1 2 1
9855 6 33387 40 16 6 2
3785 0 28084 27043 27043 38918 38917
20088 5 3785 90 90 16257 16240
32514 5 3785 81 81 25184 25166
6922 1 6921 5 1 7 1
6921 1 7885 4 1 5 1
7656 1 11492 2 1 1 1
16454 1 15118 5 1 4 1
27917 0 8192 2 2 11 8
27917 1 5927 2 1 8 3
5927 1 27917 8 3 2 1
4197 0 8050 1 1 4 1
4197 1 37513 6 1 1 1
25431 1 5635 1 1 1 1
15018 1 18772 1 1 1 1
9762 6 8948 13182 13178 4020 4020
30927 6 25532 1071 1071 5353 5353
19315 1 39214 2 1 1 1
39214 0 32965 32 32 160 160
18563 0 4302 16 16 167 165
21993 1 19504 2 1 1 1
9794 0 26796 7935 7934 7675 7675
40860 0 1945 319 319 34656 34632
13748 1 11108 2 1 1 1
4384 1 24793 2 1 2 1
10633 4 19550 24900 24900 7025 7025
27322 1 37139 1 1 1 1
40383 0 38168 30900 30900 38076 38076
7362 4 32362 15 3 3 3
22231 1 8513 1 1 2 1
40692 0 8924 2892 2892 40348 40339
1685 1 12089 4 1 1 1
450 4 4488 272 254 5 5
39094 5 3918 204 204 39545 39527
40914 5 3918 84 84 39889 39870
2315 0 3918 10 10 114 106
40869 0 3918 13511 13511 40527 40518
39375 4 35988 3589 3589 1464 1464
33362 0 724 1644 1644 24168 24150
4388 4 38068 51 39 1 1
24592 0 13837 7142 7142 22726 22722
4109 6 1349 7 3 22 21
20971 4 929 9459 9459 29620 29619
23939 0 929 8288 8288 33583 33572
2108 1 23830 4 1 1 1
137 1 39790 1 1 1 1
14471 4 26704 56 52 5 5
38379 0 2037 8573 8573 36877 36874
3297 1 2037 3 1 1 1
19597 1 29925 3 1 1 1
9472 3 9553 11155 11155 36504 36502
24002 1 31718 1 1 2 1
13378 4 37002 26 18 2 2
18672 8 18729 185 185 106 103
23066 0 10976 7537 7537 4636 4636
37193 0 36623 14800 14800 33994 33994
35461 0 15432 21193 21193 34221 34219
6086 1 37968 22741 22741 24677 24677
39988 0 6132 9696 9696 29503 29497
27635 0 6879 7161 7161 1820 1820
12792 1 18251 1 1 2 1
25299 0 17090 19992 19992 4661 4659
22804 0 9256 1537 1537 2316 2313
22046 1 449 1 1 3 1
26701 5 39164 39566 39566 26870 26870
33010 4 37752 3726 3725 347 347
17564 4 28570 24208 24208 3392 3392
14394 1 27202 1 1 2 1
40861 0 35307 18374 18374 40615 40615
36533 1 31832 1 1 2 1
1421 1 13698 1 1 1 1
1421 1 1420 4 1 1 1
15918 1 8898 2 1 1 1
39681 2 3869 3 3 1025 993
13147 2 3869 1 1 101 70
29520 1 38175 1 1 1 1
7705 4 29204 304 297 125 125
31945 1 533 1 1 1 1
20267 1 11332 2 1 2 1
40862 0 6138 2407 2407 40410 40395
12405 1 2536 1 1 5 1
22145 0 267 50 50 2678 2656
12466 4 38408 28 8 2 2
12466 4 38825 75 54 5 5
16552 1 10073 1 1 1 1
31672 0 16442 7232 7232 16400 16400
34829 0 34921 4 4 7 5
6539 1 27537 2 1 1 1
24829 0 20017 14604 14604 37068 37062
28048 0 20017 34192 34192 36085 36080
40863 0 22831 3950 3950 40467 40462
9658 0 22831 4799 4798 6697 6693
17365 6 1148 23581 23581 20350 20350
11735 1 13906 2 1 1 1
10734 0 10886 25 25 102 88
1494 0 15383 8707 8707 19890 19889
31725 6 3983 70 70 7512 7511
3023 1 19162 1 1 3 1
28499 0 2833 37 37 627 612
4250 3 26422 12 11 16 14
14121 1 5862 1 1 2 1
1002 0 15449 804 804 3543 3538
14237 9 14236 1 1 1 1
40286 1 14159 1 1 2 1
1432 4 24308 55 39 2 2
29759 0 21793 4 4 9 8
40 0 9353 1386 1386 8645 8637
36532 1 36531 1 1 1 1
4832 1 7867 5 1 1 1
27716 6 14968 18404 18404 5157 5157
304 0 25231 28553 28553 27576 27575
8542 1 19421 5 1 1 1
30629 1 15712 1 1 2 1
20027 2 9746 1 1 18 7
26019 0 4682 1 1 7 3
15092 4 32205 12308 12304 213 213
13106 4 30126 273 262 6 6
7451 0 9653 7767 7767 19210 19210
14198 1 7551 1 1 4 1
19206 1 11656 2 1 5 1
938 1 29478 2 1 1 1
19923 0 13346 2974 2974 29997 29988
40895 0 13346 1213 1213 40304 40294
8767 0 2776 833 833 869 845
17206 0 4193 948 948 2101 2099
9026 1 21448 1 1 5 1
10884 1 23870 10 9 66 64
10884 0 12402 20662 20662 23910 23909
33656 0 17442 3918 3918 7007 7003
29844 1 36062 2 1 1 1
39433 6 40246 30 29 6 6
13370 4 32777 19255 19254 2405 2405
40865 0 34557 8050 8050 40626 40625
12307 1 5388 1 1 4 1
8628 3 1186 10967 10966 37094 37094
4299 0 1562 154 154 185 178
18208 6 35649 16338 16338 16095 16095
12758 0 980 555 555 655 654
26577 4 38800 2115 2115 104 104
40866 0 8678 1704 1704 38557 38554
32294 0 1897 17 17 4014 3942
6937 1 1897 1 1 4 1
9481 9 158 2 1 5 2
13100 9 9481 2 1 1 1
15588 1 15587 2 1 2 1
13773 0 27141 1497 1497 10124 10121
25916 0 16303 2 2 12 3
36297 0 16303 1 1 68 58
20354 1 18989 1 1 1 1
973 1 13336 2 1 7 1
5185 0 13336 4778 4778 2110 2106
9012 5 7786 1 1 476 456
33237 1 410 1 1 1 1
14633 6 31433 1112 1111 5375 5375
14633 6 8142 1039 1039 6664 6664
40867 0 339 8422 8422 39631 39628
3453 1 18417 6 1 1 1
8951 1 28285 2 1 2 1
1460 1 8951 1 1 1 1
8222 1 6150 3 1 1 1
8054 3 25795 3 1 1 1
6845 1 2779 1 1 1 1
19202 0 12252 7 7 61 55
20124 1 18592 1 1 2 1
20124 0 14100 9055 9055 8773 8769
30846 0 2941 1 1 353 352
39027 0 9415 8687 8687 38150 38138
23350 1 17390 1 1 2 1
8558 1 7530 1 1 2 1
40868 0 5700 35577 35577 40126 40126
32469 0 324 454 454 7669 7649
8545 0 324 426 426 6234 6215
25032 1 25031 1 1 1 1
38057 9 30720 1 1 1 1
2030 0 1832 8 8 110 100
1637 0 5616 3148 3148 3529 3520
9928 0 5616 4 4 155 147
1702 4 29665 181 177 12 12
36951 4 24229 43 41 86 86
6008 1 1041 1 1 2 1
14647 0 13213 7 6 2 2
699 1 22618 1 1 1 1
35907 4 37894 1082 1082 10 10
13383 1 2789 2 1 1 1
2713 6 7645 45 5 2 1
11577 1 7731 1 1 3 1
40870 0 1335 7486 7486 40600 40599
24483 1 12798 2 1 2 1
17309 0 30810 6849 6847 11813 11811
10156 1 963 4 1 1 1
2452 1 3976 3 1 5 1
2452 1 7086 5 1 9 2
40905 0 3387 144 144 35590 35576
7217 1 3387 1 1 1 1
8525 4 37769 10292 10290 64 64
35828 0 1364 1 1 32 2
26559 6 35828 14 14 28 28
16493 1 19237 1 1 6 1
2933 1 7202 3 1 4 1
6048 9 22594 2 2 1 1
29003 1 35415 3 1 1 1
20788 1 10332 3 1 2 1
5707 1 5706 2 1 1 1
29609 1 29608 1 1 1 1
22190 1 35891 4 1 2 1
22190 1 11262 2 1 2 1
9192 1 19649 5 1 1 1
26202 0 7136 13 13 260 259
36138 0 7877 11 8 24 21
23317 0 6977 16274 16274 26924 26889
40920 0 6977 311 311 34192 34156
36948 1 27706 32405 32405 37108 37107
34777 1 14753 1 1 2 1
1620 4 23845 25 10 1 1
12071 1 18026 3 1 1 1
8848 5 14818 1 1 31 17
11500 6 11034 199 192 26 24
16013 1 5367 4 1 3 1
10574 6 36868 36 32 6 5
18072 0 1880 2252 2252 22027 22012
7031 1 26802 3 1 2 1
32487 1 10667 3 1 3 1
28680 1 10686 1 1 1 1
9031 4 20091 153 134 5 5
37696 0 13023 435 435 6961 6953
5434 1 5433 1 1 1 1
24552 2 8531 31 30 2594 2591
35789 5 3276 32 32 6897 6866
31511 5 3276 79 79 29795 29763
39401 0 24275 18 17 1027 1015
27408 0 4448 2 1 17 9
13163 1 17198 2 1 1 1
8664 1 2489 2 1 4 1
2489 1 15398 3 1 1 1
25485 2 3943 1 1 28 2
38545 2 3943 1 1 31 2
36055 6 19589 31936 31936 26196 26196
19768 0 5156 112 112 1530 1498
26405 0 5156 1 1 45 14
17022 6 35666 16826 16823 687 687
17022 6 3619 4619 4617 110 110
4621 1 88 1 1 2 1
40873 0 28355 5190 5190 40160 40158
2460 9 9748 1 1 1 1
36214 0 573 13 13 688 649
40874 0 22716 22471 22471 40142 40142
25322 4 40518 2269 2269 604 604
2760 0 11134 3906 3906 4452 4446
4446 9 1807 4 1 1 1
11636 0 4446 244 244 2187 2186
36303 1 2876 1 1 1 1
37244 1 21630 1 1 3 1
38942 1 2626 16003 16003 35822 35819
31471 0 2626 5 5 193 192
3018 0 27173 33565 33565 34041 34041
26985 0 7600 573 573 906 901
37635 0 7600 38 38 3808 3802
8617 6 7587 12039 12028 286 286
24972 0 1142 6374 6374 25550 25548
680 7 38698 9247 9187 1 1
680 7 40901 30405 30342 1 1
6028 0 29623 22274 22274 22729 22729
29623 0 33835 21882 21882 37496 37493
36506 4 25083 4057 4057 1907 1907
7152 1 4236 2 1 1 1
22504 0 7152 20 20 6146 6141
40876 0 1295 6556 6556 40538 40532
21646 1 1295 2 1 4 1
22690 0 9531 1 1 7 3
34554 0 9531 4043 4043 12309 12304
701 1 25692 1 1 4 1
14347 1 5567 4 1 2 1
22500 1 15849 2 1 2 1
24584 6 29929 7286 7286 10597 10597
18192 4 1499 45 45 6 6
17820 1 654 4 1 5 1
23192 1 654 1 1 1 1
34164 0 21362 1489 1489 23305 23300
23961 0 6776 3696 3696 27908 27898
14951 5 6776 657 657 12488 12483
2111 1 35677 3 1 1 1
32320 1 16031 34771 34771 40033 40033
31261 4 13766 18210 18210 5717 5717
38116 9 9 1 1 1 1
40068 0 28942 32938 32938 38163 38163
21724 1 8592 5 1 2 1
4229 1 37036 23463 23459 9608 9608
29447 0 15913 1 1 34 29
16697 4 31051 62 58 4 4
5443 6 33646 23 5 3 2
13087 1 36310 2 1 2 1
22927 4 27025 16 16 16 16
24129 1 15215 2 1 2 1
24953 0 13135 5116 5116 26893 26884
22068 0 29955 16640 16640 32728 32728
6111 0 23960 4 4 13 11
6111 1 11198 5 1 1 1
2003 0 4127 3533 3533 21396 21392
40878 0 34399 3823 3823 40191 40187
26349 1 19291 2 1 2 1
15641 1 5982 6 1 2 1
21253 0 5982 22854 22854 15900 15900
3948 3 25669 23133 23129 5413 5413
40879 0 39495 17116 17116 40629 40629
10738 0 8594 3206 3206 1097 1091
40612 0 8594 3805 3805 36816 36809
12395 0 4161 13 13 1114 1087
40942 0 4161 1166 1166 38761 38731
26530 0 25605 9399 9399 4434 4433
25576 0 19971 19772 19772 32735 32729
3574 6 39280 15 11 3 3
35051 1 36988 1 1 1 1
19269 6 3870 1503 1502 3269 3269
26457 1 21879 1 1 1 1
16049 4 31756 531 529 117 117
26279 5 6146 1 1 25 14
31974 5 6146 3 3 6440 6428
22137 5 3531 18 18 14750 14728
15837 1 15836 1 1 1 1
3895 0 3721 4 4 1238 1203
23820 6 25420 35 31 2 1
23820 6 11103 290 285 2 1
28203 4 29473 1999 1995 35 35
2999 1 36067 4 1 1 1
11766 5 10754 49 49 4608 4589
40880 0 10330 2833 2833 39786 39781
29695 1 25945 1 1 1 1
15242 6 5534 7 5 6 4
16017 3 30757 532 530 4598 4597
9486 3 6190 5377 5373 97 97
10504 6 36780 8457 8450 132 132
31226 0 17728 2461 2461 18975 18966
8734 1 1538 1 1 1 1
29667 0 249 2721 2721 23401 23356
7681 0 249 2656 2656 11343 11299
1196 5 12328 59 59 23940 23923
29190 5 2139 94 94 35372 35345
9335 5 2139 1 1 30 6
13338 1 18054 3 1 1 1
19110 4 40436 3214 3214 3783 3783
1935 0 7945 80 80 3482 3460
1104 0 7945 10 9 201 180
32001 2 3539 38 38 21199 21198
7118 0 3978 223 223 1765 1744
27765 0 206 432 432 14068 14038
16624 9 15794 2 2 1 1
1966 4 24890 4063 4061 6427 6427
31338 0 8266 159 159 761 757
40221 5 73 1 1 75 20
3410 4 40221 7469 7468 18 18
29650 5 73 63 63 21087 21029
4984 0 73 2609 2609 9750 9740
7890 1 8556 5 1 2 1
32343 0 7890 4281 4281 27146 27129
4686 0 9935 822 822 7545 7529
1690 1 5111 14 2 1 1
23282 0 1690 3 2 87 77
10335 1 2363 1 1 10 3
19856 1 15917 2 1 2 1
15168 1 35514 1 1 1 1
40881 0 9334 3200 3200 40483 40478
28253 1 28252 1 1 1 1
11736 1 678 3 1 2 1
12371 1 20336 5 1 2 1
26039 1 31200 19341 19341 17043 17043
39168 1 23614 1 1 1 1
20692 1 21524 1 1 1 1
24359 1 36592 1 1 2 1
6740 1 6335 3 1 1 1
38194 0 6335 8160 8160 14813 14813
5315 0 18408 5388 5388 8012 8012
11605 4 40002 574 574 303 303
12921 1 24570 11 1 3 1
21374 1 12921 2 1 10 1
5134 2 4633 1 1 13 2
35877 0 85 46 46 3499 3263
23185 0 85 1921 1921 9565 9326
40756 0 85 357 357 39325 39077
26136 1 26135 1 1 1 1
37633 0 20754 37012 37012 40119 40118
40883 0 1222 2716 2716 39352 39339
40904 0 1222 6096 6096 39682 39668
19190 1 22874 2 1 5 2
14563 2 35454 17240 17238 30081 30081
12530 1 5329 1 1 2 1
37793 0 425 3873 3873 10036 10016
7112 1 21005 1 1 5 1
13785 6 30026 20060 20059 562 562
30892 1 27200 1 1 1 1
22309 1 11345 2 1 8 1
652 1 11489 5 1 2 1
21523 0 5914 370 370 4178 4174
19459 1 8641 1 1 5 1
103 0 9917 1324 1324 3865 3864
34367 1 30925 1 1 2 1
39210 0 36049 2621 2621 8501 8500
27244 6 22681 32 31 11 11
12608 4 21734 23 20 4 4
31281 1 6359 1 1 4 1
40153 0 6359 11757 11757 22252 22244
28257 1 28256 2 1 2 1
3741 6 11977 3 1 4 1
8455 0 14334 1496 1496 44 43
11170 1 606 4 1 3 1
9097 4 33963 1618 1617 210 210
15436 1 15435 2 1 1 1
9201 1 9200 2 1 2 1
6058 0 5378 3 3 302 288
5378 1 9054 4 1 1 1
24455 0 7235 8470 8470 16303 16298
40886 0 36491 4340 4340 40204 40203
27948 0 29072 744 744 2377 2373
2574 1 10949 7 3 6 2
15184 1 36822 1 1 2 1
17033 1 208 1 1 1 1
5633 0 4663 10305 10305 31455 31439
23779 0 17423 46 46 873 869
31140 0 1615 3 3 22 17
25999 1 31140 1 1 1 1
29071 0 25203 2776 2776 7368 7365
4929 4 37085 719 713 69 69
11962 4 5667 7 3 6 6
14732 6 18907 9317 9316 15447 15447
4582 0 23340 1224 1224 9913 9909
2940 0 23340 2 2 9 6
6093 10 24981 2 1 1 1
14001 0 36202 10300 10300 18308 18308
37407 0 19919 643 643 8539 8536
28934 0 6210 246 245 375 372
13298 1 26814 3 1 2 1
12356 1 20726 1 1 2 1
11679 7 15652 2152 2146 8 7
18992 0 780 165 165 370 362
12696 0 1750 2770 2770 9627 9625
22477 1 2282 3 1 1 1
17701 4 36065 15637 15637 2867 2867
20641 0 36866 13602 13602 7025 7024
31601 0 1352 141 141 2458 2452
36144 0 28533 2787 2787 14057 14057
22400 2 2183 1 1 102 71
39117 2 5348 20 19 286 284
12905 1 5832 2 1 2 1
16355 1 22399 6256 6251 2220 2220
8334 2 35737 1013 1013 36198 36197
13347 0 26570 4 4 1646 1644
40889 0 34949 16694 16694 40266 40266
12551 0 7485 502 502 2894 2893
3154 1 27514 3 1 1 1
35950 0 20760 506 506 1046 1041
20760 0 25127 6947 6947 2917 2916
23933 1 23098 2 1 4 1
12685 6 19180 67 61 138 138
12358 2 4168 13 13 7541 7532
7700 2 4168 30 30 16687 16677
35674 0 16517 32044 32044 29773 29772
6813 1 5175 4 1 1 1
7375 1 7374 3 1 2 1
40890 2 23906 11539 11539 40901 40901
21948 4 38918 2417 2417 385 385
17500 9 17499 1 1 1 1
6759 1 21078 3 1 2 1
11196 0 24534 25607 25607 31499 31496
16734 7 13678 376 373 9 9
865 1 17946 10 1 1 1
1821 6 39122 1961 1947 490 490
11630 1 31896 4 1 1 1
7284 1 17756 2 1 1 1
26770 5 6829 1 1 17 11
37565 1 22789 1 1 1 1
11926 1 11925 5 2 2 1
27446 1 22702 2 1 1 1
13999 0 37238 262 262 539 538
2050 6 30438 32228 32228 13009 13009
21493 0 24309 17136 17136 14864 14864
40891 0 13449 7293 7293 39128 39127
15390 1 38904 26 25 6 6
33146 1 2101 2 1 9 1
17987 3 17986 3 1 2 1
29746 3 17987 1 1 2 1
2692 0 10487 17 17 122 119
32902 1 29338 1 1 1 1
14511 6 11512 24693 24686 911 911
6117 1 683 1 1 7 1
25817 0 40019 38185 38185 35779 35779
39730 4 31900 24815 24815 31456 31456
14912 3 19439 4 1 1 1
34332 4 1842 107 103 17 17
29957 5 8285 88 88 32325 32321
8398 4 40398 15141 15141 7373 7373
13141 4 36356 32 20 3 3
24146 1 36079 2 1 1 1
12197 1 24146 4 1 1 1
8973 0 15567 4667 4667 29776 29775
2840 1 18631 1 1 1 1
4993 1 4648 2 1 10 1
15543 4 26788 3995 3995 6232 6232
9926 1 1976 2 1 3 1
40893 0 10088 4848 4848 40205 40200
18632 0 15264 4509 4508 2439 2436
25930 4 9684 40005 39999 18548 18548
39714 5 5407 1 1 84 60
31612 1 9688 1 1 1 1
1782 1 1781 1 1 5 1
34009 6 39128 558 555 84 83
25597 0 4132 10 10 63 53
16378 0 2054 1 1 34 18
12541 0 2054 1 1 192 175
2054 1 17904 3483 3483 352 351
18557 9 18725 1 1 1 1
40453 1 28165 1 1 3 1
7231 0 16733 11922 11922 2922 2922
17867 1 14085 2 1 2 1
36201 4 39259 946 945 2527 2527
17202 0 12720 139 139 491 481
28053 0 4049 698 698 5138 5125
25593 0 4049 6105 6105 12197 12183
4049 1 28361 1 1 1 1
22873 1 37187 4 1 1 1
37187 0 3391 5541 5541 27693 27689
30984 1 6485 1 1 3 1
12052 1 6794 1 1 1 1
6371 6 13857 2482 2478 111 110
1675 3 3261 5 1 2 1
32329 0 39076 2447 2447 7302 7302
1788 0 22163 14 14 8 4
8791 1 15310 2 1 3 1
13863 1 15310 4 1 2 1
3838 1 15310 3 1 8 1
36716 0 15310 13532 13532 28198 28198
23303 1 6584 1 1 4 1
9014 0 13840 10971 10971 8330 8325
9501 1 16279 2 1 1 1
9412 1 35482 3 1 1 1
26517 1 352 4 2 13 4
30651 1 30650 2 1 1 1
13606 0 5759 204 204 3692 3677
24242 4 40495 15235 15235 4185 4185
3024 1 8489 1 1 1 1
4914 4 5471 21 16 23 23
16649 0 11808 256 256 3116 3110
16580 1 16649 2 1 3 1
8882 1 30608 2 1 1 1
24380 6 4034 2201 2201 12494 12492
20967 1 38940 20438 20435 4146 4146
38940 1 20967 4146 4146 20438 20435
12345 4 32572 8023 8022 2569 2569
17336 1 6811 1 1 2 1
4393 0 21188 293 293 342 340
16082 0 19592 7227 7227 613 613
13599 4 38034 1484 1484 276 276
2399 3 852 3 1 1 1
26551 1 17969 3 1 3 1
19862 1 25685 3 1 1 1
33100 0 23835 2694 2694 19257 19251
38732 1 16818 1 1 2 1
30257 4 39983 105 105 419 419
2097 1 9439 2 1 1 1
8891 1 8890 1 1 4 1
10946 1 16189 215 212 35 34
23311 5 666 1 1 475 447
7605 1 16736 2 1 2 1
40896 0 23801 6090 6090 37473 37471
3152 1 34834 3 1 1 1
8027 0 17129 3644 3644 11533 11532
18036 1 23414 2 1 2 2
10896 1 5187 1 1 1 1
29378 0 14065 7149 7149 13346 13344
11268 1 18820 14349 14348 28283 28280
10603 3 7644 2 1 2 1
28163 6 33290 2730 2730 213 213
26372 1 2839 3 1 3 1
13731 1 3340 1 1 5 1
30635 1 27499 1 1 3 1
19561 2 12788 7 5 9 7
6316 1 14884 4 2 10 9
14884 1 6316 10 9 4 2
40071 0 542 923 923 15214 15200
24433 1 24432 2 1 1 1
8518 8 19686 13978 13973 30 30
36028 1 13581 1 1 3 1
23015 1 39472 1 1 1 1
29941 0 8121 122 122 3317 3312
11007 0 39628 12010 12010 6258 6257
38483 1 35975 1 1 1 1
27069 0 17594 19128 19128 15907 15906
31414 0 21528 50 50 177 174
10966 0 6448 567 567 8433 8429
7275 0 36151 4527 4527 10735 10734
10347 0 12311 13 13 33 22
40897 0 15992 95 95 36855 36850
29348 1 9181 1 1 6 1
181 4 20452 57 52 18 18
30056 0 13450 47 46 125 119
13510 0 34706 37995 37995 40029 40027
9041 1 8986 5 1 3 1
33052 1 6521 1 1 3 1
26934 4 36843 1572 1572 410 410
2778 1 2777 3 1 1 1
28399 9 24687 1 1 1 1
28399 0 7125 122 122 725 723
163 1 9522 5 1 2 1
38964 6 15538 97 95 34 32
36295 6 20656 7 7 14 14
7947 1 3044 1 1 2 1
24577 0 6103 409 409 181 178
39447 2 955 12 11 5668 5655
27080 0 35724 8558 8558 8865 8865
18317 0 16471 3532 3532 4619 4616
40899 0 1371 6526 6526 40040 40017
35847 0 1371 3671 3671 13056 13034
32447 6 14556 4 3 48 47
5046 5 5363 24 24 7753 7738
31855 0 1378 4 4 1107 1045
19994 0 1378 1 1 58 4
25740 0 1378 2 2 78 18
40676 0 1378 816 816 38832 38769
20832 0 2453 3285 3285 26874 26821
38637 0 35536 6861 6861 13752 13752
29542 6 38922 155 155 14 14
17578 1 8885 1 1 2 1
40900 0 3668 4261 4261 40728 40720
38879 4 40465 4399 4399 275 275
23645 1 3271 2 1 2 1
10717 1 23392 3 2 3 1
7129 6 37636 52 33 1 1
7129 6 39342 53 33 12 9
22752 1 11603 1 1 1 1
13171 0 2104 14 14 2720 2704
3840 4 25993 108 107 6 6
6976 1 6542 1 1 1 1
6504 0 17314 23 23 200 193
1218 1 18913 4 1 1 1
23637 1 22005 1 1 1 1
12259 4 40042 24060 24060 7819 7819
29053 0 31232 33 33 1076 1072
14841 1 11642 3 1 3 1
12434 1 11406 2 1 3 1
4571 1 19807 2 1 1 1
12516 1 16943 1 1 2 1
9471 1 28564 4 1 1 1
40902 0 30686 12367 12367 40408 40407
215 1 13069 5 1 2 1
28342 4 21955 21 21 84 84
4050 1 5908 1 1 1 1
10960 0 16571 245 245 341 340
3343 1 1512 2 1 1 1
15421 1 7039 2 1 1 1
40903 0 23890 28116 28116 40817 40816
18173 1 23932 3 1 3 1
26645 1 11702 1 1 1 1
15117 1 11702 1 1 2 1
7241 1 9423 3 1 1 1
15866 1 20662 2 1 4 1
308 1 23762 5 1 1 1
1602 1 20590 2 1 1 1
7541 1 7540 2 1 2 1
4015 0 32323 19601 19601 16767 16767
36003 2 3957 2 1 5 1
11479 0 4865 146 146 4986 4980
1202 0 14475 21098 21098 38005 38002
14612 1 19739 1 1 3 1
7024 0 6752 1 1 22 8
32853 0 5203 33271 33271 39178 39176
37253 0 40396 25561 25561 34605 34603
34648 0 16831 2275 2275 24961 24960
1613 1 3914 2 1 1 1
10826 0 26562 4938 4938 17590 17585
23101 1 12527 2 1 3 1
27830 0 8061 7928 7927 16980 16978
20864 1 6464 1 1 3 1
5262 6 29332 30833 30830 4061 4061
35821 0 16863 2295 2295 17113 17107
13407 1 4967 2 1 2 1
9713 1 18011 2 1 1 1
31393 4 27927 38909 38909 23377 23377
12347 1 13214 5 2 1 1
22063 1 36525 1 1 1 1
37425 0 4766 18342 18342 38091 38091
27152 4 38832 23298 23297 1978 1978
31830 5 24055 22906 22906 15787 15787
15799 6 17609 10 1 1 1
38974 0 621 1829 1829 5919 5918
17241 0 17150 25 25 125 124
2858 4 33960 44 13 1 1
26230 0 10765 1 1 139 132
19752 1 19897 6 2 3 1
38731 0 10922 11 11 248 245
30909 6 31031 33542 33542 25592 25592
40907 0 25161 5593 5593 39614 39612
36978 0 692 6 6 668 643
29708 0 692 1 1 54 31
20476 1 6724 4840 4839 6342 6340
40908 0 7921 19345 19345 39969 39969
2443 9 5163 2 1 1 1
12141 1 2443 1 1 3 1
7159 4 32394 312 310 20 20
9995 0 1520 2 2 18 8
3657 1 11758 1161 1161 9026 9022
687 6 27283 24992 24971 7220 7220
8662 0 716 2 2 54 16
7974 1 3145 2 1 3 1
24517 1 9302 1 1 3 1
7449 0 7095 27060 27059 26103 26103
31989 4 40175 7410 7410 988 988
40909 0 3338 490 490 35855 35847
19172 0 15730 14 13 69 68
15433 6 23550 34147 34144 1290 1290
15869 1 9418 2 1 1 1
27694 3 13419 1 1 2 1
21543 0 14367 887 887 7357 7351
5015 4 5256 35711 35704 18124 18124
16016 1 10865 2 1 1 1
2379 0 14652 26055 26055 30576 30576
40910 0 10662 2317 2317 40069 40061
13388 1 17572 2 1 1 1
38526 0 17405 15950 15950 39611 39603
9889 0 38560 3222 3222 1528 1527
11600 0 13047 1 1 9 3
40912 0 9931 4218 4218 36694 36694
36575 0 34172 16199 16199 37575 37572
19960 6 20910 22674 22673 9893 9893
10868 1 6529 3 1 3 1
25398 1 30292 1 1 3 1
13664 1 23487 3 1 2 1
40913 2 1214 36 36 40706 40687
13094 2 1214 3 1 20 2
16437 0 26208 10428 10428 25618 25616
22757 1 22756 2 1 1 1
40260 0 26108 1 1 42 40
32735 0 5654 1500 1500 515 512
3447 1 9780 4 1 2 1
14404 1 3447 2 1 3 1
7985 1 4209 1 1 4 1
40915 0 10407 9919 9919 39832 39832
6851 1 6468 2 1 4 1
15604 3 4192 3034 3034 11316 11316
9074 0 2243 9 9 19 18
16945 1 27937 1 1 1 1
37937 2 17319 2 1 207 203
17444 1 7040 1 1 2 1
24542 0 21434 5416 5416 14580 14579
19654 0 38248 18547 18547 35021 35021
40916 0 25194 4955 4955 40352 40351
3512 1 1507 4 1 1 1
35515 4 5683 23359 23359 15143 15143
26598 1 13630 1 1 1 1
3815 1 39428 3 1 1 1
4037 0 16708 1 1 7 3
29698 0 8868 33361 33360 33655 33654
15051 1 14230 1 1 5 1
1006 3 17460 1 1 4 1
20944 1 2415 2 1 2 1
9847 3 11802 10271 10264 177 177
19964 4 40677 40740 40737 5452 5452
23100 1 23574 2 1 2 1
21645 1 16026 3 1 2 1
3046 0 140 358 358 3972 3966
1732 6 23260 7 1 1 1
29279 4 22476 35665 35665 17973 17973
21641 0 8412 3668 3668 11431 11430
40283 0 13935 23 23 667 664
20075 1 5623 2 1 1 1
32173 0 25942 704 704 3913 3910
17114 1 9438 1 1 2 1
33419 4 28271 5324 5322 260 260
40917 0 5681 27587 27587 40440 40439
15907 1 15906 1 1 3 1
15906 1 26088 4 1 1 1
14098 4 39569 802 800 125 125
4725 1 3135 2 1 2 1
24645 1 21259 2 1 1 1
22111 1 25386 1 1 2 1
11499 1 5619 2 1 3 1
3068 1 3431 5 1 1 1
7765 1 7764 3 1 2 1
11813 1 30361 9 1 1 1
13330 1 4080 1 1 1 1
40919 0 27595 21713 21713 40759 40758
26579 0 27595 10695 10694 4169 4169
20569 1 7364 1 1 6 1
27835 1 30774 1 1 1 1
2212 6 39573 23092 23092 14052 14052
29644 1 22647 1 1 1 1
28102 1 13943 1 1 2 1
39806 0 4094 1861 1861 19469 19469
11333 0 1873 6948 6948 8184 8175
7708 1 7707 1 1 2 1
20826 6 37122 506 505 27 27
35116 1 2058 1 1 3 1
4697 1 3858 2 1 3 1
11455 4 7090 99 95 319 319
40921 0 10175 2957 2957 40139 40133
38431 1 28014 1 1 1 1
12033 1 19844 2 1 3 1
5245 0 33893 37895 37895 18805 18805
34222 0 38513 6753 6753 17323 17322
8695 1 8694 1 1 4 1
3104 1 3103 1 1 2 1
15438 1 11384 1 1 2 1
31721 1 24228 2 1 1 1
2370 4 3245 51 31 1 1
8754 1 6098 4 1 2 1
8754 1 4244 2 1 2 1
18988 0 27345 105 105 208 207
40923 0 13663 423 423 37871 37850
11049 0 722 16772 16772 31364 31356
38784 0 6570 364 364 8828 8813
16141 4 16183 74 72 47 47
496 1 32512 2 1 1 1
37743 1 14493 1 1 4 1
5090 1 38941 2 1 1 1
34217 1 30032 2 1 1 1
16865 1 8774 1 1 2 1
26008 1 24248 11831 11829 688 688
37763 1 3707 1 1 1 1
22457 6 34682 7 7 8 8
33138 1 11811 1 1 1 1
25767 4 33687 762 762 125 125
13958 4 28025 11 4 18 18
656 1 37010 1 1 1 1
10583 1 2117 1 1 3 1
20736 1 17537 20749 20749 24218 24217
10184 0 28333 40 40 2486 2482
38142 0 26564 39824 39824 40133 40133
3096 4 25112 200 192 23 23
15613 0 15381 2194 2194 8214 8210
22584 1 12684 1 1 1 1
10350 1 13671 3 1 1 1
7514 1 25165 3 1 2 1
25852 1 20593 1 1 2 1
14893 0 27550 8446 8446 291 291
22787 1 22786 1 1 2 1
5300 0 27067 31368 31367 15825 15825
622 0 8078 549 549 2787 2776
24444 8 33475 38731 38731 40194 40194
35002 0 19318 2202 2202 22231 22229
5466 0 115 3485 3485 27539 27522
19843 0 2682 3 3 22 21
22395 0 5140 7299 7299 26520 26516
20504 0 11647 3860 3860 15450 15441
11184 4 27448 11691 11682 1249 1249
33563 0 18375 17915 17915 27080 27080
19846 1 18645 13560 13558 22009 22008
23722 0 20561 29649 29649 38414 38414
36869 1 18872 1 1 3 1
1358 1 1357 3 1 1 1
13443 1 1717 3 1 2 1
9968 1 13305 1 1 3 1
6222 1 29825 2 1 1 1
19156 0 89 455 455 18553 18535
28882 9 3696 1 1 1 1
40924 0 22072 1458 1458 40027 40023
30066 1 7387 1 1 3 1
15533 0 7387 21 21 121 115
6506 6 39335 6961 6954 84 84
29368 0 40057 32537 32537 20854 20854
27225 6 33459 218 211 8 8
34773 0 34386 2452 2452 2206 2204
40449 0 1803 1603 1603 35357 35349
21774 6 9252 1478 1478 13149 13149
18483 1 17730 2 1 3 1
18247 1 33545 1 1 1 1
38623 0 5839 289 289 3361 3356
4359 1 29197 2 1 4 1
29197 1 13612 1 1 3 1
27198 1 6242 1 1 2 1
27447 1 4053 2 1 1 1
13806 1 28087 1 1 1 1
40925 0 19888 28426 28426 40652 40652
9983 4 21913 4088 4086 288 288
20348 0 11447 1123 1123 3185 3185
38036 0 1666 4650 4650 30580 30569
32679 0 34089 10083 10083 15295 15295
35965 4 17251 27 27 87 87
18481 6 27900 1194 1194 3186 3186
37628 1 32564 1 1 2 1
4466 1 21189 2 1 4 1
640 1 7220 2 1 2 1
24070 0 18975 19418 19418 33333 33331
2758 1 22165 2 1 2 1
4556 1 9927 1 1 5 1
40353 0 10745 49 49 3479 3474
19632 1 35311 1 1 1 1
39784 1 31199 1 1 1 1
4594 0 5891 715 715 12754 12750
4491 0 19288 23 23 12 10
30729 4 33668 24902 24902 6725 6725
34985 0 3925 8449 8449 15193 15189
28487 1 7168 1 1 5 1
26416 1 36198 3 1 1 1
34811 0 1272 9449 9449 29697 29680
3263 1 2390 1 1 1 1
11689 0 15537 12 12 199 196
28752 0 4416 8886 8886 15571 15570
27422 0 8663 24019 24019 39967 39965
5643 1 3754 2 1 2 1
11366 1 26527 5 1 4 1
24792 1 893 1 1 2 1
6657 1 21399 2 1 1 1
18566 1 6657 1 1 1 1
39413 0 5325 3315 3315 20417 20391
11969 1 26616 1 1 2 1
36488 1 6245 1 1 5 1
11151 1 17991 2 1 1 1
3136 1 16161 1 1 1 1
30980 0 3884 3050 3049 3297 3292
30250 1 32816 2 1 1 1
4638 1 29948 1 1 1 1
27855 0 9636 7326 7326 21835 21835
22777 1 35880 3 1 1 1
3901 1 1387 2 1 1 1
22243 0 13777 4 4 12 3
5542 1 30223 5 1 2 1
38033 0 20954 11115 11115 1106 1106
29753 0 15565 277 277 5650 5642
29266 4 13537 11679 11679 19546 19546
1937 6 25054 18394 18391 537 537
21124 0 14843 3442 3442 6063 6060
40927 0 290 4860 4860 38346 38301
31744 4 8674 15 14 56 56
40127 0 2558 2614 2613 20588 20573
2529 4 12558 129 122 66 66
7694 1 33571 4 1 1 1
22610 0 27194 161 160 920 915
30249 0 6066 6438 6438 23615 23614
658 0 13432 16 16 306 300
40928 0 9369 8264 8264 40385 40384
38434 0 9010 572 572 3610 3609
30241 6 28445 38 35 33 33
35998 1 12005 1 1 4 1
37809 2 18294 375 374 6154 6152
11424 1 34792 6 1 1 1
35840 0 11072 482 482 4338 4333
28978 1 22902 1 1 1 1
11576 6 38596 2326 2324 3 3
1930 4 36216 550 543 18 18
7939 1 10211 4 1 2 1
28794 4 27413 21479 21479 10903 10903
5741 0 1817 20078 20078 25175 25175
5741 6 31343 11 8 1 1
19214 6 3845 8 4 22 21
23468 1 1116 2 1 2 1
19251 1 13436 2 1 4 1
30832 0 17008 8211 8210 16352 16352
10086 1 10085 1 1 4 1
20123 1 21785 1 1 4 1
29801 1 16682 1 1 5 1
2714 6 17927 139 95 19 15
3544 6 29062 37 26 2 1
16737 0 2582 3790 3790 4978 4974
37791 0 27732 2941 2941 27272 27267
17526 4 11245 916 914 1972 1972
1533 0 604 9547 9547 30456 30445
39727 1 9142 1 1 2 1
13018 3 4849 3 1 2 1
32445 0 36854 239 239 1108 1106
30065 6 21979 1916 1916 13533 13529
1742 6 21979 952 952 2800 2797
23039 1 22926 2 1 1 1
32339 1 27741 2 1 3 1
17262 4 33581 180 179 270 270
26419 1 3896 1 1 2 1
2404 6 17683 849 847 244 244
33189 0 14812 1415 1415 16052 16048
26452 9 7754 988 988 9974 9973
19015 1 28438 3 1 2 1
12913 1 9397 1 1 3 1
40931 0 27727 4894 4894 40517 40516
1419 1 22014 3 1 2 1
22075 4 35020 423 422 33 33
14470 4 37913 174 173 499 499
28719 0 7960 25182 25182 5440 5440
8597 1 843 1 1 4 1
14278 0 7240 58 58 6941 6924
2970 0 8651 1580 1580 18710 18709
17407 6 4098 16015 16014 539 539
15599 5 6014 60 60 11497 11494
23298 0 37796 6 6 591 589
23743 4 1839 968 964 884 884
9242 1 9241 1 1 3 1
40932 0 8840 2710 2710 39412 39405
20097 1 39891 5 2 1 1
28366 1 34247 1 1 1 1
23644 0 37462 4872 4872 17853 17853
9572 9 9571 1 1 1 1
30724 1 28310 1 1 1 1
18933 4 6687 5 3 47 47
17759 0 2861 8 8 10 2
40933 0 15371 14334 14334 40520 40516
38707 1 6267 1 1 2 1
4208 1 4207 2 1 1 1
15219 1 38553 2 1 1 1
23158 4 15716 7268 7268 2859 2859
21950 1 27256 3 1 2 1
34499 0 3934 195 195 3092 3089
35578 1 3227 1 1 1 1
7908 1 6243 14 7 2 1
1914 6 14604 2971 2947 54 54
38010 0 30717 14938 14938 25819 25818
40934 0 22330 11498 11498 40501 40501
36509 0 1481 17397 17397 24112 24111
17630 1 5576 2 1 2 1
16260 4 1174 96 90 176 176
8162 2 27707 21890 21890 20727 20727
28523 9 16965 1 1 1 1
40935 0 16658 15558 15558 40890 40887
25614 0 86 2 2 154 151
18620 3 6300 2 1 2 1
10303 0 1380 114 114 633 618
37033 0 20187 17732 17732 35178 35177
26386 0 18443 782 782 531 531
38926 0 5480 2263 2263 7749 7748
29831 0 12577 7 6 234 227
15782 0 21097 395 395 266 263
22438 1 8094 1 1 3 1
40936 2 3999 12 12 39407 39368
1838 0 11464 3005 3005 490 488
14405 6 31106 8758 8755 226 226
38576 6 23883 15599 15599 10586 10586
17088 4 35425 9533 9533 10012 10012
849 10 13402 1 1 1 1
31905 1 5241 2 1 3 1
5409 0 9991 97 97 31 29
7245 0 31986 12223 12223 20626 20625
34983 1 16742 1 1 2 1
10762 1 12714 1 1 1 1
10953 0 273 318 318 250 236
26769 0 1194 11 11 1255 1253
12790 6 38666 18 17 5 4
20833 0 14547 1509 1509 8721 8721
31477 0 20633 5 5 18 16
25922 1 17748 3 1 2 1
35874 0 3549 94 94 3083 3068
24436 1 2798 1 1 2 1
25966 1 11230 1 1 3 1
16275 1 18980 2 1 3 1
7862 4 17841 28340 28337 22029 22029
12959 0 12265 37449 37449 35418 35418
40938 0 25310 21423 21423 40784 40782
35627 0 3269 10 10 52 49
18098 1 22245 4 1 1 1
35614 0 5846 1 1 30 3
29207 1 24456 1 1 4 1
1048 1 24443 1 1 2 1
22767 5 6095 8 8 685 682
12231 0 16476 1 1 2 1
19496 1 30112 1 1 4 1
40940 0 7382 378 378 36570 36567
8838 1 20614 4 1 1 1
30101 1 30632 3 1 3 1
9830 1 34527 1 1 1 1
40941 0 13946 3696 3696 39544 39542
28643 0 11339 517 517 919 915
13847 1 14386 2 1 3 1
27260 1 35256 2 1 2 1
35120 4 33416 29 27 12 12
6728 1 6727 11 1 3 1
