33512 0 4410 4 4 434 398
16031 1 32320 18620 18620 16931 16931
40543 5 172 90 90 27590 27231
40543 0 2607 426 426 6679 6659
33473 5 172 1 1 443 103
9179 5 172 39 39 16547 16191
33575 5 172 3 2 1450 1106
16648 5 172 4 4 3554 3205
31526 5 172 6 6 4904 4553
6771 5 172 4 4 2077 1730
15476 5 172 19 19 18484 18127
29269 5 172 87 87 27744 27384
11606 5 172 41 41 22756 22398
2234 5 172 1 1 508 167
23355 5 172 39 39 14470 14115
15278 4 39692 512 506 28 28
22936 0 14838 3706 3706 6564 6564
31887 2 743 12 12 2629 2523
13265 2 743 1 1 136 32
33786 2 743 18 18 4874 4767
8790 2 743 2 2 158 53
29405 0 27360 1 1 4 2
35494 1 15192 1 1 2 1
35494 0 6837 17887 17887 21010 21009
18925 1 32325 3 1 3 1
32325 1 8085 2 1 1 1
3750 4 38184 122 94 1 1
3750 4 40324 178 148 2 2
3750 4 17381 177 148 10 10
6331 1 10283 1 1 2 1
11500 6 4785 146 139 75 73
14258 4 24038 19 9 2 2
32661 6 20759 2 2 5 4
12387 1 12386 2 1 4 1
28490 4 38427 5031 5030 1741 1741
21840 0 107 1 1 6 1
12784 4 107 14980 14973 2159 2159
107 0 5198 294 294 497 478
27747 1 27746 1 1 1 1
3916 1 27549 8 1 4 1
6527 5 2139 92 91 25925 25898
16255 5 2139 5 5 4517 4492
1618 4 14555 98 97 11 11
29103 1 9873 1 1 1 1
38285 0 18633 49 49 461 456
38285 1 26278 1 1 2 1
30253 0 18633 16439 16439 25385 25378
27022 1 435 1 1 1 1
32496 0 4125 7808 7808 17507 17499
24483 0 4125 787 787 1611 1604
15337 1 4125 1 1 1 1
4388 4 36757 30 19 2 2
30756 1 32955 1 1 1 1
30757 9 30756 1 1 1 1
16250 1 28482 2 1 1 1
39594 0 51 561 561 15425 15227
13386 0 51 9 9 716 524
22734 0 51 2460 2460 12024 11827
40690 0 51 378 378 38470 38268
40660 0 51 67 67 36196 35996
21035 1 22109 3 1 1 1
24101 0 28349 22049 22049 32927 32916
38672 0 28349 11 11 165 155
40559 0 6722 412 412 36974 36970
4705 1 15839 3 1 2 1
39464 0 4705 190 190 2282 2255
21731 4 9107 64 62 12 12
7590 5 34746 19188 19187 39422 39422
7878 0 7590 25723 25723 11663 11663
39562 0 2740 23138 23138 27081 27081
3212 1 29129 7 1 1 1
3212 1 16271 4 1 1 1
22208 1 3212 2 1 8 1
14179 0 16065 20363 20363 36916 36916
12801 1 4187 2 1 6 1
19501 0 2021 1761 1760 9056 9004
40645 0 2021 286 286 39810 39756
27628 0 2021 415 415 5140 5089
23729 0 38913 8388 8388 8771 8771
8720 1 9417 1 1 1 1
32234 1 8720 1 1 3 1
12896 1 8372 4 1 1 1
1441 0 27945 6375 6375 1252 1251
4170 6 37882 6615 6601 165 165
2046 0 39706 31428 31428 20469 20468
14436 1 14436 901 901 901 901
38948 0 20990 29123 29123 39795 39791
20990 1 905 1 1 1 1
9769 0 8193 2217 2217 3191 3191
12450 6 8001 39 30 6 5
1031 1 12972 3 1 1 1
1031 1 1030 5 1 1 1
2604 1 6752 2 1 2 1
11156 0 2604 11070 11070 20643 20603
2427 0 2604 9398 9398 18276 18237
20604 0 2604 153 153 1373 1336
26334 0 2604 9961 9961 11755 11717
5353 0 6752 8 8 330 314
3451 0 6752 25 25 75 60
34042 1 10659 1 1 2 1
22643 4 31669 7926 7926 3109 3109
3358 1 24240 9 1 1 1
3358 1 4026 7 1 3 1
40560 0 3229 420 420 37121 37111
39572 2 121 2 1 335 5
34055 2 121 2 2 1080 592
36425 2 121 18 18 8307 7804
33961 2 121 6 6 2560 2065
22605 2 121 10 10 7703 7201
34749 2 121 2 1 476 14
7185 2 121 2 1 392 9
39473 2 121 55 54 8672 8168
36051 2 121 94 94 12952 12446
38744 2 121 5 5 1922 1429
40601 2 121 34 34 38865 38356
31131 2 121 1 1 82 1
16157 2 121 2 2 1129 639
10391 1 121 1 1 1 1
13173 0 25097 12601 12601 24365 24362
1421 0 608 16161 16161 30663 30279
6033 0 608 14 14 2121 1750
40723 0 608 92 92 39828 39431
40732 0 608 376 376 40041 39642
31776 0 608 1 1 391 28
26284 0 608 1558 1558 12936 12556
40750 0 608 211 211 40015 39617
40752 0 608 10 10 37919 37526
12593 0 608 2612 2612 21358 20976
21041 0 608 80 80 1002 632
36535 0 608 269 269 6513 6140
40642 0 608 1 1 33854 33465
6612 0 608 26588 26588 38159 37764
12763 0 608 264 264 10794 10415
38498 0 608 1 1 435 71
1763 0 608 1852 1852 9261 8884
35305 0 608 277 277 6666 6292
40693 0 608 34 34 37902 37510
31350 0 608 1 1 495 128
37399 2 2580 1 1 41 5
35976 2 2580 1 1 48 8
21024 2 2580 1 1 94 52
37837 2 2580 1 1 21 1
14534 0 273 10 10 252 238
3275 0 273 112 112 140 127
28793 1 273 1 1 1 1
40561 0 2759 2524 2524 37630 37630
17054 0 13663 1 1 22 2
18662 1 11511 2 1 2 1
39324 0 21892 1 1 10 8
5681 0 5376 37 37 772 752
39137 0 3699 1210 1210 14346 14326
5121 0 4055 17939 17939 20690 20687
28225 0 10933 3513 3513 13082 13073
12586 1 18347 4 1 2 1
18347 1 8083 1 1 5 1
8678 1 15844 4 1 2 1
8678 1 8677 5 1 1 1
1900 9 8459 1 1 1 1
13142 1 6617 3 1 2 1
13142 1 3658 4 1 2 1
11554 1 11553 6 1 3 1
6724 1 20476 26906 26904 25895 25894
6973 6 11688 7197 7181 7204 7204
28474 0 574 23294 23294 37546 37500
40638 0 574 93 93 35555 35511
3829 1 3828 4 1 1 1
3363 1 3828 3 1 3 1
5303 0 2409 1 1 22 2
19117 1 5303 1 1 1 1
10728 0 2409 1 1 28 6
2409 3 10728 2151 2151 114 114
20385 4 38169 27454 27454 27831 27831
919 0 36150 27217 27217 32481 32480
15726 1 2782 1 1 1 1
2090 1 33833 4 1 1 1
13956 1 23540 3 1 1 1
26983 0 13956 1158 1158 4622 4614
29443 9 7135 1 1 2 1
26279 0 10532 83 83 1030 1026
10532 1 11231 3 1 4 1
8610 1 16790 2 1 1 1
32576 0 296 291 291 10387 10235
32576 4 39358 29234 29234 21092 21092
28775 0 296 23 23 1082 934
21869 0 296 1 1 162 17
40110 0 296 1 1 186 40
5339 0 296 1 1 148 8
40350 0 296 1 1 161 17
18338 1 25376 3 1 1 1
18338 1 34572 2 1 1 1
25119 0 10706 480 480 2171 2160
6372 0 10706 2108 2107 3377 3365
187 1 34587 3 1 1 1
23114 0 8709 24641 24641 29396 29391
23114 9 22355 2 2 1 1
3873 1 28613 2 1 2 1
3449 1 3448 2 1 6 1
1778 1 5313 4 1 2 1
16939 1 16938 1 1 1 1
25259 1 10976 4 1 1 1
25259 0 1054 380 380 1976 1972
3874 0 21706 22399 22399 20243 20242
17484 0 2318 9 9 236 116
9443 0 2318 12 12 332 210
36678 0 2318 24 24 997 873
31243 0 2318 982 982 15270 15139
7726 0 2318 9 9 530 407
3353 0 2318 144 144 1777 1649
14943 9 14942 2 2 1 1
14943 1 16039 1 1 2 1
2677 1 13356 5 1 1 1
35968 0 32619 25464 25464 22912 22909
31267 0 265 1 1 264 14
30115 0 265 9 9 637 377
39657 0 265 2 2 693 432
39858 0 265 1 1 262 13
22580 0 265 1 1 338 81
14709 0 265 9 9 597 338
40562 0 21091 6797 6797 39951 39949
21135 1 12220 1 1 3 1
38664 0 71 1 1 64 5
30298 0 71 1 1 68 7
3066 1 3065 1 1 1 1
23421 0 13784 32 32 880 878
7620 1 21508 1 1 2 1
3069 4 14224 4163 4141 280 280
14224 4 25214 3537 3533 1187 1187
40563 2 6404 95 95 38333 38324
40653 2 6404 152 152 39623 39613
40687 2 6404 182 182 40324 40313
14071 0 278 1 1 181 8
13708 0 278 1 1 200 20
37453 0 278 1 1 176 5
18193 0 278 1 1 187 12
36053 0 278 1 1 184 10
40571 0 278 903 903 40534 40352
40564 0 12078 152 152 33640 33634
4462 0 12078 17745 17745 20170 20165
31848 0 10547 103 103 685 683
40565 0 6230 20602 20602 40290 40288
20013 1 1128 1 1 3 1
3348 0 20013 1299 1299 16390 16378
35716 0 21460 545 545 906 906
7754 3 1296 3233 3231 1211 1211
7754 9 26452 1674 1673 10 10
1296 9 9053 1 1 1 1
4834 1 21474 2 1 1 1
21474 0 2168 1 1 9 3
33636 0 27948 5958 5958 14245 14243
36719 1 21614 4 1 1 1
40647 0 36719 1421 1421 36715 36714
1594 4 35451 151 147 35 35
7059 1 37735 5 1 1 1
11387 0 1062 29159 29159 37829 37825
4472 1 1062 5 1 4 1
158 1 157 1 1 2 1
157 5 73 72 72 6757 6700
28915 0 6166 1 1 10 3
25685 0 6166 6156 6156 6631 6623
1741 5 6166 1 1 43 6
40566 0 3087 2191 2191 37512 37496
8935 1 20348 1 1 2 1
6215 5 8935 162 162 28395 28389
40567 0 5596 16270 16270 40442 40442
5596 1 2050 3 1 3 2
14614 1 632 2 1 3 1
23862 0 20853 15579 15579 31511 31510
39256 0 292 2 2 276 28
31751 0 292 2 2 305 55
6985 0 292 1 1 244 6
2794 0 292 1 1 208 5
17776 0 292 1 1 243 6
29809 0 292 1 1 160 4
6800 0 292 1 1 254 10
2388 0 292 1 1 266 19
34453 0 292 1 1 256 10
8087 0 292 2 2 282 33
35031 0 292 1 1 245 6
7483 1 4704 1 1 2 1
7381 5 7483 1 1 173 169
18107 1 7419 1 1 1 1
18107 1 33365 3 1 1 1
30799 0 3068 1 1 51 37
18024 1 18023 1 1 1 1
24564 1 1410 203 202 313 313
11009 0 24586 15586 15586 28492 28490
27654 0 11009 61 61 7 7
9001 1 31090 3 1 1 1
31091 1 31090 2 1 2 1
40568 0 19619 29524 29524 40889 40886
1193 4 5665 463 451 57 57
29132 0 160 693 693 9969 9929
21888 0 160 1168 1168 19445 19404
40545 0 160 1 1 43 7
14250 0 160 2 2 64 27
7765 1 3854 1 1 4 1
3854 1 4433 6 1 2 1
10544 6 10337 13 1 1 1
10544 6 30885 51 37 3 3
10544 6 17616 175 160 6 6
10544 6 33395 10 1 1 1
10544 6 32223 201 185 1 1
2466 0 11399 6793 6793 6924 6917
5110 1 14834 10 1 4 1
5110 1 22509 4 1 2 1
5110 1 13199 3 1 2 1
30654 0 2915 33347 33347 36076 36072
878 1 16142 5 1 4 1
16142 1 878 4 1 5 1
12156 1 16142 3 1 1 1
1555 4 14720 12 6 5 5
1555 0 39 136 136 1483 1273
27854 6 9726 4 2 5 4
22790 1 20846 1 1 1 1
40569 0 28991 14483 14483 40226 40226
31570 1 22745 1 1 1 1
6277 4 13724 49 43 5 5
22265 1 15939 2 1 1 1
3601 4 11291 104 103 244 244
18464 4 28236 402 402 246 246
21200 1 24456 7 2 2 1
18828 1 21200 3 1 8 2
8407 1 5210 3 1 2 1
5210 1 9174 3 1 1 1
8298 1 8297 1 1 6 1
35442 0 21 20 20 1414 1346
5771 4 35442 497 488 136 136
16159 1 6497 1 1 3 1
1826 4 36945 1702 1695 478 478
15560 1 16616 2 1 1 1
5937 1 15560 1 1 1 1
16616 1 35701 3 1 1 1
24090 0 27455 1117 1116 353 353
3209 1 19072 1 1 3 1
3209 1 2516 2 1 1 1
6274 0 3209 24506 24506 33995 33991
32074 1 32874 1 1 2 1
1353 1 16331 5 1 1 1
11260 1 11259 1 1 2 1
21431 0 11260 1111 1111 3949 3947
5666 0 8929 164 164 458 443
21034 0 2918 114 114 2451 2374
31631 0 2918 12255 12255 30619 30538
39298 0 4365 56 56 1860 1845
38449 0 23581 3 3 6 3
923 0 12300 9921 9921 29886 29886
785 8 923 24310 23847 3 3
16936 0 39 49 49 1956 1745
6688 0 39 17 17 743 536
33920 0 39 76 76 3760 3548
16930 0 39 2 2 222 22
16260 0 39 7 7 625 419
9285 0 39 2 2 224 22
36679 0 39 6 6 1214 1005
13037 0 39 1 1 197 5
17754 0 39 13 13 559 354
34332 0 2518 1 1 72 5
24798 0 2518 1894 1894 18063 17994
2518 0 4990 3708 3708 3902 3883
36326 1 67 1 1 2 1
31714 6 15538 24223 24222 17366 17363
25285 1 25279 1 1 2 1
37786 0 14737 2 2 25 14
14737 0 4030 1115 1115 1334 1306
40570 0 10106 17939 17939 40839 40839
2527 1 15676 2 1 2 1
9741 1 22270 2 1 1 1
22719 0 8583 43 43 307 297
680 7 39181 27025 26963 5 4
680 7 29533 6429 6369 2 2
21810 4 40571 40869 40859 8860 8860
33488 0 4931 11051 11051 19143 19138
30169 4 22524 23 23 177 177
1374 8 9876 2052 2050 23 23
1374 6 6774 36 21 5 3
35169 3 35168 1 1 2 2
6888 0 11405 12642 12642 13475 13469
6889 1 6888 2 1 1 1
11405 1 12069 1 1 3 1
31720 1 33038 1 1 1 1
14747 1 16665 4 1 6 1
30485 0 12240 31245 31245 34274 34273
35384 1 24098 1 1 3 1
33950 1 24098 2 1 4 1
4617 4 2317 15 8 11 11
26645 0 18798 553 553 1459 1455
1038 4 20161 134 8 1 1
1038 4 39009 9187 9012 4064 4064
1038 4 31457 187 26 1 1
1038 4 35729 231 60 3 3
1038 4 9526 113 7 1 1
1038 4 36663 167 14 5 5
1038 4 25174 208 42 2 2
1038 4 29468 158 13 1 1
1038 4 40317 173 17 2 2
13441 0 13179 12472 12472 6567 6566
31542 0 28557 2389 2389 7160 7158
5421 1 33580 1 1 2 1
8378 1 15959 1 1 2 1
35680 0 16547 1991 1991 5344 5339
4601 1 1480 1 1 3 1
23297 1 23798 6569 6568 4998 4995
36430 1 11632 1 1 5 1
7798 1 10220 1 1 1 1
23291 0 7798 1107 1107 11758 11755
9868 0 9017 3 3 22 11
14301 1 22543 1 1 3 1
9933 4 37354 22075 22075 11454 11454
12205 1 12204 1 1 2 1
24146 0 17669 2849 2849 3051 3049
28393 0 1434 1 1 90 30
18831 4 28393 320 318 147 147
36594 0 1434 1 1 104 43
26925 0 1434 1 1 67 8
18116 4 1434 7123 7116 1681 1681
21358 1 8040 2 1 17 13
12579 1 8040 3 1 4 1
33003 0 10761 11903 11903 32148 32148
23374 0 739 381 381 1043 1040
32479 1 37820 3 1 1 1
2181 8 30733 15357 15354 11 11
15394 1 32040 3 1 2 1
28746 1 24321 3 1 2 1
28746 1 16782 4 1 1 1
37839 0 2110 1 1 316 125
38849 0 2110 1 1 324 132
9193 0 2110 1 1 202 17
20494 0 2110 11 11 478 285
38709 0 2110 1 1 308 118
30037 0 2110 1 1 264 77
36409 0 6991 11408 11408 23367 23359
36409 1 20042 2 1 2 1
39061 0 914 2433 2433 10117 10111
24739 5 914 78 78 26356 26064
40612 5 914 98 98 39908 39614
14021 5 914 1 1 253 3
22854 5 914 1 1 299 20
40047 5 914 1 1 867 584
4847 5 914 21 21 3868 3582
25072 5 914 1 1 432 151
7476 5 914 65 65 15905 15615
792 5 914 1 1 715 433
914 1 19506 2 1 1 1
8543 1 28419 1 1 2 1
4324 4 13072 3358 3344 779 779
3407 0 643 14036 14036 13494 13488
3855 1 643 5 1 3 1
37188 1 1558 1 1 6 1
40712 0 1558 1520 1520 39814 39800
26674 0 1558 216 216 104 91
30420 0 22047 679 678 6877 6876
35704 4 40572 40364 40364 24061 24061
37073 2 7 1 1 38 2
8520 1 5407 2 1 1 1
30398 5 5407 1 1 33 9
11562 0 9512 5834 5834 21669 21668
40684 0 9512 2913 2913 39723 39721
11780 1 18482 3 1 2 1
2837 0 36460 24422 24422 23111 23108
33600 0 2837 13559 13559 32554 32549
40573 0 11043 36 36 34509 34487
40574 0 11043 3955 3955 40665 40642
21093 0 11043 5 5 251 230
40497 0 85 20 20 2188 1951
1958 0 85 1341 1341 8729 8488
39304 0 85 564 564 18848 18604
30762 0 85 111 111 2110 1874
8844 0 85 1 1 249 16
24944 0 85 862 862 7893 7653
40402 0 85 128 128 1923 1688
5552 0 85 6970 6970 17092 16849
1522 0 85 11556 11556 38072 37825
37844 0 85 116 116 3134 2896
40665 0 85 210 210 39700 39452
5115 0 85 1656 1656 18922 18677
28159 0 85 1 1 598 364
85 0 12888 2950 2950 1849 1840
31425 1 15729 2 1 3 1
12042 1 1777 3 1 1 1
12042 0 8268 53 53 141 134
18518 1 14006 2 1 5 2
23766 5 7293 3 1 2 1
15279 0 23766 28751 28751 32483 32483
33175 0 5978 1704 1704 15855 15833
15358 1 15357 1 1 1 1
16701 0 1677 805 805 2896 2839
13 0 1677 777 777 1290 1235
30757 0 1677 361 361 4099 4041
7419 1 5076 2 1 3 1
27444 1 17724 2 1 1 1
294 1 18895 2 1 1 1
40575 0 22039 19640 19640 40592 40588
31455 0 1027 4 4 182 31
16597 0 1027 4 4 254 102
40576 0 40452 40265 40265 40926 40926
35090 0 17121 14952 14952 37678 37676
19086 6 21626 7 3 12 9
7887 1 7886 2 1 1 1
34521 6 37498 17523 17523 10114 10114
12662 1 40577 40757 40751 11772 11772
40577 1 12662 11772 11772 40757 40751
39496 1 16365 37264 37264 33611 33611
16365 1 39496 33611 33611 37264 37264
11479 1 5180 2 1 4 1
956 1 5180 2 1 6 1
12458 6 16563 3029 3026 1682 1681
12921 1 25846 1 1 1 1
36880 4 37832 28587 28587 17902 17902
877 1 14090 7 2 3 2
14090 1 877 3 2 7 2
8082 0 81 1 1 51 6
2497 1 13459 1 1 1 1
31712 0 2497 227 227 8953 8857
25460 0 2497 317 317 742 649
30267 0 2497 20848 20848 33628 33529
14684 0 2497 1271 1271 4628 4534
15327 0 284 1 1 219 4
32738 0 284 1 1 229 9
7747 0 284 1 1 232 10
23048 0 284 4 4 344 118
36041 0 284 1 1 231 10
38651 0 284 1 1 267 43
13843 1 13842 2 1 1 1
38649 1 19488 39505 39505 30988 30988
21810 0 2687 1 1 36 2
5646 1 5645 1 1 1 1
5184 1 28989 1 1 1 1
16262 0 16080 115 115 112 109
16080 0 314 6049 6049 11895 11889
38255 0 18636 2733 2733 10261 10260
16914 1 1218 1 1 5 1
11597 1 2084 4 1 2 1
26872 0 11597 21239 21239 32152 32151
38264 0 1629 1 1 15 5
15932 0 1629 206 206 336 325
14940 0 1629 13029 13029 33552 33539
23686 1 7865 1 1 3 1
40578 0 971 7975 7975 39636 39632
4933 0 1287 10266 10266 14649 14610
17077 1 1287 2 1 3 1
21855 1 1287 1 1 6 1
2477 9 9034 1 1 2 1
9035 1 9034 2 1 4 1
9452 0 16895 37203 37203 39498 39497
15534 4 27189 9375 9374 288 288
15549 0 5198 2249 2249 5703 5683
29419 1 23228 1 1 3 1
29419 1 16566 3 1 1 1
29983 1 29419 1 1 4 1
8761 0 9048 1 1 53 38
16341 0 9048 9922 9922 19723 19703
18043 1 6871 2658 2657 3881 3879
14676 1 15857 2 1 3 1
4402 1 31378 4 1 1 1
1144 1 9716 1 1 1 1
20128 4 19080 2991 2987 935 935
20128 4 32553 1688 1685 140 140
40579 0 33801 38205 38205 40895 40894
39697 0 33801 32171 32171 24024 24024
10515 1 20545 3 1 1 1
10515 1 23161 4 1 1 1
20152 1 10916 4 1 2 1
15078 0 1542 66 66 297 277
3408 6 8332 74 3 10 10
3408 6 33157 78 4 5 4
3408 8 40605 40064 39997 20 20
3408 4 1256 18245 18245 24444 24444
22973 6 8518 13171 13171 19845 19844
15512 6 8518 122 119 177 177
37981 1 37980 1 1 1 1
36402 6 38419 7664 7664 2632 2632
35889 0 1222 5826 5826 16913 16901
1630 4 3954 49 44 30 30
27378 5 2295 1 1 2275 2175
16787 5 2295 1 1 255 157
2295 0 20085 23308 23308 35032 35030
2674 1 25490 7 1 1 1
2674 1 37183 4 1 1 1
31859 5 11873 39 39 13054 13050
18301 1 11873 2 1 2 1
3961 4 38195 29 27 1 1
10495 0 65 512 512 2715 2704
19204 0 65 22 22 62 52
29854 0 65 1 1 31 22
4387 0 16744 243 243 868 865
14355 2 1137 1 1 50 1
31617 2 1137 1 1 108 5
10756 2 1137 1 1 109 5
23780 2 1137 1 1 116 10
19983 2 1137 1 1 73 1
20239 2 1137 1 1 99 2
40735 2 1137 83 83 39172 39064
3870 6 7609 348 342 65 65
12556 0 3870 2676 2676 10683 10677
1226 4 6870 155 132 9 9
23617 4 1226 721 719 681 681
6870 4 29653 7998 7998 5762 5762
2536 1 11404 6 1 2 1
2536 0 5973 12785 12785 16690 16687
12282 1 7778 1 1 2 1
40580 0 22983 9418 9418 39389 39387
12754 0 184 1 1 298 9
2752 0 184 2 2 318 18
30560 0 184 1 1 303 10
31172 0 184 1 1 305 10
36649 0 184 1 1 277 7
39598 0 184 1 1 312 15
29336 0 184 11 11 571 269
3249 1 9317 2 1 1 1
20805 0 11858 4549 4549 12461 12454
40593 0 11858 1436 1436 38188 38180
11617 1 36457 3 1 1 1
11617 1 3182 2 1 1 1
3060 0 11617 2 2 11 6
40581 0 12650 245 245 34636 34615
11149 6 40581 36000 35976 350 350
785 8 11138 29337 28873 121 121
785 8 40710 40399 39927 28 28
785 8 36327 36178 35709 51 51
785 8 39015 4567 4122 8 8
785 8 38312 20764 20306 125 125
785 8 27403 9095 8643 21 21
785 8 1422 21657 21198 110 110
785 8 22169 21725 21265 90 90
785 8 30680 10393 9940 29 29
785 8 37209 38140 37670 856 856
785 8 24124 21975 21514 23 23
785 8 25693 15707 15251 6 6
785 8 446 2058 1615 6 6
785 8 21727 16424 15967 14 14
19992 0 27240 53 53 971 969
6448 0 20717 5 5 12 2
5058 1 6448 1 1 6 1
21155 1 6448 1 1 2 1
40663 0 6448 3631 3631 40152 40147
40582 0 6644 1400 1400 39249 39239
35177 1 298 1 1 3 1
6700 0 2052 1 1 4 2
15310 1 13032 4 1 1 1
20936 1 17024 4 1 1 1
7054 0 20936 12257 12257 16297 16296
39068 0 5731 14256 14256 11083 11083
40583 0 290 9093 9093 40634 40588
8787 0 290 23378 23378 28995 28951
28170 5 290 13 12 3441 3418
27556 5 290 168 168 26805 26781
4123 1 290 3 1 2 1
2858 4 290 1347 1314 1228 1228
38753 0 16960 38808 38808 40671 40666
29292 1 20260 1 1 2 1
7491 1 3611 5 1 1 1
10450 4 40584 40711 40705 6299 6299
40584 0 427 6735 6735 40679 40606
7966 0 9605 12899 12899 7208 7205
32027 0 12798 25443 25443 38475 38475
32795 1 1063 1 1 1 1
2920 1 17874 1 1 1 1
2920 1 4427 2 1 6 1
129 1 4427 1 1 1 1
32885 0 13252 8013 8013 17416 17412
16493 0 20467 6 6 17 17
40585 0 38674 36568 36568 40554 40554
34 3 10832 7627 7627 8253 8253
8982 1 26420 4 1 2 1
2675 0 965 1 1 40 8
16821 0 965 1 1 39 8
17630 0 9068 24350 24350 30096 30093
18501 6 11746 28166 28166 19147 19147
18495 0 17922 13535 13535 14361 14360
17278 2 7488 4 2 7 4
2499 1 13511 2 1 1 1
36662 1 17710 1 1 1 1
36331 1 19237 1 1 6 1
18045 1 1998 1 1 3 1
3130 1 4954 4 1 8 1
13102 0 24336 34 34 50 48
271 8 28240 13444 13433 52 52
271 6 40624 40345 40317 15314 15314
12111 0 13254 11351 11351 15625 15614
19649 0 13254 3571 3571 6767 6757
10494 0 20781 17410 17410 22901 22898
5360 1 23897 1 1 2 1
23898 1 23897 1 1 1 1
17935 1 2212 1 1 1 1
9847 3 26719 26771 26763 2457 2457
33866 9 23829 1 1 1 1
40586 0 19015 3124 3124 40056 40043
40713 0 19015 2079 2079 40134 40120
22702 0 16200 420 420 611 609
3541 1 20787 1 1 1 1
6267 1 20787 1 1 2 1
24216 1 1742 1 1 2 1
1742 0 2571 10632 10632 14698 14696
9291 0 4466 9461 9461 16301 16300
3600 0 2216 3 3 8 2
29682 1 6044 3 1 3 1
40587 0 17191 2251 2251 35501 35498
16309 3 31279 5 1 1 1
40588 0 10342 5437 5437 39607 39606
15741 5 2786 44 44 11099 11087
2786 1 31467 1 1 2 1
22083 6 37406 7757 7756 1199 1199
27641 1 17450 1 1 2 1
5520 1 6140 2 1 2 1
37977 0 4550 84 84 2501 2405
22986 0 4550 1 1 100 6
13964 4 20032 16 5 5 5
20032 4 22514 2686 2682 781 781
5289 1 2452 4 1 5 1
6078 0 5289 22986 22986 34084 34072
32 4 22428 19 5 1 1
25738 1 1502 2 1 3 1
27499 1 25738 3 1 3 1
11607 6 9604 29340 29339 22620 22620
383 9 6658 1 1 1 1
6658 1 382 3 1 1 1
16197 1 6658 1 1 2 1
24259 0 16169 248 248 7698 7663
22335 0 16169 2356 2356 15760 15724
25952 4 36629 1246 1246 475 475
32112 4 37795 1676 1676 1225 1225
20499 0 1592 2 2 13 8
19836 0 4030 1 1 30 6
3908 1 31477 1 1 1 1
7874 4 13716 7625 7597 695 695
10974 4 38608 272 270 16 16
1018 1 7659 1 1 4 1
7144 4 24030 417 415 66 66
12048 4 7144 14 7 20 20
5500 1 21297 7 1 2 1
5500 0 9200 100 100 22 22
27615 0 5220 70 70 1022 1010
19850 1 2151 3 1 4 1
16779 1 16998 1 1 1 1
10771 4 10410 10 7 5 5
10771 4 21127 325 321 128 128
12627 0 21127 4 4 55 52
40589 2 1646 251 251 37980 37939
32664 5 774 1 1 138 4
30156 5 774 1 1 139 4
27981 5 774 1 1 132 2
13550 5 774 1 1 85 1
21966 5 774 1 1 17 1
19088 5 774 5 5 3564 3426
27383 5 774 1 1 123 2
17731 0 774 174 174 1358 1348
21818 6 37463 17561 17559 3194 3194
10205 0 11093 4882 4882 17478 17456
36918 0 11093 30 30 975 955
2974 0 11093 5516 5516 24454 24431
13543 0 11093 158 158 1628 1607
14057 0 7284 4495 4494 12482 12482
7284 1 1156 3 1 5 1
3972 7 20913 12541 12463 5 5
3972 7 40458 22474 22395 9 9
36867 0 8952 16743 16743 19718 19718
39341 4 7922 7103 7103 14669 14669
9031 4 34522 143 125 14 14
9031 4 36372 111 94 3 3
9031 4 22734 3005 2985 673 673
40590 0 27411 2764 2764 38219 38217
5334 0 8355 12588 12588 36761 36737
8355 0 37159 28854 28854 8520 8520
29370 0 32370 8091 8090 6869 6868
38392 0 2833 1329 1329 9837 9822
17123 1 22282 1 1 1 1
11931 1 23210 2 1 1 1
3929 1 6637 9 1 2 1
39809 0 15772 1 1 18 18
3014 1 16068 1 1 4 1
5872 1 17690 4 1 1 1
38213 0 13538 1072 1072 5668 5662
15641 1 27635 5 1 1 1
33238 2 955 104 103 21567 21554
5920 0 30694 889 889 245 244
14280 1 5920 3 1 4 1
15530 0 4225 8 8 12 12
28112 0 19783 402 402 1547 1544
31385 0 19783 11885 11885 29796 29791
1220 0 19783 22409 22409 25361 25357
15603 1 15 4 1 1 1
15 1 5976 2 1 2 1
4744 1 27814 6 1 2 1
26459 0 12430 1139 1139 1987 1984
12430 1 4066 1 1 1 1
9361 1 26566 4 1 1 1
4323 1 10025 4 1 3 1
30746 0 4323 4801 4801 16120 16119
21869 4 16617 34 33 145 145
26942 1 31134 1 1 1 1
12877 0 4127 5238 5238 5830 5827
9331 0 9481 27573 27573 34907 34906
11045 1 10096 3 1 3 1
18526 1 6001 1 1 3 1
6002 1 6001 1 1 2 1
4984 1 3637 1 1 1 1
33272 5 4984 75 75 14960 14954
40591 0 2215 6860 6860 40232 40226
26189 0 15682 27632 27631 28625 28624
8657 6 18527 18049 18049 20952 20952
2095 0 4792 5485 5485 19082 19078
17447 0 4792 15018 15018 16899 16896
32551 0 7192 342 342 5608 5588
727 1 7192 4 1 2 1
38904 1 15390 4 4 22 21
38713 1 6445 2 1 6 1
36718 0 38713 37990 37990 37000 37000
21331 0 14398 4438 4438 2602 2601
1671 0 8078 5599 5599 18570 18559
16941 6 5249 13399 13399 14445 14444
34019 0 7149 8795 8795 23322 23284
18807 1 18806 5 1 1 1
16369 1 3715 4 1 1 1
18079 1 16369 1 1 5 1
26616 0 24680 35926 35926 35989 35987
26616 1 11969 2 1 1 1
36080 0 34647 34525 34524 30375 30375
9970 1 22186 3 1 2 1
21084 4 35872 2517 2515 91 91
38715 0 5011 24 24 746 737
4226 0 11100 555 555 3870 3853
18612 4 33719 56 37 3 3
40592 0 3742 347 347 37874 37851
40481 0 4992 27654 27654 22099 22097
39479 0 28777 12292 12292 11189 11189
1650 1 40174 27705 27698 7557 7557
1650 1 1311 6 1 4 1
1650 0 21879 10580 10580 4017 4017
16394 1 1650 28971 28971 32337 32329
9761 0 1650 4766 4766 9659 9655
7968 0 239 51 51 1335 1087
7968 1 11878 2 1 2 1
3491 0 239 1174 1174 14593 14334
40419 0 239 4 4 3332 3082
17572 0 239 1379 1379 9318 9062
134 0 239 10033 10033 17186 16926
40620 0 239 82 82 38392 38125
5037 0 239 251 251 6248 5995
23341 0 239 4265 4265 24268 24005
30294 0 239 1 1 328 83
11839 0 239 702 702 7383 7129
38423 0 5720 380 379 2185 2177
36383 0 6139 9666 9666 24700 24693
23143 1 19335 3 1 1 1
6619 1 23143 2 1 5 1
2002 0 19290 22304 22304 22380 22380
2033 1 10164 5 1 1 1
34032 0 13475 38564 38564 40369 40367
34006 1 34291 2 1 1 1
1920 4 13057 126 70 1 1
1920 4 14332 102 48 2 2
1920 4 17214 110 55 3 3
1920 4 20671 34 1 2 2
4419 1 1849 6 1 1 1
4419 1 8002 2 1 3 2
32151 5 11426 1 1 88 79
18951 4 31532 250 242 7 7
18951 4 32437 212 205 6 6
30591 0 49 1 1 23 12
3608 4 24144 40 14 5 5
3608 4 19987 35 11 3 3
3608 4 751 39 14 2 2
17073 1 4982 2 1 3 1
30457 0 3668 12295 12294 22766 22759
13681 4 18265 15 9 3 3
13681 4 39987 55 48 6 6
18301 5 1981 6 6 2243 2189
40455 0 26054 24555 24555 33346 33344
9094 1 352 1 1 4 1
352 1 26517 15 6 5 3
18661 1 12085 2 1 1 1
15620 4 22311 187 181 22 22
33409 0 22311 249 248 555 554
1258 1 1257 2 1 2 1
1258 1 7835 1 1 1 1
7440 9 35492 1 1 1 1
40594 0 32069 23402 23402 40868 40868
4292 1 4291 1 1 1 1
13227 1 13641 6 1 1 1
13227 1 540 4 1 3 1
12002 1 7957 2 1 1 1
40595 0 26503 12762 12762 40355 40355
40596 0 16944 811 811 38909 38904
16944 1 16943 1 1 3 1
13138 1 13137 2 1 2 1
23155 0 3062 210 210 790 779
40600 0 3062 183 183 35385 35373
13408 5 2064 1 1 85 61
2652 1 15263 1 1 1 1
606 1 31605 2 1 1 1
27110 0 11322 34106 34106 33217 33214
9199 1 6691 2 1 4 1
6691 1 35867 2 1 1 1
15253 1 22571 2 1 5 1
22571 1 16934 4 1 1 1
12011 0 9758 294 294 1171 1153
12011 1 4723 2 1 3 1
27410 0 9758 1 1 104 87
11818 1 12928 2 1 2 1
14656 1 11818 2 1 3 1
16439 0 3281 14011 14011 21737 21734
3281 1 5769 1 1 5 1
23498 1 35393 2 1 1 1
12469 0 15650 29959 29959 27628 27627
19415 4 36359 248 243 25 25
19415 4 9039 249 243 40 40
15564 1 25098 2 1 2 1
29421 2 28324 30152 30151 40287 40287
4753 0 1271 3265 3265 4409 4401
403 1 1271 1 1 1 1
26741 1 17064 2 1 1 1
31116 1 29683 1 1 2 1
31116 1 10855 24061 24060 23530 23529
11565 0 19217 14027 14027 7068 7067
10666 1 2269 1 1 2 1
38441 0 610 2 2 46 12
40747 0 610 5522 5522 40225 40188
38589 0 610 3156 3156 8728 8692
39062 0 610 79 79 1217 1182
8986 1 27775 6 1 2 1
40597 0 1285 1439 1439 39843 39836
14201 1 22872 1 1 1 1
14201 1 22141 3 1 1 1
17803 0 34579 10 10 52 51
37095 0 34579 5230 5230 12318 12316
11611 1 4777 3 1 4 1
20848 1 4777 1 1 5 1
11687 0 11199 85 85 181 163
14407 1 11687 2 1 2 1
2991 1 29472 2 1 2 1
13950 0 13637 4763 4763 6990 6985
21726 0 13637 1 1 7 3
23452 0 27533 16732 16732 25588 25586
6739 1 1414 1 1 3 1
11097 1 1414 1 1 7 1
1379 9 8161 1 1 1 1
35420 1 23199 1 1 3 1
23199 1 8758 2 1 2 1
39781 4 29034 3060 3060 397 397
24328 1 26984 2 1 2 1
27592 0 883 4 4 350 132
26057 0 883 5 5 308 92
35017 0 883 2 2 327 110
31955 0 883 1 1 303 88
14966 0 883 1 1 257 44
11358 1 11357 2 1 1 1
21577 1 19963 3 1 2 1
28849 6 1609 1373 1370 1951 1950
1609 6 8263 3589 3583 1800 1800
8531 0 14081 86 86 348 337
28503 1 28407 1 1 1 1
39294 0 17478 216 216 6443 6439
40598 0 2348 15628 15628 40732 40730
23960 0 13199 2107 2107 1694 1691
399 1 398 4 1 2 1
24160 0 6684 22 22 44 41
40599 0 11712 13606 13606 38934 38933
18982 0 5876 1190 1190 1101 1099
18213 1 5876 148 146 12 12
5876 1 18213 12 12 148 146
34510 4 19961 77 75 13 13
30259 1 21208 2 1 1 1
17577 4 34771 3110 3110 1963 1963
30657 1 2445 2 1 1 1
19374 4 10501 9595 9595 10968 10968
26690 6 38361 35898 35897 25501 25501
5142 6 18018 8363 8348 122 122
8335 6 5142 39 28 29 28
7831 0 21055 511 511 2603 2599
27907 1 14404 12491 12490 13630 13628
14404 1 27907 13630 13628 12491 12490
1175 0 14404 101 101 93 91
25106 0 38339 26252 26252 18211 18211
7779 1 33053 1 1 1 1
4104 1 7779 1 1 2 1
7006 0 36034 14957 14956 25047 25045
35113 9 26863 1 1 1 1
12815 4 20100 174 151 9 9
9564 1 1329 1 1 5 1
21276 0 3984 10282 10282 27097 27088
1652 0 3984 17193 17193 34939 34929
3625 0 4435 30 30 97 94
31367 0 4435 2 2 14 12
30581 1 16682 1 1 4 1
36064 5 2176 5 5 2270 2167
99 5 2176 1 1 163 65
9641 5 2176 1 1 1121 1020
16171 5 2176 16 16 3378 3274
26128 5 2176 73 73 19380 19273
1908 5 2176 76 76 19127 19021
10424 5 2176 1 1 1869 1767
2176 1 11120 1 1 1 1
10 4 8672 42 37 8 8
4643 6 5961 7363 7357 852 852
16211 1 18929 1 1 1 1
4844 1 15639 2 1 4 1
21835 1 36257 1 1 1 1
32931 2 5970 580 579 11396 11391
19745 1 2237 4 1 4 1
10276 0 5907 8 8 27 24
20837 1 9151 1 1 3 1
15147 0 1938 388 388 2649 2643
18040 0 11068 3 3 360 347
5173 4 23709 125 120 59 59
15430 6 9646 5034 5033 1847 1847
15430 4 3544 68 52 6 4
1388 1 20463 1 1 1 1
39201 0 10557 122 122 563 555
4701 6 6142 21814 21814 21617 21617
39620 5 4701 1 1 43 22
17538 5 1819 1 1 366 325
14012 1 8954 5 1 4 1
5148 4 21781 22796 22796 4267 4267
22752 1 11878 4 1 3 1
26368 1 8800 1 1 1 1
24546 9 793 1 1 1 1
33697 0 1749 3649 3649 8595 8581
12548 1 7959 1 1 1 1
2170 6 36952 29 3 1 1
2170 6 1435 415 388 2 2
2170 6 17789 9221 9193 4054 4053
40628 0 2170 1244 1244 38673 38651
11745 1 17019 2 1 3 2
1914 6 18394 1397 1373 61 61
1914 8 19753 2338 2328 22 22
4058 0 9924 369 369 584 577
37876 0 4058 1 1 78 68
8628 0 14367 3683 3683 3677 3671
8628 3 14961 18987 18985 10179 10179
39060 0 9003 38846 38846 39979 39979
23809 0 3362 418 418 8497 8446
18746 0 3362 7369 7369 26742 26690
34253 0 3362 10607 10607 29059 29006
29236 1 35973 2 1 1 1
29236 1 29751 1 1 1 1
1764 1 26830 5 1 2 1
26830 1 1764 2 1 5 1
40262 4 38717 37036 37036 36143 36143
22671 0 21247 34289 34288 14879 14879
9129 4 26293 102 92 8 8
20158 1 33956 2 1 1 1
35386 0 2558 7 6 378 365
35386 1 4810 1 1 2 1
34559 0 2558 152 151 1694 1680
2101 1 33146 9 1 3 2
2101 1 20147 5 1 2 1
2101 1 15727 8 1 1 1
34312 6 40486 38540 38540 33001 33001
2381 6 39759 20319 20313 3543 3543
34198 0 4847 1871 1871 16358 16328
38741 0 4847 1 1 46 17
26334 1 17027 5 2 1 1
26334 1 11324 3 1 1 1
4277 0 4056 24668 24668 31357 31353
11573 0 4056 2842 2842 5667 5664
24326 1 19636 3 1 2 1
37944 0 6042 2 2 447 437
6042 0 11666 1063 1063 1012 995
40749 0 24944 20867 20867 40863 40862
8498 1 7256 3 1 2 1
16881 1 9338 1 1 2 1
25360 1 30394 3 1 1 1
16533 1 457 3 1 3 1
16533 1 5139 2 1 4 1
5139 1 20874 2 1 1 1
113 6 26801 10 8 4 3
18225 4 31949 88 86 28 28
31096 0 26764 23941 23941 16510 16510
23445 1 20144 1 1 2 1
1322 6 37390 3339 3328 115 115
35223 0 31661 4254 4254 11176 11172
6083 4 7925 206 206 105 105
36842 0 4161 6 6 868 840
40673 0 4161 6499 6499 40708 40678
17498 1 21619 4 1 1 1
17498 1 1654 1 1 2 1
39970 0 3052 1173 1173 8756 8755
25857 0 28155 18508 18508 22676 22676
35205 0 10662 1 1 115 109
3104 0 10662 233 233 2598 2591
27896 6 40601 39850 39849 19694 19694
4359 1 21993 1 1 5 1
28307 0 21993 1250 1250 2411 2410
40602 0 300 834 834 40017 39911
21701 0 300 6162 6162 10249 10145
18354 0 300 3369 3369 20910 20805
7446 0 300 576 576 6428 6325
40703 0 300 911 911 40339 40232
21213 1 25178 2 1 1 1
11884 9 3041 4 3 2 1
9796 4 30359 4261 4258 485 485
4764 1 21744 4 1 1 1
13887 1 1866 3 1 1 1
13675 1 13726 1 1 1 1
27185 1 27184 1 1 2 1
29913 0 959 611 611 2513 2484
21128 0 959 32 32 3867 3837
30482 5 985 10 10 4828 4761
6067 5 985 4 4 1509 1444
12898 5 985 7 7 3503 3437
33867 0 985 7 7 464 459
19990 0 985 19 19 256 252
6754 1 35743 3 1 1 1
12952 0 38827 2739 2739 1759 1759
16576 1 38827 3 1 1 1
1678 7 27909 610 372 1 1
1678 7 17606 506 269 1 1
1678 7 34411 1201 961 1 1
1678 7 38159 245 15 1 1
1678 7 33433 433 197 1 1
10710 1 38566 1 1 1 1
23757 2 2023 1 1 191 141
8705 2 2023 1 1 81 32
2286 2 2023 2 2 77 29
7964 3 1791 1 1 4 1
5580 0 3139 32500 32500 37018 37010
19705 6 7282 14352 14351 1407 1407
11170 1 15337 7 1 3 1
22652 4 28628 8106 8106 1708 1708
40603 0 5178 1953 1953 40207 40176
40753 0 5178 2406 2406 40587 40555
5607 1 5839 2 1 2 1
27112 0 5607 3640 3640 10814 10808
40604 0 3773 35639 35639 40849 40849
23502 0 3591 3253 3253 6093 6087
3591 1 23828 3 1 3 1
3591 1 4974 2 1 3 1
13512 1 11627 1 1 2 1
11627 0 32691 7458 7458 6340 6340
40605 0 7851 7427 7427 39152 39152
40536 0 2861 2602 2602 30762 30753
18541 6 29772 38716 38716 32846 32846
17171 1 14314 1 1 2 1
6430 1 1025 4 1 2 1
33808 0 12168 14 14 159 123
4680 3 30046 206 205 107 107
4680 1 4679 1 1 1 1
26874 1 21974 1 1 1 1
40606 2 9677 31853 31853 40643 40643
13297 4 19277 1906 1906 682 682
871 1 6778 2 1 6 1
6778 1 18012 1 1 1 1
3278 1 37105 1 1 2 1
40607 6 7316 2459 2459 39836 39835
40607 6 2974 32757 32756 40820 40820
39590 2 17930 4 1 9 1
35134 1 29177 1 1 2 1
37759 4 33633 39765 39765 37401 37401
18141 0 20337 19118 19118 33876 33870
25756 0 18141 10237 10237 22387 22387
31924 0 2137 1 1 15 3
16768 1 3527 2 1 1 1
15053 1 25331 2 1 2 1
2951 1 25331 4 1 3 1
26706 8 17041 110 102 25 22
26404 4 38397 732 732 208 208
40608 0 11269 6748 6748 40321 40319
570 4 37732 875 873 80 80
9157 2 17319 2 1 6 2
16875 1 3343 3 1 5 1
9424 9 9423 1 1 1 1
9424 9 30295 74 73 12 11
30295 9 9424 12 11 74 73
28528 2 1425 128 127 16412 16391
40661 2 1425 435 435 40760 40738
16252 0 2071 5 5 1054 1033
8344 1 23341 1 1 1 1
23784 1 34483 1 1 1 1
7763 1 7762 3 1 1 1
30165 5 860 2 2 283 214
17944 5 860 37 37 20738 20665
9290 5 860 6 6 2717 2647
15462 1 30636 3 1 1 1
35232 1 35821 1 1 1 1
25564 0 8404 36176 36176 40144 40126
33907 0 24173 6110 6110 10486 10485
26592 0 8194 9360 9360 12388 12385
483 0 8194 10006 10006 4958 4956
9566 1 3309 2 2 1 1
40609 0 27148 13712 13712 40276 40272
40718 0 2951 5374 5374 40297 40296
11761 1 12999 4 1 2 1
26237 1 26236 2 1 1 1
24009 6 38249 1 1 7 7
38964 6 24009 10532 10529 2367 2367
3708 0 9694 11879 11879 12611 12608
40610 0 22619 2093 2093 37956 37950
25185 1 32634 1 1 1 1
40611 0 12710 5485 5485 40287 40284
5005 9 12710 3 2 2 1
7711 4 13896 114 106 20 20
21444 0 1668 5 5 169 100
17426 0 1668 1103 1103 14795 14724
38358 0 1668 61 61 2531 2461
5746 1 1668 1 1 3 1
26493 0 228 16030 16030 22689 22614
40675 0 228 737 737 39259 39182
22038 0 228 383 383 3499 3425
12895 4 10906 2340 2338 2361 2361
40453 0 10316 3 3 71 63
112 6 11189 46 7 12 12
3830 1 905 1 1 4 1
708 1 707 1 1 1 1
22664 1 9804 1 1 1 1
36523 0 4686 5021 5021 19706 19706
35422 0 10385 11339 11339 13994 13992
30775 4 5073 32204 32204 29936 29936
5073 1 5072 1 1 2 1
10680 6 18425 3340 3339 1162 1162
15029 1 11029 2 1 1 1
38345 0 7537 13123 13123 34014 34013
350 4 38228 303 300 126 126
10620 0 1244 1 1 372 87
40677 0 1244 148 148 36968 36676
33735 0 1244 1 1 334 52
15016 0 1244 2 2 359 75
29065 0 1244 4 4 538 249
15149 0 1244 1 1 306 26
16145 0 1244 1 1 429 141
10903 0 1244 1 1 392 106
4345 0 1244 2 2 305 26
30266 0 1244 3 3 411 124
36703 0 1244 1 1 295 18
19553 4 9540 98 98 312 312
450 4 20276 114 97 20 20
21982 4 450 43 37 46 46
37161 1 14121 1 1 2 1
20816 1 14121 1 1 1 1
11305 0 14274 3 3 7 2
12347 9 39027 1 1 1 1
17462 6 8373 1921 1906 43 43
17462 6 38751 2258 2242 18 18
11067 1 10029 1 1 2 1
5221 1 11848 2 1 1 1
6901 1 3580 3 1 3 1
15047 9 3513 4 1 3 1
3513 1 12072 5 1 4 1
19227 0 8492 31621 31621 31929 31926
12728 4 4840 24 15 17 17
12728 4 40336 199 189 9 9
1053 1 5405 3 1 1 1
1053 0 507 1473 1473 2599 2583
523 6 11110 38 11 3 2
34511 0 17252 1 1 27 15
11212 1 11211 1 1 2 1
8644 1 17442 4 1 1 1
40700 0 8644 6849 6849 40649 40637
19547 0 23405 36061 36060 37564 37554
3994 1 3993 4 1 1 1
31541 0 27211 460 460 2961 2959
36276 0 3679 4 4 193 183
40613 0 3721 3843 3843 40179 40143
14007 0 34084 3809 3809 5617 5613
26371 0 12250 15 14 152 150
28054 5 12250 207 207 36701 36688
39517 2 40614 40227 40226 6807 6807
40614 0 621 10724 10724 39623 39621
6014 0 1641 456 456 114 109
4778 0 1641 587 587 821 815
12527 1 31620 1 1 1 1
24997 4 4731 30303 30303 18954 18954
36026 0 2392 3407 3407 10117 10116
37802 0 2392 540 539 3894 3894
4182 4 2884 15 4 1 1
4182 4 36637 379 367 2 2
36637 0 1378 1 1 151 90
38852 1 36779 1 1 2 1
7696 0 251 7 7 710 656
28258 0 251 160 160 5466 5411
39711 0 251 12293 12293 27894 27838
24111 1 24110 1 1 1 1
40306 0 18126 3979 3979 16281 16272
12124 1 12123 1 1 3 1
15913 5 4475 109 108 10625 10605
19517 0 15913 10 10 36 32
4475 0 3779 15648 15648 38552 38498
39636 0 19687 6677 6677 29369 29368
11271 1 27213 7 1 1 1
11271 1 32517 8 1 1 1
32517 1 8906 2 1 5 1
24608 4 30747 10 8 1 1
23217 1 24399 2 1 2 1
29094 0 19267 3672 3672 2454 2452
3498 1 449 1 1 3 1
449 0 18847 733 733 404 404
17435 1 8639 3 1 2 1
37239 2 1136 5 5 1835 1764
40615 0 34949 38707 38707 40676 40675
36310 0 13741 16 16 171 164
36310 1 33374 3 2 1 1
19988 0 5541 6816 6816 9997 9986
3478 1 3477 1 1 1 1
39338 0 2342 1216 1216 4768 4764
37502 2 2524 24 23 8830 8787
38205 2 2524 2 1 52 11
2714 8 39449 538 520 1 1
2714 8 36914 27449 27429 33 33
2714 8 10915 8573 8554 4 4
10239 1 23646 2 1 3 1
6491 4 33367 25227 25225 2454 2454
8572 1 2319 2 1 1 1
2203 1 3505 6 1 2 1
2203 1 2202 4 1 1 1
7534 1 2203 2 1 3 1
4312 9 1881 1 1 1 1
1881 1 32034 1 1 2 1
22224 2 6577 2 2 129 77
37828 2 6577 6 6 2481 2427
34631 2 6577 1 1 66 15
18135 3 961 4 2 3 2
18135 3 20631 1 1 1 1
20631 10 24127 1 1 1 1
26739 0 18996 1848 1848 6546 6538
26740 1 26739 2 1 1 1
40616 0 37405 5081 5081 37601 37600
32555 1 16514 1 1 1 1
57 1 14678 4 1 1 1
1750 1 14678 2 1 2 1
14678 3 3713 3 1 3 1
14678 3 24654 4 1 6 1
40617 0 20218 14671 14671 40824 40819
13411 1 23555 5 1 3 1
5505 0 11298 9154 9154 18164 18161
5505 3 11131 3 1 4 1
19316 0 4045 6338 6338 10390 10389
4899 1 9805 3 1 2 1
21273 4 25459 15 6 1 1
30787 0 1897 35104 35104 39642 39567
30787 1 8109 1 1 2 1
40728 0 1897 48 48 33068 32995
17481 0 1897 4951 4951 22196 22124
40740 0 1897 1868 1868 39469 39395
4621 1 4620 1 1 4 1
14843 0 23268 3797 3797 3085 3081
12016 1 12015 1 1 3 1
19364 1 19363 1 1 1 1
40432 0 5164 12240 12239 26401 26392
34663 2 34482 20948 20948 15210 15210
4270 7 27605 15212 15173 4 4
4270 7 39989 59 21 1 1
24865 1 29189 1 1 2 1
10074 0 7611 66 66 633 623
30125 4 21696 36 35 75 75
5262 6 1060 11302 11300 4077 4077
4252 1 4251 1 1 3 1
22399 1 16355 6245 6245 10100 10095
40351 0 23777 10134 10134 1963 1963
28134 0 25797 8336 8336 8799 8799
36095 0 17496 4748 4748 13438 13437
40618 0 20146 14322 14322 39692 39691
11641 3 6465 10867 10862 916 916
17723 1 36872 2 1 1 1
40243 0 9712 125 125 1779 1775
31655 6 23676 39350 39347 35465 35465
7363 1 9383 1 1 2 1
927 1 19126 2 1 1 1
18550 1 11874 3 1 5 1
6872 1 17571 3 1 2 1
22182 1 3015 1 1 1 1
31726 0 2708 1 1 47 21
10510 1 31299 2 1 2 1
10510 1 11468 3 1 2 1
5637 0 14019 492 492 195 183
37295 0 5637 3265 3265 10517 10499
40651 0 14019 3163 3163 40520 40507
19127 0 32193 2776 2776 3549 3547
40619 0 17352 29873 29873 40664 40664
18931 1 7658 3 1 1 1
24917 1 24916 1 1 1 1
14958 0 8926 6763 6763 10490 10487
2199 0 12062 233 232 91 87
37781 4 33570 16 16 18 18
2638 1 13670 5 1 5 1
4988 6 37733 36542 36541 25792 25792
7538 0 2453 1734 1734 9837 9784
6470 0 2453 6919 6919 28291 28237
3450 0 2453 1175 1175 8937 8885
23404 1 36206 1 1 1 1
18078 1 18077 1 1 1 1
12966 4 7733 16 15 2 1
2725 6 35944 2405 2402 200 200
2725 6 38746 19576 19572 11250 11250
6374 1 6373 1 1 2 1
18028 4 23156 9561 9559 1879 1879
27874 1 9022 1 1 2 1
7520 0 6342 2500 2500 3802 3801
26885 1 36088 4 1 2 1
40337 0 3712 2506 2506 17107 17098
11866 0 2723 24 24 200 165
40672 0 2723 2825 2825 40383 40344
19663 5 5949 236 236 28922 28915
10405 4 39191 91 88 11 11
31833 0 2612 3761 3761 27880 27878
27749 0 2612 1317 1317 4488 4487
36563 6 10574 8 6 44 43
40621 0 17882 2959 2959 39990 39989
6572 1 34940 4859 4854 2890 2890
2450 1 6572 2 1 5 1
34940 1 6572 2890 2890 4859 4854
11303 0 16874 952 952 1084 1082
3894 6 39306 2823 2815 1312 1311
38351 1 38350 1 1 1 1
221 3 8712 2 1 5 1
8712 3 2533 4 1 2 1
40622 0 140 1924 1924 38610 38603
16189 1 10946 47 46 288 285
22380 1 29033 5 1 2 1
33769 1 969 1 1 2 1
21347 6 28199 1109 1109 149 149
5013 4 21215 2404 2403 1677 1677
40623 0 9319 21592 21592 40883 40881
9319 6 20165 83 79 9 8
22384 1 2522 2 1 7 1
30132 1 32978 2 1 1 1
28058 6 25609 597 591 444 443
4994 1 4993 1 1 1 1
515 0 2507 1 1 8 3
515 1 25909 8 1 1 1
2739 1 8642 5 1 1 1
8991 0 10772 1153 1153 3406 3397
1796 0 10772 12389 12389 16494 16484
28422 0 10772 20057 20057 30861 30849
21206 0 10772 9649 9649 21154 21143
3799 0 507 3274 3274 10643 10626
3335 4 15150 53 49 55 55
28623 1 16535 1 1 1 1
2736 4 39631 60 19 1 1
30472 0 13465 5763 5763 19979 19978
33343 1 22 1 1 3 1
10950 1 13236 5 1 4 1
2967 1 2966 1 1 4 1
39937 0 7513 19884 19883 16677 16677
9419 1 9418 2 1 2 1
39013 1 36698 1 1 1 1
29610 1 10919 1 1 1 1
4538 3 20612 12797 12797 18453 18453
30780 0 35793 18326 18326 28554 28553
24724 0 8582 11377 11377 23501 23493
8582 3 31244 29042 29042 13289 13289
32853 1 1076 1 1 9 1
16397 1 1054 5 1 7 1
1054 1 16397 7 1 5 1
20574 1 20573 1 1 1 1
17492 1 25092 3 1 2 1
38372 5 9152 137 137 18966 18962
20274 0 9152 28591 28591 36842 36841
20264 1 24542 2 1 3 1
18955 0 7329 70 70 188 181
23987 0 4369 833 833 3114 3093
4369 0 3 3512 3512 3996 3983
2124 1 1068 4 1 3 1
33595 0 1068 31464 31464 35654 35637
5628 7 37755 1992 1960 2 1
5628 7 12647 28 1 1 1
3996 1 6728 2 1 5 1
40624 2 8477 16 16 37924 37905
40625 2 1565 92 92 40680 40663
36784 2 1565 32 31 9309 9293
2962 4 22234 51 22 2 2
2962 4 29412 63 33 5 5
6633 7 36193 10107 10096 18 18
40626 0 614 9628 9628 40369 40366
31835 1 5813 11 10 46 39
25903 0 9834 21604 21604 26959 26954
16418 0 8858 11290 11290 33935 33923
32204 1 21012 2 1 4 1
36815 4 18543 1488 1488 2586 2586
5960 1 5959 1 1 3 1
5959 1 20633 1 1 1 1
3186 0 19366 1 1 7 1
34490 0 19366 1 1 6 1
9285 4 3566 4866 4863 2774 2774
28491 0 21937 20959 20959 36616 36616
14560 0 3579 494 494 9347 9334
1548 0 13970 232 232 413 406
24781 0 9745 11138 11138 21724 21721
37605 1 10437 1 1 2 1
21783 4 36057 251 245 16 16
39777 0 28386 1 1 1 1
12874 0 25149 6 6 28 23
34886 0 19548 23761 23761 23395 23394
38549 0 3218 67 66 852 845
6806 0 3218 5 5 15 9
5707 1 9142 2 1 7 1
21471 0 21813 170 170 1149 1146
3766 8 8009 76 70 8 5
13145 1 9402 4 1 3 1
17843 0 28399 6946 6946 2379 2379
40627 0 1666 6583 6583 40133 40121
1666 0 8325 84 84 110 101
654 0 412 5644 5644 7131 7124
14956 2 12037 636 635 17047 17042
617 6 6774 228 214 21 18
9968 1 9967 2 1 2 1
27085 0 35359 28923 28923 32556 32556
1637 1 34420 3 1 1 1
5730 0 36803 15047 15047 13500 13498
838 6 32152 2668 2660 9 9
23103 0 3276 2636 2636 13338 13320
35721 0 3276 176 176 1541 1524
18987 1 3276 3 1 2 1
40629 0 36565 17352 17352 39902 39901
1164 6 6638 18 13 3 1
34239 9 18569 1 1 2 1
11837 4 28447 7575 7568 5260 5260
28130 0 12447 5894 5894 29817 29813
3649 1 31930 2 1 1 1
11584 0 5856 17823 17823 25790 25764
15608 0 11584 5359 5359 5165 5162
33433 0 9304 1395 1394 7373 7363
11509 6 13575 35276 35275 21649 21649
3459 1 18716 457 446 2923 2923
28208 1 3459 1 1 10 1
18716 1 3459 2923 2923 457 446
33370 4 36554 1820 1820 3282 3282
36554 4 19332 23655 23655 21155 21155
28158 1 24705 1 1 1 1
3450 1 13968 6 1 2 1
32129 0 885 10129 10129 14356 14349
23550 0 341 7049 7049 17214 17208
20836 1 23921 5 1 1 1
23921 1 19782 2 1 1 1
20335 0 25270 20 20 90 90
32163 4 27952 4742 4741 1972 1972
22393 0 1973 9848 9848 27665 27609
40727 0 1973 447 447 36087 36030
25244 0 1945 647 647 6675 6653
33880 0 1945 38823 38822 40633 40610
24265 1 658 1 1 1 1
8592 1 8591 3 1 3 1
799 6 14682 1332 1314 179 178
799 6 23999 39 22 6 5
36839 0 32330 11423 11423 13309 13309
9877 9 17446 1 1 1 1
9284 6 40237 25118 25118 16049 16049
8440 0 10175 21 21 61 56
15799 6 17610 32811 32799 26978 26978
1955 1 12334 1 1 1 1
15612 1 33784 1 1 2 1
26154 6 29880 4 1 2 2
27300 1 30734 5 1 1 1
27525 0 3582 6146 6146 20356 20329
30440 0 27525 5562 5562 9878 9877
11629 1 3582 4 1 1 1
3325 0 31371 32362 32362 28569 28566
8222 0 5081 1215 1215 2560 2558
9760 1 9759 1 1 1 1
1709 1 2722 5 1 1 1
12888 6 33923 23492 23491 12389 12388
23634 0 4578 7235 7235 10905 10903
3258 9 23634 1 1 1 1
17187 1 13864 2 1 2 1
17187 1 11812 4 1 5 1
17187 1 6726 3 1 4 1
9561 4 39738 399 394 3 3
40630 0 4049 3850 3850 39337 39321
23531 0 4049 15 15 1966 1953
19 1 6484 7 1 4 1
19331 0 6850 5 4 48 24
27088 1 9828 1 1 1 1
35702 0 15222 16021 16021 19304 19302
20635 6 21042 2031 2029 58 58
22261 1 13269 1 1 2 2
22970 1 22969 3 1 1 1
18827 4 15294 4302 4302 3871 3871
9782 1 3951 1 1 1 1
35390 0 7258 22290 22290 19367 19367
36733 6 32656 9198 9198 28940 28940
38009 0 28740 11446 11446 23474 23473
26011 2 4090 41 39 3883 3853
36107 2 4090 2 1 60 31
33747 1 4090 1 1 2 1
36531 2 499 9 9 593 560
24281 1 11177 1 1 4 1
1223 7 34593 4490 4477 4 4
24757 1 2423 2 1 10 1
2423 1 2422 6 1 1 1
22776 1 9885 1 1 5 1
15285 1 9885 2 1 3 1
9885 1 28854 1 1 1 1
10713 4 34491 500 494 133 133
21164 0 1390 4094 4094 16454 16443
32940 0 30056 13805 13805 21284 21283
21775 0 25753 513 513 558 557
33648 1 6674 1 1 3 1
2761 0 4715 177 177 3014 3000
6696 0 4715 92 92 293 280
17030 9 4295 1 1 1 1
13412 0 21233 284 284 301 299
28826 1 6595 3 1 3 1
20832 1 11711 2 1 2 1
14280 1 11926 4 1 3 2
29160 1 15901 2 1 4 1
16032 6 33387 26 16 5 2
11676 0 14498 1454 1454 2208 2197
16565 2 11676 14453 14453 37414 37413
31288 6 28201 33685 33685 37576 37576
40631 0 12856 7514 7514 40019 40017
24723 1 5785 1 1 3 1
4523 1 5616 3 1 3 1
12257 3 13172 5 1 1 1
12257 3 535 4 1 2 2
26683 0 5772 1 1 60 28
336 1 17653 3 1 3 1
1046 7 15073 24338 24217 8 8
1046 7 30406 3632 3514 1 1
1046 7 27214 440 326 1 1
1046 7 33079 27803 27681 6 6
1046 7 5787 704 589 1 1
2624 1 19875 1 1 3 1
19876 1 19875 1 1 4 1
15802 0 7902 13854 13854 10798 10795
9265 0 3141 1 1 91 39
12722 0 3141 1 1 60 9
10103 0 3141 237 237 7209 7156
7145 5 1658 2 2 49 38
7145 0 1669 574 574 2200 2194
12738 5 1658 62 62 22739 22727
17951 0 1658 24967 24967 37930 37924
27703 9 34293 1 1 1 1
29800 4 28661 130 129 43 43
6381 1 190 4 1 1 1
859 9 12748 1 1 1 1
30017 1 859 2 1 1 1
18820 1 11268 16050 16047 16694 16693
1823 0 4690 39556 39556 40887 40887
21777 0 6768 21762 21762 37863 37862
6768 6 21336 156 154 3 2
40091 0 4569 2019 2019 13934 13917
14867 2 741 1 1 45 1
14867 4 4956 7 7 38 36
12851 2 741 1 1 17 1
20925 1 20924 2 1 1 1
1674 1 931 1 1 1 1
34244 0 32041 24092 24092 23827 23827
40632 0 7551 17007 17007 40748 40715
14712 0 7551 350 350 3638 3606
2716 1 35898 4 1 1 1
40633 0 13777 1191 1191 39452 39442
37358 1 31163 1 1 2 1
11679 7 23483 3498 3492 9 9
7229 4 27626 34 18 3 3
22653 0 16517 28030 28030 17341 17340
16217 0 5288 1957 1957 7028 7024
2278 6 26447 354 345 6 6
24890 4 33643 112 111 13 13
32433 0 15559 27566 27566 29498 29496
22947 3 32423 36634 36632 3291 3291
23487 9 11721 1 1 1 1
15940 1 23487 1 1 1 1
23487 0 13665 2543 2543 2194 2192
18752 1 299 2 1 3 1
18752 0 8047 5718 5718 12227 12220
15683 6 19775 5 3 22 21
39821 0 33635 43 43 1584 1582
12743 1 17790 2 1 3 1
40634 0 28094 10569 10569 39820 39815
2256 1 14167 3 1 1 1
18933 4 20525 100 97 168 168
17224 1 10004 5 1 3 1
37117 0 6089 19281 19281 30361 30350
3733 1 37117 1 1 1 1
2521 0 8501 6015 6015 5747 5742
16781 1 14407 5 1 3 1
14716 0 14407 3168 3168 4703 4701
8270 0 36693 24 24 13 12
6368 5 4264 3 1 9 3
35387 1 19174 1 1 1 1
13187 1 18773 3 1 3 1
10051 0 11733 12 12 297 290
26059 4 39209 13 12 1 1
11003 1 3102 4 1 1 1
10718 1 11003 2 1 2 1
11003 0 12665 329 329 82 81
3102 0 37135 33 33 13 12
18521 1 21925 1 1 1 1
8854 1 7411 2 1 4 1
16381 0 23939 524 524 19 19
451 0 1929 1 1 241 19
33456 0 1929 1 1 230 12
24694 0 1929 1 1 236 16
39387 0 1929 1 1 238 17
7613 1 12661 4 1 1 1
7197 1 15448 3 1 2 1
17662 1 15448 1 1 1 1
37672 0 16158 821 821 3014 3014
21547 1 21546 1 1 2 1
10702 1 23017 2 1 1 1
438 1 34948 1 1 1 1
18006 4 18624 156 156 18 18
9736 0 18836 1716 1716 7591 7589
26667 1 37019 1 1 1 1
2440 0 6281 115 115 398 390
26061 1 34300 2 1 1 1
7854 1 4665 3 1 1 1
4819 4 14283 13932 13930 6888 6888
38806 0 30214 1872 1872 7951 7951
8314 1 16121 4 1 3 1
39546 0 27758 208 207 1582 1577
19102 2 1216 3 2 35 33
29584 1 17589 3 1 2 1
23903 0 2218 2413 2413 11674 11666
10504 6 23689 51 45 8 7
21753 1 24319 2 1 1 1
27512 2 9554 206 206 20092 20090
33772 0 18060 5087 5087 2310 2309
40635 0 11401 4514 4514 39949 39941
37827 0 12143 24339 24339 31065 31062
10219 1 15914 2 1 4 1
40636 0 10144 1551 1551 39215 39209
25012 1 28395 1 1 1 1
10163 1 36165 1 1 1 1
13634 1 16425 1 1 1 1
10718 1 3101 3 1 2 1
32269 4 13378 10 9 64 64
132 6 7098 16394 16367 20582 20582
132 8 30058 431 404 2 1
24046 2 7098 4 4 62 60
34096 2 6504 3 2 49 46
16928 1 39641 8 1 1 1
10361 0 11019 499 498 7621 7620
31941 1 1800 33700 33700 37024 37022
1800 1 31941 37024 37022 33700 33700
15215 0 10045 38147 38147 39327 39327
13118 4 38898 428 422 9 9
32650 1 7755 1 1 1 1
12467 4 34649 15 10 1 1
9896 1 18285 1 1 1 1
7667 1 12425 2 1 3 1
13792 1 1506 3 1 2 1
27011 1 15878 1 1 3 1
29234 0 35329 17892 17892 16314 16314
7943 0 10653 27 27 38 32
17967 0 7943 20 20 30 25
27950 1 7080 1 1 2 1
32191 0 30183 6520 6520 13923 13923
8067 4 31485 4 4 10 10
40637 2 3638 1430 1430 40933 40930
3845 0 33389 17 17 15 8
34507 0 1864 19191 19190 33356 33356
1864 4 25736 187 109 2 2
1864 4 34970 202 122 1 1
9467 1 9580 2 1 2 1
13612 1 17386 3 1 1 1
13700 1 35600 2 1 1 1
4329 0 8286 2186 2186 6557 6553
32613 1 25386 1 1 1 1
5658 1 17587 1 1 4 1
5658 1 6582 2 1 6 1
39787 0 127 23 23 2366 2328
14136 0 127 361 361 513 476
13276 1 13275 1 1 1 1
40639 0 13366 14396 14396 40688 40688
13367 1 13366 2 1 1 1
40275 5 7288 3 3 7428 7414
1302 0 875 2846 2846 2942 2942
1302 1 25385 2 1 2 1
875 1 12410 4 1 2 1
4494 1 89 1 1 2 1
18990 0 89 16002 16002 21345 21327
40640 0 24053 17548 17548 40526 40525
18859 1 233 1 1 3 1
12436 0 233 4093 4093 14353 14353
7065 1 30772 3 1 1 1
934 0 7065 35 35 36 36
2370 4 38227 18 4 3 3
2370 4 36484 59 38 3 3
25146 1 23224 1 1 1 1
30650 5 5167 63 63 21603 21584
4399 0 17631 35329 35328 36273 36271
4487 1 23828 2 1 4 1
40641 0 6889 1387 1387 38893 38889
14877 0 673 15 15 465 446
11236 1 11235 1 1 2 1
18886 1 5777 2 1 1 1
23603 1 14746 3779 3777 2411 2410
38534 6 21834 20 20 172 172
29015 4 35243 140 140 144 144
5305 9 11107 2 2 1 1
1754 1 11107 5 1 2 1
4526 0 16078 38196 38196 40305 40292
33020 0 17455 8 8 178 173
11439 0 3779 1609 1609 6727 6674
11995 6 27315 30345 30335 3013 3013
4069 1 10264 1 1 3 1
16543 2 7941 1708 1708 18705 18704
30820 4 40098 2274 2274 951 951
7608 6 17250 16001 16001 19643 19643
34850 0 14755 550 550 8489 8488
29978 0 14755 533 533 11895 11893
1608 0 27044 9 9 6 3
21522 0 4706 270 270 2115 2115
21523 1 21522 1 1 2 1
18705 1 10129 2 1 2 1
4870 4 23128 233 215 10 10
7327 1 28238 1 1 1 1
34202 0 26992 395 395 744 744
36557 0 6350 4639 4639 8295 8289
35418 1 29484 1 1 1 1
7541 0 4367 7493 7493 17298 17270
11932 4 32067 42 28 5 5
10275 0 17996 13697 13697 18262 18259
39456 1 19704 1 1 3 1
18323 0 586 79 79 4942 4862
13562 0 586 290 290 3579 3500
4417 1 586 2 1 8 1
7278 1 586 1 1 7 1
27593 1 12739 1 1 3 1
12739 1 21738 2 1 3 1
12654 0 8574 5 5 6 5
9238 1 23492 3 1 2 1
31611 0 7155 162 162 12857 12852
7156 1 7155 2 1 2 1
7155 0 32985 35551 35551 24090 24088
16869 0 14047 16485 16485 26558 26555
2512 1 11785 1 1 1 1
11088 1 10937 2 1 4 1
28051 4 23671 8806 8806 15744 15744
20731 0 20684 8133 8133 4715 4714
4385 1 3236 1 1 3 1
9432 9 1667 4 2 2 1
9432 0 10503 28431 28431 28843 28843
40643 2 3999 53 53 37962 37924
40646 2 3999 26 26 38882 38843
40743 2 3999 2 2 32839 32803
40711 2 3999 73 73 39876 39836
40755 2 3999 18 18 36636 36599
12237 1 7953 3 1 3 1
25278 1 37411 1 1 2 1
408 4 23469 270 268 138 138
1148 0 17366 11 11 254 246
7956 0 627 8 8 39 39
9729 1 6968 1 1 8 1
24511 0 1344 20 20 80 80
27740 0 26327 28 28 112 107
7986 8 7255 18029 18023 41 41
7381 1 25502 4 1 1 1
2902 1 11262 8 1 2 1
9042 1 10887 2 1 5 2
9043 1 9042 4 2 4 1
6541 9 6540 1 1 1 1
40644 0 9111 9163 9163 39795 39789
26375 1 21045 1 1 2 1
1257 1 11847 1 1 1 1
19650 1 21679 3 1 1 1
4031 1 5234 3 1 2 1
40645 5 20085 623 623 40887 40886
12097 1 7899 3 1 4 1
12097 1 15381 2 1 1 1
15381 6 27596 1233 1231 394 393
3911 1 3910 1 1 2 1
6582 1 4443 5 1 5 1
16646 1 30805 5 1 6 4
37036 1 4229 4192 4192 18498 18494
12072 6 37740 5 2 1 1
2007 2 12273 1 1 14 1
11567 0 73 2479 2479 5931 5921
10875 0 11567 27195 27194 26508 26508
18947 5 73 49 49 18630 18572
40724 5 73 38 38 37158 37099
27976 1 38676 1 1 1 1
33023 4 28124 2518 2517 146 146
21030 1 8155 2 1 1 1
27238 5 13249 38 38 14179 14164
5870 1 5622 6 4 10 8
5622 1 5870 10 8 6 4
27901 0 19859 6786 6786 7208 7207
40662 0 19859 29182 29182 40905 40903
31613 0 29521 3152 3152 6047 6046
17378 0 6050 6 6 4 3
40155 5 4554 35 35 12506 12498
40527 0 7268 34609 34609 37031 37023
14066 1 11728 1 1 7 1
26527 1 20615 4 1 3 1
33593 9 20131 1 1 1 1
27280 1 21426 1 1 1 1
3040 1 17693 2 1 2 1
25658 0 485 15775 15775 21945 21944
18469 5 129 9 9 7518 7474
28264 2 19665 3 2 7 5
27241 5 5742 1 1 126 106
5026 0 25220 4794 4794 22701 22698
11821 0 23942 2 2 3 2
28145 0 21469 29306 29306 24705 24705
36421 0 23934 30883 30883 28441 28441
5784 1 37926 3 1 1 1
10931 6 4938 22742 22741 4415 4415
1857 6 34576 5507 5474 220 220
1857 8 29220 4725 4714 31 31
11116 1 11115 2 1 2 1
3144 1 34206 2 1 1 1
29262 1 30989 1 1 1 1
1904 0 13709 7954 7954 16538 16518
10949 1 12159 5 1 1 1
10852 1 10851 1 1 1 1
38604 0 9315 753 753 4438 4436
40648 0 20404 1795 1795 40131 40129
455 10 12842 1 1 1 1
5537 6 32458 2744 2744 2769 2768
3621 1 28895 7 1 1 1
4946 9 20388 1 1 2 2
37381 5 2404 2 2 1748 1685
18509 5 2404 59 59 22995 22931
34190 0 4417 5900 5900 23735 23731
7826 1 7825 1 1 1 1
7825 1 29516 2 1 1 1
10788 1 10787 2 1 1 1
13090 1 23239 3 1 3 1
21630 1 3350 2 1 2 1
40681 0 21630 19255 19255 40705 40704
40020 1 27893 1 1 1 1
192 0 3182 2762 2762 3994 3947
40659 0 3182 6467 6467 39945 39897
25380 1 34263 3 1 1 1
40649 0 16215 11429 11429 40249 40248
40446 1 23732 383 383 1658 1655
23732 1 40446 1658 1655 383 383
34086 6 5206 32 32 23 23
2858 0 20996 5 5 23 20
18116 0 20996 5104 5104 7337 7333
10925 1 12946 2 1 3 1
29210 0 28005 27746 27746 34974 34971
27124 0 25522 936 936 1757 1754
12679 0 25522 27158 27158 37990 37986
40650 0 7972 1179 1179 38787 38770
637 8 34610 3021 2998 14 14
8063 1 12534 6 1 1 1
18731 1 18730 1 1 1 1
20947 2 909 2 1 36 30
1431 4 36937 36 20 5 5
15092 4 39339 31281 31277 11999 11999
8626 1 17737 2 1 1 1
8142 0 267 3974 3974 4335 4312
13601 0 267 3304 3304 9785 9761
4749 1 3012 3 1 3 1
34451 0 4286 5401 5401 24421 24412
19033 0 4286 163 163 2979 2971
4562 1 2073 3 1 2 1
2073 0 12505 27 27 27 20
31431 0 724 1625 1625 13284 13267
38103 0 724 2403 2403 24132 24113
40654 0 724 399 399 39330 39310
16201 1 29447 2 1 1 1
5631 1 37242 3 1 1 1
8758 0 904 1059 1059 10018 10005
4273 0 20274 33914 33914 39292 39291
7509 1 28460 2 1 1 1
24248 1 26008 388 388 6492 6490
16580 0 4596 2220 2220 14037 13965
31450 0 4596 25702 25702 35129 35056
26018 2 7003 372 372 33910 33909
27767 0 33139 68 67 71 71
11803 1 3063 5 1 3 1
40671 0 11803 3843 3843 39924 39923
8515 0 9557 3 3 187 167
30217 4 31100 31 24 4 4
149 0 8325 20 20 217 207
16886 0 8325 756 756 8466 8455
6021 3 6419 34373 34373 32797 32797
8937 1 15399 2 1 3 1
15399 0 15413 12167 12166 10428 10427
16850 0 2816 3801 3801 16718 16707
1495 1 1496 2 1 1 1
22266 1 13419 3 1 1 1
4036 6 25770 3 1 2 1
9661 1 35820 5 1 1 1
33793 5 226 177 177 37834 37824
7617 0 3106 7988 7988 10308 10308
25454 0 8768 7988 7988 15969 15969
40652 0 19798 23318 23318 40566 40564
12951 1 6835 1 1 3 1
13042 1 35270 2 1 1 1
22965 1 29226 2 1 1 1
27680 4 33739 24 23 3 3
1899 1 12199 3 1 2 1
28178 1 1166 2 1 2 1
7900 0 1166 27330 27330 35320 35310
23262 6 32818 5061 5060 239 239
5593 6 11394 24863 24860 7207 7207
8267 1 5593 1 1 1 1
3044 1 2035 4 1 4 1
3044 1 16109 1 1 2 1
21419 4 26177 101 100 41 41
21419 4 31110 17140 17138 6976 6976
13244 1 13243 2 1 1 1
29344 0 8327 29235 29235 39768 39758
33450 4 37712 206 206 134 134
35194 4 34100 1503 1501 4632 4632
40655 0 9708 4876 4876 39409 39400
11987 1 24184 1 1 1 1
40067 0 28616 26563 26563 29935 29935
11962 0 5446 1 1 15 1
40656 0 23923 5675 5675 40061 40059
17906 1 39780 1 1 1 1
12010 0 12867 44 44 62 62
27741 0 9592 4089 4089 5809 5799
31815 0 20618 29618 29618 26966 26965
36783 1 30240 1 1 2 1
18655 0 7908 10209 10209 26475 26473
6243 1 7908 27 26 178 171
24740 1 21889 1 1 2 1
4775 1 10634 1 1 3 1
25665 0 1971 5505 5505 32078 32067
1669 3 13851 1034 1029 544 544
2025 6 7292 21512 21510 3786 3786
14912 1 32715 3 1 1 1
12038 0 38396 628 628 1282 1282
35926 5 7786 146 146 34810 34790
825 4 18445 26 15 6 6
40657 2 26386 21556 21556 40836 40836
20788 1 2698 2 1 3 1
11974 1 28533 3 1 1 1
40658 0 20524 15393 15393 40182 40180
30364 0 7177 13588 13588 14698 14692
17270 0 3160 5 5 32 16
29793 0 3160 265 265 4191 4174
23134 2 3167 995 994 25209 25187
11450 0 3167 183 183 1236 1225
12666 8 16098 29371 29362 78 78
12666 8 36039 13540 13532 91 91
31571 0 30708 7682 7682 16211 16209
5912 1 2368 3 1 4 1
31386 1 8649 1 1 1 1
982 1 215 3 1 4 1
33373 0 6364 280 280 2657 2653
13857 6 25567 19744 19744 30310 30310
13500 0 351 3 3 337 212
22904 0 351 1 1 149 25
28665 0 351 1 1 116 4
40717 0 351 1643 1643 39671 39545
18938 0 5892 941 941 8611 8603
16099 1 26369 2 1 1 1
2721 9 2720 1 1 1 1
24582 0 15825 5237 5237 6976 6971
32819 1 28176 1 1 1 1
36852 4 37506 43 43 12 12
2214 0 15911 1117 1117 922 922
4259 1 4258 1 1 3 1
257 1 24309 2 1 1 1
4917 0 9090 16 16 56 55
9090 1 14439 1 1 1 1
20691 0 1251 1 1 9 5
27447 1 14144 2 1 2 1
40664 0 2231 1160 1160 38461 38432
16037 0 2231 492 492 8929 8901
13008 1 27465 3 1 2 1
11452 0 25129 823 823 912 908
231 0 1467 2373 2373 23022 22979
3531 0 28084 20198 20198 25132 25132
3531 1 4181 2 1 2 1
6594 1 4528 1 1 1 1
19437 0 14525 13514 13514 29768 29733
8031 0 14791 6533 6533 11655 11644
31367 1 1787 1 1 2 1
9853 1 760 2 1 2 1
27431 0 39165 37145 37145 40177 40177
36977 0 5846 1 1 74 44
3013 0 40092 5666 5665 1700 1699
2724 4 36323 85 55 1 1
7159 4 9738 1245 1242 1029 1029
38226 0 6849 2 1 16 11
4087 3 16968 6 1 5 1
4087 3 4129 4 1 5 1
31274 1 31273 1 1 1 1
5582 1 25676 9 1 1 1
25982 1 16758 1 1 3 1
16758 1 25203 4 1 2 1
1131 4 12184 86 37 5 5
22246 0 24779 34729 34729 34068 34066
15361 6 28949 1272 1272 660 659
36223 0 8406 4341 4341 15127 15117
1772 8 35641 25327 25326 4244 4244
1772 8 37471 2934 2934 140 140
8336 2 1773 1 1 43 5
19749 1 22236 1 1 1 1
36152 0 33158 573 573 515 514
9803 4 33158 2905 2902 1528 1528
31178 6 27506 12 10 2 1
19480 0 22889 5222 5222 2510 2510
1803 1 3108 3 1 4 1
3108 0 30670 1338 1338 2213 2211
23633 1 27801 3 1 2 1
10997 5 6030 4577 4577 37612 37610
10997 1 30683 1 1 1 1
4151 6 35893 20 11 1 1
21421 3 7727 2 1 1 1
8947 4 25382 62 60 13 13
28887 1 2749 2 1 6 1
30602 0 7963 12428 12428 22166 22161
28803 1 7236 1 1 1 1
17376 6 18797 9 1 4 4
18797 6 7347 69 65 10 10
4486 1 6243 9 1 1 1
38461 0 30319 1757 1756 11476 11472
10089 1 7989 1 1 6 1
12058 1 2312 1 1 8 1
8268 1 5633 2 1 1 1
40666 0 16421 34472 34472 40713 40713
18179 9 5219 2 2 1 1
10733 1 1830 3 1 2 1
433 1 15766 2 1 3 1
30942 1 704 1 1 1 1
11977 0 6276 25651 25651 36660 36654
40667 0 25385 8470 8470 38541 38537
17801 0 24596 2163 2163 1777 1776
36884 0 4188 18127 18126 24613 24613
10301 0 9082 970 970 2302 2300
15234 6 20190 2172 2172 4043 4040
31040 1 34714 1 1 1 1
23336 0 36235 25094 25094 39578 39578
33510 1 34163 2 1 1 1
14971 1 14960 1 1 1 1
17273 0 4918 23600 23600 29793 29792
30507 0 542 1 1 44 32
30659 0 542 11 11 324 311
21349 4 34315 9714 9714 3966 3966
7012 1 7012 15578 15578 15578 15578
6351 0 5112 1359 1359 3459 3458
29074 1 29073 1 1 1 1
21454 1 39437 1 1 1 1
4178 6 21454 23965 23964 24520 24520
33809 1 29402 1 1 1 1
24898 0 7415 11832 11832 36764 36744
808 1 807 1 1 1 1
22710 0 22555 1040 1040 4702 4701
10110 1 18587 1 1 3 1
18587 0 20875 400 400 698 690
16329 1 3909 4 1 2 1
1432 4 8490 61 45 18 18
16905 1 10533 2 1 2 1
9956 1 2505 1 1 2 1
22993 1 6303 2 1 2 1
17529 1 8542 2 1 2 1
18744 0 6242 11 11 154 149
40668 0 881 1940 1940 38465 38461
23982 1 23981 1 1 1 1
40669 0 14189 3451 3451 38703 38701
5759 1 26443 1 1 1 1
24585 2 10398 13 13 11973 11948
14448 1 10398 2 1 2 1
28412 0 37012 33705 33705 35729 35728
6886 1 32873 2 1 1 1
9765 0 19420 2076 2076 828 827
1752 1 9904 3 1 3 1
20473 1 13402 2 1 3 1
39769 1 25538 387 387 54 54
25538 1 39769 54 54 387 387
21180 6 11296 10 9 8 7
4128 1 25065 1 1 1 1
40670 0 14798 24509 24509 40862 40860
40670 6 40706 40834 40834 40792 40792
6066 0 11939 26090 26090 26817 26808
24884 4 6439 657 657 219 219
26927 1 4813 3 1 3 1
12620 6 33079 32776 32776 24087 24087
23142 1 23141 2 1 1 1
2112 1 15204 3 1 2 1
31063 4 40391 815 815 775 775
23817 1 38036 2 1 1 1
35101 0 20547 18619 18619 38030 38028
34252 0 7906 23776 23776 36152 36151
6576 6 15513 30492 30492 33347 33346
2696 1 307 1 1 2 1
2831 0 2696 6633 6633 8579 8568
1570 1 15541 1 1 2 1
2232 0 35643 34337 34337 13131 13131
4771 4 1369 1235 1182 1041 1041
4771 4 10898 5782 5728 8031 8031
25079 0 1369 404 404 775 773
19764 0 29317 21418 21418 22978 22977
30894 0 2657 1 1 8 2
30894 1 30893 1 1 1 1
35465 2 9450 3 3 249 239
27198 0 19507 21 21 103 97
9577 1 18755 2 1 2 1
9577 1 2300 1 1 5 1
6591 1 15671 1 1 2 1
40674 0 19768 16174 16174 40693 40692
2835 1 10762 3 1 1 1
40036 0 8241 18106 18106 25361 25361
15566 4 17079 88 83 1 1
38115 1 37110 1 1 1 1
35182 1 26668 1 1 3 1
8887 0 10579 1786 1786 10751 10750
39995 0 13740 29 29 570 566
5336 1 2296 2 1 2 1
1528 1 2296 3 1 3 1
34557 0 26 31478 31478 32879 32877
12745 1 18647 3 1 2 1
7997 1 15740 3 1 1 1
7489 6 25346 12318 12312 1830 1830
22264 0 6890 452 452 347 346
21341 1 26384 2 1 2 1
130 5 1981 67 67 20685 20630
18980 1 21881 4 1 3 1
18980 1 12859 5 1 1 1
40438 4 2459 1386 1385 3678 3678
2459 0 22692 2832 2832 915 914
32399 6 35294 36 36 155 155
16433 0 15675 3290 3290 6981 6979
18645 1 19846 27613 27612 25744 25742
1831 1 13620 1 1 1 1
27640 0 35564 13021 13021 4981 4981
28049 2 12715 7 7 8469 8453
34427 0 119 7 7 385 349
38238 0 119 27 26 816 778
14129 1 14128 1 1 1 1
16455 0 30527 6 6 16 14
22880 0 2807 23655 23655 26986 26981
5517 1 8571 2 1 3 1
31628 0 6776 12737 12737 22872 22863
14732 0 6776 8225 8225 10238 10230
1395 1 10603 4 1 1 1
26249 1 1851 1 1 2 1
21189 1 25948 4 1 2 1
30647 0 1326 26244 26244 34292 34277
10370 0 1326 34857 34857 36674 36658
25930 4 10103 2935 2929 3254 3254
39271 2 916 2 1 141 19
39473 2 916 3 3 1572 1425
33293 2 916 2 1 209 70
13451 2 25375 13 13 301 299
1346 1 6170 4 1 5 1
2261 4 14320 2133 2116 1023 1023
1705 6 39241 264 257 1 1
858 4 23688 12422 12421 8228 8228
11337 0 13858 15047 15047 16237 16231
36322 0 427 2 2 113 42
28974 0 4885 7503 7503 16482 16472
23365 6 15758 150 150 27 27
11547 1 11546 3 1 1 1
32755 0 697 7021 7021 26350 26345
7568 1 7567 1 1 1 1
21710 0 5678 63 63 23 19
33405 0 5891 2086 2086 4738 4735
19993 6 40676 40456 40453 6276 6276
8878 1 6111 1 1 1 1
11299 0 8050 2124 2124 10021 10017
6501 1 6500 1 1 1 1
9095 0 6138 251 251 1756 1742
29324 0 5429 740 740 2346 2346
28608 4 27634 13535 13535 10476 10476
25947 1 30204 2 1 3 1
8835 6 24716 23708 23699 3235 3235
31000 4 5709 38 35 7 7
14357 0 30076 14985 14985 15359 15359
15636 1 14742 1 1 3 1
8343 1 5855 1 1 5 1
13930 0 14302 2 1 22 17
6188 4 19609 19 3 2 2
30806 1 21229 1 1 2 1
21465 1 2680 1 1 1 1
5567 0 3263 24209 24209 32297 32286
1114 0 3263 22324 22324 18256 18246
15163 1 28250 4 1 1 1
24491 0 21806 6677 6677 7342 7342
13957 0 21517 1765 1765 1581 1580
26206 0 1852 17424 17424 35555 35504
31320 0 1852 2 2 488 441
35402 0 1852 2816 2816 19011 18961
17351 0 1852 29 29 1291 1243
12201 4 35651 160 155 20 20
26615 1 23283 2 1 2 1
38530 0 8201 24362 24362 32163 32149
26273 0 19179 3334 3334 3433 3433
31727 0 26208 49 49 400 399
14610 4 22269 164 162 62 62
6596 1 29722 1 1 1 1
35251 4 10622 34085 34085 35347 35347
33036 1 22694 2 1 4 1
9486 3 22694 16955 16951 4630 4630
7279 1 30681 5 1 4 1
30681 1 7279 4 1 5 1
35732 0 7738 4 3 35 34
6160 1 6159 1 1 1 1
40678 0 38900 27813 27813 40240 40240
12283 1 12051 3 1 1 1
20982 0 18646 4 4 14 12
9855 6 9449 2426 2401 353 352
8464 1 26186 4 1 1 1
36328 0 27331 5 5 426 420
28307 1 1781 1 1 2 1
22552 0 40034 18941 18941 15415 15415
40679 0 762 9956 9956 40263 40260
40680 0 38335 21149 21149 39916 39916
8103 1 9200 5 1 2 1
22832 5 2978 1 1 551 483
14475 5 2978 17 17 4359 4289
30111 0 9494 5 5 34 24
29085 1 18188 1 1 2 1
16374 0 151 3217 3217 27590 27583
40682 0 8093 89 89 31989 31961
7574 4 40009 147 145 4 4
40683 0 17911 9984 9984 39772 39769
7705 4 24544 18 12 5 5
31888 0 115 505 505 8596 8580
115 1 10641 7 1 2 1
9351 1 17202 2 1 2 1
728 1 727 1 1 2 1
31869 5 18855 35 35 9977 9964
38772 5 18855 27 26 6982 6970
33573 1 10115 1 1 2 1
6813 1 5176 3 1 1 1
30270 1 25946 1 1 2 1
23870 1 10884 122 120 6 5
40110 4 30283 5427 5427 2135 2135
39171 0 8786 881 881 7517 7513
13098 1 17229 8 1 2 1
9972 0 7945 6205 6205 17464 17441
2006 0 13976 8189 8189 20535 20533
21615 1 20726 4 1 2 1
35582 4 39566 21623 21623 12345 12345
14559 1 1815 2 1 1 1
35120 4 2143 440 437 70 70
15991 1 12504 1 1 4 1
6429 1 22011 4 2 1 1
5547 0 10707 15103 15103 15959 15933
11434 0 10707 101 101 132 108
8030 1 4592 4 1 2 1
19180 0 7178 9034 9034 12891 12889
20863 1 24708 3 1 1 1
32763 0 11178 7569 7569 16053 16053
20883 2 3869 2 2 72 42
35373 2 3869 1 1 65 36
20259 1 28121 2 1 1 1
1015 1 24451 2 1 1 1
3316 2 13606 9 8 2344 2341
24587 2 13606 228 225 8788 8784
36313 1 28400 1 1 1 1
4016 1 4015 4 1 1 1
6051 1 9303 2 1 3 1
22179 0 25743 3582 3582 12664 12661
37112 0 3027 51 51 1550 1498
16612 0 3027 36 36 287 236
23303 0 3027 13041 13041 29701 29647
40685 0 14898 1442 1442 37809 37790
3073 1 5623 1 1 2 1
40686 0 15810 24546 24546 40156 40156
30554 1 16575 1 1 1 1
5024 1 5023 1 1 1 1
5023 1 14075 5 1 1 1
10386 0 32386 317 317 132 132
7372 1 7371 2 1 1 1
5715 1 7372 1 1 1 1
29949 1 15424 1 1 2 1
5878 6 40688 40672 40672 12356 12356
4191 5 15351 198 198 13913 13907
2940 1 4191 2 1 2 1
25827 1 12437 1 1 1 1
1272 3 28165 10772 10772 2031 2031
14132 0 1272 1250 1250 10698 10681
4011 1 4010 1 1 2 1
4845 1 28045 3 1 2 1
5366 1 30121 2 1 2 1
4481 0 726 16927 16927 25582 25580
40457 0 20078 37 37 153 151
30688 0 343 19316 19316 24228 24227
18211 1 9926 2 1 3 1
2626 1 38942 39276 39273 38522 38522
40689 0 5724 6526 6526 39961 39957
37366 5 7581 51 51 19779 19764
11382 1 32851 127 126 17 17
5088 1 16447 2 1 2 1
17053 4 35164 59 58 2 2
31043 0 2411 1 1 17 3
14198 9 19677 1 1 3 1
16831 1 10331 1 1 7 1
21138 1 1713 2 1 3 1
3171 1 5790 5 1 1 1
21991 1 8254 2 1 2 1
35908 0 25798 2299 2298 13115 13112
12857 1 5476 5 1 5 1
35252 0 17711 7799 7799 13652 13649
28389 0 14982 2 2 444 433
31024 4 31588 15405 15400 7600 7600
9654 1 29009 4 1 1 1
4563 1 25251 6 1 1 1
18116 4 20686 10 4 63 63
16060 0 3587 12471 12471 28590 28588
3587 4 8188 2352 2347 240 240
27481 1 2605 2 1 1 1
15624 0 36918 28389 28389 27494 27492
1577 1 15781 6 1 1 1
15666 1 17997 3 1 1 1
28302 4 39471 66 64 3 3
33415 5 5247 49 49 11674 11667
3684 6 39371 697 669 22 22
25710 1 27965 2 1 2 1
7053 1 421 2 1 1 1
40691 0 15594 29896 29896 40732 40732
32417 0 5874 1 1 13 2
11643 1 2947 2 1 4 1
10227 0 3024 11286 11286 24308 24305
27766 1 28521 2 1 1 1
38480 1 3659 1 1 1 1
9606 4 26316 21587 21587 24740 24740
29309 4 40692 40694 40694 34031 34031
14773 1 27094 1 1 2 1
22485 1 22609 1 1 3 1
30461 1 30460 1 1 1 1
12623 6 21249 22226 22224 1409 1409
26639 1 20503 1 1 2 1
33655 1 17423 1 1 2 1
19226 0 11808 4 4 42 37
26110 0 11232 66 66 784 779
40694 2 593 899 899 40846 40819
21150 0 15854 41 41 107 88
28268 0 11999 87 87 193 185
17580 0 904 16 16 102 91
40695 0 14893 4920 4920 40372 40368
34842 4 40695 40936 40936 33533 33533
14185 1 14184 2 1 2 1
8884 1 14612 7 1 3 1
16510 1 200 3 1 5 2
15432 1 18001 1 1 2 1
32997 1 13791 1 1 1 1
303 0 17950 245 245 276 276
33519 0 27346 1312 1312 11547 11547
15824 1 15823 1 1 1 1
14165 0 3327 24248 24248 30687 30685
14338 1 7944 2 1 3 1
37789 0 249 53 53 1883 1838
35878 0 20973 1005 1005 10500 10497
4738 4 12512 16979 16979 13997 13997
35985 0 8123 189 189 673 666
5272 0 10613 1419 1419 4577 4567
40696 0 8840 13503 13503 39966 39958
16619 1 25469 2 1 1 1
3348 5 666 1 1 29 2
2132 1 13176 2 1 3 1
34276 0 2321 2 2 6 6
19794 1 2321 1 1 4 1
9342 1 14083 2 1 2 1
30825 0 38668 28330 28330 21637 21636
6424 6 12616 45 37 3 3
21004 0 4962 22447 22447 35432 35406
22132 0 4962 2316 2316 12416 12391
40697 0 11827 29622 29622 40837 40835
30574 4 31725 674 673 72 72
12558 4 21580 37 34 7 7
37995 5 5095 158 158 19219 19216
24376 1 9395 2 1 2 1
39499 4 35831 21956 21956 14068 14068
11463 0 14752 30 30 63 50
33818 0 14752 11 11 39 27
22715 4 4266 30195 30195 39696 39696
12505 0 4123 613 613 1048 1013
33279 0 5569 283 283 1209 1209
9991 0 34008 1 1 1 1
4175 4 38868 11 6 1 1
35323 0 27596 3848 3848 25772 25768
631 1 24226 4 1 3 1
14963 1 13720 1 1 8 1
17000 1 13720 1 1 1 1
39297 0 2168 1 1 18 10
16002 1 2168 1 1 2 1
29934 4 38843 2866 2866 6390 6390
33092 1 31136 1 1 2 1
27031 1 13986 2 1 1 1
35263 0 1655 14657 14657 11783 11782
2450 0 4469 8590 8590 10283 10270
1578 1 40178 6852 6850 842 842
26605 6 3123 11171 11171 15772 15748
11250 0 7751 2423 2423 9402 9391
20723 1 6065 4 1 6 2
12012 4 26621 551 546 63 63
20541 1 6096 1 1 3 1
10408 1 6096 1 1 1 1
33794 1 19512 1 1 2 1
13633 0 19626 280 280 277 277
1586 0 13633 3102 3102 18432 18430
24020 1 24180 1 1 1 1
20628 0 13346 17245 17244 36756 36747
40698 0 2446 6848 6848 40578 40573
21278 1 21277 1 1 1 1
25474 4 40699 40924 40923 22018 22018
19291 0 8918 21432 21432 27799 27795
31396 0 14136 4440 4440 23141 23132
28894 1 584 235 235 180 178
8779 1 8778 1 1 1 1
29462 1 21665 4 1 1 1
8023 1 11230 1 1 2 1
20159 4 19474 216 215 445 445
21179 1 22813 1 1 2 1
35310 0 20208 2114 2114 19241 19232
9322 1 30070 2 1 3 1
10417 1 2419 1 1 1 1
22334 0 18443 20633 20632 30071 30070
14787 0 3443 3443 3443 7600 7588
16795 0 14750 40 40 237 227
40701 0 16348 17528 17528 40693 40692
40702 0 33675 22394 22394 40368 40367
6409 0 21362 1276 1276 1353 1349
623 1 17904 3 1 1 1
17904 1 2054 10637 10636 16584 16584
9574 1 9573 2 1 1 1
15060 1 20539 1 1 1 1
6048 0 5381 196 196 282 271
23163 0 30710 1887 1887 18258 18257
29611 1 5237 4 1 1 1
1028 0 8309 1206 1206 5417 5412
23172 1 8309 1 1 13 1
14353 1 19003 3 1 5 1
22019 0 2903 1 1 99 88
20023 0 1165 2199 2198 7603 7600
34338 0 36445 9643 9643 7857 7856
5001 0 17736 26822 26822 28785 28785
36419 1 3674 1 1 3 1
11263 1 23301 1 1 1 1
29082 0 26351 14342 14342 31268 31263
21660 1 26299 1 1 1 1
39966 0 18719 665 665 9064 9060
18720 1 18719 1 1 2 1
2930 6 272 19 11 21 19
3518 4 27027 38 24 2 2
36416 1 20761 10199 10199 29684 29682
20761 1 36416 29684 29682 10199 10199
33109 0 24935 467 467 245 244
6793 1 10304 1 1 4 1
40704 0 6614 1233 1233 38312 38288
40751 0 6614 3436 3436 39928 39903
16139 0 4350 37047 37047 39625 39620
21940 1 23937 1 1 1 1
19960 0 16266 29181 29181 30037 30015
1845 1 8269 1 1 1 1
232 0 2648 266 266 52 49
232 6 17789 6021 6015 1443 1443
34270 0 18015 5816 5816 6677 6677
24712 1 7631 1 1 1 1
3631 0 37202 14767 14767 5912 5911
18106 4 23302 30970 30970 22821 22821
3465 3 3464 2 1 3 1
9643 1 9642 4 1 3 1
34133 1 9643 1 1 3 1
670 1 2513 1 1 4 1
37205 0 39503 36512 36512 37719 37719
28259 0 36836 21193 21193 12259 12259
20126 1 16918 3 1 5 1
40272 0 692 19 19 1596 1571
17173 1 12824 2 1 2 1
7115 1 24859 1 1 2 1
11393 0 1590 13353 13353 27559 27535
37412 0 7056 4416 4416 15477 15462
36021 1 20995 1 1 1 1
10424 1 10423 1 1 3 1
33501 1 10423 3 2 4 1
29780 6 3760 3467 3466 2159 2159
7736 1 25350 1 1 1 1
12655 1 815 1 1 1 1
31370 1 144 1 1 2 1
1978 0 3730 1 1 3 2
32261 0 11924 12567 12567 8371 8371
8487 1 9673 303 300 1348 1345
33428 0 37409 7070 7069 6252 6252
23396 4 40705 40930 40929 23250 23250
29953 1 14896 1 1 5 1
14276 1 38742 2 1 1 1
7473 0 19431 41 41 30 30
5693 1 7319 1 1 2 1
22815 1 22814 1 1 1 1
34547 0 3323 3943 3943 13684 13675
4061 1 5748 1 1 1 1
20917 0 2366 10611 10611 8779 8779
7818 4 6043 33 15 14 14
6955 1 1022 2 1 3 1
7183 1 7182 1 1 1 1
12394 4 39269 1760 1759 244 244
27586 1 5584 1 1 1 1
18452 4 28455 5580 5580 3742 3742
4573 1 32597 1 1 1 1
15943 0 16708 5098 5098 25767 25762
8780 4 40707 40751 40751 35853 35853
40707 0 6292 12647 12647 40585 40575
27923 4 37614 6685 6685 12450 12450
26268 4 38287 25111 25110 18330 18330
28859 0 2729 6028 6028 7617 7613
23556 0 15588 2801 2801 6900 6900
844 1 6913 2 1 2 1
3714 3 3713 3 1 4 1
40708 0 33878 11491 11491 40253 40251
3153 1 37241 2 1 1 1
17086 1 12044 1 1 1 1
30713 0 4685 22 22 10 8
40709 0 1639 3028 3028 39327 39319
38976 0 16196 20470 20470 28705 28704
26147 0 11192 5370 5370 14370 14355
19874 0 11192 4140 4140 16008 15992
37730 0 19526 4320 4320 3579 3577
39748 1 19526 1 1 1 1
10389 4 6632 28251 28249 16225 16225
27700 1 2941 2 1 6 3
32864 0 15383 8185 8185 34001 33999
7665 4 35503 231 226 20 20
25037 0 18558 16995 16995 8386 8386
37968 1 6086 19846 19846 16645 16645
6703 0 23635 38925 38925 38263 38263
38553 0 1373 987 987 3734 3733
22107 6 36069 74 66 5 4
11759 6 5497 67 56 2 2
466 6 30194 11505 11496 1746 1746
7675 1 17823 4 1 2 1
17457 1 2429 4 1 5 1
37969 0 15954 1 1 5 3
4042 6 39726 900 897 62 62
19544 3 34567 1 1 1 1
31729 1 3925 1 1 2 1
40714 0 39507 36734 36734 40789 40789
13043 2 3943 1 1 28 1
39320 5 3785 87 87 28365 28348
5403 0 4108 23056 23055 30960 30958
31478 0 40396 30333 30333 35391 35389
40715 0 1096 11024 11024 40402 40392
2298 4 26266 5 1 1 1
40716 2 475 164 164 39423 39352
40733 2 475 126 126 38066 37996
25107 0 30236 19043 19043 34379 34378
10318 4 6623 116 112 50 50
21098 1 21097 1 1 1 1
34757 4 36292 8144 8142 1972 1972
19146 6 27617 2 2 5 4
27617 6 21541 27674 27673 23890 23890
14760 4 27348 1598 1597 113 113
10785 1 16980 1 1 3 1
1004 0 1686 1076 1076 1942 1935
13693 1 30628 1 1 1 1
31488 0 7029 1545 1545 9769 9766
16602 0 35398 26702 26702 23845 23843
7891 6 22902 4562 4558 1686 1686
5150 2 2183 1 1 20 4
21014 4 39330 1012 1012 241 241
16843 0 9525 234 234 104 101
30301 1 6458 1 1 1 1
5932 1 19763 5 1 1 1
34016 0 13638 37805 37805 34962 34962
14792 6 38688 2740 2740 1210 1210
11527 1 2829 3 1 2 1
13560 3 17390 3 2 2 1
40719 0 25292 4854 4854 38524 38522
11686 1 38080 7 1 1 1
15813 1 17303 2 1 2 1
40720 0 23562 10756 10756 40392 40386
19157 1 25047 1 1 1 1
11385 6 39678 2813 2807 31 31
4598 1 20481 2 1 3 1
26627 1 1342 3 1 3 1
14695 1 32594 2 1 1 1
31643 0 31691 16993 16993 16329 16328
16937 1 1926 2 1 2 1
40258 5 3918 309 309 40878 40859
33104 0 26721 7 6 3 3
27613 1 9676 2 1 2 1
6220 1 1968 1 1 1 1
26510 0 2560 15434 15434 31468 31459
19107 0 2131 680 680 384 382
1756 0 28697 12213 12213 20097 20097
12466 4 10233 33 14 20 20
28212 0 14013 1 1 24 18
34431 4 11843 2944 2943 175 175
3493 1 22156 4 1 2 1
40721 0 716 5721 5721 40562 40523
29284 0 1288 333 333 6554 6530
7360 1 28378 4 1 1 1
767 0 17590 5532 5532 7307 7300
6412 1 5869 2 1 4 1
15973 1 13531 2 1 1 1
35747 2 24388 684 684 33056 33056
25937 5 17856 19 19 20021 20013
14618 1 12003 2 1 1 1
35356 6 34036 8530 8530 4231 4231
1617 1 1616 2 1 2 1
1616 1 8901 1 1 2 1
17153 4 23170 1890 1890 1446 1446
24509 1 3374 1 1 4 1
31535 0 7656 3871 3871 12302 12286
37264 0 6538 32467 32467 39565 39560
20946 0 6538 32007 32007 33097 33093
2893 1 11706 7 1 3 1
40722 0 28479 9972 9972 40672 40672
14723 1 19646 3 1 3 1
39290 4 23003 284 284 397 397
9441 1 1130 4 1 1 1
37823 0 4500 8302 8302 29447 29445
37109 0 38181 18890 18890 21350 21349
31981 4 38538 7586 7585 353 353
29529 1 32020 1 1 1 1
32020 1 15386 2 1 2 1
2228 1 13955 4 1 2 1
17896 4 37233 6525 6524 1916 1916
29893 4 38282 705 704 51 51
38316 0 23713 2 2 13 12
25374 0 17209 8845 8845 12722 12720
11080 0 12720 207 207 498 489
32958 1 4855 2 1 1 1
1278 0 34927 1124 1124 663 661
37041 0 26960 1082 1082 3433 3431
3705 1 3704 3 1 1 1
30370 5 12413 13 12 727 724
13830 1 35079 6 1 1 1
35283 0 30108 17041 17041 28857 28856
5914 0 16686 7969 7969 10666 10664
14389 1 3261 2 1 1 1
21961 1 1473 2 1 2 1
13380 0 19861 109 109 10652 10648
7110 0 11813 3078 3078 3285 3282
11813 1 1114 4 1 1 1
23228 1 34145 2 1 1 1
2147 0 3510 17079 17079 28526 28524
35350 4 39634 4254 4254 976 976
35857 1 7386 2 1 3 1
6371 6 37307 20536 20531 4170 4170
18800 0 13840 7861 7861 10959 10955
5481 1 6581 1 1 1 1
14376 6 28764 3712 3709 62 62
13409 1 18792 2 1 2 1
1232 1 5716 4 1 3 1
5716 0 4961 96 96 384 378
10095 5 241 118 118 20063 20058
30274 0 27395 24362 24362 29827 29827
4092 1 3142 2 1 3 1
38217 0 998 5036 5036 13009 13006
16820 4 37663 73 67 13 13
15209 1 21887 1 1 1 1
26585 0 6289 13 13 1948 1944
26965 5 4450 234 234 29645 29639
1009 1 11417 4 1 1 1
16697 4 70 58 53 4 4
27038 0 732 3698 3698 7033 7030
17663 4 23020 1224 1220 1599 1599
7732 1 35326 4 1 1 1
19563 0 10026 1428 1428 4390 4383
2356 0 3805 7568 7568 9256 9250
23441 0 34078 22165 22165 22497 22496
37070 0 27913 38662 38662 39412 39412
3289 6 38527 826 810 30 30
2980 1 2979 2 1 1 1
30536 0 5049 25411 25411 28772 28768
16915 1 26031 1 1 2 1
19167 1 19166 2 1 1 1
8110 9 4565 1 1 2 1
25148 1 16759 1 1 3 1
9665 0 14373 17905 17905 20712 20711
30114 1 33583 3987 3987 20215 20215
33583 1 30114 20215 20215 3987 3987
10388 4 3586 3917 3910 1200 1200
27188 3 20283 1 1 1 1
24932 1 6602 2 1 3 1
35150 1 33029 1 1 2 1
10137 4 11961 616 613 100 100
4469 0 10488 32296 32296 29688 29682
18360 9 1757 1 1 1 1
27706 1 36948 8103 8102 10475 10475
19784 2 14738 7215 7215 8528 8528
4426 2 4633 1 1 11 1
1167 6 4633 18960 18949 9190 9190
9882 4 22784 23003 23003 20785 20785
22411 1 4534 1 1 2 1
14116 1 20160 3 1 2 1
39583 0 12239 448 448 2081 2079
31548 0 26062 12395 12394 28765 28762
26063 1 1962 2 1 5 1
34604 0 2888 46 46 182 180
29514 1 7486 1 1 11 1
4354 0 17938 2030 2030 9571 9567
3583 1 6233 1 1 6 1
5695 4 28664 669 669 216 216
2185 1 14535 6 1 1 1
25866 0 2185 61 61 3315 3295
1327 1 36228 1 1 3 1
2831 1 23698 3 1 3 1
21070 0 14562 4550 4550 6840 6830
10242 2 953 3 3 671 661
24520 1 11590 1 1 3 1
32447 6 8162 65 63 185 183
10857 1 10856 2 1 1 1
29541 1 32791 1 1 3 1
14418 3 22928 11 9 2 2
25235 0 11991 3783 3783 13445 13445
19649 1 3414 1 1 2 1
11061 9 11060 1 1 1 1
5834 1 16298 2 1 4 1
16564 5 2060 186 185 34181 34153
30585 0 324 2 2 40 22
21674 1 21673 4 1 2 1
16327 0 36920 26983 26983 34684 34684
31764 0 40725 39633 39633 29107 29107
20117 1 5297 1 1 1 1
40726 0 21345 4148 4148 39816 39808
23392 1 8395 2 1 1 1
15466 0 34493 5479 5479 2540 2540
32154 1 35808 5463 5463 4575 4575
30878 2 21391 3 2 21 11
414 9 3242 1 1 1 1
21497 1 25620 1 1 1 1
18780 0 1703 1 1 36 4
36989 2 22747 27796 27796 29151 29151
4814 1 26353 424 420 136 135
34514 4 16712 30507 30507 31611 31611
5463 4 9443 584 577 212 212
9443 4 37702 114 109 6 6
28035 1 17572 1 1 3 1
4816 1 19142 2 1 2 1
23070 1 16815 1 1 1 1
33617 1 10553 1 1 2 1
40729 0 25425 18028 18028 40355 40355
3378 0 2767 26075 26075 28585 28584
40730 0 8815 3327 3327 39593 39583
12960 0 8815 16165 16164 29893 29884
4376 1 37 3 1 7 1
39757 0 5605 3 2 225 209
18600 1 19016 3 1 1 1
3467 1 385 2 1 1 1
14223 1 6848 1 1 2 1
25195 0 11431 7347 7346 28204 28198
40731 2 35244 254 254 40347 40346
6940 1 22487 9 1 1 1
18458 1 13073 3 1 4 1
13073 6 447 113 113 461 461
7113 4 35455 28197 28197 24034 24034
16734 7 3856 7293 7289 7 7
30190 1 22568 1 1 1 1
25889 0 13000 348 348 4479 4478
13181 9 17866 1 1 1 1
5492 6 19902 18621 18619 2559 2559
39381 2 736 781 781 3330 3329
2369 1 6578 6 1 3 1
29844 0 16328 217 217 108 108
2758 1 2757 1 1 2 1
38222 2 33300 7 5 120 119
18743 6 13906 19899 19898 16959 16959
31229 4 1517 529 529 679 679
21203 4 76 64 62 146 146
40016 0 7096 290 290 10697 10696
19031 0 10895 1186 1186 958 958
40734 0 4733 16525 16525 40415 40413
28029 6 13250 127 126 774 774
31942 0 731 20935 20935 27317 27316
24476 1 37343 1 1 3 1
30608 0 10938 3500 3500 9392 9391
9857 1 21026 3 1 2 1
31786 1 2390 2 1 5 1
20366 0 40022 31569 31569 34178 34178
25016 0 6037 4372 4372 12700 12698
6866 1 25441 2 1 2 1
11006 1 11005 1 1 1 1
40736 0 39315 37158 37158 40697 40697
40737 0 4415 5311 5311 40685 40677
34827 4 25838 3341 3341 1611 1611
20641 0 19592 38645 38645 23445 23444
19844 1 36475 3 1 1 1
5620 1 14606 1 1 2 1
4942 1 35741 2 1 1 1
12702 0 16539 121 121 68 66
16398 5 1361 1 1 23 8
40738 0 10135 24740 24740 40440 40440
819 1 20330 6 1 3 1
20681 3 25789 14780 14780 1345 1345
2173 6 12317 18 7 3 2
29181 1 6432 1 1 1 1
346 1 6498 2 1 1 1
9709 1 9837 1 1 6 1
5266 1 5265 2 1 3 1
30985 0 17910 21958 21957 33116 33116
21628 1 16687 3 1 1 1
39393 0 5540 3718 3717 20585 20578
16844 0 34093 22280 22280 6608 6608
10330 0 5598 924 924 4141 4125
22052 1 12989 3 1 6 1
11758 1 3657 8737 8733 1650 1650
33720 0 1406 14588 14588 32475 32464
40739 0 14015 9031 9031 40789 40783
40298 0 8495 1 1 7 3
5116 1 10792 7 1 5 1
33694 0 26952 7658 7658 16142 16141
36765 0 5101 674 673 577 576
27226 4 35331 34944 34944 20910 20910
16221 1 30101 1 1 2 1
32010 5 16320 145 145 28973 28959
16385 4 39672 49 43 5 5
26422 3 4250 132 130 80 79
2924 4 31881 158 84 2 2
23932 1 406 3 1 1 1
40741 0 10133 6760 6760 39946 39939
1478 4 38462 170 149 15 15
15891 0 14046 1 1 45 35
25424 0 17555 26772 26772 19747 19741
13797 4 32300 17268 17268 8281 8281
405 1 404 1 1 1 1
37796 0 5866 11039 11039 12112 12107
2634 0 13504 24712 24711 27551 27546
26727 4 28774 221 218 50 50
26243 0 39695 18486 18486 19273 19272
3948 1 32711 3 1 1 1
4019 6 21073 80 72 4 2
1187 1 20711 3 1 2 1
36443 0 26928 6950 6950 15047 15044
29481 0 10355 7 7 1033 1031
1476 0 25435 2942 2942 2089 2088
38542 0 22631 2 2 10 8
39106 0 14148 24951 24951 38950 38950
28771 1 27460 2 1 2 1
16045 1 24249 1 1 1 1
16468 0 12729 1 1 172 159
24561 0 12729 18 18 902 888
40742 0 11685 13913 13913 40740 40733
15794 0 288 3792 3792 9012 9006
17369 4 28877 48 43 1 1
4197 1 13361 3 1 2 1
1566 1 31545 1 1 1 1
20016 4 29851 722 709 1 1
21241 1 21240 2 1 1 1
21240 1 17480 3 1 1 1
4088 0 9256 160 160 10797 10793
21664 0 31614 18197 18197 25611 25611
20867 6 22620 14829 14828 8575 8574
6116 3 12878 1 1 1 1
31524 1 6685 1 1 2 1
31665 1 11001 1 1 2 1
4541 1 14758 1 1 1 1
38652 3 11896 2 2 3 1
29789 4 11615 179 172 3 3
40744 0 26617 38759 38759 40665 40665
6122 4 39635 83 78 7 7
4953 0 10842 33393 33393 37313 37306
38322 0 11870 13812 13812 16268 16267
10438 0 1730 3 3 139 39
32068 0 9304 27 26 311 302
40745 0 7189 26452 26452 40844 40834
30521 1 1450 1 1 5 1
14974 1 22486 1 1 1 1
24396 1 14974 1 1 6 1
26467 1 15256 1 1 3 1
15469 1 9188 5 1 3 1
3672 4 34478 35 34 1 1
23086 0 9505 16039 16039 25835 25835
11105 6 34671 22350 22348 30481 30481
31200 1 26039 20746 20746 30774 30774
33187 0 8237 5376 5375 15451 15444
30483 1 21607 1 1 2 1
14260 0 14310 2515 2515 2386 2383
15924 0 9367 12397 12397 27379 27358
19959 6 17574 488 482 123 122
24704 0 18355 33941 33941 34575 34575
31678 4 25631 269 267 49 49
39728 1 18568 1 1 2 1
6336 4 34815 71 58 3 3
18894 0 12741 388 388 8267 8262
31814 0 15640 32993 32993 37260 37256
31718 1 31717 1 1 1 1
3495 1 37604 2 1 1 1
33838 0 15312 2481 2481 15057 15055
38175 10 30680 1 1 1 1
11923 1 29297 3 1 2 1
17682 4 16176 970 968 573 573
40746 0 15865 16475 16475 40270 40269
17989 1 45 1 1 13 2
162 1 161 1 1 2 1
1070 1 31232 2 1 4 1
11915 1 11914 1 1 1 1
17597 1 1779 1 1 1 1
33223 0 35286 3725 3725 4223 4222
17231 0 11078 3 3 5 2
9415 1 8217 1 1 2 1
9822 0 532 1 1 75 3
25559 0 7427 8162 8162 10548 10548
35901 1 18889 1 1 1 1
5032 1 9078 3 1 1 1
280 0 12443 32735 32735 29640 29639
3547 0 16302 5984 5984 14515 14502
37263 0 33813 18408 18408 12955 12954
40748 0 206 493 493 37074 37043
2410 6 36725 8 8 12 12
29420 1 33730 1 1 1 1
20556 0 268 589 589 117 113
25280 5 2971 107 107 19478 19414
10990 1 27947 6 1 1 1
22682 0 15763 1 1 34 31
10975 1 35401 1 1 2 1
11252 6 6012 154 146 5 4
13074 5 14951 251 251 6565 6563
24987 0 33083 7330 7330 11486 11485
32258 0 30454 7986 7986 16903 16903
20630 1 11278 2 1 3 1
375 1 374 2 1 1 1
24087 1 34222 1 1 1 1
22866 1 930 1 1 2 1
26540 0 19984 5926 5926 4920 4918
1203 1 11625 2 1 6 2
2995 1 16224 5 1 1 1
39628 0 35692 7477 7477 17275 17275
12922 3 16574 5 1 3 1
13536 9 7072 2 2 1 1
17977 0 6556 14709 14709 36136 36125
14591 1 20529 2 1 2 1
17537 1 20736 33232 33231 19669 19669
22994 0 1953 26879 26879 38542 38526
28203 4 15915 61 58 2 2
20040 1 11683 3 1 1 1
22766 0 15613 11532 11532 9822 9821
3681 1 20829 3 1 2 1
9952 1 17840 2 1 2 1
8561 8 9939 2052 2052 752 752
26904 1 34013 1 1 1 1
30218 6 33864 8112 8110 4509 4509
19855 4 40081 4538 4538 1124 1124
7107 1 4018 3 1 2 1
14459 4 30600 1453 1453 796 796
31262 0 19491 47 47 738 736
3049 0 13373 21568 21568 6664 6664
18036 1 21116 2 1 1 1
4102 4 26935 134 124 2 2
4051 1 4050 1 1 1 1
32772 5 5042 3 3 389 383
18593 1 8011 1 1 2 1
3037 1 458 3 1 1 1
11489 1 19752 1 1 4 1
7408 1 2641 2 1 2 1
30952 0 4379 20516 20516 34750 34739
19369 1 11046 1 1 5 1
40754 0 5844 19162 19162 40734 40733
13702 0 9051 19877 19877 10104 10104
14342 0 16213 20084 20084 9240 9239
38142 1 9549 1 1 2 1
22223 1 17536 1 1 2 1
2364 1 22225 2 1 2 1
27307 2 23001 7761 7761 7474 7474
2159 1 6296 3 1 1 1
3441 3 8470 5 1 2 1
11504 1 11503 1 1 2 1
28552 0 35437 9007 9007 20219 20218
32595 0 22049 4412 4412 4094 4090
34018 4 40756 40767 40767 34147 34147
12675 1 12674 3 1 2 1
22838 1 8225 1 1 5 1
9602 0 32242 19266 19266 24040 24040
