33512 0 4410 2 2 49 13
16031 1 32320 24673 24673 5681 5681
40543 5 172 1 1 826 477
40543 0 2607 150 150 459 439
33473 5 172 1 1 395 54
9179 5 172 12 12 30235 29874
33575 5 172 2 1 445 103
16648 5 172 1 1 570 225
31526 5 172 1 1 2201 1848
6771 5 172 4 4 1497 1145
15476 5 172 3 3 15943 15583
29269 5 172 2 2 3872 3515
11606 5 172 1 1 1040 690
2234 5 172 1 1 369 30
23355 5 172 1 1 3451 3095
15278 4 39692 103 97 51 51
22936 0 14838 1 1 2 2
31887 2 743 30 30 1516 1409
13265 2 743 1 1 120 15
33786 2 743 26 26 1862 1754
8790 2 743 2 2 109 5
29405 0 27360 6 6 8 6
35494 1 15192 1 1 2 1
35494 0 6837 14057 14057 14839 14838
18925 1 32325 9 7 16 14
32325 1 8085 2 1 2 1
3750 4 38184 176 148 2 2
3750 4 40324 196 167 1 1
3750 4 17381 267 237 11 11
6331 1 10283 2 1 2 1
11500 6 4785 16 9 37 35
14258 4 24038 25 15 1 1
32661 6 20759 3 3 4 3
12387 1 12386 2 1 4 1
28490 4 38427 3228 3227 1000 1000
21840 0 107 1 1 45 2
12784 4 107 40598 40591 6254 6254
107 0 5198 70 70 76 57
27747 1 27746 1 1 1 1
3916 1 27549 8 1 4 1
6527 5 2139 5436 5435 7865 7839
16255 5 2139 1611 1611 5504 5479
1618 4 14555 26 25 5 5
29103 1 9873 2 1 1 1
38285 0 18633 5 5 40 35
38285 1 26278 1 1 2 1
30253 0 18633 19004 19004 16308 16301
27022 1 435 1 1 1 1
32496 0 4125 28264 28264 11559 11551
24483 0 4125 4351 4351 3077 3070
15337 1 4125 2 1 4 1
4388 4 36757 40 28 1 1
30756 1 32955 1 1 1 1
30757 9 30756 2 2 5 5
16250 1 28482 5 1 1 1
39594 0 51 20302 20302 4452 4255
13386 0 51 36051 36051 9019 8821
22734 0 51 30369 30369 11254 11055
40690 0 51 40304 40304 11656 11455
40660 0 51 40320 40320 11575 11375
21035 1 22109 3 1 2 1
24101 0 28349 40932 40932 37877 37866
38672 0 28349 964 964 150 140
40559 0 6722 34135 34135 7074 7070
4705 1 15839 4 1 4 1
39464 0 4705 8 8 128 101
21731 4 9107 81 79 53 53
7590 5 34746 715 714 2767 2767
7878 0 7590 11052 11052 5112 5112
39562 0 2740 38455 38455 6286 6286
3212 1 29129 8 1 1 1
3212 1 16271 6 1 2 1
22208 1 3212 2 1 7 1
14179 0 16065 33641 33641 6677 6677
12801 1 4187 2 1 6 1
19501 0 2021 3902 3901 8215 8163
40645 0 2021 33237 33237 11461 11407
27628 0 2021 201 201 1332 1281
23729 0 38913 15942 15942 28801 28801
8720 1 9417 3 1 3 1
32234 1 8720 1 1 2 1
12896 1 8372 4 1 1 1
1441 0 27945 24530 24530 25389 25388
4170 6 37882 353 339 16 16
2046 0 39706 23700 23700 18459 18458
14436 1 14436 40854 40854 40854 40854
38948 0 20990 14905 14905 7263 7259
20990 1 905 1 1 5 1
9769 0 8193 17 17 94 94
12450 6 8001 25 17 2 1
1031 1 12972 5 1 3 1
1031 1 1030 4 1 1 1
2604 1 6752 8 1 2 1
11156 0 2604 38894 38894 30051 30009
2427 0 2604 11669 11669 10472 10433
20604 0 2604 9350 9350 7372 7335
26334 0 2604 32385 32385 17828 17788
5353 0 6752 6 6 89 74
3451 0 6752 40479 40479 40747 40731
34042 1 10659 1 1 6 1
22643 4 31669 11849 11849 10982 10982
3358 1 24240 7 1 1 1
3358 1 4026 9 1 3 1
40560 0 3229 33534 33534 8879 8870
39572 2 121 2 1 480 5
34055 2 121 1 1 646 156
36425 2 121 1 1 688 195
33961 2 121 97 97 5668 5164
22605 2 121 3 3 1020 520
34749 2 121 2 1 482 6
7185 2 121 2 1 497 17
39473 2 121 24 23 4998 4495
36051 2 121 23300 23300 15232 14723
38744 2 121 1 1 620 132
40601 2 121 24167 24167 14598 14091
31131 2 121 2 1 534 50
16157 2 121 1 1 637 148
10391 1 121 1 1 1 1
13173 0 25097 29031 29031 14703 14700
1421 0 608 996 996 16733 16348
6033 0 608 16581 16581 25072 24679
40723 0 608 1026 1026 13473 13091
40732 0 608 506 506 13123 12744
31776 0 608 2 2 374 11
26284 0 608 10331 10331 20767 20378
40750 0 608 418 418 12589 12216
40752 0 608 620 620 13206 12826
12593 0 608 1626 1626 19786 19398
21041 0 608 24396 24396 32175 31778
36535 0 608 9210 9210 23118 22726
40642 0 608 411 411 12722 12347
6612 0 608 26057 26057 35760 35362
12763 0 608 1503 1503 14052 13669
38498 0 608 2 2 373 11
1763 0 608 5954 5954 25957 25563
35305 0 608 11801 11801 17713 17326
40693 0 608 422 422 12797 12421
31350 0 608 2 2 409 42
37399 2 2580 2 2 44 5
35976 2 2580 1 1 40 4
21024 2 2580 9 9 131 89
37837 2 2580 1 1 41 4
14534 0 273 95 95 864 850
3275 0 273 1049 1049 9559 9544
28793 1 273 1 1 5 1
40561 0 2759 40702 40702 8026 8026
17054 0 13663 17 17 32 12
18662 1 11511 2 1 2 1
39324 0 21892 4 4 24 22
5681 0 5376 15 15 61 41
39137 0 3699 14102 14102 4728 4708
5121 0 4055 35440 35440 34808 34805
28225 0 10933 4359 4359 2864 2855
12586 1 18347 4 1 2 1
18347 1 8083 1 1 5 1
8678 1 15844 5 1 2 1
8678 1 8677 4 1 1 1
1900 9 8459 2 2 1 1
13142 1 6617 4 1 2 1
13142 1 3658 2 1 2 1
11554 1 11553 6 1 2 1
6724 1 20476 3216 3214 10101 10100
6973 6 11688 19812 19796 16851 16851
28474 0 574 574 574 4319 4275
40638 0 574 26871 26871 11177 11132
3829 1 3828 4 1 5 1
3363 1 3828 2 1 4 1
5303 0 2409 1 1 25 5
19117 1 5303 2 1 2 1
10728 0 2409 2 2 29 8
2409 3 10728 32 32 2 2
20385 4 38169 2051 2051 861 861
919 0 36150 29691 29691 33992 33991
15726 1 2782 1 1 2 1
2090 1 33833 5 1 1 1
13956 1 23540 5 1 1 1
26983 0 13956 24977 24977 20911 20903
29443 9 7135 1 1 2 1
26279 0 10532 256 256 2525 2521
10532 1 11231 3 1 5 1
8610 1 16790 3 1 3 1
32576 0 296 72 72 2432 2281
32576 4 39358 16650 16650 16547 16547
28775 0 296 5 5 359 210
21869 0 296 1 1 149 8
40110 0 296 1 1 179 36
5339 0 296 1 1 146 6
40350 0 296 1 1 152 10
18338 1 25376 2 1 1 1
18338 1 34572 3 1 1 1
25119 0 10706 28187 28187 22888 22876
6372 0 10706 32 31 50 39
187 1 34587 3 1 1 1
23114 0 8709 36303 36303 17512 17507
23114 9 22355 3 3 4 4
3873 1 28613 6 1 2 1
3449 1 3448 2 1 9 1
1778 1 5313 5 1 2 1
16939 1 16938 2 1 1 1
25259 1 10976 4 1 2 1
25259 0 1054 1 1 15 11
3874 0 21706 40119 40119 40650 40649
17484 0 2318 1 1 356 235
9443 0 2318 30 30 2783 2656
36678 0 2318 4 4 673 551
31243 0 2318 1708 1708 18670 18539
7726 0 2318 6 6 1105 981
3353 0 2318 252 252 4622 4493
14943 9 14942 2 2 2 2
14943 1 16039 1 1 2 1
2677 1 13356 5 1 2 1
35968 0 32619 5789 5789 6033 6030
31267 0 265 1 1 266 15
30115 0 265 3 3 333 73
39657 0 265 1 1 325 67
39858 0 265 2 2 272 19
22580 0 265 2 2 298 42
14709 0 265 3 3 311 54
40562 0 21091 18651 18651 7060 7058
21135 1 12220 1 1 3 1
38664 0 71 1 1 63 2
30298 0 71 1 1 65 3
3066 1 3065 4 1 1 1
23421 0 13784 30 30 144 142
7620 1 21508 1 1 2 1
3069 4 14224 1112 1090 150 150
14224 4 25214 9 5 2 2
40563 2 6404 37482 37482 10345 10336
40653 2 6404 37849 37849 11081 11070
40687 2 6404 37756 37756 10681 10671
14071 0 278 1 1 180 5
13708 0 278 1 1 190 10
37453 0 278 1 1 179 5
18193 0 278 1 1 176 5
36053 0 278 1 1 178 5
40571 0 278 31237 31237 11964 11782
40564 0 12078 24147 24147 7570 7564
4462 0 12078 76 76 447 442
31848 0 10547 1 1 9 7
40565 0 6230 22831 22831 4199 4198
20013 1 1128 3 1 5 1
3348 0 20013 3516 3516 3038 3026
35716 0 21460 146 146 173 173
7754 3 1296 18379 18377 21682 21682
7754 9 26452 1589 1588 8536 8536
1296 9 9053 3 3 1 1
4834 1 21474 3 2 2 2
21474 0 2168 1 1 12 4
33636 0 27948 1486 1486 3292 3290
36719 1 21614 4 1 1 1
40647 0 36719 37627 37627 7345 7344
1594 4 35451 42 38 17 17
7059 1 37735 5 1 1 1
11387 0 1062 22496 22496 13724 13720
4472 1 1062 5 1 4 1
158 1 157 1 1 2 1
157 5 73 27 27 4185 4129
28915 0 6166 16 16 22 15
25685 0 6166 16096 16096 4337 4329
1741 5 6166 3 3 87 50
40566 0 3087 40011 40011 11630 11615
8935 1 20348 1 1 1 1
6215 5 8935 8 8 709 703
40567 0 5596 30435 30435 8357 8357
5596 1 2050 3 1 2 1
14614 1 632 2 1 3 1
23862 0 20853 824 824 3644 3643
39256 0 292 1 1 454 203
31751 0 292 1 1 251 4
6985 0 292 1 1 239 3
2794 0 292 1 1 241 3
17776 0 292 1 1 242 3
29809 0 292 1 1 236 3
6800 0 292 1 1 250 4
2388 0 292 1 1 258 9
34453 0 292 1 1 245 3
8087 0 292 1 1 246 3
35031 0 292 1 1 255 7
7483 1 4704 1 1 2 1
7381 5 7483 2921 2921 35552 35548
18107 1 7419 3 1 2 1
18107 1 33365 2 1 1 1
30799 0 3068 86 86 411 397
18024 1 18023 4 1 2 1
24564 1 1410 36 35 61 61
11009 0 24586 40917 40917 39853 39851
27654 0 11009 2 2 4 4
9001 1 31090 3 1 1 1
31091 1 31090 2 1 2 1
40568 0 19619 13290 13290 8059 8056
1193 4 5665 21 9 1 1
29132 0 160 421 421 904 865
21888 0 160 40600 40600 26303 26261
40545 0 160 1 1 38 2
14250 0 160 2 2 57 20
7765 1 3854 3 1 7 1
3854 1 4433 6 1 3 1
10544 6 10337 17 6 2 2
10544 6 30885 63 47 6 6
10544 6 17616 19 7 2 2
10544 6 33395 56 41 2 2
10544 6 32223 21 8 1 1
2466 0 11399 35418 35418 25381 25374
5110 1 14834 15 6 4 1
5110 1 22509 8 1 2 1
5110 1 13199 6 1 2 1
30654 0 2915 22145 22145 20423 20419
878 1 16142 5 1 5 1
16142 1 878 5 1 5 1
12156 1 16142 2 1 2 1
1555 4 14720 8 2 5 5
1555 0 39 22 22 8042 7831
27854 6 9726 3 2 6 5
22790 1 20846 3 1 1 1
40569 0 28991 222 222 4817 4817
31570 1 22745 3 2 1 1
6277 4 13724 29 23 6 6
22265 1 15939 2 1 1 1
3601 4 11291 42 41 151 151
18464 4 28236 151 151 20 20
21200 1 24456 7 1 3 1
18828 1 21200 3 1 6 1
8407 1 5210 4 1 1 1
5210 1 9174 3 1 1 1
8298 1 8297 1 1 8 1
35442 0 21 1 1 606 538
5771 4 35442 422 413 73 73
16159 1 6497 5 1 3 1
1826 4 36945 236 229 38 38
15560 1 16616 3 1 3 1
5937 1 15560 3 1 2 1
16616 1 35701 2 1 1 1
24090 0 27455 53 52 35 35
3209 1 19072 1 1 3 1
3209 1 2516 2 1 2 1
6274 0 3209 30657 30657 23376 23372
32074 1 32874 2 1 2 1
1353 1 16331 5 1 3 1
11260 1 11259 1 1 3 1
21431 0 11260 11679 11679 8819 8817
5666 0 8929 8202 8202 1876 1861
21034 0 2918 28557 28557 25755 25674
31631 0 2918 5257 5257 4105 4026
39298 0 4365 303 303 788 773
38449 0 23581 4 4 16 13
923 0 12300 13170 13170 18547 18547
785 8 923 3460 3015 2 2
16936 0 39 7 7 2743 2536
6688 0 39 12 12 2584 2378
33920 0 39 32 32 3235 3027
16930 0 39 15 15 2320 2115
16260 0 39 367 367 15059 14847
9285 0 39 3 3 457 255
36679 0 39 1 1 626 423
13037 0 39 1 1 203 7
17754 0 39 10 10 1829 1625
34332 0 2518 1 1 66 2
24798 0 2518 38941 38941 12153 12084
2518 0 4990 5982 5982 10768 10748
36326 1 67 1 1 2 1
31714 6 15538 29184 29183 35930 35927
25285 1 25279 2 1 3 1
37786 0 14737 6 6 54 42
14737 0 4030 33158 33158 32474 32445
40570 0 10106 17112 17112 6152 6152
2527 1 15676 2 1 2 1
9741 1 22270 1 1 2 1
22719 0 8583 4 4 23 13
680 7 39181 31408 31346 40923 40922
680 7 29533 30607 30546 40712 40712
21810 4 40571 9585 9575 35898 35898
33488 0 4931 27995 27995 9948 9943
30169 4 22524 21 21 258 258
1374 8 9876 179 177 22 22
1374 6 6774 20 5 3 1
35169 3 35168 1 1 2 2
6888 0 11405 40412 40412 38452 38446
6889 1 6888 4 1 2 1
11405 1 12069 1 1 4 1
31720 1 33038 1 1 1 1
14747 1 16665 4 1 6 1
30485 0 12240 32294 32294 20516 20515
35384 1 24098 1 1 4 1
33950 1 24098 2 1 2 1
4617 4 2317 21 14 38 38
26645 0 18798 298 298 334 330
1038 4 20161 201 33 1 1
1038 4 39009 4234 4059 1405 1405
1038 4 31457 190 23 1 1
1038 4 35729 224 53 1 1
1038 4 9526 219 49 1 1
1038 4 36663 170 7 1 1
1038 4 25174 189 23 1 1
1038 4 29468 287 113 1 1
1038 4 40317 167 5 1 1
13441 0 13179 5562 5562 22660 22659
31542 0 28557 26259 26259 6234 6232
5421 1 33580 1 1 2 1
8378 1 15959 1 1 3 1
35680 0 16547 421 421 792 787
4601 1 1480 3 2 6 2
23297 1 23798 1850 1849 2005 2002
36430 1 11632 1 1 7 1
7798 1 10220 2 1 2 1
23291 0 7798 9420 9420 9998 9995
9868 0 9017 12 12 23 12
14301 1 22543 1 1 3 1
9933 4 37354 375 375 459 459
12205 1 12204 1 1 3 1
24146 0 17669 18788 18788 33553 33551
28393 0 1434 1 1 80 20
18831 4 28393 269 267 94 94
36594 0 1434 1 1 91 30
26925 0 1434 1 1 62 3
18116 4 1434 40847 40840 36643 36643
21358 1 8040 4 3 7 3
12579 1 8040 3 1 4 1
33003 0 10761 1450 1450 3933 3933
23374 0 739 61 61 878 875
32479 1 37820 3 1 1 1
2181 8 30733 25 22 2 2
15394 1 32040 3 1 2 1
28746 1 24321 5 2 2 1
28746 1 16782 3 1 2 1
37839 0 2110 1 1 253 67
38849 0 2110 6 6 963 771
9193 0 2110 40 40 2043 1849
20494 0 2110 6 6 923 732
38709 0 2110 10 10 1794 1601
30037 0 2110 2 2 312 125
36409 0 6991 15488 15488 17143 17135
36409 1 20042 2 1 3 1
39061 0 914 3 3 39 33
24739 5 914 18 18 17936 17644
40612 5 914 3 3 12693 12403
14021 5 914 4 4 721 438
22854 5 914 1 1 774 490
40047 5 914 1 1 407 127
4847 5 914 1064 1064 25914 25621
25072 5 914 5 5 3131 2846
7476 5 914 4 4 6593 6306
792 5 914 1 1 305 27
914 1 19506 2 1 1 1
8543 1 28419 1 1 2 1
4324 4 13072 17 3 5 5
3407 0 643 2425 2425 7569 7563
3855 1 643 6 1 3 1
37188 1 1558 1 1 7 1
40712 0 1558 40402 40402 10552 10538
26674 0 1558 516 516 172 159
30420 0 22047 35891 35890 36561 36560
35704 4 40572 5281 5281 1149 1149
37073 2 7 1 1 37 1
8520 1 5407 2 1 1 1
30398 5 5407 3 3 36 12
11562 0 9512 31711 31711 9733 9731
40684 0 9512 39265 39265 7834 7833
11780 1 18482 2 1 2 1
2837 0 36460 30427 30427 37563 37560
33600 0 2837 5256 5256 5948 5943
40573 0 11043 38385 38385 11953 11930
40574 0 11043 38182 38182 11451 11429
21093 0 11043 1 1 28 7
40497 0 85 2032 2032 3653 3414
1958 0 85 40920 40920 38136 37888
39304 0 85 19 19 1855 1619
30762 0 85 25835 25835 10140 9899
8844 0 85 1 1 314 80
24944 0 85 631 631 2696 2458
40402 0 85 11725 11725 5654 5414
5552 0 85 37433 37433 21316 21070
1522 0 85 103 103 2534 2297
37844 0 85 13485 13485 14258 14015
40665 0 85 37198 37198 14311 14067
5115 0 85 30139 30139 13814 13572
28159 0 85 1 1 250 17
85 0 12888 351 351 16 7
31425 1 15729 2 1 3 1
12042 1 1777 3 1 2 1
12042 0 8268 805 805 531 524
18518 1 14006 4 2 4 1
23766 5 7293 171 169 288 287
15279 0 23766 833 833 848 848
33175 0 5978 33422 33422 29537 29515
15358 1 15357 1 1 1 1
16701 0 1677 12836 12836 22424 22365
13 0 1677 201 201 3366 3309
30757 0 1677 6 6 249 194
7419 1 5076 1 1 5 1
27444 1 17724 2 1 2 1
294 1 18895 3 1 2 1
40575 0 22039 24537 24537 7250 7246
31455 0 1027 39 39 489 336
16597 0 1027 15 15 254 102
40576 0 40452 2513 2513 5563 5563
35090 0 17121 25098 25098 8647 8645
19086 6 21626 7 3 15 12
7887 1 7886 2 1 1 1
34521 6 37498 4477 4477 3420 3420
12662 1 40577 8940 8934 40397 40397
40577 1 12662 40397 40397 8940 8934
39496 1 16365 10857 10857 7837 7837
16365 1 39496 7837 7837 10857 10857
11479 1 5180 2 1 6 1
956 1 5180 1 1 5 1
12458 6 16563 31934 31931 32372 32371
12921 1 25846 9 1 1 1
36880 4 37832 642 642 17 17
877 1 14090 8 3 3 2
14090 1 877 3 2 8 3
8082 0 81 1 1 48 3
2497 1 13459 1 1 1 1
31712 0 2497 588 588 1708 1615
25460 0 2497 39840 39840 38541 38443
30267 0 2497 2446 2446 2667 2573
14684 0 2497 26641 26641 24470 24374
15327 0 284 1 1 227 11
32738 0 284 1 1 234 13
7747 0 284 1 1 232 12
23048 0 284 3 3 283 58
36041 0 284 1 1 224 9
38651 0 284 1 1 243 20
13843 1 13842 2 1 1 1
38649 1 19488 3883 3883 3198 3198
21810 0 2687 1 1 45 9
5646 1 5645 3 1 5 1
5184 1 28989 4 2 2 1
16262 0 16080 34 34 14 11
16080 0 314 24877 24877 20081 20075
38255 0 18636 309 309 868 867
16914 1 1218 1 1 5 1
11597 1 2084 5 1 2 1
26872 0 11597 40942 40942 40768 40767
38264 0 1629 4 4 430 420
15932 0 1629 85 85 3195 3184
14940 0 1629 10642 10642 36315 36302
23686 1 7865 1 1 3 1
40578 0 971 39341 39341 8995 8991
4933 0 1287 15813 15813 11925 11885
17077 1 1287 2 1 10 1
21855 1 1287 1 1 9 1
2477 9 9034 1 1 2 1
9035 1 9034 2 1 4 1
9452 0 16895 15662 15662 33706 33705
15534 4 27189 4143 4142 1991 1991
15549 0 5198 137 137 480 460
29419 1 23228 2 1 3 1
29419 1 16566 3 1 2 1
29983 1 29419 1 1 4 1
8761 0 9048 33 33 477 461
16341 0 9048 38668 38668 38061 38040
18043 1 6871 203 202 540 538
14676 1 15857 2 1 4 1
4402 1 31378 4 1 1 1
1144 1 9716 1 1 1 1
20128 4 19080 40818 40814 40292 40292
20128 4 32553 7 4 1 1
40579 0 33801 17965 17965 4267 4266
39697 0 33801 5861 5861 1621 1621
10515 1 20545 3 1 1 1
10515 1 23161 4 1 1 1
20152 1 10916 4 1 2 1
15078 0 1542 340 340 1139 1118
3408 6 8332 167 93 74 74
3408 6 33157 75 5 4 3
3408 8 40605 12013 11947 363 363
3408 4 1256 36196 36196 35012 35012
22973 6 8518 1352 1352 3550 3549
15512 6 8518 72 69 54 54
37981 1 37980 1 1 2 2
36402 6 38419 62 62 113 113
35889 0 1222 39684 39684 14517 14503
1630 4 3954 7 2 19 19
27378 5 2295 1 1 126 27
16787 5 2295 2 2 125 27
2295 0 20085 39299 39299 40666 40664
2674 1 25490 5 1 1 1
2674 1 37183 6 1 1 1
31859 5 11873 80 80 2919 2915
18301 1 11873 2 1 3 1
3961 4 38195 62 60 2 2
10495 0 65 345 345 344 334
19204 0 65 255 255 1264 1253
29854 0 65 26 26 68 59
4387 0 16744 700 700 13700 13697
14355 2 1137 1 1 108 6
31617 2 1137 1 1 102 2
10756 2 1137 1 1 101 2
23780 2 1137 1 1 115 9
19983 2 1137 1 1 103 2
20239 2 1137 1 1 114 9
40735 2 1137 21308 21308 12690 12583
3870 6 7609 1458 1452 1704 1704
12556 0 3870 16491 16491 14082 14076
1226 4 6870 92 69 3 3
23617 4 1226 839 837 516 516
6870 4 29653 1308 1308 471 471
2536 1 11404 7 2 2 1
2536 0 5973 37323 37323 28601 28597
12282 1 7778 1 1 2 1
40580 0 22983 29837 29837 5339 5337
12754 0 184 1 1 297 5
2752 0 184 1 1 315 16
30560 0 184 1 1 307 9
31172 0 184 1 1 301 5
36649 0 184 1 1 289 4
39598 0 184 1 1 293 4
29336 0 184 1 1 344 43
3249 1 9317 3 1 2 1
20805 0 11858 37502 37502 33272 33264
40593 0 11858 34670 34670 10231 10224
11617 1 36457 3 1 1 1
11617 1 3182 2 1 1 1
3060 0 11617 10 10 9 4
40581 0 12650 40861 40861 11633 11612
11149 6 40581 11326 11302 35558 35558
785 8 11138 26271 25802 376 376
785 8 40710 13483 13026 1 1
785 8 36327 19663 19199 4 4
785 8 39015 25293 24826 1 1
785 8 38312 5588 5138 1 1
785 8 27403 12274 11819 3 3
785 8 1422 22241 21776 160 160
785 8 22169 25649 25181 1455 1455
785 8 30680 27447 26977 36 36
785 8 37209 8858 8406 1 1
785 8 24124 18094 17631 2 2
785 8 25693 15024 14563 1 1
785 8 446 28905 28433 152 152
785 8 21727 4549 4102 2 2
19992 0 27240 9 9 88 86
6448 0 20717 8 8 20 9
5058 1 6448 1 1 6 1
21155 1 6448 2 1 5 1
40663 0 6448 40855 40855 7854 7849
40582 0 6644 39791 39791 8412 8402
35177 1 298 1 1 3 1
6700 0 2052 1 1 9 7
15310 1 13032 5 1 3 1
20936 1 17024 4 1 1 1
7054 0 20936 36997 36997 8347 8346
39068 0 5731 16600 16600 1909 1909
40583 0 290 40375 40375 11067 11022
8787 0 290 31897 31897 22456 22410
28170 5 290 55 54 248 225
27556 5 290 18339 18339 21996 21972
4123 1 290 3 1 2 1
2858 4 290 37215 37182 16855 16855
38753 0 16960 40425 40425 29538 29533
29292 1 20260 2 1 2 1
7491 1 3611 5 1 1 1
10450 4 40584 10031 10025 16467 16467
40584 0 427 40767 40767 12511 12438
7966 0 9605 30811 30811 33537 33534
32027 0 12798 21561 21561 13351 13351
32795 1 1063 1 1 2 1
2920 1 17874 2 1 3 1
2920 1 4427 1 1 6 1
129 1 4427 2 1 5 1
32885 0 13252 6947 6947 573 569
16493 0 20467 149 149 217 217
40585 0 38674 25481 25481 4615 4615
34 3 10832 76 76 449 449
8982 1 26420 4 1 2 1
2675 0 965 1 1 35 4
16821 0 965 2 2 41 9
17630 0 9068 1146 1146 1434 1431
18501 6 11746 1260 1260 678 678
18495 0 17922 6529 6529 16991 16990
17278 2 7488 4 2 9 6
2499 1 13511 2 1 1 1
36662 1 17710 1 1 1 1
36331 1 19237 1 1 8 1
18045 1 1998 3 1 6 1
3130 1 4954 4 1 8 1
13102 0 24336 2 2 6 4
271 8 28240 307 296 103 103
271 6 40624 10502 10474 40728 40728
12111 0 13254 5699 5699 4212 4201
19649 0 13254 5443 5443 1720 1710
10494 0 20781 20204 20204 6297 6294
5360 1 23897 1 1 1 1
23898 1 23897 1 1 2 1
17935 1 2212 5 1 1 1
9847 3 26719 19735 19727 12559 12559
33866 9 23829 2 2 1 1
40586 0 19015 21727 21727 9989 9976
40713 0 19015 21815 21815 10415 10401
22702 0 16200 2458 2458 1886 1884
3541 1 20787 1 1 2 1
6267 1 20787 1 1 3 1
24216 1 1742 2 1 2 1
1742 0 2571 2991 2991 3425 3423
9291 0 4466 14455 14455 25953 25952
3600 0 2216 3 3 8 2
29682 1 6044 3 1 3 1
40587 0 17191 37296 37296 8308 8305
16309 3 31279 6 1 1 1
40588 0 10342 21569 21569 5463 5462
15741 5 2786 85 85 3491 3479
2786 1 31467 1 1 2 1
22083 6 37406 1252 1251 762 762
27641 1 17450 1 1 2 1
5520 1 6140 3 2 2 1
37977 0 4550 2 2 104 9
22986 0 4550 4 4 106 10
13964 4 20032 23 10 24 24
20032 4 22514 474 470 259 259
5289 1 2452 4 1 4 1
6078 0 5289 39414 39414 37540 37528
32 4 22428 128 112 1 1
25738 1 1502 3 1 2 1
27499 1 25738 2 1 2 1
11607 6 9604 22235 22234 25082 25082
383 9 6658 1 1 8 7
6658 1 382 5 1 2 1
16197 1 6658 2 1 7 2
24259 0 16169 40772 40772 36809 36773
22335 0 16169 256 256 522 487
25952 4 36629 263 263 254 254
32112 4 37795 88 88 11 11
20499 0 1592 20284 20284 9436 9431
19836 0 4030 1 1 25 2
3908 1 31477 3 2 2 1
7874 4 13716 2298 2270 120 120
10974 4 38608 210 208 10 10
1018 1 7659 1 1 5 1
7144 4 24030 363 361 27 27
12048 4 7144 22 15 5 5
5500 1 21297 7 1 2 1
5500 0 9200 11 11 6 6
27615 0 5220 2 2 46 34
19850 1 2151 3 1 4 1
16779 1 16998 3 2 1 1
10771 4 10410 8 5 2 2
10771 4 21127 10 6 5 5
12627 0 21127 2 2 54 51
40589 2 1646 40561 40561 13172 13129
32664 5 774 1 1 129 2
30156 5 774 1 1 130 2
27981 5 774 1 1 135 3
13550 5 774 1 1 125 1
21966 5 774 1 1 127 2
19088 5 774 10 10 1638 1501
27383 5 774 1 1 137 3
17731 0 774 3 3 27 17
21818 6 37463 9405 9403 28742 28742
10205 0 11093 180 180 141 121
36918 0 11093 27453 27453 7092 7070
2974 0 11093 38957 38957 24826 24803
13543 0 11093 49 49 148 127
14057 0 7284 18577 18576 23436 23436
7284 1 1156 3 1 5 1
3972 7 20913 4184 4107 157 157
3972 7 40458 4329 4251 3579 3579
36867 0 8952 15094 15094 22347 22347
39341 4 7922 3845 3845 1750 1750
9031 4 34522 69 51 2 2
9031 4 36372 118 98 5 5
9031 4 22734 67 50 2 2
40590 0 27411 20842 20842 6985 6983
5334 0 8355 40874 40874 28483 28460
8355 0 37159 824 824 1553 1553
29370 0 32370 670 669 770 769
38392 0 2833 37388 37388 2818 2803
17123 1 22282 1 1 2 1
11931 1 23210 2 1 1 1
3929 1 6637 11 1 2 1
39809 0 15772 10 10 22 22
3014 1 16068 1 1 3 1
5872 1 17690 3 1 1 1
38213 0 13538 2 2 163 157
15641 1 27635 6 1 1 1
33238 2 955 12 11 346 334
5920 0 30694 925 925 62 61
14280 1 5920 4 1 7 1
15530 0 4225 334 334 577 577
28112 0 19783 8 8 14 11
31385 0 19783 20077 20077 11411 11407
1220 0 19783 16856 16856 28708 28703
15603 1 15 4 1 1 1
15 1 5976 2 1 2 1
4744 1 27814 7 2 1 1
26459 0 12430 13958 13958 20374 20371
12430 1 4066 5 1 2 1
9361 1 26566 4 1 1 1
4323 1 10025 4 1 3 1
30746 0 4323 6405 6405 9263 9262
21869 4 16617 31 30 97 97
26942 1 31134 2 2 1 1
12877 0 4127 40903 40903 40878 40874
9331 0 9481 25755 25755 27927 27926
11045 1 10096 5 1 3 1
18526 1 6001 1 1 3 1
6002 1 6001 1 1 2 1
4984 1 3637 2 1 1 1
33272 5 4984 29 29 196 190
40591 0 2215 34535 34535 8840 8834
26189 0 15682 905 904 785 784
8657 6 18527 23358 23358 2838 2838
2095 0 4792 1651 1651 5087 5083
17447 0 4792 4 4 13 10
32551 0 7192 40721 40721 33568 33548
727 1 7192 4 1 3 1
38904 1 15390 4 4 7 6
38713 1 6445 2 1 6 1
36718 0 38713 7988 7988 7557 7557
21331 0 14398 3561 3561 13978 13977
1671 0 8078 39797 39797 36493 36481
16941 6 5249 6833 6833 23492 23491
34019 0 7149 27500 27500 23161 23123
18807 1 18806 5 1 1 1
16369 1 3715 4 1 1 1
18079 1 16369 1 1 5 1
26616 0 24680 29549 29549 33107 33105
26616 1 11969 2 1 1 1
36080 0 34647 19622 19621 18306 18306
9970 1 22186 3 1 2 1
21084 4 35872 280 278 2 2
38715 0 5011 1 1 16 7
4226 0 11100 12249 12249 12905 12888
18612 4 33719 40 19 2 2
40592 0 3742 40429 40429 10481 10458
40481 0 4992 22475 22475 15228 15226
39479 0 28777 18336 18336 28748 28748
1650 1 40174 8300 8292 26284 26284
1650 1 1311 7 1 4 1
1650 0 21879 16817 16817 22312 22312
16394 1 1650 17912 17912 6150 6143
9761 0 1650 40246 40246 40809 40805
7968 0 239 7 7 5175 4923
7968 1 11878 2 1 2 1
3491 0 239 5 5 512 264
40419 0 239 5 5 5597 5344
17572 0 239 35 35 6206 5952
134 0 239 282 282 8604 8348
40620 0 239 5 5 11816 11557
5037 0 239 10 10 3591 3340
23341 0 239 469 469 16978 16717
30294 0 239 5 5 457 210
11839 0 239 7 7 1235 986
38423 0 5720 40591 40590 30991 30983
36383 0 6139 9310 9310 10302 10295
23143 1 19335 5 1 1 1
6619 1 23143 1 1 4 1
2002 0 19290 9943 9943 5209 5209
2033 1 10164 5 1 1 1
34032 0 13475 37816 37816 34641 34639
34006 1 34291 2 1 1 1
1920 4 13057 70 17 1 1
1920 4 14332 78 24 1 1
1920 4 17214 152 96 2 2
1920 4 20671 93 38 5 5
4419 1 1849 5 1 1 1
4419 1 8002 10 5 9 7
32151 5 11426 734 734 4415 4405
18951 4 31532 77 70 5 5
18951 4 32437 205 197 7 7
30591 0 49 1 1 15 4
3608 4 24144 172 146 16 16
3608 4 19987 32 8 3 3
3608 4 751 79 54 11 11
17073 1 4982 1 1 3 1
30457 0 3668 31 30 37 30
13681 4 18265 36 30 1 1
13681 4 39987 52 45 25 25
18301 5 1981 20 20 8800 8746
40455 0 26054 39134 39134 33675 33673
9094 1 352 1 1 9 1
352 1 26517 11 2 5 3
18661 1 12085 2 1 1 1
15620 4 22311 10 4 9 9
33409 0 22311 37194 37193 27026 27025
1258 1 1257 2 1 1 1
1258 1 7835 1 1 2 1
7440 9 35492 2 2 2 2
40594 0 32069 36602 36602 5783 5783
4292 1 4291 8 1 1 1
13227 1 13641 8 1 2 1
13227 1 540 4 1 3 1
12002 1 7957 2 1 2 1
40595 0 26503 37226 37226 8274 8274
40596 0 16944 25374 25374 8307 8303
16944 1 16943 2 1 2 1
13138 1 13137 2 1 3 1
23155 0 3062 7 7 18 7
40600 0 3062 23290 23290 10528 10516
13408 5 2064 1 1 29 5
2652 1 15263 4 1 1 1
606 1 31605 3 1 1 1
27110 0 11322 27073 27073 37576 37573
9199 1 6691 2 1 3 1
6691 1 35867 4 1 1 1
15253 1 22571 3 1 4 1
22571 1 16934 5 1 1 1
12011 0 9758 32243 32243 16617 16598
12011 1 4723 2 1 3 1
27410 0 9758 17 17 122 105
11818 1 12928 2 1 2 1
14656 1 11818 2 1 3 1
16439 0 3281 14919 14919 18754 18751
3281 1 5769 3 1 5 1
23498 1 35393 2 1 1 1
12469 0 15650 40859 40859 40893 40892
19415 4 36359 235 230 12 12
19415 4 9039 366 360 95 95
15564 1 25098 2 1 2 1
29421 2 28324 18323 18322 22722 22722
4753 0 1271 158 158 2434 2426
403 1 1271 1 1 3 1
26741 1 17064 4 1 1 1
31116 1 29683 1 1 2 1
31116 1 10855 35576 35575 38364 38363
11565 0 19217 15179 15179 34952 34951
10666 1 2269 2 1 2 1
38441 0 610 1 1 39 5
40747 0 610 38240 38240 11102 11065
38589 0 610 8242 8242 2042 2006
39062 0 610 3 3 125 90
8986 1 27775 5 1 2 1
40597 0 1285 33687 33687 8755 8748
14201 1 22872 4 1 2 1
14201 1 22141 3 1 1 1
17803 0 34579 8 8 16 15
37095 0 34579 136 136 372 370
11611 1 4777 3 1 4 1
20848 1 4777 2 1 3 1
11687 0 11199 12936 12936 14353 14335
14407 1 11687 3 1 4 1
2991 1 29472 3 1 2 1
13950 0 13637 37800 37800 26156 26151
21726 0 13637 10 10 16 12
23452 0 27533 21039 21039 4770 4768
6739 1 1414 1 1 11 1
11097 1 1414 1 1 12 1
1379 9 8161 44 44 7 7
35420 1 23199 1 1 4 2
23199 1 8758 2 1 2 1
39781 4 29034 212 212 13 13
24328 1 26984 2 1 3 1
27592 0 883 4 4 272 55
26057 0 883 3 3 390 169
35017 0 883 2 2 284 66
31955 0 883 1 1 224 12
14966 0 883 1 1 264 49
11358 1 11357 2 1 1 1
21577 1 19963 3 1 2 1
28849 6 1609 653 650 3082 3081
1609 6 8263 1418 1412 1980 1980
8531 0 14081 10169 10169 14725 14714
28503 1 28407 1 1 1 1
39294 0 17478 2222 2222 2216 2212
40598 0 2348 24233 24233 7218 7216
23960 0 13199 1932 1932 767 764
399 1 398 4 1 2 1
24160 0 6684 14 14 33 30
40599 0 11712 20292 20292 6683 6682
18982 0 5876 5439 5439 7346 7344
18213 1 5876 301 299 54 54
5876 1 18213 54 54 301 299
34510 4 19961 10 8 8 8
30259 1 21208 6 2 3 2
17577 4 34771 55 55 5 5
30657 1 2445 2 1 1 1
19374 4 10501 3406 3406 12268 12268
26690 6 38361 823 822 16 16
5142 6 18018 1012 997 49 49
8335 6 5142 187 176 719 718
7831 0 21055 31195 31195 37737 37733
27907 1 14404 12691 12690 6722 6720
14404 1 27907 6722 6720 12691 12690
1175 0 14404 9205 9205 11991 11989
25106 0 38339 512 512 71 71
7779 1 33053 2 1 1 1
4104 1 7779 2 1 1 1
7006 0 36034 931 930 2553 2551
35113 9 26863 1 1 1 1
12815 4 20100 91 69 2 2
9564 1 1329 1 1 5 1
21276 0 3984 26827 26827 5048 5039
1652 0 3984 23956 23956 8760 8750
3625 0 4435 22281 22281 1464 1461
31367 0 4435 4 4 12 10
30581 1 16682 1 1 4 1
36064 5 2176 637 637 12811 12707
99 5 2176 3 3 101 3
9641 5 2176 3 3 103 4
16171 5 2176 4 4 1121 1019
26128 5 2176 22 22 1907 1804
1908 5 2176 2590 2590 21022 20916
10424 5 2176 3 3 741 640
2176 1 11120 2 1 1 1
10 4 8672 12 7 3 3
4643 6 5961 338 332 39 39
16211 1 18929 1 1 1 1
4844 1 15639 2 1 5 1
21835 1 36257 4 4 2 2
32931 2 5970 182 181 253 248
19745 1 2237 4 1 4 1
10276 0 5907 4446 4446 21832 21829
20837 1 9151 1 1 4 1
15147 0 1938 13979 13979 1972 1966
18040 0 11068 4 4 86 73
5173 4 23709 81 76 24 24
15430 6 9646 189 188 1497 1497
15430 4 3544 60 44 20 18
1388 1 20463 1 1 1 1
39201 0 10557 6 6 19 11
4701 6 6142 11 11 6 6
39620 5 4701 2 2 26 5
17538 5 1819 3 3 198 158
14012 1 8954 4 1 4 1
5148 4 21781 1470 1470 1661 1661
22752 1 11878 4 1 3 1
26368 1 8800 2 2 2 1
24546 9 793 2 2 10 10
33697 0 1749 24635 24635 12902 12888
12548 1 7959 1 1 2 2
2170 6 36952 62 35 2 2
2170 6 1435 53 27 2 2
2170 6 17789 2285 2257 259 259
40628 0 2170 40301 40300 10967 10945
11745 1 17019 4 1 4 1
1914 6 18394 316 293 33 33
1914 8 19753 1476 1466 758 758
4058 0 9924 118 118 242 235
37876 0 4058 1 1 24 14
8628 0 14367 38408 38408 33064 33058
8628 3 14961 13815 13813 11480 11480
39060 0 9003 40835 40835 38302 38302
23809 0 3362 14834 14834 20008 19957
18746 0 3362 28373 28373 34229 34176
34253 0 3362 6701 6701 24018 23966
29236 1 35973 2 1 1 1
29236 1 29751 3 1 1 1
1764 1 26830 5 1 2 1
26830 1 1764 2 1 5 1
40262 4 38717 38896 38896 38297 38297
22671 0 21247 24514 24513 38012 38012
9129 4 26293 47 37 8 8
20158 1 33956 2 1 1 1
35386 0 2558 12 11 78 64
35386 1 4810 1 1 4 3
34559 0 2558 6 5 31 18
2101 1 33146 9 1 2 1
2101 1 20147 6 1 2 1
2101 1 15727 8 1 1 1
34312 6 40486 3005 3005 3742 3742
2381 6 39759 1060 1054 6443 6443
34198 0 4847 36499 36499 18139 18109
38741 0 4847 3 3 101 72
26334 1 17027 3 1 1 1
26334 1 11324 4 1 2 1
4277 0 4056 37883 37883 38177 38173
11573 0 4056 7176 7176 5861 5858
24326 1 19636 3 1 2 1
37944 0 6042 5979 5979 3680 3669
6042 0 11666 13 13 27 10
40749 0 24944 392 392 4061 4060
8498 1 7256 2 1 3 1
16881 1 9338 2 1 3 1
25360 1 30394 3 1 1 1
16533 1 457 3 1 3 1
16533 1 5139 5 2 5 1
5139 1 20874 4 1 1 1
113 6 26801 5 3 3 2
18225 4 31949 190 188 269 269
31096 0 26764 32587 32587 39285 39285
23445 1 20144 1 1 2 1
1322 6 37390 1659 1648 10419 10419
35223 0 31661 10129 10129 5128 5124
6083 4 7925 127 127 3 3
36842 0 4161 37 37 52 25
40673 0 4161 40841 40841 10144 10114
17498 1 21619 4 1 1 1
17498 1 1654 3 1 2 1
39970 0 3052 8059 8059 1646 1645
25857 0 28155 29815 29815 10423 10423
35205 0 10662 46 46 160 154
3104 0 10662 37036 37036 27910 27902
27896 6 40601 5677 5676 18528 18528
4359 1 21993 3 1 5 1
28307 0 21993 496 496 74 73
40602 0 300 36997 36997 12162 12057
21701 0 300 324 324 801 698
18354 0 300 34700 34700 18790 18683
7446 0 300 664 664 3013 2909
40703 0 300 37088 37088 12486 12380
21213 1 25178 2 1 1 1
11884 9 3041 2 1 2 1
9796 4 30359 24 21 2 2
4764 1 21744 4 1 1 1
13887 1 1866 3 1 1 1
13675 1 13726 2 1 1 1
27185 1 27184 1 1 2 1
29913 0 959 38881 38881 38640 38608
21128 0 959 11695 11695 4431 4401
30482 5 985 3 3 396 332
6067 5 985 6 6 769 704
12898 5 985 21 21 3152 3086
33867 0 985 40032 40032 29908 29903
19990 0 985 31855 31855 20638 20634
6754 1 35743 3 1 1 1
12952 0 38827 35737 35737 38867 38867
16576 1 38827 3 1 1 1
1678 7 27909 784 544 1 1
1678 7 17606 264 29 1 1
1678 7 34411 258 25 1 1
1678 7 38159 460 223 2 2
1678 7 33433 256 24 1 1
10710 1 38566 1 1 1 1
23757 2 2023 40676 40676 40270 40216
8705 2 2023 3824 3824 16639 16587
2286 2 2023 8276 8276 10612 10562
7964 3 1791 2 2 2 1
5580 0 3139 6454 6454 6736 6728
19705 6 7282 1184 1183 364 364
11170 1 15337 7 1 3 1
22652 4 28628 3074 3074 437 437
40603 0 5178 39234 39234 11182 11150
40753 0 5178 38954 38954 10447 10416
5607 1 5839 2 1 2 1
27112 0 5607 38927 38927 35579 35573
40604 0 3773 26645 26645 3974 3974
23502 0 3591 912 912 106 100
3591 1 23828 2 1 3 1
3591 1 4974 3 1 4 1
13512 1 11627 1 1 2 1
11627 0 32691 11144 11144 21265 21265
40605 0 7851 34812 34812 8609 8609
40536 0 2861 997 997 7396 7387
18541 6 29772 10915 10915 27075 27075
17171 1 14314 1 1 3 1
6430 1 1025 5 1 4 1
33808 0 12168 2 2 51 16
4680 3 30046 5 4 4 4
4680 1 4679 1 1 1 1
26874 1 21974 3 1 2 1
40606 2 9677 21482 21482 8942 8942
13297 4 19277 77 77 10 10
871 1 6778 1 1 5 1
6778 1 18012 6 1 3 1
3278 1 37105 1 1 2 1
40607 6 7316 12986 12986 6402 6401
40607 6 2974 17700 17699 6903 6903
39590 2 17930 4 1 10 1
35134 1 29177 1 1 2 1
37759 4 33633 38564 38564 35997 35997
18141 0 20337 5367 5367 11667 11660
25756 0 18141 31651 31651 19809 19809
31924 0 2137 3 3 14 3
16768 1 3527 2 1 1 1
15053 1 25331 4 1 3 1
2951 1 25331 5 1 2 1
26706 8 17041 75 67 22 19
26404 4 38397 634 634 181 181
40608 0 11269 11658 11658 7812 7810
570 4 37732 185 183 106 106
9157 2 17319 3 2 6 2
16875 1 3343 3 1 5 1
9424 9 9423 5 5 4 4
9424 9 30295 444 443 4237 4236
30295 9 9424 4237 4236 444 443
28528 2 1425 788 787 989 968
40661 2 1425 39916 39916 12478 12456
16252 0 2071 3 3 31 10
8344 1 23341 3 1 1 1
23784 1 34483 1 1 1 1
7763 1 7762 3 1 1 1
30165 5 860 3 3 2435 2365
17944 5 860 6111 6111 19297 19226
9290 5 860 15 15 1917 1848
15462 1 30636 3 1 1 1
35232 1 35821 2 2 1 1
25564 0 8404 3024 3024 5425 5407
33907 0 24173 31366 31366 14984 14983
26592 0 8194 39547 39547 39552 39549
483 0 8194 1314 1314 1928 1926
9566 1 3309 3 1 2 1
40609 0 27148 24088 24088 7857 7853
40718 0 2951 15242 15242 8011 8010
11761 1 12999 4 1 2 1
26237 1 26236 2 1 1 1
24009 6 38249 12 12 51 51
38964 6 24009 5430 5427 1087 1087
3708 0 9694 1027 1027 5661 5658
40610 0 22619 36397 36397 9736 9730
25185 1 32634 2 1 1 1
40611 0 12710 40355 40355 7880 7877
5005 9 12710 8 7 7 6
7711 4 13896 35 27 16 16
21444 0 1668 11 11 170 101
17426 0 1668 3338 3338 2199 2128
38358 0 1668 3493 3493 5723 5651
5746 1 1668 1 1 3 1
26493 0 228 35068 35068 21313 21238
40675 0 228 39719 39719 11883 11809
22038 0 228 36085 36085 23569 23493
12895 4 10906 68 66 73 73
40453 0 10316 2 2 16 8
112 6 11189 50 6 16 16
3830 1 905 1 1 6 1
708 1 707 2 1 3 1
22664 1 9804 1 1 3 1
36523 0 4686 34090 34090 7760 7760
35422 0 10385 40182 40182 33340 33338
30775 4 5073 32838 32838 19377 19377
5073 1 5072 1 1 2 1
10680 6 18425 13181 13180 19406 19406
15029 1 11029 3 1 3 1
38345 0 7537 27007 27007 11024 11023
350 4 38228 1389 1386 1383 1383
10620 0 1244 1 1 289 11
40677 0 1244 32115 32115 12818 12526
33735 0 1244 1 1 290 11
15016 0 1244 8 8 779 490
29065 0 1244 2 2 335 50
15149 0 1244 6 6 2481 2190
16145 0 1244 2 2 325 41
10903 0 1244 4 4 484 196
4345 0 1244 12 12 1508 1218
30266 0 1244 1 1 305 24
36703 0 1244 1 1 283 7
19553 4 9540 484 484 621 621
450 4 20276 119 102 6 6
21982 4 450 83 77 207 207
37161 1 14121 1 1 1 1
20816 1 14121 3 2 3 1
11305 0 14274 6 6 8 3
12347 9 39027 1 1 1 1
17462 6 8373 725 710 7 7
17462 6 38751 798 782 11 11
11067 1 10029 1 1 2 1
5221 1 11848 1 1 2 1
6901 1 3580 5 1 2 1
15047 9 3513 5 2 3 1
3513 1 12072 7 1 6 1
19227 0 8492 22446 22446 7350 7347
12728 4 4840 21 12 17 17
12728 4 40336 1897 1887 2026 2026
1053 1 5405 3 1 1 1
1053 0 507 30186 30186 25053 25036
523 6 11110 40 13 4 3
34511 0 17252 1 1 22 10
11212 1 11211 2 1 4 1
8644 1 17442 3 1 1 1
40700 0 8644 40827 40827 9904 9892
19547 0 23405 4539 4538 1909 1899
3994 1 3993 6 1 4 1
31541 0 27211 25235 25235 5313 5311
36276 0 3679 33828 33828 19728 19717
40613 0 3721 40473 40473 12427 12391
14007 0 34084 10 10 13 9
26371 0 12250 41 40 31 29
28054 5 12250 40165 40165 31524 31511
39517 2 40614 7024 7023 1442 1442
40614 0 621 35138 35138 5755 5754
6014 0 1641 18359 18359 27565 27559
4778 0 1641 3801 3801 4827 4822
12527 1 31620 3 1 1 1
24997 4 4731 1756 1756 1892 1892
36026 0 2392 30625 30625 11671 11670
37802 0 2392 931 930 59 59
4182 4 2884 15 4 1 1
4182 4 36637 12449 12437 18771 18771
36637 0 1378 2 2 548 487
38852 1 36779 2 1 2 1
7696 0 251 89 89 3309 3254
28258 0 251 34111 34111 26884 26828
39711 0 251 541 541 1942 1888
24111 1 24110 1 1 3 3
40306 0 18126 27573 27573 10562 10553
12124 1 12123 1 1 3 1
15913 5 4475 54 53 686 666
19517 0 15913 4 4 19 15
4475 0 3779 1863 1863 9229 9177
39636 0 19687 20858 20858 18761 18760
11271 1 27213 8 1 2 1
11271 1 32517 7 1 2 1
32517 1 8906 1 1 6 1
24608 4 30747 8 6 1 1
23217 1 24399 2 1 2 1
29094 0 19267 236 236 474 472
3498 1 449 1 1 3 1
449 0 18847 20363 20363 16225 16225
17435 1 8639 3 1 2 1
37239 2 1136 13 13 648 577
40615 0 34949 7661 7661 4920 4919
36310 0 13741 1 1 15 8
36310 1 33374 3 2 1 1
19988 0 5541 26289 26289 24423 24412
3478 1 3477 1 1 1 1
39338 0 2342 2549 2549 279 275
37502 2 2524 211 210 642 599
38205 2 2524 2 1 45 4
2714 8 39449 26 8 1 1
2714 8 36914 20252 20232 39555 39555
2714 8 10915 454 435 1220 1220
10239 1 23646 2 1 3 1
6491 4 33367 919 917 1151 1151
8572 1 2319 2 1 5 1
2203 1 3505 5 1 2 1
2203 1 2202 6 1 2 1
7534 1 2203 2 1 4 1
4312 9 1881 2 2 1 1
1881 1 32034 1 1 2 1
22224 2 6577 5 5 74 23
37828 2 6577 11 11 965 911
34631 2 6577 1 1 76 24
18135 3 961 5 3 6 5
18135 3 20631 2 1 2 1
20631 10 24127 2 2 1 1
26739 0 18996 36836 36836 36985 36977
26740 1 26739 2 1 2 1
40616 0 37405 5563 5563 5438 5437
32555 1 16514 1 1 2 1
57 1 14678 7 1 2 1
1750 1 14678 4 1 1 1
14678 3 3713 4 1 3 1
14678 3 24654 3 1 6 1
40617 0 20218 19946 19946 8499 8494
13411 1 23555 5 1 3 1
5505 0 11298 23071 23071 19092 19089
5505 3 11131 4 1 5 1
19316 0 4045 18460 18460 16157 16156
4899 1 9805 5 1 2 1
21273 4 25459 9 2 1 1
30787 0 1897 18 18 446 374
30787 1 8109 1 1 2 1
40728 0 1897 20542 20542 10299 10225
17481 0 1897 1982 1982 5259 5186
40740 0 1897 20603 20603 10664 10589
4621 1 4620 2 1 5 1
14843 0 23268 39432 39432 38190 38186
12016 1 12015 1 1 3 1
19364 1 19363 3 1 1 1
40432 0 5164 10250 10249 3750 3740
34663 2 34482 37009 37009 30547 30547
4270 7 27605 563 524 6 6
4270 7 39989 39 1 1 1
24865 1 29189 2 1 2 1
10074 0 7611 32 32 169 159
30125 4 21696 61 60 75 75
5262 6 1060 27118 27116 13754 13754
4252 1 4251 1 1 4 1
22399 1 16355 22590 22590 16770 16765
40351 0 23777 766 766 359 359
28134 0 25797 40371 40371 39220 39220
36095 0 17496 24971 24971 2306 2305
40618 0 20146 29591 29591 5587 5586
11641 3 6465 2397 2392 19281 19281
17723 1 36872 2 1 1 1
40243 0 9712 635 635 1018 1014
31655 6 23676 37466 37463 40295 40295
7363 1 9383 2 1 5 1
927 1 19126 2 1 1 1
18550 1 11874 5 1 5 1
6872 1 17571 3 1 2 1
22182 1 3015 4 2 2 1
31726 0 2708 1 1 31 5
10510 1 31299 3 1 2 1
10510 1 11468 2 1 2 1
5637 0 14019 40908 40908 40912 40899
37295 0 5637 35052 35052 18336 18318
40651 0 14019 39151 39151 10511 10499
19127 0 32193 2720 2720 6843 6841
40619 0 17352 20507 20507 6579 6579
18931 1 7658 4 2 1 1
24917 1 24916 1 1 1 1
14958 0 8926 28125 28125 17448 17445
2199 0 12062 133 132 194 190
37781 4 33570 89 89 71 71
2638 1 13670 6 1 5 1
4988 6 37733 16199 16198 34683 34683
7538 0 2453 40826 40826 39500 39446
6470 0 2453 40185 40185 28316 28263
3450 0 2453 29808 29808 20278 20226
23404 1 36206 1 1 1 1
18078 1 18077 2 2 1 1
12966 4 7733 4 3 2 1
2725 6 35944 581 577 28 28
2725 6 38746 136 133 5 5
6374 1 6373 1 1 4 1
18028 4 23156 28584 28582 12277 12277
27874 1 9022 1 1 3 1
7520 0 6342 39977 39977 39961 39960
26885 1 36088 5 1 2 1
40337 0 3712 36033 36033 7865 7857
11866 0 2723 25 25 374 339
40672 0 2723 38964 38964 10423 10387
19663 5 5949 12812 12812 8005 7998
10405 4 39191 48 45 6 6
31833 0 2612 28950 28950 4624 4623
27749 0 2612 37007 37007 18662 18660
36563 6 10574 9025 9023 32179 32178
40621 0 17882 7335 7335 5541 5540
6572 1 34940 36787 36782 39994 39994
2450 1 6572 2 1 4 1
34940 1 6572 39994 39994 36787 36782
11303 0 16874 608 608 110 108
3894 6 39306 690 682 1101 1100
38351 1 38350 2 2 5 5
221 3 8712 3 1 2 1
8712 3 2533 5 1 3 1
40622 0 140 23102 23102 9242 9235
16189 1 10946 2 1 4 1
22380 1 29033 5 1 2 1
33769 1 969 1 1 2 1
21347 6 28199 202 202 39 39
5013 4 21215 93 92 235 235
40623 0 9319 24687 24687 7632 7630
9319 6 20165 27241 27237 20404 20403
22384 1 2522 2 1 8 1
30132 1 32978 2 1 1 1
28058 6 25609 40482 40476 40861 40860
4994 1 4993 1 1 4 3
515 0 2507 17 17 52 47
515 1 25909 8 1 2 1
2739 1 8642 8 2 1 1
8991 0 10772 31787 31787 38928 38916
1796 0 10772 2546 2546 14195 14186
28422 0 10772 21176 21176 24579 24568
21206 0 10772 26272 26272 21837 21827
3799 0 507 29641 29641 14005 13989
3335 4 15150 37 33 28 28
28623 1 16535 1 1 2 1
2736 4 39631 61 15 1 1
30472 0 13465 659 659 627 626
33343 1 22 1 1 3 1
10950 1 13236 4 1 4 1
2967 1 2966 1 1 5 1
39937 0 7513 15 14 83 83
9419 1 9418 2 1 3 1
39013 1 36698 1 1 1 1
29610 1 10919 1 1 1 1
4538 3 20612 1943 1943 763 763
30780 0 35793 38026 38026 16808 16807
24724 0 8582 40452 40452 39118 39110
8582 3 31244 4989 4989 13273 13273
32853 1 1076 1 1 7 1
16397 1 1054 5 1 7 1
1054 1 16397 7 1 5 1
20574 1 20573 1 1 1 1
17492 1 25092 1 1 3 1
38372 5 9152 24086 24086 11936 11932
20274 0 9152 19628 19628 10138 10137
20264 1 24542 2 1 4 2
18955 0 7329 455 455 860 853
23987 0 4369 31285 31285 7571 7550
4369 0 3 7886 7886 25360 25347
2124 1 1068 4 1 3 1
33595 0 1068 38878 38878 16849 16832
5628 7 37755 136 104 2 1
5628 7 12647 31 1 2 1
3996 1 6728 2 1 10 1
40624 2 8477 40751 40751 12430 12411
40625 2 1565 38272 38272 12239 12223
36784 2 1565 32249 32248 18351 18334
2962 4 22234 57 27 2 2
2962 4 29412 39 10 1 1
6633 7 36193 40073 40061 40935 40935
40626 0 614 31638 31638 7946 7943
31835 1 5813 6 5 23 16
25903 0 9834 9522 9522 521 516
16418 0 8858 12257 12257 7360 7348
32204 1 21012 2 1 4 1
36815 4 18543 2110 2110 455 455
5960 1 5959 1 1 3 1
5959 1 20633 2 1 2 1
3186 0 19366 1 1 8 2
34490 0 19366 1 1 7 2
9285 4 3566 52 49 8 8
28491 0 21937 1877 1877 4855 4855
14560 0 3579 38089 38089 32102 32089
1548 0 13970 38 38 93 86
24781 0 9745 25458 25458 8709 8706
37605 1 10437 1 1 2 1
21783 4 36057 401 395 35 35
39777 0 28386 6 6 5 5
12874 0 25149 3 3 12 7
34886 0 19548 1511 1511 16251 16250
38549 0 3218 24125 24124 27985 27978
6806 0 3218 2 2 10 4
5707 1 9142 1 1 4 1
21471 0 21813 2 2 22 19
3766 8 8009 90 84 33 30
13145 1 9402 4 1 3 1
17843 0 28399 35400 35400 40617 40617
40627 0 1666 39021 39021 10068 10057
1666 0 8325 475 475 1005 996
654 0 412 4 4 14 7
14956 2 12037 18775 18774 5141 5136
617 6 6774 18 4 6 3
9968 1 9967 2 1 2 1
27085 0 35359 3 3 8 8
1637 1 34420 3 1 2 1
5730 0 36803 2086 2086 31065 31063
838 6 32152 32 24 2 2
23103 0 3276 23195 23195 28228 28210
35721 0 3276 28 28 317 300
18987 1 3276 4 1 4 3
40629 0 36565 299 299 6434 6433
1164 6 6638 6 3 3 1
34239 9 18569 1 1 2 1
11837 4 28447 190 183 8 8
28130 0 12447 39925 39925 34493 34489
3649 1 31930 2 1 1 1
11584 0 5856 186 186 742 717
15608 0 11584 38798 38798 40594 40591
33433 0 9304 14778 14777 743 733
11509 6 13575 32507 32506 37092 37092
3459 1 18716 38875 38864 40295 40295
28208 1 3459 1 1 11 1
18716 1 3459 40295 40295 38875 38864
33370 4 36554 21 21 44 44
36554 4 19332 40848 40848 40485 40485
28158 1 24705 2 1 1 1
3450 1 13968 6 1 2 1
32129 0 885 7226 7226 21748 21741
23550 0 341 40581 40581 38766 38760
20836 1 23921 5 1 1 1
23921 1 19782 2 1 1 1
20335 0 25270 4 4 6 6
32163 4 27952 7826 7825 1708 1708
22393 0 1973 36447 36447 20637 20580
40727 0 1973 38704 38704 11282 11226
25244 0 1945 40194 40194 37542 37518
33880 0 1945 31926 31925 17530 17507
24265 1 658 1 1 2 1
8592 1 8591 2 1 2 1
799 6 14682 389 371 114 113
799 6 23999 102 85 7 6
36839 0 32330 28700 28700 15091 15091
9877 9 17446 12 12 4 3
9284 6 40237 7106 7106 10837 10837
8440 0 10175 111 111 33 28
15799 6 17610 40942 40930 40942 40942
1955 1 12334 2 2 1 1
15612 1 33784 1 1 3 1
26154 6 29880 3 1 2 2
27300 1 30734 4 1 1 1
27525 0 3582 15651 15651 13364 13338
30440 0 27525 25213 25213 21963 21962
11629 1 3582 5 1 1 1
3325 0 31371 26629 26629 32758 32755
8222 0 5081 3191 3191 7590 7588
9760 1 9759 1 1 1 1
1709 1 2722 5 1 1 1
12888 6 33923 39136 39135 40352 40351
23634 0 4578 35555 35555 15011 15009
3258 9 23634 4 4 3 3
17187 1 13864 4 1 2 1
17187 1 11812 2 1 5 1
17187 1 6726 3 1 5 1
9561 4 39738 186 181 4 4
40630 0 4049 34775 34775 9028 9014
23531 0 4049 27405 27405 7043 7030
19 1 6484 12 4 5 2
19331 0 6850 11 10 34 10
27088 1 9828 1 1 1 1
35702 0 15222 5 5 20 18
20635 6 21042 1127 1125 194 194
22261 1 13269 1 1 3 1
22970 1 22969 4 1 1 1
18827 4 15294 163 163 93 93
9782 1 3951 1 1 1 1
35390 0 7258 28191 28191 15278 15278
36733 6 32656 22043 22043 13292 13292
38009 0 28740 13149 13149 12669 12668
26011 2 4090 38266 38264 22352 22322
36107 2 4090 2 1 46 17
33747 1 4090 1 1 2 1
36531 2 499 1 1 52 19
24281 1 11177 1 1 5 1
1223 7 34593 29038 29025 33529 33529
24757 1 2423 2 1 10 2
2423 1 2422 8 1 1 1
22776 1 9885 2 1 4 1
15285 1 9885 2 1 3 1
9885 1 28854 5 1 2 1
10713 4 34491 1524 1518 20389 20389
21164 0 1390 40082 40082 22575 22564
32940 0 30056 4194 4194 1270 1269
21775 0 25753 497 497 202 201
33648 1 6674 1 1 4 1
2761 0 4715 40937 40937 40930 40916
6696 0 4715 9392 9392 5520 5507
17030 9 4295 2 2 2 2
13412 0 21233 12 12 8 6
28826 1 6595 2 1 3 1
20832 1 11711 2 1 2 1
14280 1 11926 6 1 4 1
29160 1 15901 3 1 4 1
16032 6 33387 13 3 4 1
11676 0 14498 184 184 54 44
16565 2 11676 65 65 475 474
31288 6 28201 18 18 9 9
40631 0 12856 10192 10192 6572 6570
24723 1 5785 4 1 4 1
4523 1 5616 3 1 3 1
12257 3 13172 2 1 3 1
12257 3 535 3 1 3 2
26683 0 5772 1 1 38 6
336 1 17653 3 1 4 2
1046 7 15073 35902 35780 40800 40800
1046 7 30406 8586 8470 53 53
1046 7 27214 640 526 1 1
1046 7 33079 22009 21890 17748 17748
1046 7 5787 16400 16282 16382 16382
2624 1 19875 2 1 3 1
19876 1 19875 1 1 4 1
15802 0 7902 38246 38246 29136 29132
9265 0 3141 1 1 57 6
12722 0 3141 9 9 348 295
10103 0 3141 7 7 134 82
7145 5 1658 7269 7269 12064 12052
7145 0 1669 37709 37709 32023 32017
12738 5 1658 21 21 106 95
17951 0 1658 31949 31949 23172 23166
27703 9 34293 2 1 1 1
29800 4 28661 40 39 16 16
6381 1 190 4 1 1 1
859 9 12748 2 2 6 6
30017 1 859 2 1 1 1
18820 1 11268 40796 40793 40933 40932
1823 0 4690 21040 21040 39231 39231
21777 0 6768 7076 7076 3028 3027
6768 6 21336 6 4 2 1
40091 0 4569 28399 28399 8776 8759
14867 2 741 1 1 44 1
14867 4 4956 9 9 50 48
12851 2 741 1 1 48 2
20925 1 20924 2 1 1 1
1674 1 931 1 1 1 1
34244 0 32041 37377 37377 20786 20786
40632 0 7551 30047 30047 11159 11126
14712 0 7551 55 55 468 436
2716 1 35898 5 2 1 1
40633 0 13777 40738 40738 9233 9223
37358 1 31163 1 1 2 1
11679 7 23483 17208 17201 26678 26678
7229 4 27626 20 4 11 11
22653 0 16517 17554 17554 17426 17426
16217 0 5288 29339 29339 10719 10715
2278 6 26447 234 225 2 2
24890 4 33643 87 86 16 16
32433 0 15559 31050 31050 21110 21108
22947 3 32423 329 327 75 75
23487 9 11721 2 2 1 1
15940 1 23487 2 1 1 1
23487 0 13665 33124 33124 19810 19808
18752 1 299 4 1 5 1
18752 0 8047 38837 38837 40632 40625
15683 6 19775 4 2 49 48
39821 0 33635 28 28 271 269
12743 1 17790 2 1 7 1
40634 0 28094 34396 34396 9079 9074
2256 1 14167 3 1 1 1
18933 4 20525 16 14 11 11
17224 1 10004 5 1 2 1
37117 0 6089 40899 40899 38436 38425
3733 1 37117 2 1 2 1
2521 0 8501 112 112 811 806
16781 1 14407 6 1 2 1
14716 0 14407 30539 30539 33733 33731
8270 0 36693 48 48 45 44
6368 5 4264 3 1 7 1
35387 1 19174 1 1 3 1
13187 1 18773 3 1 3 1
10051 0 11733 41 41 199 192
26059 4 39209 38 37 3 3
11003 1 3102 5 1 2 1
10718 1 11003 2 1 4 1
11003 0 12665 8323 8323 16624 16623
3102 0 37135 4 4 4 3
18521 1 21925 1 1 2 1
8854 1 7411 2 1 4 1
16381 0 23939 18 18 4 4
451 0 1929 1 1 228 11
33456 0 1929 1 1 234 14
24694 0 1929 1 1 237 14
39387 0 1929 1 1 227 11
7613 1 12661 4 1 1 1
7197 1 15448 3 1 1 1
17662 1 15448 1 1 2 1
37672 0 16158 15907 15907 3007 3007
21547 1 21546 1 1 2 1
10702 1 23017 5 1 1 1
438 1 34948 2 1 1 1
18006 4 18624 34 34 8 8
9736 0 18836 911 911 360 358
26667 1 37019 1 1 2 2
2440 0 6281 11 11 12 4
26061 1 34300 2 1 1 1
7854 1 4665 3 1 1 1
4819 4 14283 131 129 14 14
38806 0 30214 16351 16351 23549 23549
8314 1 16121 4 1 3 1
39546 0 27758 22 21 87 82
19102 2 1216 4 3 18 16
29584 1 17589 3 1 2 1
23903 0 2218 26484 26484 15963 15955
10504 6 23689 45 39 8 7
21753 1 24319 2 1 1 1
27512 2 9554 27765 27765 11683 11681
33772 0 18060 23668 23668 10308 10307
40635 0 11401 35740 35740 8449 8441
37827 0 12143 26081 26081 5383 5380
10219 1 15914 2 1 4 1
40636 0 10144 38875 38875 9160 9154
25012 1 28395 1 1 1 1
10163 1 36165 2 1 2 1
13634 1 16425 3 1 1 1
10718 1 3101 3 1 3 1
32269 4 13378 489 488 111 111
132 6 7098 40390 40363 40940 40940
132 8 30058 5134 5107 354 353
24046 2 7098 6 6 6 4
34096 2 6504 3 2 18 15
16928 1 39641 7 1 1 1
10361 0 11019 123 122 1247 1246
31941 1 1800 1135 1135 946 944
1800 1 31941 946 944 1135 1135
15215 0 10045 39049 39049 39398 39398
13118 4 38898 119 113 10 10
32650 1 7755 2 1 3 1
12467 4 34649 11 6 1 1
9896 1 18285 1 1 1 1
7667 1 12425 2 1 4 1
13792 1 1506 4 2 2 1
27011 1 15878 2 1 3 1
29234 0 35329 38483 38483 40140 40140
7943 0 10653 15240 15240 16443 16437
17967 0 7943 3 3 8 3
27950 1 7080 1 1 2 1
32191 0 30183 5762 5762 22969 22969
8067 4 31485 17 17 26 26
40637 2 3638 32663 32663 10300 10297
3845 0 33389 21 21 28 21
34507 0 1864 20 19 296 296
1864 4 25736 149 69 1 1
1864 4 34970 104 25 1 1
9467 1 9580 2 1 3 1
13612 1 17386 4 1 1 1
13700 1 35600 3 1 1 1
4329 0 8286 1147 1147 1467 1463
32613 1 25386 1 1 1 1
5658 1 17587 3 1 5 1
5658 1 6582 2 1 7 1
39787 0 127 2 2 42 5
14136 0 127 38416 38416 35082 35044
13276 1 13275 1 1 2 1
40639 0 13366 16915 16915 6126 6126
13367 1 13366 2 1 1 1
40275 5 7288 36931 36931 29803 29789
1302 0 875 37494 37494 24840 24840
1302 1 25385 4 1 2 1
875 1 12410 4 1 1 1
4494 1 89 2 1 3 1
18990 0 89 49 49 444 427
40640 0 24053 9701 9701 5179 5178
18859 1 233 1 1 6 1
12436 0 233 26398 26398 5151 5151
7065 1 30772 4 1 1 1
934 0 7065 261 261 559 559
2370 4 38227 22 3 1 1
2370 4 36484 56 36 5 5
25146 1 23224 1 1 3 1
30650 5 5167 17 17 52 34
4399 0 17631 18926 18925 32116 32114
4487 1 23828 2 1 4 1
40641 0 6889 36716 36716 8725 8721
14877 0 673 2 2 140 121
11236 1 11235 1 1 3 1
18886 1 5777 2 1 2 2
23603 1 14746 1259 1257 2609 2608
38534 6 21834 3 3 4 4
29015 4 35243 57 57 83 83
5305 9 11107 4 4 5 5
1754 1 11107 6 1 2 1
4526 0 16078 555 555 3187 3174
33020 0 17455 5 5 147 142
11439 0 3779 23905 23905 28529 28476
11995 6 27315 25333 25323 39050 39050
4069 1 10264 3 1 3 1
16543 2 7941 380 380 1127 1126
30820 4 40098 162 162 4 4
7608 6 17250 1268 1268 1078 1078
34850 0 14755 77 77 109 108
29978 0 14755 67 67 265 263
1608 0 27044 13 13 6 3
21522 0 4706 11800 11800 3171 3171
21523 1 21522 1 1 3 1
18705 1 10129 3 1 3 1
4870 4 23128 218 200 63 63
7327 1 28238 1 1 1 1
34202 0 26992 130 130 192 192
36557 0 6350 1 1 15 9
35418 1 29484 2 1 1 1
7541 0 4367 27460 27460 27291 27262
11932 4 32067 23 9 4 4
10275 0 17996 16426 16426 18743 18740
39456 1 19704 1 1 3 1
18323 0 586 3 3 655 576
13562 0 586 66 66 7544 7464
4417 1 586 2 1 5 1
7278 1 586 1 1 6 1
27593 1 12739 1 1 2 1
12739 1 21738 4 2 3 1
12654 0 8574 16 16 148 147
9238 1 23492 4 1 2 1
31611 0 7155 4194 4194 719 714
7156 1 7155 2 1 2 1
7155 0 32985 872 872 2033 2031
16869 0 14047 7517 7517 4844 4841
2512 1 11785 1 1 6 3
11088 1 10937 2 1 4 1
28051 4 23671 88 88 288 288
20731 0 20684 9523 9523 22840 22839
4385 1 3236 1 1 7 1
9432 9 1667 3 1 2 1
9432 0 10503 30092 30092 37088 37088
40643 2 3999 40912 40912 11828 11790
40646 2 3999 40910 40910 11367 11331
40743 2 3999 40913 40913 11766 11729
40711 2 3999 40914 40914 12242 12201
40755 2 3999 40911 40911 11899 11860
12237 1 7953 3 1 4 1
25278 1 37411 3 1 1 1
408 4 23469 9 7 7 7
1148 0 17366 23459 23459 12219 12211
7956 0 627 2 2 6 6
9729 1 6968 1 1 8 1
24511 0 1344 5 5 9 9
27740 0 26327 2 2 7 2
7986 8 7255 35001 34995 35779 35779
7381 1 25502 5 1 1 1
2902 1 11262 9 1 4 1
9042 1 10887 4 1 5 1
9043 1 9042 3 1 5 1
6541 9 6540 1 1 1 1
40644 0 9111 40087 40087 8874 8868
26375 1 21045 1 1 2 1
1257 1 11847 2 1 2 1
19650 1 21679 3 1 1 1
4031 1 5234 8 1 2 1
40645 5 20085 27615 27615 7624 7623
12097 1 7899 2 1 5 1
12097 1 15381 3 1 2 1
15381 6 27596 17 15 11 10
3911 1 3910 1 1 2 1
6582 1 4443 5 1 4 1
16646 1 30805 6 2 9 7
37036 1 4229 33496 33496 13516 13512
12072 6 37740 5 2 1 1
2007 2 12273 1 1 48 1
11567 0 73 28138 28138 38082 38071
10875 0 11567 40687 40686 15724 15724
18947 5 73 21553 21553 39405 39346
40724 5 73 4 4 10365 10308
27976 1 38676 1 1 1 1
33023 4 28124 52 51 9 9
21030 1 8155 2 1 1 1
27238 5 13249 35 35 1829 1814
5870 1 5622 3 1 8 6
5622 1 5870 8 6 3 1
27901 0 19859 34 34 21 20
40662 0 19859 20391 20391 5583 5581
31613 0 29521 592 592 1808 1807
17378 0 6050 3 3 6 5
40155 5 4554 524 524 9187 9179
40527 0 7268 31121 31121 7428 7420
14066 1 11728 1 1 7 1
26527 1 20615 3 1 3 1
33593 9 20131 2 2 3 2
27280 1 21426 1 1 2 1
3040 1 17693 2 1 2 1
25658 0 485 31427 31427 26581 26580
18469 5 129 1 1 63 19
28264 2 19665 2 1 4 2
27241 5 5742 3 3 23 3
5026 0 25220 40942 40942 40931 40928
11821 0 23942 4 4 4 3
28145 0 21469 28296 28296 1976 1976
36421 0 23934 10559 10559 20874 20874
5784 1 37926 6 1 1 1
10931 6 4938 1453 1452 2920 2920
1857 6 34576 319 286 37 37
1857 8 29220 412 401 54 54
11116 1 11115 2 1 2 1
3144 1 34206 2 1 1 1
29262 1 30989 1 1 1 1
1904 0 13709 4538 4538 438 419
10949 1 12159 4 1 4 1
10852 1 10851 1 1 1 1
38604 0 9315 40613 40613 35265 35263
40648 0 20404 38969 38969 7774 7772
455 10 12842 1 1 1 1
5537 6 32458 8274 8274 13009 13008
3621 1 28895 16 1 1 1
4946 9 20388 4 4 3 3
37381 5 2404 1 1 101 38
18509 5 2404 89 89 7357 7293
34190 0 4417 15185 15185 16244 16240
7826 1 7825 1 1 1 1
7825 1 29516 2 1 1 1
10788 1 10787 2 1 2 2
13090 1 23239 3 1 2 1
21630 1 3350 2 1 2 1
40681 0 21630 35404 35404 6493 6492
40020 1 27893 2 2 2 2
192 0 3182 40814 40814 40316 40268
40659 0 3182 39415 39415 11539 11492
25380 1 34263 3 1 1 1
40649 0 16215 25912 25912 6413 6412
40446 1 23732 5 5 33 30
23732 1 40446 33 30 5 5
34086 6 5206 19 19 2 2
2858 0 20996 16 16 5 2
18116 0 20996 28 28 49 45
10925 1 12946 2 1 3 1
29210 0 28005 20711 20711 14896 14893
27124 0 25522 1364 1364 5047 5043
12679 0 25522 5830 5830 1750 1747
40650 0 7972 39928 39928 9990 9973
637 8 34610 5089 5066 6364 6364
8063 1 12534 6 1 1 1
18731 1 18730 2 1 1 1
20947 2 909 2 1 10 4
1431 4 36937 16 2 11 11
15092 4 39339 2879 2875 50 50
8626 1 17737 2 1 1 1
8142 0 267 30160 30160 26866 26843
13601 0 267 38135 38135 37876 37852
4749 1 3012 3 1 4 1
34451 0 4286 27584 27584 10326 10317
19033 0 4286 26584 26584 9229 9221
4562 1 2073 4 1 6 1
2073 0 12505 15 15 13 6
31431 0 724 32310 32310 26534 26515
38103 0 724 37476 37476 26213 26195
40654 0 724 37942 37942 10520 10503
16201 1 29447 3 1 1 1
5631 1 37242 3 1 1 1
8758 0 904 31721 31721 23001 22988
4273 0 20274 38224 38224 40921 40920
7509 1 28460 2 1 1 1
24248 1 26008 28 28 68 66
16580 0 4596 7309 7309 9000 8927
31450 0 4596 35 35 787 715
26018 2 7003 24494 24494 7476 7475
27767 0 33139 8 7 15 15
11803 1 3063 6 1 4 1
40671 0 11803 38016 38016 8739 8738
8515 0 9557 4 4 39 19
30217 4 31100 11 4 7 7
149 0 8325 253 253 1369 1358
16886 0 8325 140 140 1149 1139
6021 3 6419 5252 5252 4192 4192
8937 1 15399 3 1 3 1
15399 0 15413 27368 27367 32422 32421
16850 0 2816 34023 34023 7113 7102
1495 1 1496 3 1 1 1
22266 1 13419 2 1 1 1
4036 6 25770 3 1 2 1
9661 1 35820 7 1 1 1
33793 5 226 37641 37641 15718 15708
7617 0 3106 13 13 17 17
25454 0 8768 31213 31213 33122 33122
40652 0 19798 12930 12930 7130 7128
12951 1 6835 3 1 3 1
13042 1 35270 2 1 1 1
22965 1 29226 4 1 1 1
27680 4 33739 6 5 4 4
1899 1 12199 2 1 2 1
28178 1 1166 2 1 3 2
7900 0 1166 39238 39238 39283 39273
23262 6 32818 1516 1515 1382 1382
5593 6 11394 26766 26763 39537 39537
8267 1 5593 1 1 1 1
3044 1 2035 6 1 4 1
3044 1 16109 8 1 2 1
21419 4 26177 313 312 239 239
21419 4 31110 39388 39386 38677 38677
13244 1 13243 2 1 1 1
29344 0 8327 39383 39383 27777 27767
33450 4 37712 334 334 184 184
35194 4 34100 1285 1283 232 232
40655 0 9708 39524 39524 10844 10835
11987 1 24184 2 1 2 1
40067 0 28616 23044 23044 22007 22007
11962 0 5446 2 2 20 2
40656 0 23923 24453 24453 7096 7094
17906 1 39780 1 1 1 1
12010 0 12867 12 12 7 7
27741 0 9592 40467 40467 35612 35602
31815 0 20618 5647 5647 2041 2040
36783 1 30240 1 1 2 1
18655 0 7908 40346 40346 37241 37239
6243 1 7908 2 1 11 4
24740 1 21889 1 1 1 1
4775 1 10634 2 2 4 2
25665 0 1971 38043 38043 31555 31544
1669 3 13851 90 85 52 52
2025 6 7292 15700 15698 18243 18243
14912 1 32715 4 1 1 1
12038 0 38396 1395 1395 302 302
35926 5 7786 14058 14058 25956 25936
825 4 18445 28 17 12 12
40657 2 26386 29655 29655 9846 9846
20788 1 2698 3 1 2 1
11974 1 28533 3 1 2 1
40658 0 20524 34365 34365 7198 7196
30364 0 7177 29373 29373 24154 24148
17270 0 3160 24 24 35 19
29793 0 3160 30078 30078 4762 4745
23134 2 3167 11382 11381 6267 6245
11450 0 3167 10 10 59 48
12666 8 16098 21976 21967 28719 28719
12666 8 36039 6415 6407 7316 7316
31571 0 30708 38684 38684 35996 35994
5912 1 2368 3 1 4 1
31386 1 8649 1 1 1 1
982 1 215 3 1 5 1
33373 0 6364 2578 2578 3089 3085
13857 6 25567 40234 40234 37784 37784
13500 0 351 2 2 126 3
22904 0 351 2 2 571 446
28665 0 351 4 4 129 5
40717 0 351 37497 37497 11736 11610
18938 0 5892 2576 2576 927 920
16099 1 26369 2 1 1 1
2721 9 2720 1 1 1 1
24582 0 15825 35236 35236 33393 33388
32819 1 28176 1 1 2 1
36852 4 37506 56 56 50 50
2214 0 15911 20309 20309 22003 22003
4259 1 4258 1 1 3 1
257 1 24309 2 1 1 1
4917 0 9090 1 1 3 2
9090 1 14439 2 1 5 1
20691 0 1251 5 5 16 12
27447 1 14144 1 1 2 1
40664 0 2231 40764 40764 11691 11662
16037 0 2231 2987 2987 834 806
13008 1 27465 2 1 2 1
11452 0 25129 2755 2755 2478 2474
231 0 1467 27284 27284 13141 13098
3531 0 28084 22606 22606 40506 40506
3531 1 4181 2 1 2 1
6594 1 4528 1 1 4 1
19437 0 14525 27384 27384 29041 29006
8031 0 14791 3168 3168 7782 7771
31367 1 1787 1 1 2 1
9853 1 760 7 1 2 1
27431 0 39165 27010 27010 15915 15915
36977 0 5846 1 1 33 4
3013 0 40092 165 164 293 292
2724 4 36323 44 14 1 1
7159 4 9738 437 434 24 24
38226 0 6849 3 2 11 6
4087 3 16968 4 1 4 1
4087 3 4129 6 1 5 1
31274 1 31273 1 1 1 1
5582 1 25676 9 1 1 1
25982 1 16758 1 1 4 1
16758 1 25203 3 1 2 1
1131 4 12184 62 13 3 3
22246 0 24779 9878 9878 10143 10141
15361 6 28949 37550 37550 38871 38870
36223 0 8406 34549 34549 29758 29748
1772 8 35641 29165 29164 27113 27113
1772 8 37471 4294 4294 1308 1308
8336 2 1773 1 1 37 1
19749 1 22236 1 1 1 1
36152 0 33158 109 109 3034 3033
9803 4 33158 203 200 156 156
31178 6 27506 14 12 11 10
19480 0 22889 40923 40923 40933 40933
1803 1 3108 5 1 3 1
3108 0 30670 1288 1288 606 604
23633 1 27801 3 1 2 1
10997 5 6030 33 33 136 134
10997 1 30683 3 2 1 1
4151 6 35893 11 2 1 1
21421 3 7727 2 1 2 1
8947 4 25382 137 135 20 20
28887 1 2749 2 1 7 1
30602 0 7963 37021 37021 27195 27190
28803 1 7236 1 1 1 1
17376 6 18797 12 1 2 2
18797 6 7347 209 205 129 129
4486 1 6243 9 1 1 1
38461 0 30319 600 599 774 770
10089 1 7989 1 1 10 1
12058 1 2312 1 1 10 1
8268 1 5633 3 1 2 1
40666 0 16421 6977 6977 4839 4839
18179 9 5219 1 1 3 3
10733 1 1830 7 1 4 1
433 1 15766 2 1 3 1
30942 1 704 1 1 2 2
11977 0 6276 2496 2496 3449 3443
40667 0 25385 27768 27768 8139 8135
17801 0 24596 15287 15287 12604 12603
36884 0 4188 39592 39591 15016 15016
10301 0 9082 151 151 599 597
15234 6 20190 11 11 40 37
31040 1 34714 2 1 2 1
23336 0 36235 5350 5350 2682 2682
33510 1 34163 2 1 1 1
14971 1 14960 1 1 1 1
17273 0 4918 11599 11599 2077 2076
30507 0 542 3 3 23 11
30659 0 542 5 5 50 37
21349 4 34315 469 469 332 332
7012 1 7012 33880 33880 33880 33880
6351 0 5112 23 23 38 37
29074 1 29073 3 1 1 1
21454 1 39437 2 2 1 1
4178 6 21454 6076 6075 5778 5778
33809 1 29402 1 1 2 1
24898 0 7415 33961 33961 18148 18128
808 1 807 2 1 2 2
22710 0 22555 215 215 2053 2052
10110 1 18587 1 1 3 1
18587 0 20875 11590 11590 11925 11917
16329 1 3909 4 1 2 1
1432 4 8490 32 17 28 28
16905 1 10533 2 1 2 1
9956 1 2505 1 1 2 1
22993 1 6303 3 1 2 1
17529 1 8542 2 1 5 1
18744 0 6242 8142 8142 10980 10975
40668 0 881 25031 25031 8569 8565
23982 1 23981 1 1 1 1
40669 0 14189 34633 34633 9089 9087
5759 1 26443 3 1 1 1
24585 2 10398 10 10 689 664
14448 1 10398 2 1 2 1
28412 0 37012 30534 30534 33786 33785
6886 1 32873 2 1 2 1
9765 0 19420 10 10 6 5
1752 1 9904 3 1 2 1
20473 1 13402 2 1 3 1
39769 1 25538 7 7 12 12
25538 1 39769 12 12 7 7
21180 6 11296 7 6 25 24
4128 1 25065 1 1 1 1
40670 0 14798 35256 35256 7681 7679
40670 6 40706 1067 1067 1280 1280
6066 0 11939 24310 24310 29324 29315
24884 4 6439 40 40 55 55
26927 1 4813 2 1 3 1
12620 6 33079 5978 5978 10830 10830
23142 1 23141 2 1 1 1
2112 1 15204 3 1 2 1
31063 4 40391 13 13 5 5
23817 1 38036 2 1 1 1
35101 0 20547 40823 40823 40223 40221
34252 0 7906 24311 24311 18695 18694
6576 6 15513 1782 1782 4238 4237
2696 1 307 5 1 2 1
2831 0 2696 39231 39231 38165 38154
1570 1 15541 4 1 4 1
2232 0 35643 17692 17692 39704 39704
4771 4 1369 262 209 272 272
4771 4 10898 40056 40002 40891 40891
25079 0 1369 498 498 10979 10977
19764 0 29317 31909 31909 31935 31934
30894 0 2657 1 1 13 7
30894 1 30893 1 1 2 2
35465 2 9450 200 200 1243 1233
27198 0 19507 673 673 382 376
9577 1 18755 2 1 2 1
9577 1 2300 1 1 6 1
6591 1 15671 1 1 2 1
40674 0 19768 11807 11807 4543 4542
2835 1 10762 3 1 2 1
40036 0 8241 16096 16096 9816 9816
15566 4 17079 169 164 4 4
38115 1 37110 2 2 2 2
35182 1 26668 1 1 4 2
8887 0 10579 368 368 346 345
39995 0 13740 239 239 2313 2309
5336 1 2296 5 1 3 1
1528 1 2296 4 1 2 1
34557 0 26 20976 20976 5656 5654
12745 1 18647 3 1 2 1
7997 1 15740 3 1 2 1
7489 6 25346 729 723 51 51
22264 0 6890 26476 26476 31306 31305
21341 1 26384 2 1 2 1
130 5 1981 1500 1500 20303 20248
18980 1 21881 5 1 3 1
18980 1 12859 4 1 2 1
40438 4 2459 27901 27900 12739 12739
2459 0 22692 4395 4395 4634 4633
32399 6 35294 9 9 29 29
16433 0 15675 840 840 132 130
18645 1 19846 7555 7554 799 797
1831 1 13620 3 3 1 1
27640 0 35564 23822 23822 35443 35442
28049 2 12715 5276 5276 8913 8897
34427 0 119 430 430 1434 1396
38238 0 119 2 1 41 5
14129 1 14128 1 1 1 1
16455 0 30527 5 5 10 8
22880 0 2807 8232 8232 13570 13565
5517 1 8571 2 1 3 1
31628 0 6776 1050 1050 1074 1065
14732 0 6776 29339 29339 25092 25082
1395 1 10603 4 1 1 1
26249 1 1851 1 1 2 1
21189 1 25948 4 1 2 1
30647 0 1326 40932 40932 39179 39163
10370 0 1326 40497 40497 30036 30021
25930 4 10103 56 50 5 5
39271 2 916 3 2 371 227
39473 2 916 1 1 681 534
33293 2 916 2 1 251 110
13451 2 25375 15 15 93 91
1346 1 6170 4 1 5 1
2261 4 14320 70 53 49 49
1705 6 39241 25 18 4 4
858 4 23688 33 32 63 63
11337 0 13858 643 643 1276 1270
36322 0 427 43 43 366 294
28974 0 4885 17384 17384 6559 6549
23365 6 15758 3 3 10 10
11547 1 11546 4 1 1 1
32755 0 697 1 1 6 1
7568 1 7567 1 1 1 1
21710 0 5678 417 417 203 199
33405 0 5891 12697 12697 3916 3913
19993 6 40676 7628 7625 9431 9431
8878 1 6111 1 1 3 1
11299 0 8050 31575 31575 21499 21495
6501 1 6500 1 1 2 2
9095 0 6138 33182 33182 32679 32664
29324 0 5429 2821 2821 3351 3351
28608 4 27634 27390 27390 16588 16588
25947 1 30204 2 1 5 1
8835 6 24716 4076 4067 10461 10461
31000 4 5709 49 46 6 6
14357 0 30076 10 10 60 60
15636 1 14742 2 1 3 1
8343 1 5855 2 1 4 1
13930 0 14302 2 1 11 6
6188 4 19609 20 4 2 2
30806 1 21229 1 1 2 1
21465 1 2680 1 1 4 2
5567 0 3263 37515 37515 40064 40053
1114 0 3263 23427 23427 15226 15216
15163 1 28250 4 1 1 1
24491 0 21806 36144 36144 37266 37266
13957 0 21517 18581 18581 25398 25397
26206 0 1852 107 107 572 523
31320 0 1852 3 3 51 4
35402 0 1852 17575 17575 23098 23047
17351 0 1852 10 10 189 141
12201 4 35651 16 11 2 2
26615 1 23283 2 1 2 1
38530 0 8201 35820 35820 6860 6847
26273 0 19179 40381 40381 40588 40588
31727 0 26208 4 4 15 14
14610 4 22269 243 241 68 68
6596 1 29722 2 1 1 1
35251 4 10622 3641 3641 3328 3328
33036 1 22694 2 1 4 1
9486 3 22694 9805 9801 22910 22910
7279 1 30681 6 2 9 6
30681 1 7279 9 6 6 2
35732 0 7738 6 5 19 18
6160 1 6159 2 1 1 1
40678 0 38900 26248 26248 5285 5285
12283 1 12051 3 1 2 1
20982 0 18646 1 1 5 3
9855 6 9449 13031 13006 36294 36293
8464 1 26186 5 1 1 1
36328 0 27331 15 15 172 166
28307 1 1781 1 1 5 1
22552 0 40034 7874 7874 3980 3980
40679 0 762 38660 38660 6898 6895
40680 0 38335 23344 23344 3699 3699
8103 1 9200 6 1 2 1
22832 5 2978 1 1 75 8
14475 5 2978 46 46 1270 1201
30111 0 9494 7 7 22 12
29085 1 18188 2 1 2 1
16374 0 151 565 565 1885 1878
40682 0 8093 39134 39134 10199 10172
7574 4 40009 169 167 5 5
40683 0 17911 37777 37777 7276 7273
7705 4 24544 13 7 3 3
31888 0 115 3132 3132 5854 5838
115 1 10641 8 1 2 1
9351 1 17202 2 1 4 1
728 1 727 5 1 3 1
31869 5 18855 39891 39891 22237 22224
38772 5 18855 40699 40698 35993 35979
33573 1 10115 1 1 2 1
6813 1 5176 3 1 3 1
30270 1 25946 1 1 2 1
23870 1 10884 131 129 7 6
40110 4 30283 14 14 5 5
39171 0 8786 6485 6485 1357 1353
13098 1 17229 8 1 2 1
9972 0 7945 1167 1167 1092 1070
2006 0 13976 3345 3345 3328 3326
21615 1 20726 4 1 1 1
35582 4 39566 759 759 750 750
14559 1 1815 2 1 3 1
35120 4 2143 328 325 31 31
15991 1 12504 1 1 4 1
6429 1 22011 3 1 1 1
5547 0 10707 2564 2564 17823 17797
11434 0 10707 42 42 764 740
8030 1 4592 4 1 2 1
19180 0 7178 26421 26421 32776 32774
20863 1 24708 3 1 1 1
32763 0 11178 27547 27547 5920 5920
20883 2 3869 7365 7365 21186 21154
35373 2 3869 4 4 101 72
20259 1 28121 2 1 3 1
1015 1 24451 2 1 2 1
3316 2 13606 173 172 25 22
24587 2 13606 1821 1818 99 95
36313 1 28400 1 1 1 1
4016 1 4015 4 1 1 1
6051 1 9303 2 1 3 1
22179 0 25743 23239 23239 10771 10768
37112 0 3027 22291 22291 12012 11960
16612 0 3027 1101 1101 1968 1917
23303 0 3027 40861 40861 39164 39110
40685 0 14898 19124 19124 9736 9718
3073 1 5623 3 1 2 1
40686 0 15810 13238 13238 4493 4493
30554 1 16575 2 1 3 3
5024 1 5023 1 1 4 1
5023 1 14075 5 1 1 1
10386 0 32386 3 3 5 5
7372 1 7371 2 1 1 1
5715 1 7372 3 1 1 1
29949 1 15424 1 1 2 1
5878 6 40688 8032 8032 22561 22561
4191 5 15351 35255 35255 38740 38734
2940 1 4191 4 1 5 1
25827 1 12437 1 1 1 1
1272 3 28165 32176 32176 36537 36537
14132 0 1272 3310 3310 1775 1758
4011 1 4010 2 1 2 1
4845 1 28045 3 1 2 1
5366 1 30121 3 1 2 1
4481 0 726 34674 34674 32101 32099
40457 0 20078 1 1 6 4
30688 0 343 149 149 362 361
18211 1 9926 2 1 3 1
2626 1 38942 463 460 456 456
40689 0 5724 39649 39649 9832 9828
37366 5 7581 47 47 1955 1940
11382 1 32851 7 6 3 3
5088 1 16447 2 1 2 1
17053 4 35164 21 20 1 1
31043 0 2411 3 3 30 16
14198 9 19677 3 3 4 2
16831 1 10331 3 1 7 1
21138 1 1713 2 1 3 1
3171 1 5790 7 1 2 1
21991 1 8254 4 1 2 1
35908 0 25798 44 43 42 39
12857 1 5476 4 1 5 1
35252 0 17711 11830 11830 4959 4956
28389 0 14982 3 3 24 13
31024 4 31588 40335 40330 40913 40913
9654 1 29009 5 1 1 1
4563 1 25251 6 1 1 1
18116 4 20686 222 216 231 231
16060 0 3587 23080 23080 13121 13119
3587 4 8188 5078 5073 2001 2001
27481 1 2605 4 1 1 1
15624 0 36918 24164 24164 28257 28255
1577 1 15781 10 1 1 1
15666 1 17997 2 1 1 1
28302 4 39471 48 46 15 15
33415 5 5247 6230 6230 9300 9293
3684 6 39371 402 374 5 5
25710 1 27965 3 1 2 1
7053 1 421 3 1 2 1
40691 0 15594 6565 6565 4293 4293
32417 0 5874 1 1 16 5
11643 1 2947 2 1 4 1
10227 0 3024 26663 26663 26869 26866
27766 1 28521 2 1 1 1
38480 1 3659 1 1 2 2
9606 4 26316 1673 1673 612 612
29309 4 40692 4274 4274 16165 16165
14773 1 27094 1 1 3 1
22485 1 22609 3 1 4 1
30461 1 30460 1 1 1 1
12623 6 21249 7054 7052 27662 27662
26639 1 20503 1 1 2 1
33655 1 17423 1 1 2 1
19226 0 11808 3 3 28 23
26110 0 11232 39 39 179 174
40694 2 593 40789 40789 12006 11981
21150 0 15854 1084 1084 783 764
28268 0 11999 11018 11018 4828 4820
17580 0 904 12 12 54 43
40695 0 14893 37567 37567 8197 8193
34842 4 40695 6563 6563 2431 2431
14185 1 14184 2 1 2 1
8884 1 14612 8 1 2 1
16510 1 200 3 1 6 2
15432 1 18001 1 1 2 1
32997 1 13791 1 1 1 1
303 0 17950 150 150 454 454
33519 0 27346 12 12 95 95
15824 1 15823 1 1 2 1
14165 0 3327 142 142 325 323
14338 1 7944 2 1 4 1
37789 0 249 7 7 449 405
35878 0 20973 1393 1393 12395 12392
4738 4 12512 290 290 4671 4671
35985 0 8123 6110 6110 4453 4446
5272 0 10613 40659 40659 37260 37249
40696 0 8840 19566 19566 8552 8544
16619 1 25469 2 1 1 1
3348 5 666 1 1 28 1
2132 1 13176 2 1 3 1
34276 0 2321 3 3 9 9
19794 1 2321 2 1 3 1
9342 1 14083 4 1 2 1
30825 0 38668 29049 29049 18760 18759
6424 6 12616 50 42 18 18
21004 0 4962 36116 36116 19169 19143
22132 0 4962 14990 14990 3527 3502
40697 0 11827 14576 14576 6716 6714
30574 4 31725 337 336 131 131
12558 4 21580 30 27 193 193
37995 5 5095 82 82 438 435
24376 1 9395 3 1 2 1
39499 4 35831 1191 1191 455 455
11463 0 14752 34 34 35 23
33818 0 14752 37 37 39 26
22715 4 4266 19219 19219 25893 25893
12505 0 4123 493 493 3420 3385
33279 0 5569 14224 14224 19322 19322
9991 0 34008 1 1 1 1
4175 4 38868 18 12 1 1
35323 0 27596 34378 34378 30633 30629
631 1 24226 5 1 3 1
14963 1 13720 1 1 8 1
17000 1 13720 2 1 6 1
39297 0 2168 2 2 9 2
16002 1 2168 4 1 4 1
29934 4 38843 183 183 13 13
33092 1 31136 1 1 2 1
27031 1 13986 2 1 2 1
35263 0 1655 33237 33237 31430 31429
2450 0 4469 37365 37365 35363 35350
1578 1 40178 21462 21460 39939 39939
26605 6 3123 22573 22573 8736 8715
11250 0 7751 29469 29469 33546 33535
20723 1 6065 5 2 5 1
12012 4 26621 128 123 148 148
20541 1 6096 1 1 4 1
10408 1 6096 3 1 2 1
33794 1 19512 1 1 2 1
13633 0 19626 36770 36770 22036 22036
1586 0 13633 3274 3274 9428 9426
24020 1 24180 1 1 2 1
20628 0 13346 28257 28256 16621 16611
40698 0 2446 13338 13338 8640 8635
21278 1 21277 2 2 2 2
25474 4 40699 8119 8118 3166 3166
19291 0 8918 27388 27388 27297 27293
31396 0 14136 3 3 173 164
28894 1 584 96 96 209 207
8779 1 8778 3 3 2 2
29462 1 21665 3 1 2 1
8023 1 11230 3 1 2 1
20159 4 19474 7629 7627 4287 4287
21179 1 22813 3 1 2 1
35310 0 20208 9683 9683 664 655
9322 1 30070 2 1 3 1
10417 1 2419 4 1 2 1
22334 0 18443 28739 28738 26359 26358
14787 0 3443 254 254 1270 1259
16795 0 14750 50 50 74 64
40701 0 16348 30751 30751 5558 5557
40702 0 33675 4735 4735 5451 5450
6409 0 21362 314 314 392 388
623 1 17904 3 1 1 1
17904 1 2054 26322 26321 6165 6165
9574 1 9573 2 1 1 1
15060 1 20539 2 1 2 1
6048 0 5381 9 9 20 10
23163 0 30710 539 539 767 766
29611 1 5237 4 1 1 1
1028 0 8309 572 572 1987 1982
23172 1 8309 1 1 13 1
14353 1 19003 3 1 4 1
22019 0 2903 3 3 14 3
20023 0 1165 9068 9067 13932 13929
34338 0 36445 24434 24434 11797 11796
5001 0 17736 8024 8024 9548 9548
36419 1 3674 1 1 6 1
11263 1 23301 4 1 1 1
29082 0 26351 33352 33352 22241 22236
21660 1 26299 1 1 1 1
39966 0 18719 25290 25290 26766 26762
18720 1 18719 1 1 2 1
2930 6 272 39335 39327 39943 39941
3518 4 27027 34 19 1 1
36416 1 20761 35553 35553 15666 15664
20761 1 36416 15666 15664 35553 35553
33109 0 24935 123 123 50 49
6793 1 10304 1 1 4 1
40704 0 6614 39738 39738 10719 10695
40751 0 6614 39800 39800 10997 10972
16139 0 4350 38431 38431 38871 38866
21940 1 23937 1 1 1 1
19960 0 16266 1514 1514 713 691
1845 1 8269 2 1 3 1
232 0 2648 17 17 6 3
232 6 17789 20115 20109 27283 27282
34270 0 18015 28981 28981 37503 37503
24712 1 7631 1 1 1 1
3631 0 37202 16836 16836 24504 24503
18106 4 23302 11952 11952 15713 15713
3465 3 3464 3 1 3 1
9643 1 9642 2 1 3 1
34133 1 9643 1 1 4 1
670 1 2513 1 1 4 1
37205 0 39503 21988 21988 9515 9515
28259 0 36836 25114 25114 39320 39320
20126 1 16918 3 1 5 1
40272 0 692 3 3 94 70
17173 1 12824 2 1 2 1
7115 1 24859 1 1 1 1
11393 0 1590 1460 1460 3349 3326
37412 0 7056 13096 13096 12269 12254
36021 1 20995 1 1 4 3
10424 1 10423 1 1 3 1
33501 1 10423 2 1 4 1
29780 6 3760 31142 31141 17989 17989
7736 1 25350 1 1 2 1
12655 1 815 6 1 3 1
31370 1 144 2 1 1 1
1978 0 3730 1 1 2 2
32261 0 11924 25 25 43 43
8487 1 9673 79 76 206 203
33428 0 37409 25182 25181 33392 33392
23396 4 40705 5231 5230 3698 3698
29953 1 14896 1 1 7 1
14276 1 38742 2 1 1 1
7473 0 19431 18419 18419 10002 10002
5693 1 7319 1 1 3 1
22815 1 22814 1 1 2 2
34547 0 3323 34583 34583 23664 23655
4061 1 5748 2 1 3 1
20917 0 2366 27476 27476 35013 35013
7818 4 6043 33 15 16 16
6955 1 1022 3 1 4 1
7183 1 7182 2 1 1 1
12394 4 39269 172 171 223 223
27586 1 5584 1 1 2 1
18452 4 28455 143 143 16 16
4573 1 32597 2 2 1 1
15943 0 16708 3316 3316 1043 1038
8780 4 40707 4105 4105 5840 5840
40707 0 6292 35520 35520 9931 9921
27923 4 37614 27401 27401 24745 24745
26268 4 38287 1874 1873 1995 1995
28859 0 2729 14 14 51 47
23556 0 15588 8724 8724 3636 3636
844 1 6913 4 1 2 1
3714 3 3713 4 2 4 1
40708 0 33878 14899 14899 6858 6856
3153 1 37241 1 1 1 1
17086 1 12044 1 1 2 1
30713 0 4685 1 1 5 3
40709 0 1639 40199 40199 9129 9121
38976 0 16196 3 3 34 33
26147 0 11192 27969 27969 13627 13612
19874 0 11192 37093 37093 17128 17112
37730 0 19526 485 485 27 25
39748 1 19526 1 1 1 1
10389 4 6632 3028 3026 5422 5422
27700 1 2941 2 1 7 4
32864 0 15383 24159 24159 14365 14363
7665 4 35503 138 133 8 8
25037 0 18558 33095 33095 16965 16965
37968 1 6086 689 689 5682 5682
6703 0 23635 7115 7115 22827 22827
38553 0 1373 11 11 85 84
22107 6 36069 54 46 13 12
11759 6 5497 29 18 1 1
466 6 30194 29 20 6 6
7675 1 17823 7 3 2 1
17457 1 2429 4 1 7 1
37969 0 15954 1 1 5 3
4042 6 39726 1183 1180 122 122
19544 3 34567 2 1 1 1
31729 1 3925 1 1 2 1
40714 0 39507 10141 10141 5319 5319
13043 2 3943 1 1 32 1
39320 5 3785 39875 39875 19305 19287
5403 0 4108 799 798 3972 3970
31478 0 40396 1229 1229 2349 2348
40715 0 1096 37254 37254 9025 9015
2298 4 26266 6 2 1 1
40716 2 475 39285 39285 12567 12496
40733 2 475 39262 39262 12395 12325
25107 0 30236 21014 21014 25516 25515
10318 4 6623 47 43 15 15
21098 1 21097 1 1 1 1
34757 4 36292 33649 33647 32446 32446
19146 6 27617 5 5 6 5
27617 6 21541 28843 28842 18402 18402
14760 4 27348 244 243 13 13
10785 1 16980 2 1 2 1
1004 0 1686 253 253 2352 2345
13693 1 30628 2 1 3 1
31488 0 7029 38922 38922 35178 35175
16602 0 35398 34178 34178 38482 38480
7891 6 22902 9694 9690 2847 2847
5150 2 2183 1 1 32 2
21014 4 39330 58 58 38 38
16843 0 9525 11 11 13 10
30301 1 6458 1 1 2 1
5932 1 19763 6 1 1 1
34016 0 13638 24767 24767 10358 10358
14792 6 38688 3843 3843 38135 38135
11527 1 2829 3 1 2 1
13560 3 17390 5 2 3 1
40719 0 25292 2941 2941 7268 7266
11686 1 38080 7 1 1 1
15813 1 17303 2 1 1 1
40720 0 23562 22928 22928 8955 8950
19157 1 25047 2 1 1 1
11385 6 39678 13 7 2 2
4598 1 20481 3 1 3 1
26627 1 1342 2 1 2 1
14695 1 32594 2 1 1 1
31643 0 31691 30633 30633 38314 38313
16937 1 1926 2 1 2 1
40258 5 3918 26202 26202 10682 10664
33104 0 26721 4 3 2 2
27613 1 9676 3 1 3 1
6220 1 1968 1 1 4 1
26510 0 2560 626 626 670 661
19107 0 2131 4 4 8 6
1756 0 28697 24189 24189 24379 24379
12466 4 10233 33 13 17 17
28212 0 14013 4 4 8 2
34431 4 11843 382 381 43 43
3493 1 22156 8 1 2 1
40721 0 716 40686 40686 11511 11472
29284 0 1288 14459 14459 16603 16579
7360 1 28378 4 1 1 1
767 0 17590 14856 14856 29456 29448
6412 1 5869 1 1 3 1
15973 1 13531 2 1 2 1
35747 2 24388 8 8 177 177
25937 5 17856 212 212 4105 4097
14618 1 12003 2 1 1 1
35356 6 34036 24622 24622 22229 22229
1617 1 1616 2 1 2 1
1616 1 8901 1 1 3 1
17153 4 23170 74 74 10 10
24509 1 3374 1 1 4 1
31535 0 7656 38487 38487 19260 19244
37264 0 6538 40214 40214 37784 37779
20946 0 6538 22190 22190 22390 22386
2893 1 11706 7 1 3 1
40722 0 28479 36605 36605 7572 7572
14723 1 19646 3 1 3 1
39290 4 23003 106 106 130 130
9441 1 1130 4 1 2 1
37823 0 4500 19454 19454 31985 31983
37109 0 38181 14197 14197 28183 28182
31981 4 38538 1203 1202 2621 2621
29529 1 32020 1 1 2 1
32020 1 15386 1 1 2 1
2228 1 13955 5 1 3 1
17896 4 37233 16811 16810 16809 16809
29893 4 38282 282 281 201 201
38316 0 23713 1 1 3 2
25374 0 17209 10924 10924 17625 17623
11080 0 12720 1952 1952 8840 8830
32958 1 4855 2 1 5 1
1278 0 34927 540 540 2460 2458
37041 0 26960 494 494 2831 2829
3705 1 3704 6 1 1 1
30370 5 12413 3 2 9 6
13830 1 35079 5 1 1 1
35283 0 30108 28711 28711 12991 12990
5914 0 16686 39382 39382 38388 38386
14389 1 3261 2 1 1 1
21961 1 1473 2 1 2 1
13380 0 19861 553 553 363 359
7110 0 11813 27607 27607 28222 28219
11813 1 1114 8 1 1 1
23228 1 34145 2 1 1 1
2147 0 3510 627 627 886 884
35350 4 39634 294 294 2134 2134
35857 1 7386 2 1 3 1
6371 6 37307 3714 3710 6565 6565
18800 0 13840 7936 7936 13121 13117
5481 1 6581 6 1 8 1
14376 6 28764 89 86 98 98
13409 1 18792 2 1 2 1
1232 1 5716 5 1 1 1
5716 0 4961 3 3 12 6
10095 5 241 2193 2193 6332 6327
30274 0 27395 9962 9962 1933 1933
4092 1 3142 1 1 5 1
38217 0 998 20514 20514 7404 7401
16820 4 37663 15 9 3 3
15209 1 21887 2 1 1 1
26585 0 6289 3 3 16 12
26965 5 4450 40931 40931 40929 40923
1009 1 11417 3 1 1 1
16697 4 70 58 53 4 4
27038 0 732 44 44 142 139
17663 4 23020 6919 6915 11927 11927
7732 1 35326 5 1 1 1
19563 0 10026 38380 38380 35712 35705
2356 0 3805 18688 18688 20566 20560
23441 0 34078 5365 5365 1956 1955
37070 0 27913 4351 4351 3414 3414
3289 6 38527 64 48 4 4
2980 1 2979 3 2 1 1
30536 0 5049 13563 13563 27267 27263
16915 1 26031 1 1 3 1
19167 1 19166 3 1 1 1
8110 9 4565 1 1 3 2
25148 1 16759 1 1 3 1
9665 0 14373 6213 6213 24689 24688
30114 1 33583 8709 8709 2888 2888
33583 1 30114 2888 2888 8709 8709
10388 4 3586 26692 26685 3232 3232
27188 3 20283 2 1 2 1
24932 1 6602 1 1 3 1
35150 1 33029 1 1 2 1
10137 4 11961 144 141 199 199
4469 0 10488 23175 23175 33816 33810
18360 9 1757 2 2 3 3
27706 1 36948 3705 3704 4078 4078
19784 2 14738 35157 35157 32707 32707
4426 2 4633 1 1 11 1
1167 6 4633 40939 40928 40917 40917
9882 4 22784 1 1 1 1
22411 1 4534 2 1 3 1
14116 1 20160 4 1 2 1
39583 0 12239 24449 24449 16864 16862
31548 0 26062 40656 40655 37103 37100
26063 1 1962 1 1 5 1
34604 0 2888 5 5 6 4
29514 1 7486 1 1 11 1
4354 0 17938 13332 13332 12128 12124
3583 1 6233 1 1 6 1
5695 4 28664 237 237 203 203
2185 1 14535 6 1 1 1
25866 0 2185 10 10 69 49
1327 1 36228 1 1 3 1
2831 1 23698 3 1 4 2
21070 0 14562 1176 1176 811 800
10242 2 953 952 952 5986 5976
24520 1 11590 1 1 3 1
32447 6 8162 4 3 42 40
10857 1 10856 2 1 1 1
29541 1 32791 1 1 3 1
14418 3 22928 11 9 34 34
25235 0 11991 40138 40138 34556 34556
19649 1 3414 2 1 8 1
11061 9 11060 2 1 1 1
5834 1 16298 2 1 4 1
16564 5 2060 7949 7948 21085 21057
30585 0 324 12 12 46 28
21674 1 21673 4 1 3 1
16327 0 36920 12910 12910 10180 10180
31764 0 40725 4812 4812 17968 17968
20117 1 5297 4 1 1 1
40726 0 21345 29165 29165 9701 9693
23392 1 8395 3 1 3 1
15466 0 34493 4 4 8 8
32154 1 35808 40799 40799 40158 40158
30878 2 21391 2 1 23 13
414 9 3242 2 2 2 2
21497 1 25620 3 1 1 1
18780 0 1703 1 1 32 2
36989 2 22747 15188 15188 1257 1257
4814 1 26353 5 1 2 1
34514 4 16712 8238 8238 7361 7361
5463 4 9443 32665 32658 17187 17187
9443 4 37702 54 49 9 9
28035 1 17572 1 1 3 1
4816 1 19142 2 1 2 1
23070 1 16815 2 2 2 2
33617 1 10553 1 1 2 1
40729 0 25425 26366 26366 6965 6965
3378 0 2767 33 33 639 638
40730 0 8815 37140 37140 10138 10129
12960 0 8815 35827 35826 32293 32283
4376 1 37 4 1 6 1
39757 0 5605 2 1 19 3
18600 1 19016 3 1 2 1
3467 1 385 2 1 4 1
14223 1 6848 2 1 3 1
25195 0 11431 16660 16659 12031 12025
40731 2 35244 2409 2409 6123 6122
6940 1 22487 9 1 1 1
18458 1 13073 3 1 4 1
13073 6 447 40768 40768 40498 40498
7113 4 35455 36049 36049 38198 38198
16734 7 3856 17609 17606 11197 11197
30190 1 22568 1 1 1 1
25889 0 13000 27868 27868 24909 24908
13181 9 17866 1 1 2 2
5492 6 19902 20950 20948 36034 36034
39381 2 736 10 10 29 28
2369 1 6578 5 1 2 1
29844 0 16328 12 12 20 20
2758 1 2757 2 1 2 1
38222 2 33300 21 19 9 8
18743 6 13906 101 100 96 96
31229 4 1517 148 148 151 151
21203 4 76 154 152 22 22
40016 0 7096 1030 1030 6909 6908
19031 0 10895 3867 3867 7766 7766
40734 0 4733 18395 18395 6718 6716
28029 6 13250 19 18 16 16
31942 0 731 6048 6048 2469 2468
24476 1 37343 1 1 3 1
30608 0 10938 455 455 3779 3778
9857 1 21026 4 1 2 1
31786 1 2390 2 1 5 1
20366 0 40022 16787 16787 35588 35588
25016 0 6037 7162 7162 2949 2947
6866 1 25441 4 1 2 1
11006 1 11005 1 1 2 1
40736 0 39315 22613 22613 4083 4083
40737 0 4415 39627 39627 9584 9576
34827 4 25838 173 173 10 10
20641 0 19592 13018 13018 19219 19218
19844 1 36475 2 1 1 1
5620 1 14606 1 1 2 1
4942 1 35741 2 1 1 1
12702 0 16539 9 9 37 35
16398 5 1361 2 2 25 10
40738 0 10135 16528 16528 7137 7137
819 1 20330 6 1 3 1
20681 3 25789 16736 16736 35776 35776
2173 6 12317 18 7 2 1
29181 1 6432 1 1 1 1
346 1 6498 2 1 1 1
9709 1 9837 2 1 6 1
5266 1 5265 2 1 4 1
30985 0 17910 22808 22807 18184 18184
21628 1 16687 5 1 1 1
39393 0 5540 557 556 8064 8057
16844 0 34093 14087 14087 15106 15105
10330 0 5598 7 7 22 6
22052 1 12989 3 1 5 1
11758 1 3657 4986 4982 6129 6129
33720 0 1406 17582 17582 6241 6231
40739 0 14015 28733 28733 10737 10731
40298 0 8495 1 1 6 2
5116 1 10792 7 1 5 1
33694 0 26952 10 10 45 44
36765 0 5101 21920 21919 30782 30781
27226 4 35331 16843 16843 16003 16003
16221 1 30101 1 1 3 1
32010 5 16320 22207 22207 9119 9106
16385 4 39672 49 43 2 2
26422 3 4250 13 11 28 27
2924 4 31881 108 33 1 1
23932 1 406 3 1 3 1
40741 0 10133 39897 39897 10103 10096
1478 4 38462 68 47 3 3
15891 0 14046 2 2 14 4
25424 0 17555 29787 29787 31605 31598
13797 4 32300 36212 36212 29923 29923
405 1 404 2 1 1 1
37796 0 5866 23507 23507 21265 21260
2634 0 13504 3300 3299 3545 3540
26727 4 28774 187 184 66 66
26243 0 39695 1423 1423 10535 10534
3948 1 32711 4 1 2 1
4019 6 21073 239 231 23 21
1187 1 20711 3 1 2 1
36443 0 26928 11123 11123 27306 27303
29481 0 10355 11 11 45 43
1476 0 25435 32876 32876 22714 22713
38542 0 22631 1 1 5 3
39106 0 14148 18501 18501 15798 15798
28771 1 27460 3 1 2 1
16045 1 24249 1 1 1 1
16468 0 12729 7 7 49 35
24561 0 12729 4 4 36 23
40742 0 11685 24898 24898 8867 8860
15794 0 288 9027 9027 6551 6545
17369 4 28877 24 19 5 5
4197 1 13361 5 1 2 1
1566 1 31545 6 1 1 1
20016 4 29851 424 411 1 1
21241 1 21240 2 1 4 1
21240 1 17480 3 1 1 1
4088 0 9256 21467 21467 2215 2211
21664 0 31614 12 12 29 29
20867 6 22620 3287 3286 15412 15411
6116 3 12878 9 5 10 8
31524 1 6685 1 1 2 1
31665 1 11001 1 1 4 1
4541 1 14758 1 1 1 1
38652 3 11896 1 1 3 1
29789 4 11615 65 58 62 62
40744 0 26617 11404 11404 4181 4181
6122 4 39635 315 310 10 10
4953 0 10842 21372 21372 17574 17567
38322 0 11870 11745 11745 17599 17599
10438 0 1730 4 4 182 82
32068 0 9304 429 428 197 188
40745 0 7189 38801 38801 11151 11141
30521 1 1450 3 2 4 1
14974 1 22486 5 1 1 1
24396 1 14974 1 1 6 1
26467 1 15256 1 1 3 1
15469 1 9188 5 1 5 1
3672 4 34478 364 363 50 50
23086 0 9505 38330 38330 37971 37971
11105 6 34671 6168 6166 1225 1225
31200 1 26039 1778 1778 6163 6163
33187 0 8237 35737 35736 23500 23493
30483 1 21607 1 1 3 1
14260 0 14310 11885 11885 8018 8015
15924 0 9367 40145 40145 35257 35234
19959 6 17574 37 31 15 14
24704 0 18355 23895 23895 35650 35650
31678 4 25631 209 207 23 23
39728 1 18568 1 1 2 1
6336 4 34815 19 6 3 3
18894 0 12741 3149 3149 4418 4413
31814 0 15640 2308 2308 1053 1049
31718 1 31717 1 1 1 1
3495 1 37604 2 1 1 1
33838 0 15312 32448 32448 4661 4659
38175 10 30680 1 1 1 1
11923 1 29297 3 1 2 1
17682 4 16176 10523 10521 22634 22634
40746 0 15865 9438 9438 4426 4425
17989 1 45 1 1 12 1
162 1 161 6 1 2 1
1070 1 31232 3 1 4 1
11915 1 11914 1 1 2 1
17597 1 1779 1 1 1 1
33223 0 35286 2 2 5 4
17231 0 11078 2 2 8 5
9415 1 8217 4 1 2 1
9822 0 532 1 1 80 4
25559 0 7427 1 1 3 3
35901 1 18889 1 1 1 1
5032 1 9078 3 1 1 1
280 0 12443 26956 26956 9230 9229
3547 0 16302 34925 34925 37512 37499
37263 0 33813 18811 18811 13737 13736
40748 0 206 31672 31672 8978 8947
2410 6 36725 10 10 11 11
29420 1 33730 2 1 1 1
20556 0 268 37341 37341 38728 38724
25280 5 2971 111 111 2121 2057
10990 1 27947 6 1 1 1
22682 0 15763 1 1 6 3
10975 1 35401 1 1 2 1
11252 6 6012 33 25 2 1
13074 5 14951 9 9 14 12
24987 0 33083 1018 1018 7495 7494
32258 0 30454 19745 19745 22897 22897
20630 1 11278 4 3 7 5
375 1 374 2 1 1 1
24087 1 34222 3 1 1 1
22866 1 930 1 1 2 1
26540 0 19984 1107 1107 5860 5858
1203 1 11625 2 1 5 1
2995 1 16224 10 5 1 1
39628 0 35692 38078 38078 17151 17151
12922 3 16574 5 1 3 1
13536 9 7072 6 6 18 18
17977 0 6556 20382 20382 11046 11035
14591 1 20529 2 1 2 1
17537 1 20736 23778 23777 18560 18560
22994 0 1953 40941 40941 39099 39083
28203 4 15915 6 3 1 1
20040 1 11683 3 1 3 2
22766 0 15613 11423 11423 12890 12889
3681 1 20829 3 1 2 1
9952 1 17840 11 3 2 1
8561 8 9939 275 275 50 50
26904 1 34013 2 1 2 1
30218 6 33864 1685 1683 145 145
19855 4 40081 4450 4450 13792 13792
7107 1 4018 3 1 2 1
14459 4 30600 45 45 5 5
31262 0 19491 534 534 1967 1965
3049 0 13373 22270 22270 20230 20230
18036 1 21116 3 1 1 1
4102 4 26935 71 61 3 3
4051 1 4050 1 1 1 1
32772 5 5042 3 3 71 65
18593 1 8011 1 1 3 2
3037 1 458 2 1 2 1
11489 1 19752 2 1 3 1
7408 1 2641 2 1 4 1
30952 0 4379 29635 29635 8903 8892
19369 1 11046 1 1 5 1
40754 0 5844 30061 30061 7296 7295
13702 0 9051 24353 24353 25826 25826
14342 0 16213 17017 17017 24814 24813
38142 1 9549 1 1 2 1
22223 1 17536 1 1 1 1
2364 1 22225 5 1 2 1
27307 2 23001 13450 13450 7023 7023
2159 1 6296 4 1 1 1
3441 3 8470 6 2 2 1
11504 1 11503 1 1 2 1
28552 0 35437 1836 1836 6383 6382
32595 0 22049 3671 3671 3502 3498
34018 4 40756 5689 5689 9914 9914
12675 1 12674 3 1 2 1
22838 1 8225 1 1 5 1
9602 0 32242 22085 22085 25799 25799
