33512 0 4410 1 1 257 221
16031 1 32320 34192 34192 16361 16361
40543 5 172 18 18 25107 24748
40543 0 2607 1168 1168 22170 22150
33473 5 172 1 1 353 12
9179 5 172 21 21 26863 26503
33575 5 172 2 1 364 22
16648 5 172 1 1 570 223
31526 5 172 1 1 2046 1697
6771 5 172 22 22 12008 11652
15476 5 172 3 3 11581 11226
29269 5 172 3 3 20071 19713
11606 5 172 1 1 3597 3245
2234 5 172 1 1 348 8
23355 5 172 2 2 10299 9946
15278 4 39692 313 307 21 21
22936 0 14838 112 112 481 481
31887 2 743 7 7 652 546
13265 2 743 2 2 159 54
33786 2 743 4 4 1751 1644
8790 2 743 1 1 123 20
29405 0 27360 322 322 164 162
35494 1 15192 1 1 2 1
35494 0 6837 40721 40721 39742 39741
18925 1 32325 2 1 2 1
32325 1 8085 1 1 2 1
3750 4 38184 210 180 20 20
3750 4 40324 121 92 9 9
3750 4 17381 41 13 3 3
6331 1 10283 2 1 2 1
11500 6 4785 31 25 10 8
14258 4 24038 41 31 8 8
32661 6 20759 2 2 2 1
12387 1 12386 2 1 4 1
28490 4 38427 5900 5899 4405 4405
21840 0 107 1 1 40 1
12784 4 107 14857 14850 16240 16240
107 0 5198 540 540 2930 2911
27747 1 27746 1 1 1 1
3916 1 27549 6 1 4 1
6527 5 2139 256 255 37009 36982
16255 5 2139 4 4 2654 2629
1618 4 14555 33 32 9 9
29103 1 9873 2 1 1 1
38285 0 18633 98 98 1526 1521
38285 1 26278 1 1 1 1
30253 0 18633 596 596 4644 4638
27022 1 435 1 1 1 1
32496 0 4125 1192 1192 18585 18577
24483 0 4125 35 35 468 461
15337 1 4125 3 1 1 1
4388 4 36757 23 12 2 2
30756 1 32955 1 1 1 1
30757 9 30756 1 1 1 1
16250 1 28482 5 1 1 1
39594 0 51 42 42 6851 6653
13386 0 51 21 21 5488 5291
22734 0 51 94 94 4869 4673
40690 0 51 349 349 16572 16372
40660 0 51 83 83 24643 24441
21035 1 22109 3 1 2 1
24101 0 28349 3803 3803 6333 6322
38672 0 28349 9 9 48 38
40559 0 6722 13387 13387 24441 24437
4705 1 15839 2 1 4 1
39464 0 4705 6 6 193 166
21731 4 9107 81 79 31 31
7590 5 34746 10395 10394 34515 34515
7878 0 7590 21383 21383 4697 4697
39562 0 2740 6192 6192 9435 9435
3212 1 29129 7 1 1 1
3212 1 16271 3 1 2 1
22208 1 3212 2 1 6 1
14179 0 16065 17078 17078 36211 36210
12801 1 4187 2 1 5 1
19501 0 2021 21 20 325 274
40645 0 2021 313 313 22405 22351
27628 0 2021 14 14 882 830
23729 0 38913 30570 30570 32124 32124
8720 1 9417 3 1 3 1
32234 1 8720 1 1 1 1
12896 1 8372 4 1 1 1
1441 0 27945 6158 6158 2551 2550
4170 6 37882 1162 1148 91 91
2046 0 39706 35754 35754 21490 21489
14436 1 14436 5770 5770 5770 5770
38948 0 20990 15641 15641 17328 17324
20990 1 905 1 1 5 1
9769 0 8193 61 61 216 216
12450 6 8001 13 4 2 1
1031 1 12972 4 1 3 1
1031 1 1030 1 1 1 1
2604 1 6752 10 2 2 1
11156 0 2604 1455 1455 15209 15168
2427 0 2604 6556 6556 31928 31885
20604 0 2604 1069 1069 10586 10547
26334 0 2604 93 93 489 452
5353 0 6752 5 5 44 29
3451 0 6752 587 587 786 770
34042 1 10659 1 1 6 1
22643 4 31669 5166 5166 2303 2303
3358 1 24240 9 1 1 1
3358 1 4026 2 1 3 1
40560 0 3229 757 757 18897 18886
39572 2 121 2 1 458 2
34055 2 121 1 1 721 236
36425 2 121 2 2 1991 1490
33961 2 121 3 3 665 182
22605 2 121 1 1 1198 701
34749 2 121 3 2 501 21
7185 2 121 2 1 470 3
39473 2 121 3 2 2354 1851
36051 2 121 16 16 5706 5201
38744 2 121 3 3 932 439
40601 2 121 39 39 22963 22455
31131 2 121 3 2 494 15
16157 2 121 2 2 1089 594
10391 1 121 1 1 1 1
13173 0 25097 1050 1050 3393 3390
1421 0 608 350 350 5436 5062
6033 0 608 21 21 2199 1831
40723 0 608 2 2 24261 23868
40732 0 608 2 2 14119 13736
31776 0 608 1 1 490 125
26284 0 608 444 444 28509 28114
40750 0 608 1 1 9437 9058
40752 0 608 6 6 10064 9684
12593 0 608 13 13 3019 2649
21041 0 608 171 171 6775 6398
36535 0 608 56 56 3612 3241
40642 0 608 6 6 14328 13944
6612 0 608 559 559 27398 27004
12763 0 608 12 12 5620 5245
38498 0 608 1 1 607 241
1763 0 608 2426 2426 33805 33406
35305 0 608 34 34 13794 13412
40693 0 608 5 5 20924 20535
31350 0 608 1 1 416 52
37399 2 2580 1 1 49 9
35976 2 2580 1 1 26 2
21024 2 2580 1 1 199 157
37837 2 2580 1 1 19 1
14534 0 273 5 5 59 45
3275 0 273 1014 1014 3447 3432
28793 1 273 1 1 5 1
40561 0 2759 770 770 10845 10845
17054 0 13663 6 6 26 6
18662 1 11511 2 1 2 1
39324 0 21892 1 1 4 2
5681 0 5376 9 9 73 53
39137 0 3699 7080 7080 21083 21062
5121 0 4055 19072 19072 23005 23002
28225 0 10933 975 975 9681 9672
12586 1 18347 3 1 1 1
18347 1 8083 2 1 3 1
8678 1 15844 2 1 2 1
8678 1 8677 5 1 1 1
1900 9 8459 1 1 1 1
13142 1 6617 3 1 2 1
13142 1 3658 1 1 2 1
11554 1 11553 4 1 3 1
6724 1 20476 6789 6787 8051 8050
6973 6 11688 60 44 10 10
28474 0 574 20 20 812 768
40638 0 574 349 349 18200 18155
3829 1 3828 4 1 1 1
3363 1 3828 2 1 4 1
5303 0 2409 1 1 12 1
19117 1 5303 2 1 2 1
10728 0 2409 1 1 24 2
2409 3 10728 4340 4340 34 34
20385 4 38169 14699 14699 13826 13826
919 0 36150 36557 36557 25412 25411
15726 1 2782 1 1 3 1
2090 1 33833 5 1 1 1
13956 1 23540 3 1 1 1
26983 0 13956 3829 3829 33036 33028
29443 9 7135 1 1 2 1
26279 0 10532 523 523 12867 12863
10532 1 11231 3 1 4 1
8610 1 16790 2 1 2 1
32576 0 296 50 50 9992 9841
32576 4 39358 25450 25450 24066 24066
28775 0 296 5 5 865 717
21869 0 296 1 1 151 8
40110 0 296 1 1 150 8
5339 0 296 1 1 149 8
40350 0 296 1 1 145 5
18338 1 25376 3 1 1 1
18338 1 34572 2 1 1 1
25119 0 10706 2094 2094 3140 3128
6372 0 10706 13 12 73 62
187 1 34587 1 1 1 1
23114 0 8709 24036 24036 20712 20707
23114 9 22355 1 1 1 1
3873 1 28613 4 1 2 1
3449 1 3448 2 1 9 1
1778 1 5313 5 1 1 1
16939 1 16938 2 1 1 1
25259 1 10976 5 2 1 1
25259 0 1054 97 97 111 107
3874 0 21706 1855 1855 1129 1128
17484 0 2318 3 3 142 22
9443 0 2318 5 5 647 523
36678 0 2318 5 5 376 253
31243 0 2318 43 43 6207 6078
7726 0 2318 173 173 12601 12471
3353 0 2318 8 8 309 187
14943 9 14942 1 1 1 1
14943 1 16039 1 1 2 1
2677 1 13356 5 1 2 1
35968 0 32619 12623 12623 28356 28353
31267 0 265 1 1 254 5
30115 0 265 1 1 303 46
39657 0 265 1 1 477 216
39858 0 265 1 1 262 12
22580 0 265 1 1 298 42
14709 0 265 2 2 348 89
40562 0 21091 40188 40188 20572 20570
21135 1 12220 1 1 3 1
38664 0 71 1 1 56 1
30298 0 71 1 1 62 2
3066 1 3065 3 1 1 1
23421 0 13784 15 15 374 372
7620 1 21508 1 1 2 1
3069 4 14224 133 111 68 68
14224 4 25214 2688 2684 1395 1395
40563 2 6404 6795 6795 27387 27376
40653 2 6404 6298 6298 23411 23401
40687 2 6404 3835 3835 7077 7068
14071 0 278 1 1 176 4
13708 0 278 2 2 186 10
37453 0 278 1 1 185 10
18193 0 278 1 1 174 4
36053 0 278 1 1 188 10
40571 0 278 42 42 14485 14303
40564 0 12078 2402 2402 17718 17712
4462 0 12078 377 377 1923 1918
31848 0 10547 55 55 423 421
40565 0 6230 27489 27489 17764 17762
20013 1 1128 4 1 6 2
3348 0 20013 3057 3057 31796 31784
35716 0 21460 7 7 39 39
7754 3 1296 135 133 147 147
7754 9 26452 7702 7701 327 327
1296 9 9053 1 1 1 1
4834 1 21474 1 1 1 1
21474 0 2168 1 1 10 3
33636 0 27948 13250 13250 14830 14828
36719 1 21614 3 1 1 1
40647 0 36719 3574 3574 7657 7656
1594 4 35451 67 63 9 9
7059 1 37735 5 1 1 1
11387 0 1062 8106 8106 36194 36190
4472 1 1062 3 1 4 1
158 1 157 1 1 2 1
157 5 73 3 3 132 76
28915 0 6166 6 6 18 11
25685 0 6166 1102 1102 10916 10908
1741 5 6166 1 1 49 12
40566 0 3087 8398 8398 21276 21260
8935 1 20348 1 1 2 1
6215 5 8935 182 182 13952 13946
40567 0 5596 15721 15721 16280 16280
5596 1 2050 3 1 3 1
14614 1 632 2 1 2 1
23862 0 20853 26397 26397 40747 40746
39256 0 292 2 2 262 13
31751 0 292 1 1 266 16
6985 0 292 1 1 248 5
2794 0 292 1 1 247 5
17776 0 292 1 1 240 3
29809 0 292 1 1 239 3
6800 0 292 1 1 251 6
2388 0 292 1 1 253 7
34453 0 292 1 1 259 11
8087 0 292 1 1 246 5
35031 0 292 1 1 243 3
7483 1 4704 1 1 1 1
7381 5 7483 1 1 6 2
18107 1 7419 1 1 2 1
18107 1 33365 3 1 1 1
30799 0 3068 7 7 87 73
18024 1 18023 4 1 2 1
24564 1 1410 9514 9513 16944 16944
11009 0 24586 252 252 1984 1982
27654 0 11009 12 12 3 3
9001 1 31090 3 1 1 1
31091 1 31090 2 1 2 1
40568 0 19619 851 851 11974 11971
1193 4 5665 784 772 28 28
29132 0 160 316 316 11824 11784
21888 0 160 3230 3230 26758 26716
40545 0 160 1 1 42 6
14250 0 160 2 2 239 202
7765 1 3854 2 1 4 1
3854 1 4433 7 1 3 1
10544 6 10337 21 9 2 2
10544 6 30885 129 114 10 10
10544 6 17616 55 42 1 1
10544 6 33395 12 1 1 1
10544 6 32223 62 48 1 1
2466 0 11399 5586 5586 7262 7256
5110 1 14834 9 1 4 1
5110 1 22509 8 1 2 1
5110 1 13199 4 1 1 1
30654 0 2915 1475 1475 12430 12426
878 1 16142 5 1 5 1
16142 1 878 5 1 5 1
12156 1 16142 2 1 1 1
1555 4 14720 13 7 27 27
1555 0 39 6 6 368 165
27854 6 9726 4 2 5 4
22790 1 20846 3 1 1 1
40569 0 28991 31569 31569 14418 14418
31570 1 22745 2 1 1 1
6277 4 13724 937 931 165 165
22265 1 15939 1 1 1 1
3601 4 11291 177 176 269 269
18464 4 28236 2629 2629 900 900
21200 1 24456 2 1 3 1
18828 1 21200 3 1 3 1
8407 1 5210 4 1 3 1
5210 1 9174 2 1 1 1
8298 1 8297 1 1 4 1
35442 0 21 7 7 2225 2157
5771 4 35442 1883 1874 404 404
16159 1 6497 5 1 3 1
1826 4 36945 1719 1712 298 298
15560 1 16616 3 1 2 1
5937 1 15560 2 1 1 1
16616 1 35701 3 1 1 1
24090 0 27455 5019 5018 3698 3698
3209 1 19072 2 1 3 1
3209 1 2516 1 1 2 1
6274 0 3209 7830 7830 27330 27326
32074 1 32874 2 1 2 1
1353 1 16331 6 1 3 1
11260 1 11259 1 1 3 1
21431 0 11260 3838 3838 9935 9933
5666 0 8929 4 4 44 29
21034 0 2918 1848 1848 22965 22884
31631 0 2918 110 110 11845 11766
39298 0 4365 1 1 50 35
38449 0 23581 6 6 15 12
923 0 12300 35026 35026 40615 40615
785 8 923 2478 2034 1 1
16936 0 39 12 12 1837 1627
6688 0 39 120 120 4380 4168
33920 0 39 66 66 3524 3313
16930 0 39 3 3 520 315
16260 0 39 51 51 1713 1504
9285 0 39 2 2 255 55
36679 0 39 1 1 364 162
13037 0 39 1 1 185 2
17754 0 39 22 22 990 783
34332 0 2518 1 1 69 3
24798 0 2518 100 100 2379 2310
2518 0 4990 392 392 516 497
36326 1 67 1 1 2 1
31714 6 15538 8282 8281 18304 18301
25285 1 25279 1 1 3 2
37786 0 14737 2 2 50 39
14737 0 4030 286 286 231 204
40570 0 10106 26310 26310 10758 10758
2527 1 15676 2 1 2 1
9741 1 22270 2 1 2 1
22719 0 8583 126 126 486 476
680 7 39181 23019 22957 10 9
680 7 29533 9698 9638 11 11
21810 4 40571 18207 18197 10610 10610
33488 0 4931 4621 4621 11096 11091
30169 4 22524 1396 1396 4267 4267
1374 8 9876 1304 1302 14 14
1374 6 6774 23 8 4 1
35169 3 35168 1 1 2 2
6888 0 11405 19564 19564 24002 23996
6889 1 6888 2 1 2 1
11405 1 12069 1 1 4 1
31720 1 33038 1 1 1 1
14747 1 16665 2 1 3 1
30485 0 12240 38326 38326 40692 40691
35384 1 24098 1 1 3 1
33950 1 24098 2 1 4 1
4617 4 2317 16 9 5 5
26645 0 18798 5 5 28 24
1038 4 20161 175 6 4 4
1038 4 39009 33848 33673 2942 2942
1038 4 31457 162 1 1 1
1038 4 35729 185 14 15 15
1038 4 9526 168 3 2 2
1038 4 36663 169 3 2 2
1038 4 25174 237 64 4 4
1038 4 29468 183 13 1 1
1038 4 40317 164 2 7 7
13441 0 13179 54 54 84 83
31542 0 28557 37118 37118 39115 39113
5421 1 33580 1 1 2 1
8378 1 15959 1 1 3 1
35680 0 16547 27 27 266 261
4601 1 1480 3 2 5 1
23297 1 23798 13778 13777 7044 7041
36430 1 11632 1 1 7 1
7798 1 10220 2 1 2 1
23291 0 7798 7881 7881 21790 21787
9868 0 9017 3 3 19 8
14301 1 22543 1 1 3 1
9933 4 37354 5776 5776 7678 7678
12205 1 12204 1 1 3 1
24146 0 17669 6005 6005 7199 7197
28393 0 1434 1 1 84 23
18831 4 28393 166 164 86 86
36594 0 1434 1 1 79 19
26925 0 1434 1 1 61 2
18116 4 1434 230 223 823 823
21358 1 8040 4 3 20 16
12579 1 8040 3 1 3 1
33003 0 10761 37694 37694 39429 39429
23374 0 739 65 65 438 435
32479 1 37820 3 1 1 1
2181 8 30733 21629 21626 781 781
15394 1 32040 3 1 1 1
28746 1 24321 4 1 2 1
28746 1 16782 1 1 1 1
37839 0 2110 2 2 246 60
38849 0 2110 3 3 856 665
9193 0 2110 6 6 1684 1492
20494 0 2110 24 24 3144 2951
38709 0 2110 2 2 262 74
30037 0 2110 1 1 261 74
36409 0 6991 12601 12601 33466 33458
36409 1 20042 2 1 3 1
39061 0 914 340 340 8998 8992
24739 5 914 65 65 38119 37825
40612 5 914 3 3 26013 25722
14021 5 914 5 5 4169 3882
22854 5 914 1 1 362 79
40047 5 914 1 1 292 14
4847 5 914 1 1 297 17
25072 5 914 1 1 310 28
7476 5 914 14 14 31542 31249
792 5 914 1 1 293 14
914 1 19506 2 1 2 1
8543 1 28419 1 1 2 1
4324 4 13072 3298 3284 3412 3412
3407 0 643 96 96 52 46
3855 1 643 5 1 3 1
37188 1 1558 1 1 7 1
40712 0 1558 2831 2831 20719 20705
26674 0 1558 351 351 236 223
30420 0 22047 1050 1049 5058 5057
35704 4 40572 20334 20334 18623 18623
37073 2 7 1 1 22 1
8520 1 5407 2 1 1 1
30398 5 5407 1 1 85 61
11562 0 9512 7574 7574 14447 14446
40684 0 9512 31526 31526 26385 26383
11780 1 18482 3 1 1 1
2837 0 36460 6151 6151 10930 10927
33600 0 2837 2530 2530 9309 9304
40573 0 11043 9113 9113 24808 24786
40574 0 11043 3675 3675 28183 28160
21093 0 11043 18 18 571 550
40497 0 85 18 18 10435 10196
1958 0 85 641 641 17249 17006
39304 0 85 208 208 20602 20356
30762 0 85 96 96 4782 4545
8844 0 85 2 2 418 184
24944 0 85 247 247 13414 13173
40402 0 85 916 916 19383 19138
5552 0 85 689 689 23600 23352
1522 0 85 95 95 12004 11764
37844 0 85 38 38 20811 20564
40665 0 85 11 11 15581 15339
5115 0 85 22 22 8496 8258
28159 0 85 2 2 414 181
85 0 12888 1032 1032 216 207
31425 1 15729 1 1 2 1
12042 1 1777 3 1 1 1
12042 0 8268 31 31 85 78
18518 1 14006 3 1 3 1
23766 5 7293 3 1 5 4
15279 0 23766 2219 2219 4887 4887
33175 0 5978 215 215 9997 9975
15358 1 15357 1 1 1 1
16701 0 1677 331 331 2795 2738
13 0 1677 16 16 61 7
30757 0 1677 539 539 15775 15717
7419 1 5076 1 1 1 1
27444 1 17724 2 1 2 1
294 1 18895 3 1 2 1
40575 0 22039 14461 14461 14990 14986
31455 0 1027 2 2 176 25
16597 0 1027 2 2 180 28
40576 0 40452 39358 39358 32070 32070
35090 0 17121 26276 26276 39606 39604
19086 6 21626 6 2 10 7
7887 1 7886 2 1 1 1
34521 6 37498 26102 26102 22978 22978
12662 1 40577 11605 11599 10444 10444
40577 1 12662 10444 10444 11605 11599
39496 1 16365 30431 30431 33447 33447
16365 1 39496 33447 33447 30431 30431
11479 1 5180 2 1 3 1
956 1 5180 1 1 5 1
12458 6 16563 1683 1680 1004 1003
12921 1 25846 9 1 2 1
36880 4 37832 35087 35087 21378 21378
877 1 14090 44 39 5 4
14090 1 877 5 4 44 39
8082 0 81 1 1 47 2
2497 1 13459 1 1 1 1
31712 0 2497 468 468 12647 12550
25460 0 2497 2500 2500 6862 6766
30267 0 2497 122 122 1269 1176
14684 0 2497 5453 5453 23997 23898
15327 0 284 1 1 231 12
32738 0 284 1 1 221 6
7747 0 284 1 1 238 15
23048 0 284 4 4 311 85
36041 0 284 1 1 229 11
38651 0 284 1 1 236 14
13843 1 13842 2 1 1 1
38649 1 19488 40482 40482 38936 38936
21810 0 2687 1 1 37 3
5646 1 5645 3 1 2 1
5184 1 28989 2 1 1 1
16262 0 16080 274 274 708 705
16080 0 314 66 66 208 202
38255 0 18636 15 15 151 150
16914 1 1218 1 1 3 1
11597 1 2084 5 1 2 1
26872 0 11597 25260 25260 38585 38584
38264 0 1629 1 1 92 82
15932 0 1629 3290 3290 12517 12505
14940 0 1629 7400 7400 27201 27188
23686 1 7865 1 1 1 1
40578 0 971 903 903 23818 23814
4933 0 1287 2321 2321 9671 9632
17077 1 1287 2 1 6 1
21855 1 1287 1 1 4 1
2477 9 9034 1 1 1 1
9035 1 9034 2 1 4 1
9452 0 16895 21709 21709 19238 19237
15534 4 27189 2649 2648 641 641
15549 0 5198 377 377 7187 7167
29419 1 23228 3 1 3 1
29419 1 16566 2 1 1 1
29983 1 29419 1 1 4 1
8761 0 9048 25 25 1706 1688
16341 0 9048 3261 3261 20392 20371
18043 1 6871 2757 2756 3288 3286
14676 1 15857 2 1 3 1
4402 1 31378 3 1 1 1
1144 1 9716 1 1 1 1
20128 4 19080 1434 1430 841 841
20128 4 32553 29 26 1 1
40579 0 33801 31441 31441 20268 20267
39697 0 33801 12211 12211 5588 5588
10515 1 20545 4 1 1 1
10515 1 23161 2 1 1 1
20152 1 10916 3 1 2 1
15078 0 1542 2263 2263 6556 6535
3408 6 8332 125 50 38 38
3408 6 33157 76 5 6 5
3408 8 40605 19219 19152 89 89
3408 4 1256 2478 2478 453 453
22973 6 8518 9093 9093 12656 12655
15512 6 8518 61 58 47 47
37981 1 37980 1 1 1 1
36402 6 38419 70 70 57 57
35889 0 1222 714 714 4047 4035
1630 4 3954 20 15 28 28
27378 5 2295 1 1 162 64
16787 5 2295 1 1 1070 970
2295 0 20085 3993 3993 1620 1618
2674 1 25490 7 1 1 1
2674 1 37183 4 1 1 1
31859 5 11873 2862 2862 39654 39650
18301 1 11873 2 1 3 1
3961 4 38195 23 21 2 2
10495 0 65 339 339 2317 2306
19204 0 65 5 5 38 28
29854 0 65 1 1 23 14
4387 0 16744 3648 3648 3687 3684
14355 2 1137 1 1 50 1
31617 2 1137 1 1 83 1
10756 2 1137 1 1 115 9
23780 2 1137 1 1 101 2
19983 2 1137 1 1 90 1
20239 2 1137 1 1 98 1
40735 2 1137 40 40 19248 19141
3870 6 7609 937 931 36 36
12556 0 3870 11745 11745 24043 24037
1226 4 6870 105 82 6 6
23617 4 1226 67 65 293 293
6870 4 29653 13113 13113 10298 10298
2536 1 11404 7 2 2 1
2536 0 5973 3701 3701 2162 2159
12282 1 7778 1 1 1 1
40580 0 22983 13692 13692 27211 27209
12754 0 184 1 1 298 4
2752 0 184 1 1 316 16
30560 0 184 1 1 313 14
31172 0 184 1 1 305 10
36649 0 184 1 1 173 1
39598 0 184 1 1 291 3
29336 0 184 3 3 600 298
3249 1 9317 3 1 1 1
20805 0 11858 85 85 1283 1276
40593 0 11858 10058 10058 17071 17063
11617 1 36457 2 1 1 1
11617 1 3182 3 1 1 1
3060 0 11617 1 1 6 1
40581 0 12650 1112 1112 7188 7167
11149 6 40581 8226 8202 3729 3729
785 8 11138 38759 38288 367 367
785 8 40710 10824 10375 222 222
785 8 36327 16835 16381 27 27
785 8 39015 34138 33672 1778 1778
785 8 38312 40889 40417 32023 32023
785 8 27403 30240 29779 1794 1794
785 8 1422 36969 36501 11562 11562
785 8 22169 9756 9308 339 339
785 8 30680 37293 36824 5526 5526
785 8 37209 11301 10850 31 31
785 8 24124 28291 27831 166 166
785 8 25693 19303 18848 62 62
785 8 446 21677 21221 11808 11808
785 8 21727 6592 6146 60 60
19992 0 27240 49 49 190 188
6448 0 20717 6 6 5 1
5058 1 6448 1 1 3 1
21155 1 6448 2 1 6 1
40663 0 6448 1520 1520 19249 19244
40582 0 6644 1018 1018 14512 14502
35177 1 298 1 1 1 1
6700 0 2052 1 1 5 3
15310 1 13032 8 1 3 1
20936 1 17024 3 1 1 1
7054 0 20936 21916 21916 32485 32484
39068 0 5731 26472 26472 29946 29946
40583 0 290 133 133 14743 14697
8787 0 290 1157 1157 4942 4897
28170 5 290 6 5 3241 3218
27556 5 290 105 105 5669 5645
4123 1 290 4 2 2 1
2858 4 290 3998 3965 10919 10919
38753 0 16960 13297 13297 32831 32826
29292 1 20260 2 1 2 1
7491 1 3611 5 1 1 1
10450 4 40584 14869 14863 13268 13268
40584 0 427 467 467 19397 19324
7966 0 9605 3016 3016 3505 3502
32027 0 12798 4979 4979 13778 13778
32795 1 1063 1 1 2 1
2920 1 17874 1 1 3 1
2920 1 4427 2 1 5 1
129 1 4427 2 1 6 1
32885 0 13252 19130 19130 31280 31276
16493 0 20467 753 753 1132 1132
40585 0 38674 30779 30779 14340 14340
34 3 10832 1924 1924 3916 3916
8982 1 26420 3 1 2 1
2675 0 965 1 1 41 9
16821 0 965 1 1 34 3
17630 0 9068 696 696 5694 5691
18501 6 11746 13779 13779 4100 4100
18495 0 17922 16443 16443 24317 24316
17278 2 7488 4 2 7 4
2499 1 13511 2 1 1 1
36662 1 17710 1 1 1 1
36331 1 19237 1 1 7 1
18045 1 1998 3 1 6 1
3130 1 4954 5 1 8 1
13102 0 24336 7 7 11 9
271 8 28240 358 347 23 23
271 6 40624 9115 9087 817 817
12111 0 13254 4591 4591 6858 6847
19649 0 13254 297 297 750 740
10494 0 20781 6877 6877 22124 22121
5360 1 23897 1 1 2 1
23898 1 23897 1 1 1 1
17935 1 2212 5 1 1 1
9847 3 26719 26079 26071 5582 5582
33866 9 23829 1 1 1 1
40586 0 19015 2669 2669 17699 17685
40713 0 19015 203 203 7283 7270
22702 0 16200 3 3 3 1
3541 1 20787 1 1 3 1
6267 1 20787 2 1 2 1
24216 1 1742 3 1 2 1
1742 0 2571 29854 29854 21089 21087
9291 0 4466 8045 8045 20059 20058
3600 0 2216 3 3 10 4
29682 1 6044 3 1 3 1
40587 0 17191 4347 4347 12084 12081
16309 3 31279 2 1 1 1
40588 0 10342 24895 24895 17242 17241
15741 5 2786 2 2 1706 1694
2786 1 31467 1 1 2 1
22083 6 37406 811 810 105 105
27641 1 17450 1 1 1 1
5520 1 6140 2 1 1 1
37977 0 4550 2 2 111 15
22986 0 4550 1 1 105 10
13964 4 20032 13 2 3 3
20032 4 22514 10317 10313 8300 8300
5289 1 2452 3 1 5 1
6078 0 5289 11767 11767 34390 34378
32 4 22428 30 15 5 5
25738 1 1502 2 1 3 1
27499 1 25738 3 1 3 1
11607 6 9604 33875 33874 20504 20504
383 9 6658 1 1 2 1
6658 1 382 1 1 3 1
16197 1 6658 2 1 5 1
24259 0 16169 421 421 9466 9431
22335 0 16169 1646 1646 14173 14137
25952 4 36629 796 796 531 531
32112 4 37795 1731 1731 1914 1914
20499 0 1592 65 65 282 277
19836 0 4030 1 1 17 1
3908 1 31477 2 1 2 1
7874 4 13716 5988 5960 420 420
10974 4 38608 131 129 11 11
1018 1 7659 1 1 5 1
7144 4 24030 1819 1817 2318 2318
12048 4 7144 20 13 15 15
5500 1 21297 8 1 1 1
5500 0 9200 5 5 4 4
27615 0 5220 2 2 57 45
19850 1 2151 3 1 4 1
16779 1 16998 2 1 1 1
10771 4 10410 69 66 7 7
10771 4 21127 4675 4671 4282 4282
12627 0 21127 2 2 46 43
40589 2 1646 1838 1838 21798 21756
32664 5 774 1 1 115 2
30156 5 774 1 1 49 1
27981 5 774 1 1 126 2
13550 5 774 1 1 94 1
21966 5 774 1 1 24 1
19088 5 774 2 2 1991 1853
27383 5 774 1 1 121 2
17731 0 774 103 103 522 512
21818 6 37463 39018 39016 17426 17426
10205 0 11093 13554 13554 24385 24363
36918 0 11093 1021 1021 9383 9362
2974 0 11093 16262 16262 30874 30851
13543 0 11093 120 120 374 354
14057 0 7284 18235 18234 38909 38909
7284 1 1156 2 1 2 1
3972 7 20913 21933 21855 5 5
3972 7 40458 37400 37321 64 64
36867 0 8952 29779 29779 36556 36556
39341 4 7922 1092 1092 5826 5826
9031 4 34522 18 1 1 1
9031 4 36372 126 107 2 2
9031 4 22734 15973 15953 5294 5294
40590 0 27411 3604 3604 11764 11762
5334 0 8355 1754 1754 26492 26468
8355 0 37159 15187 15187 2325 2325
29370 0 32370 929 928 3303 3302
38392 0 2833 15457 15457 36761 36745
17123 1 22282 1 1 1 1
11931 1 23210 2 1 1 1
3929 1 6637 10 1 2 1
39809 0 15772 1 1 7 7
3014 1 16068 2 1 4 1
5872 1 17690 3 1 1 1
38213 0 13538 36 36 926 920
15641 1 27635 3 1 1 1
33238 2 955 5 4 892 880
5920 0 30694 814 814 230 229
14280 1 5920 5 1 5 1
15530 0 4225 8 8 4 4
28112 0 19783 34 34 660 657
31385 0 19783 7706 7706 30262 30257
1220 0 19783 3692 3692 13337 13333
15603 1 15 1 1 2 1
15 1 5976 1 1 2 1
4744 1 27814 6 1 2 1
26459 0 12430 1579 1579 2084 2081
12430 1 4066 5 1 2 1
9361 1 26566 2 1 1 1
4323 1 10025 4 1 3 1
30746 0 4323 1593 1593 7549 7548
21869 4 16617 47 46 95 95
26942 1 31134 1 1 1 1
12877 0 4127 156 156 513 510
9331 0 9481 3596 3596 24231 24230
11045 1 10096 5 1 3 1
18526 1 6001 1 1 3 1
6002 1 6001 1 1 2 1
4984 1 3637 1 1 1 1
33272 5 4984 66 66 4943 4937
40591 0 2215 1971 1971 11717 11711
26189 0 15682 13481 13480 13458 13457
8657 6 18527 15834 15834 9150 9150
2095 0 4792 30503 30503 37832 37828
17447 0 4792 5 5 11 8
32551 0 7192 476 476 17286 17266
727 1 7192 2 1 4 1
38904 1 15390 8 8 43 42
38713 1 6445 2 1 6 1
36718 0 38713 19569 19569 28415 28415
21331 0 14398 468 468 977 976
1671 0 8078 5359 5359 23649 23637
16941 6 5249 6507 6507 6519 6518
34019 0 7149 2488 2488 27804 27766
18807 1 18806 4 1 1 1
16369 1 3715 4 1 1 1
18079 1 16369 1 1 2 1
26616 0 24680 5577 5577 7363 7361
26616 1 11969 2 1 1 1
36080 0 34647 32883 32882 38033 38033
9970 1 22186 3 1 2 1
21084 4 35872 34 32 2 2
38715 0 5011 1 1 17 8
4226 0 11100 159 159 3986 3969
18612 4 33719 43 24 6 6
40592 0 3742 258 258 13280 13257
40481 0 4992 952 952 693 691
39479 0 28777 1281 1281 10586 10586
1650 1 40174 13752 13745 151 151
1650 1 1311 7 1 4 1
1650 0 21879 20765 20765 5226 5226
16394 1 1650 12724 12724 35130 35122
9761 0 1650 9 9 20 16
7968 0 239 330 330 7593 7337
7968 1 11878 2 1 1 1
3491 0 239 97 97 924 676
40419 0 239 1 1 2320 2068
17572 0 239 290 290 6579 6324
134 0 239 303 303 1465 1216
40620 0 239 28 28 25623 25357
5037 0 239 885 885 11255 10996
23341 0 239 389 389 29169 28902
30294 0 239 10 10 2077 1826
11839 0 239 568 568 19063 18801
38423 0 5720 15129 15128 31053 31045
36383 0 6139 2056 2056 19128 19121
23143 1 19335 5 1 1 1
6619 1 23143 2 1 4 1
2002 0 19290 37013 37013 39822 39822
2033 1 10164 3 1 1 1
34032 0 13475 301 301 5503 5501
34006 1 34291 1 1 1 1
1920 4 13057 93 38 1 1
1920 4 14332 80 26 3 3
1920 4 17214 134 78 3 3
1920 4 20671 64 12 5 5
4419 1 1849 6 1 1 1
4419 1 8002 5 1 3 1
32151 5 11426 1 1 33 24
18951 4 31532 187 179 5 5
18951 4 32437 84 77 5 5
30591 0 49 1 1 13 2
3608 4 24144 93 67 5 5
3608 4 19987 26 3 3 3
3608 4 751 32 7 2 2
17073 1 4982 1 1 1 1
30457 0 3668 6754 6753 8224 8217
13681 4 18265 26 20 4 4
13681 4 39987 54 47 31 31
18301 5 1981 49 49 12677 12623
40455 0 26054 16161 16161 24884 24882
9094 1 352 1 1 6 1
352 1 26517 12 3 5 3
18661 1 12085 2 1 1 1
15620 4 22311 18 12 13 13
33409 0 22311 3236 3235 21160 21159
1258 1 1257 1 1 2 1
1258 1 7835 2 1 2 1
7440 9 35492 1 1 1 1
40594 0 32069 34299 34299 16424 16424
4292 1 4291 4 1 1 1
13227 1 13641 8 1 2 1
13227 1 540 7 1 3 1
12002 1 7957 2 1 1 1
40595 0 26503 5316 5316 16589 16589
40596 0 16944 14334 14334 29311 29307
16944 1 16943 2 1 2 1
13138 1 13137 1 1 1 1
23155 0 3062 232 232 656 645
40600 0 3062 5980 5980 24865 24853
13408 5 2064 1 1 1493 1469
2652 1 15263 4 1 1 1
606 1 31605 3 1 1 1
27110 0 11322 10465 10465 18597 18594
9199 1 6691 2 1 3 1
6691 1 35867 1 1 1 1
15253 1 22571 3 1 1 1
22571 1 16934 5 1 1 1
12011 0 9758 1245 1245 3070 3051
12011 1 4723 2 1 2 1
27410 0 9758 7 7 220 203
11818 1 12928 3 1 2 1
14656 1 11818 2 1 2 1
16439 0 3281 7913 7913 21764 21761
3281 1 5769 2 1 5 1
23498 1 35393 1 1 1 1
12469 0 15650 399 399 670 669
19415 4 36359 128 123 17 17
19415 4 9039 823 817 99 99
15564 1 25098 2 1 2 1
29421 2 28324 22063 22062 27212 27212
4753 0 1271 74 74 175 167
403 1 1271 2 1 3 1
26741 1 17064 4 1 2 1
31116 1 29683 1 1 1 1
31116 1 10855 15560 15559 18807 18806
11565 0 19217 11323 11323 4448 4447
10666 1 2269 2 1 2 1
38441 0 610 1 1 40 6
40747 0 610 1765 1765 18076 18039
38589 0 610 801 801 6649 6613
39062 0 610 26 26 722 687
8986 1 27775 5 1 2 1
40597 0 1285 831 831 14603 14596
14201 1 22872 5 1 2 1
14201 1 22141 3 1 1 1
17803 0 34579 3 3 8 7
37095 0 34579 3 3 17 15
11611 1 4777 2 1 4 1
20848 1 4777 2 1 5 1
11687 0 11199 28 28 89 71
14407 1 11687 1 1 4 1
2991 1 29472 1 1 2 1
13950 0 13637 232 232 274 269
21726 0 13637 3 3 7 3
23452 0 27533 36954 36954 36241 36239
6739 1 1414 2 1 4 1
11097 1 1414 1 1 11 1
1379 9 8161 1 1 2 2
35420 1 23199 1 1 3 1
23199 1 8758 2 1 2 1
39781 4 29034 9336 9336 5485 5485
24328 1 26984 1 1 3 1
27592 0 883 7 7 986 764
26057 0 883 1 1 272 54
35017 0 883 4 4 454 233
31955 0 883 1 1 228 15
14966 0 883 2 2 230 16
11358 1 11357 2 1 1 1
21577 1 19963 2 1 2 1
28849 6 1609 12 9 18 17
1609 6 8263 71 65 22 22
8531 0 14081 688 688 2722 2711
28503 1 28407 1 1 1 1
39294 0 17478 1552 1552 15359 15355
40598 0 2348 24368 24368 21849 21847
23960 0 13199 19099 19099 25357 25354
399 1 398 4 1 2 1
24160 0 6684 89 89 60 57
40599 0 11712 12284 12284 12652 12651
18982 0 5876 5689 5689 8334 8332
18213 1 5876 671 669 689 689
5876 1 18213 689 689 671 669
34510 4 19961 137 135 28 28
30259 1 21208 5 1 2 1
17577 4 34771 348 348 340 340
30657 1 2445 2 1 1 1
19374 4 10501 28151 28151 28197 28197
26690 6 38361 39716 39715 37854 37854
5142 6 18018 2195 2180 194 194
8335 6 5142 64 53 53 52
7831 0 21055 851 851 2990 2986
27907 1 14404 4260 4259 8215 8213
14404 1 27907 8215 8213 4260 4259
1175 0 14404 1242 1242 705 703
25106 0 38339 15304 15304 4117 4117
7779 1 33053 2 1 1 1
4104 1 7779 1 1 1 1
7006 0 36034 6798 6797 7815 7813
35113 9 26863 1 1 1 1
12815 4 20100 123 101 16 16
9564 1 1329 1 1 5 1
21276 0 3984 7866 7866 23871 23862
1652 0 3984 18884 18884 36489 36479
3625 0 4435 1443 1443 5115 5112
31367 0 4435 3 3 15 13
30581 1 16682 1 1 4 1
36064 5 2176 5 5 2811 2709
99 5 2176 1 1 99 1
9641 5 2176 1 1 519 420
16171 5 2176 15 15 3844 3739
26128 5 2176 144 144 22851 22744
1908 5 2176 21 21 12073 11967
10424 5 2176 2 2 2179 2078
2176 1 11120 2 1 1 1
10 4 8672 13 8 5 5
4643 6 5961 99 93 3 3
16211 1 18929 1 1 1 1
4844 1 15639 2 1 2 1
21835 1 36257 1 1 1 1
32931 2 5970 1049 1048 7732 7727
19745 1 2237 4 1 4 1
10276 0 5907 3 3 11 8
20837 1 9151 1 1 3 1
15147 0 1938 4 4 77 71
18040 0 11068 15 15 265 251
5173 4 23709 67 62 16 16
15430 6 9646 586 585 109 109
15430 4 3544 36 20 5 3
1388 1 20463 1 1 1 1
39201 0 10557 2 2 20 12
4701 6 6142 1847 1847 1061 1061
39620 5 4701 1 1 22 1
17538 5 1819 44 44 20597 20556
14012 1 8954 5 1 4 1
5148 4 21781 19045 19045 15888 15888
22752 1 11878 4 1 3 1
26368 1 8800 1 1 1 1
24546 9 793 1 1 1 1
33697 0 1749 272 272 1271 1257
12548 1 7959 1 1 1 1
2170 6 36952 27 1 1 1
2170 6 1435 28 1 2 2
2170 6 17789 44 16 2 2
40628 0 2170 426 426 15189 15167
11745 1 17019 3 1 3 1
1914 6 18394 303 280 4 4
1914 8 19753 14775 14765 148 148
4058 0 9924 172 172 430 423
37876 0 4058 1 1 83 73
8628 0 14367 776 776 2752 2747
8628 3 14961 9761 9759 1581 1581
39060 0 9003 37576 37576 39976 39976
23809 0 3362 928 928 28734 28681
18746 0 3362 3117 3117 24657 24605
34253 0 3362 289 289 14494 14443
29236 1 35973 3 1 1 1
29236 1 29751 2 1 1 1
1764 1 26830 5 1 2 1
26830 1 1764 2 1 5 1
40262 4 38717 40821 40821 40935 40935
22671 0 21247 33601 33600 11700 11700
9129 4 26293 34 24 4 4
20158 1 33956 2 1 1 1
35386 0 2558 2 1 19 6
35386 1 4810 1 1 1 1
34559 0 2558 5 4 49 35
2101 1 33146 10 2 3 2
2101 1 20147 7 1 2 1
2101 1 15727 8 1 1 1
34312 6 40486 15097 15097 3765 3765
2381 6 39759 5367 5361 502 502
34198 0 4847 10898 10898 34493 34463
38741 0 4847 1 1 50 21
26334 1 17027 4 1 1 1
26334 1 11324 3 1 2 1
4277 0 4056 1622 1622 2143 2140
11573 0 4056 6503 6503 5707 5703
24326 1 19636 3 1 2 1
37944 0 6042 1 1 433 423
6042 0 11666 12 12 23 6
40749 0 24944 16879 16879 8965 8964
8498 1 7256 3 1 2 1
16881 1 9338 2 1 4 1
25360 1 30394 3 1 1 1
16533 1 457 2 1 3 1
16533 1 5139 1 1 3 1
5139 1 20874 5 1 1 1
113 6 26801 7 5 2 1
18225 4 31949 56 54 224 224
31096 0 26764 30645 30645 11601 11601
23445 1 20144 1 1 2 1
1322 6 37390 1154 1143 72 72
35223 0 31661 7101 7101 27696 27692
6083 4 7925 311 311 44 44
36842 0 4161 7 7 537 509
40673 0 4161 1711 1711 13523 13494
17498 1 21619 4 1 1 1
17498 1 1654 3 1 2 1
39970 0 3052 3691 3691 19713 19712
25857 0 28155 5856 5856 11599 11599
35205 0 10662 14 14 244 238
3104 0 10662 1048 1048 6390 6383
27896 6 40601 14133 14132 28023 28023
4359 1 21993 2 1 6 1
28307 0 21993 471 471 2458 2457
40602 0 300 685 685 14449 14342
21701 0 300 4835 4835 9262 9158
18354 0 300 1580 1580 11117 11012
7446 0 300 305 305 7876 7773
40703 0 300 49 49 12002 11896
21213 1 25178 2 1 1 1
11884 9 3041 5 4 1 1
9796 4 30359 808 805 171 171
4764 1 21744 5 1 1 1
13887 1 1866 1 1 1 1
13675 1 13726 2 1 1 1
27185 1 27184 1 1 2 1
29913 0 959 4392 4392 27372 27340
21128 0 959 24 24 1844 1814
30482 5 985 1 1 107 41
6067 5 985 1 1 70 6
12898 5 985 22 22 6131 6063
33867 0 985 14 14 1792 1787
19990 0 985 29 29 1531 1527
6754 1 35743 3 1 1 1
12952 0 38827 8202 8202 10799 10799
16576 1 38827 2 1 1 1
1678 7 27909 355 117 1 1
1678 7 17606 299 62 2 2
1678 7 34411 292 56 1 1
1678 7 38159 287 52 1 1
1678 7 33433 245 16 1 1
10710 1 38566 1 1 1 1
23757 2 2023 7 7 184 135
8705 2 2023 32 32 3146 3092
2286 2 2023 5 5 159 111
7964 3 1791 1 1 3 1
5580 0 3139 11730 11730 20809 20801
19705 6 7282 501 500 554 554
11170 1 15337 2 1 1 1
22652 4 28628 6371 6371 2233 2233
40603 0 5178 1804 1804 17151 17122
40753 0 5178 1617 1617 18944 18912
5607 1 5839 1 1 1 1
27112 0 5607 38963 38963 40205 40199
40604 0 3773 12759 12759 10664 10664
23502 0 3591 7069 7069 19179 19173
3591 1 23828 2 1 2 1
3591 1 4974 3 1 2 1
13512 1 11627 1 1 2 1
11627 0 32691 33128 33128 37012 37012
40605 0 7851 11861 11861 18362 18362
40536 0 2861 9718 9718 37634 37625
18541 6 29772 40907 40907 39837 39837
17171 1 14314 1 1 3 1
6430 1 1025 4 1 2 1
33808 0 12168 1 1 53 18
4680 3 30046 1186 1185 324 324
4680 1 4679 1 1 1 1
26874 1 21974 3 1 1 1
40606 2 9677 31963 31963 21620 21620
13297 4 19277 869 869 1370 1370
871 1 6778 2 1 5 1
6778 1 18012 6 1 2 1
3278 1 37105 1 1 2 1
40607 6 7316 5752 5752 25794 25793
40607 6 2974 18076 18075 21736 21736
39590 2 17930 3 1 10 1
35134 1 29177 1 1 2 1
37759 4 33633 27738 27738 22801 22801
18141 0 20337 30202 30202 40781 40774
25756 0 18141 32669 32669 33212 33212
31924 0 2137 1 1 15 3
16768 1 3527 2 1 1 1
15053 1 25331 3 1 3 1
2951 1 25331 4 1 2 1
26706 8 17041 54 46 14 11
26404 4 38397 413 413 206 206
40608 0 11269 5280 5280 11183 11181
570 4 37732 283 281 54 54
9157 2 17319 2 1 7 4
16875 1 3343 3 1 5 1
9424 9 9423 1 1 2 2
9424 9 30295 218 217 63 62
30295 9 9424 63 62 218 217
28528 2 1425 419 418 14820 14799
40661 2 1425 410 410 21997 21975
16252 0 2071 4 4 624 603
8344 1 23341 3 1 1 1
23784 1 34483 1 1 1 1
7763 1 7762 3 1 1 1
30165 5 860 1 1 75 6
17944 5 860 70 70 22612 22539
9290 5 860 3 3 920 850
15462 1 30636 3 1 1 1
35232 1 35821 1 1 1 1
25564 0 8404 67 67 20643 20625
33907 0 24173 4232 4232 7893 7892
26592 0 8194 4256 4256 9095 9092
483 0 8194 10517 10517 5065 5063
9566 1 3309 3 1 1 1
40609 0 27148 5605 5605 14576 14572
40718 0 2951 12231 12231 26724 26723
11761 1 12999 4 1 1 1
26237 1 26236 2 1 1 1
24009 6 38249 7 7 76 76
38964 6 24009 9066 9063 2646 2646
3708 0 9694 6092 6092 13193 13190
40610 0 22619 11073 11073 8814 8808
25185 1 32634 2 1 1 1
40611 0 12710 244 244 6146 6143
5005 9 12710 3 2 3 2
7711 4 13896 124 116 202 202
21444 0 1668 4 4 673 604
17426 0 1668 168 168 6758 6688
38358 0 1668 4675 4675 24096 24024
5746 1 1668 2 1 1 1
26493 0 228 299 299 1713 1639
40675 0 228 39 39 11053 10978
22038 0 228 815 815 13045 12969
12895 4 10906 4158 4156 6665 6665
40453 0 10316 1 1 16 8
112 6 11189 80 34 42 42
3830 1 905 1 1 6 1
708 1 707 4 1 3 1
22664 1 9804 1 1 3 1
36523 0 4686 11654 11654 19777 19777
35422 0 10385 5243 5243 11967 11965
30775 4 5073 37279 37279 40016 40016
5073 1 5072 1 1 2 1
10680 6 18425 3486 3485 1488 1488
15029 1 11029 3 1 3 1
38345 0 7537 16780 16780 37257 37256
350 4 38228 230 227 126 126
10620 0 1244 4 4 343 60
40677 0 1244 1 1 9004 8712
33735 0 1244 2 2 363 79
15016 0 1244 20 20 1723 1433
29065 0 1244 2 2 1098 809
15149 0 1244 1 1 312 31
16145 0 1244 1 1 331 49
10903 0 1244 1 1 304 24
4345 0 1244 2 2 375 90
30266 0 1244 3 3 440 154
36703 0 1244 1 1 296 18
19553 4 9540 114 114 85 85
450 4 20276 203 185 31 31
21982 4 450 43 37 20 20
37161 1 14121 1 1 1 1
20816 1 14121 2 1 2 1
11305 0 14274 7 7 19 14
12347 9 39027 1 1 1 1
17462 6 8373 954 939 72 72
17462 6 38751 2470 2454 67 67
11067 1 10029 1 1 1 1
5221 1 11848 1 1 1 1
6901 1 3580 4 1 3 1
15047 9 3513 4 1 3 1
3513 1 12072 7 1 6 1
19227 0 8492 30554 30554 27652 27649
12728 4 4840 10 1 9 9
12728 4 40336 13701 13691 2069 2069
1053 1 5405 3 1 1 1
1053 0 507 26090 26090 32030 32013
523 6 11110 28 2 3 2
34511 0 17252 2 2 85 73
11212 1 11211 2 1 4 1
8644 1 17442 3 1 1 1
40700 0 8644 600 600 6045 6033
19547 0 23405 1580 1579 7342 7332
3994 1 3993 6 1 4 1
31541 0 27211 23798 23798 33489 33487
36276 0 3679 561 561 9803 9793
40613 0 3721 4211 4211 22878 22842
14007 0 34084 223 223 440 436
26371 0 12250 8 7 198 196
28054 5 12250 327 327 23955 23942
39517 2 40614 25776 25775 25942 25942
40614 0 621 16636 16636 23308 23306
6014 0 1641 29655 29655 24771 24766
4778 0 1641 24442 24442 32133 32127
12527 1 31620 2 1 1 1
24997 4 4731 30044 30044 23089 23089
36026 0 2392 4911 4911 24128 24127
37802 0 2392 1360 1359 8479 8479
4182 4 2884 15 4 1 1
4182 4 36637 1831 1819 38 38
36637 0 1378 2 2 112 52
38852 1 36779 2 1 2 1
7696 0 251 6 6 1845 1791
28258 0 251 1544 1544 25767 25712
39711 0 251 3957 3957 38847 38791
24111 1 24110 1 1 1 1
40306 0 18126 501 501 13880 13871
12124 1 12123 1 1 2 1
15913 5 4475 2 1 74 54
19517 0 15913 3 3 15 11
4475 0 3779 214 214 1250 1198
39636 0 19687 14488 14488 24056 24055
11271 1 27213 1 1 2 1
11271 1 32517 7 1 2 1
32517 1 8906 1 1 6 1
24608 4 30747 21 19 1 1
23217 1 24399 2 1 2 1
29094 0 19267 24913 24913 32753 32751
3498 1 449 1 1 2 1
449 0 18847 9779 9779 11680 11680
17435 1 8639 2 1 2 1
37239 2 1136 2 2 212 142
40615 0 34949 40737 40737 29186 29185
36310 0 13741 8 8 31 24
36310 1 33374 2 1 1 1
19988 0 5541 1766 1766 5676 5665
3478 1 3477 1 1 1 1
39338 0 2342 5 5 67 63
37502 2 2524 10 9 2020 1977
38205 2 2524 2 1 46 5
2714 8 39449 109 91 1 1
2714 8 36914 32558 32539 3394 3394
2714 8 10915 33255 33235 9448 9448
10239 1 23646 1 1 2 1
6491 4 33367 27689 27687 9118 9118
8572 1 2319 3 1 6 1
2203 1 3505 6 1 3 1
2203 1 2202 5 1 2 1
7534 1 2203 2 1 4 1
4312 9 1881 1 1 1 1
1881 1 32034 1 1 2 1
22224 2 6577 2 2 93 41
37828 2 6577 1 1 305 252
34631 2 6577 2 2 72 21
18135 3 961 7 5 8 7
18135 3 20631 2 1 2 1
20631 10 24127 1 1 1 1
26739 0 18996 3000 3000 12382 12374
26740 1 26739 2 1 1 1
40616 0 37405 29441 29441 15895 15894
32555 1 16514 1 1 1 1
57 1 14678 7 1 1 1
1750 1 14678 4 1 2 1
14678 3 3713 4 1 4 1
14678 3 24654 3 1 5 1
40617 0 20218 598 598 8641 8636
13411 1 23555 3 1 4 1
5505 0 11298 2858 2858 6543 6540
5505 3 11131 4 1 5 1
19316 0 4045 37917 37917 40336 40335
4899 1 9805 5 1 2 1
21273 4 25459 11 2 1 1
30787 0 1897 345 345 17439 17366
30787 1 8109 1 1 2 1
40728 0 1897 129 129 18771 18696
17481 0 1897 790 790 18016 17942
40740 0 1897 44 44 14635 14563
4621 1 4620 2 1 5 1
14843 0 23268 15194 15194 26694 26690
12016 1 12015 1 1 3 1
19364 1 19363 3 1 1 1
40432 0 5164 29 28 900 891
34663 2 34482 40621 40621 36244 36244
4270 7 27605 1161 1122 1 1
4270 7 39989 45 7 1 1
24865 1 29189 2 1 2 1
10074 0 7611 22 22 118 108
30125 4 21696 378 377 247 247
5262 6 1060 37381 37379 9698 9698
4252 1 4251 1 1 4 1
22399 1 16355 10064 10064 6564 6559
40351 0 23777 5844 5844 715 715
28134 0 25797 396 396 692 692
36095 0 17496 24534 24534 22331 22330
40618 0 20146 25163 25163 19770 19769
11641 3 6465 12725 12720 2156 2156
17723 1 36872 1 1 1 1
40243 0 9712 478 478 7468 7464
31655 6 23676 970 967 326 326
7363 1 9383 2 1 6 1
927 1 19126 2 1 1 1
18550 1 11874 5 1 3 1
6872 1 17571 3 1 2 1
22182 1 3015 1 1 2 1
31726 0 2708 1 1 28 2
10510 1 31299 3 1 2 1
10510 1 11468 2 1 2 1
5637 0 14019 3667 3667 4980 4968
37295 0 5637 14161 14161 26383 26365
40651 0 14019 2739 2739 16631 16618
19127 0 32193 9767 9767 16711 16709
40619 0 17352 13527 13527 21543 21543
18931 1 7658 3 1 1 1
24917 1 24916 1 1 1 1
14958 0 8926 37667 37667 31099 31096
2199 0 12062 2151 2150 6411 6407
37781 4 33570 57 57 51 51
2638 1 13670 6 1 5 1
4988 6 37733 40272 40271 33195 33195
7538 0 2453 15951 15951 37860 37806
6470 0 2453 333 333 6750 6699
3450 0 2453 3954 3954 19230 19177
23404 1 36206 1 1 1 1
18078 1 18077 1 1 1 1
12966 4 7733 25 24 2 1
2725 6 35944 258 255 37 37
2725 6 38746 5846 5842 1664 1664
6374 1 6373 3 1 1 1
18028 4 23156 7181 7179 2224 2224
27874 1 9022 1 1 3 1
7520 0 6342 21 21 61 60
26885 1 36088 5 1 1 1
40337 0 3712 847 847 18779 18770
11866 0 2723 2 2 54 19
40672 0 2723 59 59 12083 12046
19663 5 5949 12 12 2314 2307
10405 4 39191 71 68 7 7
31833 0 2612 25306 25306 36434 36432
27749 0 2612 215 215 304 303
36563 6 10574 5 3 16 15
40621 0 17882 9222 9222 18453 18452
6572 1 34940 38253 38248 31620 31620
2450 1 6572 2 1 5 1
34940 1 6572 31620 31620 38253 38248
11303 0 16874 10295 10295 7992 7990
3894 6 39306 2001 1993 404 403
38351 1 38350 1 1 1 1
221 3 8712 3 1 4 1
8712 3 2533 5 1 3 1
40622 0 140 14323 14323 11304 11298
16189 1 10946 4 3 27 24
22380 1 29033 5 1 2 1
33769 1 969 1 1 2 1
21347 6 28199 3519 3519 985 985
5013 4 21215 224 223 138 138
40623 0 9319 6650 6650 12673 12671
9319 6 20165 21614 21610 12085 12084
22384 1 2522 2 1 2 1
30132 1 32978 2 1 1 1
28058 6 25609 22528 22522 17802 17801
4994 1 4993 1 1 2 1
515 0 2507 3 3 15 10
515 1 25909 5 1 2 1
2739 1 8642 6 1 1 1
8991 0 10772 7664 7664 26564 26552
1796 0 10772 2716 2716 4194 4184
28422 0 10772 118 118 1757 1748
21206 0 10772 1701 1701 13134 13123
3799 0 507 5404 5404 23084 23068
3335 4 15150 18 14 30 30
28623 1 16535 1 1 2 1
2736 4 39631 59 16 1 1
30472 0 13465 1077 1077 8320 8319
33343 1 22 1 1 3 1
10950 1 13236 5 1 4 1
2967 1 2966 1 1 5 1
39937 0 7513 306 305 1294 1294
9419 1 9418 2 1 3 1
39013 1 36698 1 1 1 1
29610 1 10919 1 1 1 1
4538 3 20612 15952 15952 3463 3463
30780 0 35793 20788 20788 24815 24814
24724 0 8582 3202 3202 21726 21718
8582 3 31244 28271 28271 3023 3023
32853 1 1076 1 1 3 1
16397 1 1054 5 1 7 1
1054 1 16397 7 1 5 1
20574 1 20573 1 1 1 1
17492 1 25092 2 1 3 1
38372 5 9152 6888 6888 34201 34197
20274 0 9152 496 496 4387 4386
20264 1 24542 2 1 3 1
18955 0 7329 88 88 286 279
23987 0 4369 242 242 3029 3009
4369 0 3 176 176 345 332
2124 1 1068 4 1 3 1
33595 0 1068 170 170 2312 2295
5628 7 37755 194 162 2 1
5628 7 12647 27 1 2 1
3996 1 6728 2 1 11 1
40624 2 8477 161 161 17665 17646
40625 2 1565 297 297 20367 20351
36784 2 1565 2031 2030 25507 25490
2962 4 22234 139 109 3 3
2962 4 29412 46 17 8 8
6633 7 36193 1241 1231 1 1
40626 0 614 25430 25430 19777 19774
31835 1 5813 2 1 8 1
25903 0 9834 909 909 1294 1289
16418 0 8858 23022 23022 39058 39046
32204 1 21012 2 1 4 1
36815 4 18543 6243 6243 8580 8580
5960 1 5959 1 1 3 1
5959 1 20633 2 1 1 1
3186 0 19366 1 1 8 2
34490 0 19366 1 1 6 1
9285 4 3566 1384 1381 1285 1285
28491 0 21937 22168 22168 35993 35993
14560 0 3579 1458 1458 25897 25884
1548 0 13970 1080 1080 2162 2155
24781 0 9745 1113 1113 9453 9450
37605 1 10437 1 1 2 1
21783 4 36057 191 185 3 3
39777 0 28386 1 1 1 1
12874 0 25149 5 5 41 36
34886 0 19548 31941 31941 37889 37888
38549 0 3218 5389 5388 20223 20216
6806 0 3218 4 4 10 4
5707 1 9142 2 1 4 1
21471 0 21813 1 1 15 12
3766 8 8009 85 79 14 11
13145 1 9402 2 1 3 1
17843 0 28399 342 342 223 223
40627 0 1666 3724 3724 23900 23889
1666 0 8325 15 15 22 13
654 0 412 6540 6540 3266 3259
14956 2 12037 6604 6603 35027 35022
617 6 6774 18 4 3 1
9968 1 9967 2 1 3 1
27085 0 35359 2910 2910 7489 7489
1637 1 34420 3 1 2 1
5730 0 36803 38760 38760 33886 33884
838 6 32152 23 15 1 1
23103 0 3276 335 335 6946 6928
35721 0 3276 43 43 3792 3775
18987 1 3276 4 1 2 1
40629 0 36565 11518 11518 8353 8352
1164 6 6638 62 57 4 2
34239 9 18569 1 1 2 1
11837 4 28447 10372 10365 11088 11088
28130 0 12447 25862 25862 37930 37926
3649 1 31930 2 1 1 1
11584 0 5856 4437 4437 21221 21193
15608 0 11584 2252 2252 1829 1826
33433 0 9304 43 42 1249 1239
11509 6 13575 10074 10073 1368 1368
3459 1 18716 5527 5516 5268 5268
28208 1 3459 1 1 9 1
18716 1 3459 5268 5268 5527 5516
33370 4 36554 38 38 31 31
36554 4 19332 36666 36666 31646 31646
28158 1 24705 2 1 1 1
3450 1 13968 2 1 2 1
32129 0 885 3439 3439 11412 11405
23550 0 341 3971 3971 17807 17801
20836 1 23921 4 1 1 1
23921 1 19782 2 1 1 1
20335 0 25270 2 2 10 10
32163 4 27952 90 89 71 71
22393 0 1973 506 506 12546 12490
40727 0 1973 316 316 15365 15308
25244 0 1945 7618 7618 39251 39227
33880 0 1945 2144 2143 33394 33371
24265 1 658 1 1 2 1
8592 1 8591 3 1 4 1
799 6 14682 484 466 17 16
799 6 23999 48 31 8 7
36839 0 32330 964 964 4108 4108
9877 9 17446 1 1 2 1
9284 6 40237 32085 32085 24756 24756
8440 0 10175 595 595 3161 3156
15799 6 17610 9240 9228 14702 14702
1955 1 12334 1 1 1 1
15612 1 33784 1 1 3 1
26154 6 29880 3 1 2 2
27300 1 30734 4 1 1 1
27525 0 3582 1669 1669 14877 14850
30440 0 27525 273 273 392 391
11629 1 3582 4 1 1 1
3325 0 31371 33530 33530 39512 39509
8222 0 5081 378 378 1461 1459
9760 1 9759 1 1 1 1
1709 1 2722 5 1 1 1
12888 6 33923 15538 15537 2506 2505
23634 0 4578 24479 24479 20747 20745
3258 9 23634 1 1 2 2
17187 1 13864 1 1 2 1
17187 1 11812 4 1 5 1
17187 1 6726 2 1 4 1
9561 4 39738 45 40 3 3
40630 0 4049 8333 8333 24021 24006
23531 0 4049 432 432 14780 14767
19 1 6484 8 1 2 1
19331 0 6850 7 6 34 10
27088 1 9828 1 1 1 1
35702 0 15222 2095 2095 4364 4362
20635 6 21042 1546 1544 32 32
22261 1 13269 1 1 3 1
22970 1 22969 4 1 1 1
18827 4 15294 5207 5207 2711 2711
9782 1 3951 1 1 1 1
35390 0 7258 25775 25775 14336 14336
36733 6 32656 31661 31661 39858 39858
38009 0 28740 3757 3757 7832 7831
26011 2 4090 5939 5937 30874 30844
36107 2 4090 2 1 36 7
33747 1 4090 1 1 2 1
36531 2 499 2 2 59 26
24281 1 11177 1 1 3 1
1223 7 34593 963 950 3 3
24757 1 2423 2 1 9 1
2423 1 2422 6 1 1 1
22776 1 9885 2 1 1 1
15285 1 9885 2 1 4 1
9885 1 28854 5 1 2 1
10713 4 34491 4197 4191 2076 2076
21164 0 1390 104 104 1534 1523
32940 0 30056 1897 1897 8108 8107
21775 0 25753 1019 1019 2792 2791
33648 1 6674 1 1 2 1
2761 0 4715 85 85 380 366
6696 0 4715 32 32 213 200
17030 9 4295 1 1 3 3
13412 0 21233 70 70 320 318
28826 1 6595 3 1 1 1
20832 1 11711 1 1 2 1
14280 1 11926 1 1 4 2
29160 1 15901 3 1 1 1
16032 6 33387 99 89 11 7
11676 0 14498 6 6 92 82
16565 2 11676 14549 14549 12377 12376
31288 6 28201 17191 17191 16186 16186
40631 0 12856 25460 25460 11724 11722
24723 1 5785 4 1 4 1
4523 1 5616 3 1 3 1
12257 3 13172 6 2 3 1
12257 3 535 1 1 1 1
26683 0 5772 1 1 33 1
336 1 17653 3 1 3 1
1046 7 15073 1728 1610 1 1
1046 7 30406 3175 3056 1 1
1046 7 27214 116 3 1 1
1046 7 33079 7295 7175 2 2
1046 7 5787 129 14 1 1
2624 1 19875 2 1 3 1
19876 1 19875 1 1 4 1
15802 0 7902 391 391 95 92
9265 0 3141 1 1 55 4
12722 0 3141 2 2 102 50
10103 0 3141 11 11 491 438
7145 5 1658 1 1 53 42
7145 0 1669 457 457 1921 1915
12738 5 1658 87 87 25793 25781
17951 0 1658 8627 8627 34012 34006
27703 9 34293 2 1 1 1
29800 4 28661 32 31 7 7
6381 1 190 4 1 1 1
859 9 12748 1 1 1 1
30017 1 859 2 1 1 1
18820 1 11268 1491 1488 2331 2330
1823 0 4690 32963 32963 33875 33875
21777 0 6768 16758 16758 40085 40084
6768 6 21336 5 3 2 1
40091 0 4569 8800 8800 33392 33375
14867 2 741 1 1 43 1
14867 4 4956 17 17 36 34
12851 2 741 1 1 41 1
20925 1 20924 2 1 1 1
1674 1 931 1 1 1 1
34244 0 32041 5029 5029 4231 4231
40632 0 7551 263 263 13894 13861
14712 0 7551 347 347 1776 1744
2716 1 35898 4 1 1 1
40633 0 13777 1282 1282 14865 14855
37358 1 31163 1 1 2 1
11679 7 23483 3141 3135 7 7
7229 4 27626 21 5 5 5
22653 0 16517 25170 25170 15065 15065
16217 0 5288 127 127 2287 2283
2278 6 26447 361 352 11 11
24890 4 33643 24 23 6 6
32433 0 15559 19662 19662 22916 22914
22947 3 32423 22209 22207 7517 7517
23487 9 11721 1 1 1 1
15940 1 23487 2 1 2 1
23487 0 13665 316 316 596 594
18752 1 299 2 1 3 1
18752 0 8047 13912 13912 37446 37439
15683 6 19775 4 2 30 29
39821 0 33635 38 38 867 865
12743 1 17790 2 1 8 1
40634 0 28094 7786 7786 14141 14136
2256 1 14167 3 1 1 1
18933 4 20525 30 27 22 22
17224 1 10004 5 1 3 1
37117 0 6089 608 608 5435 5424
3733 1 37117 2 1 1 1
2521 0 8501 7231 7231 6446 6441
16781 1 14407 6 1 2 1
14716 0 14407 3738 3738 8989 8987
8270 0 36693 102 102 33 32
6368 5 4264 3 1 7 1
35387 1 19174 1 1 3 1
13187 1 18773 4 1 1 1
10051 0 11733 17 17 153 146
26059 4 39209 3 2 1 1
11003 1 3102 4 1 2 1
10718 1 11003 1 1 1 1
11003 0 12665 38873 38873 36205 36204
3102 0 37135 2 2 4 3
18521 1 21925 1 1 2 1
8854 1 7411 2 1 3 1
16381 0 23939 121 121 3 3
451 0 1929 1 1 244 18
33456 0 1929 1 1 266 37
24694 0 1929 1 1 229 12
39387 0 1929 1 1 218 7
7613 1 12661 4 1 1 1
7197 1 15448 3 1 2 1
17662 1 15448 1 1 1 1
37672 0 16158 5994 5994 10014 10014
21547 1 21546 1 1 2 1
10702 1 23017 3 1 1 1
438 1 34948 1 1 1 1
18006 4 18624 422 422 411 411
9736 0 18836 672 672 11048 11046
26667 1 37019 1 1 1 1
2440 0 6281 26 26 446 438
26061 1 34300 2 1 1 1
7854 1 4665 3 1 2 1
4819 4 14283 201 199 19 19
38806 0 30214 14844 14844 13008 13008
8314 1 16121 4 1 3 1
39546 0 27758 12 11 295 290
19102 2 1216 10 9 599 597
29584 1 17589 3 1 2 1
23903 0 2218 1739 1739 26322 26314
10504 6 23689 91 85 14 13
21753 1 24319 1 1 1 1
27512 2 9554 481 481 14943 14941
33772 0 18060 2994 2994 3722 3721
40635 0 11401 2519 2519 26594 26586
37827 0 12143 660 660 4078 4075
10219 1 15914 2 1 4 1
40636 0 10144 1702 1702 5752 5746
25012 1 28395 1 1 1 1
10163 1 36165 2 1 2 1
13634 1 16425 3 1 1 1
10718 1 3101 3 1 3 1
32269 4 13378 79 78 113 113
132 6 7098 37813 37786 31015 31015
132 8 30058 70 43 2 1
24046 2 7098 1 1 6 4
34096 2 6504 3 2 6 3
16928 1 39641 3 1 1 1
10361 0 11019 155 154 2059 2058
31941 1 1800 6501 6501 16553 16551
1800 1 31941 16553 16551 6501 6501
15215 0 10045 6433 6433 7028 7028
13118 4 38898 2876 2870 47 47
32650 1 7755 1 1 3 1
12467 4 34649 8 2 1 1
9896 1 18285 1 1 1 1
7667 1 12425 2 1 4 1
13792 1 1506 3 1 2 1
27011 1 15878 4 1 3 1
29234 0 35329 39328 39328 33356 33356
7943 0 10653 513 513 773 767
17967 0 7943 4 4 17 12
27950 1 7080 1 1 3 1
32191 0 30183 5305 5305 5270 5270
8067 4 31485 36 36 36 36
40637 2 3638 911 911 16870 16867
3845 0 33389 23 23 37 30
34507 0 1864 1298 1297 10214 10214
1864 4 25736 110 31 29 29
1864 4 34970 182 101 2 2
9467 1 9580 2 1 1 1
13612 1 17386 2 1 1 1
13700 1 35600 3 1 1 1
4329 0 8286 37 37 491 487
32613 1 25386 1 1 1 1
5658 1 17587 2 1 5 1
5658 1 6582 3 1 9 1
39787 0 127 2 2 61 24
14136 0 127 359 359 1382 1344
13276 1 13275 1 1 2 1
40639 0 13366 19408 19408 20141 20141
13367 1 13366 2 1 1 1
40275 5 7288 2 2 3633 3619
1302 0 875 471 471 1676 1676
1302 1 25385 3 1 2 1
875 1 12410 3 1 2 1
4494 1 89 2 1 2 1
18990 0 89 9559 9559 22223 22206
40640 0 24053 28906 28906 19976 19975
18859 1 233 1 1 6 1
12436 0 233 31135 31135 39556 39556
7065 1 30772 4 1 1 1
934 0 7065 1 1 3 3
2370 4 38227 13 1 2 2
2370 4 36484 53 32 4 4
25146 1 23224 1 1 2 1
30650 5 5167 45 45 21447 21429
4399 0 17631 766 765 437 435
4487 1 23828 2 1 4 1
40641 0 6889 3870 3870 12084 12080
14877 0 673 2 2 110 91
11236 1 11235 1 1 1 1
18886 1 5777 1 1 1 1
23603 1 14746 2196 2194 1742 1741
38534 6 21834 1 1 3 3
29015 4 35243 192 192 87 87
5305 9 11107 1 1 2 2
1754 1 11107 6 1 2 1
4526 0 16078 559 559 6769 6756
33020 0 17455 6 6 184 179
11439 0 3779 1004 1004 13247 13193
11995 6 27315 3583 3573 193 193
4069 1 10264 3 1 3 1
16543 2 7941 9709 9709 25778 25777
30820 4 40098 441 441 124 124
7608 6 17250 3099 3099 9448 9448
34850 0 14755 65 65 159 158
29978 0 14755 108 108 716 714
1608 0 27044 8 8 8 5
21522 0 4706 696 696 2168 2168
21523 1 21522 1 1 2 1
18705 1 10129 2 1 3 1
4870 4 23128 27 9 2 2
7327 1 28238 1 1 1 1
34202 0 26992 695 695 1522 1522
36557 0 6350 86 86 350 344
35418 1 29484 2 1 1 1
7541 0 4367 5738 5738 14731 14702
11932 4 32067 24 10 2 2
10275 0 17996 27817 27817 31553 31550
39456 1 19704 1 1 3 1
18323 0 586 3 3 396 318
13562 0 586 16 16 1494 1415
4417 1 586 2 1 5 1
7278 1 586 1 1 9 2
27593 1 12739 1 1 1 1
12739 1 21738 3 1 3 1
12654 0 8574 3 3 2 1
9238 1 23492 4 1 2 1
31611 0 7155 148 148 4910 4904
7156 1 7155 2 1 1 1
7155 0 32985 8253 8253 3294 3292
16869 0 14047 3230 3230 9640 9637
2512 1 11785 1 1 4 1
11088 1 10937 2 1 4 1
28051 4 23671 164 164 236 236
20731 0 20684 15767 15767 17943 17942
4385 1 3236 1 1 3 1
9432 9 1667 4 2 2 1
9432 0 10503 5794 5794 1279 1279
40643 2 3999 949 949 22915 22874
40646 2 3999 308 308 19211 19172
40743 2 3999 63 63 13536 13499
40711 2 3999 48 48 9395 9359
40755 2 3999 315 315 19956 19916
12237 1 7953 3 1 4 1
25278 1 37411 3 1 2 1
408 4 23469 139 137 8 8
1148 0 17366 5578 5578 32412 32404
7956 0 627 2 2 5 5
9729 1 6968 1 1 7 1
24511 0 1344 25 25 158 158
27740 0 26327 26 26 85 80
7986 8 7255 17922 17916 3300 3300
7381 1 25502 3 1 1 1
2902 1 11262 5 1 3 1
9042 1 10887 3 1 4 1
9043 1 9042 3 1 1 1
6541 9 6540 1 1 1 1
40644 0 9111 10138 10138 20677 20671
26375 1 21045 1 1 2 1
1257 1 11847 1 1 2 1
19650 1 21679 1 1 1 1
4031 1 5234 7 1 2 1
40645 5 20085 1674 1674 18783 18782
12097 1 7899 3 1 2 1
12097 1 15381 2 1 1 1
15381 6 27596 10 8 38 37
3911 1 3910 1 1 2 1
6582 1 4443 8 1 5 1
16646 1 30805 5 1 3 1
37036 1 4229 14005 14005 36234 36230
12072 6 37740 5 2 1 1
2007 2 12273 1 1 48 2
11567 0 73 14613 14613 39548 39537
10875 0 11567 20090 20089 23607 23607
18947 5 73 30 30 9120 9062
40724 5 73 5 5 11524 11465
27976 1 38676 1 1 1 1
33023 4 28124 196 195 29 29
21030 1 8155 1 1 1 1
27238 5 13249 2 2 38 23
5870 1 5622 4 2 9 7
5622 1 5870 9 7 4 2
27901 0 19859 36202 36202 30843 30841
40662 0 19859 31262 31262 17147 17146
31613 0 29521 2787 2787 5058 5057
17378 0 6050 82 82 323 322
40155 5 4554 9 9 2900 2892
40527 0 7268 15 15 67 59
14066 1 11728 1 1 6 1
26527 1 20615 1 1 3 1
33593 9 20131 1 1 2 1
27280 1 21426 1 1 2 1
3040 1 17693 2 1 2 1
25658 0 485 29846 29846 29477 29476
18469 5 129 1 1 83 39
28264 2 19665 2 1 3 1
27241 5 5742 1 1 114 93
5026 0 25220 14792 14792 16897 16894
11821 0 23942 1 1 5 4
28145 0 21469 8168 8168 9712 9712
36421 0 23934 23932 23932 19499 19499
5784 1 37926 4 1 1 1
10931 6 4938 248 247 211 211
1857 6 34576 3335 3302 75 75
1857 8 29220 6090 6079 43 43
11116 1 11115 2 1 2 1
3144 1 34206 2 1 1 1
29262 1 30989 1 1 1 1
1904 0 13709 1259 1259 9609 9590
10949 1 12159 4 1 1 1
10852 1 10851 1 1 1 1
38604 0 9315 30559 30559 40367 40365
40648 0 20404 18356 18356 24837 24835
455 10 12842 1 1 1 1
5537 6 32458 8109 8109 2088 2087
3621 1 28895 15 1 1 1
4946 9 20388 1 1 1 1
37381 5 2404 2 2 1365 1302
18509 5 2404 45 45 24135 24071
34190 0 4417 3556 3556 26214 26210
7826 1 7825 1 1 2 1
7825 1 29516 1 1 1 1
10788 1 10787 2 1 1 1
13090 1 23239 1 1 3 1
21630 1 3350 2 1 1 1
40681 0 21630 4832 4832 19432 19431
40020 1 27893 1 1 1 1
192 0 3182 92 92 332 285
40659 0 3182 6422 6422 21665 21617
25380 1 34263 1 1 1 1
40649 0 16215 17838 17838 25823 25822
40446 1 23732 84 84 2526 2523
23732 1 40446 2526 2523 84 84
34086 6 5206 34 34 1 1
2858 0 20996 5 5 7 4
18116 0 20996 880 880 2094 2090
10925 1 12946 3 1 3 1
29210 0 28005 21940 21940 29461 29458
27124 0 25522 1675 1675 2385 2382
12679 0 25522 15508 15508 24129 24125
40650 0 7972 845 845 8951 8934
637 8 34610 6244 6221 104 104
8063 1 12534 6 1 1 1
18731 1 18730 2 1 1 1
20947 2 909 2 1 28 22
1431 4 36937 23 8 42 42
15092 4 39339 24596 24592 6180 6180
8626 1 17737 2 1 1 1
8142 0 267 1657 1657 2217 2195
13601 0 267 2240 2240 6835 6811
4749 1 3012 1 1 3 1
34451 0 4286 17905 17905 39026 39017
19033 0 4286 359 359 4755 4747
4562 1 2073 4 1 6 1
2073 0 12505 8 8 14 7
31431 0 724 411 411 10437 10419
38103 0 724 429 429 7683 7666
40654 0 724 592 592 20694 20674
16201 1 29447 3 1 1 1
5631 1 37242 2 1 1 1
8758 0 904 765 765 15981 15968
4273 0 20274 19102 19102 19608 19607
7509 1 28460 2 1 1 1
24248 1 26008 151 151 3423 3421
16580 0 4596 12 12 7506 7434
31450 0 4596 3265 3265 26450 26377
26018 2 7003 2166 2166 26013 26012
27767 0 33139 512 511 42 42
11803 1 3063 4 1 4 2
40671 0 11803 3932 3932 18370 18369
8515 0 9557 33 33 942 922
30217 4 31100 10 3 5 5
149 0 8325 2 2 30 20
16886 0 8325 3602 3602 22346 22335
6021 3 6419 35983 35983 28471 28471
8937 1 15399 2 1 2 1
15399 0 15413 120 119 54 53
16850 0 2816 4355 4355 19600 19589
1495 1 1496 3 1 1 1
22266 1 13419 3 1 1 1
4036 6 25770 3 1 2 1
9661 1 35820 7 1 1 1
33793 5 226 895 895 38489 38479
7617 0 3106 33 33 65 65
25454 0 8768 22999 22999 28789 28789
40652 0 19798 12300 12300 13560 13558
12951 1 6835 1 1 3 1
13042 1 35270 2 1 1 1
22965 1 29226 2 1 1 1
27680 4 33739 8 7 3 3
1899 1 12199 2 1 2 1
28178 1 1166 2 1 1 1
7900 0 1166 5263 5263 20443 20433
23262 6 32818 311 310 35 35
5593 6 11394 32096 32093 12670 12670
8267 1 5593 1 1 1 1
3044 1 2035 9 2 5 1
3044 1 16109 7 1 2 1
21419 4 26177 467 466 91 91
21419 4 31110 37981 37979 20158 20158
13244 1 13243 1 1 1 1
29344 0 8327 170 170 5927 5918
33450 4 37712 276 276 328 328
35194 4 34100 3739 3737 6053 6053
40655 0 9708 8805 8805 14600 14591
11987 1 24184 1 1 2 1
40067 0 28616 20033 20033 25402 25402
11962 0 5446 1 1 22 4
40656 0 23923 39707 39707 30989 30987
17906 1 39780 1 1 1 1
12010 0 12867 13 13 35 35
27741 0 9592 1526 1526 2331 2321
31815 0 20618 3374 3374 3131 3130
36783 1 30240 1 1 2 1
18655 0 7908 5329 5329 18367 18365
6243 1 7908 2 1 11 4
24740 1 21889 1 1 2 1
4775 1 10634 1 1 3 1
25665 0 1971 11809 11809 30509 30498
1669 3 13851 300 295 323 323
2025 6 7292 9887 9885 586 586
14912 1 32715 4 1 1 1
12038 0 38396 2189 2189 4346 4346
35926 5 7786 80 80 25460 25440
825 4 18445 23 12 2 2
40657 2 26386 7822 7822 18137 18137
20788 1 2698 4 1 4 1
11974 1 28533 3 1 2 1
40658 0 20524 34564 34564 16753 16751
30364 0 7177 13254 13254 24828 24822
17270 0 3160 7 7 47 31
29793 0 3160 10520 10520 39674 39657
23134 2 3167 6908 6907 37925 37903
11450 0 3167 32 32 351 340
12666 8 16098 25016 25008 2859 2859
12666 8 36039 32871 32862 16578 16578
31571 0 30708 31109 31109 38236 38234
5912 1 2368 4 2 4 1
31386 1 8649 1 1 1 1
982 1 215 2 1 6 1
33373 0 6364 742 742 2990 2986
13857 6 25567 11922 11922 19805 19805
13500 0 351 1 1 131 7
22904 0 351 2 2 262 137
28665 0 351 1 1 129 6
40717 0 351 231 231 15283 15157
18938 0 5892 43 43 354 347
16099 1 26369 2 1 1 1
2721 9 2720 1 1 1 1
24582 0 15825 40 40 110 105
32819 1 28176 1 1 2 1
36852 4 37506 69 69 30 30
2214 0 15911 33488 33488 30573 30573
4259 1 4258 1 1 3 1
257 1 24309 1 1 1 1
4917 0 9090 8 8 6 5
9090 1 14439 1 1 6 1
20691 0 1251 1 1 9 5
27447 1 14144 1 1 2 1
40664 0 2231 1051 1051 21203 21174
16037 0 2231 57 57 3345 3317
13008 1 27465 2 1 2 1
11452 0 25129 2267 2267 5514 5510
231 0 1467 880 880 11391 11348
3531 0 28084 39326 39326 31939 31939
3531 1 4181 2 1 2 1
6594 1 4528 1 1 2 1
19437 0 14525 112 112 3868 3833
8031 0 14791 42 42 860 849
31367 1 1787 1 1 2 1
9853 1 760 3 1 2 1
27431 0 39165 36748 36748 32680 32680
36977 0 5846 1 1 36 6
3013 0 40092 216 215 37 36
2724 4 36323 49 19 1 1
7159 4 9738 13829 13826 9756 9756
38226 0 6849 2 1 16 11
4087 3 16968 4 1 2 1
4087 3 4129 3 1 3 1
31274 1 31273 1 1 1 1
5582 1 25676 9 1 1 1
25982 1 16758 1 1 3 1
16758 1 25203 4 1 2 1
1131 4 12184 52 6 2 2
22246 0 24779 2682 2682 2452 2450
15361 6 28949 19681 19681 30671 30670
36223 0 8406 19504 19504 40719 40709
1772 8 35641 25012 25011 3086 3086
1772 8 37471 22770 22770 4162 4162
8336 2 1773 1 1 9 1
19749 1 22236 1 1 1 1
36152 0 33158 14685 14685 10969 10968
9803 4 33158 1254 1251 159 159
31178 6 27506 21 19 4 3
19480 0 22889 25191 25191 24911 24911
1803 1 3108 9 1 3 1
3108 0 30670 602 602 1917 1915
23633 1 27801 3 1 2 1
10997 5 6030 9060 9060 35311 35309
10997 1 30683 2 1 1 1
4151 6 35893 14 5 1 1
21421 3 7727 2 1 2 1
8947 4 25382 139 137 15 15
28887 1 2749 2 1 7 1
30602 0 7963 10551 10551 18515 18510
28803 1 7236 1 1 1 1
17376 6 18797 13 1 6 6
18797 6 7347 24 20 3 3
4486 1 6243 5 1 1 1
38461 0 30319 8663 8662 18759 18755
10089 1 7989 1 1 9 1
12058 1 2312 1 1 10 1
8268 1 5633 3 1 1 1
40666 0 16421 34014 34014 12157 12157
18179 9 5219 1 1 1 1
10733 1 1830 7 1 4 1
433 1 15766 2 1 3 1
30942 1 704 1 1 1 1
11977 0 6276 277 277 601 595
40667 0 25385 36950 36950 34625 34621
17801 0 24596 6168 6168 4185 4184
36884 0 4188 26749 26748 36065 36065
10301 0 9082 10975 10975 21836 21834
15234 6 20190 59 59 297 294
31040 1 34714 1 1 1 1
23336 0 36235 27645 27645 37446 37446
33510 1 34163 2 1 1 1
14971 1 14960 1 1 1 1
17273 0 4918 10454 10454 22773 22772
30507 0 542 1 1 21 9
30659 0 542 2 2 89 76
21349 4 34315 19611 19611 17331 17331
7012 1 7012 14325 14325 14325 14325
6351 0 5112 12 12 89 88
29074 1 29073 2 1 1 1
21454 1 39437 1 1 1 1
4178 6 21454 1633 1632 1145 1145
33809 1 29402 1 1 1 1
24898 0 7415 100 100 7495 7475
808 1 807 2 1 1 1
22710 0 22555 26768 26768 35632 35631
10110 1 18587 1 1 2 1
18587 0 20875 394 394 1793 1785
16329 1 3909 4 1 1 1
1432 4 8490 50 34 4 4
16905 1 10533 2 1 1 1
9956 1 2505 1 1 2 1
22993 1 6303 3 1 2 1
17529 1 8542 2 1 5 1
18744 0 6242 3 3 11 6
40668 0 881 2259 2259 14280 14276
23982 1 23981 1 1 1 1
40669 0 14189 11104 11104 14758 14756
5759 1 26443 3 1 1 1
24585 2 10398 9 9 4023 3998
14448 1 10398 2 1 2 1
28412 0 37012 6462 6462 11042 11041
6886 1 32873 2 1 2 1
9765 0 19420 2128 2128 1545 1544
1752 1 9904 3 1 2 1
20473 1 13402 2 1 3 1
39769 1 25538 61 61 46 46
25538 1 39769 46 46 61 61
21180 6 11296 8 7 10 9
4128 1 25065 1 1 1 1
40670 0 14798 12858 12858 15333 15331
40670 6 40706 30422 30422 28501 28501
6066 0 11939 12878 12878 20584 20575
24884 4 6439 69 69 43 43
26927 1 4813 2 1 2 1
12620 6 33079 39177 39177 27204 27204
23142 1 23141 2 1 1 1
2112 1 15204 2 1 2 1
31063 4 40391 497 497 238 238
23817 1 38036 2 1 1 1
35101 0 20547 21207 21207 39487 39485
34252 0 7906 23650 23650 35810 35809
6576 6 15513 5786 5786 9410 9409
2696 1 307 5 1 3 2
2831 0 2696 738 738 1553 1542
1570 1 15541 3 1 3 1
2232 0 35643 24792 24792 9204 9204
4771 4 1369 215 162 12 12
4771 4 10898 1371 1317 1059 1059
25079 0 1369 191 191 558 556
19764 0 29317 18379 18379 16333 16332
30894 0 2657 1 1 8 2
30894 1 30893 1 1 1 1
35465 2 9450 7 7 621 611
27198 0 19507 5 5 28 22
9577 1 18755 2 1 2 1
9577 1 2300 1 1 6 1
6591 1 15671 1 1 2 1
40674 0 19768 25513 25513 14233 14232
2835 1 10762 1 1 2 1
40036 0 8241 1175 1175 433 433
15566 4 17079 154 149 2 2
38115 1 37110 1 1 1 1
35182 1 26668 1 1 2 1
8887 0 10579 106 106 772 771
39995 0 13740 9 9 653 649
5336 1 2296 3 1 2 1
1528 1 2296 3 1 3 1
34557 0 26 15827 15827 16880 16878
12745 1 18647 2 1 2 1
7997 1 15740 3 1 2 1
7489 6 25346 389 383 70 70
22264 0 6890 227 227 173 172
21341 1 26384 2 1 2 1
130 5 1981 193 193 36924 36869
18980 1 21881 4 1 3 1
18980 1 12859 5 1 2 1
40438 4 2459 20113 20112 20811 20811
2459 0 22692 358 358 1497 1496
32399 6 35294 18 18 28 28
16433 0 15675 1510 1510 3515 3513
18645 1 19846 21421 21420 24959 24957
1831 1 13620 1 1 1 1
27640 0 35564 29449 29449 13005 13004
28049 2 12715 17 17 8946 8930
34427 0 119 2 2 202 164
38238 0 119 2 1 96 59
14129 1 14128 1 1 1 1
16455 0 30527 146 146 1075 1073
22880 0 2807 6392 6392 23657 23651
5517 1 8571 2 1 2 1
31628 0 6776 527 527 1347 1339
14732 0 6776 2786 2786 3179 3170
1395 1 10603 2 1 1 1
26249 1 1851 1 1 2 1
21189 1 25948 4 1 1 1
30647 0 1326 1149 1149 30302 30286
10370 0 1326 1874 1874 26761 26746
25930 4 10103 69 64 14 14
39271 2 916 2 1 194 55
39473 2 916 1 1 625 478
33293 2 916 2 1 330 185
13451 2 25375 30 30 1097 1095
1346 1 6170 3 1 5 1
2261 4 14320 5093 5076 2287 2287
1705 6 39241 65 58 1 1
858 4 23688 667 666 517 517
11337 0 13858 481 481 903 897
36322 0 427 3 3 274 202
28974 0 4885 77 77 208 198
23365 6 15758 1 1 2 2
11547 1 11546 2 1 1 1
32755 0 697 2 2 169 164
7568 1 7567 1 1 1 1
21710 0 5678 171 171 23 19
33405 0 5891 11 11 70 67
19993 6 40676 15162 15159 5304 5304
8878 1 6111 1 1 5 1
11299 0 8050 17791 17791 35080 35076
6501 1 6500 1 1 1 1
9095 0 6138 86 86 2224 2210
29324 0 5429 5 5 10 10
28608 4 27634 7504 7504 7940 7940
25947 1 30204 2 1 2 1
8835 6 24716 5364 5355 287 287
31000 4 5709 16 13 20 20
14357 0 30076 842 842 799 799
15636 1 14742 1 1 3 1
8343 1 5855 2 1 4 1
13930 0 14302 2 1 19 14
6188 4 19609 24 7 2 2
30806 1 21229 1 1 1 1
21465 1 2680 1 1 2 1
5567 0 3263 2256 2256 6071 6061
1114 0 3263 10361 10361 16617 16606
15163 1 28250 4 1 1 1
24491 0 21806 33305 33305 38775 38775
13957 0 21517 28146 28146 37573 37572
26206 0 1852 3449 3449 33345 33294
31320 0 1852 1 1 57 10
35402 0 1852 1226 1226 29473 29423
17351 0 1852 14 14 2769 2721
12201 4 35651 9 4 2 2
26615 1 23283 2 1 2 1
38530 0 8201 1571 1571 18531 18517
26273 0 19179 10266 10266 8124 8124
31727 0 26208 8 8 216 215
14610 4 22269 2359 2357 218 218
6596 1 29722 2 1 1 1
35251 4 10622 18708 18708 15021 15021
33036 1 22694 1 1 4 1
9486 3 22694 5123 5119 3569 3569
7279 1 30681 5 1 5 2
30681 1 7279 5 2 5 1
35732 0 7738 8 7 31 30
6160 1 6159 1 1 1 1
40678 0 38900 30676 30676 14488 14488
12283 1 12051 3 2 1 1
20982 0 18646 2 2 4 2
9855 6 9449 7429 7404 1120 1119
8464 1 26186 4 1 1 1
36328 0 27331 27 27 140 134
28307 1 1781 1 1 5 1
22552 0 40034 11985 11985 12772 12772
40679 0 762 3812 3812 17656 17653
40680 0 38335 40912 40912 32911 32911
8103 1 9200 1 1 2 1
22832 5 2978 1 1 71 4
14475 5 2978 2 2 650 581
30111 0 9494 2 2 21 11
29085 1 18188 1 1 2 1
16374 0 151 9219 9219 34377 34370
40682 0 8093 370 370 15058 15031
7574 4 40009 276 274 6 6
40683 0 17911 32685 32685 18878 18875
7705 4 24544 130 124 199 199
31888 0 115 25 25 4832 4816
115 1 10641 6 1 2 1
9351 1 17202 1 1 4 1
728 1 727 2 1 3 1
31869 5 18855 303 303 31972 31959
38772 5 18855 108 107 7980 7968
33573 1 10115 1 1 1 1
6813 1 5176 4 2 2 1
30270 1 25946 1 1 2 1
23870 1 10884 5 3 2 1
40110 4 30283 908 908 372 372
39171 0 8786 123 123 3715 3711
13098 1 17229 6 1 1 1
9972 0 7945 2119 2119 26763 26740
2006 0 13976 2975 2975 6108 6106
21615 1 20726 4 1 1 1
35582 4 39566 25993 25993 19377 19377
14559 1 1815 2 1 3 1
35120 4 2143 38 35 5 5
15991 1 12504 1 1 4 1
6429 1 22011 3 1 1 1
5547 0 10707 504 504 902 877
11434 0 10707 65 65 279 255
8030 1 4592 2 1 1 1
19180 0 7178 7240 7240 13462 13460
20863 1 24708 1 1 1 1
32763 0 11178 1117 1117 3838 3838
20883 2 3869 15 15 690 659
35373 2 3869 2 2 46 17
20259 1 28121 1 1 1 1
1015 1 24451 1 1 1 1
3316 2 13606 12 11 740 736
24587 2 13606 13 10 185 182
36313 1 28400 1 1 1 1
4016 1 4015 4 1 1 1
6051 1 9303 2 1 3 1
22179 0 25743 2408 2408 32654 32651
37112 0 3027 1658 1658 18973 18920
16612 0 3027 1675 1675 13265 13213
23303 0 3027 2164 2164 20245 20191
40685 0 14898 4377 4377 21731 21712
3073 1 5623 1 1 1 1
40686 0 15810 17982 17982 16220 16220
30554 1 16575 1 1 1 1
5024 1 5023 1 1 4 1
5023 1 14075 2 1 1 1
10386 0 32386 114 114 13 13
7372 1 7371 2 1 1 1
5715 1 7372 3 1 1 1
29949 1 15424 1 1 2 1
5878 6 40688 11314 11314 8593 8593
4191 5 15351 1436 1436 17963 17957
2940 1 4191 3 1 1 1
25827 1 12437 1 1 1 1
1272 3 28165 34178 34178 10032 10032
14132 0 1272 4695 4695 35415 35398
4011 1 4010 2 1 2 1
4845 1 28045 2 1 2 1
5366 1 30121 2 1 1 1
4481 0 726 30744 30744 40283 40281
40457 0 20078 1 1 4 2
30688 0 343 344 344 460 459
18211 1 9926 2 1 3 1
2626 1 38942 17342 17339 5201 5201
40689 0 5724 860 860 20317 20313
37366 5 7581 19 19 18009 17994
11382 1 32851 16 15 5 5
5088 1 16447 2 1 1 1
17053 4 35164 32 31 1 1
31043 0 2411 2 2 23 9
14198 9 19677 1 1 4 2
16831 1 10331 3 1 7 1
21138 1 1713 2 1 2 1
3171 1 5790 7 1 2 1
21991 1 8254 4 1 1 1
35908 0 25798 4076 4075 3344 3341
12857 1 5476 4 1 4 1
35252 0 17711 29188 29188 26656 26653
28389 0 14982 5 5 128 117
31024 4 31588 11390 11385 2889 2889
9654 1 29009 5 1 1 1
4563 1 25251 6 1 1 1
18116 4 20686 14 8 68 68
16060 0 3587 1042 1042 13554 13552
3587 4 8188 3620 3615 764 764
27481 1 2605 4 1 1 1
15624 0 36918 32840 32840 33324 33321
1577 1 15781 10 1 1 1
15666 1 17997 2 1 1 1
28302 4 39471 67 65 15 15
33415 5 5247 83 83 19146 19139
3684 6 39371 183 155 5 5
25710 1 27965 1 1 1 1
7053 1 421 3 1 2 1
40691 0 15594 34673 34673 25316 25316
32417 0 5874 1 1 14 3
11643 1 2947 2 1 4 1
10227 0 3024 1011 1011 5374 5371
27766 1 28521 2 1 1 1
38480 1 3659 1 1 1 1
9606 4 26316 34696 34696 32468 32468
29309 4 40692 9628 9628 23657 23657
14773 1 27094 1 1 3 1
22485 1 22609 1 1 3 1
30461 1 30460 1 1 1 1
12623 6 21249 38392 38390 13458 13458
26639 1 20503 1 1 2 1
33655 1 17423 1 1 2 1
19226 0 11808 2 2 22 17
26110 0 11232 65 65 2002 1997
40694 2 593 2071 2071 19788 19763
21150 0 15854 443 443 6481 6462
28268 0 11999 104 104 960 952
17580 0 904 33 33 2038 2026
40695 0 14893 5701 5701 9306 9302
34842 4 40695 10358 10358 36860 36860
14185 1 14184 2 1 2 1
8884 1 14612 8 1 3 1
16510 1 200 3 1 6 2
15432 1 18001 1 1 1 1
32997 1 13791 1 1 1 1
303 0 17950 1458 1458 2364 2364
33519 0 27346 129 129 225 225
15824 1 15823 1 1 1 1
14165 0 3327 18791 18791 33949 33947
14338 1 7944 1 1 3 1
37789 0 249 153 153 5696 5652
35878 0 20973 638 638 6161 6158
4738 4 12512 16319 16319 19663 19663
35985 0 8123 98 98 863 856
5272 0 10613 466 466 1264 1254
40696 0 8840 20391 20391 13376 13369
16619 1 25469 2 1 1 1
3348 5 666 1 1 28 1
2132 1 13176 2 1 2 1
34276 0 2321 2 2 4 4
19794 1 2321 2 1 4 1
9342 1 14083 4 1 2 1
30825 0 38668 29413 29413 33218 33217
6424 6 12616 36 28 3 3
21004 0 4962 803 803 12960 12934
22132 0 4962 126 126 5886 5861
40697 0 11827 35342 35342 16987 16985
30574 4 31725 544 543 116 116
12558 4 21580 1818 1815 269 269
37995 5 5095 49 49 3115 3112
24376 1 9395 2 1 2 1
39499 4 35831 22639 22639 16328 16328
11463 0 14752 31 31 120 108
33818 0 14752 2091 2091 8832 8819
22715 4 4266 12129 12129 13821 13821
12505 0 4123 8 8 48 14
33279 0 5569 290 290 3505 3505
9991 0 34008 1 1 1 1
4175 4 38868 8 3 1 1
35323 0 27596 3663 3663 31208 31204
631 1 24226 5 1 3 1
14963 1 13720 1 1 8 1
17000 1 13720 3 1 3 1
39297 0 2168 2 2 14 6
16002 1 2168 2 1 3 1
29934 4 38843 3868 3868 5123 5123
33092 1 31136 1 1 2 1
27031 1 13986 2 1 2 1
35263 0 1655 24977 24977 18293 18292
2450 0 4469 7791 7791 11732 11719
1578 1 40178 40478 40476 35086 35086
26605 6 3123 1289 1289 6895 6872
11250 0 7751 2909 2909 10210 10199
20723 1 6065 4 1 5 1
12012 4 26621 81 76 11 11
20541 1 6096 1 1 4 1
10408 1 6096 3 1 2 1
33794 1 19512 1 1 2 1
13633 0 19626 60 60 39 39
1586 0 13633 6922 6922 35700 35698
24020 1 24180 1 1 2 1
20628 0 13346 674 673 18416 18406
40698 0 2446 3117 3117 12338 12333
21278 1 21277 1 1 1 1
25474 4 40699 11076 11075 22146 22146
19291 0 8918 21247 21247 30338 30334
31396 0 14136 366 366 5532 5523
28894 1 584 50 50 79 77
8779 1 8778 1 1 1 1
29462 1 21665 4 1 2 1
8023 1 11230 3 1 2 1
20159 4 19474 20493 20492 23838 23838
21179 1 22813 1 1 2 1
35310 0 20208 635 635 11730 11721
9322 1 30070 2 1 3 1
10417 1 2419 4 1 2 1
22334 0 18443 24053 24052 37910 37909
14787 0 3443 49 49 5897 5885
16795 0 14750 6788 6788 19268 19258
40701 0 16348 31111 31111 24976 24975
40702 0 33675 36681 36681 6206 6205
6409 0 21362 14 14 15 11
623 1 17904 1 1 1 1
17904 1 2054 2597 2596 17360 17360
9574 1 9573 2 1 1 1
15060 1 20539 2 1 1 1
6048 0 5381 11 11 35 25
23163 0 30710 93 93 814 813
29611 1 5237 1 1 2 1
1028 0 8309 22 22 247 242
23172 1 8309 1 1 12 1
14353 1 19003 3 1 5 1
22019 0 2903 35 35 667 656
20023 0 1165 246 245 1488 1485
34338 0 36445 36094 36094 22449 22448
5001 0 17736 19091 19091 29923 29923
36419 1 3674 1 1 6 1
11263 1 23301 4 1 1 1
29082 0 26351 2514 2514 14381 14376
21660 1 26299 1 1 1 1
39966 0 18719 1439 1439 25118 25114
18720 1 18719 1 1 1 1
2930 6 272 42 34 49 47
3518 4 27027 46 31 2 2
36416 1 20761 40416 40416 39161 39159
20761 1 36416 39161 39159 40416 40416
33109 0 24935 472 472 438 437
6793 1 10304 1 1 2 1
40704 0 6614 4025 4025 22295 22271
40751 0 6614 4179 4179 7610 7587
16139 0 4350 2617 2617 13898 13893
21940 1 23937 1 1 1 1
19960 0 16266 120 120 984 962
1845 1 8269 2 1 3 1
232 0 2648 7 7 5 2
232 6 17789 6398 6392 3675 3674
34270 0 18015 36624 36624 30582 30582
24712 1 7631 1 1 1 1
3631 0 37202 33446 33446 8666 8665
18106 4 23302 28305 28305 24305 24305
3465 3 3464 3 1 3 1
9643 1 9642 3 1 2 1
34133 1 9643 1 1 1 1
670 1 2513 1 1 2 1
37205 0 39503 38404 38404 34336 34336
28259 0 36836 40417 40417 40731 40731
20126 1 16918 3 1 5 1
40272 0 692 11 11 799 775
17173 1 12824 1 1 2 1
7115 1 24859 1 1 2 1
11393 0 1590 3268 3268 31303 31279
37412 0 7056 7519 7519 20677 20662
36021 1 20995 1 1 2 1
10424 1 10423 1 1 1 1
33501 1 10423 1 1 2 1
29780 6 3760 10763 10762 12246 12246
7736 1 25350 1 1 2 1
12655 1 815 7 1 4 1
31370 1 144 2 1 2 1
1978 0 3730 1 1 2 1
32261 0 11924 1119 1119 10943 10943
8487 1 9673 7 4 13 10
33428 0 37409 16933 16932 8799 8799
23396 4 40705 18585 18584 25339 25339
29953 1 14896 1 1 5 1
14276 1 38742 2 1 1 1
7473 0 19431 9 9 4 4
5693 1 7319 1 1 3 1
22815 1 22814 1 1 1 1
34547 0 3323 9924 9924 28349 28340
4061 1 5748 1 1 1 1
20917 0 2366 4677 4677 5386 5386
7818 4 6043 32 14 40 40
6955 1 1022 3 1 2 1
7183 1 7182 2 1 1 1
12394 4 39269 2443 2442 947 947
27586 1 5584 1 1 2 1
18452 4 28455 8717 8717 4327 4327
4573 1 32597 1 1 1 1
15943 0 16708 987 987 12470 12465
8780 4 40707 23990 23990 31426 31426
40707 0 6292 8204 8204 27985 27975
27923 4 37614 7611 7611 3535 3535
26268 4 38287 13025 13024 2316 2316
28859 0 2729 6653 6653 3344 3340
23556 0 15588 7694 7694 18173 18173
844 1 6913 3 1 2 1
3714 3 3713 2 1 2 1
40708 0 33878 26863 26863 15285 15283
3153 1 37241 3 2 1 1
17086 1 12044 1 1 2 1
30713 0 4685 9 9 7 5
40709 0 1639 7090 7090 12088 12080
38976 0 16196 2334 2334 3917 3916
26147 0 11192 316 316 2337 2322
19874 0 11192 8074 8074 37636 37620
37730 0 19526 3098 3098 5447 5445
39748 1 19526 1 1 1 1
10389 4 6632 12456 12454 9519 9519
27700 1 2941 2 1 4 1
32864 0 15383 2107 2107 24897 24895
7665 4 35503 185 180 8 8
25037 0 18558 29256 29256 11320 11320
37968 1 6086 3821 3821 1183 1183
6703 0 23635 13868 13868 11137 11137
38553 0 1373 239 239 568 567
22107 6 36069 29 21 4 3
11759 6 5497 14 3 1 1
466 6 30194 18823 18814 9188 9188
7675 1 17823 2 1 2 1
17457 1 2429 2 1 5 1
37969 0 15954 1 1 5 3
4042 6 39726 2861 2858 581 581
19544 3 34567 2 1 1 1
31729 1 3925 1 1 2 1
40714 0 39507 39319 39319 16013 16013
13043 2 3943 1 1 26 1
39320 5 3785 432 432 39442 39424
5403 0 4108 38284 38283 40110 40108
31478 0 40396 24164 24164 21961 21960
40715 0 1096 1047 1047 12292 12282
2298 4 26266 6 2 1 1
40716 2 475 36 36 20379 20309
40733 2 475 220 220 24290 24219
25107 0 30236 37530 37530 40579 40578
10318 4 6623 113 109 6 6
21098 1 21097 1 1 1 1
34757 4 36292 36987 36985 27730 27730
19146 6 27617 7 7 8 7
27617 6 21541 16471 16470 17621 17621
14760 4 27348 170 169 8 8
10785 1 16980 2 1 3 1
1004 0 1686 184 184 372 365
13693 1 30628 2 1 3 1
31488 0 7029 23378 23378 40058 40055
16602 0 35398 8002 8002 9432 9430
7891 6 22902 305 301 60 60
5150 2 2183 1 1 44 13
21014 4 39330 238 238 162 162
16843 0 9525 3 3 7 4
30301 1 6458 1 1 2 1
5932 1 19763 7 1 1 1
34016 0 13638 21540 21540 39406 39406
14792 6 38688 36827 36827 31415 31415
11527 1 2829 2 1 2 1
13560 3 17390 1 1 2 1
40719 0 25292 13840 13840 13274 13272
11686 1 38080 7 1 1 1
15813 1 17303 2 1 2 1
40720 0 23562 32942 32942 20659 20653
19157 1 25047 2 1 1 1
11385 6 39678 135 129 1 1
4598 1 20481 1 1 3 1
26627 1 1342 1 1 3 1
14695 1 32594 1 1 1 1
31643 0 31691 7040 7040 6229 6228
16937 1 1926 2 1 2 1
40258 5 3918 23 23 14296 14279
33104 0 26721 6 5 2 2
27613 1 9676 2 1 3 1
6220 1 1968 1 1 4 1
26510 0 2560 7080 7080 25681 25672
19107 0 2131 3 3 7 5
1756 0 28697 2052 2052 3442 3442
12466 4 10233 42 22 17 17
28212 0 14013 1 1 18 12
34431 4 11843 5701 5700 743 743
3493 1 22156 8 1 2 1
40721 0 716 180 180 16082 16043
29284 0 1288 4461 4461 33521 33497
7360 1 28378 4 1 1 1
767 0 17590 13 13 98 91
6412 1 5869 1 1 1 1
15973 1 13531 2 1 2 1
35747 2 24388 472 472 17807 17807
25937 5 17856 45 45 11298 11290
14618 1 12003 2 1 1 1
35356 6 34036 10866 10866 5199 5199
1617 1 1616 2 1 2 1
1616 1 8901 1 1 3 1
17153 4 23170 594 594 429 429
24509 1 3374 1 1 2 1
31535 0 7656 8535 8535 29283 29267
37264 0 6538 12224 12224 24792 24788
20946 0 6538 18998 18998 35886 35881
2893 1 11706 7 1 3 1
40722 0 28479 20352 20352 20259 20259
14723 1 19646 1 1 2 1
39290 4 23003 171 171 30 30
9441 1 1130 3 1 2 1
37823 0 4500 37434 37434 40272 40270
37109 0 38181 7888 7888 18431 18430
31981 4 38538 4458 4457 746 746
29529 1 32020 1 1 1 1
32020 1 15386 2 1 2 1
2228 1 13955 5 1 2 1
17896 4 37233 5131 5130 1407 1407
29893 4 38282 293 292 64 64
38316 0 23713 1 1 3 2
25374 0 17209 39654 39654 36285 36283
11080 0 12720 32 32 139 129
32958 1 4855 1 1 5 1
1278 0 34927 155 155 72 70
37041 0 26960 35638 35638 39435 39433
3705 1 3704 3 1 1 1
30370 5 12413 2 1 4 1
13830 1 35079 6 1 1 1
35283 0 30108 16085 16085 18264 18263
5914 0 16686 600 600 791 789
14389 1 3261 2 1 1 1
21961 1 1473 1 1 1 1
13380 0 19861 495 495 4870 4866
7110 0 11813 23717 23717 28731 28728
11813 1 1114 8 1 1 1
23228 1 34145 2 1 1 1
2147 0 3510 2047 2047 7689 7687
35350 4 39634 7511 7511 8683 8683
35857 1 7386 2 1 2 1
6371 6 37307 5354 5349 88 88
18800 0 13840 1974 1974 2125 2121
5481 1 6581 5 1 8 2
14376 6 28764 2619 2616 41 41
13409 1 18792 2 1 2 1
1232 1 5716 4 1 3 1
5716 0 4961 3 3 21 15
10095 5 241 181 181 6510 6505
30274 0 27395 9812 9812 5896 5896
4092 1 3142 1 1 5 1
38217 0 998 36817 36817 37522 37519
16820 4 37663 25 19 2 2
15209 1 21887 2 1 1 1
26585 0 6289 2 2 73 69
26965 5 4450 121 121 18410 18404
1009 1 11417 1 1 1 1
16697 4 70 20 16 4 4
27038 0 732 102 102 380 377
17663 4 23020 859 855 445 445
7732 1 35326 5 1 1 1
19563 0 10026 5 5 409 402
2356 0 3805 5701 5701 7779 7773
23441 0 34078 11155 11155 15933 15932
37070 0 27913 22345 22345 27443 27443
3289 6 38527 7344 7328 997 997
2980 1 2979 2 1 1 1
30536 0 5049 4709 4709 7428 7424
16915 1 26031 1 1 3 1
19167 1 19166 2 1 1 1
8110 9 4565 1 1 3 2
25148 1 16759 1 1 3 1
9665 0 14373 369 369 825 824
30114 1 33583 32775 32775 37643 37643
33583 1 30114 37643 37643 32775 32775
10388 4 3586 2769 2762 1018 1018
27188 3 20283 2 1 1 1
24932 1 6602 1 1 2 1
35150 1 33029 1 1 2 1
10137 4 11961 203 200 88 88
4469 0 10488 5252 5252 2750 2744
18360 9 1757 2 2 1 1
27706 1 36948 21264 21263 7798 7798
19784 2 14738 21977 21977 20840 20840
4426 2 4633 1 1 5 1
1167 6 4633 29416 29405 25490 25490
9882 4 22784 28074 28074 13744 13744
22411 1 4534 2 1 3 1
14116 1 20160 3 1 2 1
39583 0 12239 10 10 24 22
31548 0 26062 34500 34499 37444 37441
26063 1 1962 2 1 2 1
34604 0 2888 4 4 8 6
29514 1 7486 1 1 11 1
4354 0 17938 1124 1124 4771 4767
3583 1 6233 1 1 4 1
5695 4 28664 1767 1767 1530 1530
2185 1 14535 7 1 1 1
25866 0 2185 392 392 10086 10066
1327 1 36228 1 1 3 1
2831 1 23698 2 1 2 1
21070 0 14562 1593 1593 7856 7845
10242 2 953 12 12 2406 2396
24520 1 11590 1 1 3 1
32447 6 8162 14 12 39 37
10857 1 10856 2 1 1 1
29541 1 32791 1 1 3 1
14418 3 22928 5 3 2 2
25235 0 11991 1570 1570 6525 6525
19649 1 3414 1 1 2 1
11061 9 11060 1 1 1 1
5834 1 16298 1 1 2 1
16564 5 2060 208 207 14590 14562
30585 0 324 6 6 43 25
21674 1 21673 4 1 3 1
16327 0 36920 2266 2266 11641 11641
31764 0 40725 22923 22923 38300 38300
20117 1 5297 4 1 1 1
40726 0 21345 5223 5223 14816 14808
23392 1 8395 3 1 3 1
15466 0 34493 17571 17571 11483 11483
32154 1 35808 33501 33501 37735 37735
30878 2 21391 5 4 28 18
414 9 3242 1 1 1 1
21497 1 25620 3 1 1 1
18780 0 1703 1 1 30 1
36989 2 22747 6882 6882 6792 6792
4814 1 26353 5 1 2 1
34514 4 16712 6003 6003 6316 6316
5463 4 9443 654 647 409 409
9443 4 37702 31 26 3 3
28035 1 17572 1 1 1 1
4816 1 19142 2 1 1 1
23070 1 16815 1 1 1 1
33617 1 10553 1 1 2 1
40729 0 25425 30474 30474 28610 28610
3378 0 2767 2643 2643 15858 15857
40730 0 8815 11465 11465 22260 22250
12960 0 8815 953 953 12172 12163
4376 1 37 4 1 7 1
39757 0 5605 2 1 22 6
18600 1 19016 1 1 2 1
3467 1 385 1 1 4 1
14223 1 6848 2 1 3 1
25195 0 11431 238 237 5237 5231
40731 2 35244 3452 3452 15372 15371
6940 1 22487 4 1 1 1
18458 1 13073 2 1 2 1
13073 6 447 11535 11535 10440 10440
7113 4 35455 40943 40943 40927 40927
16734 7 3856 465 462 113 113
30190 1 22568 1 1 1 1
25889 0 13000 777 777 2550 2549
13181 9 17866 1 1 1 1
5492 6 19902 4627 4625 380 380
39381 2 736 4533 4533 14056 14055
2369 1 6578 3 1 2 1
29844 0 16328 14 14 6 6
2758 1 2757 1 1 2 1
38222 2 33300 31 29 457 456
18743 6 13906 84 83 31 31
31229 4 1517 1281 1281 1714 1714
21203 4 76 219 217 98 98
40016 0 7096 753 753 5112 5111
19031 0 10895 77 77 242 242
40734 0 4733 32339 32339 23687 23685
28029 6 13250 16 15 111 111
31942 0 731 30514 30514 40801 40800
24476 1 37343 1 1 3 1
30608 0 10938 1231 1231 2690 2689
9857 1 21026 1 1 2 1
31786 1 2390 2 1 5 1
20366 0 40022 18845 18845 17106 17106
25016 0 6037 28278 28278 30556 30554
6866 1 25441 4 1 2 1
11006 1 11005 1 1 2 1
40736 0 39315 40353 40353 11504 11504
40737 0 4415 8386 8386 25138 25130
34827 4 25838 3787 3787 2228 2228
20641 0 19592 25616 25615 7140 7139
19844 1 36475 1 1 1 1
5620 1 14606 1 1 2 1
4942 1 35741 2 1 1 1
12702 0 16539 146 146 174 172
16398 5 1361 1 1 20 5
40738 0 10135 11890 11890 5154 5154
819 1 20330 5 1 2 1
20681 3 25789 35598 35598 25047 25047
2173 6 12317 21 10 2 1
29181 1 6432 1 1 1 1
346 1 6498 1 1 1 1
9709 1 9837 3 1 3 1
5266 1 5265 1 1 3 1
30985 0 17910 29158 29157 31584 31584
21628 1 16687 4 1 1 1
39393 0 5540 455 454 12989 12982
16844 0 34093 38496 38496 39668 39667
10330 0 5598 185 185 317 301
22052 1 12989 3 1 6 1
11758 1 3657 14400 14396 1853 1853
33720 0 1406 7407 7407 32803 32792
40739 0 14015 3507 3507 26584 26578
40298 0 8495 1 1 6 2
5116 1 10792 7 1 5 1
33694 0 26952 23635 23635 34248 34247
36765 0 5101 38729 38728 39432 39431
27226 4 35331 22350 22350 4351 4351
16221 1 30101 1 1 2 1
32010 5 16320 271 271 21461 21448
16385 4 39672 37 31 2 2
26422 3 4250 8 6 6 5
2924 4 31881 97 23 1 1
23932 1 406 3 1 2 1
40741 0 10133 4105 4105 11983 11976
1478 4 38462 168 147 33 33
15891 0 14046 2 2 15 5
25424 0 17555 32665 32665 23989 23983
13797 4 32300 5225 5225 8175 8175
405 1 404 2 1 1 1
37796 0 5866 18127 18127 27444 27439
2634 0 13504 2056 2055 3443 3438
26727 4 28774 203 200 33 33
26243 0 39695 14491 14491 4109 4108
3948 1 32711 3 1 2 1
4019 6 21073 85 77 10 8
1187 1 20711 1 1 1 1
36443 0 26928 456 456 635 632
29481 0 10355 20 20 1268 1266
1476 0 25435 1513 1513 403 402
38542 0 22631 1 1 5 3
39106 0 14148 5419 5419 19675 19675
28771 1 27460 2 1 1 1
16045 1 24249 1 1 1 1
16468 0 12729 1 1 19 6
24561 0 12729 2 2 81 67
40742 0 11685 8637 8637 10837 10830
15794 0 288 2934 2934 3792 3786
17369 4 28877 53 48 3 3
4197 1 13361 3 1 2 1
1566 1 31545 5 1 1 1
20016 4 29851 406 393 1 1
21241 1 21240 2 1 3 1
21240 1 17480 4 1 1 1
4088 0 9256 538 538 5870 5866
21664 0 31614 8861 8861 7345 7345
20867 6 22620 22491 22490 24423 24422
6116 3 12878 6 2 3 1
31524 1 6685 1 1 2 1
31665 1 11001 1 1 4 1
4541 1 14758 1 1 1 1
38652 3 11896 2 2 3 1
29789 4 11615 143 136 18 18
40744 0 26617 21120 21120 14281 14281
6122 4 39635 241 236 51 51
4953 0 10842 2693 2693 10103 10096
38322 0 11870 25643 25643 37886 37885
10438 0 1730 2 2 134 34
32068 0 9304 5 4 147 138
40745 0 7189 10231 10231 11910 11900
30521 1 1450 2 1 3 1
14974 1 22486 5 1 1 1
24396 1 14974 1 1 6 1
26467 1 15256 1 1 3 1
15469 1 9188 4 1 6 2
3672 4 34478 1335 1334 430 430
23086 0 9505 16738 16738 33271 33271
11105 6 34671 28578 28576 28320 28320
31200 1 26039 14473 14473 16546 16546
33187 0 8237 32989 32988 39106 39099
30483 1 21607 1 1 2 1
14260 0 14310 8897 8897 7170 7167
15924 0 9367 3801 3801 16094 16072
19959 6 17574 472 466 211 210
24704 0 18355 23417 23417 16590 16590
31678 4 25631 154 152 11 11
39728 1 18568 1 1 2 1
6336 4 34815 13 2 3 3
18894 0 12741 673 673 9679 9674
31814 0 15640 1603 1603 14895 14891
31718 1 31717 2 1 1 1
3495 1 37604 2 1 1 1
33838 0 15312 1317 1317 14703 14701
38175 10 30680 1 1 1 1
11923 1 29297 4 1 2 1
17682 4 16176 17187 17185 13882 13882
40746 0 15865 22253 22253 11947 11946
17989 1 45 1 1 11 1
162 1 161 2 1 2 1
1070 1 31232 3 1 4 1
11915 1 11914 1 1 2 1
17597 1 1779 1 1 1 1
33223 0 35286 247 247 165 164
17231 0 11078 4 4 6 3
9415 1 8217 1 1 1 1
9822 0 532 1 1 76 3
25559 0 7427 284 284 1098 1098
35901 1 18889 1 1 1 1
5032 1 9078 2 1 1 1
280 0 12443 16258 16258 22409 22408
3547 0 16302 504 504 10106 10093
37263 0 33813 31202 31202 35555 35554
40748 0 206 443 443 15234 15203
2410 6 36725 5 5 11 11
29420 1 33730 2 1 1 1
20556 0 268 13062 13062 5859 5855
25280 5 2971 14 14 6287 6223
10990 1 27947 6 1 1 1
22682 0 15763 1 1 6 3
10975 1 35401 1 1 2 1
11252 6 6012 47 39 2 1
13074 5 14951 134 134 619 617
24987 0 33083 13905 13905 10971 10970
32258 0 30454 3296 3296 3737 3737
20630 1 11278 2 1 3 1
375 1 374 2 1 1 1
24087 1 34222 3 1 1 1
22866 1 930 1 1 2 1
26540 0 19984 519 519 876 874
1203 1 11625 2 1 3 1
2995 1 16224 6 1 1 1
39628 0 35692 26104 26104 37548 37548
12922 3 16574 4 1 2 1
13536 9 7072 2 2 1 1
17977 0 6556 23214 23214 40034 40023
14591 1 20529 2 1 1 1
17537 1 20736 6202 6201 13002 13002
22994 0 1953 1431 1431 14075 14059
28203 4 15915 6 3 1 1
20040 1 11683 3 1 2 1
22766 0 15613 10902 10902 4539 4538
3681 1 20829 3 1 2 1
9952 1 17840 9 2 2 1
8561 8 9939 56 56 7 7
26904 1 34013 2 1 2 1
30218 6 33864 489 487 388 388
19855 4 40081 1585 1585 827 827
7107 1 4018 3 1 2 1
14459 4 30600 6850 6850 4401 4401
31262 0 19491 7 7 22 20
3049 0 13373 36589 36589 29429 29429
18036 1 21116 3 1 1 1
4102 4 26935 207 196 2 2
4051 1 4050 1 1 2 1
32772 5 5042 12 12 9201 9195
18593 1 8011 1 1 2 1
3037 1 458 3 1 2 1
11489 1 19752 1 1 2 1
7408 1 2641 1 1 1 1
30952 0 4379 7040 7040 29693 29682
19369 1 11046 1 1 5 1
40754 0 5844 3220 3220 19601 19600
13702 0 9051 30737 30737 18390 18390
14342 0 16213 23969 23969 11368 11367
38142 1 9549 1 1 2 1
22223 1 17536 1 1 2 1
2364 1 22225 4 1 2 1
27307 2 23001 253 253 388 388
2159 1 6296 4 1 1 1
3441 3 8470 5 1 2 1
11504 1 11503 1 1 1 1
28552 0 35437 6749 6749 10773 10772
32595 0 22049 1360 1360 1747 1743
34018 4 40756 19214 19214 39667 39667
12675 1 12674 3 1 2 1
22838 1 8225 1 1 3 1
9602 0 32242 10838 10838 11721 11721
