33512 0 4410 1 1 45 10
16031 1 32320 38194 38194 24291 24291
40543 5 172 21 21 19276 18921
40543 0 2607 2617 2617 23072 23052
33473 5 172 1 1 344 7
9179 5 172 50 50 25244 24885
33575 5 172 2 1 423 80
16648 5 172 1 1 356 17
31526 5 172 47 47 22458 22101
6771 5 172 1 1 392 51
15476 5 172 5 5 6912 6560
29269 5 172 21 21 16106 15752
11606 5 172 44 44 28443 28083
2234 5 172 1 1 1077 729
23355 5 172 29 29 15330 14977
15278 4 39692 802 796 38 38
22936 0 14838 1372 1372 1810 1810
31887 2 743 10 10 5721 5614
13265 2 743 1 1 245 140
33786 2 743 6 6 4869 4763
8790 2 743 1 1 136 32
29405 0 27360 109 109 467 465
35494 1 15192 1 1 2 1
35494 0 6837 16972 16972 31092 31091
18925 1 32325 4 2 3 1
32325 1 8085 1 1 2 1
3750 4 38184 110 82 8 8
3750 4 40324 279 249 3 3
3750 4 17381 144 115 25 25
6331 1 10283 2 1 2 1
11500 6 4785 19 13 17 15
14258 4 24038 30 20 3 3
32661 6 20759 2 2 3 2
12387 1 12386 2 1 4 1
28490 4 38427 25834 25833 10153 10153
21840 0 107 1 1 43 2
12784 4 107 32931 32924 12650 12650
107 0 5198 352 352 189 170
27747 1 27746 1 1 1 1
3916 1 27549 7 1 4 1
6527 5 2139 76 75 39616 39589
16255 5 2139 6 6 4905 4880
1618 4 14555 44 43 10 10
29103 1 9873 2 1 1 1
38285 0 18633 8 8 33 28
38285 1 26278 1 1 1 1
30253 0 18633 2514 2514 5713 5706
27022 1 435 1 1 1 1
32496 0 4125 10484 10484 33586 33578
24483 0 4125 1254 1254 10964 10957
15337 1 4125 3 1 3 1
4388 4 36757 43 32 4 4
30756 1 32955 1 1 1 1
30757 9 30756 2 2 1 1
16250 1 28482 5 1 1 1
39594 0 51 171 171 12716 12518
13386 0 51 15 15 6648 6453
22734 0 51 1696 1696 14554 14355
40690 0 51 12 12 31565 31365
40660 0 51 82 82 38165 37963
21035 1 22109 3 1 2 1
24101 0 28349 10952 10952 35583 35572
38672 0 28349 84 84 999 989
40559 0 6722 10497 10497 40162 40158
4705 1 15839 3 1 2 1
39464 0 4705 37 37 1496 1469
21731 4 9107 307 305 32 32
7590 5 34746 5205 5204 25626 25626
7878 0 7590 34767 34767 21759 21759
39562 0 2740 9275 9275 13282 13282
3212 1 29129 3 1 1 1
3212 1 16271 8 1 2 1
22208 1 3212 2 1 4 1
14179 0 16065 2655 2655 12426 12426
12801 1 4187 2 1 6 1
19501 0 2021 2297 2296 21354 21302
40645 0 2021 1304 1304 39689 39635
27628 0 2021 590 590 9703 9652
23729 0 38913 39421 39421 40364 40364
8720 1 9417 3 1 3 1
32234 1 8720 1 1 2 1
12896 1 8372 4 1 1 1
1441 0 27945 34435 34435 30964 30963
4170 6 37882 731 717 24 24
2046 0 39706 20891 20891 12434 12433
14436 1 14436 9652 9652 9652 9652
38948 0 20990 9555 9555 27852 27848
20990 1 905 1 1 4 1
9769 0 8193 299 299 1131 1131
12450 6 8001 24 15 2 1
1031 1 12972 2 1 2 1
1031 1 1030 5 1 1 1
2604 1 6752 6 1 1 1
11156 0 2604 358 358 6906 6867
2427 0 2604 1518 1518 8977 8937
20604 0 2604 1526 1526 11764 11723
26334 0 2604 1022 1022 6348 6310
5353 0 6752 5 5 101 86
3451 0 6752 10082 10082 17205 17189
34042 1 10659 1 1 3 1
22643 4 31669 18407 18407 14332 14332
3358 1 24240 7 1 1 1
3358 1 4026 3 1 1 1
40560 0 3229 103 103 30365 30354
39572 2 121 2 1 444 5
34055 2 121 2 2 1421 931
36425 2 121 2 2 1212 724
33961 2 121 2 2 1745 1253
22605 2 121 11 11 9378 8873
34749 2 121 3 2 554 77
7185 2 121 2 1 505 29
39473 2 121 32 31 22526 22018
36051 2 121 5 5 5294 4794
38744 2 121 5 5 3382 2885
40601 2 121 11 11 37583 37074
31131 2 121 2 1 448 5
16157 2 121 2 2 1854 1361
10391 1 121 1 1 1 1
13173 0 25097 16557 16557 35942 35939
1421 0 608 7 7 616 248
6033 0 608 3 3 2123 1751
40723 0 608 67 67 39327 38932
40732 0 608 76 76 39587 39190
31776 0 608 1 1 364 4
26284 0 608 5719 5719 39361 38965
40750 0 608 22 22 35914 35521
40752 0 608 253 253 39870 39470
12593 0 608 467 467 17829 17448
21041 0 608 349 349 15875 15496
36535 0 608 352 352 12161 11784
40642 0 608 89 89 39759 39360
6612 0 608 865 865 18057 17675
12763 0 608 432 432 21030 20647
38498 0 608 1 1 366 5
1763 0 608 1188 1188 17042 16662
35305 0 608 4 4 879 510
40693 0 608 7 7 35910 35518
31350 0 608 1 1 372 8
37399 2 2580 1 1 52 12
35976 2 2580 1 1 36 2
21024 2 2580 30 30 29008 28966
37837 2 2580 1 1 40 4
14534 0 273 4 4 248 234
3275 0 273 8566 8566 16456 16441
28793 1 273 1 1 5 1
40561 0 2759 22928 22928 40606 40606
17054 0 13663 2 2 23 3
18662 1 11511 2 1 2 1
39324 0 21892 18 18 63 61
5681 0 5376 111 111 1329 1309
39137 0 3699 2537 2537 18602 18582
5121 0 4055 4166 4166 5498 5495
28225 0 10933 113 113 2486 2477
12586 1 18347 3 1 2 1
18347 1 8083 1 1 5 1
8678 1 15844 4 1 2 1
8678 1 8677 5 1 1 1
1900 9 8459 1 1 1 1
13142 1 6617 3 1 2 1
13142 1 3658 4 1 1 1
11554 1 11553 7 2 2 1
6724 1 20476 13259 13257 18227 18226
6973 6 11688 926 910 108 108
28474 0 574 7042 7042 22501 22457
40638 0 574 643 643 37332 37287
3829 1 3828 2 1 4 1
3363 1 3828 3 1 1 1
5303 0 2409 1 1 24 3
19117 1 5303 1 1 2 1
10728 0 2409 1 1 25 3
2409 3 10728 1611 1611 38 38
20385 4 38169 22530 22530 22709 22709
919 0 36150 14544 14544 19259 19258
15726 1 2782 1 1 3 1
2090 1 33833 4 1 1 1
13956 1 23540 5 1 1 1
26983 0 13956 3392 3392 11909 11901
29443 9 7135 1 1 2 1
26279 0 10532 4956 4956 15937 15933
10532 1 11231 3 1 5 1
8610 1 16790 2 1 2 1
32576 0 296 26 26 6802 6651
32576 4 39358 26188 26188 25924 25924
28775 0 296 1 1 352 207
21869 0 296 1 1 143 4
40110 0 296 1 1 239 96
5339 0 296 1 1 153 12
40350 0 296 1 1 139 3
18338 1 25376 3 1 1 1
18338 1 34572 2 1 1 1
25119 0 10706 1090 1090 4368 4356
6372 0 10706 63 62 474 463
187 1 34587 1 1 1 1
23114 0 8709 36057 36057 37500 37495
23114 9 22355 2 2 1 1
3873 1 28613 1 1 1 1
3449 1 3448 2 1 4 1
1778 1 5313 5 1 2 1
16939 1 16938 1 1 1 1
25259 1 10976 4 1 1 1
25259 0 1054 22 22 48 44
3874 0 21706 27053 27053 25856 25855
17484 0 2318 6 6 794 667
9443 0 2318 2 2 537 412
36678 0 2318 6 6 1315 1186
31243 0 2318 2 2 225 103
7726 0 2318 7 7 1894 1764
3353 0 2318 167 167 5289 5158
14943 9 14942 2 2 1 1
14943 1 16039 1 1 1 1
2677 1 13356 5 1 1 1
35968 0 32619 24320 24320 26160 26157
31267 0 265 1 1 282 29
30115 0 265 1 1 278 26
39657 0 265 23 23 6805 6543
39858 0 265 1 1 253 7
22580 0 265 1 1 269 19
14709 0 265 1 1 264 15
40562 0 21091 14404 14404 38974 38972
21135 1 12220 1 1 3 1
38664 0 71 1 1 43 2
30298 0 71 1 1 64 5
3066 1 3065 4 1 1 1
23421 0 13784 40 40 355 353
7620 1 21508 1 1 1 1
3069 4 14224 567 545 91 91
14224 4 25214 28 24 4 4
40563 2 6404 255 255 40563 40552
40653 2 6404 88 88 36613 36604
40687 2 6404 170 170 37002 36992
14071 0 278 1 1 175 5
13708 0 278 2 2 225 47
37453 0 278 4 4 945 764
18193 0 278 1 1 182 10
36053 0 278 1 1 203 26
40571 0 278 617 617 38899 38717
40564 0 12078 7559 7559 40235 40229
4462 0 12078 468 468 2152 2147
31848 0 10547 259 259 2654 2652
40565 0 6230 19787 19787 38628 38626
20013 1 1128 3 1 7 2
3348 0 20013 9677 9677 38468 38456
35716 0 21460 1303 1303 5810 5810
7754 3 1296 217 215 337 337
7754 9 26452 24053 24052 4175 4175
1296 9 9053 1 1 1 1
4834 1 21474 1 1 1 1
21474 0 2168 1 1 9 2
33636 0 27948 13928 13928 15887 15885
36719 1 21614 3 1 1 1
40647 0 36719 19072 19072 39925 39924
1594 4 35451 197 193 67 67
7059 1 37735 4 1 1 1
11387 0 1062 88 88 2968 2964
4472 1 1062 4 1 3 1
158 1 157 1 1 1 1
157 5 73 15 15 2786 2729
28915 0 6166 14 14 71 64
25685 0 6166 689 689 1691 1683
1741 5 6166 1 1 324 287
40566 0 3087 3012 3012 37609 37593
8935 1 20348 1 1 1 1
6215 5 8935 30 30 3985 3979
40567 0 5596 18550 18550 39048 39048
5596 1 2050 2 1 3 1
14614 1 632 1 1 3 1
23862 0 20853 4056 4056 30254 30253
39256 0 292 1 1 256 10
31751 0 292 1 1 247 6
6985 0 292 1 1 236 5
2794 0 292 1 1 230 5
17776 0 292 1 1 257 10
29809 0 292 1 1 253 9
6800 0 292 1 1 278 27
2388 0 292 1 1 232 5
34453 0 292 1 1 258 10
8087 0 292 1 1 242 6
35031 0 292 1 1 250 7
7483 1 4704 1 1 1 1
7381 5 7483 2 2 47 43
18107 1 7419 3 1 1 1
18107 1 33365 2 1 1 1
30799 0 3068 126 126 3552 3538
18024 1 18023 3 1 2 1
24564 1 1410 14233 14232 8484 8484
11009 0 24586 18778 18778 24882 24880
27654 0 11009 1 1 1 1
9001 1 31090 3 1 2 1
31091 1 31090 1 1 1 1
40568 0 19619 1019 1019 33229 33226
1193 4 5665 308 296 10 10
29132 0 160 865 865 17297 17257
21888 0 160 1397 1397 22276 22235
40545 0 160 1 1 69 33
14250 0 160 2 2 341 304
7765 1 3854 2 1 2 1
3854 1 4433 5 1 2 1
10544 6 10337 233 219 2 2
10544 6 30885 2921 2905 133 133
10544 6 17616 31 19 1 1
10544 6 33395 19 8 4 4
10544 6 32223 165 152 3 3
2466 0 11399 9714 9714 12672 12665
5110 1 14834 11 2 4 1
5110 1 22509 2 1 1 1
5110 1 13199 8 1 2 1
30654 0 2915 852 852 7767 7763
878 1 16142 6 2 5 1
16142 1 878 5 1 6 2
12156 1 16142 3 1 1 1
1555 4 14720 23 17 12 12
1555 0 39 11 11 1654 1446
27854 6 9726 4 2 6 5
22790 1 20846 3 1 1 1
40569 0 28991 27016 27016 38281 38281
31570 1 22745 2 1 1 1
6277 4 13724 1135 1129 300 300
22265 1 15939 1 1 1 1
3601 4 11291 1069 1068 793 793
18464 4 28236 1755 1755 329 329
21200 1 24456 4 1 1 1
18828 1 21200 2 1 7 1
8407 1 5210 3 1 3 1
5210 1 9174 2 1 1 1
8298 1 8297 1 1 7 1
35442 0 21 1 1 158 90
5771 4 35442 583 574 220 220
16159 1 6497 5 1 3 1
1826 4 36945 3672 3665 1199 1199
15560 1 16616 2 1 2 1
5937 1 15560 3 1 3 1
16616 1 35701 3 1 1 1
24090 0 27455 5597 5596 2639 2639
3209 1 19072 2 1 3 1
3209 1 2516 1 1 2 1
6274 0 3209 21120 21120 36428 36424
32074 1 32874 2 1 2 1
1353 1 16331 3 1 1 1
11260 1 11259 1 1 3 1
21431 0 11260 1092 1092 5213 5211
5666 0 8929 35 35 183 168
21034 0 2918 188 188 7503 7422
31631 0 2918 83 83 5736 5656
39298 0 4365 17 17 347 332
38449 0 23581 7 7 17 14
923 0 12300 5819 5819 16782 16782
785 8 923 23748 23290 3 3
16936 0 39 2 2 860 655
6688 0 39 191 191 10657 10445
33920 0 39 16 16 3273 3063
16930 0 39 4 4 933 727
16260 0 39 17 17 2690 2481
9285 0 39 2 2 214 17
36679 0 39 2 2 504 300
13037 0 39 1 1 184 6
17754 0 39 69 69 5223 5012
34332 0 2518 1 1 54 3
24798 0 2518 129 129 9524 9455
2518 0 4990 153 153 24 6
36326 1 67 1 1 2 1
31714 6 15538 24339 24338 30065 30062
25285 1 25279 2 1 2 1
37786 0 14737 11 11 749 737
14737 0 4030 32894 32894 35173 35144
40570 0 10106 30900 30900 40271 40271
2527 1 15676 1 1 2 1
9741 1 22270 2 1 1 1
22719 0 8583 3037 3037 13431 13421
680 7 39181 31339 31279 6 5
680 7 29533 34971 34910 5 5
21810 4 40571 39703 39693 4167 4167
33488 0 4931 31431 31431 35019 35014
30169 4 22524 1352 1352 3077 3077
1374 8 9876 2594 2592 29 29
1374 6 6774 51 36 38 35
35169 3 35168 1 1 1 1
6888 0 11405 14511 14511 16038 16032
6889 1 6888 1 1 1 1
11405 1 12069 1 1 5 1
31720 1 33038 1 1 1 1
14747 1 16665 1 1 1 1
30485 0 12240 1466 1466 4354 4353
35384 1 24098 1 1 3 1
33950 1 24098 2 1 1 1
4617 4 2317 19 12 11 11
26645 0 18798 500 500 3841 3837
1038 4 20161 268 100 6 6
1038 4 39009 7204 7029 768 768
1038 4 31457 345 173 3 3
1038 4 35729 164 2 20 20
1038 4 9526 591 417 7 7
1038 4 36663 379 206 23 23
1038 4 25174 256 89 50 50
1038 4 29468 276 107 1 1
1038 4 40317 178 15 52 52
13441 0 13179 11675 11675 11500 11499
31542 0 28557 38630 38630 38592 38590
5421 1 33580 1 1 2 1
8378 1 15959 1 1 3 1
35680 0 16547 384 384 1932 1927
4601 1 1480 3 2 5 1
23297 1 23798 6497 6496 7238 7235
36430 1 11632 1 1 4 1
7798 1 10220 2 1 1 1
23291 0 7798 37758 37758 40030 40027
9868 0 9017 3 3 218 207
14301 1 22543 1 1 3 1
9933 4 37354 27510 27510 8490 8490
12205 1 12204 1 1 3 1
24146 0 17669 36501 36501 35070 35068
28393 0 1434 1 1 149 88
18831 4 28393 6935 6933 257 257
36594 0 1434 1 1 147 87
26925 0 1434 1 1 51 1
18116 4 1434 23866 23859 7373 7373
21358 1 8040 15 14 135 131
12579 1 8040 3 1 4 1
33003 0 10761 28127 28127 36754 36754
23374 0 739 2 2 11 8
32479 1 37820 3 1 1 1
2181 8 30733 18533 18530 174 174
15394 1 32040 3 1 2 1
28746 1 24321 2 1 2 1
28746 1 16782 3 1 2 1
37839 0 2110 2 2 408 218
38849 0 2110 2 2 348 159
9193 0 2110 1 1 308 121
20494 0 2110 1 1 491 299
38709 0 2110 3 3 585 392
30037 0 2110 1 1 204 19
36409 0 6991 13789 13789 30425 30417
36409 1 20042 2 1 2 1
39061 0 914 588 588 3237 3231
24739 5 914 31 31 23120 22828
40612 5 914 5 5 25126 24833
14021 5 914 1 1 322 41
22854 5 914 1 1 679 394
40047 5 914 1 1 354 72
4847 5 914 1 1 157 2
25072 5 914 1 1 371 88
7476 5 914 1 1 2340 2053
792 5 914 1 1 152 2
914 1 19506 1 1 1 1
8543 1 28419 1 1 2 1
4324 4 13072 30 16 13 13
3407 0 643 1046 1046 1414 1408
3855 1 643 5 1 1 1
37188 1 1558 1 1 6 1
40712 0 1558 7344 7344 40806 40792
26674 0 1558 196 196 286 273
30420 0 22047 20110 20109 38691 38690
35704 4 40572 37464 37464 17572 17572
37073 2 7 1 1 36 1
8520 1 5407 1 1 1 1
30398 5 5407 1 1 532 508
11562 0 9512 6721 6721 18204 18203
40684 0 9512 2057 2057 30011 30009
11780 1 18482 2 1 1 1
2837 0 36460 3057 3057 2672 2669
33600 0 2837 22125 22125 39154 39149
40573 0 11043 8139 8139 40101 40078
40574 0 11043 899 899 34207 34185
21093 0 11043 10 10 204 183
40497 0 85 76 76 8281 8040
1958 0 85 1883 1883 26395 26150
39304 0 85 4344 4344 36888 36641
30762 0 85 276 276 9654 9412
8844 0 85 1 1 404 171
24944 0 85 678 678 11745 11502
40402 0 85 641 641 16155 15911
5552 0 85 62 62 3413 3176
1522 0 85 51 51 7625 7385
37844 0 85 8 8 3302 3066
40665 0 85 359 359 38593 38345
5115 0 85 4 4 2013 1778
28159 0 85 2 2 560 326
85 0 12888 426 426 29 20
31425 1 15729 2 1 4 2
12042 1 1777 3 1 1 1
12042 0 8268 1233 1233 3748 3741
18518 1 14006 18 16 16 13
23766 5 7293 66 64 113 112
15279 0 23766 1230 1230 2710 2710
33175 0 5978 371 371 9609 9587
15358 1 15357 1 1 1 1
16701 0 1677 409 409 2588 2532
13 0 1677 49 49 200 145
30757 0 1677 1715 1715 30188 30130
7419 1 5076 2 1 4 1
27444 1 17724 2 1 2 1
294 1 18895 3 1 2 1
40575 0 22039 6842 6842 36935 36931
31455 0 1027 1 1 156 8
16597 0 1027 1 1 157 8
40576 0 40452 36086 36086 40043 40043
35090 0 17121 18211 18211 38473 38471
19086 6 21626 9 5 23 21
7887 1 7886 2 1 1 1
34521 6 37498 40602 40602 39765 39765
12662 1 40577 37665 37659 4971 4971
40577 1 12662 4971 4971 37665 37659
39496 1 16365 40502 40502 40327 40327
16365 1 39496 40327 40327 40502 40502
11479 1 5180 2 1 3 1
956 1 5180 1 1 6 1
12458 6 16563 11013 11010 4505 4504
12921 1 25846 9 1 2 1
36880 4 37832 20331 20331 7808 7808
877 1 14090 6 1 2 1
14090 1 877 2 1 6 1
8082 0 81 1 1 16 2
2497 1 13459 1 1 1 1
31712 0 2497 10 10 1374 1281
25460 0 2497 2138 2138 7749 7654
30267 0 2497 497 497 8613 8517
14684 0 2497 3644 3644 19749 19650
15327 0 284 1 1 216 3
32738 0 284 1 1 186 2
7747 0 284 1 1 226 8
23048 0 284 1 1 240 18
36041 0 284 1 1 236 16
38651 0 284 1 1 296 70
13843 1 13842 2 1 1 1
38649 1 19488 35285 35285 31668 31668
21810 0 2687 1 1 49 14
5646 1 5645 5 1 3 1
5184 1 28989 3 1 2 1
16262 0 16080 704 704 505 502
16080 0 314 8559 8559 13785 13779
38255 0 18636 4 4 71 70
16914 1 1218 1 1 3 1
11597 1 2084 5 1 2 1
26872 0 11597 24603 24603 34444 34443
38264 0 1629 190 190 6379 6367
15932 0 1629 29 29 94 84
14940 0 1629 11255 11255 31794 31781
23686 1 7865 1 1 1 1
40578 0 971 6975 6975 38528 38524
4933 0 1287 1859 1859 5845 5806
17077 1 1287 2 1 6 1
21855 1 1287 1 1 4 1
2477 9 9034 1 1 1 1
9035 1 9034 1 1 3 1
9452 0 16895 20613 20613 19038 19037
15534 4 27189 21248 21247 7886 7886
15549 0 5198 12352 12352 25336 25316
29419 1 23228 3 1 3 1
29419 1 16566 4 1 2 1
29983 1 29419 1 1 1 1
8761 0 9048 6 6 341 325
16341 0 9048 31374 31374 36574 36553
18043 1 6871 1946 1945 4013 4011
14676 1 15857 1 1 2 1
4402 1 31378 3 1 1 1
1144 1 9716 1 1 1 1
20128 4 19080 26147 26143 17329 17329
20128 4 32553 33 30 1 1
40579 0 33801 35984 35984 40700 40699
39697 0 33801 27142 27142 24207 24207
10515 1 20545 4 1 1 1
10515 1 23161 3 1 1 1
20152 1 10916 2 1 1 1
15078 0 1542 7 7 24 4
3408 6 8332 104 31 33 33
3408 6 33157 105 31 26 25
3408 8 40605 40764 40697 18 18
3408 4 1256 11506 11506 1604 1604
22973 6 8518 291 291 939 938
15512 6 8518 89 86 77 77
37981 1 37980 1 1 1 1
36402 6 38419 18210 18210 11213 11213
35889 0 1222 1443 1443 11636 11624
1630 4 3954 82 77 47 47
27378 5 2295 3 3 2508 2409
16787 5 2295 2 2 195 97
2295 0 20085 34192 34192 39683 39681
2674 1 25490 6 1 1 1
2674 1 37183 5 1 1 1
31859 5 11873 91 91 18107 18103
18301 1 11873 2 1 2 1
3961 4 38195 193 191 3 3
10495 0 65 1 1 19 10
19204 0 65 24 24 396 385
29854 0 65 1 1 25 15
4387 0 16744 2931 2931 5133 5130
14355 2 1137 1 1 84 1
31617 2 1137 1 1 72 1
10756 2 1137 1 1 102 2
23780 2 1137 1 1 62 1
19983 2 1137 1 1 101 2
20239 2 1137 1 1 107 2
40735 2 1137 39 39 38241 38133
3870 6 7609 12751 12745 2875 2875
12556 0 3870 34663 34663 40149 40143
1226 4 6870 101 78 4 4
23617 4 1226 57 55 167 167
6870 4 29653 32856 32856 29042 29042
2536 1 11404 6 1 2 1
2536 0 5973 846 846 375 372
12282 1 7778 1 1 1 1
40580 0 22983 10523 10523 38388 38386
12754 0 184 1 1 313 16
2752 0 184 1 1 304 10
30560 0 184 1 1 256 4
31172 0 184 1 1 244 4
36649 0 184 1 1 249 4
39598 0 184 1 1 291 7
29336 0 184 2 2 381 79
3249 1 9317 1 1 1 1
20805 0 11858 23945 23945 37154 37147
40593 0 11858 17455 17455 40546 40538
11617 1 36457 2 1 1 1
11617 1 3182 3 1 1 1
3060 0 11617 29 29 775 770
40581 0 12650 3329 3329 38107 38086
11149 6 40581 38923 38899 634 634
785 8 11138 28745 28285 12 12
785 8 40710 29462 29000 2 2
785 8 36327 1402 959 1 1
785 8 39015 3449 3004 4 4
785 8 38312 25219 24760 270 270
785 8 27403 31785 31321 41 41
785 8 1422 23504 23047 659 659
785 8 22169 2052 1608 3 3
785 8 30680 35152 34684 831 831
785 8 37209 33146 32681 11 11
785 8 24124 35229 34760 90 90
785 8 25693 33443 32977 32 32
785 8 446 9616 9167 77 77
785 8 21727 15252 14799 3 3
19992 0 27240 24 24 320 318
6448 0 20717 7 7 14 4
5058 1 6448 1 1 6 1
21155 1 6448 1 1 4 1
40663 0 6448 440 440 36291 36286
40582 0 6644 4556 4556 39953 39943
35177 1 298 1 1 3 1
6700 0 2052 4 4 22 20
15310 1 13032 8 1 2 1
20936 1 17024 4 1 1 1
7054 0 20936 7957 7957 9869 9868
39068 0 5731 25244 25244 23612 23612
40583 0 290 527 527 35690 35645
8787 0 290 742 742 3192 3148
28170 5 290 8 7 5981 5958
27556 5 290 29 29 14312 14288
4123 1 290 3 1 2 1
2858 4 290 862 829 148 148
38753 0 16960 411 411 6535 6530
29292 1 20260 2 1 2 1
7491 1 3611 4 1 1 1
10450 4 40584 35216 35210 4483 4483
40584 0 427 138 138 30151 30078
7966 0 9605 19206 19206 15165 15162
32027 0 12798 368 368 3275 3275
32795 1 1063 1 1 2 1
2920 1 17874 1 1 2 1
2920 1 4427 2 1 3 1
129 1 4427 2 1 5 1
32885 0 13252 15465 15465 28564 28560
16493 0 20467 580 580 276 276
40585 0 38674 25841 25841 39838 39838
34 3 10832 12770 12770 22042 22042
8982 1 26420 2 1 2 1
2675 0 965 1 1 35 4
16821 0 965 1 1 32 3
17630 0 9068 896 896 2106 2103
18501 6 11746 2886 2886 1371 1371
18495 0 17922 18716 18716 11961 11960
17278 2 7488 6 4 4 1
2499 1 13511 2 1 1 1
36662 1 17710 1 1 1 1
36331 1 19237 1 1 2 1
18045 1 1998 3 1 6 1
3130 1 4954 4 1 3 1
13102 0 24336 2 2 5 3
271 8 28240 5424 5413 25 25
271 6 40624 40703 40675 6795 6795
12111 0 13254 416 416 582 572
19649 0 13254 686 686 1274 1263
10494 0 20781 9787 9787 12547 12544
5360 1 23897 1 1 1 1
23898 1 23897 1 1 2 1
17935 1 2212 4 1 1 1
9847 3 26719 6262 6255 451 451
33866 9 23829 1 1 1 1
40586 0 19015 5352 5352 39671 39657
40713 0 19015 520 520 34503 34490
22702 0 16200 6 6 7 5
3541 1 20787 1 1 2 1
6267 1 20787 2 1 3 1
24216 1 1742 3 1 2 1
1742 0 2571 12023 12023 10563 10561
9291 0 4466 28285 28285 38311 38310
3600 0 2216 2 2 8 2
29682 1 6044 3 1 3 1
40587 0 17191 2874 2874 38522 38519
16309 3 31279 6 1 1 1
40588 0 10342 12472 12472 37100 37099
15741 5 2786 9 9 3764 3752
2786 1 31467 1 1 1 1
22083 6 37406 12053 12052 2783 2783
27641 1 17450 1 1 2 1
5520 1 6140 2 1 2 1
37977 0 4550 3 3 399 302
22986 0 4550 1 1 79 4
13964 4 20032 22 9 5 5
20032 4 22514 7937 7933 3969 3969
5289 1 2452 4 1 4 1
6078 0 5289 2742 2742 15549 15537
32 4 22428 71 56 35 35
25738 1 1502 1 1 3 1
27499 1 25738 2 1 3 1
11607 6 9604 22202 22201 16110 16110
383 9 6658 1 1 2 1
6658 1 382 1 1 1 1
16197 1 6658 2 1 6 1
24259 0 16169 2375 2375 20799 20763
22335 0 16169 1538 1538 14221 14186
25952 4 36629 7761 7761 1777 1777
32112 4 37795 1028 1028 810 810
20499 0 1592 893 893 5751 5746
19836 0 4030 1 1 26 2
3908 1 31477 2 1 1 1
7874 4 13716 1231 1203 21 21
10974 4 38608 871 869 85 85
1018 1 7659 1 1 3 1
7144 4 24030 11881 11879 3158 3158
12048 4 7144 97 90 35 35
5500 1 21297 3 1 1 1
5500 0 9200 90 90 6 6
27615 0 5220 16 16 345 333
19850 1 2151 2 1 4 1
16779 1 16998 2 1 1 1
10771 4 10410 52 49 6 6
10771 4 21127 4298 4294 1719 1719
12627 0 21127 3 3 8 5
40589 2 1646 38 38 34813 34772
32664 5 774 1 1 135 3
30156 5 774 1 1 130 3
27981 5 774 1 1 122 1
13550 5 774 1 1 100 1
21966 5 774 1 1 16 1
19088 5 774 21 21 14647 14509
27383 5 774 1 1 128 3
17731 0 774 238 238 771 761
21818 6 37463 3195 3193 1468 1468
10205 0 11093 29677 29677 36246 36223
36918 0 11093 1468 1468 11106 11084
2974 0 11093 1053 1053 9501 9480
13543 0 11093 120 120 2686 2666
14057 0 7284 18062 18061 29544 29544
7284 1 1156 2 1 5 1
3972 7 20913 7856 7779 2 2
3972 7 40458 30156 30077 9 9
36867 0 8952 35563 35563 38944 38944
39341 4 7922 6552 6552 9158 9158
9031 4 34522 38 21 19 19
9031 4 36372 600 581 17 17
9031 4 22734 6098 6078 1060 1060
40590 0 27411 5662 5662 32800 32798
5334 0 8355 3814 3814 29010 28986
8355 0 37159 31785 31785 6921 6921
29370 0 32370 9646 9645 8181 8180
38392 0 2833 16073 16073 34194 34178
17123 1 22282 1 1 2 1
11931 1 23210 2 1 1 1
3929 1 6637 12 1 2 1
39809 0 15772 23 23 88 88
3014 1 16068 2 1 4 1
5872 1 17690 3 1 1 1
38213 0 13538 174 174 2098 2092
15641 1 27635 6 1 1 1
33238 2 955 8 7 3246 3234
5920 0 30694 1631 1631 337 336
14280 1 5920 4 1 4 1
15530 0 4225 13 13 13 13
28112 0 19783 77 77 186 183
31385 0 19783 10810 10810 36869 36864
1220 0 19783 19738 19738 25044 25040
15603 1 15 4 1 1 1
15 1 5976 2 1 1 1
4744 1 27814 5 1 2 1
26459 0 12430 1330 1330 1458 1455
12430 1 4066 4 1 1 1
9361 1 26566 4 1 1 1
4323 1 10025 3 1 3 1
30746 0 4323 5163 5163 11788 11787
21869 4 16617 85 84 180 180
26942 1 31134 1 1 1 1
12877 0 4127 33468 33468 33882 33878
9331 0 9481 7047 7047 22569 22568
11045 1 10096 2 1 1 1
18526 1 6001 1 1 2 1
6002 1 6001 1 1 3 1
4984 1 3637 2 1 1 1
33272 5 4984 26 26 4308 4302
40591 0 2215 3237 3237 35124 35118
26189 0 15682 15946 15945 15373 15372
8657 6 18527 8276 8276 29741 29741
2095 0 4792 17803 17803 31640 31636
17447 0 4792 498 498 401 398
32551 0 7192 7987 7987 28436 28416
727 1 7192 4 1 3 1
38904 1 15390 31 31 290 289
38713 1 6445 1 1 5 1
36718 0 38713 16989 16989 19565 19565
21331 0 14398 2547 2547 3505 3504
1671 0 8078 8624 8624 21434 21422
16941 6 5249 3462 3462 4913 4912
34019 0 7149 304 304 6086 6048
18807 1 18806 5 1 1 1
16369 1 3715 3 1 1 1
18079 1 16369 1 1 5 1
26616 0 24680 4931 4931 8416 8414
26616 1 11969 2 1 1 1
36080 0 34647 18957 18956 19551 19551
9970 1 22186 3 1 1 1
21084 4 35872 367 365 3 3
38715 0 5011 17 17 631 622
4226 0 11100 3762 3762 14871 14853
18612 4 33719 49 30 3 3
40592 0 3742 167 167 25837 25814
40481 0 4992 19141 19141 23757 23755
39479 0 28777 14561 14561 13955 13955
1650 1 40174 39866 39858 29597 29597
1650 1 1311 7 1 4 1
1650 0 21879 4295 4295 653 653
16394 1 1650 3101 3101 14740 14733
9761 0 1650 339 339 1742 1738
7968 0 239 16 16 2756 2503
7968 1 11878 2 1 3 1
3491 0 239 69 69 3925 3670
40419 0 239 981 981 37335 37069
17572 0 239 2 2 383 138
134 0 239 137 137 1702 1451
40620 0 239 10 10 32712 32447
5037 0 239 199 199 16831 16571
23341 0 239 16 16 6057 5800
30294 0 239 26 26 3606 3352
11839 0 239 95 95 6854 6596
38423 0 5720 116 115 1717 1709
36383 0 6139 1741 1741 9954 9947
23143 1 19335 5 1 1 1
6619 1 23143 1 1 4 1
2002 0 19290 24091 24091 21253 21253
2033 1 10164 3 1 1 1
34032 0 13475 5650 5650 12447 12445
34006 1 34291 2 1 1 1
1920 4 13057 291 236 2 2
1920 4 14332 63 10 8 8
1920 4 17214 411 355 163 163
1920 4 20671 215 161 189 189
4419 1 1849 6 1 1 1
4419 1 8002 5 1 2 1
32151 5 11426 1 1 421 411
18951 4 31532 183 176 5 5
18951 4 32437 339 331 3 3
30591 0 49 1 1 20 9
3608 4 24144 150 125 74 74
3608 4 19987 92 68 14 14
3608 4 751 971 945 106 106
17073 1 4982 2 1 2 1
30457 0 3668 37382 37381 38958 38951
13681 4 18265 28 22 3 3
13681 4 39987 1165 1158 353 353
18301 5 1981 14 14 13905 13851
40455 0 26054 2736 2736 10652 10650
9094 1 352 1 1 9 1
352 1 26517 14 5 4 2
18661 1 12085 2 1 1 1
15620 4 22311 670 664 73 73
33409 0 22311 18325 18324 26957 26956
1258 1 1257 2 1 2 1
1258 1 7835 1 1 2 1
7440 9 35492 2 2 1 1
40594 0 32069 28325 28325 40847 40847
4292 1 4291 5 1 1 1
13227 1 13641 8 1 1 1
13227 1 540 4 1 1 1
12002 1 7957 2 1 2 1
40595 0 26503 10911 10911 37011 37011
40596 0 16944 2186 2186 38293 38288
16944 1 16943 1 1 1 1
13138 1 13137 1 1 2 1
23155 0 3062 1583 1583 8441 8430
40600 0 3062 1245 1245 38681 38669
13408 5 2064 1 1 141 117
2652 1 15263 4 1 2 1
606 1 31605 2 1 1 1
27110 0 11322 631 631 709 706
9199 1 6691 2 1 4 1
6691 1 35867 3 1 1 1
15253 1 22571 3 1 5 1
22571 1 16934 3 1 1 1
12011 0 9758 13569 13569 18490 18469
12011 1 4723 2 1 3 1
27410 0 9758 7 7 208 191
11818 1 12928 1 1 2 1
14656 1 11818 2 1 3 1
16439 0 3281 2647 2647 8565 8562
3281 1 5769 2 1 5 1
23498 1 35393 2 1 1 1
12469 0 15650 15531 15531 22703 22702
19415 4 36359 301 296 30 30
19415 4 9039 2335 2329 1833 1833
15564 1 25098 1 1 1 1
29421 2 28324 23454 23453 37535 37535
4753 0 1271 2230 2230 5598 5590
403 1 1271 1 1 1 1
26741 1 17064 4 1 1 1
31116 1 29683 1 1 1 1
31116 1 10855 9377 9376 8660 8659
11565 0 19217 7022 7022 945 944
10666 1 2269 2 1 2 1
38441 0 610 1 1 48 14
40747 0 610 1870 1870 37759 37722
38589 0 610 1684 1684 9636 9600
39062 0 610 6 6 210 175
8986 1 27775 3 1 1 1
40597 0 1285 5893 5893 39353 39346
14201 1 22872 3 1 1 1
14201 1 22141 4 1 1 1
17803 0 34579 4 4 7 6
37095 0 34579 79 79 663 661
11611 1 4777 1 1 2 1
20848 1 4777 1 1 4 1
11687 0 11199 34 34 154 136
14407 1 11687 2 1 4 1
2991 1 29472 3 1 2 1
13950 0 13637 1496 1496 4386 4381
21726 0 13637 7 7 9 5
23452 0 27533 28623 28623 36674 36672
6739 1 1414 3 2 9 1
11097 1 1414 1 1 7 1
1379 9 8161 2 2 1 1
35420 1 23199 1 1 3 1
23199 1 8758 1 1 2 1
39781 4 29034 11574 11574 4277 4277
24328 1 26984 2 1 2 1
27592 0 883 1 1 236 23
26057 0 883 2 2 503 284
35017 0 883 2 2 549 329
31955 0 883 1 1 370 152
14966 0 883 1 1 230 19
11358 1 11357 2 1 1 1
21577 1 19963 3 1 2 1
28849 6 1609 617 614 874 873
1609 6 8263 33 27 11 11
8531 0 14081 193 193 1217 1206
28503 1 28407 1 1 1 1
39294 0 17478 2158 2158 14989 14985
40598 0 2348 7464 7464 35365 35363
23960 0 13199 9972 9972 6053 6050
399 1 398 4 1 2 1
24160 0 6684 10 10 23 20
40599 0 11712 3095 3095 35009 35008
18982 0 5876 7918 7918 10476 10474
18213 1 5876 36 34 2 2
5876 1 18213 2 2 36 34
34510 4 19961 37 35 4 4
30259 1 21208 5 2 1 1
17577 4 34771 3346 3346 989 989
30657 1 2445 2 1 1 1
19374 4 10501 37216 37216 37709 37709
26690 6 38361 17472 17471 4460 4460
5142 6 18018 3589 3574 98 98
8335 6 5142 237 226 290 289
7831 0 21055 4619 4619 12131 12127
27907 1 14404 20261 20260 21547 21545
14404 1 27907 21547 21545 20261 20260
1175 0 14404 1095 1095 1128 1126
25106 0 38339 17351 17351 12949 12949
7779 1 33053 1 1 1 1
4104 1 7779 2 1 2 1
7006 0 36034 11636 11635 15530 15528
35113 9 26863 1 1 1 1
12815 4 20100 369 346 121 121
9564 1 1329 1 1 5 1
21276 0 3984 5995 5995 27364 27355
1652 0 3984 6572 6572 30224 30214
3625 0 4435 759 759 1632 1629
31367 0 4435 3 3 74 72
30581 1 16682 1 1 5 1
36064 5 2176 3 3 7030 6926
99 5 2176 1 1 105 8
9641 5 2176 1 1 639 540
16171 5 2176 12 12 12434 12329
26128 5 2176 164 164 39584 39477
1908 5 2176 17 17 17075 16969
10424 5 2176 1 1 1383 1283
2176 1 11120 2 1 1 1
10 4 8672 215 210 34 34
4643 6 5961 9986 9980 2845 2845
16211 1 18929 1 1 1 1
4844 1 15639 2 1 2 1
21835 1 36257 1 1 1 1
32931 2 5970 1164 1163 6114 6109
19745 1 2237 2 1 1 1
10276 0 5907 2 2 21 18
20837 1 9151 1 1 3 1
15147 0 1938 53 53 235 229
18040 0 11068 2 2 227 214
5173 4 23709 7455 7450 1748 1748
15430 6 9646 8043 8042 4476 4476
15430 4 3544 19 4 4 3
1388 1 20463 1 1 1 1
39201 0 10557 166 166 2122 2114
4701 6 6142 16346 16346 28615 28615
39620 5 4701 1 1 23 2
17538 5 1819 1 1 2571 2530
14012 1 8954 4 1 4 1
5148 4 21781 20117 20117 2900 2900
22752 1 11878 4 1 2 1
26368 1 8800 2 1 2 1
24546 9 793 1 1 1 1
33697 0 1749 49 49 360 346
12548 1 7959 1 1 1 1
2170 6 36952 116 90 3 3
2170 6 1435 186 159 4 4
2170 6 17789 2720 2692 205 205
40628 0 2170 470 470 36001 35979
11745 1 17019 2 1 2 1
1914 6 18394 2308 2285 35 35
1914 8 19753 29474 29464 659 659
4058 0 9924 3685 3685 3194 3187
37876 0 4058 2 2 58 48
8628 0 14367 4878 4878 10447 10441
8628 3 14961 28261 28259 8614 8614
39060 0 9003 33557 33557 34276 34276
23809 0 3362 4940 4940 33457 33404
18746 0 3362 1073 1073 11006 10955
34253 0 3362 283 283 11086 11034
29236 1 35973 3 1 1 1
29236 1 29751 1 1 1 1
1764 1 26830 5 1 2 1
26830 1 1764 2 1 5 1
40262 4 38717 39392 39392 40218 40218
22671 0 21247 31418 31417 6846 6846
9129 4 26293 56 46 10 10
20158 1 33956 2 1 1 1
35386 0 2558 11 10 638 624
35386 1 4810 1 1 2 1
34559 0 2558 8 7 121 108
2101 1 33146 9 1 2 1
2101 1 20147 3 1 1 1
2101 1 15727 6 1 1 1
34312 6 40486 10428 10428 5773 5773
2381 6 39759 11294 11288 775 775
34198 0 4847 16382 16382 38106 38076
38741 0 4847 11 11 518 489
26334 1 17027 5 2 1 1
26334 1 11324 2 1 1 1
4277 0 4056 31371 31371 36954 36950
11573 0 4056 6778 6778 17540 17537
24326 1 19636 3 1 2 1
37944 0 6042 7559 7559 31348 31337
6042 0 11666 23 23 48 31
40749 0 24944 10314 10314 34879 34878
8498 1 7256 3 1 3 1
16881 1 9338 2 1 4 1
25360 1 30394 2 1 1 1
16533 1 457 4 1 2 1
16533 1 5139 1 1 4 1
5139 1 20874 5 1 1 1
113 6 26801 6 4 2 1
18225 4 31949 2367 2365 355 355
31096 0 26764 34882 34882 31959 31959
23445 1 20144 1 1 2 1
1322 6 37390 11636 11625 384 384
35223 0 31661 4391 4391 17615 17611
6083 4 7925 61 61 2 2
36842 0 4161 1 1 121 94
40673 0 4161 282 282 31339 31310
17498 1 21619 4 1 1 1
17498 1 1654 3 1 2 1
39970 0 3052 1211 1211 4400 4399
25857 0 28155 16410 16410 19377 19377
35205 0 10662 1 1 9 3
3104 0 10662 6098 6098 22626 22619
27896 6 40601 36934 36933 9190 9190
4359 1 21993 2 1 6 1
28307 0 21993 45 45 169 168
40602 0 300 292 292 36699 36593
21701 0 300 125 125 1437 1334
18354 0 300 3645 3645 23752 23647
7446 0 300 1588 1588 14954 14850
40703 0 300 609 609 38242 38135
21213 1 25178 2 1 1 1
11884 9 3041 2 1 2 1
9796 4 30359 257 254 47 47
4764 1 21744 3 1 1 1
13887 1 1866 2 1 1 1
13675 1 13726 2 1 1 1
27185 1 27184 1 1 2 1
29913 0 959 20531 20531 37433 37401
21128 0 959 874 874 20678 20648
30482 5 985 1 1 1757 1691
6067 5 985 1 1 112 48
12898 5 985 10 10 7500 7433
33867 0 985 4690 4690 17638 17633
19990 0 985 449 449 1963 1959
6754 1 35743 2 1 1 1
12952 0 38827 22663 22663 17061 17061
16576 1 38827 3 1 1 1
1678 7 27909 803 565 1 1
1678 7 17606 1086 846 1 1
1678 7 34411 827 588 1 1
1678 7 38159 255 23 1 1
1678 7 33433 264 30 1 1
10710 1 38566 1 1 1 1
23757 2 2023 11 11 1805 1755
8705 2 2023 16 16 5875 5823
2286 2 2023 12 12 921 873
7964 3 1791 3 2 4 1
5580 0 3139 2371 2371 7185 7177
19705 6 7282 9836 9835 1374 1374
11170 1 15337 1 1 2 1
22652 4 28628 8731 8731 806 806
40603 0 5178 3513 3513 38626 38595
40753 0 5178 3827 3827 39830 39798
5607 1 5839 2 1 3 1
27112 0 5607 8067 8067 23635 23629
40604 0 3773 9379 9379 37219 37219
23502 0 3591 18087 18087 25454 25448
3591 1 23828 3 1 2 1
3591 1 4974 1 1 4 1
13512 1 11627 1 1 1 1
11627 0 32691 19501 19501 21544 21544
40605 0 7851 13542 13542 40479 40479
40536 0 2861 2695 2695 23330 23321
18541 6 29772 22358 22358 6116 6116
17171 1 14314 1 1 3 1
6430 1 1025 2 1 2 1
33808 0 12168 3 3 186 151
4680 3 30046 276 275 14 14
4680 1 4679 1 1 1 1
26874 1 21974 3 1 1 1
40606 2 9677 20210 20210 39231 39231
13297 4 19277 98 98 14 14
871 1 6778 2 1 4 1
6778 1 18012 6 1 3 1
3278 1 37105 1 1 2 1
40607 6 7316 8190 8190 39495 39494
40607 6 2974 36726 36725 40826 40826
39590 2 17930 4 1 7 1
35134 1 29177 1 1 2 1
37759 4 33633 28470 28470 10413 10413
18141 0 20337 10411 10411 35234 35228
25756 0 18141 36806 36806 28954 28954
31924 0 2137 1 1 23 11
16768 1 3527 1 1 1 1
15053 1 25331 4 1 3 1
2951 1 25331 6 1 2 1
26706 8 17041 1087 1079 113 110
26404 4 38397 5969 5969 1070 1070
40608 0 11269 21036 21036 39473 39471
570 4 37732 2068 2066 339 339
9157 2 17319 2 1 9 6
16875 1 3343 3 1 5 1
9424 9 9423 1 1 1 1
9424 9 30295 66 65 32 31
30295 9 9424 32 31 66 65
28528 2 1425 82 81 11490 11469
40661 2 1425 23 23 23811 23789
16252 0 2071 1 1 127 106
8344 1 23341 3 1 1 1
23784 1 34483 1 1 1 1
7763 1 7762 1 1 1 1
30165 5 860 1 1 115 46
17944 5 860 77 77 36002 35929
9290 5 860 8 8 2568 2497
15462 1 30636 3 1 1 1
35232 1 35821 1 1 1 1
25564 0 8404 1848 1848 22122 22104
33907 0 24173 9175 9175 7894 7893
26592 0 8194 14076 14076 22487 22484
483 0 8194 11250 11250 2883 2881
9566 1 3309 5 2 2 1
40609 0 27148 6167 6167 39554 39550
40718 0 2951 11939 11939 40299 40298
11761 1 12999 4 1 2 1
26237 1 26236 2 1 1 1
24009 6 38249 127 127 898 898
38964 6 24009 3267 3264 541 541
3708 0 9694 617 617 621 618
40610 0 22619 9889 9889 35529 35523
25185 1 32634 2 1 1 1
40611 0 12710 6483 6483 39076 39073
5005 9 12710 3 2 2 1
7711 4 13896 77 69 6 6
21444 0 1668 58 58 4409 4339
17426 0 1668 58 58 2216 2147
38358 0 1668 60 60 4671 4600
5746 1 1668 2 1 3 1
26493 0 228 1801 1801 8902 8829
40675 0 228 493 493 38127 38050
22038 0 228 5449 5449 27234 27160
12895 4 10906 320 318 655 655
40453 0 10316 2 2 11 3
112 6 11189 64 18 35 35
3830 1 905 1 1 2 1
708 1 707 1 1 1 1
22664 1 9804 1 1 1 1
36523 0 4686 5165 5165 26575 26575
35422 0 10385 26785 26785 26283 26281
30775 4 5073 16323 16323 14071 14071
5073 1 5072 1 1 2 1
10680 6 18425 8911 8910 4269 4269
15029 1 11029 2 1 2 1
38345 0 7537 8249 8249 32090 32089
350 4 38228 1710 1707 725 725
10620 0 1244 1 1 353 71
40677 0 1244 59 59 31745 31453
33735 0 1244 1 1 286 9
15016 0 1244 12 12 2196 1905
29065 0 1244 1 1 444 159
15149 0 1244 1 1 605 319
16145 0 1244 2 2 400 117
10903 0 1244 1 1 306 27
4345 0 1244 1 1 350 69
30266 0 1244 10 10 1819 1529
36703 0 1244 1 1 290 12
19553 4 9540 3928 3928 9042 9042
450 4 20276 279 261 86 86
21982 4 450 127 121 146 146
37161 1 14121 1 1 1 1
20816 1 14121 2 1 3 1
11305 0 14274 435 435 1004 999
12347 9 39027 1 1 1 1
17462 6 8373 20129 20113 1994 1994
17462 6 38751 13351 13336 542 542
11067 1 10029 1 1 2 1
5221 1 11848 2 1 2 1
6901 1 3580 5 1 3 1
15047 9 3513 4 1 3 1
3513 1 12072 7 1 6 1
19227 0 8492 20452 20452 20529 20526
12728 4 4840 45 36 20 20
12728 4 40336 23464 23454 2568 2568
1053 1 5405 3 1 1 1
1053 0 507 9141 9141 14937 14920
523 6 11110 34 7 4 3
34511 0 17252 1 1 17 5
11212 1 11211 2 1 4 1
8644 1 17442 1 1 1 1
40700 0 8644 6019 6019 38829 38817
19547 0 23405 4146 4145 17681 17671
3994 1 3993 6 1 4 1
31541 0 27211 30395 30395 39410 39408
36276 0 3679 189 189 3771 3761
40613 0 3721 184 184 32540 32504
14007 0 34084 30 30 213 209
26371 0 12250 11 10 163 161
28054 5 12250 16 16 6116 6103
39517 2 40614 38862 38861 3147 3147
40614 0 621 7654 7654 35614 35612
6014 0 1641 16148 16148 9959 9953
4778 0 1641 1938 1938 2489 2484
12527 1 31620 3 1 1 1
24997 4 4731 35883 35883 21532 21532
36026 0 2392 7218 7218 10189 10188
37802 0 2392 1442 1441 5164 5164
4182 4 2884 12 1 1 1
4182 4 36637 16895 16883 1629 1629
36637 0 1378 1 1 100 40
38852 1 36779 2 1 1 1
7696 0 251 1 1 62 8
28258 0 251 351 351 22362 22306
39711 0 251 32 32 2105 2050
24111 1 24110 1 1 1 1
40306 0 18126 1702 1702 4776 4767
12124 1 12123 1 1 3 1
15913 5 4475 3 2 31 11
19517 0 15913 4 4 27 23
4475 0 3779 64 64 1676 1623
39636 0 19687 12707 12707 25530 25529
11271 1 27213 6 1 1 1
11271 1 32517 7 1 1 1
32517 1 8906 2 1 6 1
24608 4 30747 21 19 2 2
23217 1 24399 2 1 2 1
29094 0 19267 2779 2779 3685 3683
3498 1 449 1 1 2 1
449 0 18847 34076 34076 33297 33297
17435 1 8639 3 1 1 1
37239 2 1136 26 26 18615 18543
40615 0 34949 37249 37249 40833 40832
36310 0 13741 5 5 26 19
36310 1 33374 1 1 1 1
19988 0 5541 22378 22378 23741 23730
3478 1 3477 1 1 1 1
39338 0 2342 189 189 1463 1459
37502 2 2524 22 21 19476 19432
38205 2 2524 2 1 98 56
2714 8 39449 137 119 3 3
2714 8 36914 31499 31480 11041 11041
2714 8 10915 35840 35820 735 735
10239 1 23646 2 1 3 1
6491 4 33367 4254 4252 774 774
8572 1 2319 3 1 3 1
2203 1 3505 2 1 2 1
2203 1 2202 6 1 2 1
7534 1 2203 2 1 1 1
4312 9 1881 1 1 1 1
1881 1 32034 1 1 2 1
22224 2 6577 1 1 66 15
37828 2 6577 8 8 12406 12351
34631 2 6577 1 1 72 20
18135 3 961 1971 1969 403 402
18135 3 20631 2 1 2 1
20631 10 24127 1 1 1 1
26739 0 18996 18870 18870 27493 27485
26740 1 26739 1 1 1 1
40616 0 37405 10994 10994 37667 37666
32555 1 16514 1 1 2 1
57 1 14678 7 1 2 1
1750 1 14678 3 1 1 1
14678 3 3713 1 1 2 1
14678 3 24654 4 1 3 1
40617 0 20218 5351 5351 37772 37767
13411 1 23555 5 1 4 1
5505 0 11298 17428 17428 26817 26814
5505 3 11131 3 1 5 1
19316 0 4045 7325 7325 9547 9546
4899 1 9805 14 10 3 2
21273 4 25459 11 2 1 1
30787 0 1897 7324 7324 27355 27282
30787 1 8109 1 1 2 1
40728 0 1897 160 160 32529 32454
17481 0 1897 7047 7047 31446 31372
40740 0 1897 1880 1880 39864 39788
4621 1 4620 2 1 5 1
14843 0 23268 13581 13581 19312 19308
12016 1 12015 1 1 3 1
19364 1 19363 2 1 1 1
40432 0 5164 2797 2796 17055 17046
34663 2 34482 18699 18699 19368 19368
4270 7 27605 5466 5427 2 2
4270 7 39989 67 29 1 1
24865 1 29189 1 1 1 1
10074 0 7611 29 29 1206 1196
30125 4 21696 88 87 49 49
5262 6 1060 12125 12123 3253 3253
4252 1 4251 1 1 3 1
22399 1 16355 19025 19025 26506 26501
40351 0 23777 11017 11017 4815 4815
28134 0 25797 5685 5685 4639 4639
36095 0 17496 16207 16207 22784 22783
40618 0 20146 22199 22199 39708 39707
11641 3 6465 4891 4886 483 483
17723 1 36872 2 1 1 1
40243 0 9712 2068 2068 9940 9936
31655 6 23676 28796 28793 22895 22895
7363 1 9383 2 1 6 1
927 1 19126 2 1 1 1
18550 1 11874 5 1 5 1
6872 1 17571 2 1 1 1
22182 1 3015 1 1 2 1
31726 0 2708 1 1 31 5
10510 1 31299 3 1 2 1
10510 1 11468 2 1 2 1
5637 0 14019 35307 35307 30670 30658
37295 0 5637 21585 21585 29372 29354
40651 0 14019 13776 13776 39158 39145
19127 0 32193 37151 37151 34994 34992
40619 0 17352 19568 19568 40165 40165
18931 1 7658 2 1 1 1
24917 1 24916 1 1 1 1
14958 0 8926 13858 13858 13250 13247
2199 0 12062 156 155 227 223
37781 4 33570 27 27 46 46
2638 1 13670 5 1 1 1
4988 6 37733 26100 26099 9206 9206
7538 0 2453 11095 11095 34343 34289
6470 0 2453 56 56 4838 4787
3450 0 2453 327 327 6321 6269
23404 1 36206 1 1 1 1
18078 1 18077 1 1 1 1
12966 4 7733 4 3 2 1
2725 6 35944 2977 2974 864 864
2725 6 38746 7218 7214 2213 2213
6374 1 6373 2 1 3 1
18028 4 23156 8823 8821 5284 5284
27874 1 9022 1 1 1 1
7520 0 6342 4241 4241 2230 2229
26885 1 36088 2 1 2 1
40337 0 3712 5387 5387 27558 27549
11866 0 2723 124 124 3021 2986
40672 0 2723 1899 1899 40537 40498
19663 5 5949 72 72 20326 20319
10405 4 39191 183 180 56 56
31833 0 2612 11748 11748 32686 32684
27749 0 2612 17476 17476 26680 26679
36563 6 10574 14 12 105 104
40621 0 17882 24433 24433 40733 40732
6572 1 34940 30136 30131 32175 32175
2450 1 6572 2 1 3 1
34940 1 6572 32175 32175 30136 30131
11303 0 16874 219 219 234 232
3894 6 39306 65 57 28 27
38351 1 38350 1 1 1 1
221 3 8712 3 1 5 1
8712 3 2533 4 1 2 1
40622 0 140 27059 27059 40171 40164
16189 1 10946 10 9 66 63
22380 1 29033 5 1 2 1
33769 1 969 1 1 2 1
21347 6 28199 1671 1671 331 331
5013 4 21215 298 297 148 148
40623 0 9319 5549 5549 36366 36364
9319 6 20165 9565 9561 4699 4698
22384 1 2522 2 1 7 1
30132 1 32978 2 1 1 1
28058 6 25609 18272 18266 22169 22168
4994 1 4993 1 1 1 1
515 0 2507 2 2 8 3
515 1 25909 6 1 1 1
2739 1 8642 7 1 1 1
8991 0 10772 1788 1788 5886 5876
1796 0 10772 13225 13225 19369 19357
28422 0 10772 129 129 1838 1829
21206 0 10772 5470 5470 12170 12159
3799 0 507 1680 1680 8660 8644
3335 4 15150 112 108 75 75
28623 1 16535 1 1 1 1
2736 4 39631 53 6 1 1
30472 0 13465 3669 3669 16534 16533
33343 1 22 1 1 3 1
10950 1 13236 4 1 5 1
2967 1 2966 1 1 5 1
39937 0 7513 2307 2306 1159 1159
9419 1 9418 2 1 3 1
39013 1 36698 1 1 1 1
29610 1 10919 1 1 1 1
4538 3 20612 4449 4449 640 640
30780 0 35793 5390 5390 4810 4809
24724 0 8582 15729 15729 28991 28983
8582 3 31244 13601 13601 7758 7758
32853 1 1076 1 1 7 1
16397 1 1054 6 2 7 1
1054 1 16397 7 1 6 2
20574 1 20573 1 1 1 1
17492 1 25092 3 1 3 1
38372 5 9152 311 311 26331 26327
20274 0 9152 21089 21089 28297 28296
20264 1 24542 2 1 1 1
18955 0 7329 10 10 28 21
23987 0 4369 138 138 1425 1406
4369 0 3 651 651 376 363
2124 1 1068 3 1 3 1
33595 0 1068 2511 2511 6614 6597
5628 7 37755 638 606 2 1
5628 7 12647 24 1 2 1
3996 1 6728 1 1 11 1
40624 2 8477 52 52 39521 39502
40625 2 1565 73 73 35546 35529
36784 2 1565 1018 1017 30708 30692
2962 4 22234 228 198 15 15
2962 4 29412 123 94 49 49
6633 7 36193 27301 27290 30 30
40626 0 614 13252 13252 39958 39955
31835 1 5813 3 2 8 1
25903 0 9834 7794 7794 20471 20466
16418 0 8858 15636 15636 35435 35423
32204 1 21012 2 1 3 1
36815 4 18543 9354 9354 8777 8777
5960 1 5959 1 1 1 1
5959 1 20633 2 1 1 1
3186 0 19366 1 1 7 1
34490 0 19366 1 1 6 1
9285 4 3566 984 981 348 348
28491 0 21937 17450 17450 37384 37384
14560 0 3579 2946 2946 15280 15267
1548 0 13970 63 63 83 76
24781 0 9745 15265 15265 20712 20709
37605 1 10437 1 1 1 1
21783 4 36057 673 667 55 55
39777 0 28386 11 11 18 18
12874 0 25149 127 127 283 278
34886 0 19548 30560 30560 30380 30379
38549 0 3218 170 169 1326 1319
6806 0 3218 5 5 22 16
5707 1 9142 2 1 6 1
21471 0 21813 3 3 8 5
3766 8 8009 25 19 6 3
13145 1 9402 4 1 2 1
17843 0 28399 8487 8487 4807 4807
40627 0 1666 213 213 27679 27667
1666 0 8325 19 19 14 5
654 0 412 1026 1026 1033 1026
14956 2 12037 1568 1567 25721 25716
617 6 6774 19 5 8 6
9968 1 9967 2 1 3 1
27085 0 35359 424 424 440 440
1637 1 34420 3 1 2 1
5730 0 36803 4565 4565 3224 3222
838 6 32152 286 278 1 1
23103 0 3276 16711 16711 33970 33952
35721 0 3276 1 1 21 4
18987 1 3276 4 1 2 1
40629 0 36565 8678 8678 40525 40524
1164 6 6638 95 90 10 8
34239 9 18569 1 1 1 1
11837 4 28447 921 914 353 353
28130 0 12447 20321 20321 37703 37699
3649 1 31930 2 1 1 1
11584 0 5856 1962 1962 9101 9074
15608 0 11584 39 39 38 35
33433 0 9304 3160 3159 12451 12441
11509 6 13575 38267 38266 19641 19641
3459 1 18716 1057 1046 2589 2589
28208 1 3459 1 1 11 1
18716 1 3459 2589 2589 1057 1046
33370 4 36554 1537 1537 1058 1058
36554 4 19332 35933 35933 29788 29788
28158 1 24705 2 1 1 1
3450 1 13968 5 1 2 1
32129 0 885 20869 20869 25496 25489
23550 0 341 21 21 107 101
20836 1 23921 5 1 2 1
23921 1 19782 1 1 1 1
20335 0 25270 16 16 16 16
32163 4 27952 2404 2403 1238 1238
22393 0 1973 3667 3667 25612 25556
40727 0 1973 215 215 34844 34787
25244 0 1945 4918 4918 26129 26106
33880 0 1945 206 205 6588 6566
24265 1 658 1 1 2 1
8592 1 8591 3 1 3 1
799 6 14682 729 711 169 168
799 6 23999 43 26 23 22
36839 0 32330 6099 6099 11258 11258
9877 9 17446 1 1 2 1
9284 6 40237 32784 32784 36378 36378
8440 0 10175 235 235 129 124
15799 6 17610 2511 2499 4153 4153
1955 1 12334 1 1 1 1
15612 1 33784 1 1 1 1
26154 6 29880 4 1 2 2
27300 1 30734 5 1 1 1
27525 0 3582 11462 11462 26493 26466
30440 0 27525 101 101 364 363
11629 1 3582 5 1 1 1
3325 0 31371 4713 4713 3007 3004
8222 0 5081 248 248 243 241
9760 1 9759 1 1 1 1
1709 1 2722 4 1 1 1
12888 6 33923 5049 5048 3569 3568
23634 0 4578 28347 28347 35341 35339
3258 9 23634 1 1 1 1
17187 1 13864 4 1 2 1
17187 1 11812 3 1 5 1
17187 1 6726 2 1 4 1
9561 4 39738 54 49 4 4
40630 0 4049 2074 2074 37167 37151
23531 0 4049 526 526 14479 14465
19 1 6484 9 1 4 1
19331 0 6850 5 4 95 71
27088 1 9828 1 1 1 1
35702 0 15222 508 508 713 711
20635 6 21042 6875 6873 268 268
22261 1 13269 1 1 3 1
22970 1 22969 4 1 1 1
18827 4 15294 453 453 191 191
9782 1 3951 1 1 1 1
35390 0 7258 12225 12225 3689 3689
36733 6 32656 40620 40620 40481 40481
38009 0 28740 7185 7185 26833 26832
26011 2 4090 1224 1222 31806 31776
36107 2 4090 4 3 3498 3469
33747 1 4090 1 1 2 1
36531 2 499 1 1 201 168
24281 1 11177 1 1 4 1
1223 7 34593 8466 8453 4 4
24757 1 2423 1 1 6 1
2423 1 2422 9 1 1 1
22776 1 9885 2 1 4 1
15285 1 9885 2 1 5 1
9885 1 28854 3 1 2 1
10713 4 34491 288 283 66 66
21164 0 1390 17510 17510 37444 37433
32940 0 30056 480 480 839 838
21775 0 25753 5174 5174 7933 7932
33648 1 6674 1 1 3 1
2761 0 4715 1523 1523 7347 7333
6696 0 4715 1 1 15 2
17030 9 4295 1 1 1 1
13412 0 21233 1916 1916 2758 2756
28826 1 6595 3 1 4 1
20832 1 11711 2 1 2 1
14280 1 11926 6 1 5 2
29160 1 15901 2 1 3 1
16032 6 33387 54 44 12 8
11676 0 14498 12451 12451 18627 18616
16565 2 11676 113 113 3459 3458
31288 6 28201 14969 14969 9859 9859
40631 0 12856 12947 12947 39120 39118
24723 1 5785 4 1 4 1
4523 1 5616 3 1 3 1
12257 3 13172 5 1 3 1
12257 3 535 4 1 1 1
26683 0 5772 1 1 74 42
336 1 17653 3 1 1 1
1046 7 15073 6730 6612 1 1
1046 7 30406 21118 20998 2 2
1046 7 27214 242 127 1 1
1046 7 33079 10303 10184 1 1
1046 7 5787 2854 2738 1 1
2624 1 19875 2 1 3 1
19876 1 19875 1 1 4 1
15802 0 7902 1434 1434 719 716
9265 0 3141 1 1 247 195
12722 0 3141 1 1 193 142
10103 0 3141 22 22 2697 2644
7145 5 1658 5 5 423 412
7145 0 1669 14785 14785 18181 18175
12738 5 1658 5 5 2167 2155
17951 0 1658 35367 35367 40935 40929
27703 9 34293 2 1 1 1
29800 4 28661 33 32 27 27
6381 1 190 4 1 1 1
859 9 12748 1 1 1 1
30017 1 859 2 1 1 1
18820 1 11268 15419 15416 18036 18035
1823 0 4690 18867 18867 26979 26979
21777 0 6768 11282 11282 22853 22852
6768 6 21336 15 13 4 3
40091 0 4569 34617 34617 40435 40418
14867 2 741 1 1 63 17
14867 4 4956 432 432 451 449
12851 2 741 1 1 15 2
20925 1 20924 3 1 1 1
1674 1 931 1 1 1 1
34244 0 32041 11155 11155 11420 11420
40632 0 7551 465 465 32598 32565
14712 0 7551 18 18 271 239
2716 1 35898 3 1 1 1
40633 0 13777 1497 1497 30852 30842
37358 1 31163 1 1 2 1
11679 7 23483 22328 22322 77 77
7229 4 27626 20 4 2 2
22653 0 16517 27284 27284 30249 30248
16217 0 5288 1185 1185 4675 4671
2278 6 26447 1500 1491 31 31
24890 4 33643 495 494 116 116
32433 0 15559 7293 7293 16591 16589
22947 3 32423 29697 29695 13186 13186
23487 9 11721 1 1 1 1
15940 1 23487 1 1 1 1
23487 0 13665 2067 2067 4483 4481
18752 1 299 4 1 5 1
18752 0 8047 22677 22677 29963 29956
15683 6 19775 6 4 15 14
39821 0 33635 25 25 71 69
12743 1 17790 1 1 5 1
40634 0 28094 9802 9802 38405 38400
2256 1 14167 6 4 1 1
18933 4 20525 93 90 460 460
17224 1 10004 1 1 1 1
37117 0 6089 357 357 4137 4126
3733 1 37117 2 1 2 1
2521 0 8501 2659 2659 1837 1832
16781 1 14407 5 1 3 1
14716 0 14407 33820 33820 37914 37912
8270 0 36693 17 17 3 2
6368 5 4264 3 1 7 1
35387 1 19174 1 1 2 1
13187 1 18773 4 1 3 1
10051 0 11733 44 44 269 262
26059 4 39209 14 13 1 1
11003 1 3102 4 1 2 1
10718 1 11003 1 1 2 1
11003 0 12665 12633 12633 6341 6340
3102 0 37135 2 2 4 3
18521 1 21925 1 1 2 1
8854 1 7411 1 1 1 1
16381 0 23939 375 375 32 32
451 0 1929 1 1 232 12
33456 0 1929 1 1 349 121
24694 0 1929 1 1 275 49
39387 0 1929 1 1 228 11
7613 1 12661 4 1 1 1
7197 1 15448 2 1 1 1
17662 1 15448 1 1 2 1
37672 0 16158 5471 5471 22436 22436
21547 1 21546 1 1 2 1
10702 1 23017 2 1 1 1
438 1 34948 2 1 1 1
18006 4 18624 60 60 7 7
9736 0 18836 2214 2214 9413 9411
26667 1 37019 1 1 1 1
2440 0 6281 55 55 241 233
26061 1 34300 2 1 1 1
7854 1 4665 3 1 1 1
4819 4 14283 323 321 19 19
38806 0 30214 31396 31396 22037 22037
8314 1 16121 4 1 3 1
39546 0 27758 127 126 5021 5016
19102 2 1216 20 19 3486 3484
29584 1 17589 2 1 2 1
23903 0 2218 77 77 2832 2824
10504 6 23689 9934 9927 4456 4455
21753 1 24319 2 1 1 1
27512 2 9554 6228 6228 40023 40021
33772 0 18060 20996 20996 22556 22555
40635 0 11401 4743 4743 40112 40104
37827 0 12143 13747 13747 25569 25566
10219 1 15914 2 1 4 1
40636 0 10144 5693 5693 36387 36381
25012 1 28395 1 1 1 1
10163 1 36165 1 1 2 1
13634 1 16425 3 1 1 1
10718 1 3101 2 1 2 1
32269 4 13378 192 191 266 266
132 6 7098 27716 27689 26654 26654
132 8 30058 257 230 2 1
24046 2 7098 7 7 22 20
34096 2 6504 3 2 39 36
16928 1 39641 3 1 1 1
10361 0 11019 204 203 2189 2188
31941 1 1800 6915 6915 24252 24250
1800 1 31941 24252 24250 6915 6915
15215 0 10045 27226 27226 21459 21459
13118 4 38898 12122 12116 582 582
32650 1 7755 1 1 1 1
12467 4 34649 8 2 1 1
9896 1 18285 1 1 1 1
7667 1 12425 2 1 2 1
13792 1 1506 1 1 2 1
27011 1 15878 4 1 3 1
29234 0 35329 28345 28345 28856 28856
7943 0 10653 1226 1226 2739 2733
17967 0 7943 3130 3130 8603 8598
27950 1 7080 1 1 2 1
32191 0 30183 1615 1615 4620 4620
8067 4 31485 18 18 17 17
40637 2 3638 622 622 40478 40475
3845 0 33389 4 4 14 7
34507 0 1864 1818 1817 22650 22650
1864 4 25736 389 308 221 221
1864 4 34970 284 204 12 12
9467 1 9580 2 1 2 1
13612 1 17386 4 1 1 1
13700 1 35600 3 1 1 1
4329 0 8286 1294 1294 2657 2653
32613 1 25386 1 1 1 1
5658 1 17587 3 1 5 1
5658 1 6582 2 1 3 1
39787 0 127 33 33 3028 2990
14136 0 127 1912 1912 2973 2936
13276 1 13275 1 1 1 1
40639 0 13366 36888 36888 40943 40943
13367 1 13366 2 1 1 1
40275 5 7288 2 2 2157 2143
1302 0 875 2595 2595 4072 4072
1302 1 25385 3 1 2 1
875 1 12410 5 1 1 1
4494 1 89 2 1 3 1
18990 0 89 156 156 1752 1735
40640 0 24053 8629 8629 32114 32113
18859 1 233 1 1 2 1
12436 0 233 3245 3245 6844 6844
7065 1 30772 4 1 1 1
934 0 7065 9 9 10 10
2370 4 38227 26 7 7 7
2370 4 36484 1689 1668 30 30
25146 1 23224 1 1 2 1
30650 5 5167 32 32 5034 5015
4399 0 17631 634 633 629 627
4487 1 23828 1 1 4 1
40641 0 6889 4187 4187 37714 37710
14877 0 673 3 3 99 80
11236 1 11235 1 1 1 1
18886 1 5777 2 1 1 1
23603 1 14746 6251 6249 5943 5942
38534 6 21834 3 3 8 8
29015 4 35243 25 25 23 23
5305 9 11107 2 2 1 1
1754 1 11107 5 1 2 1
4526 0 16078 2946 2946 23031 23018
33020 0 17455 26 26 174 169
11439 0 3779 4440 4440 18105 18050
11995 6 27315 10858 10848 3926 3926
4069 1 10264 3 1 3 1
16543 2 7941 2925 2925 26104 26103
30820 4 40098 1193 1193 309 309
7608 6 17250 12583 12583 7873 7873
34850 0 14755 49 49 720 718
29978 0 14755 16 16 33 32
1608 0 27044 8 8 5 2
21522 0 4706 500 500 1245 1245
21523 1 21522 1 1 2 1
18705 1 10129 1 1 1 1
4870 4 23128 263 245 8 8
7327 1 28238 1 1 1 1
34202 0 26992 5979 5979 3793 3793
36557 0 6350 13 13 290 284
35418 1 29484 2 1 1 1
7541 0 4367 2084 2084 6170 6142
11932 4 32067 104 90 21 21
10275 0 17996 392 392 1018 1015
39456 1 19704 1 1 1 1
18323 0 586 6 6 831 754
13562 0 586 282 282 9012 8933
4417 1 586 2 1 5 1
7278 1 586 1 1 7 1
27593 1 12739 1 1 2 1
12739 1 21738 3 1 3 1
12654 0 8574 2 2 4 3
9238 1 23492 2 1 2 1
31611 0 7155 205 205 8289 8283
7156 1 7155 2 1 2 1
7155 0 32985 10125 10125 4041 4039
16869 0 14047 2962 2962 2857 2854
2512 1 11785 1 1 2 1
11088 1 10937 2 1 2 1
28051 4 23671 639 639 1204 1204
20731 0 20684 15109 15109 10876 10875
4385 1 3236 1 1 1 1
9432 9 1667 4 2 2 1
9432 0 10503 4533 4533 1717 1717
40643 2 3999 55 55 36965 36927
40646 2 3999 13 13 30644 30607
40743 2 3999 47 47 38544 38504
40711 2 3999 32 32 37087 37048
40755 2 3999 122 122 40729 40688
12237 1 7953 3 1 2 1
25278 1 37411 2 1 1 1
408 4 23469 189 187 40 40
1148 0 17366 8569 8569 27320 27312
7956 0 627 2 2 3 3
9729 1 6968 1 1 6 1
24511 0 1344 79 79 77 77
27740 0 26327 755 755 1099 1094
7986 8 7255 17470 17464 1357 1357
7381 1 25502 5 1 1 1
2902 1 11262 6 1 3 1
9042 1 10887 4 1 5 1
9043 1 9042 3 1 2 1
6541 9 6540 1 1 1 1
40644 0 9111 12533 12533 39926 39920
26375 1 21045 1 1 1 1
1257 1 11847 1 1 2 1
19650 1 21679 3 1 1 1
4031 1 5234 8 1 1 1
40645 5 20085 470 470 38226 38225
12097 1 7899 2 1 3 1
12097 1 15381 3 1 2 1
15381 6 27596 108 106 717 716
3911 1 3910 1 1 1 1
6582 1 4443 5 1 3 1
16646 1 30805 24 20 10 8
37036 1 4229 20997 20997 34802 34798
12072 6 37740 7 4 1 1
2007 2 12273 1 1 60 11
11567 0 73 14657 14657 36998 36987
10875 0 11567 40930 40929 40724 40724
18947 5 73 31 31 16582 16524
40724 5 73 41 41 33530 33471
27976 1 38676 1 1 1 1
33023 4 28124 356 355 16 16
21030 1 8155 2 1 1 1
27238 5 13249 3 3 138 123
5870 1 5622 10 8 8 6
5622 1 5870 8 6 10 8
27901 0 19859 4827 4827 7384 7383
40662 0 19859 12595 12595 39556 39554
31613 0 29521 18780 18780 18804 18803
17378 0 6050 11 11 129 128
40155 5 4554 106 106 30029 30021
40527 0 7268 4387 4387 4506 4498
14066 1 11728 1 1 7 1
26527 1 20615 3 1 3 1
33593 9 20131 1 1 2 1
27280 1 21426 1 1 1 1
3040 1 17693 2 1 2 1
25658 0 485 14866 14866 22014 22013
18469 5 129 1 1 1132 1088
28264 2 19665 2 1 4 2
27241 5 5742 1 1 26 6
5026 0 25220 33028 33028 40218 40215
11821 0 23942 2 2 4 3
28145 0 21469 14531 14531 8744 8744
36421 0 23934 9129 9129 7566 7566
5784 1 37926 4 1 1 1
10931 6 4938 9564 9563 2462 2462
1857 6 34576 20602 20569 554 554
1857 8 29220 4605 4594 15 15
11116 1 11115 2 1 1 1
3144 1 34206 2 1 1 1
29262 1 30989 1 1 1 1
1904 0 13709 464 464 2254 2235
10949 1 12159 2 1 2 1
10852 1 10851 1 1 1 1
38604 0 9315 11232 11232 23708 23706
40648 0 20404 14254 14254 40565 40563
455 10 12842 1 1 1 1
5537 6 32458 13196 13196 12954 12953
3621 1 28895 15 1 1 1
4946 9 20388 1 1 1 1
37381 5 2404 1 1 103 40
18509 5 2404 56 56 23109 23045
34190 0 4417 481 481 6790 6786
7826 1 7825 1 1 2 1
7825 1 29516 1 1 1 1
10788 1 10787 2 1 1 1
13090 1 23239 1 1 1 1
21630 1 3350 1 1 1 1
40681 0 21630 3371 3371 37963 37962
40020 1 27893 1 1 1 1
192 0 3182 3414 3414 5636 5589
40659 0 3182 169 169 23896 23848
25380 1 34263 3 1 1 1
40649 0 16215 9453 9453 36841 36840
40446 1 23732 25 25 93 90
23732 1 40446 93 90 25 25
34086 6 5206 7 7 3 3
2858 0 20996 22 22 144 141
18116 0 20996 2410 2410 6356 6352
10925 1 12946 1 1 2 1
29210 0 28005 15501 15501 20124 20121
27124 0 25522 8955 8955 7077 7074
12679 0 25522 4597 4597 16609 16605
40650 0 7972 5135 5135 36357 36340
637 8 34610 14929 14906 28 28
8063 1 12534 6 1 2 2
18731 1 18730 2 1 1 1
20947 2 909 11 10 3093 3087
1431 4 36937 177 161 52 52
15092 4 39339 10069 10065 1658 1658
8626 1 17737 2 1 1 1
8142 0 267 19931 19931 24277 24254
13601 0 267 1226 1226 4589 4567
4749 1 3012 2 1 3 1
34451 0 4286 10439 10439 31230 31221
19033 0 4286 1365 1365 9503 9495
4562 1 2073 4 1 6 1
2073 0 12505 714 714 332 325
31431 0 724 57 57 1435 1418
38103 0 724 2602 2602 16036 16018
40654 0 724 5336 5336 39270 39250
16201 1 29447 4 1 1 1
5631 1 37242 2 1 1 1
8758 0 904 21650 21650 35888 35875
4273 0 20274 31789 31789 39498 39497
7509 1 28460 2 1 1 1
24248 1 26008 132 132 3189 3187
16580 0 4596 3668 3668 32964 32891
31450 0 4596 1278 1278 24117 24045
26018 2 7003 191 191 22652 22651
27767 0 33139 1260 1259 256 256
11803 1 3063 6 1 3 1
40671 0 11803 2898 2898 33605 33604
8515 0 9557 5 5 181 161
30217 4 31100 78 71 16 16
149 0 8325 343 343 1376 1366
16886 0 8325 5459 5459 13463 13452
6021 3 6419 10825 10825 448 448
8937 1 15399 3 1 3 1
15399 0 15413 4679 4678 3906 3905
16850 0 2816 16246 16246 38763 38752
1495 1 1496 3 1 1 1
22266 1 13419 2 1 1 1
4036 6 25770 3 1 2 1
9661 1 35820 4 1 1 1
33793 5 226 103 103 14040 14030
7617 0 3106 25 25 70 70
25454 0 8768 21477 21477 23439 23439
40652 0 19798 5792 5792 32966 32964
12951 1 6835 3 1 3 1
13042 1 35270 2 1 1 1
22965 1 29226 3 1 1 1
27680 4 33739 9 8 3 3
1899 1 12199 3 1 2 1
28178 1 1166 2 1 1 1
7900 0 1166 4868 4868 15643 15633
23262 6 32818 651 650 12 12
5593 6 11394 28867 28864 25688 25688
8267 1 5593 1 1 1 1
3044 1 2035 4 1 5 1
3044 1 16109 6 1 2 1
21419 4 26177 7336 7334 142 142
21419 4 31110 6292 6291 172 172
13244 1 13243 2 1 1 1
29344 0 8327 20131 20131 38971 38961
33450 4 37712 2037 2037 8809 8809
35194 4 34100 2162 2160 2813 2813
40655 0 9708 27306 27306 40461 40452
11987 1 24184 2 1 1 1
40067 0 28616 32715 32715 35157 35157
11962 0 5446 1 1 22 5
40656 0 23923 17732 17732 39083 39081
17906 1 39780 1 1 1 1
12010 0 12867 2 2 6 6
27741 0 9592 363 363 351 341
31815 0 20618 23170 23170 28758 28757
36783 1 30240 1 1 2 1
18655 0 7908 8414 8414 23688 23686
6243 1 7908 8 7 15 8
24740 1 21889 1 1 1 1
4775 1 10634 2 2 2 1
25665 0 1971 1191 1191 10375 10364
1669 3 13851 3198 3193 1819 1819
2025 6 7292 15152 15150 6817 6817
14912 1 32715 3 1 1 1
12038 0 38396 3986 3986 1939 1939
35926 5 7786 9 9 3828 3808
825 4 18445 50 39 9 9
40657 2 26386 33022 33022 40527 40527
20788 1 2698 1 1 4 1
11974 1 28533 3 1 2 1
40658 0 20524 16874 16874 36952 36950
30364 0 7177 20722 20722 25748 25742
17270 0 3160 10 10 23 7
29793 0 3160 1344 1344 24581 24564
23134 2 3167 182 181 21686 21664
11450 0 3167 28 28 700 689
12666 8 16098 40549 40540 9143 9143
12666 8 36039 21808 21800 861 861
31571 0 30708 28640 28640 25394 25392
5912 1 2368 2 1 3 1
31386 1 8649 1 1 1 1
982 1 215 2 1 1 1
33373 0 6364 201 201 3539 3535
13857 6 25567 17880 17880 9834 9834
13500 0 351 1 1 134 10
22904 0 351 1 1 147 22
28665 0 351 1 1 110 4
40717 0 351 591 591 34728 34602
18938 0 5892 33 33 588 581
16099 1 26369 2 1 1 1
2721 9 2720 1 1 1 1
24582 0 15825 1974 1974 3846 3841
32819 1 28176 1 1 1 1
36852 4 37506 234 234 192 192
2214 0 15911 5261 5261 4801 4801
4259 1 4258 1 1 3 1
257 1 24309 2 1 1 1
4917 0 9090 1 1 3 2
9090 1 14439 1 1 2 1
20691 0 1251 5 5 12 8
27447 1 14144 2 1 2 1
40664 0 2231 36 36 32196 32167
16037 0 2231 4 4 556 528
13008 1 27465 3 1 2 1
11452 0 25129 315 315 495 491
231 0 1467 697 697 14660 14617
3531 0 28084 21060 21060 29110 29110
3531 1 4181 2 1 1 1
6594 1 4528 1 1 1 1
19437 0 14525 15668 15668 37676 37641
8031 0 14791 6007 6007 15874 15863
31367 1 1787 1 1 2 1
9853 1 760 5 1 2 1
27431 0 39165 19717 19717 22635 22635
36977 0 5846 1 1 40 10
3013 0 40092 5555 5554 4426 4425
2724 4 36323 56 26 2 2
7159 4 9738 15212 15209 6310 6310
38226 0 6849 5 4 149 144
4087 3 16968 2 1 3 1
4087 3 4129 5 1 5 1
31274 1 31273 1 1 1 1
5582 1 25676 10 1 1 1
25982 1 16758 1 1 1 1
16758 1 25203 3 1 2 1
1131 4 12184 106 57 21 21
22246 0 24779 7333 7333 6806 6804
15361 6 28949 12857 12857 14685 14684
36223 0 8406 10883 10883 26492 26482
1772 8 35641 17523 17523 2038 2038
1772 8 37471 19132 19131 1842 1842
8336 2 1773 1 1 14 1
19749 1 22236 1 1 1 1
36152 0 33158 3082 3082 3861 3860
9803 4 33158 2496 2493 1084 1084
31178 6 27506 15 13 10 9
19480 0 22889 7333 7333 9691 9691
1803 1 3108 8 1 3 1
3108 0 30670 340 340 1212 1210
23633 1 27801 3 1 2 1
10997 5 6030 520 520 10693 10691
10997 1 30683 2 1 1 1
4151 6 35893 15 6 1 1
21421 3 7727 2 1 1 1
8947 4 25382 302 300 38 38
28887 1 2749 1 1 7 1
30602 0 7963 13803 13803 26776 26771
28803 1 7236 1 1 1 1
17376 6 18797 14 2 5 5
18797 6 7347 420 416 162 162
4486 1 6243 2 1 1 1
38461 0 30319 13968 13967 26250 26246
10089 1 7989 1 1 9 1
12058 1 2312 1 1 8 1
8268 1 5633 3 1 1 1
40666 0 16421 36915 36915 39417 39417
18179 9 5219 2 2 1 1
10733 1 1830 2 1 4 1
433 1 15766 1 1 3 2
30942 1 704 1 1 1 1
11977 0 6276 5746 5746 26004 25998
40667 0 25385 5188 5188 33113 33109
17801 0 24596 5952 5952 12734 12733
36884 0 4188 25352 25351 30682 30682
10301 0 9082 6046 6046 17978 17976
15234 6 20190 6 6 318 315
31040 1 34714 1 1 1 1
23336 0 36235 14999 14999 26249 26249
33510 1 34163 1 1 1 1
14971 1 14960 1 1 1 1
17273 0 4918 27976 27976 35379 35378
30507 0 542 6 6 40 28
30659 0 542 964 964 12061 12047
21349 4 34315 1447 1447 403 403
7012 1 7012 1058 1058 1058 1058
6351 0 5112 1546 1546 3281 3280
29074 1 29073 3 1 1 1
21454 1 39437 1 1 1 1
4178 6 21454 20031 20030 15404 15404
33809 1 29402 1 1 2 1
24898 0 7415 3201 3201 24566 24546
808 1 807 1 1 1 1
22710 0 22555 1121 1121 3520 3519
10110 1 18587 1 1 2 1
18587 0 20875 3204 3204 8187 8179
16329 1 3909 3 1 2 1
1432 4 8490 35 20 21 21
16905 1 10533 2 1 1 1
9956 1 2505 1 1 2 1
22993 1 6303 2 1 1 1
17529 1 8542 1 1 3 1
18744 0 6242 42 42 483 478
40668 0 881 3433 3433 36679 36675
23982 1 23981 1 1 1 1
40669 0 14189 5229 5229 33180 33178
5759 1 26443 1 1 1 1
24585 2 10398 15 15 13531 13506
14448 1 10398 1 1 2 1
28412 0 37012 8840 8840 16127 16126
6886 1 32873 1 1 2 1
9765 0 19420 162 162 259 258
1752 1 9904 4 1 4 1
20473 1 13402 2 1 2 1
39769 1 25538 75 75 69 69
25538 1 39769 69 69 75 75
21180 6 11296 2 1 3 2
4128 1 25065 1 1 1 1
40670 0 14798 12860 12860 36267 36265
40670 6 40706 40782 40782 40818 40818
6066 0 11939 10742 10742 23219 23210
24884 4 6439 364 364 477 477
26927 1 4813 2 1 3 1
12620 6 33079 7889 7889 293 293
23142 1 23141 2 1 1 1
2112 1 15204 3 1 1 1
31063 4 40391 157 157 44 44
23817 1 38036 1 1 1 1
35101 0 20547 4431 4431 20288 20286
34252 0 7906 9051 9051 19674 19673
6576 6 15513 24654 24654 29934 29933
2696 1 307 5 1 2 1
2831 0 2696 2037 2037 2153 2142
1570 1 15541 3 1 3 1
2232 0 35643 32527 32527 17597 17597
4771 4 1369 2042 1989 2093 2093
4771 4 10898 15329 15275 2527 2527
25079 0 1369 920 920 1571 1569
19764 0 29317 25216 25216 20992 20991
30894 0 2657 1 1 8 2
30894 1 30893 1 1 1 1
35465 2 9450 5 5 1111 1101
27198 0 19507 17 17 74 68
9577 1 18755 2 1 2 1
9577 1 2300 1 1 5 1
6591 1 15671 1 1 2 1
40674 0 19768 24806 24806 40532 40531
2835 1 10762 3 1 2 1
40036 0 8241 2734 2734 2656 2656
15566 4 17079 393 388 98 98
38115 1 37110 1 1 1 1
35182 1 26668 1 1 3 1
8887 0 10579 461 461 5974 5973
39995 0 13740 197 197 8198 8194
5336 1 2296 3 1 2 1
1528 1 2296 3 1 3 1
34557 0 26 6758 6758 5138 5136
12745 1 18647 3 1 3 1
7997 1 15740 2 1 1 1
7489 6 25346 5160 5154 517 517
22264 0 6890 525 525 704 703
21341 1 26384 2 1 1 1
130 5 1981 7 7 14091 14036
18980 1 21881 5 1 1 1
18980 1 12859 1 1 1 1
40438 4 2459 34412 34411 29210 29210
2459 0 22692 495 495 149 148
32399 6 35294 36 36 51 51
16433 0 15675 98 98 183 181
18645 1 19846 12685 12684 11129 11127
1831 1 13620 1 1 1 1
27640 0 35564 9264 9264 5358 5358
28049 2 12715 60 60 24927 24911
34427 0 119 160 160 8585 8547
38238 0 119 7 6 168 131
14129 1 14128 1 1 1 1
16455 0 30527 11 11 17 15
22880 0 2807 942 942 719 716
5517 1 8571 1 1 3 1
31628 0 6776 7100 7100 22237 22228
14732 0 6776 89 89 90 82
1395 1 10603 4 1 1 1
26249 1 1851 1 1 2 1
21189 1 25948 3 1 2 1
30647 0 1326 2584 2584 11027 11012
10370 0 1326 1945 1945 11230 11214
25930 4 10103 87 82 19 19
39271 2 916 2 1 407 262
39473 2 916 5 5 1474 1327
33293 2 916 2 1 390 246
13451 2 25375 27 27 835 833
1346 1 6170 3 1 2 1
2261 4 14320 4756 4739 213 213
1705 6 39241 1224 1217 2 2
858 4 23688 236 235 226 226
11337 0 13858 8618 8618 14446 14440
36322 0 427 4 4 1280 1208
28974 0 4885 26 26 274 264
23365 6 15758 1 1 1 1
11547 1 11546 3 1 1 1
32755 0 697 2 2 102 97
7568 1 7567 1 1 1 1
21710 0 5678 39 39 13 9
33405 0 5891 377 377 2506 2502
19993 6 40676 37855 37852 5712 5712
8878 1 6111 1 1 3 1
11299 0 8050 12551 12551 33883 33879
6501 1 6500 1 1 1 1
9095 0 6138 610 610 6600 6586
29324 0 5429 7970 7970 10163 10163
28608 4 27634 19361 19361 11821 11821
25947 1 30204 1 1 2 1
8835 6 24716 27913 27904 6375 6375
31000 4 5709 16 13 4 4
14357 0 30076 716 716 280 280
15636 1 14742 2 1 2 1
8343 1 5855 2 1 5 1
13930 0 14302 2 1 41 36
6188 4 19609 37 20 12 12
30806 1 21229 1 1 2 1
21465 1 2680 1 1 3 1
5567 0 3263 300 300 1899 1889
1114 0 3263 7606 7606 13240 13229
15163 1 28250 4 1 1 1
24491 0 21806 8716 8716 9739 9739
13957 0 21517 17098 17098 16201 16200
26206 0 1852 24 24 6489 6440
31320 0 1852 1 1 64 17
35402 0 1852 1685 1685 26064 26013
17351 0 1852 10 10 2088 2040
12201 4 35651 31 26 12 12
26615 1 23283 1 1 2 1
38530 0 8201 10020 10020 20619 20605
26273 0 19179 1753 1753 1354 1354
31727 0 26208 165 165 1180 1179
14610 4 22269 664 662 302 302
6596 1 29722 1 1 1 1
35251 4 10622 15192 15192 12315 12315
33036 1 22694 2 1 4 1
9486 3 22694 3339 3335 754 754
7279 1 30681 6 2 5 2
30681 1 7279 5 2 6 2
35732 0 7738 4 3 28 27
6160 1 6159 1 1 1 1
40678 0 38900 27144 27144 34619 34619
12283 1 12051 3 1 2 1
20982 0 18646 1 1 4 2
9855 6 9449 11097 11072 10117 10116
8464 1 26186 3 1 1 1
36328 0 27331 68 68 1511 1505
28307 1 1781 1 1 5 1
22552 0 40034 40808 40808 39822 39822
40679 0 762 27554 27554 40173 40170
40680 0 38335 15505 15505 35356 35356
8103 1 9200 6 1 2 1
22832 5 2978 1 1 73 6
14475 5 2978 11 11 2709 2639
30111 0 9494 2 2 17 7
29085 1 18188 2 1 2 1
16374 0 151 6194 6194 24124 24117
40682 0 8093 131 131 30852 30825
7574 4 40009 1076 1074 40 40
40683 0 17911 7723 7723 37538 37535
7705 4 24544 11 5 6 6
31888 0 115 17 17 1719 1703
115 1 10641 7 1 2 1
9351 1 17202 2 1 4 1
728 1 727 5 1 2 1
31869 5 18855 146 146 35343 35329
38772 5 18855 11 10 1594 1582
33573 1 10115 1 1 2 1
6813 1 5176 1 1 2 1
30270 1 25946 1 1 2 1
23870 1 10884 56 54 12 11
40110 4 30283 1431 1431 681 681
39171 0 8786 203 203 2986 2982
13098 1 17229 7 1 1 1
9972 0 7945 821 821 10994 10971
2006 0 13976 19504 19504 25449 25447
21615 1 20726 4 1 2 1
35582 4 39566 28335 28335 15939 15939
14559 1 1815 2 1 1 1
35120 4 2143 7663 7660 680 680
15991 1 12504 1 1 4 1
6429 1 22011 2 1 1 1
5547 0 10707 1085 1085 2971 2945
11434 0 10707 21 21 869 845
8030 1 4592 3 1 2 1
19180 0 7178 5471 5471 13291 13289
20863 1 24708 2 1 1 1
32763 0 11178 74 74 1107 1107
20883 2 3869 68 68 18779 18748
35373 2 3869 10 10 3848 3818
20259 1 28121 2 1 3 1
1015 1 24451 2 1 2 1
3316 2 13606 15 14 1186 1183
24587 2 13606 309 306 13768 13764
36313 1 28400 1 1 1 1
4016 1 4015 4 1 1 1
6051 1 9303 2 1 4 1
22179 0 25743 2927 2927 6236 6233
37112 0 3027 13113 13113 33075 33021
16612 0 3027 1989 1989 14690 14638
23303 0 3027 1153 1153 14110 14059
40685 0 14898 2544 2544 39871 39852
3073 1 5623 2 1 1 1
40686 0 15810 33783 33783 40468 40468
30554 1 16575 2 1 1 1
5024 1 5023 1 1 1 1
5023 1 14075 5 1 1 1
10386 0 32386 738 738 238 238
7372 1 7371 1 1 1 1
5715 1 7372 3 1 2 1
29949 1 15424 1 1 2 1
5878 6 40688 36297 36297 2990 2990
4191 5 15351 44 44 3913 3907
2940 1 4191 4 1 3 1
25827 1 12437 1 1 1 1
1272 3 28165 352 352 62 62
14132 0 1272 128 128 6740 6723
4011 1 4010 2 1 2 1
4845 1 28045 2 1 2 1
5366 1 30121 3 1 1 1
4481 0 726 11146 11146 21369 21367
40457 0 20078 1 1 4 2
30688 0 343 1802 1802 1452 1451
18211 1 9926 2 1 1 1
2626 1 38942 29971 29968 15863 15863
40689 0 5724 2608 2608 38492 38488
37366 5 7581 26 26 16179 16164
11382 1 32851 6 5 4 4
5088 1 16447 2 1 2 1
17053 4 35164 157 156 3 3
31043 0 2411 1 1 21 7
14198 9 19677 1 1 3 1
16831 1 10331 1 1 6 1
21138 1 1713 1 1 2 1
3171 1 5790 6 1 2 1
21991 1 8254 1 1 1 1
35908 0 25798 3309 3308 13991 13988
12857 1 5476 5 1 5 1
35252 0 17711 5955 5955 10020 10017
28389 0 14982 4 4 186 175
31024 4 31588 1312 1307 219 219
9654 1 29009 5 1 1 1
4563 1 25251 6 1 1 1
18116 4 20686 258 252 207 207
16060 0 3587 16828 16828 37037 37035
3587 4 8188 10809 10804 3604 3604
27481 1 2605 4 1 1 1
15624 0 36918 12107 12107 12335 12332
1577 1 15781 2 1 1 1
15666 1 17997 1 1 1 1
28302 4 39471 51 49 12 12
33415 5 5247 7 7 1322 1315
3684 6 39371 1702 1674 75 75
25710 1 27965 2 1 1 1
7053 1 421 3 1 2 1
40691 0 15594 26250 26250 37556 37556
32417 0 5874 1 1 18 7
11643 1 2947 1 1 1 1
10227 0 3024 13151 13151 21768 21765
27766 1 28521 1 1 1 1
38480 1 3659 1 1 1 1
9606 4 26316 33938 33938 36428 36428
29309 4 40692 40822 40822 18588 18588
14773 1 27094 1 1 3 1
22485 1 22609 1 1 3 1
30461 1 30460 1 1 1 1
12623 6 21249 33629 33627 16091 16091
26639 1 20503 1 1 1 1
33655 1 17423 1 1 2 1
19226 0 11808 4 4 48 43
26110 0 11232 1888 1888 8607 8602
40694 2 593 146 146 40711 40684
21150 0 15854 18 18 159 140
28268 0 11999 27724 27724 32854 32846
17580 0 904 13 13 163 151
40695 0 14893 7549 7549 37807 37803
34842 4 40695 38878 38878 20258 20258
14185 1 14184 2 1 2 1
8884 1 14612 4 1 1 1
16510 1 200 3 1 3 2
15432 1 18001 1 1 2 1
32997 1 13791 1 1 1 1
303 0 17950 21992 21992 24115 24115
33519 0 27346 7 7 167 167
15824 1 15823 1 1 1 1
14165 0 3327 20774 20774 29931 29929
14338 1 7944 2 1 2 1
37789 0 249 558 558 14344 14299
35878 0 20973 651 651 10472 10469
4738 4 12512 7498 7498 2768 2768
35985 0 8123 3831 3831 14201 14194
5272 0 10613 75 75 377 367
40696 0 8840 777 777 29009 29001
16619 1 25469 2 1 1 1
3348 5 666 1 1 28 1
2132 1 13176 2 1 3 1
34276 0 2321 47 47 25 25
19794 1 2321 2 1 3 1
9342 1 14083 3 1 2 1
30825 0 38668 9673 9673 9524 9523
6424 6 12616 80 72 9 9
21004 0 4962 6548 6548 28166 28140
22132 0 4962 2379 2379 15426 15401
40697 0 11827 17418 17418 40476 40474
30574 4 31725 9545 9544 331 331
12558 4 21580 33 30 67 67
37995 5 5095 204 204 14015 14012
24376 1 9395 3 1 2 1
39499 4 35831 5899 5899 3144 3144
11463 0 14752 7394 7394 10807 10794
33818 0 14752 364 364 1101 1089
22715 4 4266 6670 6670 7245 7245
12505 0 4123 23 23 375 341
33279 0 5569 3358 3358 13576 13576
9991 0 34008 1 1 1 1
4175 4 38868 10 4 1 1
35323 0 27596 1139 1139 19861 19857
631 1 24226 4 1 3 1
14963 1 13720 1 1 7 1
17000 1 13720 3 1 2 1
39297 0 2168 1 1 17 9
16002 1 2168 4 1 4 1
29934 4 38843 2474 2474 1773 1773
33092 1 31136 1 1 2 1
27031 1 13986 2 1 1 1
35263 0 1655 24486 24486 26649 26648
2450 0 4469 335 335 459 446
1578 1 40178 34832 34830 31785 31785
26605 6 3123 2346 2346 12672 12649
11250 0 7751 25080 25080 31486 31475
20723 1 6065 4 1 6 2
12012 4 26621 5126 5121 179 179
20541 1 6096 1 1 3 1
10408 1 6096 2 1 4 1
33794 1 19512 1 1 2 1
13633 0 19626 354 354 81 81
1586 0 13633 3035 3035 21848 21846
24020 1 24180 1 1 2 1
20628 0 13346 588 587 11416 11408
40698 0 2446 3703 3703 38890 38885
21278 1 21277 1 1 1 1
25474 4 40699 38375 38374 6522 6522
19291 0 8918 16651 16651 21155 21151
31396 0 14136 34 34 3988 3979
28894 1 584 760 760 814 812
8779 1 8778 1 1 1 1
29462 1 21665 4 1 1 1
8023 1 11230 3 1 3 1
20159 4 19474 11078 11077 15518 15518
21179 1 22813 4 1 2 1
35310 0 20208 5832 5832 28684 28675
9322 1 30070 1 1 2 1
10417 1 2419 2 1 2 1
22334 0 18443 7699 7698 11798 11797
14787 0 3443 230 230 3252 3240
16795 0 14750 2022 2022 3710 3700
40701 0 16348 1644 1644 24666 24665
40702 0 33675 23356 23356 37800 37799
6409 0 21362 31 31 19 15
623 1 17904 1 1 1 1
17904 1 2054 25201 25200 38267 38267
9574 1 9573 2 1 1 1
15060 1 20539 2 1 1 1
6048 0 5381 34 34 38 28
23163 0 30710 675 675 7603 7602
29611 1 5237 4 1 2 1
1028 0 8309 18 18 301 296
23172 1 8309 1 1 4 1
14353 1 19003 3 1 3 1
22019 0 2903 1 1 37 26
20023 0 1165 1309 1308 2429 2426
34338 0 36445 37484 37484 29347 29346
5001 0 17736 19114 19114 32171 32171
36419 1 3674 1 1 2 1
11263 1 23301 2 1 1 1
29082 0 26351 4802 4802 23721 23716
21660 1 26299 1 1 1 1
39966 0 18719 8811 8811 31070 31066
18720 1 18719 1 1 2 1
2930 6 272 18 10 23 21
3518 4 27027 103 88 16 16
36416 1 20761 6663 6663 23446 23444
20761 1 36416 23446 23444 6663 6663
33109 0 24935 10170 10170 14363 14362
6793 1 10304 1 1 1 1
40704 0 6614 9531 9531 40428 40403
40751 0 6614 2764 2764 38622 38598
16139 0 4350 12002 12002 17634 17629
21940 1 23937 1 1 1 1
19960 0 16266 3174 3174 13073 13051
1845 1 8269 2 1 1 1
232 0 2648 7 7 5 2
232 6 17789 13576 13570 5189 5188
34270 0 18015 4415 4415 1815 1815
24712 1 7631 1 1 1 1
3631 0 37202 23879 23879 12200 12199
18106 4 23302 28002 28002 17084 17084
3465 3 3464 3 1 3 1
9643 1 9642 4 1 3 1
34133 1 9643 1 1 2 1
670 1 2513 1 1 4 1
37205 0 39503 18117 18117 12604 12604
28259 0 36836 30781 30781 19785 19785
20126 1 16918 2 1 3 1
40272 0 692 1 1 37 14
17173 1 12824 2 1 2 1
7115 1 24859 1 1 1 1
11393 0 1590 1341 1341 7848 7825
37412 0 7056 71 71 1135 1120
36021 1 20995 1 1 1 1
10424 1 10423 1 1 2 1
33501 1 10423 2 1 3 1
29780 6 3760 21657 21656 18418 18418
7736 1 25350 1 1 2 1
12655 1 815 5 1 4 1
31370 1 144 2 1 1 1
1978 0 3730 1 1 3 2
32261 0 11924 3324 3324 6321 6321
8487 1 9673 5 2 13 10
33428 0 37409 18958 18957 30331 30331
23396 4 40705 39149 39148 4830 4830
29953 1 14896 1 1 3 1
14276 1 38742 1 1 1 1
7473 0 19431 316 316 61 61
5693 1 7319 1 1 3 1
22815 1 22814 1 1 1 1
34547 0 3323 23345 23345 36566 36557
4061 1 5748 1 1 2 1
20917 0 2366 1264 1264 2002 2002
7818 4 6043 34 16 57 57
6955 1 1022 3 1 4 1
7183 1 7182 1 1 1 1
12394 4 39269 6486 6485 2481 2481
27586 1 5584 1 1 2 1
18452 4 28455 1499 1499 205 205
4573 1 32597 1 1 1 1
15943 0 16708 2977 2977 16841 16836
8780 4 40707 37933 37933 20921 20921
40707 0 6292 2123 2123 34085 34075
27923 4 37614 17860 17860 27821 27821
26268 4 38287 35075 35074 13025 13025
28859 0 2729 6168 6168 8095 8091
23556 0 15588 39 39 204 204
844 1 6913 1 1 1 1
3714 3 3713 3 1 4 1
40708 0 33878 13699 13699 38637 38635
3153 1 37241 1 1 1 1
17086 1 12044 1 1 2 1
30713 0 4685 6 6 7 5
40709 0 1639 2797 2797 38787 38779
38976 0 16196 16635 16635 17052 17051
26147 0 11192 87 87 1556 1541
19874 0 11192 1493 1493 10354 10338
37730 0 19526 499 499 815 813
39748 1 19526 1 1 1 1
10389 4 6632 19396 19394 6263 6263
27700 1 2941 2 1 2 1
32864 0 15383 9201 9201 30193 30191
7665 4 35503 316 311 48 48
25037 0 18558 21258 21258 15046 15046
37968 1 6086 2707 2707 3385 3385
6703 0 23635 34131 34131 26774 26774
38553 0 1373 168 168 694 693
22107 6 36069 159 151 47 46
11759 6 5497 15 4 1 1
466 6 30194 12526 12517 4542 4542
7675 1 17823 4 1 2 1
17457 1 2429 2 1 7 1
37969 0 15954 1 1 5 3
4042 6 39726 6258 6255 1691 1691
19544 3 34567 2 1 1 1
31729 1 3925 1 1 2 1
40714 0 39507 23058 23058 34870 34870
13043 2 3943 1 1 30 2
39320 5 3785 8 8 5897 5881
5403 0 4108 3585 3584 6551 6549
31478 0 40396 32946 32946 31550 31548
40715 0 1096 4497 4497 36439 36429
2298 4 26266 6 2 1 1
40716 2 475 69 69 37786 37715
40733 2 475 83 83 37402 37332
25107 0 30236 11931 11931 14839 14838
10318 4 6623 184 180 81 81
21098 1 21097 1 1 1 1
34757 4 36292 17044 17042 8738 8738
19146 6 27617 2 2 4 3
27617 6 21541 34018 34017 24019 24019
14760 4 27348 330 329 11 11
10785 1 16980 2 1 3 1
1004 0 1686 106 106 115 108
13693 1 30628 2 1 3 1
31488 0 7029 8031 8031 18340 18337
16602 0 35398 1939 1939 2468 2466
7891 6 22902 6021 6017 2177 2177
5150 2 2183 1 1 38 8
21014 4 39330 46 46 19 19
16843 0 9525 94 94 121 118
30301 1 6458 1 1 2 1
5932 1 19763 6 1 1 1
34016 0 13638 19082 19082 16229 16229
14792 6 38688 19733 19733 18205 18205
11527 1 2829 3 1 2 1
13560 3 17390 5 2 3 1
40719 0 25292 12396 12396 38181 38179
11686 1 38080 3 1 1 1
15813 1 17303 2 1 1 1
40720 0 23562 6372 6372 36210 36205
19157 1 25047 2 1 1 1
11385 6 39678 844 838 3 3
4598 1 20481 1 1 3 1
26627 1 1342 3 1 3 1
14695 1 32594 1 1 1 1
31643 0 31691 23653 23653 13380 13379
16937 1 1926 1 1 1 1
40258 5 3918 6 6 737 720
33104 0 26721 5 4 4 4
27613 1 9676 3 1 3 1
6220 1 1968 1 1 2 1
26510 0 2560 72 72 1726 1717
19107 0 2131 9 9 8 6
1756 0 28697 17167 17167 24815 24815
12466 4 10233 60 40 60 60
28212 0 14013 2 2 16 10
34431 4 11843 1639 1638 367 367
3493 1 22156 5 1 2 1
40721 0 716 2151 2151 37474 37435
29284 0 1288 6144 6144 27577 27553
7360 1 28378 4 1 1 1
767 0 17590 12856 12856 21449 21441
6412 1 5869 1 1 1 1
15973 1 13531 2 1 1 1
35747 2 24388 20390 20390 40734 40734
25937 5 17856 12 12 8036 8028
14618 1 12003 1 1 1 1
35356 6 34036 25079 25079 19911 19911
1617 1 1616 2 1 2 1
1616 1 8901 1 1 2 1
17153 4 23170 109 109 25 25
24509 1 3374 1 1 1 1
31535 0 7656 1876 1876 19393 19377
37264 0 6538 1793 1793 13209 13205
20946 0 6538 7808 7808 14597 14592
2893 1 11706 6 1 3 1
40722 0 28479 883 883 22049 22049
14723 1 19646 1 1 2 1
39290 4 23003 1111 1111 1131 1131
9441 1 1130 4 1 2 1
37823 0 4500 371 371 3865 3863
37109 0 38181 7062 7062 7382 7381
31981 4 38538 26706 26705 2004 2004
29529 1 32020 1 1 1 1
32020 1 15386 2 1 2 1
2228 1 13955 5 1 2 1
17896 4 37233 7722 7721 1032 1032
29893 4 38282 466 465 31 31
38316 0 23713 15 15 90 89
25374 0 17209 37860 37860 36404 36402
11080 0 12720 1692 1692 2438 2428
32958 1 4855 1 1 1 1
1278 0 34927 5836 5836 2167 2165
37041 0 26960 9584 9584 26844 26842
3705 1 3704 6 1 1 1
30370 5 12413 16 15 310 307
13830 1 35079 4 1 1 1
35283 0 30108 949 949 6705 6704
5914 0 16686 1088 1088 1016 1014
14389 1 3261 2 1 1 1
21961 1 1473 2 1 1 1
13380 0 19861 712 712 15989 15985
7110 0 11813 12584 12584 20208 20205
11813 1 1114 6 1 1 1
23228 1 34145 2 1 1 1
2147 0 3510 1610 1610 5370 5368
35350 4 39634 2964 2964 692 692
35857 1 7386 1 1 1 1
6371 6 37307 19558 19553 201 201
18800 0 13840 16132 16132 8775 8771
5481 1 6581 6 1 5 1
14376 6 28764 2599 2596 84 84
13409 1 18792 2 1 1 1
1232 1 5716 4 1 2 1
5716 0 4961 5 5 31 25
10095 5 241 53 53 1485 1480
30274 0 27395 16788 16788 22491 22491
4092 1 3142 2 1 4 1
38217 0 998 13060 13060 26474 26471
16820 4 37663 38 32 3 3
15209 1 21887 2 1 1 1
26585 0 6289 182 182 2767 2763
26965 5 4450 1275 1275 40528 40522
1009 1 11417 1 1 1 1
16697 4 70 19 15 4 4
27038 0 732 3514 3514 6381 6378
17663 4 23020 115 112 237 237
7732 1 35326 2 1 1 1
19563 0 10026 2313 2313 7111 7104
2356 0 3805 6069 6069 8600 8594
23441 0 34078 40303 40303 40776 40775
37070 0 27913 18549 18549 15265 15265
3289 6 38527 3552 3536 751 751
2980 1 2979 2 1 1 1
30536 0 5049 10396 10396 12621 12617
16915 1 26031 1 1 2 1
19167 1 19166 3 1 1 1
8110 9 4565 1 1 2 1
25148 1 16759 1 1 2 1
9665 0 14373 4487 4487 5473 5472
30114 1 33583 11631 11631 28483 28483
33583 1 30114 28483 28483 11631 11631
10388 4 3586 7618 7611 2649 2649
27188 3 20283 2 1 2 1
24932 1 6602 1 1 3 1
35150 1 33029 1 1 2 1
10137 4 11961 846 843 48 48
4469 0 10488 29971 29971 20139 20133
18360 9 1757 1 1 1 1
27706 1 36948 9853 9852 7699 7699
19784 2 14738 34400 34400 36832 36832
4426 2 4633 1 1 4 1
1167 6 4633 18109 18098 13430 13430
9882 4 22784 2941 2941 618 618
22411 1 4534 1 1 1 1
14116 1 20160 2 1 2 1
39583 0 12239 963 963 3618 3616
31548 0 26062 6005 6004 17331 17328
26063 1 1962 1 1 4 1
34604 0 2888 390 390 304 302
29514 1 7486 1 1 11 1
4354 0 17938 2633 2633 6217 6213
3583 1 6233 1 1 5 1
5695 4 28664 2519 2519 315 315
2185 1 14535 7 1 1 1
25866 0 2185 6 6 826 806
1327 1 36228 1 1 2 1
2831 1 23698 3 1 3 1
21070 0 14562 3789 3789 19536 19525
10242 2 953 19 19 10382 10372
24520 1 11590 1 1 2 1
32447 6 8162 905 903 3955 3953
10857 1 10856 1 1 1 1
29541 1 32791 1 1 3 1
14418 3 22928 25 23 2 2
25235 0 11991 18524 18524 26764 26764
19649 1 3414 2 1 4 1
11061 9 11060 1 1 1 1
5834 1 16298 1 1 3 1
16564 5 2060 91 90 34634 34606
30585 0 324 39 39 1121 1103
21674 1 21673 4 1 2 1
16327 0 36920 4524 4524 12164 12164
31764 0 40725 36979 36979 26213 26213
20117 1 5297 3 1 1 1
40726 0 21345 535 535 29222 29214
23392 1 8395 2 1 2 1
15466 0 34493 1735 1735 1432 1432
32154 1 35808 39283 39283 36818 36818
30878 2 21391 4 3 33 23
414 9 3242 1 1 1 1
21497 1 25620 1 1 1 1
18780 0 1703 1 1 17 1
36989 2 22747 4988 4988 8438 8438
4814 1 26353 29 25 61 60
34514 4 16712 1944 1944 1101 1101
5463 4 9443 182 175 56 56
9443 4 37702 101 96 4 4
28035 1 17572 1 1 2 1
4816 1 19142 2 1 2 1
23070 1 16815 1 1 1 1
33617 1 10553 1 1 2 1
40729 0 25425 23840 23840 39989 39989
3378 0 2767 906 906 2410 2409
40730 0 8815 7897 7897 40011 40001
12960 0 8815 10863 10862 19369 19360
4376 1 37 4 1 7 1
39757 0 5605 5 4 102 86
18600 1 19016 3 1 2 1
3467 1 385 2 1 4 1
14223 1 6848 2 1 2 1
25195 0 11431 3219 3218 13894 13888
40731 2 35244 270 270 38809 38808
6940 1 22487 9 1 1 1
18458 1 13073 2 1 3 1
13073 6 447 26047 26047 24258 24258
7113 4 35455 38617 38617 36484 36484
16734 7 3856 31043 31040 20 20
30190 1 22568 1 1 1 1
25889 0 13000 492 492 7000 6999
13181 9 17866 1 1 2 2
5492 6 19902 28625 28623 18543 18543
39381 2 736 688 688 14791 14790
2369 1 6578 5 1 1 1
29844 0 16328 2 2 2 2
2758 1 2757 2 1 2 1
38222 2 33300 72 70 637 636
18743 6 13906 13532 13531 12619 12619
31229 4 1517 715 715 1117 1117
21203 4 76 311 309 121 121
40016 0 7096 373 373 2550 2549
19031 0 10895 546 546 1148 1148
40734 0 4733 15048 15048 39687 39685
28029 6 13250 17 16 12 12
31942 0 731 30912 30912 30939 30938
24476 1 37343 1 1 3 1
30608 0 10938 7966 7966 15361 15360
9857 1 21026 4 1 2 1
31786 1 2390 2 1 5 1
20366 0 40022 11872 11872 7638 7638
25016 0 6037 7420 7420 17260 17258
6866 1 25441 4 1 2 1
11006 1 11005 1 1 2 1
40736 0 39315 34841 34841 40825 40825
40737 0 4415 2268 2268 34105 34097
34827 4 25838 1263 1263 1391 1391
20641 0 19592 15786 15785 340 339
19844 1 36475 3 1 1 1
5620 1 14606 1 1 2 1
4942 1 35741 2 1 1 1
12702 0 16539 1872 1872 686 684
16398 5 1361 1 1 15 1
40738 0 10135 26415 26415 39832 39832
819 1 20330 6 1 2 1
20681 3 25789 36558 36558 16353 16353
2173 6 12317 13 4 2 1
29181 1 6432 1 1 1 1
346 1 6498 2 1 1 1
9709 1 9837 3 1 5 1
5266 1 5265 1 1 4 1
30985 0 17910 20725 20724 22142 22142
21628 1 16687 5 1 1 1
39393 0 5540 2950 2949 13172 13165
16844 0 34093 19439 19439 11984 11983
10330 0 5598 1168 1168 2874 2858
22052 1 12989 3 1 5 1
11758 1 3657 3978 3974 3535 3535
33720 0 1406 15686 15686 36084 36073
40739 0 14015 69 69 23486 23480
40298 0 8495 1 1 7 3
5116 1 10792 7 1 5 1
33694 0 26952 11137 11137 29898 29897
36765 0 5101 33436 33435 30645 30644
27226 4 35331 27066 27066 16324 16324
16221 1 30101 1 1 2 1
32010 5 16320 24 24 7032 7019
16385 4 39672 52 46 9 9
26422 3 4250 11 9 5 4
2924 4 31881 153 79 11 11
23932 1 406 1 1 1 1
40741 0 10133 6152 6152 39125 39118
1478 4 38462 143 122 145 145
15891 0 14046 2 2 38 28
25424 0 17555 1927 1927 1308 1303
13797 4 32300 23635 23635 10046 10046
405 1 404 2 1 1 1
37796 0 5866 15597 15597 18181 18176
2634 0 13504 498 497 732 727
26727 4 28774 132 129 7 7
26243 0 39695 8407 8407 192 191
3948 1 32711 4 1 2 1
4019 6 21073 109 101 78 76
1187 1 20711 1 1 2 1
36443 0 26928 1457 1457 2867 2864
29481 0 10355 13 13 339 337
1476 0 25435 14985 14985 16285 16284
38542 0 22631 1 1 5 3
39106 0 14148 38109 38109 40841 40841
28771 1 27460 3 1 2 1
16045 1 24249 1 1 1 1
16468 0 12729 9 9 612 599
24561 0 12729 102 102 2822 2808
40742 0 11685 1107 1107 29888 29881
15794 0 288 15305 15305 28350 28344
17369 4 28877 43 38 2 2
4197 1 13361 5 1 2 1
1566 1 31545 5 1 1 1
20016 4 29851 437 424 1 1
21241 1 21240 2 1 2 1
21240 1 17480 4 1 1 1
4088 0 9256 10797 10797 29547 29543
21664 0 31614 18050 18050 24594 24594
20867 6 22620 5097 5096 1810 1809
6116 3 12878 6 2 3 1
31524 1 6685 1 1 2 1
31665 1 11001 1 1 3 1
4541 1 14758 1 1 1 1
38652 3 11896 1 1 3 1
29789 4 11615 1170 1163 99 99
40744 0 26617 34083 34083 40783 40783
6122 4 39635 1148 1143 10 10
4953 0 10842 5498 5498 10949 10942
38322 0 11870 30050 30050 32752 32752
10438 0 1730 1 1 107 7
32068 0 9304 45 44 405 396
40745 0 7189 7425 7425 38437 38427
30521 1 1450 2 1 5 1
14974 1 22486 6 1 1 1
24396 1 14974 1 1 5 1
26467 1 15256 1 1 3 1
15469 1 9188 5 1 3 1
3672 4 34478 18492 18491 6160 6160
23086 0 9505 10699 10699 26448 26448
11105 6 34671 30503 30501 25455 25455
31200 1 26039 5862 5862 5492 5492
33187 0 8237 626 625 2651 2644
30483 1 21607 1 1 3 1
14260 0 14310 14662 14662 10233 10230
15924 0 9367 2259 2259 14248 14227
19959 6 17574 197 191 212 211
24704 0 18355 24053 24053 17306 17306
31678 4 25631 210 208 58 58
39728 1 18568 1 1 2 1
6336 4 34815 94 81 12 12
18894 0 12741 1599 1599 14946 14941
31814 0 15640 1134 1134 11056 11052
31718 1 31717 2 1 1 1
3495 1 37604 2 1 1 1
33838 0 15312 14298 14298 33657 33655
38175 10 30680 1 1 1 1
11923 1 29297 4 1 2 1
17682 4 16176 2787 2785 2177 2177
40746 0 15865 9663 9663 37881 37880
17989 1 45 1 1 4 1
162 1 161 2 1 2 1
1070 1 31232 3 1 2 1
11915 1 11914 1 1 2 1
17597 1 1779 1 1 1 1
33223 0 35286 2251 2251 4110 4109
17231 0 11078 3 3 5 2
9415 1 8217 3 1 1 1
9822 0 532 1 1 78 4
25559 0 7427 2233 2233 1683 1683
35901 1 18889 1 1 1 1
5032 1 9078 3 1 1 1
280 0 12443 12362 12362 11903 11902
3547 0 16302 2842 2842 15216 15203
37263 0 33813 15450 15450 8287 8286
40748 0 206 316 316 32628 32597
2410 6 36725 14 14 11 11
29420 1 33730 2 1 1 1
20556 0 268 4910 4910 2482 2478
25280 5 2971 1 1 2084 2020
10990 1 27947 5 1 1 1
22682 0 15763 1 1 6 3
10975 1 35401 1 1 1 1
11252 6 6012 25 17 2 1
13074 5 14951 53 53 1395 1393
24987 0 33083 31934 31934 33589 33588
32258 0 30454 12012 12012 16773 16773
20630 1 11278 2 1 3 1
375 1 374 2 1 1 1
24087 1 34222 2 1 1 1
22866 1 930 1 1 2 1
26540 0 19984 1925 1925 2293 2291
1203 1 11625 2 1 5 1
2995 1 16224 6 1 1 1
39628 0 35692 16812 16812 17204 17204
12922 3 16574 5 1 3 1
13536 9 7072 2 2 1 1
17977 0 6556 3526 3526 26612 26601
14591 1 20529 2 1 1 1
17537 1 20736 21798 21797 12429 12429
22994 0 1953 187 187 4224 4208
28203 4 15915 19 16 1 1
20040 1 11683 1 1 1 1
22766 0 15613 28166 28166 26595 26594
3681 1 20829 3 1 1 1
9952 1 17840 3 1 1 1
8561 8 9939 11285 11285 5819 5819
26904 1 34013 1 1 1 1
30218 6 33864 1876 1874 222 222
19855 4 40081 8036 8036 2791 2791
7107 1 4018 3 1 2 1
14459 4 30600 587 587 111 111
31262 0 19491 8 8 36 34
3049 0 13373 5697 5697 824 824
18036 1 21116 3 1 1 1
4102 4 26935 66 56 1 1
4051 1 4050 1 1 2 1
32772 5 5042 18 18 795 789
18593 1 8011 1 1 1 1
3037 1 458 2 1 2 1
11489 1 19752 2 1 1 1
7408 1 2641 1 1 1 1
30952 0 4379 5542 5542 23906 23895
19369 1 11046 1 1 5 1
40754 0 5844 30994 30994 40798 40797
13702 0 9051 16831 16831 9025 9025
14342 0 16213 19682 19682 6555 6554
38142 1 9549 1 1 1 1
22223 1 17536 2 1 1 1
2364 1 22225 5 1 2 1
27307 2 23001 13493 13493 8894 8894
2159 1 6296 2 1 1 1
3441 3 8470 2 1 2 1
11504 1 11503 1 1 2 1
28552 0 35437 15865 15865 31989 31988
32595 0 22049 14545 14545 14016 14012
34018 4 40756 39974 39974 27568 27568
12675 1 12674 3 1 2 1
22838 1 8225 1 1 4 1
9602 0 32242 27628 27628 24064 24064
