1678 7 40551 445 209 1 1
1678 7 18056 281 52 1 1
1678 7 30089 997 758 1 1
1678 7 36781 404 170 1 1
1678 7 18000 476 239 1 1
1678 7 9202 295 65 1 1
1678 7 26036 7020 6779 5 5
1678 7 35669 310 79 1 1
1678 7 40887 24260 24017 7 7
1678 7 38204 24230 23988 3 3
17935 9 35175 1 1 1 1
785 8 10116 12048 11598 19 19
785 8 37575 4997 4551 9 9
785 8 21817 21032 20574 8 8
785 8 18729 2774 2331 35 33
785 8 12268 1058 616 1 1
785 8 29200 9573 9124 4 4
785 8 23537 39836 39364 82 82
785 8 6770 18679 18226 10 10
785 8 1493 28161 27698 553 553
785 8 28822 20900 20443 110 110
785 8 15703 4275 3831 3 3
785 8 8245 36025 35559 56 56
785 8 36761 37899 37431 153 153
785 8 155 7742 7294 2 2
785 8 39420 19520 19064 24 24
785 8 38749 37957 37488 38 38
785 7 11761 2787 2773 13 13
16176 4 33688 40623 40621 16521 16521
18671 0 11241 21 21 645 630
19621 0 11241 2 2 57 43
15582 0 4030 11654 11654 36194 36165
25033 0 4030 420 420 1850 1824
31351 0 4030 9838 9838 27657 27629
19165 0 2969 476 476 120 111
21012 1 19165 4 1 2 1
16748 6 29001 4 3 24 22
31740 0 1183 160 160 7329 7286
26184 1 32091 38746 38743 26813 26813
32091 1 26184 26813 26813 38746 38743
4194 1 6975 1 1 1 1
6975 1 3569 2 1 6 1
15602 0 4367 2861 2861 17893 17864
6546 0 4367 2 2 710 683
24512 1 24859 1 1 1 1
33182 0 5053 15023 15023 14348 14345
5945 6 10270 37236 37233 34436 34435
5109 0 22368 11675 11675 8877 8872
20774 0 8060 40829 40829 40934 40934
12274 1 9268 1 1 1 1
12842 1 15886 4 1 2 1
13394 1 3789 2 1 1 1
13394 0 3459 51 51 3003 2996
38200 3 8055 2 1 3 1
36698 0 586 4479 4479 8714 8635
13143 0 586 28 28 4019 3942
7684 1 586 2 1 1 1
586 3 772 197 187 2 1
586 3 3510 314 303 2 2
586 1 11276 8 1 3 1
38212 2 121 3 3 1115 630
34053 2 121 20 20 9190 8684
21130 2 121 1 1 1613 1122
22680 2 121 3 2 518 41
33440 2 121 5 5 1015 531
37929 2 121 2 2 1463 975
25514 2 121 6 6 4909 4407
31531 2 121 2 2 4407 3907
15287 2 121 7 7 4621 4120
30007 2 121 2 1 503 29
33594 2 121 6 6 1586 1096
31050 2 121 10 10 2848 2352
10443 2 121 3 2 507 31
13776 2 121 2 1 497 24
28371 2 121 6 6 1494 1005
25046 2 121 1 1 680 197
29285 2 121 4 4 1343 856
29029 2 121 25 25 13173 12666
39017 2 121 3 3 1657 1165
36587 2 121 26 26 7984 7479
29042 2 121 9 9 3163 2666
20341 2 121 3 3 6094 5591
33915 2 121 4 4 2380 1886
14588 2 121 3 2 610 129
121 6 39924 4987 4983 110 110
40757 0 1311 11373 11373 38009 37992
40804 0 1311 26884 26884 39822 39804
1311 0 896 5955 5955 5937 5932
18270 1 18269 1 1 1 1
13049 0 4990 24 24 418 400
36351 0 4990 2832 2832 9674 9654
29179 1 10971 1 1 1 1
23886 0 6769 8112 8112 22815 22814
30612 0 4411 26576 26576 32066 32065
14866 0 3633 40859 40859 40794 40789
35748 0 11399 2243 2243 9562 9556
31413 0 15186 1 1 7 5
20145 0 11015 23 23 23 22
40728 5 914 4 4 27829 27538
28450 5 914 48 48 17801 17513
7848 5 914 1 1 1419 1140
35945 5 914 3 3 10210 9924
25546 5 914 3 3 3895 3613
38155 5 914 1 1 1442 1162
36490 5 914 30 30 25651 25361
31958 5 914 3 3 4201 3917
16022 5 914 811 810 36587 36293
1595 5 914 67 67 23389 23100
5734 1 377 2 1 1 1
22785 0 5734 20435 20435 12168 12167
1255 6 24915 636 636 97 97
14244 1 11981 1 1 3 1
19390 0 4369 23671 23671 20277 20256
15364 0 4369 4067 4067 10257 10237
6533 0 4369 35855 35855 40870 40847
20079 0 4369 332 332 9019 9000
3634 1 4369 2 1 1 1
10990 1 4301 3 1 2 1
16398 1 2783 2 1 7 1
2783 1 1316 5 1 1 1
31737 0 16660 2 1 17 4
40758 0 6286 3010 3010 36252 36240
36771 0 6286 8 8 471 461
23301 0 6286 675 675 6043 6032
6286 1 7865 1 1 2 1
40759 0 45 91 91 29333 29330
45 1 44 12 1 1 1
30663 4 40225 835 834 111 111
14235 0 20549 6 6 7 2
20549 1 8731 2 1 5 1
15727 0 20842 5702 5702 16321 16320
28017 0 10090 1248 1248 7263 7249
40795 0 10090 1060 1060 28945 28930
32851 1 11382 3 3 204 203
21858 0 14369 6253 6253 15911 15907
34003 0 20650 39550 39550 40727 40726
5656 1 624 2 1 5 1
624 1 34337 6 1 1 1
32035 1 33317 1 1 1 1
6074 0 11052 34415 34415 37819 37819
6074 1 6073 2 1 1 1
31355 4 35983 255 252 24 24
10203 0 23680 1987 1987 3827 3827
34114 4 1598 36935 36934 19469 19469
15430 4 617 19 4 2 1
617 6 23164 3459 3444 48 48
40760 0 3796 6501 6501 31818 31807
40898 0 3796 10582 10582 37587 37575
27089 0 25460 1 1 63 55
38920 0 20791 16601 16601 21977 21977
26740 0 15987 4014 4014 12654 12649
26740 5 4475 501 501 23055 23035
33592 0 3640 6 6 940 871
21749 0 16741 1 1 15 11
40287 6 21134 4558 4558 4269 4269
14022 1 6297 5 1 1 1
14504 1 14022 1 1 3 1
40761 0 448 10651 10651 38560 38535
23685 1 146 2 1 2 1
24780 0 39997 23911 23911 20177 20177
40762 0 1763 2098 2098 36151 36146
6572 1 6944 4 1 2 1
6944 0 1701 103 103 264 257
4031 1 9327 9 1 4 1
37067 1 10473 1 1 2 1
23647 0 1338 596 595 9108 9081
23277 0 13709 247 247 1785 1766
3947 0 12235 21033 21033 16568 16559
12250 1 12717 1 1 1 1
271 6 40026 2580 2553 16 16
14931 1 36099 5 3 6 5
36099 1 14931 6 5 5 3
36099 1 27949 1 1 2 1
14576 5 2971 148 148 33507 33443
13484 5 2971 1 1 659 597
7443 1 25067 4 1 2 1
16880 0 18633 2 2 16 11
16881 1 16880 1 1 3 1
17282 0 228 74 74 1099 1026
33871 0 228 7057 7057 21253 21178
40763 0 987 15185 15185 39394 39389
20046 0 4696 9607 9607 10720 10713
8415 2 7033 4 2 23 18
15870 1 18392 2 1 2 1
25017 9 18392 1 1 2 1
3787 1 8742 2 1 5 1
23980 0 3787 1232 1232 7902 7885
8742 1 19068 4 1 4 1
11482 1 10803 1 1 1 1
2901 0 30222 14849 14849 26617 26617
10757 0 3459 47 47 6496 6488
26302 0 3459 364 364 10078 10069
10581 4 27666 35563 35563 27821 27821
11449 2 6220 72 71 10898 10891
258 6 35861 11829 11825 670 670
25183 3 11235 559 559 30416 30415
15107 1 15106 1 1 1 1
20809 4 32820 20107 20089 9174 9174
20809 4 32206 22806 22787 4189 4189
4981 1 17073 3 1 2 1
16542 0 4523 5667 5666 8597 8595
40894 0 16542 4980 4980 36598 36596
10161 1 10160 1 1 4 1
10160 0 15134 468 468 2552 2545
26185 1 15249 1 1 1 1
1771 1 1770 7 1 2 1
1771 1 9610 6 1 3 1
1771 1 36226 5 1 1 1
24128 0 8842 1711 1711 3780 3777
26157 1 31405 1 1 1 1
31405 1 31404 2 1 1 1
6096 1 29574 2 1 1 1
31306 6 34770 25400 25400 21521 21521
65 9 439 1 1 1 1
9078 1 23938 1 1 1 1
10215 0 5164 5290 5289 18073 18063
1559 8 14508 258 240 2 1
1559 8 25902 27441 27422 134 134
23501 0 1668 352 352 12380 12309
20112 1 27611 1 1 1 1
29717 0 30926 30597 30597 21887 21886
40020 0 17095 4061 4061 9323 9322
23138 0 1929 2 2 264 39
38723 0 1929 3 3 254 30
27757 0 1929 1 1 237 14
35086 0 1929 2 2 236 14
20750 0 1929 2 2 402 172
38906 0 1929 1 1 227 8
18333 0 1929 1 1 275 49
15970 1 3369 2 1 2 1
8306 2 25327 2 1 14 7
25327 5 3250 118 118 30541 30529
32633 1 5596 2 1 5 1
30166 0 5644 1 1 48 31
3771 0 5644 34 34 472 454
36968 0 18425 2486 2486 20236 20233
4765 1 4764 2 1 2 1
17970 0 4765 27739 27739 18981 18976
13604 2 251 1 1 1894 1885
37309 0 30216 4005 4005 727 727
38488 0 19873 15118 15118 36432 36431
21703 2 1136 3 2 223 155
37709 2 1136 3 2 260 191
29422 2 1136 3 2 348 278
34900 2 1136 3 2 131 64
4319 2 1136 25 25 11418 11346
35289 1 33808 1 1 2 1
7560 1 5488 1 1 5 1
40937 0 5488 12636 12636 36905 36902
13163 0 5488 2322 2322 1610 1608
3087 1 18847 2 1 1 1
27819 0 3087 4 4 34 19
29206 1 25712 2 1 1 1
4485 0 608 312 312 938 571
4485 1 4213 4 1 5 1
2562 0 608 21 21 3443 3073
40838 0 608 90 90 35623 35228
14223 0 608 1250 1250 5130 4759
9757 0 608 140 140 1446 1078
21406 0 608 295 295 5158 4786
20006 0 608 428 428 25890 25506
1328 0 608 33427 33427 39741 39340
30256 0 608 1351 1351 18586 18210
28595 0 608 8820 8820 38350 37953
40884 0 608 90 90 34631 34239
33590 0 608 1 1 658 293
40777 0 608 2 2 25802 25420
39245 0 608 10452 10452 38752 38354
40785 0 608 2 2 25849 25466
40793 0 608 1 1 27672 27286
40814 0 608 44 44 34948 34555
7793 0 608 581 581 8096 7723
37242 0 608 396 396 24838 24457
40830 0 608 393 393 39579 39179
40764 0 29777 13531 13531 38177 38175
13128 0 959 2058 2058 10044 10015
35052 0 959 595 595 18214 18182
14092 1 7130 1 1 1 1
40765 0 18 26532 26532 40540 40540
37609 0 25129 615 615 4004 3999
3268 1 10028 2 1 3 1
40766 0 35564 15397 15397 38650 38649
15729 1 12999 7 4 3 1
12999 1 15729 3 1 7 4
35258 4 25396 7895 7895 2536 2536
38187 1 29741 1 1 2 1
38187 0 2275 1960 1960 11019 10986
40767 0 15247 2258 2258 33954 33951
27131 1 17012 1 1 1 1
15936 0 23068 1 1 4 2
7803 1 13968 7 5 5 3
13968 1 7803 5 3 7 5
40572 0 32910 1659 1659 36470 36467
39830 0 32910 2 2 214 212
14004 0 25065 3086 3086 1388 1385
25065 0 4789 45 45 14 12
32733 0 248 36396 36396 39250 39240
10121 0 248 39313 39313 38609 38600
30194 0 7722 1842 1842 3333 3321
23606 0 4877 2 2 246 236
32247 0 4877 173 173 1721 1710
30622 0 2318 2 2 174 53
26982 0 2318 3 3 440 318
9320 0 2318 3 3 3052 2924
26224 0 2318 2 2 1499 1374
18713 0 2318 18 18 4712 4583
38875 0 2318 5 5 2829 2702
3443 1 12083 2 1 2 1
13887 0 3443 3102 3102 5185 5173
18271 0 3443 9 9 342 332
4423 0 24850 14943 14943 6349 6348
1038 4 13190 264 93 1 1
1038 4 40447 163 14 2 2
1038 4 33781 224 56 1 1
1038 4 31677 188 25 2 2
1038 4 7455 211 45 2 2
23751 4 8080 14 10 49 49
8080 4 23312 140 137 57 57
25625 5 2176 48 48 24700 24594
24036 5 2176 52 52 12489 12387
18415 5 2176 33 33 16084 15981
29637 0 28168 27537 27536 31120 31115
17924 0 7315 3490 3490 17211 17206
13300 0 11301 6580 6580 19266 19254
13300 6 14769 3655 3652 2904 2903
25115 0 11301 558 558 1400 1390
20438 0 11301 70 70 480 471
37862 0 11301 418 418 7296 7285
34851 4 31118 132 131 4 4
40242 0 24346 13013 13013 21676 21673
26644 1 4985 2 1 2 1
26644 1 16054 1 1 2 1
8110 0 12168 599 599 7453 7417
36165 0 12168 1703 1703 14539 14502
22455 6 27199 31189 31189 28895 28895
7288 1 36878 1 1 1 1
19322 5 7288 87 87 32884 32869
40768 0 1784 82 82 32980 32933
15769 0 1784 898 898 10114 10069
40438 0 1784 16605 16605 39939 39891
40839 0 1784 16 16 30541 30495
27441 0 25270 19673 19673 8047 8046
25270 0 6354 25048 25048 37363 37360
12380 1 20717 3 1 1 1
3729 0 20717 16 16 26 15
176 1 25906 10233 10232 18903 18900
25906 1 176 18903 18900 10233 10232
40769 0 10981 7986 7986 33511 33510
24894 0 7247 307 307 2982 2973
27000 0 7247 179 179 11396 11386
17047 0 13439 5185 5185 3285 3285
40770 0 3005 32 32 30859 30845
12076 1 3005 1 1 4 1
12740 4 40747 39579 39579 7679 7679
16545 1 14634 1 1 8 1
4313 1 3457 7 1 5 1
1482 0 13752 1415 1415 429 429
1482 1 35255 5 1 2 1
11251 1 13752 2 1 1 1
28721 1 22741 1 1 1 1
28721 0 15897 4 4 14 12
3761 0 8987 36517 36517 38542 38542
8987 3 23784 37867 37867 38953 38953
7280 1 26118 2 1 1 1
28912 1 26118 2 1 2 1
38386 0 1904 3 3 165 163
6607 1 11157 3 1 2 1
637 6 31616 3424 3381 86 86
637 6 39715 993 952 38 38
637 6 14054 69 30 1 1
637 6 39536 8870 8825 1371 1371
637 6 23571 2653 2611 101 101
637 6 40404 5070 5026 182 182
637 6 29851 548 508 8 8
5767 4 21704 7651 7633 27 27
3432 4 7926 12205 12203 3774 3774
3509 0 3407 8367 8367 31007 31003
13238 0 3407 6859 6859 22146 22143
26647 1 3407 2 1 6 1
24287 1 17938 2 1 3 1
36533 9 24287 1 1 1 1
17939 1 17938 1 1 1 1
9673 1 8487 5484 5481 510 507
7998 1 9673 3 1 2 1
8487 1 7998 3 1 4 1
3814 1 3548 2 1 1 1
23744 0 296 18 18 2658 2508
21505 0 296 50 50 4110 3959
7397 0 296 1 1 143 3
10506 0 296 2 2 230 84
38028 0 296 1 1 145 3
12013 0 296 1 1 158 14
15119 0 296 26 26 1827 1679
36945 0 296 268 268 9653 9501
36798 0 51 218 218 13017 12821
38369 0 51 65 65 8765 8570
40705 0 51 498 498 36584 36383
20387 0 51 45 45 6396 6202
40810 0 51 29 29 28451 28253
27837 0 51 7 7 232 40
5886 0 51 1188 1188 15257 15060
20051 1 20050 2 1 3 1
20861 1 5558 2 1 1 1
26868 0 6233 2649 2649 6458 6449
26868 1 5872 3 1 4 1
37434 0 917 40558 40558 40938 40935
25228 0 917 39472 39471 40710 40708
20402 0 16155 18064 18064 18669 18668
30004 0 2482 3 3 360 351
18986 0 2482 188 188 883 873
39024 0 29467 34761 34760 35075 35074
38724 0 29467 23819 23819 35866 35864
36561 5 129 5 5 10997 10952
1583 0 129 36449 36449 33423 33414
406 1 1287 3 1 5 1
23997 1 406 2 1 2 1
18173 1 1287 1 1 4 1
40882 0 1287 131 131 32882 32842
332 0 1287 2 2 74 36
18612 4 33576 68 47 1 1
18612 4 19325 64 44 3 3
12266 4 18612 9 2 19 19
5940 0 532 1 1 73 3
1521 0 532 1 1 91 15
40279 0 532 1 1 79 6
30426 0 532 1 1 96 19
15231 0 532 1 1 85 10
40771 0 10613 5562 5562 34143 34133
29184 1 22723 2 1 2 1
29184 1 30903 3 1 1 1
6386 0 26454 4219 4219 3914 3910
3277 1 37105 1 1 1 1
31630 0 33081 38302 38302 33211 33210
33081 0 3606 4352 4352 17325 17312
1354 1 1353 2 1 4 1
4940 6 40772 38711 38709 1608 1608
4385 0 4940 46 46 3165 3155
29446 0 4940 34297 34297 29367 29356
24366 1 7539 1 1 1 1
9683 6 40773 37616 37615 5976 5976
40773 0 2732 6893 6893 35564 35561
33864 0 13576 2561 2561 3369 3364
28351 1 685 1 1 1 1
35900 3 685 1 1 2 1
8053 1 32295 6 1 1 1
35212 0 8053 540 540 15854 15852
8643 0 1819 4 3 96 90
7117 1 8643 3 1 3 1
24594 5 1819 1 1 2745 2704
3210 5 1819 9 9 1291 1251
27467 0 31416 18952 18952 27490 27488
464 1 3675 1 1 5 1
3675 1 12232 6 1 2 1
3675 1 19310 7 1 2 1
4006 1 7203 1 1 1 1
1307 1 11050 2 1 6 1
10097 6 15251 2315 2315 18235 18235
21168 1 10097 2 1 3 1
23083 0 26718 5485 5485 7038 7038
21673 0 26120 2802 2802 7371 7370
26120 0 6426 2 2 10 2
24650 0 27939 27726 27726 27234 27230
38457 1 9568 1 1 2 1
27178 0 2497 8681 8681 13685 13589
31174 0 2497 37659 37659 40488 40388
19058 0 2497 1 1 146 54
23035 0 2497 37426 37426 39694 39595
5147 0 2497 2945 2945 26370 26272
5305 1 1 4 1 2 1
29442 1 5305 3 1 3 1
12784 4 1630 1298 1292 823 823
12784 4 5463 812 807 1278 1278
25315 1 20655 4 1 1 1
8198 0 20655 16774 16774 21364 21360
20655 1 5129 2 1 5 1
931 0 2275 17377 17377 25757 25723
11433 0 2275 9122 9122 9557 9525
14758 0 9787 745 745 1624 1605
36898 0 1686 5069 5069 26229 26221
40774 0 16369 2208 2208 36369 36364
17226 1 10110 1 1 2 1
27870 2 2023 27 27 6551 6498
18478 2 2023 5 5 2301 2250
11490 2 2023 2 2 973 923
20278 2 2023 1 1 727 678
16554 1 29212 3 1 2 1
29212 0 34093 24895 24895 12891 12891
36825 0 20796 2 2 296 291
5335 5 9988 190 190 34096 34094
29725 5 9988 169 169 38819 38816
1864 4 39744 210 129 3 3
1864 4 12986 126 48 15 15
1864 4 9221 111 34 2 2
1864 0 1703 1 1 5 1
12378 1 3604 1 1 3 1
9895 1 13428 3 1 1 1
15667 1 15666 1 1 1 1
2507 3 4435 6910 6909 24 24
6789 9 2507 1 1 2 1
16918 1 2507 3 1 10 1
20071 4 20803 54 49 11 11
20849 1 14778 1 1 1 1
13053 1 24622 1 1 1 1
40284 1 24622 1 1 2 1
19366 0 20234 36914 36914 37852 37850
26315 0 19366 21 21 198 191
35882 2 2524 2204 2203 37475 37430
33234 2 2524 2 1 62 20
40939 2 2524 41 41 36680 36636
8199 0 15331 89 89 1279 1277
19502 1 12706 2 1 1 1
11732 1 7659 2 1 3 1
29649 0 11732 677 677 12146 12138
7659 1 7279 4 1 4 1
12815 4 27688 195 173 6 6
12815 4 20570 210 187 2 2
26871 0 2084 39670 39670 40878 40878
4955 6 15531 42 41 325 322
8178 1 11153 1 1 1 1
2181 6 20785 1812 1795 76 76
2181 6 11583 5235 5217 86 86
23792 0 30977 663 663 6833 6828
4102 4 38587 304 294 17 17
40775 0 35896 10105 10105 32702 32701
6696 1 21296 2 1 2 1
21295 1 6696 1 1 3 1
8023 1 21296 1 1 3 1
3303 0 10707 13576 13576 38395 38369
17408 0 4099 32799 32799 36399 36398
23226 0 34449 929 929 796 795
4136 1 4135 4 1 1 1
39465 0 16668 2228 2228 21426 21422
16257 0 23562 29471 29471 35561 35556
4227 6 32367 1968 1965 4497 4497
40607 0 4227 3157 3157 38215 38212
16679 1 16678 1 1 1 1
1122 9 23212 2 1 1 1
23212 0 2918 823 823 3014 2938
7532 1 7531 3 1 2 1
29273 1 14570 1 1 1 1
5949 0 3779 8610 8610 10471 10417
8913 0 3779 902 902 1070 1018
23795 2 2580 1 1 45 9
9939 2 2580 1 1 162 121
20115 2 2580 1 1 55 18
36622 2 2580 1 1 56 18
15250 5 2644 364 364 38759 38743
4951 1 5069 1 1 2 1
7948 1 8993 1 1 1 1
3755 1 18943 1 1 1 1
18943 1 30961 2 1 2 1
17857 1 11523 2 1 4 2
6924 4 37669 182 168 3 3
6924 4 25551 370 355 222 222
30696 4 40310 18290 18290 6132 6132
5259 0 9217 1280 1280 3703 3695
28032 0 5259 1748 1748 7338 7330
20159 4 23395 24059 24057 9257 9257
17347 4 20159 203 199 72 72
3882 4 10151 713 713 908 908
8811 0 2340 11696 11696 8435 8432
32387 0 8811 1393 1393 7004 7001
35192 0 2340 7326 7326 1400 1398
19066 6 13595 35128 35122 10376 10376
2887 0 2938 2 2 5 2
2887 1 7436 3 1 2 1
15497 1 2938 1 1 1 1
25015 4 28828 9021 9021 5347 5347
21810 4 25015 120 111 5 5
3850 0 160 180 180 7180 7142
15553 0 160 3733 3733 16309 16268
17933 0 160 4042 4042 25407 25365
30234 0 2731 388 388 9005 8978
46 0 14274 24829 24829 16810 16804
14834 1 16497 3 1 3 1
14834 1 8390 2 1 4 1
14834 1 5110 4 1 18 9
40922 0 14834 757 757 35301 35296
11673 1 5110 1 1 4 1
29358 0 2687 1 1 34 2
8288 0 2687 1 1 43 7
33791 0 2687 1 1 41 6
33543 0 40596 39408 39407 33134 33134
172 4 7119 30080 30079 27424 27424
35331 5 172 33 33 20754 20400
28580 5 172 2 2 3241 2898
18603 5 172 2 2 10863 10516
36972 5 172 6 6 3918 3574
78 5 172 1 1 2973 2631
33614 5 172 6 6 6824 6478
35822 5 172 25 25 17032 16683
39121 5 172 45 45 24154 23799
22074 5 172 18 18 17654 17304
20314 5 172 116 116 38541 38180
1118 5 172 48 48 25802 25444
21326 1 23555 5 1 4 1
2173 6 38083 18 8 2 1
2173 6 18659 524 512 35 35
33947 4 39713 5045 5045 4115 4115
18377 3 4166 1 1 4 1
34858 0 18783 306 306 2125 2124
3968 1 5813 2 1 4 1
11261 1 5813 1 1 6 1
5813 1 31835 88 81 4 3
36714 0 38851 27442 27441 12868 12868
30857 0 30511 30537 30537 36855 36854
1365 1 15439 2 1 2 1
39987 0 81 131 131 6175 6128
36104 0 81 1 1 53 8
5785 0 26217 385 385 378 375
19380 0 26217 22475 22475 36133 36129
6787 1 26217 4 1 2 1
16634 0 9747 243 243 3855 3839
36078 1 7833 1 1 1 1
32975 0 9558 9494 9494 23116 23116
32975 1 32002 1 1 1 1
22353 1 15922 2 1 1 1
1604 1 6991 2 1 3 1
2547 1 14925 1 1 3 1
14212 0 14737 11 11 913 902
4130 0 3621 8 8 294 287
24323 0 3621 4279 4279 33477 33469
3621 0 9758 288 288 151 134
10319 4 33522 952 936 61 61
27683 1 39142 1 1 1 1
16503 1 110 1 1 5 1
40776 0 5310 10253 10253 34851 34841
25496 0 5310 3 2 34 25
1913 6 25274 17793 17788 8441 8440
33711 5 19257 5 4 51 44
32197 1 22383 1 1 1 1
23062 1 12031 1 1 2 1
26578 0 239 121 121 7054 6800
19936 0 239 96 96 5138 4887
40929 0 239 430 430 36146 35880
24226 0 239 4 4 310 65
20767 0 239 601 601 9585 9326
19429 0 239 467 467 8349 8091
32842 0 239 8254 8254 36716 36449
34670 0 239 5771 5771 33572 33307
23758 0 239 2406 2406 27830 27568
13023 0 239 978 978 3389 3141
16182 0 239 1 1 429 183
17401 0 239 122 122 8096 7839
34239 0 239 1981 1981 7152 6896
2069 1 15760 4 1 2 1
22182 1 3014 3 1 2 1
31096 1 15639 3 1 3 1
15639 1 29383 5 1 2 1
15639 1 207 4 1 2 1
13398 0 71 9410 9410 28244 28181
2736 4 13398 14812 14763 24910 24910
13398 4 7720 19639 19632 490 490
20939 0 2215 7 7 629 624
7946 1 1765 1 1 2 1
1947 0 1249 263 263 1290 1245
22728 1 16506 1 1 3 1
34810 9 22728 1 1 1 1
3254 0 2886 710 710 4681 4673
18890 4 37812 8867 8864 340 340
18890 4 28071 141 139 39 39
24803 4 28831 93 92 155 155
12939 1 23279 3 1 1 1
13702 1 12070 5 1 2 1
27600 0 7589 11063 11063 37808 37799
24117 1 1225 1 1 1 1
1110 0 20337 14684 14684 10661 10656
40926 0 20337 4498 4498 36093 36086
354 4 36395 10308 10305 72 72
24159 0 12803 16268 16268 25531 25531
26948 2 3620 16 16 4733 4708
37272 0 7800 22320 22320 38442 38431
23037 4 3762 40253 40251 9953 9953
33783 2 1326 15 15 7262 7127
22501 2 1326 1 1 1095 962
31495 2 1326 57 57 30933 30796
19086 2 1326 9 9 2207 2073
38740 2 1326 64 64 36289 36151
38719 2 1326 20 20 15250 15114
36238 0 1326 3811 3811 11983 11969
18160 0 1200 3638 3638 11480 11480
23552 1 10327 3 1 3 1
40037 0 19153 823 823 11026 11024
33552 0 40037 37080 37079 26535 26535
7751 0 3712 3342 3342 5077 5069
7196 0 3712 2854 2854 4892 4885
28826 1 3712 3 1 3 1
26351 6 25426 3072 3072 3605 3605
17946 0 26351 3605 3605 3353 3349
10124 0 25426 15317 15317 19483 19479
6974 6 17672 16524 16523 7475 7475
19506 1 15393 2 1 2 1
32325 0 17590 4692 4692 4046 4039
40778 2 26169 5033 5033 39793 39793
36197 4 29170 21463 21463 6359 6359
1264 1 22448 4 1 2 1
40779 2 1646 135 135 37280 37238
40782 2 1646 133 133 37417 37374
40780 0 379 3573 3573 38647 38629
40828 0 379 1925 1925 34744 34727
14490 1 12757 1 1 2 1
34243 0 1244 1 1 533 248
12545 0 1244 154 154 3243 2952
28964 0 1244 41 41 1942 1653
4871 0 1244 1 1 392 110
17807 0 1244 9 9 1586 1298
14487 0 1244 1 1 315 37
40781 0 4921 1113 1113 33156 33153
9372 1 1508 2 1 2 1
2261 4 19476 45 30 2 2
2261 4 18565 46 30 5 5
5771 4 39949 61 53 2 2
13951 1 3521 1 1 2 1
18299 1 274 1 1 7 1
15954 1 34113 2 1 1 1
17141 0 21055 568 568 809 806
13878 1 26428 3 1 1 1
35918 0 391 2 2 59 56
39002 1 39001 1 1 1 1
4532 1 26446 1 1 1 1
11891 5 16320 26 26 5911 5898
13955 1 11289 2 1 4 1
1592 1 17240 5 1 1 1
15523 0 2604 21 21 6642 6603
36776 0 2604 3739 3739 13902 13861
40872 0 2604 411 411 32211 32168
6989 0 2604 118 118 369 334
38136 0 2604 28 28 6509 6471
31426 1 2604 2 1 10 2
12623 1 6107 1 1 3 1
22297 1 8322 1 1 2 1
21592 1 22297 2 1 3 1
4547 1 21674 2 1 1 1
32040 1 4547 1 1 3 1
7982 1 20572 1 1 2 1
7983 3 7982 2 1 2 1
31376 2 743 1 1 132 29
32748 2 743 8 8 4315 4209
36118 2 743 4 4 4710 4603
743 6 9450 21424 21423 5390 5390
39780 0 2807 155 155 2951 2947
4722 0 2807 1486 1486 1612 1609
35415 0 2807 1494 1494 17773 17767
15011 0 1542 952 952 6622 6601
10421 1 10420 4 1 2 1
26009 0 265 7 7 424 165
9536 0 265 2 2 343 88
15205 0 265 1 1 270 21
36270 0 265 3 3 438 178
39375 0 265 1 1 321 68
12974 0 265 3 3 687 425
25076 0 265 1 1 323 69
19351 0 265 2 2 320 68
11480 2 1534 87 86 11189 11182
40783 0 4407 16021 16021 37610 37610
4407 1 39995 8 1 1 1
8464 1 8424 5 1 3 1
23763 1 3300 1 1 1 1
24479 1 23586 4 1 2 1
28656 0 21 1 1 86 19
38617 0 21 1 1 83 17
39259 0 21 1059 1059 11749 11680
6493 0 3567 9826 9826 22611 22609
21912 0 22347 1644 1644 2315 2314
24178 1 9908 4 1 1 1
22121 0 351 1 1 84 1
25316 1 746 3 1 2 1
3063 1 4791 1 1 1 1
11495 0 4791 3159 3159 6905 6891
36889 0 883 1 1 550 330
22017 0 883 1 1 252 39
39078 0 883 2 2 386 170
7495 0 883 7 7 659 438
7498 0 883 3 3 249 37
36527 0 883 1 1 398 181
31583 0 883 52 52 4315 4092
40784 0 14144 1382 1382 36763 36745
3408 6 8243 79 5 9 8
3408 6 8940 14329 14253 233 233
3408 8 38801 2808 2742 1 1
3408 8 28506 85 20 4 3
10233 4 38705 8846 8832 223 223
36048 6 18704 13832 13832 28591 28591
1046 7 36048 18988 18869 1 1
1962 1 1961 3 1 1 1
11585 3 21329 3 1 2 1
32391 1 11972 1 1 1 1
31739 4 18679 942 940 33 33
26785 1 7703 1 1 4 1
20520 1 6788 3 1 2 1
11565 1 37185 9 1 1 1
11565 1 12441 8 1 1 1
29689 1 11565 1 1 4 1
19922 0 8858 1159 1159 8945 8934
15795 6 39521 2719 2719 2608 2608
840 8 19493 25 13 5 3
840 8 36647 226 213 5 5
840 6 30428 10814 10801 14277 14277
26662 0 7523 56 56 40 37
26756 0 9311 649 649 1094 1083
12636 1 24788 6 2 1 1
20784 1 387 26627 26626 20541 20541
387 1 20784 20541 20541 26627 26626
12153 3 19756 1 1 1 1
13239 0 284 1 1 274 51
34758 0 284 1 1 234 15
35142 0 284 1 1 221 7
33324 0 284 1 1 238 18
24884 0 284 2 2 351 126
39131 0 284 1 1 276 52
26984 1 38840 2 1 1 1
9435 1 13227 3 1 9 1
5449 0 9435 96 96 1959 1958
31592 1 13227 1 1 6 1
23798 1 23297 23726 23723 32610 32609
21935 1 23297 2 1 1 1
4425 0 9880 1 1 34 25
17011 3 17169 2 1 3 1
7442 1 23836 3 1 3 1
7442 0 12505 2295 2295 10377 10369
23836 1 3274 1 1 2 1
17432 1 30826 1 1 1 1
11988 4 31236 6701 6700 8522 8522
31236 4 34496 66 65 1 1
1444 0 9048 626 626 571 555
5768 0 1444 20536 20536 33627 33591
39440 0 1444 3766 3766 11434 11399
20898 0 9048 2723 2723 14532 14511
2408 0 9048 26 26 327 312
33742 0 9048 36 36 3508 3491
38351 0 9048 1251 1251 14038 14018
6375 1 8324 2 1 1 1
37317 0 6230 19462 19462 18712 18711
10713 4 2207 28 23 11 11
40786 0 1672 11526 11526 37163 37127
40892 0 1672 4639 4639 36495 36460
28472 5 10737 477 477 31994 31991
10737 6 27038 20245 20241 14203 14203
21537 0 1027 1 1 209 56
35194 0 1027 1 1 182 30
39579 4 25695 34754 34754 12184 12184
12699 0 2137 65 65 3046 3034
27906 0 19986 1434 1434 6406 6403
19986 1 16852 2 1 3 1
30297 1 3771 2 1 3 1
39950 0 2362 1 1 67 65
16469 0 178 2 1 138 126
34721 0 178 2 1 123 112
9225 0 178 16220 16220 21643 21630
31063 0 2110 2 2 477 287
38241 0 2110 2 2 648 455
31237 0 2110 1 1 202 17
5590 0 2110 8 8 884 690
7272 1 33016 1 1 4 2
17837 0 7272 10 10 40 39
36109 1 33016 1 1 1 1
33016 1 33015 2 1 1 1
39272 0 12035 1 1 27 18
11022 6 27914 3120 3113 36 36
40787 0 5243 14090 14090 36690 36685
3741 1 18271 1 1 1 1
40788 2 593 48 48 35226 35200
27944 2 593 245 244 18742 18718
9102 2 593 474 472 22477 22452
40548 0 16045 2858 2857 5002 5001
758 1 10360 3 1 6 1
10360 1 10359 3 1 1 1
3223 0 3161 16 16 64 28
5881 1 18355 2 1 1 1
38969 0 16196 39239 39239 37397 37397
29347 0 1461 1395 1395 16026 16013
1650 1 16394 40122 40114 27293 27293
1650 1 16302 7 1 1 1
40174 1 1650 3153 3153 33693 33686
9952 1 37466 8 1 1 1
2245 0 2918 6045 6045 19029 18950
2245 1 2244 3 1 4 1
14233 0 2918 1081 1081 13309 13231
1079 0 2918 2043 2043 7042 6965
32727 1 24872 2 1 2 1
39701 0 5987 12076 12076 34453 34453
15176 1 18854 5 1 3 1
18854 0 7016 31946 31946 28393 28391
24327 0 3027 363 363 8572 8520
14366 0 24327 10703 10703 3008 3008
23190 1 13002 2 1 5 1
5729 1 20226 1 1 2 1
20226 0 13887 21 21 1234 1229
8274 1 8999 2 1 5 1
18181 1 8274 3 1 3 1
9428 1 8999 2 1 3 1
8511 1 31347 2 1 1 1
21811 0 278 1 1 354 174
33666 0 278 1 1 184 9
21874 0 278 4 4 389 208
29143 0 278 1 1 188 12
18106 0 278 1 1 179 8
39291 0 278 1 1 182 8
37756 0 278 1 1 279 100
511 0 15897 2626 2626 1340 1337
15736 0 1677 3006 3006 16364 16306
829 0 1677 1 1 67 13
27621 0 1677 324 324 17835 17776
29445 1 1550 2 1 4 1
18936 4 39578 82 81 9 9
34932 2 14540 2 1 20 16
647 1 6311 2 1 1 1
33210 6 17250 30229 30229 16648 16647
9637 5 1981 104 104 20096 20041
21619 5 1981 11 11 4625 4573
11643 3 3908 2180 2179 85 85
30998 1 7774 2 1 2 1
30998 1 2447 1 1 1 1
16669 2 916 2 1 173 34
8577 2 916 2 1 211 70
18018 2 916 2 1 487 343
35944 2 916 2 1 760 613
9258 2 916 2 1 577 432
34189 2 916 2 1 185 45
21737 0 2589 21862 21862 23428 23410
40303 0 2589 12541 12541 20855 20838
3167 1 6502 5 1 4 1
17014 2 3167 2 1 125 104
7204 1 3167 3 1 4 1
32383 0 427 1 1 71 5
13521 0 427 1 1 101 31
11437 0 427 15 15 798 726
16023 0 4958 33 33 1290 1288
5777 4 4318 17 3 2 1
5144 4 4318 21 18 4 2
4318 6 27523 687 683 27 27
19086 6 12484 25 21 20 17
12201 4 22304 323 317 15 15
10786 1 14577 3 1 3 1
20175 0 7143 22723 22723 33399 33393
1205 1 23424 2 1 2 1
35226 0 37189 1218 1216 2781 2779
19169 1 25362 2 1 2 1
14940 1 12227 2 1 3 1
12227 1 13800 2 1 3 1
2813 0 3170 4403 4403 19560 19560
3170 1 3169 4 1 1 1
35238 1 8601 1 1 2 1
36661 1 39486 2 1 1 1
17745 5 774 91 91 20048 19909
17745 2 1137 489 489 35522 35415
37417 5 774 1 1 1161 1025
29963 5 774 1 1 226 94
40735 5 774 101 101 38391 38251
23613 4 28865 9698 9694 5 5
24660 4 23613 294 291 519 519
6782 5 5167 94 94 30404 30384
34227 5 5167 73 73 26802 26783
5167 6 27267 25171 25170 6469 6469
40789 0 25921 38602 38602 40615 40615
18492 6 36549 2861 2860 58 58
864 1 14562 1 1 1 1
32699 0 14562 1035 1035 8713 8702
4521 1 25708 4 1 2 1
10559 1 10558 1 1 1 1
3083 0 26431 455 455 2441 2436
5974 0 9758 100 100 377 358
4522 0 9758 115 115 162 144
12683 0 9758 8287 8287 21900 21878
19 0 29519 10748 10748 8679 8677
38094 4 40790 40102 40102 14285 14285
36200 0 5055 20747 20746 20034 20034
204 1 3048 6 1 1 1
32488 1 204 1 1 5 1
40791 0 11084 6228 6228 36147 36129
33754 1 5275 1 1 2 1
32 4 32392 82 66 4 4
32 4 24489 211 194 2 2
12319 4 14836 76 71 25 25
27811 2 10916 40 39 15746 15741
30475 0 10916 731 731 865 865
15792 0 3763 20958 20958 12726 12721
8019 1 30805 5 1 2 1
2949 1 8019 4 1 3 1
30805 1 16646 39 37 113 109
35060 0 5892 11156 11156 29737 29729
11125 4 10606 18546 18546 10678 10678
25276 1 3926 1 1 5 1
13830 1 6490 26413 26407 7761 7761
13830 1 7308 4 1 1 1
6490 1 13830 7761 7761 26413 26407
1366 0 29 4 3 11 4
29 1 11186 2 1 2 1
6226 1 29 1 1 3 1
19987 4 11397 216 214 323 323
4506 1 9454 4 1 3 1
6037 0 39187 18158 18158 10667 10665
39187 0 11100 23545 23545 28635 28618
2381 2 12273 1 1 52 3
7324 2 12273 1 1 50 2
6513 0 650 330 330 1346 1305
37308 0 650 35437 35437 40548 40506
40792 0 9525 7512 7512 39095 39091
30839 1 10851 1 1 1 1
21181 5 232 39 38 4804 4795
11205 5 232 22 22 11049 11039
24984 0 232 138 138 1872 1866
38752 0 728 2163 2163 21164 21157
8716 6 31315 2769 2769 10647 10647
24013 1 23715 3 1 3 1
36734 5 985 5 5 7783 7716
7458 5 985 15 15 6645 6579
12641 0 39 9 9 1118 913
7396 0 39 5 5 241 41
21862 0 39 2 2 206 10
21561 0 39 149 149 4186 3978
13466 0 39 2 2 224 25
17532 0 39 3 3 258 57
18621 0 39 1 1 222 24
1398 0 19101 5021 5021 10296 10294
13758 1 29291 2 1 4 1
4555 0 1115 3581 3581 6093 6084
39750 6 18050 4403 4403 8663 8662
11789 1 24319 11604 11604 24635 24634
24319 1 11789 24635 24634 11604 11604
7072 1 9237 4 1 1 1
13503 1 7072 2 1 5 1
25660 5 4520 434 434 33403 33399
38151 0 7155 242 242 8972 8967
4453 6 7580 34321 34315 2428 2428
7580 0 34614 28471 28471 38335 38334
26183 0 11186 7015 7015 28057 28054
35764 0 14617 33172 33172 39628 39627
4608 0 3699 443 443 1492 1473
40827 0 3699 2272 2272 32212 32191
8852 0 7403 533 533 3413 3408
8176 1 8852 3 1 1 1
193 6 27058 174 121 16 16
193 6 11869 152 100 24 24
193 6 18878 3294 3240 5 5
19842 4 22836 3794 3789 3722 3722
21930 1 21045 1 1 3 1
21930 0 12252 3432 3432 1946 1940
5745 1 14074 2 1 2 1
26613 1 9037 2 1 3 1
9037 0 3099 32157 32157 27231 27230
7396 4 28775 110 95 6 6
24578 3 23111 4 1 2 2
21061 1 25626 1 1 1 1
24011 0 12474 29617 29617 34330 34328
13829 1 16710 2 1 1 1
4185 1 13829 2 1 3 1
13829 3 25284 3 1 3 1
12211 0 6042 285 285 9059 9048
13978 1 2276 1 1 3 1
39294 4 26572 20592 20592 27463 27463
33294 0 3229 2347 2347 26466 26456
8108 0 3229 147 147 9186 9177
3229 1 22044 4 1 3 1
6633 7 40129 23869 23858 4 4
6633 7 12050 4967 4957 1 1
16200 0 1852 25 25 218 171
16201 1 16200 2 1 3 1
19710 6 10760 197 196 85 80
32734 1 3419 1 1 3 1
4779 1 14955 2 1 2 1
3716 1 1998 1 1 4 1
40577 0 3716 4416 4416 37961 37947
31620 0 3716 548 548 690 678
28941 0 3716 1009 1009 11142 11129
17519 0 3716 5 5 39 29
9620 0 3716 5 5 194 183
2915 1 12159 2 1 4 1
522 1 21041 4 1 3 1
522 1 13953 2 1 5 1
522 0 16646 18104 18104 3552 3552
32701 0 522 4 4 410 398
31153 0 36722 1010 1010 3881 3879
36722 0 1474 12009 12009 22736 22722
7592 1 9560 4 1 1 1
2035 1 8589 5 1 4 1
25494 1 8589 1 1 3 1
4666 1 4665 4 1 2 1
4665 0 6717 15277 15277 26999 26997
6144 1 19664 1 1 3 1
28456 2 1773 2 2 78 40
28456 6 22320 782 780 37 37
5443 2 1773 4 4 187 148
18213 1 18982 2 1 1 1
18716 0 37537 21761 21761 12896 12894
6882 9 10563 1 1 1 1
40794 0 32275 20422 20422 39623 39622
19296 1 6611 2 1 1 1
16065 0 36140 18 18 56 53
40829 0 16065 22803 22803 40234 40233
32071 1 23898 1 1 2 1
37285 0 184 1 1 323 24
39009 0 184 103 103 5056 4753
3395 0 184 1 1 282 4
32164 0 184 1 1 301 9
34310 0 184 1 1 249 3
39279 0 184 1 1 303 10
11281 0 184 1 1 288 4
30773 0 184 1 1 304 10
15734 0 184 1 1 319 21
5209 0 184 8 8 594 293
16507 0 184 1 1 305 10
40030 0 184 1 1 241 3
1190 6 31657 54 42 2 2
1190 6 39319 63 50 4 4
17492 1 20700 3 1 1 1
16074 0 18268 1 1 8 3
21289 0 18268 1 1 35 29
14746 1 23603 5640 5639 6965 6963
7078 6 36019 19431 19431 8844 8844
7486 0 7078 2935 2935 4871 4863
4225 1 13633 6 1 4 1
4225 1 11780 5 1 2 1
754 1 2375 2 1 2 1
1823 7 36030 33201 33200 2042 2041
6054 0 4123 9561 9561 30852 30817
6054 3 1296 3660 3658 370 370
3215 0 7911 1 1 33 30
6678 1 7911 1 1 3 1
16802 1 8850 1 1 1 1
1076 1 1075 4 2 1 1
1076 1 27277 10 2 1 1
18470 1 18469 1 1 1 1
7673 1 10866 2 1 1 1
7673 1 8629 1 1 1 1
8644 1 14101 4 1 1 1
493 0 1629 13030 13030 19882 19870
2736 4 26470 63 17 3 3
2736 4 34726 68 21 1 1
2736 4 35146 12377 12329 591 591
2736 4 33515 56 12 2 2
35179 0 19119 14684 14684 33351 33350
13379 4 19119 14114 14111 5476 5476
28508 2 3843 11 9 1034 1006
40099 2 3843 153 152 33833 33804
9537 1 3843 1 1 5 1
25746 0 11870 9828 9828 15063 15063
26637 6 24424 17384 17384 31439 31439
15305 5 2978 52 52 4283 4215
10135 5 2978 43 43 21898 21828
14631 0 3275 2389 2389 4347 4341
1043 1 14631 2 1 1 1
39736 1 21554 1 1 2 1
39736 0 4427 5 5 640 618
8260 0 7895 141 141 181 177
16624 0 8260 16884 16884 17434 17432
36792 1 37816 1 1 1 1
40796 2 3317 21 21 35518 35485
11856 1 2643 1 1 1 1
8104 1 4274 4 1 1 1
8104 1 12438 3 1 1 1
9749 1 13574 3 1 2 1
40797 0 19420 5165 5165 32791 32789
24056 0 9777 33734 33734 34591 34590
12866 6 7036 8717 8717 9458 9458
19409 4 36350 22179 22179 25740 25740
28857 0 706 1 1 69 56
19163 0 18538 176 176 5730 5727
16614 1 25570 4 1 1 1
16614 1 8351 3 1 1 1
24052 1 24051 1 1 1 1
29706 4 499 10139 10139 6297 6297
34810 0 17502 26416 26416 19460 19460
40798 0 38876 26130 26130 37490 37490
26283 6 40443 38983 38983 26787 26787
32794 0 18895 18869 18869 38036 38028
3034 2 1137 1 1 104 5
19442 2 1137 1 1 69 1
26122 4 31544 54 48 2 2
17880 1 20417 1 1 2 1
3499 1 20417 2 1 1 1
20434 0 21190 10011 10011 25640 25639
13327 6 22210 11755 11755 11601 11601
40799 0 5636 26558 26558 39661 39661
14768 6 24252 7 6 10 8
9578 0 473 2821 2821 22733 22730
20196 1 21248 1 1 2 1
21248 9 11908 2 1 1 1
6765 1 27335 2 1 2 1
37410 0 27335 10929 10929 24849 24848
12725 1 21889 1 1 1 1
19754 0 4059 1333 1333 1933 1930
9461 4 12081 2 1 2 1
8574 0 5381 350 350 2133 2122
8574 1 8573 3 1 2 1
29585 1 8574 2 1 4 1
13699 0 5381 2893 2893 19091 19079
36608 0 123 5634 5634 32385 32376
24094 0 123 11538 11538 24956 24948
516 0 292 2 2 281 37
31393 0 292 1 1 241 7
14242 0 292 1 1 331 83
33413 0 292 386 386 15126 14874
15177 0 292 1 1 316 69
39499 0 292 1 1 242 7
13524 0 292 1 1 252 14
31996 0 292 1 1 257 17
26845 0 292 1 1 267 25
14814 0 292 1 1 256 17
13283 1 2720 3 1 3 1
2720 1 5598 2 1 4 1
34387 1 26855 1 1 1 1
26856 1 26855 1 1 2 1
37173 4 10091 27983 27983 6069 6069
19951 0 20010 24917 24916 32254 32247
40800 0 28344 6555 6555 39516 39515
24652 0 26678 2520 2520 9118 9114
27632 0 31556 26117 26117 27229 27227
8336 6 2824 4240 4240 2840 2840
14255 1 19144 2 1 3 1
20014 0 14262 29 29 2224 2219
40801 0 16573 27758 27758 40447 40443
2360 1 4933 2 1 3 1
40802 0 39415 35714 35714 40540 40540
30541 0 22903 4119 4119 8581 8580
20618 1 9942 3 1 3 1
38150 0 712 36224 36224 31315 31310
25109 0 7757 34246 34246 37791 37789
40803 0 5646 465 465 35690 35686
1003 1 5646 3 1 4 1
35081 1 28378 1 1 1 1
11590 1 29649 2 1 1 1
39026 0 29817 24946 24946 37252 37250
13903 6 32368 11385 11381 3655 3655
30745 1 37402 1 1 1 1
10159 1 38458 4 1 1 1
27696 1 6690 1 1 6 1
28744 1 6690 1 1 9 1
20852 1 6690 1 1 10 1
40885 0 6690 2675 2675 37815 37807
16732 0 10532 4456 4456 5908 5903
6916 0 19429 11283 11283 12798 12798
10276 1 9887 3 1 3 1
4800 1 9900 2 1 3 1
19570 1 4800 2 1 1 1
17182 1 2190 1 1 1 1
4461 0 19310 10546 10546 23631 23623
1046 7 18091 30802 30681 9 9
1046 7 18788 2943 2829 2 2
1046 7 39181 9138 9021 1 1
37226 0 11964 1858 1858 17103 17101
11632 9 24469 2 1 1 1
40699 0 12729 8155 8155 38238 38223
14428 0 772 4452 4452 7595 7585
19055 0 772 546 546 7422 7413
40710 0 31312 12929 12929 37949 37947
11686 1 5336 1 1 1 1
30852 1 3198 1 1 2 1
29243 0 26808 25324 25324 15108 15108
21449 0 12858 160 160 2411 2407
12857 1 21449 5 1 2 1
3233 1 4145 1 1 3 1
19055 1 19054 1 1 1 1
8310 6 12531 66 57 6 4
7557 1 7633 2 1 2 1
17844 0 7120 11628 11628 23744 23741
1269 1 11040 1 1 3 1
11040 1 14848 5 1 3 1
26676 0 8201 2393 2393 3256 3243
28241 1 7436 1 1 3 1
18458 9 31641 1 1 2 1
31641 3 37842 9106 9105 1189 1189
25873 0 2795 18686 18686 22179 22178
17430 1 14006 2 1 3 1
13991 0 6823 2 2 12 6
19570 1 23428 3 1 3 1
8288 4 37118 86 84 41 41
40805 0 33924 12796 12796 39326 39325
25230 0 6253 3191 3191 7636 7631
15292 3 10198 1 1 1 1
39489 0 11666 2115 2115 23306 23288
39489 1 15557 1 1 3 1
37831 2 11666 7407 7407 27164 27164
15516 1 12820 2 1 3 1
34071 1 12820 1 1 1 1
4175 4 8602 5761 5755 24 24
24042 1 5537 1 1 1 1
19211 0 4744 37943 37943 40383 40380
31371 0 7474 25178 25178 38033 38026
27812 0 7474 27802 27802 38641 38633
28947 4 15200 68 68 4 4
18660 6 21000 97 97 56 56
15472 0 25385 1039 1039 2190 2187
12507 0 13404 7314 7314 5577 5572
26342 1 17895 3 1 1 1
2152 1 8496 1 1 1 1
39760 0 574 1 1 59 16
40877 0 574 6236 6236 38458 38412
35412 5 11510 2 2 3018 2999
2085 6 10383 9 3 3 3
14202 1 14201 1 1 5 1
1043 1 20085 4 1 1 1
40806 0 6850 68 68 30325 30300
40503 0 9914 11340 11340 36217 36215
14770 1 14307 1 1 2 1
32716 1 17183 1 1 1 1
35390 1 3256 1 1 2 1
4482 4 9719 1208 1204 41 41
20428 0 3527 14185 14185 35962 35945
3527 6 20663 14 14 7 7
30409 2 35441 39807 39807 39997 39997
11083 1 5302 1 1 2 1
23196 1 10129 1 1 4 1
1066 1 29752 3 1 1 1
40807 0 3538 2884 2884 39513 39500
22793 0 3538 17 17 64 52
6768 6 24640 31991 31987 17939 17937
6768 6 10205 21170 21167 5409 5409
2869 1 15125 1 1 1 1
29302 0 15125 34808 34808 34090 34088
9588 0 1406 32212 32212 39880 39869
18159 0 17493 4044 4044 11506 11500
21497 1 33875 4 1 1 1
20938 1 22485 2 1 2 1
13056 6 39139 33436 33434 13201 13201
23942 0 26928 4543 4543 4298 4295
28004 0 6478 9565 9565 30489 30487
4747 0 22951 1 1 10 6
20860 5 2566 1 1 2530 2514
7590 5 2566 1 1 3603 3586
20768 0 17402 7077 7077 8872 8870
35193 1 20768 1 1 2 1
8572 0 5856 2570 2570 8615 8590
17370 0 5856 3238 3238 27230 27203
31972 0 5856 35100 35100 39910 39882
17380 1 15779 2 1 2 1
27964 0 16186 21664 21664 25549 25543
15981 0 1328 2 2 48 35
26071 1 9303 2 1 4 1
9303 9 21981 1 1 1 1
38768 0 29318 10483 10483 28477 28473
36229 0 18254 125 125 4143 4126
1019 4 596 41 21 2 2
1019 4 8780 50 27 1 1
23239 1 15927 4 1 2 1
30477 1 23239 2 1 1 1
21996 6 20017 14539 14537 9412 9412
21996 6 11995 24373 24370 31845 31845
25766 0 22616 2478 2478 8781 8778
9455 0 23399 9683 9683 26596 26590
23000 6 39446 6239 6239 1620 1620
122 1 7516 6 1 6 1
11412 1 19152 1 1 1 1
8803 1 27429 2 1 1 1
15261 0 14295 33837 33837 32900 32899
25268 4 21905 24 22 1 1
15504 1 8591 4 1 3 1
8591 1 16989 1 1 1 1
15601 10 15600 1 1 1 1
31927 1 15601 1 1 1 1
34363 5 8522 22638 22638 33650 33650
33641 0 19894 10883 10883 17512 17511
33826 1 19127 1 1 2 1
39523 0 2723 2136 2136 24483 24445
39523 1 21345 1 1 2 1
7540 0 2723 13557 13557 17185 17148
4541 0 2723 73 73 194 159
28671 0 7444 25909 25908 32774 32771
40808 0 40809 40476 40476 40499 40499
26933 0 1475 6245 6245 7679 7659
35848 0 18654 52 52 2314 2309
19162 0 18654 1 1 84 80
29185 6 40731 40427 40426 14608 14608
3467 1 3466 3 1 2 1
15345 5 4450 292 292 21351 21346
7117 1 7049 1 1 3 1
32624 6 26608 15290 15289 2925 2925
2269 1 2268 3 1 3 1
30613 0 6961 1 1 5 3
2956 4 29945 194 190 4 4
40706 0 10059 3798 3798 37262 37259
3866 4 38485 292 285 12 12
3866 4 24189 39626 39618 36838 36838
9119 0 21826 35419 35419 37323 37323
18389 3 999 39484 39482 38313 38311
999 3 18389 38313 38311 39484 39482
35808 1 32154 30500 30500 29924 29924
37756 4 40810 40301 40301 15667 15667
20583 1 27612 1 1 1 1
1020 0 3141 1 1 53 3
28305 0 3141 1 1 51 2
6564 0 11337 32191 32191 38228 38227
23511 0 15656 11 11 50 24
5394 1 2601 1 1 2 1
19679 0 5394 15621 15621 20917 20910
2004 1 24164 6 1 1 1
2004 0 30642 31831 31831 12488 12487
25774 1 12289 4 1 5 1
24676 0 24224 39079 39079 37343 37342
23848 1 8714 2 1 5 1
17814 4 3175 34280 34279 8221 8221
17465 1 17464 2 1 1 1
22570 1 22569 1 1 2 1
6630 0 4722 56 56 57 49
1142 0 4722 978 978 656 647
23700 1 24343 2 1 1 1
9573 6 3123 5169 5169 10209 10187
15354 6 3123 17345 17345 19978 19954
14853 6 3123 354 353 682 661
6067 1 28605 1 1 1 1
8474 4 17327 30237 30237 23079 23079
30941 1 3753 3 1 4 1
30941 1 33174 2 1 2 1
11546 0 4442 1448 1448 15661 15627
6865 4 2298 223 219 144 144
1021 1 207 4 1 4 1
2872 0 17555 11579 11578 9802 9796
268 0 17555 14837 14837 12126 12119
40811 0 2664 2256 2256 36553 36537
40871 0 2664 5781 5781 38587 38570
2664 0 2624 12941 12941 8881 8874
35435 0 12605 24 24 1210 1207
29862 1 29861 1 1 2 1
31789 0 494 2686 2686 23938 23926
22923 0 28916 27 27 8 7
27985 1 27484 1 1 1 1
29410 0 16944 568 568 3954 3950
11888 0 36918 28970 28970 22586 22584
37558 2 741 1 1 233 187
28640 2 741 1 1 48 5
9021 2 741 1 1 59 15
22157 3 1791 2 1 3 1
22158 3 1791 3 1 4 1
8471 1 6302 2 1 1 1
32069 0 19823 5837 5837 16000 15998
38790 0 13 4505 4505 28564 28550
19437 1 22294 2 1 2 1
25022 1 32013 1 1 1 1
39553 0 4628 102 102 3678 3669
40833 0 4628 17477 17477 38130 38120
11144 1 2617 1 1 1 1
38399 1 1022 1 1 7 3
10536 1 36694 1 1 1 1
40178 1 1578 547 547 5277 5275
40864 0 1578 9283 9283 39295 39289
22410 1 37961 3 1 1 1
15647 4 32971 2142 2142 222 222
1708 0 8438 39733 39733 32307 32306
6124 1 5907 2 1 6 1
8270 1 6124 6 1 3 1
5826 1 10722 2 1 1 1
21697 0 2070 17221 17221 28741 28741
6530 1 22543 3 1 2 1
5932 1 21935 6 1 1 1
28875 3 5192 2 1 2 1
28676 3 28875 4 1 1 1
5178 1 14819 4 1 1 1
21092 0 5178 1011 1011 8728 8700
16318 0 5178 610 610 20642 20613
40918 0 5178 868 868 31123 31093
31349 1 5178 1 1 7 1
27341 1 31627 3 1 1 1
912 0 7047 28828 28828 34079 34065
739 0 912 3981 3981 2531 2520
24031 0 7047 21278 21278 25856 25843
30204 1 7047 5 1 3 1
40812 0 17281 24693 24693 37175 37175
9906 1 36905 5 1 1 1
6743 0 8355 7 7 1040 1018
1538 0 8355 1646 1646 3214 3191
35277 1 27784 1 1 1 1
5869 1 26782 2 1 1 1
40813 0 19386 27869 27869 40047 40045
38378 1 22534 1 1 5 1
31576 0 30844 20191 20191 35039 35039
10205 1 10204 3 1 2 1
11177 1 37094 3 1 1 1
7045 1 2382 1 1 2 1
21977 5 16419 61 61 3449 3442
3364 1 3363 1 1 1 1
3528 0 10834 5865 5865 18159 18156
17960 4 24312 34 30 4 4
27223 1 20426 1 1 2 1
24636 1 6535 1 1 2 1
23949 5 212 1 1 79 51
27657 5 828 3 2 402 388
1410 1 24564 1897 1897 2884 2883
3066 0 8076 1412 1412 6150 6142
18215 1 1414 1 1 5 1
10895 1 13973 6 1 1 1
3239 4 39144 128 78 3 3
3239 4 27881 81 32 1 1
3239 4 36428 141 90 2 2
18904 3 17353 2 1 2 1
7935 1 2201 4 1 3 1
17190 1 757 3 1 1 1
1415 1 32170 4 1 1 1
23786 1 2902 1 1 8 1
2029 1 18094 5 1 1 1
553 1 13871 3 1 3 1
24179 1 10508 2 1 1 1
25575 1 10508 1 1 2 1
27360 6 36837 147 147 23 23
31841 0 19545 23193 23193 33241 33240
33840 0 1754 580 580 12297 12285
40875 2 1754 544 544 38843 38837
38079 2 1754 397 396 13712 13707
40815 0 39071 16242 16242 37368 37366
29342 0 8978 140 140 2730 2714
6890 0 36281 26491 26491 8978 8978
8040 1 21358 5 1 2 1
10520 0 24854 8558 8558 1011 1011
28943 1 243 1 1 1 1
20030 0 13734 17325 17325 13139 13137
4563 0 12505 6 6 9 3
37725 0 23377 1 1 8 3
26865 1 19204 2 1 4 1
20288 6 29915 417 415 73 72
24515 2 20288 328 328 40442 40437
18855 0 2060 120 120 902 889
26308 5 18855 107 107 36926 36912
24430 0 2060 108 108 1742 1728
11475 1 13563 1067 1064 5004 5000
13563 1 11475 5004 5000 1067 1064
14231 0 7944 1425 1425 1090 1089
36007 6 17148 18698 18698 16935 16935
13350 0 29456 9965 9965 24813 24813
36696 5 9528 2 1 92 84
19256 5 9528 4 3 501 492
30889 0 33367 12471 12470 6784 6784
26734 0 2288 1565 1565 18189 18187
16979 4 35069 1077 1077 277 277
23628 0 2614 6711 6711 9220 9216
39567 0 4694 41 41 2094 2080
6695 0 32813 26745 26745 29094 29094
15469 0 6418 57 57 230 206
34418 1 25064 2 1 1 1
8727 1 8726 3 1 1 1
14189 1 23592 5 1 1 1
35545 1 14189 1 1 3 1
10877 1 11728 5 1 7 1
32814 0 4976 33 33 1963 1960
4165 3 25845 3 1 1 1
20625 1 7778 2 1 1 1
30076 0 10715 772 772 7034 7031
40816 0 14697 15256 15256 39696 39696
14697 1 31992 5 1 1 1
19191 1 27971 1 1 2 1
13842 0 11910 26251 26251 37560 37559
5985 6 10735 12 5 19 12
12732 3 28417 2 1 2 1
12732 1 26677 2 1 1 1
6204 1 6203 1 1 1 1
40817 0 19840 3949 3949 35323 35320
3387 0 19840 27339 27339 17126 17124
6550 1 2423 1 1 4 1
2423 1 24830 8 1 3 1
2924 4 30666 186 112 3 3
2924 4 2659 189 114 13 13
2924 4 29020 150 78 3 3
2924 4 36766 82 19 1 1
1379 1 25548 2 1 2 1
6265 1 1379 4 2 3 1
18135 3 294 5924 5921 5382 5382
2209 1 24141 2 1 1 1
15500 1 4546 1 1 4 1
15500 1 7996 2 1 4 2
31596 6 8773 37628 37628 26447 26447
40818 0 35587 20942 20942 39837 39837
34338 1 9890 1 1 6 1
14748 1 9890 1 1 2 1
9890 1 12054 3 1 1 1
40819 0 15962 19051 19051 37051 37050
16130 0 10326 15765 15765 33380 33378
40820 0 20319 717 717 25054 25053
11212 0 1856 1086 1086 4848 4834
14579 1 1856 1 1 1 1
28303 3 9776 1 1 3 1
9776 1 9775 3 2 1 1
561 0 5278 959 959 7341 7332
13724 4 995 2344 2343 3715 3715
154 1 153 1 1 4 1
5791 1 11553 3 1 2 1
24115 1 18755 2 1 2 1
28674 0 3041 2954 2954 15749 15742
40821 0 14864 1023 1023 34439 34434
17883 0 18836 34670 34670 39762 39759
40822 0 9367 1147 1147 34639 34616
40930 0 9367 280 280 27593 27571
7005 0 9367 214 214 4090 4070
26765 1 9367 2 1 3 1
2151 0 4180 3552 3551 7143 7141
40823 0 11638 4015 4015 35573 35556
18175 1 18573 3 1 3 1
24724 1 3969 3 1 3 1
3969 0 3582 28734 28734 32529 32501
17345 0 3969 35 35 21 17
34877 1 6582 1 1 5 1
6582 1 16956 8 1 2 1
26100 1 28248 1 1 3 1
33245 0 3980 555 555 5241 5239
4106 1 4105 2 1 1 1
584 1 28894 30826 30824 9653 9653
35143 1 33405 1 1 2 1
17003 0 479 2928 2928 14236 14226
9877 5 6166 6 6 643 607
30263 1 25760 1 1 2 1
30656 1 25760 1 1 1 1
1999 4 17069 45 38 50 50
18272 1 19427 3 1 3 1
29081 1 13187 1 1 4 1
16522 0 3780 18 18 177 141
26742 0 15839 27 27 679 676
1918 6 39340 2999 2992 98 98
11624 1 20815 2 1 3 1
13939 0 7027 33 33 4281 4275
5788 0 7027 4593 4593 3241 3236
40824 0 2657 553 553 28593 28586
1294 0 25140 27958 27958 31557 31554
21281 0 428 297 297 2674 2648
40911 0 428 843 843 29299 29272
39800 1 30816 1 1 2 1
12660 0 1095 8 7 31 20
17450 0 1095 4708 4708 5204 5192
11922 0 14898 51 51 1617 1599
23590 0 12772 9591 9591 27014 27011
3072 1 15159 5 1 4 1
24523 0 8582 21 21 524 517
188 6 29407 4 2 7 3
39603 4 27065 8669 8669 1363 1363
4691 1 14239 2 1 1 1
36188 1 4691 2 1 1 1
36501 0 4902 14045 14045 27011 27011
40022 0 6784 2 2 148 143
4121 1 17988 3 1 2 1
34845 5 10076 18 16 252 247
19999 4 35620 13 4 2 2
25642 0 31168 1681 1680 2389 2388
28192 2 3865 4 3 339 321
25039 0 2409 1 1 26 3
34598 0 2409 1 1 32 8
40825 0 22386 26663 26663 39827 39826
15804 0 10824 2 2 14 9
40826 0 30737 7843 7843 39388 39387
11678 4 24132 20582 20582 24091 24091
11178 1 14178 5 1 1 1
19319 1 11039 2 1 4 1
23526 0 9730 23590 23590 35245 35243
12960 0 23054 34231 34230 37501 37501
18237 1 14439 2 1 4 1
17375 6 39568 287 285 1 1
6955 0 2697 8 8 43 40
16533 0 2697 22 22 35 33
27268 1 11354 2 1 5 1
1968 1 1967 4 1 4 1
20914 0 1967 4 4 149 141
23271 0 7641 39021 39021 39167 39167
19684 3 19683 2 1 1 1
4983 6 33006 37120 37120 35529 35529
17534 9 12584 1 1 1 1
6871 1 18043 30994 30992 16423 16422
5628 7 18994 35552 35519 10 10
2502 1 20104 4 1 2 1
15657 0 4985 3158 3158 24381 24379
34914 1 6434 1 1 2 1
39981 0 306 1 1 21 5
21026 0 306 8 8 66 49
37154 5 9269 291 291 21574 21571
9073 1 5502 1 1 3 1
30127 0 1623 27283 27283 39041 39038
16304 0 30127 27107 27107 15505 15505
16980 1 4548 3 1 4 1
469 0 14498 24792 24792 20895 20884
9243 6 35214 36417 36413 33539 33539
36148 4 23121 34949 34948 14362 14362
3358 1 4743 9 1 3 1
9720 0 4743 182 182 722 712
40888 0 4743 3535 3535 35783 35772
2064 1 2154 1 1 1 1
22278 1 35919 1 1 1 1
36060 0 14935 1075 1075 6019 6010
27146 5 11426 13 13 11728 11718
3169 0 3813 6783 6783 15443 15425
3823 1 3813 1 1 5 1
20664 4 26988 8855 8853 593 593
6374 1 11133 3 1 3 1
33074 2 7 6 6 1291 1254
18961 2 7 1 1 27 1
17395 0 7902 22544 22544 36730 36726
22908 1 5606 3 1 3 1
10254 1 10253 2 1 1 1
40906 0 10253 2513 2513 35592 35578
14113 1 5076 1 1 4 1
36403 1 10838 1 1 2 1
14974 0 14973 5477 5477 3604 3596
14973 3 19845 21365 21363 282 282
40831 0 4593 15616 15616 37118 37118
31084 1 27014 1 1 1 1
12467 4 39860 578 573 1 1
40832 0 6630 5998 5998 39821 39817
26778 4 2803 9299 9299 7686 7686
3765 1 28497 2 1 1 1
20691 1 4936 1 1 2 1
7886 0 12463 440 440 5876 5870
14999 4 31316 23351 23351 10496 10496
22172 0 11068 10 10 1004 991
454 3 16514 3 1 3 1
3025 1 16514 2 1 2 1
29578 0 15788 26950 26950 40447 40446
23802 0 21987 2922 2922 3920 3917
21987 0 20963 111 111 239 238
11759 2 10987 7 7 115 114
38689 0 12894 2629 2629 9412 9402
40834 0 14087 27208 27208 40421 40421
14853 1 5935 1 1 2 1
4044 4 31152 3403 3403 2154 2154
29372 0 24630 107 107 4365 4360
24630 0 22399 2207 2207 657 656
19479 5 4701 25 25 14302 14280
8240 5 4701 48 48 16560 16537
33163 5 4554 2 1 10 3
29553 1 26733 1 1 1 1
29553 0 8837 15142 15142 24316 24314
6792 1 14058 1 1 2 1
21282 0 15062 2536 2536 5445 5445
23036 4 36472 5508 5502 285 285
5783 4 23036 34 25 10 10
40835 0 40836 40684 40684 40848 40848
18778 6 32930 7515 7514 2203 2203
18778 0 5314 2009 2009 12575 12548
24621 2 17930 4 1 10 2
27989 2 17930 3 1 13 3
26041 0 4289 40166 40166 40680 40680
16899 4 24507 5590 5590 6553 6553
14917 3 17826 2 1 2 1
30990 9 28312 1 1 1 1
8980 1 3552 2 1 2 1
33079 0 3582 795 795 18025 17999
16497 1 26305 4 1 1 1
26368 1 8799 1 1 1 1
4480 1 32602 5 1 1 1
35059 0 27412 7634 7634 6669 6666
2645 4 29221 597 589 126 126
23462 0 5675 13001 13001 18702 18693
40853 0 23462 5722 5722 34371 34366
25133 5 5012 17 16 80 74
14927 4 5288 18085 18081 7924 7924
11058 2 6577 9 9 23158 23103
60 2 6577 3 3 1709 1657
7534 9 18226 2 1 1 1
10204 1 10208 1 1 1 1
5031 1 28475 1 1 3 1
15312 0 12860 3420 3420 662 662
21401 1 1933 1 1 8 1
12469 1 1992 3 1 1 1
18451 5 1238 2 1 38 31
37552 0 2655 1 1 7 3
2655 0 9806 13267 13267 14212 14206
40284 0 6614 52 52 6145 6122
3130 1 27019 2 1 1 1
23982 0 37653 7378 7378 14125 14123
20447 1 9918 3 1 2 1
15028 1 16314 4 1 4 1
15028 1 5116 2 1 3 1
40628 0 33021 37560 37559 39872 39872
3648 1 3647 1 1 4 1
19317 0 1107 6303 6303 23155 23145
830 1 21753 2 1 1 1
8270 1 9886 7 1 3 1
14780 1 6419 2 1 1 1
40837 0 15224 733 733 28943 28931
7188 0 11737 457 457 1814 1804
10277 1 32396 1 1 2 1
10277 1 2951 2 1 5 1
15054 1 2951 6 1 4 1
25047 0 19223 5841 5841 11663 11663
23871 0 918 714 714 9165 9158
40840 0 918 6511 6511 37063 37055
8168 0 13192 12820 12820 20382 20382
10293 1 12214 1 1 2 1
23642 0 26543 2932 2932 7834 7834
26543 1 12312 3 1 4 1
4913 4 20284 50 19 3 3
3331 5 16655 3410 3410 13853 13851
3331 1 35484 3 1 1 1
16739 1 16646 1 1 2 1
6726 1 5782 2 1 1 1
6726 3 6725 206 204 2 2
11335 1 6726 1 1 3 1
5491 1 1201 1 1 1 1
6549 1 14425 2 1 2 1
5544 1 3327 2 1 3 1
3403 1 6328 1 1 2 1
7229 4 37460 34266 34249 37088 37088
20544 1 28902 2 1 2 1
3291 1 20544 2 1 1 1
530 1 21170 2 1 1 1
9371 1 9370 2 1 3 1
26061 0 9371 731 731 6762 6759
9371 0 5623 4526 4526 699 697
21518 1 29527 1 1 3 1
35181 0 21518 7564 7564 8255 8252
36581 0 16397 11346 11345 19860 19860
3972 7 37089 39506 39427 10 10
8883 0 5790 3348 3348 16508 16508
38389 0 7334 689 689 6827 6825
27814 0 9178 26 26 337 335
10855 1 19155 1 1 2 1
10855 1 31116 40488 40487 38264 38263
1431 4 27265 108 93 87 87
27563 1 35599 1 1 1 1
1193 4 39361 25 14 1 1
39975 0 7068 158 158 3254 3246
3855 0 3909 671 671 562 555
28703 0 3909 104 104 13813 13805
11573 1 13583 2 1 4 1
40841 0 16266 1779 1779 33437 33414
2434 0 16266 2 1 29 8
40842 0 67 2103 2103 34527 34518
1154 0 18959 26387 26387 19523 19521
32397 0 13044 26923 26923 40031 40022
17819 1 653 1 1 1 1
37840 0 313 1 1 77 69
40843 0 3679 2176 2176 38381 38370
40843 4 5346 1591 1591 39039 39039
13988 0 168 7998 7998 13954 13949
38754 2 10661 4 3 49 46
29501 0 6358 30410 30410 36743 36741
29860 0 18587 9433 9433 8143 8143
33438 1 36858 1 1 1 1
36858 1 35629 2 1 1 1
12381 0 1474 4285 4285 24084 24069
2863 0 6499 2007 2007 3417 3416
7328 0 5714 4177 4177 3669 3668
14412 0 20621 15464 15464 15382 15381
35316 5 38173 129 127 254 253
20490 1 7847 1 1 2 1
21077 4 10657 427 426 81 81
10380 0 1964 39375 39375 40600 40598
17802 1 3847 1 1 1 1
29031 4 40721 37812 37811 4871 4871
29630 5 22311 1 1 88 84
14888 4 21122 51 42 23 23
14888 0 2518 1 1 69 2
819 1 7732 5 1 5 2
7100 4 29718 6165 6163 177 177
8077 1 7192 1 1 3 1
16136 1 39043 3 1 1 1
13225 1 15253 2 1 3 1
40844 0 6467 795 795 27437 27430
6069 0 37345 17466 17466 27799 27798
4895 0 8093 8189 8189 30376 30349
21558 1 13645 1 1 2 1
10544 6 38325 76 64 1 1
23888 0 1730 13 13 980 879
33667 0 1730 1 1 121 21
22133 0 1730 1 1 100 3
19623 0 1730 2 2 101 3
28603 4 38563 40892 40891 37100 37100
16620 1 2522 2 1 5 1
24900 3 5965 1 1 1 1
3989 4 18951 28 21 33 33
22965 1 167 4 1 3 1
35645 0 7367 22098 22098 29383 29383
36255 0 10055 1 1 9 3
1574 1 8899 6 1 3 1
21174 5 2295 58 58 16170 16070
34328 5 2295 28 28 17246 17145
28418 5 2295 110 110 34655 34552
34439 5 2295 64 64 28568 28466
40845 0 32455 5246 5246 33681 33680
35000 0 9668 2 2 459 443
32116 0 21176 7334 7334 24085 24083
23390 0 40586 34751 34751 1980 1980
40848 0 23390 2487 2487 35587 35584
19903 4 29357 140 140 360 360
35177 0 14481 36030 36030 39026 39026
12330 0 11599 1219 1219 3805 3799
3579 1 19372 2 1 3 1
9842 0 3579 20834 20834 25416 25404
22422 1 9505 2 1 5 1
15330 1 28910 2 1 1 1
22889 0 11852 15796 15796 34879 34870
29771 9 3592 1 1 1 1
25748 1 34204 1 1 1 1
1772 6 37182 20967 20963 1243 1243
15158 0 40846 40046 40046 39954 39954
40847 0 8407 12261 12261 37962 37962
35466 0 11507 1462 1462 6575 6572
12327 0 411 15969 15969 18696 18673
21952 4 9376 1139 1139 192 192
4177 6 5022 5562 5547 2367 2367
5040 0 220 43 43 447 438
20777 0 30968 18841 18841 26747 26746
17995 1 415 3 1 9 1
6540 0 6677 20865 20865 27350 27348
30360 1 7239 1 1 5 1
1226 4 33413 18489 18465 17718 17718
36259 5 860 19 19 24408 24335
30840 5 860 11 11 9694 9624
39831 1 4370 1 1 6 1
17244 1 15986 1 1 2 1
9116 4 34497 1291 1289 2 2
4771 4 11796 82 30 4 4
18918 0 15687 9496 9496 14612 14609
18918 6 31983 30182 30173 23540 23540
29544 0 6411 1847 1847 13304 13297
13258 1 515 1 1 1 1
7665 4 11919 24 20 20 20
8356 1 22637 7 1 3 1
17180 1 8356 1 1 8 1
39574 0 13157 13304 13304 18357 18354
20711 1 1090 2 1 4 1
32427 0 24062 14187 14187 20940 20939
40849 0 13412 5687 5687 39358 39353
4316 0 1500 207 207 2122 2095
29122 0 1500 4 4 375 349
29916 0 33246 36118 36118 38475 38475
33246 0 425 27 26 593 574
3714 1 3991 1 1 1 1
6702 1 4469 3 1 5 1
20629 0 10089 12674 12674 12415 12415
18423 1 20629 4 1 2 1
4855 1 19562 6 1 4 1
11423 1 4213 5 1 6 1
10241 0 10481 3043 3043 1264 1262
27097 0 10241 6 6 52 42
5125 6 35244 1459 1459 130 130
10842 1 11135 2 1 1 1
3451 1 3450 1 1 2 1
3450 1 6752 6 1 2 1
26219 0 15966 669 669 9663 9660
20729 0 30962 37315 37315 27845 27845
31196 0 30962 34052 34052 30594 30593
36881 0 119 550 550 6420 6382
119 0 2748 559 558 637 627
2323 1 23181 1 1 1 1
14339 9 16095 2 1 1 1
32957 0 5195 620 620 6833 6827
32623 1 5195 2 1 4 1
32917 0 9489 1296 1296 11204 11200
40688 0 3489 2178 2178 35574 35513
13220 2 6815 7 6 49 45
5097 1 27076 3 1 1 1
17030 1 2573 1 1 5 1
2573 1 9486 4 1 2 1
37807 1 30144 1 1 1 1
2521 1 38597 4 1 1 1
6946 1 8731 2 1 2 1
9873 9 35523 1 1 1 1
1071 6 14854 40941 40935 38644 38644
3398 4 14735 38 21 1 1
5855 1 7329 4 1 3 1
3929 1 27247 8 1 1 1
16292 1 29803 1 1 1 1
6578 0 5973 795 795 218 215
40850 0 1543 422 422 26842 26785
37429 1 32885 1 1 1 1
5932 1 5931 7 1 1 1
14336 1 2808 1 1 3 1
23816 0 13145 2 2 34 34
16675 0 11522 4916 4916 9580 9580
40851 0 14187 2803 2803 35885 35881
10755 4 22444 3377 3376 2666 2666
11129 1 13730 4 1 5 1
25343 1 13730 1 1 4 1
8639 0 3289 18 18 642 619
3289 6 36920 1164 1147 153 153
8776 1 1347 2 1 4 1
1347 1 4276 3 1 3 1
39300 0 1590 511 511 2990 2967
37068 1 22654 1 1 1 1
1801 1 21363 2 1 1 1
31983 0 35119 38243 38243 40519 40518
31983 6 2119 25883 25881 4286 4286
19488 0 3006 4156 4156 31072 31062
19488 1 38649 37278 37278 36097 36097
40852 0 6747 16803 16803 39136 39134
28133 0 18038 1090 1090 4052 4049
8634 9 19910 1 1 1 1
11304 0 19910 1399 1399 6162 6161
20413 0 1973 8307 8307 9843 9788
26353 1 4814 8 7 12 8
22355 0 11595 17184 17184 21393 21387
1588 1 19716 2 1 2 1
11612 1 21343 2 1 1 1
5569 1 10107 5 1 6 1
5923 1 5569 1 1 2 1
24840 0 14776 10967 10967 6677 6677
24031 4 32273 7446 7446 445 445
12006 1 23328 2 1 1 1
15403 4 40478 2013 2013 111 111
16346 0 16005 32992 32992 21915 21913
7668 1 35530 3 1 1 1
9434 4 40717 40279 40276 3029 3029
22914 1 3088 2 1 2 1
2945 9 2944 1 1 1 1
24743 1 24742 1 1 2 1
31284 1 19047 1 1 1 1
1664 1 16927 3 1 2 1
40307 0 4362 2 2 71 64
29218 1 4362 1 1 1 1
4362 0 8787 23 23 8 1
17040 8 37417 491 490 50 50
39206 0 12650 1 1 29 9
29976 5 5742 1 1 275 254
15635 5 5742 5 5 1940 1917
903 5 5742 3 3 690 668
17663 4 9378 1490 1486 1278 1278
20364 1 26993 1 1 1 1
27150 0 3232 2551 2551 7681 7674
40854 0 14981 5180 5180 38094 38090
40855 0 25028 31762 31762 39399 39399
40678 5 5841 125 125 39472 39459
26893 3 11921 30870 30868 227 227
38438 0 24102 262 262 1909 1905
22467 0 22049 2 2 8 5
15542 0 22049 10196 10196 30969 30965
40856 0 8153 142 142 29075 29057
36147 0 8153 29415 29415 39357 39338
10925 1 8153 3 1 3 1
34372 4 36708 134 134 12 12
7489 6 35302 186 181 31 30
9267 0 1292 1423 1423 4225 4220
5975 0 8327 20978 20978 23118 23109
112 6 23406 50 5 7 7
6559 1 18773 1 1 3 1
13687 1 7279 1 1 3 1
37981 0 904 3 3 206 195
15563 1 17861 3 1 4 1
24736 1 14901 1 1 1 1
7506 1 27215 3 1 1 1
28486 1 28485 1 1 1 1
22848 1 33665 1 1 1 1
15952 0 3163 3 3 104 64
9298 0 3163 1 1 42 4
28717 0 3163 1 1 55 16
17876 3 17875 1 1 1 1
22196 1 22195 1 1 1 1
13637 1 27685 4 1 1 1
10125 4 13911 39233 39231 21337 21337
4146 0 37135 18420 18420 14967 14965
31487 4 8818 141 141 25 25
36976 0 4550 3333 3333 20599 20501
24513 0 4550 1 1 100 6
27936 0 4550 3 3 1117 1020
12322 0 4550 1 1 101 6
40857 0 2021 8577 8577 38001 37947
27575 0 6658 73 73 8139 8127
19537 9 28961 1 1 1 1
1070 0 17546 1720 1720 4144 4140
9755 1 9754 1 1 3 1
769 1 9754 1 1 1 1
40381 0 34906 294 294 4683 4683
15427 0 134 970 970 9940 9926
134 1 2633 4 1 1 1
1511 0 15914 11411 11411 15113 15110
5005 1 28613 2 1 1 1
18503 1 5005 2 1 7 1
40140 0 27752 2 1 5 2
16225 4 4698 1439 1436 1215 1215
40858 0 15284 6375 6375 33343 33337
628 1 627 2 1 2 1
16800 4 32120 911 911 182 182
25305 0 2099 1 1 106 79
13821 1 13530 2 1 2 1
16002 1 36632 3 1 2 1
40859 0 37052 1599 1599 29998 29997
6188 4 24112 59 41 1 1
6188 4 24347 20 4 1 1
15067 0 18496 9106 9106 1087 1087
29361 1 18956 1 1 2 1
10119 1 25492 6 1 3 1
28682 1 6956 1 1 1 1
22077 5 6956 1 1 145 126
720 9 26603 1 1 1 1
18029 0 8812 38563 38563 40406 40405
36166 1 16798 1 1 1 1
30646 4 33263 24577 24577 15264 15264
10063 0 8348 2795 2795 23319 23312
28320 1 27155 2 1 2 1
27155 1 29136 1 1 2 1
737 0 704 9079 9079 13562 13561
16207 1 16206 1 1 1 1
37148 0 23650 5855 5855 22686 22686
33954 1 14292 1 1 1 1
29886 1 28685 2 1 3 1
9855 6 33387 49 25 6 2
3785 0 28084 7743 7743 8742 8742
20088 5 3785 5 5 1173 1157
32514 5 3785 12 12 25513 25496
6922 1 6921 4 1 6 1
6921 1 7885 7 1 5 1
7656 1 11492 2 1 2 1
16454 1 15118 6 1 4 1
27917 0 8192 3 3 18 15
27917 1 5927 4 3 9 4
5927 1 27917 9 4 4 3
4197 0 8050 2 2 4 1
4197 1 37513 6 1 1 1
25431 1 5635 1 1 1 1
15018 1 18772 2 1 1 1
9762 6 8948 21729 21725 1750 1750
30927 6 25532 15736 15736 27742 27742
19315 1 39214 2 1 1 1
39214 0 32965 3 3 16 16
18563 0 4302 107 107 1108 1106
21993 1 19504 4 1 1 1
9794 0 26796 25 24 96 96
40860 0 1945 3604 3604 37128 37105
13748 1 11108 3 1 2 1
4384 1 24793 2 1 2 1
10633 4 19550 19506 19506 9502 9502
27322 1 37139 1 1 1 1
40383 0 38168 9512 9512 9002 9002
7362 4 32362 17 4 3 3
22231 1 8513 1 1 1 1
40692 0 8924 372 372 26614 26605
1685 1 12089 4 1 1 1
450 4 4488 213 195 2 2
39094 5 3918 102 102 38997 38978
40914 5 3918 45 45 33812 33795
2315 0 3918 10 10 175 167
40869 0 3918 2204 2204 28149 28140
39375 4 35988 1638 1638 225 225
33362 0 724 364 364 13812 13793
4388 4 38068 71 59 2 2
24592 0 13837 5415 5415 19433 19429
4109 6 1349 106 102 364 363
20971 4 929 14043 14043 38600 38599
23939 0 929 1439 1439 15746 15735
2108 1 23830 4 1 2 1
137 1 39790 1 1 1 1
14471 4 26704 76 72 26 26
38379 0 2037 572 572 8653 8650
3297 1 2037 1 1 1 1
19597 1 29925 2 1 1 1
9472 3 9553 21193 21193 32878 32876
24002 1 31718 1 1 2 1
13378 4 37002 40 32 3 3
18672 8 18729 397 397 138 135
23066 0 10976 3365 3365 2026 2026
37193 0 36623 12018 12018 29850 29850
35461 0 15432 4353 4353 9846 9844
6086 1 37968 13785 13785 21989 21989
39988 0 6132 1228 1228 8665 8659
27635 0 6879 8152 8152 2682 2682
12792 1 18251 1 1 2 1
25299 0 17090 10653 10653 5766 5764
22804 0 9256 1602 1602 4480 4477
22046 1 449 1 1 3 1
26701 5 39164 35683 35683 17328 17328
33010 4 37752 4541 4540 676 676
17564 4 28570 39871 39871 24514 24514
14394 1 27202 1 1 2 1
40861 0 35307 29014 29014 39968 39968
36533 1 31832 1 1 1 1
1421 1 13698 2 1 1 1
1421 1 1420 4 1 1 1
15918 1 8898 2 1 1 1
39681 2 3869 8 8 20233 20201
13147 2 3869 1 1 42 13
29520 1 38175 1 1 1 1
7705 4 29204 94 88 71 71
31945 1 533 1 1 1 1
20267 1 11332 1 1 2 1
40862 0 6138 572 572 34276 34261
12405 1 2536 1 1 6 1
22145 0 267 1149 1149 15154 15131
12466 4 38408 317 295 49 49
12466 4 38825 115 94 3 3
16552 1 10073 2 1 1 1
31672 0 16442 25745 25745 34003 34003
34829 0 34921 3 3 1 1
6539 1 27537 6 1 1 1
24829 0 20017 8570 8570 24487 24481
28048 0 20017 11449 11449 10045 10040
40863 0 22831 14279 14279 37915 37910
9658 0 22831 11863 11862 7647 7643
17365 6 1148 39816 39816 25149 25149
11735 1 13906 1 1 1 1
10734 0 10886 78 78 105 91
1494 0 15383 6851 6851 15335 15334
31725 6 3983 54 54 2184 2183
3023 1 19162 1 1 2 1
28499 0 2833 701 701 5824 5809
4250 3 26422 5515 5514 25875 25873
14121 1 5862 1 1 1 1
1002 0 15449 1024 1024 9198 9193
14237 9 14236 1 1 1 1
40286 1 14159 1 1 2 1
1432 4 24308 64 49 1 1
29759 0 21793 2 2 21 20
40 0 9353 2241 2241 9779 9771
36532 1 36531 1 1 1 1
4832 1 7867 3 1 1 1
27716 6 14968 29719 29719 19242 19242
304 0 25231 6064 6064 7810 7809
8542 1 19421 4 1 1 1
30629 1 15712 1 1 2 1
20027 2 9746 1 1 432 421
26019 0 4682 1 1 11 7
15092 4 32205 24447 24443 708 708
13106 4 30126 227 216 3 3
7451 0 9653 25633 25633 35908 35908
14198 1 7551 1 1 10 2
19206 1 11656 4 1 5 1
938 1 29478 3 1 1 1
19923 0 13346 1232 1232 18089 18080
40895 0 13346 1829 1829 37599 37589
8767 0 2776 15707 15707 9137 9113
17206 0 4193 5205 5205 12684 12682
9026 1 21448 1 1 5 1
10884 1 23870 2414 2413 8161 8159
10884 0 12402 2651 2651 6916 6915
33656 0 17442 1573 1573 3322 3318
29844 1 36062 1 1 1 1
39433 6 40246 14 13 4 4
13370 4 32777 38663 38662 23544 23544
40865 0 34557 603 603 31810 31809
12307 1 5388 1 1 3 1
8628 3 1186 23172 23171 25901 25901
4299 0 1562 250 250 422 415
18208 6 35649 20288 20288 12390 12390
12758 0 980 26017 26017 29707 29706
26577 4 38800 138 138 17 17
40866 0 8678 696 696 32055 32052
32294 0 1897 9361 9361 33519 33445
6937 1 1897 3 1 8 1
9481 9 158 2 1 5 2
13100 9 9481 2 1 1 1
15588 1 15587 5 1 2 1
13773 0 27141 7270 7270 12530 12527
25916 0 16303 297 297 1757 1747
36297 0 16303 1 1 31 22
20354 1 18989 1 1 1 1
973 1 13336 3 1 7 1
5185 0 13336 381 381 548 544
9012 5 7786 1 1 9788 9769
33237 1 410 1 1 1 1
14633 6 31433 37800 37799 39208 39208
14633 6 8142 30289 30289 35531 35531
40867 0 339 6881 6881 40116 40113
3453 1 18417 6 1 1 1
8951 1 28285 3 1 2 1
1460 1 8951 1 1 2 1
8222 1 6150 1 1 1 1
8054 3 25795 3 1 1 1
6845 1 2779 1 1 1 1
19202 0 12252 1867 1867 9145 9138
20124 1 18592 1 1 2 1
20124 0 14100 8660 8660 5586 5582
30846 0 2941 1 1 50 49
39027 0 9415 4075 4075 29996 29984
23350 1 17390 1 1 1 1
8558 1 7530 2 1 2 1
40868 0 5700 25908 25908 35711 35711
32469 0 324 1303 1303 12152 12132
8545 0 324 336 336 9141 9122
25032 1 25031 2 1 1 1
38057 9 30720 1 1 1 1
2030 0 1832 57 57 743 733
1637 0 5616 342 342 191 182
9928 0 5616 2 2 69 61
1702 4 29665 55 51 5 5
36951 4 24229 14 12 44 44
6008 1 1041 1 1 1 1
14647 0 13213 124 123 23 23
699 1 22618 1 1 1 1
35907 4 37894 76 76 8 8
13383 1 2789 5 1 2 1
2713 6 7645 504 463 104 103
11577 1 7731 2 1 2 1
40870 0 1335 12986 12986 35476 35475
24483 1 12798 2 1 3 1
17309 0 30810 5023 5021 10522 10520
10156 1 963 4 1 3 1
2452 1 3976 5 1 5 1
2452 1 7086 3 1 7 1
40905 0 3387 198 198 31963 31949
7217 1 3387 2 1 1 1
8525 4 37769 17467 17465 1829 1829
35828 0 1364 73 73 7688 7658
26559 6 35828 34 34 584 584
16493 1 19237 2 1 8 1
2933 1 7202 4 1 6 1
6048 9 22594 2 1 1 1
29003 1 35415 1 1 1 1
20788 1 10332 1 1 1 1
5707 1 5706 1 1 2 1
29609 1 29608 1 1 1 1
22190 1 35891 1 1 2 1
22190 1 11262 4 1 3 1
9192 1 19649 6 1 2 1
26202 0 7136 5604 5604 14125 14124
36138 0 7877 16 13 106 103
23317 0 6977 11172 11172 26895 26860
40920 0 6977 283 283 29441 29405
36948 1 27706 2838 2838 6150 6149
34777 1 14753 1 1 2 1
1620 4 23845 25 10 1 1
12071 1 18026 3 1 1 1
8848 5 14818 1 1 151 137
11500 6 11034 974 968 217 215
16013 1 5367 2 1 3 1
10574 6 36868 1057 1053 19 18
18072 0 1880 13631 13631 37849 37834
7031 1 26802 4 1 2 1
32487 1 10667 2 1 3 1
28680 1 10686 1 1 2 1
9031 4 20091 58 40 3 3
37696 0 13023 11242 11242 29979 29971
5434 1 5433 4 1 2 1
24552 2 8531 2169 2168 17457 17454
35789 5 3276 42 42 6316 6285
31511 5 3276 84 84 19506 19474
39401 0 24275 7 6 328 316
27408 0 4448 2 1 19 11
13163 1 17198 3 1 2 1
8664 1 2489 2 1 6 1
2489 1 15398 2 1 1 1
25485 2 3943 1 1 36 5
38545 2 3943 1 1 31 1
36055 6 19589 8503 8503 14893 14893
19768 0 5156 6342 6342 26830 26798
26405 0 5156 1 1 53 22
17022 6 35666 7521 7519 244 244
17022 6 3619 15780 15777 673 673
4621 1 88 1 1 3 1
40873 0 28355 14112 14112 38528 38526
2460 9 9748 1 1 1 1
36214 0 573 6 6 810 771
40874 0 22716 24846 24846 40145 40145
25322 4 40518 1671 1671 516 516
2760 0 11134 8919 8919 6293 6287
4446 9 1807 4 1 1 1
11636 0 4446 5603 5603 16450 16449
36303 1 2876 1 1 1 1
37244 1 21630 1 1 3 1
38942 1 2626 5909 5909 14964 14961
31471 0 2626 2 2 187 186
3018 0 27173 39803 39803 39536 39536
26985 0 7600 636 636 367 362
37635 0 7600 157 157 3170 3164
8617 6 7587 6353 6342 186 186
24972 0 1142 23811 23811 39857 39855
680 7 38698 26914 26853 6 6
680 7 40901 39419 39356 6 6
6028 0 29623 11767 11767 12253 12253
29623 0 33835 5679 5679 19279 19276
36506 4 25083 11177 11177 3565 3565
7152 1 4236 2 1 3 1
22504 0 7152 4852 4852 23986 23981
40876 0 1295 923 923 35344 35338
21646 1 1295 2 1 5 1
22690 0 9531 1 1 38 34
34554 0 9531 6340 6340 17754 17749
701 1 25692 1 1 4 1
14347 1 5567 4 1 3 1
22500 1 15849 2 1 2 1
24584 6 29929 24623 24623 22948 22948
18192 4 1499 242 242 195 195
17820 1 654 4 1 5 1
23192 1 654 1 1 6 1
34164 0 21362 2241 2241 21315 21310
23961 0 6776 35916 35916 40917 40907
14951 5 6776 310 310 2756 2751
2111 1 35677 3 1 1 1
32320 1 16031 35081 35081 35887 35887
31261 4 13766 17538 17538 4601 4601
38116 9 9 1 1 1 1
40068 0 28942 36883 36883 31159 31159
21724 1 8592 5 1 3 1
4229 1 37036 39313 39309 17553 17553
29447 0 15913 6905 6905 12442 12437
16697 4 31051 153 148 4 4
5443 6 33646 24 6 4 3
13087 1 36310 2 1 1 1
22927 4 27025 30 30 33 33
24129 1 15215 2 1 2 1
24953 0 13135 5944 5944 23382 23373
22068 0 29955 31880 31880 30813 30813
6111 0 23960 42 42 189 187
6111 1 11198 3 1 1 1
2003 0 4127 764 764 16196 16192
40878 0 34399 19341 19341 39902 39898
26349 1 19291 2 1 2 1
15641 1 5982 5 1 2 1
21253 0 5982 33969 33969 30573 30573
3948 3 25669 31133 31129 819 819
40879 0 39495 24022 24022 40291 40291
10738 0 8594 28625 28625 18386 18380
40612 0 8594 23579 23579 39205 39198
12395 0 4161 166 166 1887 1859
40942 0 4161 3390 3390 34587 34558
26530 0 25605 32952 32952 30997 30996
25576 0 19971 2456 2456 6561 6555
3574 6 39280 588 584 434 434
35051 1 36988 1 1 1 1
19269 6 3870 95 94 348 348
26457 1 21879 1 1 2 1
16049 4 31756 35 33 65 65
26279 5 6146 1 1 351 340
31974 5 6146 2 2 10174 10162
22137 5 3531 56 56 14573 14551
15837 1 15836 1 1 1 1
3895 0 3721 92 92 3046 3011
23820 6 25420 46 41 3 2
23820 6 11103 11 7 4 3
28203 4 29473 1766 1763 11 11
2999 1 36067 4 1 1 1
11766 5 10754 161 161 31394 31375
40880 0 10330 8415 8415 38946 38941
29695 1 25945 1 1 1 1
15242 6 5534 1639 1637 1596 1594
16017 3 30757 2682 2680 1167 1166
9486 3 6190 11093 11088 668 668
10504 6 36780 6997 6990 243 243
31226 0 17728 474 474 8599 8590
8734 1 1538 2 1 1 1
29667 0 249 6177 6177 27139 27093
7681 0 249 224 224 3208 3164
1196 5 12328 14 14 5972 5955
29190 5 2139 2 2 2370 2345
9335 5 2139 1 1 121 97
13338 1 18054 3 1 1 1
19110 4 40436 662 662 66 66
1935 0 7945 93 93 4152 4130
1104 0 7945 3 2 26 5
32001 2 3539 239 239 28793 28792
7118 0 3978 12 12 79 58
27765 0 206 1607 1607 15580 15550
16624 9 15794 1 1 1 1
1966 4 24890 522 520 408 408
31338 0 8266 385 385 2606 2602
40221 5 73 1 1 64 10
3410 4 40221 7630 7629 44 44
29650 5 73 75 75 21034 20976
4984 0 73 78 78 1228 1218
7890 1 8556 5 1 3 1
32343 0 7890 955 955 15537 15520
4686 0 9935 21072 21072 31868 31852
1690 1 5111 12 1 2 1
23282 0 1690 984 983 5151 5141
10335 1 2363 1 1 8 1
19856 1 15917 2 1 2 1
15168 1 35514 1 1 1 1
40881 0 9334 5523 5523 36761 36756
28253 1 28252 1 1 2 1
11736 1 678 1 1 2 1
12371 1 20336 5 1 1 1
26039 1 31200 33572 33572 23756 23756
39168 1 23614 1 1 1 1
20692 1 21524 2 1 1 1
24359 1 36592 1 1 1 1
6740 1 6335 3 1 2 1
38194 0 6335 18442 18442 35259 35259
5315 0 18408 39230 39230 40631 40631
11605 4 40002 195 195 88 88
12921 1 24570 11 1 3 1
21374 1 12921 1 1 7 1
5134 2 4633 1 1 15 4
35877 0 85 214 214 7882 7642
23185 0 85 586 586 3469 3233
40756 0 85 246 246 36070 35822
26136 1 26135 1 1 1 1
37633 0 20754 24237 24237 32149 32148
40883 0 1222 4016 4016 36372 36358
40904 0 1222 3979 3979 34516 34503
19190 1 22874 1 1 4 1
14563 2 35454 33756 33754 6452 6452
12530 1 5329 1 1 2 1
37793 0 425 19102 19102 28247 28227
7112 1 21005 1 1 4 1
13785 6 30026 15661 15660 5622 5622
30892 1 27200 1 1 1 1
22309 1 11345 1 1 4 1
652 1 11489 6 1 1 1
21523 0 5914 1212 1212 8590 8586
19459 1 8641 1 1 4 1
103 0 9917 32772 32772 38965 38964
34367 1 30925 1 1 1 1
39210 0 36049 32944 32944 34662 34661
27244 6 22681 1456 1455 2319 2319
12608 4 21734 19 16 3 3
31281 1 6359 1 1 3 1
40153 0 6359 5097 5097 10246 10238
28257 1 28256 1 1 1 1
3741 6 11977 3 1 4 1
8455 0 14334 2400 2400 190 189
11170 1 606 4 1 3 2
9097 4 33963 931 930 153 153
15436 1 15435 2 1 1 1
9201 1 9200 4 2 1 1
6058 0 5378 1 1 19 5
5378 1 9054 3 1 3 1
24455 0 7235 3288 3288 8768 8763
40886 0 36491 12715 12715 37131 37130
27948 0 29072 654 654 976 972
2574 1 10949 2 1 3 1
15184 1 36822 1 1 2 1
17033 1 208 1 1 2 1
5633 0 4663 1665 1665 17076 17060
23779 0 17423 2960 2960 16383 16379
31140 0 1615 8 8 101 96
25999 1 31140 1 1 2 1
29071 0 25203 138 138 543 540
4929 4 37085 424 418 62 62
11962 4 5667 9 5 7 7
14732 6 18907 4675 4674 4631 4631
4582 0 23340 14203 14203 32206 32202
2940 0 23340 113 113 1216 1213
6093 10 24981 1 1 1 1
14001 0 36202 11775 11775 19251 19251
37407 0 19919 180 180 5865 5862
28934 0 6210 356 355 1566 1563
13298 1 26814 2 1 2 1
12356 1 20726 2 1 2 1
11679 7 15652 402 396 8 7
18992 0 780 1577 1577 1858 1850
12696 0 1750 8560 8560 23708 23706
22477 1 2282 6 1 1 1
17701 4 36065 8653 8653 588 588
20641 0 36866 25412 25412 6497 6496
31601 0 1352 5761 5761 28487 28481
36144 0 28533 33490 33490 39801 39801
22400 2 2183 1 1 43 12
39117 2 5348 49 48 1076 1074
12905 1 5832 2 1 2 1
16355 1 22399 24019 24014 19030 19030
8334 2 35737 147 147 19659 19658
13347 0 26570 47 47 3598 3596
40889 0 34949 20330 20330 39516 39516
12551 0 7485 736 736 3662 3661
3154 1 27514 3 1 1 1
35950 0 20760 4133 4133 11770 11765
20760 0 25127 36480 36480 18736 18735
23933 1 23098 2 1 3 1
12685 6 19180 2885 2879 955 955
12358 2 4168 12 12 6530 6521
7700 2 4168 15 15 10271 10261
35674 0 16517 29842 29842 28196 28196
6813 1 5175 3 1 1 1
7375 1 7374 3 1 2 1
40890 2 23906 2139 2139 36151 36151
21948 4 38918 7891 7891 1007 1007
17500 9 17499 1 1 1 1
6759 1 21078 3 1 2 1
11196 0 24534 237 237 1157 1154
16734 7 13678 33776 33772 130 130
865 1 17946 3 1 1 1
1821 6 39122 284 270 43 43
11630 1 31896 3 1 1 1
7284 1 17756 2 1 1 1
26770 5 6829 33 33 13831 13825
37565 1 22789 2 1 2 1
11926 1 11925 5 1 2 1
27446 1 22702 2 1 3 1
13999 0 37238 4681 4681 9629 9628
2050 6 30438 28933 28933 13216 13216
21493 0 24309 20433 20433 14500 14500
40891 0 13449 12884 12884 37906 37905
15390 1 38904 936 935 35 35
33146 1 2101 3 2 10 2
17987 3 17986 1 1 1 1
29746 3 17987 1 1 3 1
2692 0 10487 831 831 2955 2952
32902 1 29338 1 1 1 1
14511 6 11512 23314 23307 1768 1768
6117 1 683 1 1 4 1
25817 0 40019 29849 29849 33110 33110
39730 4 31900 28778 28778 37774 37774
14912 3 19439 4 1 1 1
34332 4 1842 66 62 26 26
29957 5 8285 110 110 38049 38045
8398 4 40398 8031 8031 2642 2642
13141 4 36356 38 26 3 3
24146 1 36079 1 1 1 1
12197 1 24146 4 1 2 1
8973 0 15567 30586 30586 39577 39576
2840 1 18631 2 1 1 1
4993 1 4648 2 1 10 1
15543 4 26788 29948 29948 34043 34043
9926 1 1976 1 1 1 1
40893 0 10088 2671 2671 36711 36706
18632 0 15264 15437 15436 5906 5903
25930 4 9684 1542 1536 104 104
39714 5 5407 57 57 22354 22329
31612 1 9688 1 1 2 1
1782 1 1781 1 1 3 1
34009 6 39128 407 404 24 23
25597 0 4132 1073 1073 2296 2286
16378 0 2054 32 32 651 635
12541 0 2054 93 93 1166 1149
2054 1 17904 6227 6227 1124 1123
18557 9 18725 1 1 1 1
40453 1 28165 1 1 2 1
7231 0 16733 29545 29545 15588 15588
17867 1 14085 1 1 1 1
36201 4 39259 248 247 402 402
17202 0 12720 114 114 2796 2786
28053 0 4049 28427 28427 29738 29723
25593 0 4049 13413 13413 20359 20345
4049 1 28361 1 1 2 1
22873 1 37187 4 1 1 1
37187 0 3391 3599 3599 11457 11453
30984 1 6485 3 1 3 1
12052 1 6794 2 1 4 1
6371 6 13857 4011 4007 281 280
1675 3 3261 5 1 3 2
32329 0 39076 21103 21103 22813 22813
1788 0 22163 137 137 27 23
8791 1 15310 2 1 7 1
13863 1 15310 5 1 2 1
3838 1 15310 3 1 8 1
36716 0 15310 8355 8355 28801 28801
23303 1 6584 1 1 3 1
9014 0 13840 14018 14018 9075 9070
9501 1 16279 2 1 2 1
9412 1 35482 5 1 1 1
26517 1 352 97 95 268 259
30651 1 30650 2 1 1 1
13606 0 5759 35 35 178 163
24242 4 40495 13433 13433 3897 3897
3024 1 8489 1 1 5 1
4914 4 5471 70 65 83 83
16649 0 11808 35051 35051 40210 40204
16580 1 16649 1 1 2 1
8882 1 30608 3 1 1 1
24380 6 4034 589 589 10617 10615
20967 1 38940 38136 38133 33065 33065
38940 1 20967 33065 33065 38136 38133
12345 4 32572 40930 40929 39991 39991
17336 1 6811 1 1 3 1
4393 0 21188 242 242 428 426
16082 0 19592 35342 35342 12927 12927
13599 4 38034 4599 4599 2066 2066
2399 3 852 3 1 1 1
26551 1 17969 3 1 3 1
19862 1 25685 3 1 1 1
33100 0 23835 5307 5307 26579 26573
38732 1 16818 1 1 3 1
30257 4 39983 10 10 45 45
2097 1 9439 5 1 4 1
8891 1 8890 1 1 4 1
10946 1 16189 138 135 13 12
23311 5 666 9 9 3425 3397
7605 1 16736 2 1 2 1
40896 0 23801 15319 15319 36502 36500
3152 1 34834 3 1 1 1
8027 0 17129 26514 26514 31005 31004
18036 1 23414 3 1 2 1
10896 1 5187 1 1 1 1
29378 0 14065 2960 2960 3807 3805
11268 1 18820 13696 13695 13237 13234
10603 3 7644 2 1 1 1
28163 6 33290 2952 2952 967 967
26372 1 2839 3 1 3 1
13731 1 3340 3 1 4 1
30635 1 27499 1 1 3 1
19561 2 12788 6 4 12 10
6316 1 14884 99 97 98 97
14884 1 6316 98 97 99 97
40071 0 542 8775 8775 29990 29976
24433 1 24432 1 1 1 1
8518 8 19686 97 92 3 3
36028 1 13581 1 1 3 1
23015 1 39472 1 1 1 1
29941 0 8121 1773 1773 14408 14403
11007 0 39628 29253 29253 20943 20942
38483 1 35975 1 1 1 1
27069 0 17594 38518 38518 32285 32284
31414 0 21528 11 11 92 89
10966 0 6448 6811 6811 25800 25796
7275 0 36151 12097 12097 9989 9988
10347 0 12311 139 139 115 104
40897 0 15992 248 248 29151 29146
29348 1 9181 1 1 6 1
181 4 20452 157 152 49 49
30056 0 13450 14654 14653 15914 15908
13510 0 34706 22540 22540 23789 23787
9041 1 8986 5 1 5 1
33052 1 6521 2 1 5 1
26934 4 36843 416 416 68 68
2778 1 2777 2 1 1 1
28399 9 24687 1 1 1 1
28399 0 7125 54 54 196 194
163 1 9522 2 1 1 1
38964 6 15538 841 839 849 847
36295 6 20656 237 237 302 302
7947 1 3044 3 1 4 1
24577 0 6103 39073 39073 39404 39401
39447 2 955 8 7 4553 4540
27080 0 35724 22323 22323 27411 27411
18317 0 16471 7439 7439 9554 9551
40899 0 1371 8278 8278 38959 38936
35847 0 1371 9753 9753 14134 14112
32447 6 14556 2 1 35 34
5046 5 5363 68 68 22444 22429
31855 0 1378 5437 5437 30081 30019
19994 0 1378 76 76 3503 3444
25740 0 1378 302 302 5104 5044
40676 0 1378 1129 1129 36519 36456
20832 0 2453 1572 1572 20003 19949
38637 0 35536 40734 40734 40712 40712
29542 6 38922 73 73 13 13
17578 1 8885 2 1 3 1
40900 0 3668 3779 3779 38191 38183
38879 4 40465 1513 1513 118 118
23645 1 3271 2 1 2 1
10717 1 23392 2 1 2 1
7129 6 37636 142 122 1 1
7129 6 39342 25 6 6 3
22752 1 11603 2 1 3 1
13171 0 2104 28 28 3022 3006
3840 4 25993 60 59 4 4
6976 1 6542 1 1 1 1
6504 0 17314 166 166 193 186
1218 1 18913 3 1 1 1
23637 1 22005 1 1 1 1
12259 4 40042 15853 15853 7033 7033
29053 0 31232 4992 4992 22498 22494
14841 1 11642 3 1 3 1
12434 1 11406 2 1 4 1
4571 1 19807 2 1 1 1
12516 1 16943 1 1 3 1
9471 1 28564 2 1 1 1
40902 0 30686 24050 24050 39538 39537
215 1 13069 5 1 1 1
28342 4 21955 1301 1301 5006 5006
4050 1 5908 2 1 1 1
10960 0 16571 4873 4873 14121 14120
3343 1 1512 2 1 1 1
15421 1 7039 6 1 2 1
40903 0 23890 13890 13890 38813 38812
18173 1 23932 2 1 3 1
26645 1 11702 1 1 2 1
15117 1 11702 1 1 1 1
7241 1 9423 3 1 1 1
15866 1 20662 2 1 4 1
308 1 23762 2 1 1 1
1602 1 20590 4 1 2 1
7541 1 7540 1 1 2 1
4015 0 32323 19191 19191 14763 14763
36003 2 3957 2 1 10 6
11479 0 4865 2430 2430 14022 14016
1202 0 14475 13832 13832 27968 27965
14612 1 19739 2 1 3 1
7024 0 6752 1 1 130 116
32853 0 5203 1968 1968 16076 16074
37253 0 40396 3444 3444 8902 8901
34648 0 16831 612 612 7524 7523
1613 1 3914 3 1 3 1
10826 0 26562 2448 2448 7713 7708
23101 1 12527 1 1 1 1
27830 0 8061 24904 24903 31517 31515
20864 1 6464 1 1 3 1
5262 6 29332 38336 38333 9660 9660
35821 0 16863 34833 34833 39591 39585
13407 1 4967 2 1 3 1
9713 1 18011 1 1 1 1
31393 4 27927 15609 15609 8960 8960
12347 1 13214 2 1 1 1
22063 1 36525 1 1 1 1
37425 0 4766 1843 1843 18090 18090
27152 4 38832 40910 40909 32162 32162
31830 5 24055 12995 12995 27624 27624
15799 6 17609 12 1 1 1
38974 0 621 4191 4191 10463 10462
17241 0 17150 5 5 104 103
2858 4 33960 179 146 1 1
26230 0 10765 32 32 4119 4112
19752 1 19897 4 1 3 1
38731 0 10922 52 52 2790 2787
30909 6 31031 13853 13853 8299 8299
40907 0 25161 8458 8458 37638 37636
36978 0 692 6 6 2326 2301
29708 0 692 1 1 35 12
20476 1 6724 1116 1115 5269 5267
40908 0 7921 17635 17635 39378 39378
2443 9 5163 2 1 1 1
12141 1 2443 1 1 4 1
7159 4 32394 89 87 12 12
9995 0 1520 424 424 1720 1710
3657 1 11758 8336 8336 25579 25575
687 6 27283 31823 31802 11770 11770
8662 0 716 2 2 50 12
7974 1 3145 3 1 3 1
24517 1 9302 1 1 3 1
7449 0 7095 1470 1469 3667 3667
31989 4 40175 1454 1454 690 690
40909 0 3338 411 411 28750 28742
19172 0 15730 25 24 153 152
15433 6 23550 39073 39070 3757 3757
15869 1 9418 3 1 3 1
27694 3 13419 1 1 2 1
21543 0 14367 33648 33648 39147 39141
5015 4 5256 40677 40670 38819 38819
16016 1 10865 1 1 1 1
2379 0 14652 6504 6504 11746 11746
40910 0 10662 1076 1076 34301 34293
13388 1 17572 1 1 1 1
38526 0 17405 157 157 11648 11640
9889 0 38560 4238 4238 2111 2110
11600 0 13047 1 1 11 3
40912 0 9931 14724 14724 39392 39392
36575 0 34172 14616 14616 26630 26627
19960 6 20910 11840 11839 1768 1768
10868 1 6529 3 1 3 1
25398 1 30292 1 1 3 1
13664 1 23487 1 1 1 1
40913 2 1214 34 34 37697 37678
13094 2 1214 3 1 20 2
16437 0 26208 18708 18708 30594 30592
22757 1 22756 2 1 1 1
40260 0 26108 59 59 713 711
32735 0 5654 29292 29292 25816 25813
3447 1 9780 5 1 2 1
14404 1 3447 2 1 6 1
7985 1 4209 1 1 2 1
40915 0 10407 35479 35479 40483 40483
6851 1 6468 2 1 5 1
15604 3 4192 40582 40582 34863 34863
9074 0 2243 19 19 158 157
16945 1 27937 1 1 1 1
37937 2 17319 2 1 38 34
17444 1 7040 1 1 1 1
24542 0 21434 5230 5230 11130 11129
19654 0 38248 23038 23038 34303 34303
40916 0 25194 12539 12539 39250 39249
3512 1 1507 4 1 1 1
35515 4 5683 2785 2785 6054 6054
26598 1 13630 1 1 1 1
3815 1 39428 2 1 1 1
4037 0 16708 1 1 6 2
29698 0 8868 5684 5683 15852 15851
15051 1 14230 1 1 5 1
1006 3 17460 2 1 5 1
20944 1 2415 4 2 5 1
9847 3 11802 25722 25715 1967 1967
19964 4 40677 38143 38140 6090 6090
23100 1 23574 1 1 2 1
21645 1 16026 1 1 1 1
3046 0 140 3869 3869 20187 20181
1732 6 23260 9 2 1 1
29279 4 22476 30861 30861 13396 13396
21641 0 8412 16199 16199 27253 27252
40283 0 13935 10 10 1119 1116
20075 1 5623 1 1 1 1
32173 0 25942 681 681 1435 1432
17114 1 9438 1 1 2 1
33419 4 28271 3134 3132 202 202
40917 0 5681 25099 25099 35867 35866
15907 1 15906 2 1 4 1
15906 1 26088 1 1 1 1
14098 4 39569 255 253 67 67
4725 1 3135 1 1 1 1
24645 1 21259 1 1 1 1
22111 1 25386 1 1 1 1
11499 1 5619 2 1 1 1
3068 1 3431 5 1 2 1
7765 1 7764 2 1 2 1
11813 1 30361 3 1 1 1
13330 1 4080 2 1 2 1
40919 0 27595 14923 14923 36805 36804
26579 0 27595 24440 24439 24978 24978
20569 1 7364 2 1 7 1
27835 1 30774 1 1 1 1
2212 6 39573 23153 23153 22308 22308
29644 1 22647 1 1 1 1
28102 1 13943 1 1 1 1
39806 0 4094 25944 25944 35760 35760
11333 0 1873 22268 22268 27401 27392
7708 1 7707 2 1 2 1
20826 6 37122 9781 9780 340 340
35116 1 2058 1 1 4 1
4697 1 3858 2 1 3 1
11455 4 7090 21 17 60 60
40921 0 10175 832 832 28792 28786
38431 1 28014 1 1 1 1
12033 1 19844 2 1 3 1
5245 0 33893 36721 36721 29586 29586
34222 0 38513 6056 6056 19545 19544
8695 1 8694 1 1 2 1
3104 1 3103 1 1 2 1
15438 1 11384 1 1 3 1
31721 1 24228 2 1 1 1
2370 4 3245 79 58 5 5
8754 1 6098 4 1 2 1
8754 1 4244 2 1 1 1
18988 0 27345 6343 6343 14950 14949
40923 0 13663 3578 3578 34644 34623
11049 0 722 16542 16542 27152 27144
38784 0 6570 33955 33955 40159 40144
16141 4 16183 14 12 4 4
496 1 32512 3 1 1 1
37743 1 14493 1 1 4 1
5090 1 38941 1 1 1 1
34217 1 30032 1 1 1 1
16865 1 8774 1 1 2 1
26008 1 24248 5186 5184 288 288
37763 1 3707 1 1 1 1
22457 6 34682 5 5 5 5
33138 1 11811 1 1 1 1
25767 4 33687 310 310 76 76
13958 4 28025 19 11 28 28
656 1 37010 2 1 1 1
10583 1 2117 2 1 6 1
20736 1 17537 22310 22310 37911 37910
10184 0 28333 85 85 3489 3485
38142 0 26564 3915 3915 13267 13267
3096 4 25112 74 66 6 6
15613 0 15381 14798 14798 20576 20572
22584 1 12684 1 1 1 1
10350 1 13671 3 1 1 1
7514 1 25165 3 1 2 1
25852 1 20593 1 1 2 1
14893 0 27550 20047 20047 6446 6446
22787 1 22786 1 1 2 1
5300 0 27067 14335 14334 10145 10145
622 0 8078 13098 13098 28442 28431
24444 8 33475 28391 28391 37907 37907
35002 0 19318 1373 1373 9922 9920
5466 0 115 4991 4991 26549 26532
19843 0 2682 202 202 1780 1779
22395 0 5140 1661 1661 9590 9586
20504 0 11647 2547 2547 6759 6750
11184 4 27448 19668 19659 3412 3412
33563 0 18375 14661 14661 28203 28203
19846 1 18645 3760 3758 3308 3307
23722 0 20561 20887 20887 24587 24587
36869 1 18872 1 1 6 1
1358 1 1357 1 1 1 1
13443 1 1717 3 1 3 1
9968 1 13305 2 1 4 1
6222 1 29825 1 1 1 1
19156 0 89 138 138 11646 11629
28882 9 3696 1 1 1 1
40924 0 22072 7798 7798 38657 38653
30066 1 7387 1 1 2 1
15533 0 7387 201 201 2032 2026
6506 6 39335 496 489 5 5
29368 0 40057 36907 36907 32797 32797
27225 6 33459 6621 6614 133 133
34773 0 34386 12154 12154 9301 9299
40449 0 1803 1509 1509 24651 24643
21774 6 9252 38524 38524 28979 28979
18483 1 17730 1 1 2 1
18247 1 33545 1 1 1 1
38623 0 5839 4024 4024 20514 20509
4359 1 29197 1 1 5 1
29197 1 13612 3 1 1 1
27198 1 6242 1 1 6 1
27447 1 4053 1 1 1 1
13806 1 28087 1 1 2 1
40925 0 19888 38486 38486 40266 40266
9983 4 21913 988 986 51 51
20348 0 11447 6915 6915 9224 9224
38036 0 1666 823 823 14885 14874
32679 0 34089 19153 19153 21930 21930
35965 4 17251 62 62 414 414
18481 6 27900 573 573 392 392
37628 1 32564 1 1 2 1
4466 1 21189 1 1 3 1
640 1 7220 2 1 2 1
24070 0 18975 16193 16193 22636 22634
2758 1 22165 2 1 2 1
4556 1 9927 2 1 2 1
40353 0 10745 11406 11406 29445 29440
19632 1 35311 1 1 1 1
39784 1 31199 1 1 1 1
4594 0 5891 1826 1826 16724 16720
4491 0 19288 2379 2379 814 812
30729 4 33668 7126 7126 1554 1554
34985 0 3925 12937 12937 19502 19498
28487 1 7168 1 1 5 1
26416 1 36198 3 1 1 1
34811 0 1272 11749 11749 25490 25472
3263 1 2390 3 1 5 1
11689 0 15537 8330 8330 25281 25278
28752 0 4416 21595 21595 30263 30262
27422 0 8663 26891 26891 38497 38495
5643 1 3754 2 1 2 1
11366 1 26527 5 1 3 1
24792 1 893 1 1 2 1
6657 1 21399 2 1 1 1
18566 1 6657 1 1 1 1
39413 0 5325 8349 8349 21283 21257
11969 1 26616 1 1 2 1
36488 1 6245 1 1 2 1
11151 1 17991 1 1 1 1
3136 1 16161 2 1 2 1
30980 0 3884 217 216 668 663
30250 1 32816 3 1 1 1
4638 1 29948 1 1 1 1
27855 0 9636 14365 14365 29103 29103
22777 1 35880 3 1 1 1
3901 1 1387 2 1 1 1
22243 0 13777 4 4 11 2
5542 1 30223 2 1 2 1
38033 0 20954 13507 13507 3470 3470
29753 0 15565 963 963 9429 9421
29266 4 13537 25109 25109 30254 30254
1937 6 25054 16724 16721 769 769
21124 0 14843 10623 10623 20229 20226
40927 0 290 3447 3447 36667 36621
31744 4 8674 647 646 3338 3338
40127 0 2558 1149 1148 9688 9673
2529 4 12558 134 127 204 204
7694 1 33571 4 1 1 1
22610 0 27194 2446 2445 8802 8797
30249 0 6066 30944 30944 40273 40272
658 0 13432 6483 6483 17781 17775
40928 0 9369 2624 2624 34450 34449
38434 0 9010 7317 7317 23933 23932
30241 6 28445 374 371 142 142
35998 1 12005 1 1 4 1
37809 2 18294 4167 4166 26477 26475
11424 1 34792 7 1 1 1
35840 0 11072 1019 1019 5665 5660
28978 1 22902 1 1 1 1
11576 6 38596 11284 11282 265 265
1930 4 36216 388 381 8 8
7939 1 10211 3 1 1 1
28794 4 27413 10354 10354 1953 1953
5741 0 1817 40517 40517 40655 40655
5741 6 31343 1104 1101 13 13
19214 6 3845 159 155 569 568
23468 1 1116 3 1 3 1
19251 1 13436 1 1 5 1
30832 0 17008 5745 5744 9274 9274
10086 1 10085 1 1 4 1
20123 1 21785 1 1 3 1
29801 1 16682 1 1 3 1
2714 6 17927 95 51 16 12
3544 6 29062 233 222 2 1
16737 0 2582 3002 3002 5505 5501
37791 0 27732 30745 30745 39202 39197
17526 4 11245 1100 1098 1601 1601
1533 0 604 2254 2254 16195 16184
39727 1 9142 1 1 6 1
13018 3 4849 3 1 2 1
32445 0 36854 1823 1823 3478 3476
30065 6 21979 1048 1048 3511 3507
1742 6 21979 1182 1182 2127 2124
23039 1 22926 3 1 1 1
32339 1 27741 1 1 3 1
17262 4 33581 681 680 2889 2889
26419 1 3896 1 1 1 1
2404 6 17683 20898 20896 19013 19013
33189 0 14812 228 228 3584 3580
26452 9 7754 9204 9204 33849 33848
19015 1 28438 4 1 3 1
12913 1 9397 1 1 1 1
40931 0 27727 2049 2049 36856 36855
1419 1 22014 1 1 1 1
22075 4 35020 2736 2735 73 73
14470 4 37913 77 76 231 231
28719 0 7960 13100 13100 1570 1570
8597 1 843 1 1 5 1
14278 0 7240 7 7 2060 2043
2970 0 8651 37835 37835 39935 39934
17407 6 4098 40520 40519 17100 17100
15599 5 6014 127 127 20570 20567
23298 0 37796 11 11 375 373
23743 4 1839 673 669 461 461
9242 1 9241 1 1 1 1
40932 0 8840 2896 2896 35746 35738
20097 1 39891 3 1 1 1
28366 1 34247 2 1 1 1
23644 0 37462 5244 5244 24597 24597
9572 9 9571 1 1 1 1
30724 1 28310 1 1 2 1
18933 4 6687 9 7 34 34
17759 0 2861 77 77 397 389
40933 0 15371 2489 2489 25076 25072
38707 1 6267 1 1 2 1
4208 1 4207 2 1 2 1
15219 1 38553 1 1 1 1
23158 4 15716 532 532 300 300
21950 1 27256 4 2 2 1
34499 0 3934 8656 8656 33774 33771
35578 1 3227 1 1 3 1
7908 1 6243 1385 1378 1968 1967
1914 6 14604 1430 1406 27 27
38010 0 30717 35661 35661 39041 39040
40934 0 22330 12094 12094 39314 39314
36509 0 1481 25748 25748 38193 38192
17630 1 5576 2 1 1 1
16260 4 1174 170 164 269 269
8162 2 27707 27071 27071 17980 17980
28523 9 16965 1 1 1 1
40935 0 16658 5482 5482 37804 37801
25614 0 86 1 1 17 14
18620 3 6300 1 1 2 1
10303 0 1380 77 77 492 477
37033 0 20187 33373 33373 38634 38633
26386 0 18443 4369 4369 5653 5653
38926 0 5480 5263 5263 10103 10102
29831 0 12577 2 1 77 70
15782 0 21097 1306 1306 1012 1009
22438 1 8094 1 1 2 1
40936 2 3999 312 312 32523 32487
1838 0 11464 4139 4139 2702 2700
14405 6 31106 3754 3751 137 137
38576 6 23883 12766 12766 8270 8270
17088 4 35425 9262 9262 4908 4908
849 10 13402 1 1 1 1
31905 1 5241 2 1 2 1
5409 0 9991 3352 3352 1139 1137
7245 0 31986 787 787 842 841
34983 1 16742 1 1 3 1
10762 1 12714 3 1 1 1
10953 0 273 37 37 53 40
26769 0 1194 198 198 2244 2242
12790 6 38666 18 17 7 6
20833 0 14547 31834 31834 38560 38560
31477 0 20633 22 22 339 337
25922 1 17748 1 1 2 1
35874 0 3549 2 2 25 10
24436 1 2798 1 1 2 1
25966 1 11230 1 1 2 1
16275 1 18980 3 1 1 1
7862 4 17841 4621 4618 2726 2726
12959 0 12265 33582 33582 35987 35987
40938 0 25310 4481 4481 33338 33336
35627 0 3269 4701 4701 5259 5256
18098 1 22245 5 1 1 1
35614 0 5846 1 1 41 12
29207 1 24456 2 1 4 1
1048 1 24443 2 1 2 1
22767 5 6095 184 184 28140 28137
12231 0 16476 1 1 8 2
19496 1 30112 1 1 1 1
40940 0 7382 1285 1285 32506 32503
8838 1 20614 3 1 1 1
30101 1 30632 3 1 1 1
9830 1 34527 2 1 1 1
40941 0 13946 5187 5187 35062 35060
28643 0 11339 36482 36482 35455 35451
13847 1 14386 2 1 2 1
27260 1 35256 2 1 2 1
35120 4 33416 7 5 9 9
6728 1 6727 10 1 1 1
