1678 7 40551 3957 3717 1026 1026
1678 7 18056 257 26 8 8
1678 7 30089 3808 3569 970 970
1678 7 36781 234 11 6 6
1678 7 18000 271 36 3 3
1678 7 9202 227 9 5 5
1678 7 26036 3706 3468 3219 3219
1678 7 35669 255 25 14 14
1678 7 40887 8700 8458 6828 6828
1678 7 38204 3395 3158 1168 1168
17935 9 35175 2 2 1 1
785 8 10116 31526 31061 17755 17755
785 8 37575 2842 2397 415 415
785 8 21817 15182 14725 5560 5560
785 8 18729 480 49 119 116
785 8 12268 6007 5558 460 460
785 8 29200 16601 16142 5777 5777
785 8 23537 37642 37172 15846 15846
785 8 6770 11800 11347 2822 2822
785 8 1493 33021 32553 14621 14621
785 8 28822 12482 12027 2985 2985
785 8 15703 1051 609 81 81
785 8 8245 35077 34608 13397 13397
785 8 36761 15244 14786 5962 5962
785 8 155 3098 2650 1195 1195
785 8 39420 29756 29292 13586 13586
785 8 38749 32175 31708 20762 20762
785 7 11761 38593 38579 27044 27044
16176 4 33688 40939 40937 40865 40865
18671 0 11241 7 7 484 469
19621 0 11241 1 1 21 8
15582 0 4030 40935 40935 40808 40781
25033 0 4030 39126 39126 40428 40402
31351 0 4030 40936 40936 40884 40856
19165 0 2969 13600 13600 8164 8155
21012 1 19165 3 1 3 3
16748 6 29001 23 22 12 10
31740 0 1183 18 18 67 24
26184 1 32091 40929 40926 40942 40942
32091 1 26184 40942 40942 40929 40926
4194 1 6975 2 2 1 1
6975 1 3569 2 1 6 1
15602 0 4367 10856 10856 13123 13095
6546 0 4367 24 24 63 36
24512 1 24859 2 2 2 2
33182 0 5053 6 6 19 16
5945 6 10270 40942 40939 40941 40940
5109 0 22368 36226 36226 39514 39509
20774 0 8060 40940 40940 40940 40940
12274 1 9268 1 1 2 1
12842 1 15886 6 2 3 2
13394 1 3789 3 1 2 2
13394 0 3459 5593 5593 20481 20472
38200 3 8055 2 1 2 2
36698 0 586 4207 4207 2295 2219
13143 0 586 204 204 6428 6349
7684 1 586 14 13 32 27
586 3 772 13 9 14 13
586 3 3510 55 50 6 6
586 1 11276 40835 40828 40770 40768
38212 2 121 31 31 1043 541
34053 2 121 27 27 943 446
21130 2 121 9 9 654 172
22680 2 121 8 7 484 35
33440 2 121 22 22 820 330
37929 2 121 13 13 747 262
25514 2 121 34 34 999 498
31531 2 121 60 60 933 437
15287 2 121 101 101 1172 669
30007 2 121 4 3 43 1
33594 2 121 12 12 883 389
31050 2 121 332 332 1976 1470
10443 2 121 3 2 388 13
13776 2 121 3 2 465 30
28371 2 121 11 11 762 276
25046 2 121 8 8 571 94
29285 2 121 8 8 718 234
29029 2 121 37 37 877 385
39017 2 121 11 11 633 152
36587 2 121 261 261 1741 1236
29042 2 121 95 95 1316 812
20341 2 121 10 10 773 286
33915 2 121 25 25 956 457
14588 2 121 16 15 475 31
121 6 39924 1982 1978 788 788
40757 0 1311 17861 17861 9728 9710
40804 0 1311 17778 17778 9508 9491
1311 0 896 36021 36021 33342 33337
18270 1 18269 4 2 1 1
13049 0 4990 27 27 136 118
36351 0 4990 34939 34939 35175 35155
29179 1 10971 2 2 2 2
23886 0 6769 40939 40939 40937 40936
30612 0 4411 37332 37332 34771 34770
14866 0 3633 40940 40940 40937 40932
35748 0 11399 26437 26437 1348 1342
31413 0 15186 5 5 8 6
20145 0 11015 4 4 4 4
40728 5 914 220 220 7860 7590
28450 5 914 1266 1266 16507 16230
7848 5 914 81 81 403 157
35945 5 914 3 3 249 20
25546 5 914 15 15 703 450
38155 5 914 3 3 221 10
36490 5 914 101 101 3286 3019
31958 5 914 1052 1052 16269 15993
16022 5 914 9719 9718 28524 28242
1595 5 914 5938 5938 31206 30921
5734 1 377 4 2 2 1
22785 0 5734 40941 40941 40942 40941
1255 6 24915 1818 1818 2476 2476
14244 1 11981 2 2 3 1
19390 0 4369 23587 23587 36595 36572
15364 0 4369 33228 33228 28003 27982
6533 0 4369 38696 38696 31759 31737
20079 0 4369 24977 24977 20282 20262
3634 1 4369 3 1 16 16
10990 1 4301 4 1 2 1
16398 1 2783 2 1 3 1
2783 1 1316 5 1 6 2
31737 0 16660 2 1 18 5
40758 0 6286 36814 36814 10333 10321
36771 0 6286 7 7 19 9
23301 0 6286 6775 6775 2697 2686
6286 1 7865 1 1 4 2
40759 0 45 6671 6671 11241 11238
45 1 44 12 3 1 1
30663 4 40225 92 91 32 32
14235 0 20549 6 6 10 5
20549 1 8731 2 1 6 2
15727 0 20842 38321 38321 39225 39224
28017 0 10090 29684 29684 9003 8989
40795 0 10090 23424 23424 10683 10668
32851 1 11382 3 3 3 2
21858 0 14369 18950 18950 14520 14516
34003 0 20650 40942 40942 40934 40933
5656 1 624 16 15 8 3
624 1 34337 5 1 1 1
32035 1 33317 3 3 1 1
6074 0 11052 40910 40910 40897 40897
6074 1 6073 2 1 1 1
31355 4 35983 223 220 54 54
10203 0 23680 278 278 986 986
34114 4 1598 2815 2814 1842 1842
15430 4 617 13 2 4 2
617 6 23164 657 642 192 192
40760 0 3796 30959 30959 11825 11813
40898 0 3796 30621 30621 11485 11474
27089 0 25460 1 1 9 1
38920 0 20791 23495 23495 5768 5768
26740 0 15987 17638 17638 8755 8750
26740 5 4475 178 178 251 234
33592 0 3640 2 2 67 4
21749 0 16741 3 3 4 2
40287 6 21134 40472 40472 40843 40843
14022 1 6297 231 227 244 244
14504 1 14022 1 1 4 1
40761 0 448 34564 34564 11069 11044
23685 1 146 3 2 2 1
24780 0 39997 8434 8434 1490 1490
40762 0 1763 39520 39520 10397 10392
6572 1 6944 4 1 1 1
6944 0 1701 33584 33584 8816 8809
4031 1 9327 40649 40641 40709 40706
37067 1 10473 1 1 2 1
23647 0 1338 172 171 216 190
23277 0 13709 1025 1025 2867 2848
3947 0 12235 4239 4239 18840 18831
12250 1 12717 1 1 1 1
271 6 40026 787 761 26 26
14931 1 36099 30 28 9 8
36099 1 14931 9 8 30 28
36099 1 27949 2 2 4 3
14576 5 2971 12508 12508 29418 29357
13484 5 2971 40621 40621 40929 40865
7443 1 25067 7 4 2 1
16880 0 18633 7750 7750 14879 14873
16881 1 16880 2 1 3 1
17282 0 228 29253 29253 29062 28985
33871 0 228 15620 15620 17667 17592
40763 0 987 30948 30948 10859 10854
20046 0 4696 36630 36630 30980 30973
8415 2 7033 3 1 15 10
15870 1 18392 3 2 1 1
25017 9 18392 150 150 1087 1086
3787 1 8742 21 20 36 32
23980 0 3787 22617 22617 23655 23638
8742 1 19068 6 3 5 1
11482 1 10803 2 1 1 1
2901 0 30222 35291 35291 26558 26558
10757 0 3459 2255 2255 9497 9489
26302 0 3459 2678 2678 6992 6986
10581 4 27666 4245 4245 6463 6463
11449 2 6220 24844 24843 16913 16906
258 6 35861 3399 3395 1190 1190
25183 3 11235 38038 38038 28183 28182
15107 1 15106 2 2 2 2
20809 4 32820 403 387 145 145
20809 4 32206 40056 40037 39873 39873
4981 1 17073 3 1 3 2
16542 0 4523 29504 29503 16599 16597
40894 0 16542 17940 17940 9988 9986
10161 1 10160 3 2 4 1
10160 0 15134 19059 19059 22224 22217
26185 1 15249 2 2 2 2
1771 1 1770 6 2 4 3
1771 1 9610 17 11 12 9
1771 1 36226 5 2 1 1
24128 0 8842 10071 10071 6177 6174
26157 1 31405 2 1 1 1
31405 1 31404 3 2 1 1
6096 1 29574 2 1 1 1
31306 6 34770 12563 12563 19719 19719
65 9 439 40500 40500 40719 40719
9078 1 23938 1 1 4 3
10215 0 5164 10065 10064 8965 8955
1559 8 14508 58 40 8 7
1559 8 25902 16264 16245 9251 9251
23501 0 1668 35343 35343 38943 38871
20112 1 27611 2 2 1 1
29717 0 30926 11455 11455 22247 22246
40020 0 17095 21619 21619 17769 17768
23138 0 1929 1 1 233 17
38723 0 1929 2 2 240 20
27757 0 1929 5 5 230 17
35086 0 1929 4 4 216 11
20750 0 1929 2 2 241 20
38906 0 1929 5 5 248 24
18333 0 1929 4 4 237 19
15970 1 3369 2 1 2 1
8306 2 25327 4 3 22 15
25327 5 3250 40939 40939 40941 40929
32633 1 5596 2 1 8 4
30166 0 5644 3 3 23 6
3771 0 5644 7 7 22 6
36968 0 18425 1870 1870 3110 3107
4765 1 4764 2 1 4 1
17970 0 4765 40189 40189 39027 39022
13604 2 251 15009 15009 28088 28080
37309 0 30216 33079 33079 37580 37580
38488 0 19873 18284 18284 6910 6909
21703 2 1136 5 4 91 25
37709 2 1136 3 2 100 33
29422 2 1136 8 7 278 208
34900 2 1136 4 3 125 56
4319 2 1136 9 9 402 331
35289 1 33808 2 2 2 1
7560 1 5488 2 1 5 1
40937 0 5488 24218 24218 10855 10853
13163 0 5488 40937 40937 40935 40932
3087 1 18847 2 1 6 6
27819 0 3087 11154 11154 10220 10205
29206 1 25712 1109 1108 2399 2399
4485 0 608 606 606 806 445
4485 1 4213 26419 26416 28891 28886
2562 0 608 17793 17793 36077 35678
40838 0 608 2675 2675 7681 7303
14223 0 608 3835 3835 10338 9954
9757 0 608 20728 20728 38120 37719
21406 0 608 983 983 3007 2641
20006 0 608 25517 25517 23662 23271
1328 0 608 1451 1451 2190 1826
30256 0 608 3301 3301 10932 10546
28595 0 608 10417 10417 31252 30857
40884 0 608 2624 2624 7436 7063
33590 0 608 3 3 303 7
40777 0 608 2656 2656 7719 7340
39245 0 608 4112 4112 19071 18682
40785 0 608 2717 2717 7552 7177
40793 0 608 2677 2677 7432 7060
40814 0 608 2593 2593 7326 6956
7793 0 608 12305 12305 32270 31874
37242 0 608 10847 10847 20279 19889
40830 0 608 2654 2654 7720 7340
40764 0 29777 9458 9458 10636 10634
13128 0 959 39055 39055 36293 36262
35052 0 959 26003 26003 25923 25894
14092 1 7130 1 1 3 1
40765 0 18 25307 25307 11215 11215
37609 0 25129 38381 38381 35019 35014
3268 1 10028 7 6 3 1
40766 0 35564 7020 7020 6340 6340
15729 1 12999 6 3 4 2
12999 1 15729 4 2 6 3
35258 4 25396 6967 6967 2690 2690
38187 1 29741 2 2 1 1
38187 0 2275 254 254 1055 1023
40767 0 15247 30876 30876 11017 11014
27131 1 17012 3 3 3 3
15936 0 23068 5 5 5 3
7803 1 13968 8 6 5 3
13968 1 7803 5 3 8 6
40572 0 32910 21887 21887 8665 8662
39830 0 32910 840 840 452 450
14004 0 25065 25070 25070 21299 21296
25065 0 4789 8 8 14 12
32733 0 248 40942 40942 39754 39745
10121 0 248 40921 40921 40922 40912
30194 0 7722 4 4 16 4
23606 0 4877 646 646 2981 2971
32247 0 4877 2021 2021 9341 9330
30622 0 2318 4 4 153 46
26982 0 2318 910 910 8592 8469
9320 0 2318 1 1 356 243
26224 0 2318 1036 1036 13614 13487
18713 0 2318 67 67 787 671
38875 0 2318 37083 37083 38762 38631
3443 1 12083 85 84 13 12
13887 0 3443 39760 39760 40473 40461
18271 0 3443 12 12 74 64
4423 0 24850 40936 40936 40930 40929
1038 4 13190 269 101 1 1
1038 4 40447 288 117 10 10
1038 4 33781 277 107 1 1
1038 4 31677 182 24 1 1
1038 4 7455 251 85 7 7
23751 4 8080 31 27 50 50
8080 4 23312 162 159 19 19
25625 5 2176 2251 2251 1890 1797
24036 5 2176 40834 40834 40596 40490
18415 5 2176 19863 19863 19458 19355
29637 0 28168 40926 40925 40885 40880
17924 0 7315 17541 17541 13704 13699
13300 0 11301 38037 38037 35466 35456
13300 6 14769 38177 38174 29910 29909
25115 0 11301 36164 36164 39326 39314
20438 0 11301 13637 13637 14997 14988
37862 0 11301 37518 37518 38228 38217
34851 4 31118 13 12 6 6
40242 0 24346 805 805 2796 2793
26644 1 4985 98 98 69 68
26644 1 16054 167 166 116 115
8110 0 12168 31298 31298 27208 27172
36165 0 12168 37261 37261 39217 39180
22455 6 27199 1168 1168 4251 4251
7288 1 36878 4 4 1 1
19322 5 7288 20432 20432 26439 26425
40768 0 1784 25980 25980 10711 10665
15769 0 1784 40941 40941 40941 40893
40438 0 1784 15491 15491 15766 15719
40839 0 1784 25795 25795 10706 10661
27441 0 25270 33440 33440 18584 18583
25270 0 6354 379 379 3773 3770
12380 1 20717 4 1 4 3
3729 0 20717 15 15 39 29
176 1 25906 40940 40939 40933 40930
25906 1 176 40933 40930 40940 40939
40769 0 10981 5479 5479 8817 8816
24894 0 7247 3782 3782 1282 1272
27000 0 7247 83 83 845 836
17047 0 13439 8165 8165 7165 7165
40770 0 3005 24081 24081 9795 9781
12076 1 3005 4 3 21 16
12740 4 40747 8883 8883 1789 1789
16545 1 14634 1 1 8 1
4313 1 3457 2 1 5 1
1482 0 13752 40788 40788 39450 39450
1482 1 35255 4 1 4 3
11251 1 13752 2 1 2 1
28721 1 22741 2 2 3 3
28721 0 15897 4 4 5 3
3761 0 8987 918 918 3184 3184
8987 3 23784 24706 24706 32123 32123
7280 1 26118 2 1 2 1
28912 1 26118 1 1 1 1
38386 0 1904 88 88 53 51
6607 1 11157 2 1 1 1
637 6 31616 850 805 83 83
637 6 39715 584 541 19 19
637 6 14054 54 16 4 4
637 6 39536 828 784 33 33
637 6 23571 529 488 52 52
637 6 40404 437 397 11 11
637 6 29851 569 527 14 14
5767 4 21704 14 2 1 1
3432 4 7926 47 45 9 9
3509 0 3407 40350 40350 39524 39521
13238 0 3407 39786 39786 40399 40395
26647 1 3407 494 493 1182 1177
24287 1 17938 11 10 5 4
36533 9 24287 1 1 2 1
17939 1 17938 5 5 2 2
9673 1 8487 40922 40919 40927 40924
7998 1 9673 40763 40760 40820 40818
8487 1 7998 3 1 7 5
3814 1 3548 4 1 2 2
23744 0 296 36035 36035 33176 33024
21505 0 296 398 398 927 780
7397 0 296 2 2 116 3
10506 0 296 5 5 135 6
38028 0 296 2 2 136 6
12013 0 296 8 8 236 96
15119 0 296 92 92 384 238
36945 0 296 8792 8792 7575 7426
36798 0 51 242 242 1498 1305
38369 0 51 2764 2764 4424 4227
40705 0 51 8660 8660 9736 9537
20387 0 51 26 26 334 143
40810 0 51 8568 8568 9861 9661
27837 0 51 104 104 468 276
5886 0 51 226 226 1868 1674
20051 1 20050 2 1 3 1
20861 1 5558 2 1 3 1
26868 0 6233 3 3 17 8
26868 1 5872 17 15 21 18
37434 0 917 40942 40942 40903 40900
25228 0 917 40834 40833 40415 40413
20402 0 16155 20531 20531 27570 27569
30004 0 2482 14 14 85 76
18986 0 2482 40412 40412 40607 40597
39024 0 29467 4065 4064 759 758
38724 0 29467 39261 39261 37016 37014
36561 5 129 919 919 1324 1287
1583 0 129 12754 12754 24482 24475
406 1 1287 4 2 40 31
23997 1 406 2 1 2 1
18173 1 1287 3 1 10 5
40882 0 1287 14027 14027 9888 9849
332 0 1287 7 7 52 17
18612 4 33576 70 50 4 4
18612 4 19325 40 21 1 1
12266 4 18612 11 4 72 72
5940 0 532 4 4 79 4
1521 0 532 2 2 84 6
40279 0 532 3 3 78 4
30426 0 532 2 2 74 3
15231 0 532 4 4 83 6
40771 0 10613 14625 14625 10384 10374
29184 1 22723 2 1 2 1
29184 1 30903 3 1 2 2
6386 0 26454 2062 2062 3747 3743
3277 1 37105 13 13 2 2
31630 0 33081 40309 40309 7248 7247
33081 0 3606 39197 39197 39864 39851
1354 1 1353 29924 29923 23011 23006
4940 6 40772 9667 9665 25961 25961
4385 0 4940 23 23 94 84
29446 0 4940 40924 40924 40913 40902
24366 1 7539 1 1 4 4
9683 6 40773 10499 10498 15547 15547
40773 0 2732 30707 30707 10480 10477
33864 0 13576 602 602 856 851
28351 1 685 2 2 7 7
35900 3 685 2 2 4 1
8053 1 32295 29556 29550 27032 27031
35212 0 8053 40916 40916 40828 40826
8643 0 1819 28071 28070 28918 28912
7117 1 8643 2 1 5 3
24594 5 1819 53 53 87 52
3210 5 1819 38904 38904 38407 38366
27467 0 31416 11486 11486 2487 2485
464 1 3675 1 1 7 1
3675 1 12232 6 1 2 1
3675 1 19310 5 1 2 1
4006 1 7203 3 1 2 1
1307 1 11050 12 11 11 2
10097 6 15251 24639 24639 39658 39658
21168 1 10097 3 2 4 2
23083 0 26718 7284 7284 10575 10575
21673 0 26120 17945 17945 21564 21563
26120 0 6426 8 8 14 8
24650 0 27939 6097 6097 262 258
38457 1 9568 2 2 3 2
27178 0 2497 12809 12809 13413 13319
31174 0 2497 40910 40910 40915 40815
19058 0 2497 39 39 149 58
23035 0 2497 31409 31409 34671 34572
5147 0 2497 32071 32071 25779 25683
5305 1 1 2 1 2 1
29442 1 5305 3 1 4 1
12784 4 1630 8079 8073 3877 3877
12784 4 5463 935 930 914 914
25315 1 20655 4 1 2 2
8198 0 20655 14144 14144 19263 19259
20655 1 5129 289 288 157 153
931 0 2275 4304 4304 3793 3760
11433 0 2275 24206 24206 25582 25548
14758 0 9787 38474 38474 38468 38449
36898 0 1686 4457 4457 8534 8526
40774 0 16369 38829 38829 10236 10231
17226 1 10110 7 7 3 2
27870 2 2023 7613 7613 4567 4517
18478 2 2023 50 50 934 885
11490 2 2023 11416 11416 7225 7174
20278 2 2023 8 8 249 202
16554 1 29212 40658 40656 40942 40941
29212 0 34093 39156 39156 32432 32431
36825 0 20796 2 2 11 6
5335 5 9988 2400 2400 769 766
29725 5 9988 2 2 12 10
1864 4 39744 203 123 1 1
1864 4 12986 234 153 22 22
1864 4 9221 130 53 1 1
1864 0 1703 6 6 30 3
12378 1 3604 2 1 4 1
9895 1 13428 5 1 1 1
15667 1 15666 3 3 2 1
2507 3 4435 18735 18735 642 642
6789 9 2507 7 7 42 41
16918 1 2507 5 1 13 4
20071 4 20803 7 2 2 2
20849 1 14778 3 1 1 1
13053 1 24622 1 1 6 2
40284 1 24622 1 1 5 2
19366 0 20234 16919 16919 29275 29273
26315 0 19366 1 1 9 2
35882 2 2524 31607 31606 23325 23280
33234 2 2524 2 1 45 4
40939 2 2524 25479 25479 10875 10831
8199 0 15331 8122 8122 4204 4202
19502 1 12706 7085 7084 27972 27972
11732 1 7659 11 10 9 4
29649 0 11732 15325 15325 15281 15273
7659 1 7279 4 1 2 1
12815 4 27688 105 83 1 1
12815 4 20570 263 240 2 2
26871 0 2084 40938 40938 40941 40941
4955 6 15531 27 26 65 62
8178 1 11153 2 2 1 1
2181 6 20785 91 74 40 40
2181 6 11583 1098 1080 402 402
23792 0 30977 14258 14258 6859 6854
4102 4 38587 135 126 2 2
40775 0 35896 16590 16590 8805 8804
6696 1 21296 11754 11752 1538 1536
21295 1 6696 8 8 6 5
8023 1 21296 4 2 3 2
3303 0 10707 15293 15293 8155 8132
17408 0 4099 40943 40943 40796 40795
23226 0 34449 3526 3526 8081 8080
4136 1 4135 21 18 5 5
39465 0 16668 40795 40795 36360 36356
16257 0 23562 40661 40661 40071 40065
4227 6 32367 1009 1006 3407 3407
40607 0 4227 28140 28140 9974 9971
16679 1 16678 1 1 3 2
1122 9 23212 39962 39961 39365 39365
23212 0 2918 545 545 498 424
7532 1 7531 5 1 2 1
29273 1 14570 1 1 4 1
5949 0 3779 36162 36162 39951 39896
8913 0 3779 12543 12543 26317 26264
23795 2 2580 5 5 39 3
9939 2 2580 7 7 71 30
20115 2 2580 3 3 42 4
36622 2 2580 7 7 50 10
15250 5 2644 40725 40725 40937 40921
4951 1 5069 2 1 5 2
7948 1 8993 3 1 2 2
3755 1 18943 3 1 2 1
18943 1 30961 1 1 2 1
17857 1 11523 174 173 777 775
6924 4 37669 213 199 4 4
6924 4 25551 286 271 94 94
30696 4 40310 1111 1111 492 492
5259 0 9217 34702 34702 38023 38015
28032 0 5259 39370 39370 38447 38439
20159 4 23395 6133 6132 2555 2555
17347 4 20159 812 808 429 429
3882 4 10151 36 36 62 62
8811 0 2340 18506 18506 33488 33485
32387 0 8811 36762 36762 38137 38134
35192 0 2340 3813 3813 3253 3251
19066 6 13595 5277 5271 5228 5228
2887 0 2938 4 4 7 4
2887 1 7436 4 2 1 1
15497 1 2938 1 1 2 1
25015 4 28828 923 923 492 492
21810 4 25015 126 117 25 25
3850 0 160 5376 5376 4634 4594
15553 0 160 33513 33513 24804 24762
17933 0 160 271 271 859 821
30234 0 2731 2 2 100 73
46 0 14274 40233 40233 37720 37714
14834 1 16497 4 3 4 1
14834 1 8390 7 5 5 1
14834 1 5110 19 16 27 18
40922 0 14834 31472 31472 10955 10950
11673 1 5110 2 1 7 1
29358 0 2687 1 1 32 2
8288 0 2687 2 2 38 3
33791 0 2687 2 2 37 3
33543 0 40596 8031 8030 4745 4745
172 4 7119 2798 2797 116 116
35331 5 172 66 66 1938 1614
28580 5 172 18816 18816 36416 36067
18603 5 172 3426 3426 30877 30536
36972 5 172 24 24 620 309
78 5 172 3 3 244 4
33614 5 172 567 567 8320 7983
35822 5 172 25362 25362 35990 35642
39121 5 172 30414 30414 34118 33774
22074 5 172 5389 5389 32379 32036
20314 5 172 25327 25327 39507 39152
1118 5 172 25933 25933 34841 34495
21326 1 23555 39653 39649 40116 40113
2173 6 38083 19 8 2 1
2173 6 18659 95 83 20 20
33947 4 39713 812 812 1775 1775
18377 3 4166 4 4 4 2
34858 0 18783 37568 37568 21756 21755
3968 1 5813 3 2 6 1
11261 1 5813 2 2 3 1
5813 1 31835 181 174 1571 1570
36714 0 38851 37785 37784 40378 40378
30857 0 30511 36193 36193 38049 38048
1365 1 15439 2 1 3 1
39987 0 81 27 27 74 27
36104 0 81 1 1 53 7
5785 0 26217 668 668 2704 2701
19380 0 26217 40940 40940 40941 40937
6787 1 26217 5 2 5 4
16634 0 9747 40790 40790 40932 40916
36078 1 7833 2 2 1 1
32975 0 9558 40942 40942 40932 40932
32975 1 32002 1 1 3 3
22353 1 15922 3 1 1 1
1604 1 6991 3 1 4 1
2547 1 14925 2 2 12 10
14212 0 14737 14 14 51 41
4130 0 3621 40936 40936 40870 40862
24323 0 3621 21619 21619 14076 14069
3621 0 9758 39015 39015 37243 37222
10319 4 33522 273 257 24 24
27683 1 39142 2 2 2 2
16503 1 110 110 110 173 169
40776 0 5310 12962 12962 10140 10130
25496 0 5310 2 1 13 4
1913 6 25274 4562 4558 2991 2990
33711 5 19257 861 860 482 475
32197 1 22383 3 3 3 3
23062 1 12031 1 1 2 1
26578 0 239 24910 24910 38851 38585
19936 0 239 5108 5108 20300 20037
40929 0 239 3043 3043 7876 7621
24226 0 239 2586 2586 30199 29934
20767 0 239 85 85 401 166
19429 0 239 444 444 4902 4650
32842 0 239 279 279 2223 1977
34670 0 239 472 472 3510 3262
23758 0 239 40189 40189 40817 40550
13023 0 239 3274 3274 14016 13758
16182 0 239 567 567 4322 4072
17401 0 239 8577 8577 24992 24728
34239 0 239 748 748 1023 779
2069 1 15760 11 1 2 1
22182 1 3014 4 2 2 1
31096 1 15639 2 1 1 1
15639 1 29383 5 1 1 1
15639 1 207 4 1 2 1
13398 0 71 33327 33327 34417 34354
2736 4 13398 37663 37614 40306 40306
13398 4 7720 40942 40935 40941 40941
20939 0 2215 3 3 14 9
7946 1 1765 2 1 2 1
1947 0 1249 33036 33036 13289 13244
22728 1 16506 1 1 15 13
34810 9 22728 1062 1062 57 57
3254 0 2886 8359 8359 4605 4597
18890 4 37812 985 982 53 53
18890 4 28071 119 117 201 201
24803 4 28831 5 4 5 5
12939 1 23279 6 4 1 1
13702 1 12070 6 2 3 2
27600 0 7589 40935 40935 40927 40918
24117 1 1225 6 6 4 4
1110 0 20337 38462 38462 38748 38741
40926 0 20337 33472 33472 11157 11151
354 4 36395 40875 40872 40819 40819
24159 0 12803 40846 40846 40566 40566
26948 2 3620 14 14 215 190
37272 0 7800 14694 14694 8157 8146
23037 4 3762 31601 31599 17697 17697
33783 2 1326 52 52 1769 1636
22501 2 1326 2 2 138 18
31495 2 1326 17180 17180 18174 18038
19086 2 1326 43 43 309 179
38740 2 1326 17320 17320 24263 24126
38719 2 1326 20214 20214 26098 25960
36238 0 1326 36506 36506 40642 40626
18160 0 1200 40923 40923 40935 40935
23552 1 10327 11 9 8 6
40037 0 19153 11148 11148 12838 12836
33552 0 40037 13751 13750 12142 12142
7751 0 3712 28593 28593 18107 18099
7196 0 3712 37441 37441 34686 34677
28826 1 3712 3 1 6 1
26351 6 25426 23 23 66 66
17946 0 26351 34717 34717 30825 30820
10124 0 25426 40616 40616 40882 40878
6974 6 17672 34276 34275 15400 15400
19506 1 15393 1 1 3 2
32325 0 17590 6198 6198 3268 3261
40778 2 26169 40685 40685 11428 11428
36197 4 29170 35453 35453 36434 36434
1264 1 22448 4 1 2 1
40779 2 1646 28162 28162 10137 10095
40782 2 1646 27948 27948 9984 9943
40780 0 379 38712 38712 10426 10409
40828 0 379 38740 38740 10508 10490
14490 1 12757 1 1 4 1
34243 0 1244 2 2 302 30
12545 0 1244 10 10 353 70
28964 0 1244 13 13 366 81
4871 0 1244 5 5 293 23
17807 0 1244 14 14 382 95
14487 0 1244 5 5 274 13
40781 0 4921 40273 40273 11456 11453
9372 1 1508 7 6 12 11
2261 4 19476 55 40 24 24
2261 4 18565 26 12 8 8
5771 4 39949 67 59 2 2
13951 1 3521 5 2 5 1
18299 1 274 1 1 4 1
15954 1 34113 2 1 1 1
17141 0 21055 39326 39326 38298 38295
13878 1 26428 4 1 2 1
35918 0 391 2 2 6 4
39002 1 39001 2 2 2 2
4532 1 26446 2 2 3 3
11891 5 16320 6972 6972 5243 5230
13955 1 11289 2 1 4 1
1592 1 17240 7 3 1 1
15523 0 2604 10 10 60 25
36776 0 2604 2176 2176 1462 1425
40872 0 2604 30842 30842 9801 9762
6989 0 2604 25404 25404 21040 20999
38136 0 2604 14 14 101 65
31426 1 2604 2 1 6 1
12623 1 6107 2 2 5 2
22297 1 8322 2 1 2 1
21592 1 22297 2 1 3 1
4547 1 21674 8 1 4 1
32040 1 4547 1 1 5 1
7982 1 20572 2 2 4 1
7983 3 7982 40931 40930 40937 40936
31376 2 743 8 8 111 10
32748 2 743 53 53 1171 1064
36118 2 743 12712 12712 19618 19509
743 6 9450 32865 32864 15446 15446
39780 0 2807 11 11 57 55
4722 0 2807 10630 10630 17490 17484
35415 0 2807 26625 26625 16830 16825
15011 0 1542 167 167 1670 1650
10421 1 10420 4 1 2 1
26009 0 265 36 36 316 56
9536 0 265 10 10 317 56
15205 0 265 3 3 267 19
36270 0 265 5 5 269 20
39375 0 265 13 13 281 27
12974 0 265 38 38 319 57
25076 0 265 3 3 271 21
19351 0 265 12 12 306 48
11480 2 1534 44 43 116 109
40783 0 4407 38625 38625 11507 11507
4407 1 39995 8 1 1 1
8464 1 8424 4 1 3 1
23763 1 3300 1 1 6 1
24479 1 23586 3 1 2 1
28656 0 21 14 14 82 15
38617 0 21 1 1 70 4
39259 0 21 31588 31588 17023 16954
6493 0 3567 36073 36073 25173 25171
21912 0 22347 416 416 231 230
24178 1 9908 21 16 1 1
22121 0 351 1 1 108 3
25316 1 746 4 2 3 2
3063 1 4791 11 6 10 7
11495 0 4791 16929 16929 29055 29041
36889 0 883 5 5 246 31
22017 0 883 7 7 239 26
39078 0 883 18 18 313 90
7495 0 883 11 11 250 34
7498 0 883 2 2 253 36
36527 0 883 7 7 241 27
31583 0 883 22 22 276 58
40784 0 14144 26799 26799 11554 11536
3408 6 8243 79 24 93 92
3408 6 8940 17936 17865 26712 26712
3408 8 38801 9008 8942 11350 11350
3408 8 28506 121 62 17 16
10233 4 38705 40810 40796 40941 40941
36048 6 18704 31540 31540 35216 35216
1046 7 36048 39808 39686 37947 37947
1962 1 1961 26 21 4 1
11585 3 21329 5 2 6 5
32391 1 11972 2 2 2 2
31739 4 18679 87 85 22 22
26785 1 7703 1 1 7 2
20520 1 6788 30 28 20 19
11565 1 37185 19 11 18 18
11565 1 12441 9 2 2 2
29689 1 11565 2 2 8 2
19922 0 8858 26 26 53 42
15795 6 39521 7 7 7 7
840 8 19493 29 18 14 12
840 8 36647 129 116 35 35
840 6 30428 4206 4193 8478 8478
26662 0 7523 3731 3731 14669 14666
26756 0 9311 31561 31561 32963 32952
12636 1 24788 21 17 4 4
20784 1 387 28968 28967 37015 37015
387 1 20784 37015 37015 28968 28967
12153 3 19756 4 3 1 1
13239 0 284 15 15 246 22
34758 0 284 2 2 240 19
35142 0 284 1 1 236 18
33324 0 284 1 1 231 16
24884 0 284 2 2 239 19
39131 0 284 2 2 243 21
26984 1 38840 3 1 1 1
9435 1 13227 5 2 7 1
5449 0 9435 73 73 1313 1313
31592 1 13227 3 3 15 8
23798 1 23297 27966 27963 23591 23590
21935 1 23297 1 1 1 1
4425 0 9880 17338 17338 22618 22609
17011 3 17169 4 2 3 1
7442 1 23836 3 1 3 1
7442 0 12505 37592 37592 40179 40171
23836 1 3274 2 1 3 1
17432 1 30826 22 22 6 6
11988 4 31236 147 146 157 157
31236 4 34496 83 82 1 1
1444 0 9048 24719 24719 23155 23136
5768 0 1444 39085 39085 39967 39931
39440 0 1444 2903 2903 8173 8138
20898 0 9048 2338 2338 5344 5328
2408 0 9048 67 67 218 203
33742 0 9048 4527 4527 9503 9485
38351 0 9048 2805 2805 7355 7338
6375 1 8324 2 1 1 1
37317 0 6230 12871 12871 7598 7597
10713 4 2207 420 415 1763 1763
40786 0 1672 33343 33343 10462 10427
40892 0 1672 33698 33698 10859 10823
28472 5 10737 34857 34857 33450 33447
10737 6 27038 11568 11564 30115 30115
21537 0 1027 2 2 184 33
35194 0 1027 1 1 152 3
39579 4 25695 36279 36279 20828 20828
12699 0 2137 40498 40498 40898 40886
27906 0 19986 19514 19514 29470 29467
19986 1 16852 4 2 4 2
30297 1 3771 2 1 4 2
39950 0 2362 28 28 105 103
16469 0 178 2 1 13 2
34721 0 178 2 1 20 8
9225 0 178 242 242 579 566
31063 0 2110 10 10 240 55
38241 0 2110 1229 1229 1935 1741
31237 0 2110 4 4 213 30
5590 0 2110 16 16 387 194
7272 1 33016 2 2 1 1
17837 0 7272 8 8 4 3
36109 1 33016 2 2 3 2
33016 1 33015 4 2 1 1
39272 0 12035 2 2 11 2
11022 6 27914 19434 19427 25872 25872
40787 0 5243 34231 34231 10385 10380
3741 1 18271 1 1 2 2
40788 2 593 9202 9202 10936 10910
27944 2 593 13352 13351 12625 12598
9102 2 593 406 404 1146 1122
40548 0 16045 36 35 361 360
758 1 10360 6 4 6 1
10360 1 10359 5 1 1 1
3223 0 3161 1186 1186 2940 2904
5881 1 18355 5 4 1 1
38969 0 16196 5 5 24 23
29347 0 1461 33660 33660 19176 19163
1650 1 16394 10125 10117 10872 10872
1650 1 16302 115 109 68 68
40174 1 1650 17268 17268 10049 10042
9952 1 37466 9 2 1 1
2245 0 2918 288 288 152 82
2245 1 2244 3 1 5 2
14233 0 2918 249 249 293 222
1079 0 2918 21098 21098 8216 8136
32727 1 24872 1 1 2 1
39701 0 5987 31882 31882 7475 7475
15176 1 18854 5 1 3 1
18854 0 7016 7251 7251 5828 5826
24327 0 3027 21798 21798 21297 21244
14366 0 24327 789 789 1647 1647
23190 1 13002 2 1 4 1
5729 1 20226 1 1 2 1
20226 0 13887 4 4 9 4
8274 1 8999 18672 18670 16944 16939
18181 1 8274 7993 7991 5604 5603
9428 1 8999 2 1 5 1
8511 1 31347 2 1 1 1
21811 0 278 3 3 191 11
33666 0 278 2 2 181 8
21874 0 278 5 5 189 10
29143 0 278 7 7 184 8
18106 0 278 8 8 182 8
39291 0 278 6 6 192 11
37756 0 278 2 2 188 10
511 0 15897 29401 29401 15555 15552
15736 0 1677 4613 4613 10435 10378
829 0 1677 5 5 38 4
27621 0 1677 6696 6696 9514 9458
29445 1 1550 1 1 1 1
18936 4 39578 36 35 4 4
34932 2 14540 2 1 18 14
647 1 6311 7 1 4 4
33210 6 17250 2948 2948 2368 2368
9637 5 1981 4709 4709 986 937
21619 5 1981 5573 5573 11110 11058
11643 3 3908 36135 36134 30479 30479
30998 1 7774 2 1 2 1
30998 1 2447 1 1 2 1
16669 2 916 2 2 142 8
8577 2 916 4 3 272 129
18018 2 916 2 1 426 281
35944 2 916 2 1 254 113
9258 2 916 4 3 521 375
34189 2 916 2 2 169 31
21737 0 2589 34528 34528 30471 30453
40303 0 2589 40505 40505 22210 22193
3167 1 6502 12 9 4 1
17014 2 3167 2 1 43 22
7204 1 3167 3225 3223 18199 18194
32383 0 427 1 1 81 14
13521 0 427 5 5 99 30
11437 0 427 1 1 102 31
16023 0 4958 40926 40926 40917 40915
5777 4 4318 23 10 4 3
5144 4 4318 4 2 9 7
4318 6 27523 286 282 146 146
19086 6 12484 4 1 13 10
12201 4 22304 248 242 20 20
10786 1 14577 3 1 3 2
20175 0 7143 40941 40941 40940 40934
1205 1 23424 2 1 2 1
35226 0 37189 13876 13874 12468 12466
19169 1 25362 2 1 2 1
14940 1 12227 2 1 2 1
12227 1 13800 3 1 3 1
2813 0 3170 4849 4849 3595 3595
3170 1 3169 5 2 4 4
35238 1 8601 1 1 3 1
36661 1 39486 3 2 1 1
17745 5 774 31594 31594 28502 28363
17745 2 1137 28724 28724 31263 31155
37417 5 774 2 2 129 4
29963 5 774 2 2 130 4
40735 5 774 8101 8101 9779 9642
23613 4 28865 191 188 4 4
24660 4 23613 361 358 288 288
6782 5 5167 22590 22590 10629 10609
34227 5 5167 26889 26889 6822 6803
5167 6 27267 28470 28469 39853 39853
40789 0 25921 4249 4249 6522 6522
18492 6 36549 38190 38189 37602 37602
864 1 14562 13 9 22 21
32699 0 14562 3 3 15 6
4521 1 25708 5 1 2 1
10559 1 10558 5 5 5 5
3083 0 26431 590 590 251 246
5974 0 9758 28973 28973 29332 29312
4522 0 9758 13716 13716 10621 10602
12683 0 9758 40911 40911 40848 40826
19 0 29519 97 97 227 225
38094 4 40790 8118 8118 4788 4788
36200 0 5055 34811 34810 27178 27178
204 1 3048 5 1 3 3
32488 1 204 2 1 3 1
40791 0 11084 26747 26747 10059 10041
33754 1 5275 1 1 3 2
32 4 32392 133 117 2 2
32 4 24489 200 183 2 2
12319 4 14836 32 27 78 78
27811 2 10916 4658 4657 3361 3356
30475 0 10916 39646 39646 40110 40110
15792 0 3763 315 315 399 394
8019 1 30805 4 1 2 1
2949 1 8019 4 1 5 1
30805 1 16646 128 126 549 545
35060 0 5892 40939 40939 40730 40722
11125 4 10606 40934 40934 40942 40942
25276 1 3926 2 1 5 1
13830 1 6490 40942 40936 40942 40942
13830 1 7308 5 1 2 1
6490 1 13830 40942 40942 40942 40936
1366 0 29 5 4 6 2
29 1 11186 1 1 2 1
6226 1 29 1 1 4 2
19987 4 11397 163 161 236 236
4506 1 9454 4 1 3 1
6037 0 39187 20343 20343 18110 18108
39187 0 11100 39533 39533 36742 36724
2381 2 12273 5 5 44 2
7324 2 12273 2 2 41 2
6513 0 650 4556 4556 6030 5989
37308 0 650 39619 39619 29927 29885
40792 0 9525 39694 39694 9533 9529
30839 1 10851 2 2 4 3
21181 5 232 16835 16834 7232 7223
11205 5 232 34934 34934 16292 16282
24984 0 232 9053 9053 6244 6238
38752 0 728 40874 40874 40767 40760
8716 6 31315 40941 40941 40942 40942
24013 1 23715 3 1 4 1
36734 5 985 34882 34882 40837 40769
7458 5 985 27025 27025 40097 40031
12641 0 39 11110 11110 26363 26155
7396 0 39 104 104 236 51
21862 0 39 12 12 169 6
21561 0 39 18768 18768 35639 35429
13466 0 39 6 6 129 2
17532 0 39 8 8 485 291
18621 0 39 2 2 155 5
1398 0 19101 3586 3586 3399 3397
13758 1 29291 5 4 7 4
4555 0 1115 4484 4484 4621 4612
39750 6 18050 14172 14172 10771 10770
11789 1 24319 40938 40938 40941 40940
24319 1 11789 40941 40940 40938 40938
7072 1 9237 7 1 2 1
13503 1 7072 3 2 6 1
25660 5 4520 40941 40941 40941 40937
38151 0 7155 151 151 448 443
4453 6 7580 4787 4781 9521 9521
7580 0 34614 16155 16155 6789 6788
26183 0 11186 130 130 556 553
35764 0 14617 40927 40927 39686 39685
4608 0 3699 12798 12798 1698 1679
40827 0 3699 36847 36847 10607 10587
8852 0 7403 16891 16891 24841 24836
8176 1 8852 3 1 2 1
193 6 27058 51 2 2 2
193 6 11869 30 1 10 10
193 6 18878 53 3 2 2
19842 4 22836 6668 6663 4072 4072
21930 1 21045 3 3 3 1
21930 0 12252 5902 5902 11072 11066
5745 1 14074 2 1 2 1
26613 1 9037 2 1 3 1
9037 0 3099 40786 40786 40872 40871
7396 4 28775 139 124 9 9
24578 3 23111 4 3 2 2
21061 1 25626 3 3 2 2
24011 0 12474 18346 18346 12886 12884
13829 1 16710 35 33 14 14
4185 1 13829 3 2 3 2
13829 3 25284 16615 16613 23587 23585
12211 0 6042 52 52 108 98
13978 1 2276 1 1 4 1
39294 4 26572 11700 11700 12603 12603
33294 0 3229 40942 40942 40938 40927
8108 0 3229 30388 30388 31851 31841
3229 1 22044 12 9 4 2
6633 7 40129 27643 27632 36859 36859
6633 7 12050 249 239 24 24
16200 0 1852 10736 10736 21742 21691
16201 1 16200 2 1 5 3
19710 6 10760 4177 4176 7697 7692
32734 1 3419 1 1 3 1
4779 1 14955 2 1 5 4
3716 1 1998 2 2 6 2
40577 0 3716 38303 38303 9159 9146
31620 0 3716 2360 2360 437 425
28941 0 3716 37652 37652 34059 34045
17519 0 3716 1122 1122 214 203
9620 0 3716 72 72 193 183
2915 1 12159 5 1 5 1
522 1 21041 423 420 705 703
522 1 13953 3 1 4 1
522 0 16646 32355 32355 31806 31806
32701 0 522 5 5 14 4
31153 0 36722 1858 1858 22371 22369
36722 0 1474 27839 27839 7099 7086
7592 1 9560 4 1 1 1
2035 1 8589 11 7 4 2
25494 1 8589 7 7 5 2
4666 1 4665 4 1 2 1
4665 0 6717 40940 40940 40938 40936
6144 1 19664 1 1 3 1
28456 2 1773 2 2 38 2
28456 6 22320 250 248 36 36
5443 2 1773 42 42 60 22
18213 1 18982 6 5 2 1
18716 0 37537 6781 6781 2382 2380
6882 9 10563 351 351 369 369
40794 0 32275 4960 4960 7728 7727
19296 1 6611 2 2 2 1
16065 0 36140 4 4 6 3
40829 0 16065 32380 32380 10625 10624
32071 1 23898 2 1 3 2
37285 0 184 2 2 311 13
39009 0 184 181 181 362 59
3395 0 184 1 1 289 5
32164 0 184 1 1 250 4
34310 0 184 1 1 253 4
39279 0 184 1 1 304 10
11281 0 184 1 1 295 7
30773 0 184 1 1 296 7
15734 0 184 2 2 302 9
5209 0 184 15 15 338 37
16507 0 184 2 2 316 16
40030 0 184 2 2 310 13
1190 6 31657 27 15 5 5
1190 6 39319 43 30 7 7
17492 1 20700 4 2 1 1
16074 0 18268 3 3 6 1
21289 0 18268 5 5 18 12
14746 1 23603 40936 40935 40619 40617
7078 6 36019 799 799 6367 6367
7486 0 7078 1650 1650 670 662
4225 1 13633 5 1 7 4
4225 1 11780 25 20 34 32
754 1 2375 7 4 4 3
1823 7 36030 6766 6765 8819 8818
6054 0 4123 187 187 2225 2191
6054 3 1296 40844 40842 40108 40107
3215 0 7911 6 6 4 3
6678 1 7911 3 2 3 1
16802 1 8850 4 1 3 1
1076 1 1075 7 2 8 7
1076 1 27277 14 7 1 1
18470 1 18469 2 2 4 4
7673 1 10866 3 1 1 1
7673 1 8629 2 1 4 3
8644 1 14101 3 1 1 1
493 0 1629 36710 36710 32181 32169
2736 4 26470 50 10 2 2
2736 4 34726 56 14 1 1
2736 4 35146 36743 36695 40718 40718
2736 4 33515 42 4 2 2
35179 0 19119 675 675 2714 2713
13379 4 19119 444 441 74 74
28508 2 3843 4 2 34 6
40099 2 3843 3348 3347 7092 7063
9537 1 3843 18 18 59 55
25746 0 11870 18874 18874 18641 18640
26637 6 24424 40936 40936 40939 40939
15305 5 2978 40865 40865 40912 40843
10135 5 2978 40509 40509 40925 40855
14631 0 3275 40613 40613 40571 40565
1043 1 14631 16 14 14 8
39736 1 21554 1 1 2 1
39736 0 4427 4 4 39 17
8260 0 7895 9 9 6 2
16624 0 8260 35105 35105 23876 23874
36792 1 37816 7 7 1 1
40796 2 3317 15040 15040 11865 11832
11856 1 2643 1 1 3 1
8104 1 4274 6 3 1 1
8104 1 12438 7 3 1 1
9749 1 13574 3 1 2 1
40797 0 19420 20998 20998 9692 9690
24056 0 9777 14248 14248 10280 10279
12866 6 7036 6747 6747 3347 3347
19409 4 36350 213 213 4 4
28857 0 706 6765 6765 3524 3511
19163 0 18538 10250 10250 17534 17532
16614 1 25570 164 161 44 44
16614 1 8351 160 158 55 55
24052 1 24051 4 4 2 2
29706 4 499 2 2 1 1
34810 0 17502 22123 22123 13427 13427
40798 0 38876 21968 21968 7945 7945
26283 6 40443 35113 35113 39797 39797
32794 0 18895 40939 40939 40937 40929
3034 2 1137 1 1 99 9
19442 2 1137 2 2 107 10
26122 4 31544 60 54 6 6
17880 1 20417 2 1 1 1
3499 1 20417 2 1 3 2
20434 0 21190 40634 40634 40777 40776
13327 6 22210 40942 40942 40942 40942
40799 0 5636 26893 26893 10844 10844
14768 6 24252 11 10 12 10
9578 0 473 8477 8477 8336 8333
20196 1 21248 2 1 2 1
21248 9 11908 2 1 1 1
6765 1 27335 3 1 3 2
37410 0 27335 25958 25958 25992 25991
12725 1 21889 1 1 3 3
19754 0 4059 8309 8309 23984 23981
9461 4 12081 3 2 2 2
8574 0 5381 17 17 37 27
8574 1 8573 3 1 2 1
29585 1 8574 2 1 1 1
13699 0 5381 19505 19505 31798 31786
36608 0 123 34120 34120 26406 26397
24094 0 123 27224 27224 25707 25699
516 0 292 2 2 223 4
31393 0 292 2 2 241 5
14242 0 292 13 13 262 12
33413 0 292 1551 1551 1674 1422
15177 0 292 13 13 243 5
39499 0 292 2 2 238 5
13524 0 292 5 5 239 5
31996 0 292 6 6 253 7
26845 0 292 2 2 232 5
14814 0 292 5 5 245 5
13283 1 2720 3 1 1 1
2720 1 5598 3 2 15 11
34387 1 26855 2 2 1 1
26856 1 26855 3 3 2 1
37173 4 10091 12996 12996 6326 6326
19951 0 20010 38216 38215 25472 25465
40800 0 28344 3807 3807 7757 7756
24652 0 26678 819 819 1755 1751
27632 0 31556 40276 40276 39207 39205
8336 6 2824 576 576 36 36
14255 1 19144 2 1 3 1
20014 0 14262 9 9 22 17
40801 0 16573 36044 36044 10416 10412
2360 1 4933 4 3 6 2
40802 0 39415 2125 2125 4718 4718
30541 0 22903 3759 3759 8542 8541
20618 1 9942 3 1 4 1
38150 0 712 40931 40931 40718 40713
25109 0 7757 39097 39097 30767 30765
40803 0 5646 18847 18847 10660 10656
1003 1 5646 3 1 6 2
35081 1 28378 3 3 1 1
11590 1 29649 3 2 1 1
39026 0 29817 1724 1724 2033 2031
13903 6 32368 38383 38379 38281 38281
30745 1 37402 3 2 1 1
10159 1 38458 4 1 1 1
27696 1 6690 1 1 7 2
28744 1 6690 1 1 9 3
20852 1 6690 1 1 26 17
40885 0 6690 36523 36523 11365 11357
16732 0 10532 62 62 270 266
6916 0 19429 39378 39378 38981 38981
10276 1 9887 2 1 2 1
4800 1 9900 2 1 3 1
19570 1 4800 4 2 3 1
17182 1 2190 1 1 4 4
4461 0 19310 24762 24762 20299 20291
1046 7 18091 13521 13404 1668 1668
1046 7 18788 28670 28551 14945 14945
1046 7 39181 29363 29243 30132 30131
37226 0 11964 916 916 2103 2102
11632 9 24469 9 8 2 2
40699 0 12729 33167 33167 11904 11889
14428 0 772 39424 39424 37220 37210
19055 0 772 37950 37950 22556 22547
40710 0 31312 40678 40678 8927 8925
11686 1 5336 3 1 5 1
30852 1 3198 1 1 3 1
29243 0 26808 29939 29939 27146 27146
21449 0 12858 39677 39677 39541 39537
12857 1 21449 3 1 3 2
3233 1 4145 3 1 1 1
19055 1 19054 1 1 3 3
8310 6 12531 28 20 5 4
7557 1 7633 3 1 2 1
17844 0 7120 37107 37107 33308 33305
1269 1 11040 2 1 3 1
11040 1 14848 5 1 5 3
26676 0 8201 37812 37812 33925 33911
28241 1 7436 191 191 232 230
18458 9 31641 4 4 8 7
31641 3 37842 6 5 1 1
25873 0 2795 4854 4854 5789 5788
17430 1 14006 2 1 4 2
13991 0 6823 15 15 41 35
19570 1 23428 3 2 3 1
8288 4 37118 137 135 33 33
40805 0 33924 22591 22591 9196 9195
25230 0 6253 1074 1074 363 358
15292 3 10198 1 1 3 1
39489 0 11666 35868 35868 14547 14529
39489 1 15557 1 1 4 2
37831 2 11666 15270 15270 9147 9147
15516 1 12820 23644 23642 23338 23336
34071 1 12820 3 1 2 1
4175 4 8602 24 20 2 2
24042 1 5537 1 1 4 4
19211 0 4744 8 8 25 22
31371 0 7474 4547 4547 17894 17888
27812 0 7474 37376 37376 36198 36190
28947 4 15200 39 39 8 8
18660 6 21000 629 629 230 230
15472 0 25385 36186 36186 27892 27888
12507 0 13404 2058 2058 2597 2592
26342 1 17895 25 23 78 76
2152 1 8496 6 6 2 1
39760 0 574 6 6 45 4
40877 0 574 20923 20923 10162 10116
35412 5 11510 3 3 102 84
2085 6 10383 5 1 3 3
14202 1 14201 1 1 17 13
1043 1 20085 1 1 5 4
40806 0 6850 5082 5082 11184 11160
40503 0 9914 2792 2792 3447 3445
14770 1 14307 3 2 4 2
32716 1 17183 1 1 2 1
35390 1 3256 1 1 2 1
4482 4 9719 336 332 218 218
20428 0 3527 2030 2030 1647 1630
3527 6 20663 1218 1218 784 784
30409 2 35441 40914 40914 40935 40935
11083 1 5302 1 1 2 1
23196 1 10129 1 1 4 1
1066 1 29752 3 1 2 2
40807 0 3538 20823 20823 10604 10592
22793 0 3538 25949 25949 24048 24035
6768 6 24640 39285 39281 40838 40836
6768 6 10205 36194 36191 35688 35688
2869 1 15125 3 1 3 1
29302 0 15125 33136 33136 18684 18682
9588 0 1406 40697 40697 37993 37982
18159 0 17493 32426 32426 32533 32527
21497 1 33875 4 1 1 1
20938 1 22485 2 1 4 2
13056 6 39139 31510 31508 32618 32618
23942 0 26928 349 349 1691 1689
28004 0 6478 40290 40290 26605 26603
4747 0 22951 2 2 8 4
20860 5 2566 29397 29397 37740 37725
7590 5 2566 4480 4480 3011 2997
20768 0 17402 40737 40737 38530 38528
35193 1 20768 1 1 2 1
8572 0 5856 29885 29885 37055 37027
17370 0 5856 23207 23207 31006 30979
31972 0 5856 16862 16862 27640 27615
17380 1 15779 2 1 2 1
27964 0 16186 40394 40394 23747 23741
15981 0 1328 1475 1475 1601 1589
26071 1 9303 13 12 16 13
9303 9 21981 166 166 971 971
38768 0 29318 13911 13911 7838 7834
36229 0 18254 471 471 830 813
1019 4 596 53 30 6 6
1019 4 8780 47 25 3 3
23239 1 15927 40769 40766 40919 40918
30477 1 23239 2 1 3 1
21996 6 20017 16426 16423 5701 5701
21996 6 11995 11874 11872 8970 8970
25766 0 22616 13139 13139 12497 12494
9455 0 23399 20893 20893 12916 12910
23000 6 39446 2876 2876 5661 5661
122 1 7516 6 1 5 1
11412 1 19152 4 3 3 3
8803 1 27429 3 2 2 2
15261 0 14295 39463 39463 36419 36418
25268 4 21905 6 4 2 2
15504 1 8591 5 2 2 1
8591 1 16989 18 15 5 5
15601 10 15600 2 2 1 1
31927 1 15601 1 1 3 2
34363 5 8522 39578 39578 30663 30663
33641 0 19894 21195 21195 6912 6911
33826 1 19127 1 1 2 1
39523 0 2723 38840 38840 34048 34009
39523 1 21345 1 1 4 3
7540 0 2723 23845 23845 29787 29750
4541 0 2723 35763 35763 33607 33569
28671 0 7444 40836 40835 40927 40924
40808 0 40809 1788 1788 1912 1912
26933 0 1475 4825 4825 2395 2377
35848 0 18654 4 4 11 8
19162 0 18654 5 5 14 10
29185 6 40731 10323 10322 11402 11402
3467 1 3466 15 13 14 13
15345 5 4450 3233 3233 4394 4389
7117 1 7049 3 1 21 19
32624 6 26608 618 617 350 350
2269 1 2268 5 3 5 3
30613 0 6961 2 2 6 4
2956 4 29945 29 25 4 4
40706 0 10059 31447 31447 10925 10922
3866 4 38485 164 157 29 29
3866 4 24189 40941 40933 40940 40940
9119 0 21826 1718 1718 31803 31803
18389 3 999 40942 40940 40941 40939
999 3 18389 40941 40939 40942 40940
35808 1 32154 39769 39769 40903 40903
37756 4 40810 8383 8383 4466 4466
20583 1 27612 6 6 1 1
1020 0 3141 1 1 46 3
28305 0 3141 2 2 53 3
6564 0 11337 2004 2004 7375 7374
23511 0 15656 2 2 32 6
5394 1 2601 5 5 2 1
19679 0 5394 40205 40205 40560 40553
2004 1 24164 12 7 2 2
2004 0 30642 4835 4835 16234 16233
25774 1 12289 4 1 5 1
24676 0 24224 40938 40938 40937 40936
23848 1 8714 2 1 4 1
17814 4 3175 42 41 5 5
17465 1 17464 2 1 1 1
22570 1 22569 1 1 2 1
6630 0 4722 21 21 22 14
1142 0 4722 4037 4037 2908 2899
23700 1 24343 2 1 1 1
9573 6 3123 26202 26202 31958 31934
15354 6 3123 3436 3436 16539 16517
14853 6 3123 2745 2744 6382 6361
6067 1 28605 2 2 2 2
8474 4 17327 14685 14685 17330 17330
30941 1 3753 20 18 9 6
30941 1 33174 2 1 1 1
11546 0 4442 376 376 2112 2078
6865 4 2298 5 2 6 6
1021 1 207 2026 2023 3886 3883
2872 0 17555 9598 9597 10969 10963
268 0 17555 16168 16168 6691 6686
40811 0 2664 25188 25188 10136 10120
40871 0 2664 25706 25706 10521 10504
2664 0 2624 40090 40090 39966 39959
35435 0 12605 153 153 1808 1805
29862 1 29861 1 1 2 1
31789 0 494 22350 22350 16147 16135
22923 0 28916 9 9 7 6
27985 1 27484 2 2 2 1
29410 0 16944 20996 20996 19951 19946
11888 0 36918 7700 7700 9848 9846
37558 2 741 1 1 42 1
28640 2 741 1 1 44 1
9021 2 741 1 1 19 1
22157 3 1791 2 1 3 2
22158 3 1791 40936 40934 40932 40929
8471 1 6302 3 2 1 1
32069 0 19823 24030 24030 32583 32581
38790 0 13 29199 29199 30690 30677
19437 1 22294 2 1 2 1
25022 1 32013 2 2 2 1
39553 0 4628 36 36 189 180
40833 0 4628 39797 39797 9869 9859
11144 1 2617 1 1 2 1
38399 1 1022 1 1 8 4
10536 1 36694 1 1 2 2
40178 1 1578 25510 25510 12875 12873
40864 0 1578 30468 30468 11879 11873
22410 1 37961 4 2 1 1
15647 4 32971 657 657 1693 1693
1708 0 8438 6675 6675 4327 4326
6124 1 5907 3 1 4 1
8270 1 6124 8 1 2 1
5826 1 10722 2 1 3 1
21697 0 2070 4778 4778 2598 2598
6530 1 22543 2 1 2 1
5932 1 21935 6 1 2 1
28875 3 5192 1 1 4 3
28676 3 28875 4 1 2 1
5178 1 14819 4 1 2 1
21092 0 5178 10820 10820 1970 1942
16318 0 5178 19689 19689 4132 4103
40918 0 5178 36375 36375 11197 11166
31349 1 5178 1 1 6 1
27341 1 31627 3 1 3 3
912 0 7047 34671 34671 40062 40048
739 0 912 25858 25858 11083 11072
24031 0 7047 249 249 2230 2217
30204 1 7047 11 7 21 19
40812 0 17281 16027 16027 6133 6133
9906 1 36905 6 2 1 1
6743 0 8355 1002 1002 1469 1447
1538 0 8355 34497 34497 34712 34689
35277 1 27784 1 1 4 4
5869 1 26782 6 1 1 1
40813 0 19386 3568 3568 8148 8146
38378 1 22534 1 1 5 1
31576 0 30844 37551 37551 39543 39543
10205 1 10204 4 2 3 2
11177 1 37094 1 1 1 1
7045 1 2382 1 1 6 2
21977 5 16419 40882 40882 39615 39608
3364 1 3363 2 1 2 1
3528 0 10834 36639 36639 38507 38504
17960 4 24312 11 7 1 1
27223 1 20426 1 1 3 2
24636 1 6535 3 2 7 6
23949 5 212 7 7 37 13
27657 5 828 8 7 30 16
1410 1 24564 17404 17404 5551 5550
3066 0 8076 26236 26236 28462 28454
18215 1 1414 3 2 18 8
10895 1 13973 7 2 2 2
3239 4 39144 176 126 2 2
3239 4 27881 150 101 1 1
3239 4 36428 148 100 1 1
18904 3 17353 37316 37315 39582 39581
7935 1 2201 12162 12159 20213 20211
17190 1 757 3 1 1 1
1415 1 32170 6 2 1 1
23786 1 2902 1 1 9 1
2029 1 18094 10 6 6 6
553 1 13871 818 816 465 463
24179 1 10508 2 1 1 1
25575 1 10508 1 1 2 1
27360 6 36837 6 6 5 5
31841 0 19545 37445 37445 5009 5008
33840 0 1754 40650 40650 40326 40314
40875 2 1754 30419 30419 11570 11564
38079 2 1754 22772 22771 10628 10623
40815 0 39071 11895 11895 8393 8391
29342 0 8978 1151 1151 4180 4164
6890 0 36281 12732 12732 18191 18191
8040 1 21358 7 3 3 2
10520 0 24854 26360 26360 11798 11798
28943 1 243 2 1 4 4
20030 0 13734 24748 24748 12758 12756
4563 0 12505 16 16 13 7
37725 0 23377 1 1 8 3
26865 1 19204 3 1 5 2
20288 6 29915 7484 7482 12455 12454
24515 2 20288 40800 40800 40454 40449
18855 0 2060 56 56 132 120
26308 5 18855 27078 27078 12565 12552
24430 0 2060 220 220 580 566
11475 1 13563 24621 24618 22382 22378
13563 1 11475 22382 22378 24621 24618
14231 0 7944 1572 1572 2781 2780
36007 6 17148 19955 19955 11049 11049
13350 0 29456 40941 40941 40942 40942
36696 5 9528 76 75 880 871
19256 5 9528 9 8 109 101
30889 0 33367 33171 33170 40432 40432
26734 0 2288 40705 40705 40605 40603
16979 4 35069 182 182 22 22
23628 0 2614 25641 25641 33518 33514
39567 0 4694 43 43 179 165
6695 0 32813 33167 33167 29039 29039
15469 0 6418 85 85 449 425
34418 1 25064 2 1 2 1
8727 1 8726 3359 3357 13426 13426
14189 1 23592 5 1 1 1
35545 1 14189 1 1 4 1
10877 1 11728 5 1 3 1
32814 0 4976 23 23 25 23
4165 3 25845 3 2 1 1
20625 1 7778 2 1 1 1
30076 0 10715 192 192 267 264
40816 0 14697 34133 34133 10346 10346
14697 1 31992 4 1 1 1
19191 1 27971 1 1 3 2
13842 0 11910 1202 1202 1063 1062
5985 6 10735 9 2 25 18
12732 3 28417 4 3 3 2
12732 1 26677 3 2 1 1
6204 1 6203 4 4 1 1
40817 0 19840 16533 16533 8775 8773
3387 0 19840 15505 15505 14519 14516
6550 1 2423 2 1 6 1
2423 1 24830 34989 34980 37855 37852
2924 4 30666 74 2 1 1
2924 4 2659 67 1 13 13
2924 4 29020 72 2 1 1
2924 4 36766 161 87 2 2
1379 1 25548 2 1 2 1
6265 1 1379 5 3 3 1
18135 3 294 22581 22578 19673 19673
2209 1 24141 5 1 4 3
15500 1 4546 66 65 441 438
15500 1 7996 1 1 6 5
31596 6 8773 7465 7465 13125 13125
40818 0 35587 13240 13240 7293 7293
34338 1 9890 1 1 7 1
14748 1 9890 1 1 10 1
9890 1 12054 9 1 3 2
40819 0 15962 15814 15814 7304 7303
16130 0 10326 38082 38082 31538 31536
40820 0 20319 718 718 6840 6839
11212 0 1856 28635 28635 30648 30634
14579 1 1856 2 1 4 1
28303 3 9776 1 1 2 1
9776 1 9775 4 3 1 1
561 0 5278 28079 28079 25011 25002
13724 4 995 2 1 7 7
154 1 153 1 1 7 4
5791 1 11553 3 1 2 2
24115 1 18755 1 1 3 1
28674 0 3041 40761 40761 40633 40626
40821 0 14864 25276 25276 9706 9702
17883 0 18836 21046 21046 19120 19118
40822 0 9367 34525 34525 10156 10135
40930 0 9367 34897 34897 10708 10686
7005 0 9367 5 5 29 9
26765 1 9367 2 1 5 1
2151 0 4180 5920 5919 5221 5219
40823 0 11638 37313 37313 10696 10679
18175 1 18573 32 30 18 16
24724 1 3969 4 1 3 1
3969 0 3582 23997 23997 30141 30114
17345 0 3969 36996 36996 36994 36990
34877 1 6582 3 1 3 1
6582 1 16956 7 1 5 1
26100 1 28248 1 1 2 1
33245 0 3980 40931 40931 40939 40937
4106 1 4105 2 1 1 1
584 1 28894 40935 40933 40940 40940
35143 1 33405 2 2 2 1
17003 0 479 38858 38858 39775 39765
9877 5 6166 40451 40451 40911 40874
30263 1 25760 1 1 2 1
30656 1 25760 1 1 1 1
1999 4 17069 85 78 99 99
18272 1 19427 12 10 4 3
29081 1 13187 1 1 5 2
16522 0 3780 31042 31042 36402 36366
26742 0 15839 14 14 84 81
1918 6 39340 654 647 74 74
11624 1 20815 2 1 1 1
13939 0 7027 11 11 73 68
5788 0 7027 35996 35996 16098 16092
40824 0 2657 31904 31904 10138 10131
1294 0 25140 8253 8253 5399 5396
21281 0 428 20259 20259 5420 5394
40911 0 428 30941 30941 11531 11504
39800 1 30816 1 1 2 1
12660 0 1095 15 14 17 6
17450 0 1095 40672 40672 38677 38665
11922 0 14898 5637 5637 2874 2856
23590 0 12772 17133 17133 13706 13703
3072 1 15159 3 1 2 1
24523 0 8582 14 14 15 8
188 6 29407 5 4 10 6
39603 4 27065 1841 1841 1287 1287
4691 1 14239 4 3 1 1
36188 1 4691 2 1 1 1
36501 0 4902 4 4 5 5
40022 0 6784 1 1 14 9
4121 1 17988 3 1 1 1
34845 5 10076 5 3 18 13
19999 4 35620 11 2 4 4
25642 0 31168 975 974 388 387
28192 2 3865 4 3 55 37
25039 0 2409 9 9 30 8
34598 0 2409 4 4 36 13
40825 0 22386 5491 5491 8055 8054
15804 0 10824 3 3 10 5
40826 0 30737 11387 11387 7949 7948
11678 4 24132 1299 1299 543 543
11178 1 14178 19 12 6 6
19319 1 11039 2 1 5 1
23526 0 9730 38984 38984 40404 40402
12960 0 23054 33815 33814 37940 37940
18237 1 14439 2 1 5 1
17375 6 39568 6 4 2 2
6955 0 2697 16 16 18 16
16533 0 2697 64 64 32 29
27268 1 11354 39 38 40 36
1968 1 1967 10 8 4 1
20914 0 1967 103 103 145 139
23271 0 7641 40942 40942 40942 40942
19684 3 19683 2 1 2 2
4983 6 33006 40941 40941 40943 40943
17534 9 12584 3 2 2 2
6871 1 18043 491 489 552 551
5628 7 18994 20507 20475 34988 34988
2502 1 20104 3 1 2 1
15657 0 4985 23663 23663 15190 15188
34914 1 6434 1 1 4 1
39981 0 306 6 6 12 2
21026 0 306 40935 40935 40939 40922
37154 5 9269 38225 38225 29868 29865
9073 1 5502 6 5 3 1
30127 0 1623 18660 18660 9190 9187
16304 0 30127 27290 27290 32052 32052
16980 1 4548 4 2 6 3
469 0 14498 17257 17257 18534 18523
9243 6 35214 40940 40936 40941 40941
36148 4 23121 355 354 835 835
3358 1 4743 6 1 3 1
9720 0 4743 22 22 52 42
40888 0 4743 19367 19367 10673 10662
2064 1 2154 1 1 1 1
22278 1 35919 1990 1990 2623 2623
36060 0 14935 33633 33633 15924 15915
27146 5 11426 40937 40937 40869 40860
3169 0 3813 40835 40835 40872 40854
3823 1 3813 2 2 6 1
20664 4 26988 14836 14834 1757 1757
6374 1 11133 11585 11583 6037 6035
33074 2 7 24 24 167 130
18961 2 7 4 4 39 3
17395 0 7902 21247 21247 9477 9474
22908 1 5606 4 1 4 2
10254 1 10253 2 1 2 1
40906 0 10253 16596 16596 10404 10390
14113 1 5076 2 2 5 1
36403 1 10838 1 1 4 3
14974 0 14973 13 13 10 2
14973 3 19845 1 1 4 4
40831 0 4593 32715 32715 10461 10461
31084 1 27014 2 2 4 2
12467 4 39860 13 9 1 1
40832 0 6630 31991 31991 11109 11105
26778 4 2803 1653 1653 1319 1319
3765 1 28497 2 1 1 1
20691 1 4936 1 1 6 3
7886 0 12463 8105 8105 6395 6389
14999 4 31316 37918 37918 23854 23854
22172 0 11068 35 35 204 190
454 3 16514 4 2 3 1
3025 1 16514 2 1 3 3
29578 0 15788 5238 5238 15719 15718
23802 0 21987 5296 5296 2066 2063
21987 0 20963 30317 30317 33033 33032
11759 2 10987 149 149 42 41
38689 0 12894 34680 34680 9954 9944
40834 0 14087 10566 10566 7662 7662
14853 1 5935 1 1 3 1
4044 4 31152 48 48 5 5
29372 0 24630 904 904 483 478
24630 0 22399 29535 29535 34767 34766
19479 5 4701 40938 40938 40938 40916
8240 5 4701 40941 40941 40939 40916
33163 5 4554 8 7 10 4
29553 1 26733 1 1 2 2
29553 0 8837 22090 22090 12969 12967
6792 1 14058 2 1 3 1
21282 0 15062 38542 38542 3947 3947
23036 4 36472 7917 7911 19994 19994
5783 4 23036 6732 6723 4787 4787
40835 0 40836 1691 1691 2107 2107
18778 6 32930 13522 13521 9233 9233
18778 0 5314 40942 40942 40937 40910
24621 2 17930 2 1 8 1
27989 2 17930 3 1 16 6
26041 0 4289 40940 40940 40941 40941
16899 4 24507 202 202 297 297
14917 3 17826 7 5 16 15
30990 9 28312 2 2 2 2
8980 1 3552 74 73 95 94
33079 0 3582 26769 26769 25750 25724
16497 1 26305 3 1 1 1
26368 1 8799 11103 11102 6195 6194
4480 1 32602 5 1 2 2
35059 0 27412 27429 27429 31957 31954
2645 4 29221 282 274 145 145
23462 0 5675 512 512 3994 3985
40853 0 23462 40812 40812 11183 11178
25133 5 5012 17587 17586 11553 11547
14927 4 5288 14 10 14 14
11058 2 6577 40297 40297 38857 38802
60 2 6577 130 130 166 113
7534 9 18226 7 6 2 2
10204 1 10208 1 1 4 3
5031 1 28475 35 35 10 8
15312 0 12860 895 895 345 345
21401 1 1933 2 2 42 35
12469 1 1992 7 2 2 1
18451 5 1238 8 7 11 5
37552 0 2655 8 8 13 10
2655 0 9806 17040 17040 15659 15653
40284 0 6614 29784 29784 24421 24396
3130 1 27019 6 3 2 1
23982 0 37653 40939 40939 40604 40602
20447 1 9918 39967 39965 40700 40699
15028 1 16314 1 1 6 1
15028 1 5116 2 1 6 1
40628 0 33021 25441 25440 9723 9723
3648 1 3647 2 1 4 1
19317 0 1107 27660 27660 11125 11115
830 1 21753 5 1 1 1
8270 1 9886 16 7 8 5
14780 1 6419 5 1 2 1
40837 0 15224 27670 27670 11202 11190
7188 0 11737 103 103 98 88
10277 1 32396 1 1 2 1
10277 1 2951 5051 5050 5867 5862
15054 1 2951 7 2 5 1
25047 0 19223 857 857 1926 1926
23871 0 918 35834 35834 20632 20624
40840 0 918 38629 38629 10759 10752
8168 0 13192 38944 38944 35891 35891
10293 1 12214 1 1 2 1
23642 0 26543 2142 2142 4118 4118
26543 1 12312 3 1 2 1
4913 4 20284 30 1 5 5
3331 5 16655 40931 40931 40922 40920
3331 1 35484 30 27 7 7
16739 1 16646 1 1 4 1
6726 1 5782 4 1 1 1
6726 3 6725 5 4 3 3
11335 1 6726 1 1 3 1
5491 1 1201 2 1 8 3
6549 1 14425 3 1 3 1
5544 1 3327 2 1 7 2
3403 1 6328 205 205 2832 2831
7229 4 37460 40236 40219 40917 40917
20544 1 28902 2 1 2 1
3291 1 20544 4 1 4 2
530 1 21170 4 1 1 1
9371 1 9370 3 2 3 1
26061 0 9371 23367 23367 23511 23508
9371 0 5623 1089 1089 610 608
21518 1 29527 4 4 3 1
35181 0 21518 3951 3951 6001 5998
36581 0 16397 86 85 304 304
3972 7 37089 15105 15026 14459 14459
8883 0 5790 32553 32553 39574 39574
38389 0 7334 40941 40941 40934 40932
27814 0 9178 10407 10407 17922 17920
10855 1 19155 1 1 2 1
10855 1 31116 40941 40940 40936 40935
1431 4 27265 16 3 70 70
27563 1 35599 2 2 1 1
1193 4 39361 16 6 1 1
39975 0 7068 21263 21263 8408 8400
3855 0 3909 40940 40940 40941 40933
28703 0 3909 12520 12520 16374 16367
11573 1 13583 2 1 3 1
40841 0 16266 27573 27573 10077 10055
2434 0 16266 8 7 23 3
40842 0 67 36977 36977 10541 10532
1154 0 18959 27073 27073 20277 20275
32397 0 13044 30315 30315 21019 21010
17819 1 653 2 1 2 1
37840 0 313 10 10 20 12
40843 0 3679 35023 35023 11558 11548
40843 4 5346 7042 7042 9533 9533
13988 0 168 8942 8942 9000 8995
38754 2 10661 2 1 12 9
29501 0 6358 23811 23811 8881 8879
29860 0 18587 22090 22090 23544 23544
33438 1 36858 1 1 2 2
36858 1 35629 3 2 2 2
12381 0 1474 38696 38696 39544 39529
2863 0 6499 1290 1290 1544 1543
7328 0 5714 38517 38517 39073 39072
14412 0 20621 21304 21304 25984 25983
35316 5 38173 331 329 381 380
20490 1 7847 2 1 2 1
21077 4 10657 129 128 35 35
10380 0 1964 40943 40943 40941 40939
17802 1 3847 2 1 2 1
29031 4 40721 9823 9822 2431 2431
29630 5 22311 5 5 9 5
14888 4 21122 112 103 13 13
14888 0 2518 6 6 61 3
819 1 7732 20 15 29 25
7100 4 29718 6814 6812 2162 2162
8077 1 7192 1 1 2 1
16136 1 39043 1 1 1 1
13225 1 15253 2 1 4 1
40844 0 6467 34770 34770 10090 10083
6069 0 37345 40891 40891 40857 40856
4895 0 8093 13695 13695 23494 23466
21558 1 13645 4 4 12 11
10544 6 38325 36 23 3 3
23888 0 1730 10 10 168 71
33667 0 1730 2 2 106 11
22133 0 1730 4 4 87 2
19623 0 1730 17 17 214 115
28603 4 38563 40921 40920 40934 40934
16620 1 2522 6 5 13 6
24900 3 5965 2 2 3 2
3989 4 18951 16 9 7 7
22965 1 167 2 1 1 1
35645 0 7367 22110 22110 2524 2524
36255 0 10055 3 3 7 1
1574 1 8899 4 1 3 1
21174 5 2295 14820 14820 24980 24878
34328 5 2295 204 204 4279 4184
28418 5 2295 3857 3857 19209 19110
34439 5 2295 12872 12872 22513 22412
40845 0 32455 698 698 6267 6266
35000 0 9668 3 3 9 1
32116 0 21176 28526 28526 27791 27789
23390 0 40586 7190 7190 17667 17667
40848 0 23390 17581 17581 7146 7143
19903 4 29357 188 188 63 63
35177 0 14481 40942 40942 40933 40933
12330 0 11599 32137 32137 26726 26720
3579 1 19372 2 1 3 1
9842 0 3579 16149 16149 14867 14855
22422 1 9505 2 1 5 1
15330 1 28910 2 1 2 2
22889 0 11852 40032 40032 32675 32666
29771 9 3592 3 3 1 1
25748 1 34204 2 2 2 2
1772 6 37182 40403 40399 40901 40901
15158 0 40846 6554 6554 11967 11967
40847 0 8407 25249 25249 10275 10275
35466 0 11507 40938 40938 40935 40932
12327 0 411 20544 20544 18784 18761
21952 4 9376 123 123 6 6
4177 6 5022 130 115 390 390
5040 0 220 3400 3400 20802 20793
20777 0 30968 25823 25823 27488 27487
17995 1 415 6 4 10 2
6540 0 6677 27987 27987 24267 24265
30360 1 7239 1 1 7 3
1226 4 33413 1086 1062 975 975
36259 5 860 37059 37059 35357 35285
30840 5 860 40938 40938 40936 40863
39831 1 4370 1 1 5 1
17244 1 15986 2 2 3 1
9116 4 34497 11 10 3 3
4771 4 11796 52 3 1 1
18918 0 15687 39858 39858 40778 40775
18918 6 31983 30841 30832 39834 39834
29544 0 6411 688 688 3863 3856
13258 1 515 1 1 6 1
7665 4 11919 15 11 1 1
8356 1 22637 10 3 5 2
17180 1 8356 1 1 7 1
39574 0 13157 33474 33474 6923 6920
20711 1 1090 2 1 6 2
32427 0 24062 14657 14657 8442 8441
40849 0 13412 38982 38982 10423 10418
4316 0 1500 2321 2321 3148 3121
29122 0 1500 38 38 99 73
29916 0 33246 40942 40942 40942 40942
33246 0 425 1548 1547 5145 5126
3714 1 3991 2 2 1 1
6702 1 4469 7 5 34 30
20629 0 10089 40809 40809 40895 40895
18423 1 20629 5 2 3 2
4855 1 19562 1049 1044 640 637
11423 1 4213 13 9 22 18
10241 0 10481 6956 6956 17128 17126
27097 0 10241 3 3 78 68
5125 6 35244 23632 23632 28851 28851
10842 1 11135 3 2 2 1
3451 1 3450 1 1 4 1
3450 1 6752 6 1 2 1
26219 0 15966 28258 28258 32539 32536
20729 0 30962 14780 14780 11288 11288
31196 0 30962 26762 26762 12063 12062
36881 0 119 14 14 55 18
119 0 2748 26527 26526 12634 12624
2323 1 23181 2 1 1 1
14339 9 16095 2 1 1 1
32957 0 5195 40920 40920 40926 40920
32623 1 5195 2 1 4 1
32917 0 9489 2965 2965 5603 5599
40688 0 3489 17661 17661 10435 10374
13220 2 6815 58 57 77 73
5097 1 27076 3 1 1 1
17030 1 2573 3 2 10 6
2573 1 9486 19 14 12 11
37807 1 30144 2 2 2 2
2521 1 38597 6 3 1 1
6946 1 8731 1 1 4 1
9873 9 35523 3 3 1 1
1071 6 14854 40942 40936 40941 40941
3398 4 14735 39 24 1 1
5855 1 7329 18 14 19 17
3929 1 27247 11 1 1 1
16292 1 29803 3 1 1 1
6578 0 5973 1243 1243 120 117
40850 0 1543 15992 15992 10842 10785
37429 1 32885 4 4 1 1
5932 1 5931 8 2 1 1
14336 1 2808 1 1 3 1
23816 0 13145 2 2 6 6
16675 0 11522 266 266 3569 3569
40851 0 14187 19822 19822 10615 10611
10755 4 22444 4 3 4 4
11129 1 13730 6 1 4 1
25343 1 13730 4 1 5 1
8639 0 3289 16672 16672 11775 11752
3289 6 36920 35702 35685 40172 40172
8776 1 1347 97 96 253 250
1347 1 4276 4 2 4 2
39300 0 1590 2524 2524 9573 9550
37068 1 22654 2 2 2 2
1801 1 21363 3 2 2 2
31983 0 35119 15280 15280 8986 8985
31983 6 2119 20124 20122 4063 4063
19488 0 3006 15828 15828 3919 3909
19488 1 38649 2251 2251 1738 1738
40852 0 6747 16135 16135 8594 8592
28133 0 18038 190 190 343 340
8634 9 19910 2 1 2 1
11304 0 19910 7 7 7 6
20413 0 1973 359 359 1235 1180
26353 1 4814 2 1 6 2
22355 0 11595 8477 8477 4871 4865
1588 1 19716 5 4 2 1
11612 1 21343 2 1 2 1
5569 1 10107 5 1 7 2
5923 1 5569 4 2 3 1
24840 0 14776 35979 35979 39912 39912
24031 4 32273 6314 6314 2582 2582
12006 1 23328 3 2 1 1
15403 4 40478 50 50 18 18
16346 0 16005 39640 39640 40582 40580
7668 1 35530 4 1 2 2
9434 4 40717 9955 9952 5035 5035
22914 1 3088 2 1 2 1
2945 9 2944 1007 1007 1310 1310
24743 1 24742 2 2 2 1
31284 1 19047 1960 1960 776 775
1664 1 16927 4 1 1 1
40307 0 4362 771 771 727 720
29218 1 4362 2487 2486 575 575
4362 0 8787 2726 2726 6626 6619
17040 8 37417 238 237 13 13
39206 0 12650 1 1 20 4
29976 5 5742 80 80 367 345
15635 5 5742 14 14 27 6
903 5 5742 3 3 22 4
17663 4 9378 209 206 245 245
20364 1 26993 3 2 1 1
27150 0 3232 2595 2595 5861 5854
40854 0 14981 35797 35797 9762 9758
40855 0 25028 19591 19591 9356 9356
40678 5 5841 23838 23838 10767 10754
26893 3 11921 7445 7443 7538 7538
38438 0 24102 37611 37611 9156 9152
22467 0 22049 4 4 6 3
15542 0 22049 38362 38362 25384 25380
40856 0 8153 26212 26212 10521 10503
36147 0 8153 13625 13625 13488 13469
10925 1 8153 3 1 4 2
34372 4 36708 126 126 8 8
7489 6 35302 156 151 38 37
9267 0 1292 13525 13525 20268 20263
5975 0 8327 27500 27500 18336 18326
112 6 23406 20 2 2 2
6559 1 18773 2 1 3 1
13687 1 7279 5 5 8 6
37981 0 904 1440 1440 6161 6149
15563 1 17861 3 1 4 1
24736 1 14901 3 2 1 1
7506 1 27215 10 2 1 1
28486 1 28485 1 1 1 1
22848 1 33665 2 1 3 2
15952 0 3163 3 3 70 31
9298 0 3163 3 3 39 2
28717 0 3163 3 3 40 2
17876 3 17875 2 2 1 1
22196 1 22195 2 2 3 3
13637 1 27685 6 3 1 1
10125 4 13911 40932 40930 40932 40932
4146 0 37135 39156 39156 35128 35126
31487 4 8818 31 31 26 26
36976 0 4550 19117 19117 27193 27095
24513 0 4550 6 6 103 9
27936 0 4550 11 11 114 18
12322 0 4550 1 1 95 5
40857 0 2021 6312 6312 10117 10064
27575 0 6658 34436 34436 35952 35940
19537 9 28961 12487 12487 7876 7876
1070 0 17546 5875 5875 5169 5166
9755 1 9754 1 1 5 2
769 1 9754 1 1 3 1
40381 0 34906 488 488 268 268
15427 0 134 33812 33812 35254 35240
134 1 2633 5 2 2 2
1511 0 15914 28367 28367 36515 36512
5005 1 28613 5 1 1 1
18503 1 5005 3 2 8 1
40140 0 27752 2 1 8 5
16225 4 4698 103 100 195 195
40858 0 15284 25885 25885 9793 9787
628 1 627 4 3 2 1
16800 4 32120 77 77 53 53
25305 0 2099 2 2 32 5
13821 1 13530 2 1 2 1
16002 1 36632 4 2 2 1
40859 0 37052 34676 34676 10127 10126
6188 4 24112 74 56 3 3
6188 4 24347 19 3 1 1
15067 0 18496 5724 5724 883 883
29361 1 18956 1 1 3 2
10119 1 25492 6 1 3 1
28682 1 6956 2 2 11 11
22077 5 6956 1 1 20 3
720 9 26603 1 1 1 1
18029 0 8812 40885 40885 40763 40762
36166 1 16798 4 4 1 1
30646 4 33263 30740 30740 34418 34418
10063 0 8348 8057 8057 9371 9364
28320 1 27155 2 1 2 1
27155 1 29136 1 1 2 1
737 0 704 1975 1975 1364 1363
16207 1 16206 2 2 4 4
37148 0 23650 11518 11518 3621 3621
33954 1 14292 2 2 2 1
29886 1 28685 3 2 5 3
9855 6 33387 27 6 8 4
3785 0 28084 23720 23720 26309 26309
20088 5 3785 2818 2818 6437 6420
32514 5 3785 18092 18092 17539 17521
6922 1 6921 5 1 4 1
6921 1 7885 8 2 7 2
7656 1 11492 4 3 2 1
16454 1 15118 6 1 5 2
27917 0 8192 5 5 7 4
27917 1 5927 5 4 10 5
5927 1 27917 10 5 5 4
4197 0 8050 7 7 7 4
4197 1 37513 6 1 1 1
25431 1 5635 1 1 5 1
15018 1 18772 4 2 2 2
9762 6 8948 27485 27481 8657 8657
30927 6 25532 38827 38827 37235 37235
19315 1 39214 3 2 1 1
39214 0 32965 2 2 4 4
18563 0 4302 9 9 23 22
21993 1 19504 4 1 1 1
9794 0 26796 5 5 7 7
40860 0 1945 29524 29524 10040 10018
13748 1 11108 8 6 6 5
4384 1 24793 12334 12333 15300 15299
10633 4 19550 4798 4798 5929 5929
27322 1 37139 2 2 2 2
40383 0 38168 4 4 5 5
7362 4 32362 12 1 3 3
22231 1 8513 1 1 2 1
40692 0 8924 37008 37008 10845 10836
1685 1 12089 2 1 2 2
450 4 4488 218 200 29 29
39094 5 3918 35056 35056 34854 34835
40914 5 3918 10172 10172 10452 10435
2315 0 3918 28666 28666 28032 28023
40869 0 3918 13836 13836 11063 11055
39375 4 35988 10 10 5 5
33362 0 724 37810 37810 35385 35365
4388 4 38068 43 32 6 6
24592 0 13837 26396 26396 29630 29626
4109 6 1349 9 5 20 19
20971 4 929 3877 3877 9863 9862
23939 0 929 24 24 243 232
2108 1 23830 9 6 5 4
137 1 39790 4 4 1 1
14471 4 26704 215 211 40 40
38379 0 2037 22777 22777 23201 23198
3297 1 2037 3 1 6 6
19597 1 29925 22 20 1 1
9472 3 9553 27641 27641 29306 29304
24002 1 31718 2 2 2 1
13378 4 37002 45 37 11 11
18672 8 18729 4 4 4 2
23066 0 10976 28679 28679 34318 34318
37193 0 36623 2574 2574 6862 6862
35461 0 15432 3835 3835 7247 7245
6086 1 37968 22113 22113 24641 24641
39988 0 6132 21408 21408 24197 24191
27635 0 6879 26403 26403 6178 6178
12792 1 18251 2 2 4 3
25299 0 17090 33422 33422 35474 35472
22804 0 9256 6 6 12 9
22046 1 449 4 4 1 1
26701 5 39164 2243 2243 2453 2453
33010 4 37752 2056 2055 899 899
17564 4 28570 40810 40810 40602 40602
14394 1 27202 1 1 4 3
40861 0 35307 2173 2173 6602 6602
36533 1 31832 2189 2189 2544 2543
1421 1 13698 4 2 1 1
1421 1 1420 7 4 2 2
15918 1 8898 83 82 16 16
39681 2 3869 40937 40937 40836 40805
13147 2 3869 4 4 46 20
29520 1 38175 2 2 2 2
7705 4 29204 82 76 183 183
31945 1 533 1 1 2 1
20267 1 11332 40191 40190 40647 40646
40862 0 6138 23829 23829 11543 11529
12405 1 2536 204 204 805 801
22145 0 267 15878 15878 21298 21275
12466 4 38408 45 24 3 3
12466 4 38825 38 18 5 5
16552 1 10073 2 1 2 2
31672 0 16442 40929 40929 40937 40937
34829 0 34921 131 131 129 128
6539 1 27537 6 1 2 2
24829 0 20017 11547 11547 8055 8050
28048 0 20017 33742 33742 25729 25723
40863 0 22831 38361 38361 11041 11036
9658 0 22831 14310 14309 10918 10914
17365 6 1148 30599 30599 28582 28582
11735 1 13906 601 600 449 449
10734 0 10886 15565 15565 20117 20103
1494 0 15383 42 42 85 84
31725 6 3983 12 12 143 142
3023 1 19162 1 1 3 1
28499 0 2833 24749 24749 34954 34938
4250 3 26422 40939 40938 40940 40938
14121 1 5862 5 4 8 3
1002 0 15449 40414 40414 38745 38740
14237 9 14236 2 2 2 2
40286 1 14159 1 1 2 1
1432 4 24308 66 51 1 1
29759 0 21793 2 2 9 8
40 0 9353 19358 19358 12067 12059
36532 1 36531 2 2 3 3
4832 1 7867 5 1 2 2
27716 6 14968 96 96 136 136
304 0 25231 7637 7637 5742 5741
8542 1 19421 4 1 1 1
30629 1 15712 1 1 4 3
20027 2 9746 8 8 33 22
26019 0 4682 1 1 7 3
15092 4 32205 26796 26792 9549 9549
13106 4 30126 168 157 18 18
7451 0 9653 40942 40942 40940 40940
14198 1 7551 20259 20259 20614 20606
19206 1 11656 4 1 6 2
938 1 29478 3 1 1 1
19923 0 13346 39574 39574 31628 31618
40895 0 13346 10685 10685 11319 11311
8767 0 2776 733 733 177 153
17206 0 4193 39397 39397 39699 39697
9026 1 21448 1 1 4 1
10884 1 23870 40939 40938 40917 40915
10884 0 12402 39264 39264 40387 40386
33656 0 17442 27383 27383 23913 23909
29844 1 36062 2 1 1 1
39433 6 40246 7 6 8 8
13370 4 32777 40936 40935 40933 40933
40865 0 34557 144 144 2185 2184
12307 1 5388 1 1 6 3
8628 3 1186 31329 31327 33330 33330
4299 0 1562 14836 14836 18192 18185
18208 6 35649 15678 15678 24362 24362
12758 0 980 37899 37899 31645 31644
26577 4 38800 60 60 13 13
40866 0 8678 12304 12304 9755 9752
32294 0 1897 30719 30719 33908 33832
6937 1 1897 557 554 862 855
9481 9 158 30 29 10 7
13100 9 9481 14 13 27 27
15588 1 15587 4 1 2 1
13773 0 27141 3 3 12 9
25916 0 16303 40936 40936 40941 40931
36297 0 16303 2 2 9 2
20354 1 18989 1 1 4 4
973 1 13336 5 3 7 1
5185 0 13336 206 206 3523 3519
9012 5 7786 5 5 27 9
33237 1 410 1 1 5 5
14633 6 31433 40937 40937 40940 40940
14633 6 8142 40942 40941 40936 40936
40867 0 339 28222 28222 9760 9757
3453 1 18417 8 2 2 2
8951 1 28285 19773 19771 33859 33858
1460 1 8951 2 2 2 1
8222 1 6150 7 3 2 1
8054 3 25795 2 1 2 2
6845 1 2779 4 3 2 2
19202 0 12252 36919 36919 38343 38336
20124 1 18592 3 3 4 1
20124 0 14100 16270 16270 9127 9123
30846 0 2941 36 36 53 52
39027 0 9415 29516 29516 31477 31465
23350 1 17390 1 1 4 3
8558 1 7530 2 1 5 3
40868 0 5700 20808 20808 7881 7881
32469 0 324 3659 3659 3464 3446
8545 0 324 9101 9101 16896 16876
25032 1 25031 3 2 1 1
38057 9 30720 997 997 281 281
2030 0 1832 59 59 97 87
1637 0 5616 14008 14008 6834 6825
9928 0 5616 6 6 12 4
1702 4 29665 195 192 24 24
36951 4 24229 52 50 8 8
6008 1 1041 1 1 2 1
14647 0 13213 411 410 372 372
699 1 22618 1 1 2 2
35907 4 37894 41 41 8 8
13383 1 2789 36 32 35 34
2713 6 7645 24 1 6 5
11577 1 7731 2 1 3 1
40870 0 1335 40560 40560 10987 10986
24483 1 12798 2 1 3 1
17309 0 30810 14905 14903 24485 24483
10156 1 963 4 1 3 1
2452 1 3976 4 1 5 1
2452 1 7086 11 7 11 4
40905 0 3387 18441 18441 11192 11178
7217 1 3387 2 1 3 3
8525 4 37769 227 225 26 26
35828 0 1364 2995 2995 2388 2358
26559 6 35828 35 35 20 20
16493 1 19237 2 1 6 1
2933 1 7202 4 1 5 1
6048 9 22594 2 1 1 1
29003 1 35415 4 1 1 1
20788 1 10332 5 2 1 1
5707 1 5706 1 1 3 1
29609 1 29608 2 2 2 2
22190 1 35891 4 1 3 2
22190 1 11262 3 1 3 1
9192 1 19649 14 9 4 3
26202 0 7136 40912 40912 40925 40924
36138 0 7877 4 1 7 4
23317 0 6977 31604 31604 35216 35180
40920 0 6977 19127 19127 10372 10337
36948 1 27706 32747 32747 10530 10529
34777 1 14753 1 1 2 1
1620 4 23845 29 14 1 1
12071 1 18026 4 1 2 2
8848 5 14818 486 486 10127 10114
11500 6 11034 27 22 111 109
16013 1 5367 2 1 3 1
10574 6 36868 30 26 10 9
18072 0 1880 40943 40943 40885 40870
7031 1 26802 3 1 2 1
32487 1 10667 3 1 3 1
28680 1 10686 2 2 2 1
9031 4 20091 155 136 8 8
37696 0 13023 40320 40320 36812 36804
5434 1 5433 4 1 2 1
24552 2 8531 14590 14589 5049 5046
35789 5 3276 26963 26963 30136 30104
31511 5 3276 8764 8764 23306 23275
39401 0 24275 22 21 84 72
27408 0 4448 33 32 34 26
13163 1 17198 18 16 19 18
8664 1 2489 4217 4216 5164 5159
2489 1 15398 4 1 1 1
25485 2 3943 3 3 34 2
38545 2 3943 2 2 31 2
36055 6 19589 4723 4723 10734 10734
19768 0 5156 42 42 347 317
26405 0 5156 5 5 37 10
17022 6 35666 952 949 589 589
17022 6 3619 294 292 51 51
4621 1 88 2 1 3 1
40873 0 28355 38940 38940 8991 8989
2460 9 9748 39480 39480 40563 40563
36214 0 573 254 254 146 107
40874 0 22716 29698 29698 8624 8624
25322 4 40518 221 221 157 157
2760 0 11134 1986 1986 1847 1841
4446 9 1807 3 1 2 2
11636 0 4446 36010 36010 31601 31600
36303 1 2876 2 2 2 2
37244 1 21630 1 1 4 2
38942 1 2626 3 3 19 16
31471 0 2626 2 2 7 6
3018 0 27173 40942 40942 40941 40941
26985 0 7600 6942 6942 1932 1926
37635 0 7600 432 432 103 98
8617 6 7587 756 745 260 260
24972 0 1142 24184 24184 26414 26412
680 7 38698 24076 24014 16644 16644
680 7 40901 9726 9665 6132 6132
6028 0 29623 15156 15156 6893 6893
29623 0 33835 37969 37969 35882 35879
36506 4 25083 292 292 89 89
7152 1 4236 2 1 3 1
22504 0 7152 14311 14311 3330 3325
40876 0 1295 21085 21085 11065 11059
21646 1 1295 2 1 8 4
22690 0 9531 1 1 26 22
34554 0 9531 24 24 34 29
701 1 25692 1 1 4 1
14347 1 5567 4 1 3 1
22500 1 15849 2 1 2 1
24584 6 29929 40932 40932 40931 40931
18192 4 1499 4 4 1 1
17820 1 654 4 1 4 1
23192 1 654 87 87 172 167
34164 0 21362 33474 33474 24177 24172
23961 0 6776 1 1 10 4
14951 5 6776 35419 35419 33478 33473
2111 1 35677 3 1 1 1
32320 1 16031 5525 5525 16500 16500
31261 4 13766 18116 18116 9387 9387
38116 9 9 5 5 6 5
40068 0 28942 4178 4178 2511 2511
21724 1 8592 13441 13437 22823 22821
4229 1 37036 15894 15890 29253 29253
29447 0 15913 26371 26371 13525 13520
16697 4 31051 62 58 5 5
5443 6 33646 27 10 3 2
13087 1 36310 2 1 1 1
22927 4 27025 2220 2220 6732 6732
24129 1 15215 2 1 2 1
24953 0 13135 25212 25212 24444 24435
22068 0 29955 4851 4851 9736 9736
6111 0 23960 62 62 1102 1101
6111 1 11198 5 1 1 1
2003 0 4127 28432 28432 27909 27906
40878 0 34399 10941 10941 9947 9943
26349 1 19291 2 1 2 1
15641 1 5982 6 2 3 1
21253 0 5982 4024 4024 6743 6743
3948 3 25669 37301 37297 39081 39081
40879 0 39495 4511 4511 6518 6518
10738 0 8594 39353 39353 21092 21085
40612 0 8594 26537 26537 9495 9489
12395 0 4161 34 34 135 107
40942 0 4161 33373 33373 11221 11192
26530 0 25605 40942 40942 40941 40940
25576 0 19971 25498 25498 19068 19062
3574 6 39280 276 272 413 413
35051 1 36988 2 2 2 2
19269 6 3870 6903 6902 12435 12435
26457 1 21879 1 1 3 2
16049 4 31756 12 10 2 2
26279 5 6146 4 4 15 6
31974 5 6146 2228 2228 1221 1210
22137 5 3531 40935 40935 40910 40888
15837 1 15836 2 2 2 2
3895 0 3721 27 27 150 115
23820 6 25420 7 3 4 3
23820 6 11103 33 28 8 7
28203 4 29473 198 196 50 50
2999 1 36067 4 1 1 1
11766 5 10754 40938 40938 40928 40909
40880 0 10330 40792 40792 11132 11127
29695 1 25945 2 2 2 2
15242 6 5534 126 124 592 590
16017 3 30757 11408 11406 22690 22689
9486 3 6190 29551 29546 15954 15954
10504 6 36780 785 778 90 90
31226 0 17728 20677 20677 17497 17488
8734 1 1538 3 2 1 1
29667 0 249 30073 30073 21846 21800
7681 0 249 25 25 125 82
1196 5 12328 32500 32500 14887 14871
29190 5 2139 31953 31953 35016 34989
9335 5 2139 5 5 33 9
13338 1 18054 4 2 2 2
19110 4 40436 313 313 70 70
1935 0 7945 737 737 2351 2329
1104 0 7945 59 58 313 292
32001 2 3539 32104 32104 14974 14973
7118 0 3978 79 79 137 117
27765 0 206 553 553 3632 3602
16624 9 15794 585 585 4498 4498
1966 4 24890 8831 8829 18441 18441
31338 0 8266 144 144 101 97
40221 5 73 2 2 48 13
3410 4 40221 40523 40522 33382 33382
29650 5 73 33091 33091 37692 37634
4984 0 73 27086 27086 37342 37331
7890 1 8556 35856 35852 36757 36755
32343 0 7890 11287 11287 17309 17292
4686 0 9935 14674 14674 12942 12926
1690 1 5111 12 1 2 1
23282 0 1690 45 44 159 149
10335 1 2363 3 3 14 8
19856 1 15917 39063 39062 40597 40596
15168 1 35514 2 2 2 2
40881 0 9334 34408 34408 9777 9772
28253 1 28252 213 213 520 519
11736 1 678 3 2 8 6
12371 1 20336 4 1 2 1
26039 1 31200 7442 7442 3879 3879
39168 1 23614 1 1 3 3
20692 1 21524 509 508 119 119
24359 1 36592 2 2 2 1
6740 1 6335 3 1 2 1
38194 0 6335 2522 2522 4214 4214
5315 0 18408 40941 40941 40940 40940
11605 4 40002 82 82 37 37
12921 1 24570 17 7 5 3
21374 1 12921 5 4 14 5
5134 2 4633 2 2 9 1
35877 0 85 517 517 1893 1652
23185 0 85 2312 2312 996 758
40756 0 85 14121 14121 9606 9361
26136 1 26135 3 3 1 1
37633 0 20754 40884 40884 40762 40761
40883 0 1222 38232 38232 10511 10498
40904 0 1222 38341 38341 10859 10845
19190 1 22874 3 2 5 2
14563 2 35454 19711 19709 33964 33964
12530 1 5329 1 1 2 1
37793 0 425 39211 39211 35539 35519
7112 1 21005 1 1 4 1
13785 6 30026 13448 13447 24026 24026
30892 1 27200 1 1 2 2
22309 1 11345 2 1 8 1
652 1 11489 7 2 1 1
21523 0 5914 20 20 356 352
19459 1 8641 1 1 5 2
103 0 9917 921 921 1722 1721
34367 1 30925 1 1 3 2
39210 0 36049 40917 40917 38211 38210
27244 6 22681 1437 1436 1214 1214
12608 4 21734 64 61 9 9
31281 1 6359 771 771 476 471
40153 0 6359 35696 35696 6665 6657
28257 1 28256 2 1 3 2
3741 6 11977 5 4 3 1
8455 0 14334 158 158 1436 1435
11170 1 606 7 1 2 1
9097 4 33963 197 196 113 113
15436 1 15435 2 1 1 1
9201 1 9200 3 1 1 1
6058 0 5378 1972 1972 2271 2257
5378 1 9054 4 1 7 2
24455 0 7235 30240 30240 20027 20022
40886 0 36491 13719 13719 7743 7742
27948 0 29072 24539 24539 17503 17499
2574 1 10949 4 1 5 1
15184 1 36822 2 2 2 1
17033 1 208 1 1 3 2
5633 0 4663 7442 7442 18466 18450
23779 0 17423 2385 2385 1402 1398
31140 0 1615 4265 4265 8641 8636
25999 1 31140 1 1 2 1
29071 0 25203 5424 5424 5344 5341
4929 4 37085 194 188 63 63
11962 4 5667 5 1 1 1
14732 6 18907 18784 18783 30880 30880
4582 0 23340 40899 40899 40466 40462
2940 0 23340 16730 16730 7728 7725
6093 10 24981 2 1 2 2
14001 0 36202 19245 19245 26767 26767
37407 0 19919 26811 26811 25927 25924
28934 0 6210 9 8 6 3
13298 1 26814 2 1 2 1
12356 1 20726 3 2 2 1
11679 7 15652 8002 7996 31906 31905
18992 0 780 352 352 337 329
12696 0 1750 16220 16220 6141 6139
22477 1 2282 6 1 1 1
17701 4 36065 138 138 15 15
20641 0 36866 25871 25870 23217 23216
31601 0 1352 9466 9466 11943 11937
36144 0 28533 40318 40318 39022 39022
22400 2 2183 1 1 36 6
39117 2 5348 4 3 33 31
12905 1 5832 3 1 2 1
16355 1 22399 1033 1028 476 476
8334 2 35737 30962 30962 11259 11258
13347 0 26570 9561 9561 24968 24966
40889 0 34949 9275 9275 6876 6876
12551 0 7485 1015 1015 1333 1332
3154 1 27514 5 3 1 1
35950 0 20760 40940 40940 40564 40559
20760 0 25127 36568 36568 38774 38773
23933 1 23098 3 2 4 1
12685 6 19180 40795 40789 39723 39723
12358 2 4168 38902 38902 36879 36869
7700 2 4168 17843 17843 17563 17554
35674 0 16517 31664 31664 36081 36080
6813 1 5175 9 6 1 1
7375 1 7374 2 1 1 1
40890 2 23906 5 5 6908 6908
21948 4 38918 4301 4301 4405 4405
17500 9 17499 1 1 2 2
6759 1 21078 5 3 2 1
11196 0 24534 2597 2597 2568 2565
16734 7 13678 9305 9302 3443 3443
865 1 17946 10 2 3 3
1821 6 39122 2784 2770 963 963
11630 1 31896 5 2 1 1
7284 1 17756 3 2 1 1
26770 5 6829 38481 38481 34811 34805
37565 1 22789 2 1 2 1
11926 1 11925 1468 1465 226 225
27446 1 22702 3 1 3 1
13999 0 37238 2009 2009 9840 9839
2050 6 30438 25728 25728 32749 32749
21493 0 24309 1832 1832 3038 3038
40891 0 13449 8446 8446 7685 7684
15390 1 38904 6 5 5 5
33146 1 2101 3 2 8 1
17987 3 17986 3 1 2 1
29746 3 17987 1 1 2 1
2692 0 10487 26840 26840 33543 33540
32902 1 29338 2 2 2 2
14511 6 11512 25390 25383 34949 34949
6117 1 683 1 1 7 1
25817 0 40019 5912 5912 28193 28193
39730 4 31900 15966 15966 23497 23497
14912 3 19439 8 5 2 2
34332 4 1842 81 77 10 10
29957 5 8285 8563 8563 15629 15625
8398 4 40398 9989 9989 1673 1673
13141 4 36356 34 22 9 9
24146 1 36079 2 1 4 4
12197 1 24146 4 1 1 1
8973 0 15567 17842 17842 17394 17393
2840 1 18631 4 4 2 2
4993 1 4648 1 1 9 1
15543 4 26788 275 275 1224 1224
9926 1 1976 2 1 3 1
40893 0 10088 36092 36092 9638 9633
18632 0 15264 24725 24724 12379 12376
25930 4 9684 8 3 6 6
39714 5 5407 40934 40934 39182 39157
31612 1 9688 2 2 3 2
1782 1 1781 2 1 4 1
34009 6 39128 1905 1902 1072 1071
25597 0 4132 37868 37868 37736 37726
16378 0 2054 11 11 33 16
12541 0 2054 7 7 28 12
2054 1 17904 35493 35493 31689 31688
18557 9 18725 20 20 1 1
40453 1 28165 1 1 4 2
7231 0 16733 25675 25675 3583 3583
17867 1 14085 2 1 1 1
36201 4 39259 3958 3957 18884 18884
17202 0 12720 22 22 41 32
28053 0 4049 38465 38465 22441 22425
25593 0 4049 33954 33954 16892 16877
4049 1 28361 4 4 3 1
22873 1 37187 8 1 1 1
37187 0 3391 18791 18791 15366 15362
30984 1 6485 8 6 3 1
12052 1 6794 3 2 8 5
6371 6 13857 32319 32314 35939 35938
1675 3 3261 4 2 5 4
32329 0 39076 34566 34566 40763 40763
1788 0 22163 40925 40925 40912 40908
8791 1 15310 2 1 4 1
13863 1 15310 421 413 287 280
3838 1 15310 5 3 6 1
36716 0 15310 37875 37875 34435 34435
23303 1 6584 1 1 4 1
9014 0 13840 8239 8239 14859 14855
9501 1 16279 2 1 2 1
9412 1 35482 7 3 1 1
26517 1 352 7 5 10 1
30651 1 30650 3 2 1 1
13606 0 5759 21748 21748 27902 27887
24242 4 40495 3441 3441 1048 1048
3024 1 8489 2 1 6 1
4914 4 5471 174 169 223 223
16649 0 11808 25556 25556 23466 23460
16580 1 16649 2 1 2 1
8882 1 30608 4 2 1 1
24380 6 4034 1133 1133 2100 2098
20967 1 38940 40885 40882 40937 40937
38940 1 20967 40937 40937 40885 40882
12345 4 32572 40923 40922 40939 40939
17336 1 6811 1 1 3 1
4393 0 21188 37568 37568 32125 32123
16082 0 19592 23515 23515 12146 12146
13599 4 38034 196 196 70 70
2399 3 852 4 2 2 2
26551 1 17969 2 1 2 1
19862 1 25685 23 19 6 6
33100 0 23835 65 65 53 47
38732 1 16818 1 1 4 2
30257 4 39983 132 132 60 60
2097 1 9439 4 1 5 1
8891 1 8890 1 1 1 1
10946 1 16189 10 7 2 1
23311 5 666 12 12 118 90
7605 1 16736 38996 38995 40470 40469
40896 0 23801 2998 2998 7586 7584
3152 1 34834 3 1 1 1
8027 0 17129 16394 16394 26599 26598
18036 1 23414 4 3 3 2
10896 1 5187 1 1 4 4
29378 0 14065 5 5 8 6
11268 1 18820 40941 40940 40942 40939
10603 3 7644 2 1 4 3
28163 6 33290 44 44 45 45
26372 1 2839 4 2 10 8
13731 1 3340 3 1 3 1
30635 1 27499 2 1 2 1
19561 2 12788 8 6 14 12
6316 1 14884 188 186 874 873
14884 1 6316 874 873 188 186
40071 0 542 37316 37316 25283 25269
24433 1 24432 3 2 1 1
8518 8 19686 93 88 6 6
36028 1 13581 1 1 4 2
23015 1 39472 3 2 1 1
29941 0 8121 6 6 11 6
11007 0 39628 18883 18883 28976 28975
38483 1 35975 2 2 2 2
27069 0 17594 2265 2265 1868 1867
31414 0 21528 43 43 210 207
10966 0 6448 16800 16800 2702 2699
7275 0 36151 21890 21890 22896 22895
10347 0 12311 288 288 684 673
40897 0 15992 31220 31220 9245 9241
29348 1 9181 1 1 8 3
181 4 20452 215 210 53 53
30056 0 13450 39789 39788 39231 39225
13510 0 34706 28101 28101 14581 14579
9041 1 8986 163 160 35 30
33052 1 6521 2 1 3 1
26934 4 36843 252 252 221 221
2778 1 2777 5 2 3 3
28399 9 24687 1 1 1 1
28399 0 7125 26125 26125 23917 23915
163 1 9522 5 1 3 2
38964 6 15538 5673 5671 4124 4122
36295 6 20656 33500 33500 40430 40430
7947 1 3044 8 5 10 4
24577 0 6103 12821 12821 10178 10175
39447 2 955 25 24 692 680
27080 0 35724 13438 13438 16370 16370
18317 0 16471 25932 25932 37322 37320
40899 0 1371 38840 38840 10977 10955
35847 0 1371 34667 34667 14839 14816
32447 6 14556 54 53 95 94
5046 5 5363 29774 29774 18676 18661
31855 0 1378 40940 40940 40847 40784
19994 0 1378 40735 40735 39129 39067
25740 0 1378 13 13 81 24
40676 0 1378 15094 15094 11077 11017
20832 0 2453 2802 2802 5137 5086
38637 0 35536 27054 27054 26302 26302
29542 6 38922 25 25 11 11
17578 1 8885 2 1 3 1
40900 0 3668 35047 35047 10399 10391
38879 4 40465 74 74 36 36
23645 1 3271 2 1 2 1
10717 1 23392 4 3 3 1
7129 6 37636 44 25 2 2
7129 6 39342 49 29 9 6
22752 1 11603 3 1 1 1
13171 0 2104 61 61 1352 1336
3840 4 25993 13 12 4 4
6976 1 6542 2 2 2 2
6504 0 17314 2489 2489 3374 3367
1218 1 18913 8 5 1 1
23637 1 22005 2 2 7 7
12259 4 40042 6192 6192 6692 6692
29053 0 31232 40942 40942 40936 40932
14841 1 11642 3 1 3 1
12434 1 11406 2 1 4 1
4571 1 19807 2 1 2 2
12516 1 16943 2 2 2 1
9471 1 28564 4 1 1 1
40902 0 30686 33021 33021 7454 7453
215 1 13069 9 4 3 2
28342 4 21955 1214 1214 640 640
4050 1 5908 2 1 1 1
10960 0 16571 2014 2014 10474 10473
3343 1 1512 5 1 2 1
15421 1 7039 12 7 3 2
40903 0 23890 10210 10210 7214 7213
18173 1 23932 2 1 2 1
26645 1 11702 2 2 2 1
15117 1 11702 1 1 1 1
7241 1 9423 936 934 492 492
15866 1 20662 2 1 2 1
308 1 23762 5 1 1 1
1602 1 20590 36520 36517 38722 38721
7541 1 7540 2 1 3 2
4015 0 32323 40771 40771 40711 40711
36003 2 3957 2 1 8 4
11479 0 4865 22556 22556 27953 27947
1202 0 14475 25748 25748 31364 31361
14612 1 19739 1 1 3 1
7024 0 6752 5 5 19 6
32853 0 5203 19451 19451 16614 16612
37253 0 40396 22135 22135 15690 15689
34648 0 16831 18 18 84 83
1613 1 3914 3 1 4 1
10826 0 26562 9635 9635 19123 19118
23101 1 12527 2 1 1 1
27830 0 8061 22243 22242 14571 14570
20864 1 6464 40637 40637 36729 36727
5262 6 29332 26203 26201 33625 33625
35821 0 16863 26526 26526 18587 18581
13407 1 4967 2 1 3 1
9713 1 18011 2 1 1 1
31393 4 27927 12678 12678 4449 4449
12347 1 13214 3 1 4 4
22063 1 36525 2 2 1 1
37425 0 4766 34659 34659 25128 25128
27152 4 38832 40912 40911 40914 40914
31830 5 24055 32058 32058 25612 25612
15799 6 17609 13 2 1 1
38974 0 621 40609 40609 40778 40776
17241 0 17150 40932 40932 40941 40940
2858 4 33960 26 2 2 2
26230 0 10765 40942 40942 38526 38519
19752 1 19897 3 1 3 1
38731 0 10922 706 706 433 430
30909 6 31031 7933 7933 4373 4373
40907 0 25161 12395 12395 10725 10723
36978 0 692 18 18 110 85
29708 0 692 6 6 30 8
20476 1 6724 26726 26725 32748 32746
40908 0 7921 28972 28972 10093 10093
2443 9 5163 1 1 2 2
12141 1 2443 1 1 3 1
7159 4 32394 159 157 23 23
9995 0 1520 63 63 158 148
3657 1 11758 40914 40914 39472 39468
687 6 27283 5153 5132 33502 33502
8662 0 716 5 5 53 16
7974 1 3145 4 1 3 1
24517 1 9302 1 1 4 2
7449 0 7095 36476 36475 35133 35133
31989 4 40175 164 164 12 12
40909 0 3338 38266 38266 10674 10666
19172 0 15730 6 5 7 6
15433 6 23550 34128 34125 16669 16669
15869 1 9418 3 1 2 1
27694 3 13419 2 2 3 2
21543 0 14367 10399 10399 18047 18042
5015 4 5256 40943 40936 40942 40942
16016 1 10865 2 1 1 1
2379 0 14652 23725 23725 19621 19621
40910 0 10662 4326 4326 10636 10630
13388 1 17572 3 2 2 1
38526 0 17405 10216 10216 12354 12346
9889 0 38560 5 5 23 22
11600 0 13047 1 1 11 3
40912 0 9931 31303 31303 10670 10670
36575 0 34172 33537 33537 17779 17776
19960 6 20910 30191 30190 32611 32611
10868 1 6529 6 4 7 4
25398 1 30292 1 1 3 1
13664 1 23487 3 1 2 1
40913 2 1214 11285 11285 11619 11600
13094 2 1214 3 1 24 6
16437 0 26208 31593 31593 35198 35196
22757 1 22756 2 1 1 1
40260 0 26108 1417 1417 1042 1040
32735 0 5654 40152 40152 38323 38320
3447 1 9780 5 1 2 1
14404 1 3447 2 1 6 1
7985 1 4209 9 9 4 1
40915 0 10407 31246 31246 10436 10436
6851 1 6468 3 2 5 1
15604 3 4192 40940 40940 40936 40936
9074 0 2243 10238 10238 18130 18129
16945 1 27937 2 2 2 2
37937 2 17319 4 3 6 2
17444 1 7040 1 1 1 1
24542 0 21434 1715 1715 5938 5937
19654 0 38248 22336 22336 17554 17554
40916 0 25194 28365 28365 9225 9224
3512 1 1507 12744 12741 20248 20248
35515 4 5683 22811 22811 14777 14777
26598 1 13630 2 2 6 6
3815 1 39428 3 1 1 1
4037 0 16708 3 3 7 3
29698 0 8868 35501 35500 32930 32929
15051 1 14230 6 6 89 85
1006 3 17460 3 2 4 2
20944 1 2415 3 1 5 1
9847 3 11802 12210 12204 3851 3851
19964 4 40677 10297 10294 2906 2906
23100 1 23574 2 1 2 1
21645 1 16026 3 1 1 1
3046 0 140 375 375 280 274
1732 6 23260 8 1 1 1
29279 4 22476 114 114 9 9
21641 0 8412 28896 28896 39325 39324
40283 0 13935 49 49 244 241
20075 1 5623 2 2 4 3
32173 0 25942 956 956 549 546
17114 1 9438 1 1 3 2
33419 4 28271 9 7 4 4
40917 0 5681 21007 21007 10631 10630
15907 1 15906 2 1 4 1
15906 1 26088 3 1 2 1
14098 4 39569 171 169 36 36
4725 1 3135 2 1 2 1
24645 1 21259 2 1 2 1
22111 1 25386 1 1 2 1
11499 1 5619 2 1 3 1
3068 1 3431 4 1 2 1
7765 1 7764 2 1 2 1
11813 1 30361 10 3 1 1
13330 1 4080 37839 37838 33111 33110
40919 0 27595 4833 4833 8164 8164
26579 0 27595 15803 15802 31328 31327
20569 1 7364 3 2 10 4
27835 1 30774 2 2 1 1
2212 6 39573 7090 7090 35170 35170
29644 1 22647 1 1 2 1
28102 1 13943 2 2 2 1
39806 0 4094 29369 29369 15798 15798
11333 0 1873 36782 36782 38975 38966
7708 1 7707 22894 22893 40339 40338
20826 6 37122 39401 39400 39818 39818
35116 1 2058 2 2 4 1
4697 1 3858 40829 40828 40392 40390
11455 4 7090 93 89 204 204
40921 0 10175 24305 24305 10261 10255
38431 1 28014 2 2 3 3
12033 1 19844 2 1 4 2
5245 0 33893 22499 22499 26359 26359
34222 0 38513 38824 38824 36147 36146
8695 1 8694 3 3 3 1
3104 1 3103 1 1 3 2
15438 1 11384 5046 5046 425 423
31721 1 24228 11278 11277 15182 15182
2370 4 3245 74 54 3 3
8754 1 6098 3 1 2 1
8754 1 4244 4 1 3 1
18988 0 27345 40938 40938 40942 40941
40923 0 13663 35559 35559 10638 10617
11049 0 722 40557 40557 27648 27640
38784 0 6570 35608 35608 12375 12360
16141 4 16183 6 4 3 3
496 1 32512 5 3 1 1
37743 1 14493 13156 13156 2339 2336
5090 1 38941 15 14 1 1
34217 1 30032 2 1 1 1
16865 1 8774 2 2 4 3
26008 1 24248 92 90 117 117
37763 1 3707 1 1 4 4
22457 6 34682 2474 2474 764 764
33138 1 11811 2 2 1 1
25767 4 33687 140 140 25 25
13958 4 28025 24 16 17 17
656 1 37010 3 1 1 1
10583 1 2117 3 1 8 1
20736 1 17537 24051 24051 9133 9132
10184 0 28333 11 11 116 112
38142 0 26564 14213 14213 8810 8810
3096 4 25112 195 187 20 20
15613 0 15381 40941 40941 40936 40932
22584 1 12684 39337 39337 39071 39069
10350 1 13671 40495 40493 40874 40874
7514 1 25165 2 1 2 1
25852 1 20593 65 65 56 55
14893 0 27550 859 859 206 206
22787 1 22786 1 1 2 1
5300 0 27067 33399 33398 36989 36989
622 0 8078 39976 39976 40796 40785
24444 8 33475 1594 1594 15160 15160
35002 0 19318 2580 2580 2814 2812
5466 0 115 398 398 1197 1183
19843 0 2682 39651 39651 40439 40438
22395 0 5140 37407 37407 35343 35339
20504 0 11647 39542 39542 36116 36107
11184 4 27448 17481 17472 26558 26558
33563 0 18375 4905 4905 2225 2225
19846 1 18645 33742 33740 37315 37314
23722 0 20561 8695 8695 8508 8508
36869 1 18872 1 1 5 1
1358 1 1357 3 1 1 1
13443 1 1717 27700 27698 36891 36889
9968 1 13305 1 1 5 1
6222 1 29825 6 5 2 1
19156 0 89 17996 17996 17125 17108
28882 9 3696 38892 38892 40896 40896
40924 0 22072 10225 10225 8677 8674
30066 1 7387 1 1 3 1
15533 0 7387 1506 1506 459 453
6506 6 39335 397 390 3 3
29368 0 40057 2067 2067 1297 1297
27225 6 33459 9762 9755 18042 18042
34773 0 34386 23662 23662 8887 8885
40449 0 1803 19037 19037 11027 11019
21774 6 9252 35204 35204 34720 34720
18483 1 17730 2 1 3 1
18247 1 33545 3 3 2 2
38623 0 5839 23658 23658 9694 9689
4359 1 29197 3 2 7 3
29197 1 13612 5 2 4 2
27198 1 6242 615 615 733 728
27447 1 4053 11 10 9 9
13806 1 28087 1 1 3 2
40925 0 19888 8475 8475 6624 6624
9983 4 21913 166 164 15 15
20348 0 11447 6 6 28 28
38036 0 1666 13542 13542 12577 12565
32679 0 34089 9498 9498 5254 5254
35965 4 17251 332 332 463 463
18481 6 27900 1507 1507 3068 3068
37628 1 32564 14945 14945 24788 24787
4466 1 21189 2 1 3 1
640 1 7220 2 1 2 1
24070 0 18975 26033 26033 30591 30589
2758 1 22165 2 1 2 1
4556 1 9927 3 1 5 1
40353 0 10745 40905 40905 35564 35559
19632 1 35311 2 2 2 2
39784 1 31199 1 1 1 1
4594 0 5891 29927 29927 33865 33862
4491 0 19288 7445 7445 12295 12293
30729 4 33668 1374 1374 2115 2115
34985 0 3925 145 145 61 58
28487 1 7168 1 1 5 1
26416 1 36198 4 2 1 1
34811 0 1272 9171 9171 25198 25180
3263 1 2390 2 1 3 1
11689 0 15537 40940 40940 40937 40934
28752 0 4416 40941 40941 40636 40635
27422 0 8663 40776 40776 40780 40778
5643 1 3754 2 1 2 1
11366 1 26527 2 1 1 1
24792 1 893 1 1 2 1
6657 1 21399 4 3 1 1
18566 1 6657 2 2 2 2
39413 0 5325 145 145 2049 2023
11969 1 26616 4 4 7 6
36488 1 6245 1 1 5 1
11151 1 17991 4055 4054 686 684
3136 1 16161 1 1 2 1
30980 0 3884 26414 26413 12025 12020
30250 1 32816 30563 30561 35878 35878
4638 1 29948 2 2 1 1
27855 0 9636 40380 40380 39150 39150
22777 1 35880 3 1 1 1
3901 1 1387 2 2 5 5
22243 0 13777 5 5 15 6
5542 1 30223 7 3 5 4
38033 0 20954 7303 7303 11458 11458
29753 0 15565 30984 30984 30454 30446
29266 4 13537 22521 22521 31206 31206
1937 6 25054 29578 29575 35897 35897
21124 0 14843 26688 26688 5864 5861
40927 0 290 7364 7364 9709 9664
31744 4 8674 110 109 231 231
40127 0 2558 2243 2242 6320 6306
2529 4 12558 4902 4895 13939 13939
7694 1 33571 31 28 6 6
22610 0 27194 4321 4320 24336 24331
30249 0 6066 32354 32354 26016 26015
658 0 13432 1849 1849 620 614
40928 0 9369 24668 24668 11162 11161
38434 0 9010 8728 8728 17329 17328
30241 6 28445 3599 3596 1870 1870
35998 1 12005 2 2 4 1
37809 2 18294 35897 35896 12578 12576
11424 1 34792 12 6 1 1
35840 0 11072 33466 33466 10023 10018
28978 1 22902 1 1 6 6
11576 6 38596 81 79 31 31
1930 4 36216 121 114 59 59
7939 1 10211 31 28 19 18
28794 4 27413 159 159 32 32
5741 0 1817 40936 40936 40940 40940
5741 6 31343 25341 25338 38615 38615
19214 6 3845 21687 21683 28833 28832
23468 1 1116 3 1 3 1
19251 1 13436 4 3 7 3
30832 0 17008 39853 39852 38742 38742
10086 1 10085 1 1 3 1
20123 1 21785 2 1 4 1
29801 1 16682 1 1 6 2
2714 6 17927 75 32 22 18
3544 6 29062 30 19 2 2
16737 0 2582 30878 30878 4176 4172
37791 0 27732 94 94 500 495
17526 4 11245 21179 21177 15258 15258
1533 0 604 29750 29750 26300 26289
39727 1 9142 1 1 6 1
13018 3 4849 4 2 3 2
32445 0 36854 40289 40289 40049 40047
30065 6 21979 32268 32268 15901 15898
1742 6 21979 35677 35677 30988 30984
23039 1 22926 5 3 1 1
32339 1 27741 2 1 3 1
17262 4 33581 303 302 29 29
26419 1 3896 1 1 2 1
2404 6 17683 62 60 6 6
33189 0 14812 2136 2136 4122 4118
26452 9 7754 1192 1192 1283 1282
19015 1 28438 40774 40771 40842 40839
12913 1 9397 1 1 4 2
40931 0 27727 34081 34081 10516 10515
1419 1 22014 2 1 2 1
22075 4 35020 188 187 88 88
14470 4 37913 87 86 226 226
28719 0 7960 2709 2709 397 397
8597 1 843 1 1 2 1
14278 0 7240 8950 8950 7556 7539
2970 0 8651 39516 39516 21918 21917
17407 6 4098 40931 40930 40881 40881
15599 5 6014 40714 40714 40016 40013
23298 0 37796 47 47 34 32
23743 4 1839 39562 39558 37997 37997
9242 1 9241 1 1 2 1
40932 0 8840 28917 28917 10541 10533
20097 1 39891 5 2 1 1
28366 1 34247 6 5 1 1
23644 0 37462 18045 18045 12154 12154
9572 9 9571 1 1 1 1
30724 1 28310 1 1 3 2
18933 4 6687 51 48 60 60
17759 0 2861 19 19 18 12
40933 0 15371 8235 8235 10793 10789
38707 1 6267 2 2 2 1
4208 1 4207 1 1 2 1
15219 1 38553 4 3 1 1
23158 4 15716 510 510 250 250
21950 1 27256 5 4 3 2
34499 0 3934 3849 3849 4556 4553
35578 1 3227 1 1 3 1
7908 1 6243 18 11 7 6
1914 6 14604 744 720 87 87
38010 0 30717 38691 38691 33759 33758
40934 0 22330 24029 24029 9879 9879
36509 0 1481 32113 32113 27646 27645
17630 1 5576 2 1 2 1
16260 4 1174 21 15 32 32
8162 2 27707 14177 14177 20925 20925
28523 9 16965 1 1 2 2
40935 0 16658 6301 6301 9008 9005
25614 0 86 2 2 13 10
18620 3 6300 2 1 2 1
10303 0 1380 39675 39675 40760 40745
37033 0 20187 40916 40916 40509 40508
26386 0 18443 123 123 573 573
38926 0 5480 32971 32971 33079 33078
29831 0 12577 49 48 43 36
15782 0 21097 38719 38719 33261 33258
22438 1 8094 3 3 4 2
40936 2 3999 32946 32946 9659 9623
1838 0 11464 25659 25659 33715 33713
14405 6 31106 613 610 77 77
38576 6 23883 18480 18480 23244 23244
17088 4 35425 17984 17984 3560 3560
849 10 13402 4 4 3 3
31905 1 5241 2 1 1 1
5409 0 9991 3586 3586 1071 1069
7245 0 31986 34050 34050 37132 37131
34983 1 16742 1 1 7 5
10762 1 12714 2 1 1 1
10953 0 273 22852 22852 28123 28111
26769 0 1194 40932 40932 40923 40921
12790 6 38666 60 59 9 8
20833 0 14547 1200 1200 2206 2206
31477 0 20633 40938 40938 40938 40936
25922 1 17748 3 1 3 2
35874 0 3549 15 15 34 19
24436 1 2798 1 1 2 1
25966 1 11230 1 1 62 60
16275 1 18980 4 2 4 1
7862 4 17841 6 3 5 5
12959 0 12265 1045 1045 5514 5514
40938 0 25310 30059 30059 9821 9819
35627 0 3269 40466 40466 40690 40687
18098 1 22245 7 1 1 1
35614 0 5846 1 1 35 6
29207 1 24456 2 1 3 1
1048 1 24443 2 1 2 1
22767 5 6095 40687 40687 40527 40524
12231 0 16476 4 4 14 8
19496 1 30112 1 1 4 1
40940 0 7382 29386 29386 11912 11909
8838 1 20614 3 1 2 1
30101 1 30632 2 1 3 1
9830 1 34527 2 1 2 1
40941 0 13946 38885 38885 11443 11441
28643 0 11339 40234 40234 36740 36736
13847 1 14386 2 1 3 1
27260 1 35256 2 1 2 1
35120 4 33416 18 16 11 11
6728 1 6727 7 1 1 1
