1678 7 40551 2489 2250 1 1
1678 7 18056 767 532 1 1
1678 7 30089 1306 1069 1 1
1678 7 36781 269 40 1 1
1678 7 18000 743 509 1 1
1678 7 9202 794 558 1 1
1678 7 26036 5533 5291 1 1
1678 7 35669 325 95 1 1
1678 7 40887 33190 32947 4 4
1678 7 38204 4058 3817 4 4
17935 9 35175 1 1 1 1
785 8 10116 35285 34818 22 22
785 8 37575 11071 10626 2 2
785 8 21817 22130 21673 5 5
785 8 18729 689 247 9 7
785 8 12268 11011 10567 3 3
785 8 29200 38133 37662 44 44
785 8 23537 14763 14316 5 5
785 8 6770 16464 16012 1 1
785 8 1493 22667 22208 79 79
785 8 28822 15798 15349 4 4
785 8 15703 12332 11886 6 6
785 8 8245 36974 36505 55 55
785 8 36761 16503 16050 3 3
785 8 155 15263 14815 1 1
785 8 39420 36097 35629 5 5
785 8 38749 6147 5704 1 1
785 7 11761 19509 19495 345 345
16176 4 33688 39100 39098 16441 16441
18671 0 11241 1040 1040 8190 8175
19621 0 11241 1 1 18 4
15582 0 4030 2581 2581 19629 19602
25033 0 4030 1157 1157 6400 6374
31351 0 4030 8444 8444 33044 33015
19165 0 2969 10307 10307 5898 5889
21012 1 19165 4 1 2 1
16748 6 29001 94 93 70 68
31740 0 1183 1 1 70 27
26184 1 32091 40924 40921 38003 38003
32091 1 26184 38003 38003 40924 40921
4194 1 6975 1 1 1 1
6975 1 3569 2 1 6 1
15602 0 4367 13496 13496 27981 27952
6546 0 4367 7 7 343 316
24512 1 24859 1 1 2 1
33182 0 5053 1324 1324 2659 2656
5945 6 10270 25415 25412 13972 13971
5109 0 22368 12409 12409 11061 11056
20774 0 8060 40909 40909 40904 40904
12274 1 9268 1 1 1 1
12842 1 15886 5 1 1 1
13394 1 3789 1 1 1 1
13394 0 3459 499 499 9601 9593
38200 3 8055 2 1 3 1
36698 0 586 36 36 1000 922
13143 0 586 3 3 767 690
7684 1 586 2 1 11 4
586 3 772 125 114 5 4
586 3 3510 41 31 2 2
586 1 11276 7 2 3 1
38212 2 121 11 11 7463 6956
34053 2 121 3 3 1524 1026
21130 2 121 2 2 1016 526
22680 2 121 2 1 496 21
33440 2 121 2 2 1196 703
37929 2 121 3 3 813 327
25514 2 121 3 3 796 311
31531 2 121 1 1 1089 597
15287 2 121 11 11 5687 5181
30007 2 121 2 1 477 6
33594 2 121 1 1 888 400
31050 2 121 7 7 4647 4142
10443 2 121 2 1 560 82
13776 2 121 2 1 493 19
28371 2 121 8 8 1982 1482
25046 2 121 1 1 697 214
29285 2 121 1 1 1337 842
29029 2 121 2 2 1437 940
39017 2 121 1 1 709 225
36587 2 121 8 8 2559 2056
29042 2 121 3 3 1328 834
20341 2 121 2 2 569 90
33915 2 121 3 3 2385 1883
14588 2 121 2 1 558 81
121 6 39924 2461 2457 550 550
40757 0 1311 1088 1088 31096 31078
40804 0 1311 1113 1113 30426 30409
1311 0 896 779 779 489 484
18270 1 18269 2 1 1 1
13049 0 4990 726 726 3617 3598
36351 0 4990 643 643 2728 2710
29179 1 10971 1 1 1 1
23886 0 6769 39958 39958 40633 40632
30612 0 4411 3347 3347 7951 7950
14866 0 3633 40942 40942 40930 40925
35748 0 11399 34304 34304 34420 34413
31413 0 15186 9 9 84 82
20145 0 11015 25 25 10 9
40728 5 914 14 14 35595 35303
28450 5 914 27 27 19246 18960
7848 5 914 11 11 12154 11874
35945 5 914 5 5 12553 12272
25546 5 914 1 1 2162 1885
38155 5 914 7 7 14725 14442
36490 5 914 7 7 16374 16090
31958 5 914 3 3 3904 3626
16022 5 914 189 188 32297 32009
1595 5 914 128 128 39408 39115
5734 1 377 3 1 2 1
22785 0 5734 40776 40776 40796 40795
1255 6 24915 1112 1112 24 24
14244 1 11981 1 1 3 1
19390 0 4369 13672 13672 16423 16401
15364 0 4369 5002 5002 13026 13006
6533 0 4369 3583 3583 21110 21087
20079 0 4369 926 926 13133 13112
3634 1 4369 1 1 1 1
10990 1 4301 6 1 2 1
16398 1 2783 2 1 9 2
2783 1 1316 7 1 3 1
31737 0 16660 2 1 24 11
40758 0 6286 5239 5239 35572 35560
36771 0 6286 1 1 22 12
23301 0 6286 275 275 2175 2164
6286 1 7865 1 1 3 1
40759 0 45 1851 1851 33824 33821
45 1 44 2 1 1 1
30663 4 40225 104 103 45 45
14235 0 20549 35 35 13 8
20549 1 8731 2 1 4 1
15727 0 20842 730 730 1251 1250
28017 0 10090 2813 2813 6253 6239
40795 0 10090 5756 5756 34647 34632
32851 1 11382 153 153 3642 3641
21858 0 14369 241 241 1870 1866
34003 0 20650 40870 40870 40812 40811
5656 1 624 2 1 6 1
624 1 34337 5 1 1 1
32035 1 33317 1 1 1 1
6074 0 11052 34804 34804 28113 28113
6074 1 6073 1 1 1 1
31355 4 35983 692 689 62 62
10203 0 23680 2047 2047 1196 1196
34114 4 1598 19912 19911 7240 7240
15430 4 617 13 1 4 2
617 6 23164 831 816 8 8
40760 0 3796 1516 1516 29555 29544
40898 0 3796 5733 5733 34258 34246
27089 0 25460 1 1 56 48
38920 0 20791 12549 12549 19724 19724
26740 0 15987 23088 23088 26276 26271
26740 5 4475 84 84 5237 5218
33592 0 3640 2 2 195 126
21749 0 16741 1 1 117 113
40287 6 21134 12546 12546 6824 6824
14022 1 6297 5 1 1 1
14504 1 14022 1 1 2 1
40761 0 448 364 364 25520 25495
23685 1 146 2 1 2 1
24780 0 39997 26745 26745 20002 20002
40762 0 1763 7579 7579 36761 36756
6572 1 6944 2 1 3 1
6944 0 1701 30109 30109 29319 29312
4031 1 9327 9 1 4 1
37067 1 10473 1 1 2 1
23647 0 1338 2433 2432 21100 21073
23277 0 13709 13279 13279 24171 24151
3947 0 12235 678 678 448 439
12250 1 12717 1 1 1 1
271 6 40026 347 320 2 2
14931 1 36099 38 36 139 138
36099 1 14931 139 138 38 36
36099 1 27949 1 1 1 1
14576 5 2971 94 94 36903 36839
13484 5 2971 74 74 29193 29130
7443 1 25067 4 1 2 1
16880 0 18633 4148 4148 10653 10647
16881 1 16880 1 1 2 1
17282 0 228 16562 16562 25882 25806
33871 0 228 1259 1259 5354 5280
40763 0 987 13480 13480 38880 38875
20046 0 4696 146 146 462 455
8415 2 7033 3 1 6 1
15870 1 18392 2 1 2 1
25017 9 18392 1 1 2 1
3787 1 8742 2 1 2 1
23980 0 3787 2976 2976 5211 5194
8742 1 19068 5 1 5 1
11482 1 10803 2 1 1 1
2901 0 30222 28633 28633 27222 27222
10757 0 3459 224 224 10197 10188
26302 0 3459 30 30 2665 2658
10581 4 27666 8140 8140 8014 8014
11449 2 6220 195 194 3451 3444
258 6 35861 31512 31508 3063 3063
25183 3 11235 601 601 31683 31682
15107 1 15106 1 1 1 1
20809 4 32820 23542 23524 15280 15280
20809 4 32206 30959 30940 3296 3296
4981 1 17073 3 1 1 1
16542 0 4523 3204 3203 6909 6907
40894 0 16542 15597 15597 38037 38035
10161 1 10160 1 1 2 1
10160 0 15134 123 123 233 226
26185 1 15249 1 1 1 1
1771 1 1770 2 1 1 1
1771 1 9610 5 1 3 1
1771 1 36226 6 1 1 1
24128 0 8842 309 309 756 753
26157 1 31405 2 1 1 1
31405 1 31404 2 1 1 1
6096 1 29574 3 1 1 1
31306 6 34770 27566 27566 20226 20226
65 9 439 1 1 1 1
9078 1 23938 1 1 2 1
10215 0 5164 11365 11364 28144 28135
1559 8 14508 144 126 2 1
1559 8 25902 35181 35162 146 146
23501 0 1668 30 30 2841 2771
20112 1 27611 1 1 1 1
29717 0 30926 6566 6566 6629 6628
40020 0 17095 24764 24764 28814 28813
23138 0 1929 56 56 3784 3554
38723 0 1929 1 1 1213 984
27757 0 1929 1 1 231 12
35086 0 1929 2 2 446 220
20750 0 1929 1 1 275 51
38906 0 1929 1 1 916 688
18333 0 1929 2 2 257 34
15970 1 3369 2 1 2 1
8306 2 25327 2 1 30 23
25327 5 3250 300 300 30867 30855
32633 1 5596 2 1 3 1
30166 0 5644 1 1 36 19
3771 0 5644 12 12 40 22
36968 0 18425 981 981 11771 11768
4765 1 4764 1 1 4 1
17970 0 4765 35446 35446 36695 36690
13604 2 251 1 1 3375 3366
37309 0 30216 22889 22889 3938 3938
38488 0 19873 17804 17804 33168 33167
21703 2 1136 2 1 113 45
37709 2 1136 2 1 108 41
29422 2 1136 4 3 322 252
34900 2 1136 3 2 249 180
4319 2 1136 4 4 1962 1891
35289 1 33808 1 1 2 1
7560 1 5488 1 1 4 1
40937 0 5488 5078 5078 26672 26669
13163 0 5488 33989 33989 21756 21754
3087 1 18847 2 1 1 1
27819 0 3087 15908 15908 25427 25412
29206 1 25712 2 1 1 1
4485 0 608 302 302 727 364
4485 1 4213 4 1 4 1
2562 0 608 4638 4638 28014 27628
40838 0 608 642 642 33856 33464
14223 0 608 6541 6541 10579 10203
9757 0 608 390 390 1351 987
21406 0 608 7674 7674 27517 27133
20006 0 608 8513 8513 37836 37436
1328 0 608 5802 5802 12321 11944
30256 0 608 45 45 1389 1024
28595 0 608 327 327 12865 12487
40884 0 608 333 333 33509 33119
33590 0 608 27 27 6832 6461
40777 0 608 603 603 33525 33134
39245 0 608 6655 6655 29372 28985
40785 0 608 92 92 30694 30306
40793 0 608 135 135 32178 31789
40814 0 608 311 311 35256 34861
7793 0 608 2336 2336 9020 8646
37242 0 608 1583 1583 24714 24331
40830 0 608 570 570 36521 36122
40764 0 29777 27341 27341 36423 36421
13128 0 959 14309 14309 24134 24103
35052 0 959 28708 28708 36953 36921
14092 1 7130 2 1 2 1
40765 0 18 8215 8215 33520 33520
37609 0 25129 732 732 4385 4380
3268 1 10028 2 1 3 1
40766 0 35564 30165 30165 39799 39798
15729 1 12999 6 3 4 2
12999 1 15729 4 2 6 3
35258 4 25396 17372 17372 5909 5909
38187 1 29741 1 1 1 1
38187 0 2275 3804 3804 12940 12908
40767 0 15247 9658 9658 39364 39361
27131 1 17012 1 1 1 1
15936 0 23068 4 4 4 2
7803 1 13968 4 2 3 1
13968 1 7803 3 1 4 2
40572 0 32910 3772 3772 35349 35346
39830 0 32910 2 2 34 32
14004 0 25065 2102 2102 2417 2414
25065 0 4789 2873 2873 866 864
32733 0 248 40914 40914 40864 40854
10121 0 248 40917 40917 40815 40806
30194 0 7722 25988 25988 27476 27464
23606 0 4877 38 38 1409 1399
32247 0 4877 1214 1214 5308 5297
30622 0 2318 1 1 162 42
26982 0 2318 7 7 1920 1797
9320 0 2318 5 5 1717 1595
26224 0 2318 169 169 9277 9149
18713 0 2318 185 185 5791 5665
38875 0 2318 35 35 5794 5667
3443 1 12083 2 1 1 1
13887 0 3443 664 664 849 839
18271 0 3443 120 120 1178 1167
4423 0 24850 4951 4951 3226 3225
1038 4 13190 231 59 1 1
1038 4 40447 157 3 1 1
1038 4 33781 218 48 1 1
1038 4 31677 202 35 2 2
1038 4 7455 151 3 2 2
23751 4 8080 69 65 106 106
8080 4 23312 48 45 37 37
25625 5 2176 2 2 7984 7882
24036 5 2176 80 80 39271 39164
18415 5 2176 17 17 18817 18712
29637 0 28168 11274 11273 22700 22695
17924 0 7315 36113 36113 37950 37945
13300 0 11301 27061 27061 33102 33090
13300 6 14769 9302 9299 3736 3735
25115 0 11301 1366 1366 4550 4541
20438 0 11301 25456 25456 28285 28275
37862 0 11301 24665 24665 30971 30960
34851 4 31118 13 12 5 5
40242 0 24346 3013 3013 3232 3229
26644 1 4985 2 1 2 1
26644 1 16054 1 1 2 1
8110 0 12168 5466 5466 24553 24516
36165 0 12168 5312 5312 14050 14014
22455 6 27199 28788 28788 32258 32258
7288 1 36878 1 1 1 1
19322 5 7288 25 25 12332 12318
40768 0 1784 3568 3568 39083 39035
15769 0 1784 2315 2315 15283 15237
40438 0 1784 6 6 2515 2470
40839 0 1784 97 97 25811 25764
27441 0 25270 19242 19242 19964 19963
25270 0 6354 15100 15100 20645 20642
12380 1 20717 3 1 2 1
3729 0 20717 60 60 318 307
176 1 25906 18651 18650 31267 31264
25906 1 176 31267 31264 18651 18650
40769 0 10981 19987 19987 35120 35119
24894 0 7247 109 109 1117 1108
27000 0 7247 33 33 2310 2300
17047 0 13439 23462 23462 23414 23414
40770 0 3005 948 948 35735 35721
12076 1 3005 2 1 7 1
12740 4 40747 37801 37801 10325 10325
16545 1 14634 1 1 7 1
4313 1 3457 2 1 2 1
1482 0 13752 3906 3906 934 934
1482 1 35255 1 1 1 1
11251 1 13752 2 1 1 1
28721 1 22741 1 1 1 1
28721 0 15897 2 2 7 5
3761 0 8987 23808 23808 20104 20104
8987 3 23784 16306 16306 6431 6431
7280 1 26118 2 1 1 1
28912 1 26118 1 1 2 1
38386 0 1904 20 20 1246 1244
6607 1 11157 3 1 1 1
637 6 31616 6354 6309 853 853
637 6 39715 1692 1650 114 114
637 6 14054 60 21 2 2
637 6 39536 6015 5971 800 800
637 6 23571 1131 1091 35 35
637 6 40404 1482 1441 95 95
637 6 29851 3784 3741 359 359
5767 4 21704 20481 20463 40 40
3432 4 7926 2468 2466 254 254
3509 0 3407 31266 31266 39536 39532
13238 0 3407 27548 27548 39359 39356
26647 1 3407 2 1 6 1
24287 1 17938 2 1 3 1
36533 9 24287 1 1 2 1
17939 1 17938 1 1 1 1
9673 1 8487 30125 30122 17494 17491
7998 1 9673 2 1 1 1
8487 1 7998 3 1 4 1
3814 1 3548 2 1 1 1
23744 0 296 618 618 16595 16445
21505 0 296 1 1 206 62
7397 0 296 1 1 141 4
10506 0 296 2 2 255 110
38028 0 296 6 6 266 120
12013 0 296 1 1 390 243
15119 0 296 8 8 1345 1196
36945 0 296 1388 1388 23584 23432
36798 0 51 95 95 5100 4907
38369 0 51 631 631 18057 17861
40705 0 51 342 342 30888 30689
20387 0 51 84 84 8100 7906
40810 0 51 2819 2819 39073 38870
27837 0 51 5 5 357 165
5886 0 51 1360 1360 20028 19830
20051 1 20050 2 1 2 1
20861 1 5558 2 1 3 1
26868 0 6233 107 107 270 261
26868 1 5872 3 1 4 1
37434 0 917 20124 20124 32362 32360
25228 0 917 31159 31158 37936 37933
20402 0 16155 8257 8257 9731 9730
30004 0 2482 79 79 4066 4057
18986 0 2482 3846 3846 5709 5699
39024 0 29467 10394 10393 14000 13999
38724 0 29467 19740 19740 31428 31426
36561 5 129 8 8 25161 25116
1583 0 129 10914 10914 13929 13920
406 1 1287 2 1 11 1
23997 1 406 2 1 3 1
18173 1 1287 3 1 9 1
40882 0 1287 562 562 30855 30815
332 0 1287 2 2 67 29
18612 4 33576 77 56 1 1
18612 4 19325 45 25 2 2
12266 4 18612 10 3 67 67
5940 0 532 1 1 88 12
1521 0 532 1 1 78 4
40279 0 532 1 1 40 2
30426 0 532 1 1 89 12
15231 0 532 1 1 94 16
40771 0 10613 1249 1249 26116 26106
29184 1 22723 1 1 1 1
29184 1 30903 3 1 1 1
6386 0 26454 579 579 634 630
3277 1 37105 1 1 1 1
31630 0 33081 12673 12673 12978 12977
33081 0 3606 85 85 540 527
1354 1 1353 2 1 6 1
4940 6 40772 34696 34694 1844 1844
4385 0 4940 220 220 8756 8746
29446 0 4940 19797 19797 22950 22939
24366 1 7539 1 1 1 1
9683 6 40773 38232 38231 1792 1792
40773 0 2732 12483 12483 37624 37621
33864 0 13576 7791 7791 6177 6172
28351 1 685 1 1 1 1
35900 3 685 1 1 2 1
8053 1 32295 7 1 2 1
35212 0 8053 682 682 7913 7911
8643 0 1819 13036 13035 8839 8833
7117 1 8643 2 1 3 1
24594 5 1819 1 1 294 254
3210 5 1819 19 19 13489 13448
27467 0 31416 703 703 1689 1687
464 1 3675 1 1 6 1
3675 1 12232 2 1 2 1
3675 1 19310 3 1 2 1
4006 1 7203 3 1 2 1
1307 1 11050 2 1 10 1
10097 6 15251 296 296 14001 14001
21168 1 10097 2 1 3 1
23083 0 26718 14658 14658 19179 19179
21673 0 26120 19772 19772 29726 29725
26120 0 6426 2 2 21 13
24650 0 27939 7114 7114 2133 2129
38457 1 9568 1 1 2 1
27178 0 2497 34588 34588 37329 37230
31174 0 2497 40254 40254 40256 40156
19058 0 2497 1 1 222 130
23035 0 2497 25876 25876 34988 34891
5147 0 2497 1016 1016 11437 11341
5305 1 1 4 1 3 2
29442 1 5305 3 1 2 1
12784 4 1630 587 582 681 681
12784 4 5463 2800 2794 6454 6454
25315 1 20655 3 1 2 1
8198 0 20655 1852 1852 1446 1442
20655 1 5129 1 1 5 1
931 0 2275 31797 31797 34891 34857
11433 0 2275 16177 16177 18509 18476
14758 0 9787 34833 34833 33679 33660
36898 0 1686 415 415 4246 4238
40774 0 16369 7166 7166 33358 33353
17226 1 10110 1 1 2 1
27870 2 2023 49 49 2899 2849
18478 2 2023 21 21 9120 9069
11490 2 2023 94 94 14847 14795
20278 2 2023 7 7 2640 2591
16554 1 29212 4 2 2 1
29212 0 34093 36984 36984 9023 9022
36825 0 20796 1 1 138 133
5335 5 9988 112 112 24919 24917
29725 5 9988 88 88 30660 30657
1864 4 39744 286 205 3 3
1864 4 12986 209 129 42 42
1864 4 9221 109 32 12 12
1864 0 1703 1 1 18 1
12378 1 3604 2 1 3 1
9895 1 13428 3 1 1 1
15667 1 15666 1 1 2 1
2507 3 4435 6719 6718 179 179
6789 9 2507 1 1 2 1
16918 1 2507 5 1 10 1
20071 4 20803 5 1 3 3
20849 1 14778 3 1 1 1
13053 1 24622 1 1 5 1
40284 1 24622 1 1 4 1
19366 0 20234 27611 27611 30105 30103
26315 0 19366 22 22 284 277
35882 2 2524 106 105 7391 7348
33234 2 2524 2 1 49 7
40939 2 2524 106 106 33968 33923
8199 0 15331 309 309 1207 1205
19502 1 12706 2 1 1 1
11732 1 7659 2 1 6 1
29649 0 11732 25839 25839 36462 36454
7659 1 7279 5 1 3 1
12815 4 27688 34 13 3 3
12815 4 20570 121 98 3 3
26871 0 2084 40752 40752 40789 40789
4955 6 15531 145 144 1297 1294
8178 1 11153 1 1 1 1
2181 6 20785 480 463 24 24
2181 6 11583 1816 1798 63 63
23792 0 30977 6442 6442 21508 21503
4102 4 38587 248 238 12 12
40775 0 35896 2210 2210 28934 28933
6696 1 21296 2 1 2 1
21295 1 6696 1 1 3 1
8023 1 21296 3 1 3 1
3303 0 10707 10252 10252 31277 31251
17408 0 4099 38574 38574 36693 36692
23226 0 34449 4237 4237 6245 6244
4136 1 4135 4 1 1 1
39465 0 16668 9999 9999 31178 31174
16257 0 23562 38638 38638 36769 36763
4227 6 32367 13422 13419 22488 22488
40607 0 4227 13418 13418 36871 36868
16679 1 16678 1 1 1 1
1122 9 23212 2 1 1 1
23212 0 2918 3380 3380 8572 8494
7532 1 7531 2 1 1 1
29273 1 14570 1 1 4 1
5949 0 3779 38413 38413 40115 40060
8913 0 3779 27031 27031 21388 21334
23795 2 2580 1 1 59 21
9939 2 2580 3 3 348 307
20115 2 2580 1 1 45 9
36622 2 2580 1 1 64 25
15250 5 2644 174 174 39926 39910
4951 1 5069 1 1 3 1
7948 1 8993 2 1 1 1
3755 1 18943 2 1 1 1
18943 1 30961 2 1 2 1
17857 1 11523 2 1 3 1
6924 4 37669 197 183 11 11
6924 4 25551 421 406 480 480
30696 4 40310 27468 27468 6562 6562
5259 0 9217 17109 17109 23779 23771
28032 0 5259 14422 14422 22712 22704
20159 4 23395 21729 21727 3968 3968
17347 4 20159 144 140 86 86
3882 4 10151 723 723 1728 1728
8811 0 2340 36203 36203 25107 25104
32387 0 8811 6822 6822 14414 14411
35192 0 2340 33357 33357 21165 21163
19066 6 13595 19145 19139 9995 9995
2887 0 2938 1 1 5 2
2887 1 7436 2 1 2 1
15497 1 2938 1 1 2 1
25015 4 28828 11699 11699 6454 6454
21810 4 25015 130 121 10 10
3850 0 160 49 49 3411 3373
15553 0 160 31448 31448 38381 38339
17933 0 160 3281 3281 22816 22776
30234 0 2731 182 182 4949 4922
46 0 14274 18521 18521 19145 19139
14834 1 16497 3 1 2 1
14834 1 8390 2 1 5 1
14834 1 5110 10 7 18 9
40922 0 14834 2541 2541 34934 34929
11673 1 5110 2 1 7 1
29358 0 2687 1 1 24 1
8288 0 2687 1 1 37 2
33791 0 2687 1 1 42 6
33543 0 40596 39097 39096 34203 34203
172 4 7119 38941 38940 12679 12679
35331 5 172 20 20 34477 34117
28580 5 172 30 30 29235 28880
18603 5 172 3 3 12291 11949
36972 5 172 25 25 19766 19419
78 5 172 2 2 10179 9839
33614 5 172 1 1 2236 1897
35822 5 172 17 17 24326 23977
39121 5 172 7 7 28118 27765
22074 5 172 35 35 29151 28797
20314 5 172 15 15 16446 16101
1118 5 172 26 26 29547 29190
21326 1 23555 5 1 4 1
2173 6 38083 12 5 2 1
2173 6 18659 346 334 37 37
33947 4 39713 11635 11635 11496 11496
18377 3 4166 2 1 4 1
34858 0 18783 16519 16519 17116 17115
3968 1 5813 2 1 7 1
11261 1 5813 1 1 6 1
5813 1 31835 1241 1234 104 103
36714 0 38851 37361 37360 35061 35061
30857 0 30511 29115 29115 27120 27119
1365 1 15439 2 1 3 1
39987 0 81 5 5 238 191
36104 0 81 1 1 61 15
5785 0 26217 641 641 660 657
19380 0 26217 26824 26824 38502 38498
6787 1 26217 3 1 2 1
16634 0 9747 1572 1572 13617 13601
36078 1 7833 1 1 1 1
32975 0 9558 24624 24624 33702 33702
32975 1 32002 1 1 1 1
22353 1 15922 2 1 1 1
1604 1 6991 1 1 1 1
2547 1 14925 1 1 3 1
14212 0 14737 29 29 498 487
4130 0 3621 43 43 990 983
24323 0 3621 2610 2610 27528 27520
3621 0 9758 2049 2049 1887 1869
10319 4 33522 413 397 7 7
27683 1 39142 1 1 1 1
16503 1 110 1 1 5 1
40776 0 5310 7968 7968 31847 31837
25496 0 5310 2 1 33 24
1913 6 25274 19921 19916 2465 2464
33711 5 19257 40 39 760 753
32197 1 22383 1 1 1 1
23062 1 12031 1 1 2 1
26578 0 239 3479 3479 21066 20807
19936 0 239 289 289 9327 9074
40929 0 239 22 22 27760 27499
24226 0 239 11869 11869 18873 18617
20767 0 239 5 5 653 407
19429 0 239 15171 15171 36531 36267
32842 0 239 3123 3123 35988 35725
34670 0 239 366 366 7110 6859
23758 0 239 24170 24170 40549 40282
13023 0 239 24629 24629 32900 32638
16182 0 239 2563 2563 20405 20148
17401 0 239 445 445 10129 9875
34239 0 239 2762 2762 7088 6838
2069 1 15760 9 1 2 1
22182 1 3014 3 1 1 1
31096 1 15639 3 1 1 1
15639 1 29383 6 1 2 1
15639 1 207 5 1 4 1
13398 0 71 1410 1410 5197 5134
2736 4 13398 3308 3260 11251 11251
13398 4 7720 38462 38455 13679 13679
20939 0 2215 1873 1873 15175 15170
7946 1 1765 1 1 2 1
1947 0 1249 10745 10745 14286 14241
22728 1 16506 1 1 3 1
34810 9 22728 1 1 1 1
3254 0 2886 1133 1133 4475 4467
18890 4 37812 23705 23702 2383 2383
18890 4 28071 648 646 41 41
24803 4 28831 29 28 25 25
12939 1 23279 3 1 1 1
13702 1 12070 5 1 2 1
27600 0 7589 7236 7236 34810 34801
24117 1 1225 1 1 1 1
1110 0 20337 4897 4897 2354 2349
40926 0 20337 5256 5256 31531 31525
354 4 36395 18613 18610 643 643
24159 0 12803 13899 13899 22156 22156
26948 2 3620 9 9 2570 2545
37272 0 7800 13876 13876 21277 21266
23037 4 3762 31719 31717 5958 5958
33783 2 1326 19 19 7714 7579
22501 2 1326 1 1 502 369
31495 2 1326 11 11 31744 31606
19086 2 1326 6 6 1955 1821
38740 2 1326 10 10 28315 28178
38719 2 1326 15 15 13491 13355
36238 0 1326 4666 4666 11105 11091
18160 0 1200 1197 1197 7988 7988
23552 1 10327 3 1 3 1
40037 0 19153 15754 15754 30988 30986
33552 0 40037 38480 38479 31825 31825
7751 0 3712 12334 12334 6125 6118
7196 0 3712 33875 33875 30402 30393
28826 1 3712 2 1 3 1
26351 6 25426 16764 16764 11652 11652
17946 0 26351 33814 33814 28111 28107
10124 0 25426 27098 27098 33163 33159
6974 6 17672 33328 33327 20153 20153
19506 1 15393 2 1 1 1
32325 0 17590 10195 10195 1867 1860
40778 2 26169 1629 1629 38583 38583
36197 4 29170 19478 19478 4439 4439
1264 1 22448 3 1 1 1
40779 2 1646 365 365 37847 37804
40782 2 1646 209 209 33740 33699
40780 0 379 2433 2433 34703 34686
40828 0 379 4970 4970 38033 38015
14490 1 12757 1 1 1 1
34243 0 1244 1 1 301 23
12545 0 1244 1 1 336 55
28964 0 1244 1 1 318 38
4871 0 1244 1 1 512 224
17807 0 1244 2 2 445 159
14487 0 1244 1 1 350 68
40781 0 4921 417 417 26792 26789
9372 1 1508 2 1 2 1
2261 4 19476 35 19 7 7
2261 4 18565 29 14 5 5
5771 4 39949 79 71 5 5
13951 1 3521 5 1 5 1
18299 1 274 2 1 7 1
15954 1 34113 4 1 1 1
17141 0 21055 1828 1828 2050 2047
13878 1 26428 3 1 2 1
35918 0 391 1 1 41 38
39002 1 39001 1 1 1 1
4532 1 26446 1 1 1 1
11891 5 16320 89 89 34954 34940
13955 1 11289 3 1 4 1
1592 1 17240 5 1 1 1
15523 0 2604 66 66 12101 12064
36776 0 2604 9717 9717 28491 28448
40872 0 2604 112 112 25309 25267
6989 0 2604 2025 2025 5663 5627
38136 0 2604 248 248 13102 13062
31426 1 2604 2 1 8 1
12623 1 6107 1 1 1 1
22297 1 8322 3 1 1 1
21592 1 22297 1 1 1 1
4547 1 21674 8 1 3 1
32040 1 4547 2 1 2 1
7982 1 20572 1 1 4 1
7983 3 7982 2 1 2 1
31376 2 743 1 1 132 29
32748 2 743 9 9 2364 2256
36118 2 743 59 59 14062 13953
743 6 9450 24319 24318 24699 24699
39780 0 2807 10038 10038 10803 10798
4722 0 2807 5314 5314 4002 3999
35415 0 2807 17883 17883 25522 25516
15011 0 1542 657 657 10628 10608
10421 1 10420 4 1 2 1
26009 0 265 113 113 3538 3276
9536 0 265 1 1 317 63
15205 0 265 1 1 276 24
36270 0 265 1 1 296 43
39375 0 265 1 1 508 248
12974 0 265 1 1 390 133
25076 0 265 1 1 321 65
19351 0 265 2 2 410 151
11480 2 1534 5 4 58 51
40783 0 4407 8542 8542 37155 37155
4407 1 39995 7 1 1 1
8464 1 8424 3 1 2 1
23763 1 3300 1 1 6 1
24479 1 23586 2 1 2 1
28656 0 21 25 25 840 772
38617 0 21 1 1 73 7
39259 0 21 15614 15614 34288 34219
6493 0 3567 10429 10429 18615 18613
21912 0 22347 4063 4063 7416 7415
24178 1 9908 6 1 1 1
22121 0 351 1 1 127 4
25316 1 746 2 1 1 1
3063 1 4791 4 1 1 1
11495 0 4791 762 762 2391 2377
36889 0 883 1 1 354 136
22017 0 883 1 1 285 72
39078 0 883 3 3 385 166
7495 0 883 4 4 328 113
7498 0 883 47 47 467 247
36527 0 883 1 1 351 134
31583 0 883 8 8 1015 793
40784 0 14144 407 407 30943 30925
3408 6 8243 370 296 243 242
3408 6 8940 13483 13407 148 148
3408 8 38801 19217 19151 7 7
3408 8 28506 442 377 11 10
10233 4 38705 34954 34940 1226 1226
36048 6 18704 23800 23800 39558 39558
1046 7 36048 33539 33419 1 1
1962 1 1961 6 1 4 1
11585 3 21329 4 1 2 1
32391 1 11972 1 1 1 1
31739 4 18679 1042 1040 47 47
26785 1 7703 1 1 4 1
20520 1 6788 3 1 2 1
11565 1 37185 9 1 1 1
11565 1 12441 1 1 1 1
29689 1 11565 1 1 8 1
19922 0 8858 23 23 340 329
15795 6 39521 7018 7018 16696 16696
840 8 19493 53 41 7 5
840 8 36647 408 395 3 3
840 6 30428 347 334 169 169
26662 0 7523 5508 5508 1660 1657
26756 0 9311 40568 40568 38393 38382
12636 1 24788 5 1 1 1
20784 1 387 36931 36930 12990 12990
387 1 20784 12990 12990 36931 36930
12153 3 19756 3 2 1 1
13239 0 284 4 4 306 81
34758 0 284 1 1 237 20
35142 0 284 1 1 264 42
33324 0 284 1 1 238 20
24884 0 284 4 4 346 120
39131 0 284 1 1 261 40
26984 1 38840 2 1 1 1
9435 1 13227 4 1 5 1
5449 0 9435 107 107 4979 4978
31592 1 13227 1 1 6 1
23798 1 23297 1263 1260 1818 1817
21935 1 23297 1 1 1 1
4425 0 9880 2126 2126 6391 6382
17011 3 17169 2 1 5 1
7442 1 23836 2 1 2 1
7442 0 12505 6876 6876 15912 15904
23836 1 3274 1 1 1 1
17432 1 30826 1 1 1 1
11988 4 31236 731 730 1655 1655
31236 4 34496 135 134 1 1
1444 0 9048 7779 7779 7078 7061
5768 0 1444 6220 6220 25282 25246
39440 0 1444 1401 1401 9013 8978
20898 0 9048 1297 1297 7403 7385
2408 0 9048 1644 1644 3832 3817
33742 0 9048 243 243 4895 4879
38351 0 9048 4468 4468 17164 17144
6375 1 8324 1 1 1 1
37317 0 6230 5859 5859 5654 5653
10713 4 2207 268 263 519 519
40786 0 1672 7362 7362 34515 34479
40892 0 1672 1058 1058 25511 25476
28472 5 10737 117 117 6022 6019
10737 6 27038 6821 6817 2723 2723
21537 0 1027 1 1 184 33
35194 0 1027 2 2 321 168
39579 4 25695 27142 27142 8533 8533
12699 0 2137 40 40 1938 1927
27906 0 19986 78 78 602 599
19986 1 16852 2 1 1 1
30297 1 3771 2 1 3 1
39950 0 2362 202 202 2059 2057
16469 0 178 222 221 3402 3389
34721 0 178 5 4 350 339
9225 0 178 1294 1294 2181 2169
31063 0 2110 117 117 5324 5130
38241 0 2110 12 12 1754 1562
31237 0 2110 1 1 233 47
5590 0 2110 11 11 542 352
7272 1 33016 1 1 2 1
17837 0 7272 3 3 9 8
36109 1 33016 1 1 1 1
33016 1 33015 3 1 1 1
39272 0 12035 1 1 14 5
11022 6 27914 6854 6847 161 161
40787 0 5243 3095 3095 32394 32389
3741 1 18271 1 1 1 1
40788 2 593 21 21 35825 35799
27944 2 593 67 66 16787 16762
9102 2 593 7 5 72 48
40548 0 16045 5714 5713 8230 8229
758 1 10360 3 1 6 1
10360 1 10359 1 1 1 1
3223 0 3161 7984 7984 9491 9455
5881 1 18355 2 1 1 1
38969 0 16196 11717 11717 15978 15978
29347 0 1461 2959 2959 12636 12623
1650 1 16394 24177 24170 2825 2825
1650 1 16302 7 1 1 1
40174 1 1650 3139 3139 36076 36068
9952 1 37466 8 1 1 1
2245 0 2918 6979 6979 15188 15109
2245 1 2244 3 1 4 1
14233 0 2918 413 413 5963 5886
1079 0 2918 1380 1380 4354 4278
32727 1 24872 2 1 1 1
39701 0 5987 15077 15077 33324 33324
15176 1 18854 8 2 3 1
18854 0 7016 39230 39230 27904 27902
24327 0 3027 1600 1600 10544 10493
14366 0 24327 3549 3549 1159 1159
23190 1 13002 2 1 5 1
5729 1 20226 1 1 2 1
20226 0 13887 5 5 81 76
8274 1 8999 1 1 4 1
18181 1 8274 3 1 2 1
9428 1 8999 2 1 5 1
8511 1 31347 2 1 1 1
21811 0 278 1 1 178 6
33666 0 278 1 1 176 6
21874 0 278 1 1 188 13
29143 0 278 1 1 191 14
18106 0 278 1 1 177 6
39291 0 278 1 1 318 137
37756 0 278 1 1 190 14
511 0 15897 149 149 143 140
15736 0 1677 851 851 4551 4495
829 0 1677 8 8 337 282
27621 0 1677 5617 5617 35904 35845
29445 1 1550 2 1 2 1
18936 4 39578 43 42 7 7
34932 2 14540 2 1 24 20
647 1 6311 3 1 1 1
33210 6 17250 11873 11873 16761 16761
9637 5 1981 360 360 35804 35749
21619 5 1981 1 1 135 83
11643 3 3908 188 187 125 125
30998 1 7774 1 1 2 1
30998 1 2447 2 1 2 1
16669 2 916 2 1 177 37
8577 2 916 3 2 570 425
18018 2 916 2 1 661 514
35944 2 916 2 1 582 436
9258 2 916 2 1 146 7
34189 2 916 2 1 377 235
21737 0 2589 33953 33953 36180 36163
40303 0 2589 32796 32796 37683 37665
3167 1 6502 6 1 4 1
17014 2 3167 2 1 73 52
7204 1 3167 3 1 5 1
32383 0 427 1 1 100 31
13521 0 427 2 2 112 42
11437 0 427 21 21 747 675
16023 0 4958 119 119 3097 3095
5777 4 4318 35 21 2 1
5144 4 4318 719 716 38 36
4318 6 27523 1319 1315 68 68
19086 6 12484 24 21 50 47
12201 4 22304 132 126 9 9
10786 1 14577 1 1 2 1
20175 0 7143 40841 40841 40794 40788
1205 1 23424 3 1 2 1
35226 0 37189 3220 3218 3606 3604
19169 1 25362 1 1 2 1
14940 1 12227 1 1 2 1
12227 1 13800 3 1 3 1
2813 0 3170 27345 27345 28986 28986
3170 1 3169 4 1 1 1
35238 1 8601 1 1 3 1
36661 1 39486 2 1 1 1
17745 5 774 23 23 17572 17433
17745 2 1137 58 58 21119 21012
37417 5 774 2 2 868 735
29963 5 774 12 12 3594 3456
40735 5 774 70 70 39146 39006
23613 4 28865 9320 9316 14 14
24660 4 23613 36 33 35 35
6782 5 5167 63 63 18294 18275
34227 5 5167 151 151 38517 38497
5167 6 27267 7252 7251 32 32
40789 0 25921 32485 32485 39573 39573
18492 6 36549 141 140 1 1
864 1 14562 1 1 1 1
32699 0 14562 11885 11885 28660 28649
4521 1 25708 5 1 1 1
10559 1 10558 1 1 1 1
3083 0 26431 4672 4672 3725 3720
5974 0 9758 5179 5179 10603 10583
4522 0 9758 23225 23225 22331 22310
12683 0 9758 21164 21164 34062 34040
19 0 29519 108 108 45 43
38094 4 40790 38731 38731 16682 16682
36200 0 5055 16459 16458 18406 18406
204 1 3048 7 2 1 1
32488 1 204 2 1 5 1
40791 0 11084 8516 8516 34327 34309
33754 1 5275 1 1 2 1
32 4 32392 188 171 23 23
32 4 24489 184 168 5 5
12319 4 14836 21 16 18 18
27811 2 10916 8 7 402 397
30475 0 10916 17569 17569 13516 13516
15792 0 3763 36536 36536 28861 28856
8019 1 30805 3 1 1 1
2949 1 8019 4 1 5 1
30805 1 16646 3638 3636 8063 8059
35060 0 5892 2480 2480 10650 10642
11125 4 10606 2825 2825 517 517
25276 1 3926 2 1 2 1
13830 1 6490 40942 40936 40868 40868
13830 1 7308 3 1 1 1
6490 1 13830 40868 40868 40942 40936
1366 0 29 146 145 177 170
29 1 11186 1 1 2 1
6226 1 29 1 1 3 1
19987 4 11397 705 703 1110 1110
4506 1 9454 4 1 3 1
6037 0 39187 33774 33774 22298 22296
39187 0 11100 19861 19861 25632 25614
2381 2 12273 1 1 42 1
7324 2 12273 1 1 49 1
6513 0 650 17 17 172 131
37308 0 650 1289 1289 14537 14495
40792 0 9525 17133 17133 38578 38574
30839 1 10851 1 1 1 1
21181 5 232 18 17 826 817
11205 5 232 14 14 4329 4319
24984 0 232 689 689 4376 4370
38752 0 728 2900 2900 18996 18989
8716 6 31315 33445 33445 36669 36669
24013 1 23715 3 1 4 1
36734 5 985 25 25 19659 19592
7458 5 985 119 119 39528 39460
12641 0 39 18 18 1757 1552
7396 0 39 2 2 210 13
21862 0 39 2 2 283 83
21561 0 39 27 27 1537 1333
13466 0 39 3 3 226 28
17532 0 39 27 27 5285 5077
18621 0 39 1 1 201 5
1398 0 19101 902 902 1824 1822
13758 1 29291 2 1 4 1
4555 0 1115 1649 1649 2042 2033
39750 6 18050 33019 33019 30022 30021
11789 1 24319 24665 24665 27136 27135
24319 1 11789 27136 27135 24665 24665
7072 1 9237 7 1 2 1
13503 1 7072 2 1 4 1
25660 5 4520 28642 28642 40775 40771
38151 0 7155 554 554 10794 10788
4453 6 7580 34288 34282 2658 2658
7580 0 34614 33105 33105 39453 39452
26183 0 11186 18968 18968 32504 32501
35764 0 14617 40847 40847 40892 40891
4608 0 3699 866 866 1906 1887
40827 0 3699 6272 6272 34749 34728
8852 0 7403 6384 6384 15080 15075
8176 1 8852 3 1 2 1
193 6 27058 1475 1422 186 186
193 6 11869 88 36 11 11
193 6 18878 2894 2840 8 8
19842 4 22836 6402 6397 9780 9780
21930 1 21045 1 1 3 1
21930 0 12252 4483 4483 4596 4590
5745 1 14074 2 1 1 1
26613 1 9037 1 1 3 1
9037 0 3099 21117 21117 21530 21529
7396 4 28775 127 112 6 6
24578 3 23111 2 1 1 1
21061 1 25626 1 1 1 1
24011 0 12474 18975 18975 22565 22563
13829 1 16710 3 1 1 1
4185 1 13829 2 1 2 1
13829 3 25284 3 1 3 1
12211 0 6042 5332 5332 22055 22044
13978 1 2276 1 1 1 1
39294 4 26572 7496 7496 16921 16921
33294 0 3229 19174 19174 37709 37698
8108 0 3229 1567 1567 13052 13043
3229 1 22044 4 1 2 1
6633 7 40129 14173 14162 1 1
6633 7 12050 6772 6762 5 5
16200 0 1852 21752 21752 19807 19757
16201 1 16200 4 1 3 1
19710 6 10760 41 40 24 19
32734 1 3419 1 1 3 1
4779 1 14955 2 1 2 1
3716 1 1998 1 1 3 1
40577 0 3716 5032 5032 34249 34235
31620 0 3716 1678 1678 580 568
28941 0 3716 26272 26272 30390 30377
17519 0 3716 28 28 311 300
9620 0 3716 1 1 16 6
2915 1 12159 2 1 1 1
522 1 21041 3 1 2 1
522 1 13953 4 1 6 1
522 0 16646 5620 5620 552 552
32701 0 522 9 9 323 311
31153 0 36722 13536 13536 25397 25395
36722 0 1474 32428 32428 32830 32816
7592 1 9560 1 1 1 1
2035 1 8589 5 1 4 1
25494 1 8589 1 1 3 1
4666 1 4665 4 1 1 1
4665 0 6717 39058 39058 39867 39865
6144 1 19664 1 1 3 1
28456 2 1773 1 1 64 25
28456 6 22320 1081 1079 88 88
5443 2 1773 1 1 22 1
18213 1 18982 2 1 2 1
18716 0 37537 682 682 35 33
6882 9 10563 1 1 1 1
40794 0 32275 32161 32161 39763 39762
19296 1 6611 2 1 2 1
16065 0 36140 7 7 11 8
40829 0 16065 1718 1718 37564 37563
32071 1 23898 1 1 2 1
37285 0 184 1 1 320 21
39009 0 184 176 176 9820 9517
3395 0 184 1 1 114 1
32164 0 184 1 1 311 15
34310 0 184 1 1 255 5
39279 0 184 1 1 279 6
11281 0 184 1 1 291 7
30773 0 184 1 1 302 9
15734 0 184 1 1 323 23
5209 0 184 1 1 355 54
16507 0 184 1 1 292 7
40030 0 184 1 1 297 7
1190 6 31657 54 42 1 1
1190 6 39319 156 143 6 6
17492 1 20700 1 1 1 1
16074 0 18268 2 2 14 9
21289 0 18268 2 2 33 27
14746 1 23603 30716 30715 16588 16586
7078 6 36019 4625 4625 77 77
7486 0 7078 12798 12798 10488 10480
4225 1 13633 6 1 4 1
4225 1 11780 5 1 3 1
754 1 2375 3 1 1 1
1823 7 36030 39976 39975 30008 30007
6054 0 4123 3049 3049 18197 18162
6054 3 1296 1243 1241 132 132
3215 0 7911 2 2 70 67
6678 1 7911 2 1 3 1
16802 1 8850 4 1 3 1
1076 1 1075 7 1 2 1
1076 1 27277 9 1 1 1
18470 1 18469 1 1 1 1
7673 1 10866 1 1 1 1
7673 1 8629 2 1 2 1
8644 1 14101 2 1 1 1
493 0 1629 471 471 1548 1538
2736 4 26470 54 11 2 2
2736 4 34726 69 23 1 1
2736 4 35146 8523 8474 810 810
2736 4 33515 50 8 1 1
35179 0 19119 31160 31160 36551 36550
13379 4 19119 3936 3933 968 968
28508 2 3843 45 43 1730 1702
40099 2 3843 140 139 25636 25607
9537 1 3843 1 1 6 2
25746 0 11870 33862 33862 35599 35598
26637 6 24424 33922 33922 38024 38024
15305 5 2978 128 128 12671 12604
10135 5 2978 64 64 35956 35886
14631 0 3275 9804 9804 8214 8208
1043 1 14631 2 1 2 1
39736 1 21554 1 1 2 1
39736 0 4427 5 5 868 846
8260 0 7895 5 5 30 26
16624 0 8260 4286 4286 4071 4069
36792 1 37816 1 1 1 1
40796 2 3317 2 2 35680 35647
11856 1 2643 1 1 3 1
8104 1 4274 5 1 1 1
8104 1 12438 3 1 1 1
9749 1 13574 4 2 2 1
40797 0 19420 13374 13374 38015 38013
24056 0 9777 38844 38844 40120 40119
12866 6 7036 14194 14194 20050 20050
19409 4 36350 3720 3720 10485 10485
28857 0 706 41 41 1773 1760
19163 0 18538 8783 8783 29137 29134
16614 1 25570 3 1 1 1
16614 1 8351 4 1 1 1
24052 1 24051 1 1 1 1
29706 4 499 1 1 78 78
34810 0 17502 35695 35695 24036 24036
40798 0 38876 7704 7704 34466 34466
26283 6 40443 32857 32857 11262 11262
32794 0 18895 21590 21590 38511 38503
3034 2 1137 1 1 88 1
19442 2 1137 1 1 87 1
26122 4 31544 42 36 3 3
17880 1 20417 2 1 1 1
3499 1 20417 2 1 2 1
20434 0 21190 7598 7598 9807 9806
13327 6 22210 39759 39759 31798 31798
40799 0 5636 2068 2068 34326 34326
14768 6 24252 67 66 18 16
9578 0 473 3473 3473 25383 25380
20196 1 21248 2 1 2 1
21248 9 11908 1 1 1 1
6765 1 27335 3 1 2 1
37410 0 27335 22833 22833 21102 21101
12725 1 21889 1 1 1 1
19754 0 4059 5079 5079 3877 3874
9461 4 12081 2 1 2 1
8574 0 5381 2 2 31 21
8574 1 8573 2 1 1 1
29585 1 8574 1 1 3 1
13699 0 5381 1182 1182 13419 13407
36608 0 123 1606 1606 16639 16631
24094 0 123 17902 17902 28744 28735
516 0 292 1 1 243 8
31393 0 292 1 1 268 22
14242 0 292 2 2 302 53
33413 0 292 38 38 1381 1129
15177 0 292 1 1 246 9
39499 0 292 1 1 232 5
13524 0 292 2 2 272 25
31996 0 292 1 1 428 178
26845 0 292 1 1 250 11
14814 0 292 1 1 252 11
13283 1 2720 3 1 1 1
2720 1 5598 2 1 2 1
34387 1 26855 1 1 1 1
26856 1 26855 1 1 2 1
37173 4 10091 15636 15636 4914 4914
19951 0 20010 40198 40197 40116 40109
40800 0 28344 20306 20306 34971 34970
24652 0 26678 2912 2912 9153 9149
27632 0 31556 27417 27417 30743 30741
8336 6 2824 11591 11591 15034 15034
14255 1 19144 2 1 2 1
20014 0 14262 34 34 1454 1449
40801 0 16573 27246 27246 38741 38737
2360 1 4933 2 1 5 1
40802 0 39415 30463 30463 40078 40078
30541 0 22903 12493 12493 22515 22514
20618 1 9942 3 1 4 1
38150 0 712 21926 21926 17086 17081
25109 0 7757 25591 25591 30192 30190
40803 0 5646 1498 1498 36980 36976
1003 1 5646 3 1 5 1
35081 1 28378 1 1 1 1
11590 1 29649 3 1 1 1
39026 0 29817 34640 34640 39306 39304
13903 6 32368 35973 35969 37497 37497
30745 1 37402 1 1 1 1
10159 1 38458 1 1 1 1
27696 1 6690 1 1 5 1
28744 1 6690 1 1 10 1
20852 1 6690 1 1 9 1
40885 0 6690 425 425 36656 36648
16732 0 10532 2389 2389 1722 1718
6916 0 19429 38088 38088 29508 29508
10276 1 9887 3 1 4 1
4800 1 9900 2 1 2 1
19570 1 4800 1 1 1 1
17182 1 2190 1 1 1 1
4461 0 19310 3049 3049 5437 5429
1046 7 18091 18973 18855 3 3
1046 7 18788 12451 12337 1 1
1046 7 39181 13010 12894 2 1
37226 0 11964 845 845 8903 8901
11632 9 24469 2 1 1 1
40699 0 12729 1199 1199 29233 29218
14428 0 772 31562 31562 39118 39108
19055 0 772 4138 4138 16126 16117
40710 0 31312 14484 14484 36909 36907
11686 1 5336 3 1 2 1
30852 1 3198 1 1 3 1
29243 0 26808 18265 18265 7154 7154
21449 0 12858 8729 8729 22236 22232
12857 1 21449 5 1 2 1
3233 1 4145 3 1 2 1
19055 1 19054 1 1 1 1
8310 6 12531 127 118 11 9
7557 1 7633 3 1 2 1
17844 0 7120 19193 19193 18117 18114
1269 1 11040 2 1 4 1
11040 1 14848 5 1 3 1
26676 0 8201 30830 30830 30332 30318
28241 1 7436 1 1 3 1
18458 9 31641 1 1 1 1
31641 3 37842 4498 4497 486 486
25873 0 2795 12634 12634 12730 12729
17430 1 14006 2 1 4 1
13991 0 6823 6 6 54 48
19570 1 23428 3 1 3 1
8288 4 37118 18 16 36 36
40805 0 33924 10018 10018 32922 32921
25230 0 6253 10208 10208 18468 18463
15292 3 10198 1 1 3 1
39489 0 11666 37718 37718 40324 40306
39489 1 15557 1 1 3 1
37831 2 11666 24942 24942 35300 35300
15516 1 12820 3 1 3 1
34071 1 12820 2 1 2 1
4175 4 8602 3271 3266 11 11
24042 1 5537 1 1 1 1
19211 0 4744 11743 11743 12922 12919
31371 0 7474 12890 12890 29126 29118
27812 0 7474 563 563 11219 11212
28947 4 15200 445 445 75 75
18660 6 21000 261 261 82 82
15472 0 25385 186 186 304 301
12507 0 13404 2492 2492 827 822
26342 1 17895 3 1 3 1
2152 1 8496 1 1 1 1
39760 0 574 4 4 538 495
40877 0 574 2389 2389 30338 30293
35412 5 11510 10 10 6682 6663
2085 6 10383 12 6 4 4
14202 1 14201 1 1 5 1
1043 1 20085 3 1 1 1
40806 0 6850 15586 15586 39774 39749
40503 0 9914 2331 2331 29598 29596
14770 1 14307 1 1 3 1
32716 1 17183 1 1 2 1
35390 1 3256 1 1 2 1
4482 4 9719 2950 2946 125 125
20428 0 3527 4586 4586 17830 17813
3527 6 20663 42 42 20 20
30409 2 35441 40398 40398 40188 40188
11083 1 5302 1 1 2 1
23196 1 10129 1 1 1 1
1066 1 29752 3 1 1 1
40807 0 3538 471 471 25570 25557
22793 0 3538 7 7 35 23
6768 6 24640 19596 19592 28923 28921
6768 6 10205 16936 16933 29936 29936
2869 1 15125 3 1 2 1
29302 0 15125 12032 12032 17806 17804
9588 0 1406 25503 25503 30746 30735
18159 0 17493 12627 12627 23088 23082
21497 1 33875 4 1 1 1
20938 1 22485 2 1 3 1
13056 6 39139 32134 32132 12507 12507
23942 0 26928 3838 3838 1921 1919
28004 0 6478 26948 26948 35613 35611
4747 0 22951 2 2 217 213
20860 5 2566 11 11 5622 5606
7590 5 2566 24 24 27673 27656
20768 0 17402 5134 5134 9843 9841
35193 1 20768 1 1 2 1
8572 0 5856 2131 2131 3261 3236
17370 0 5856 10238 10238 27773 27745
31972 0 5856 6200 6200 12642 12616
17380 1 15779 2 1 2 1
27964 0 16186 7087 7087 11329 11323
15981 0 1328 11 11 179 166
26071 1 9303 2 1 4 1
9303 9 21981 1 1 1 1
38768 0 29318 10640 10640 36606 36602
36229 0 18254 701 701 8419 8402
1019 4 596 20 7 1 1
1019 4 8780 52 29 1 1
23239 1 15927 1 1 1 1
30477 1 23239 1 1 4 1
21996 6 20017 21535 21532 19484 19484
21996 6 11995 10 8 49 49
25766 0 22616 9228 9228 21549 21546
9455 0 23399 25861 25861 39996 39990
23000 6 39446 12381 12381 4351 4351
122 1 7516 3 1 4 1
11412 1 19152 1 1 1 1
8803 1 27429 1 1 1 1
15261 0 14295 7504 7504 13445 13444
25268 4 21905 29 27 1 1
15504 1 8591 5 1 3 1
8591 1 16989 4 1 1 1
15601 10 15600 1 1 1 1
31927 1 15601 1 1 2 1
34363 5 8522 18915 18915 31647 31647
33641 0 19894 27530 27530 28323 28322
33826 1 19127 1 1 1 1
39523 0 2723 140 140 7948 7911
39523 1 21345 1 1 2 1
7540 0 2723 577 577 2176 2140
4541 0 2723 17644 17644 23069 23031
28671 0 7444 33512 33511 34881 34878
40808 0 40809 39814 39814 40535 40535
26933 0 1475 901 901 2622 2602
35848 0 18654 15 15 346 342
19162 0 18654 78 78 516 511
29185 6 40731 35357 35356 4393 4393
3467 1 3466 2 1 2 1
15345 5 4450 1043 1043 35021 35016
7117 1 7049 3 1 3 1
32624 6 26608 16682 16681 3116 3116
2269 1 2268 3 1 3 1
30613 0 6961 1 1 5 3
2956 4 29945 80 76 9 9
40706 0 10059 10952 10952 39646 39643
3866 4 38485 354 347 29 29
3866 4 24189 40627 40619 40793 40793
9119 0 21826 3779 3779 15337 15337
18389 3 999 40232 40230 40821 40819
999 3 18389 40821 40819 40232 40230
35808 1 32154 40784 40784 40591 40591
37756 4 40810 38719 38719 7630 7630
20583 1 27612 1 1 1 1
1020 0 3141 1 1 12 1
28305 0 3141 1 1 53 3
6564 0 11337 13937 13937 10266 10265
23511 0 15656 33 33 70 44
5394 1 2601 1 1 2 1
19679 0 5394 39961 39961 39423 39416
2004 1 24164 5 1 1 1
2004 0 30642 12858 12858 615 614
25774 1 12289 4 1 7 1
24676 0 24224 40667 40667 40478 40477
23848 1 8714 2 1 5 1
17814 4 3175 13426 13425 532 532
17465 1 17464 1 1 1 1
22570 1 22569 1 1 2 1
6630 0 4722 85 85 56 48
1142 0 4722 4407 4407 3327 3318
23700 1 24343 2 1 1 1
9573 6 3123 30343 30343 37204 37180
15354 6 3123 12903 12903 22763 22741
14853 6 3123 1600 1599 2221 2200
6067 1 28605 1 1 1 1
8474 4 17327 40427 40427 36796 36796
30941 1 3753 3 1 4 1
30941 1 33174 2 1 1 1
11546 0 4442 1201 1201 17871 17837
6865 4 2298 81 77 29 29
1021 1 207 4 1 2 1
2872 0 17555 15812 15811 9736 9730
268 0 17555 16357 16357 17231 17224
40811 0 2664 559 559 25590 25574
40871 0 2664 1379 1379 30178 30161
2664 0 2624 18667 18667 18011 18004
35435 0 12605 1 1 218 215
29862 1 29861 1 1 2 1
31789 0 494 13533 13533 25002 24990
22923 0 28916 9 9 4 3
27985 1 27484 1 1 2 1
29410 0 16944 19959 19959 22753 22749
11888 0 36918 37672 37672 33880 33877
37558 2 741 1 1 52 7
28640 2 741 1 1 46 2
9021 2 741 1 1 37 1
22157 3 1791 2 1 3 1
22158 3 1791 3 1 4 1
8471 1 6302 1 1 1 1
32069 0 19823 9472 9472 11687 11685
38790 0 13 2008 2008 20283 20269
19437 1 22294 2 1 1 1
25022 1 32013 1 1 1 1
39553 0 4628 25 25 2324 2315
40833 0 4628 5488 5488 32091 32081
11144 1 2617 1 1 2 1
38399 1 1022 1 1 5 1
10536 1 36694 1 1 1 1
40178 1 1578 20191 20191 29798 29796
40864 0 1578 11038 11038 38496 38490
22410 1 37961 3 1 1 1
15647 4 32971 10348 10348 2818 2818
1708 0 8438 31055 31055 19132 19131
6124 1 5907 2 1 4 1
8270 1 6124 7 1 3 1
5826 1 10722 2 1 2 1
21697 0 2070 9264 9264 11485 11485
6530 1 22543 3 1 2 1
5932 1 21935 3 1 2 1
28875 3 5192 2 1 2 1
28676 3 28875 1 1 1 1
5178 1 14819 5 1 2 1
21092 0 5178 12276 12276 25882 25852
16318 0 5178 674 674 15608 15580
40918 0 5178 778 778 24287 24258
31349 1 5178 1 1 7 1
27341 1 31627 2 1 1 1
912 0 7047 11127 11127 12879 12866
739 0 912 35092 35092 36978 36967
24031 0 7047 16745 16745 21553 21539
30204 1 7047 5 1 3 1
40812 0 17281 32696 32696 38009 38009
9906 1 36905 3 1 1 1
6743 0 8355 1403 1403 10954 10932
1538 0 8355 34620 34620 37142 37119
35277 1 27784 1 1 1 1
5869 1 26782 4 1 1 1
40813 0 19386 8899 8899 34109 34107
38378 1 22534 1 1 5 1
31576 0 30844 26939 26939 35610 35610
10205 1 10204 3 1 1 1
11177 1 37094 5 1 1 1
7045 1 2382 1 1 2 1
21977 5 16419 1358 1358 20227 20220
3364 1 3363 2 1 2 1
3528 0 10834 11655 11655 25758 25755
17960 4 24312 54 50 16 16
27223 1 20426 1 1 2 1
24636 1 6535 1 1 2 1
23949 5 212 1 1 104 76
27657 5 828 2 1 20 6
1410 1 24564 1764 1764 4272 4271
3066 0 8076 3392 3392 16920 16912
18215 1 1414 1 1 7 1
10895 1 13973 6 1 1 1
3239 4 39144 56 9 2 2
3239 4 27881 173 122 3 3
3239 4 36428 121 71 3 3
18904 3 17353 2 1 2 1
7935 1 2201 4 1 3 1
17190 1 757 3 1 1 1
1415 1 32170 5 1 1 1
23786 1 2902 1 1 7 1
2029 1 18094 2 1 1 1
553 1 13871 3 1 3 1
24179 1 10508 2 1 2 1
25575 1 10508 1 1 1 1
27360 6 36837 580 580 562 562
31841 0 19545 6060 6060 8628 8627
33840 0 1754 7467 7467 26815 26803
40875 2 1754 8040 8040 36672 36666
38079 2 1754 2094 2093 7306 7301
40815 0 39071 10305 10305 38764 38762
29342 0 8978 272 272 3541 3525
6890 0 36281 9600 9600 1949 1949
8040 1 21358 75 71 50 49
10520 0 24854 5650 5650 1066 1066
28943 1 243 1 1 1 1
20030 0 13734 3315 3315 3082 3080
4563 0 12505 3 3 7 1
37725 0 23377 1 1 7 2
26865 1 19204 3 1 3 1
20288 6 29915 1437 1435 222 221
24515 2 20288 259 259 21916 21911
18855 0 2060 284 284 5027 5013
26308 5 18855 82 82 29544 29530
24430 0 2060 59 59 1009 996
11475 1 13563 12758 12755 31094 31090
13563 1 11475 31094 31090 12758 12755
14231 0 7944 241 241 213 212
36007 6 17148 37348 37348 32342 32342
13350 0 29456 38414 38414 39977 39977
36696 5 9528 6 5 439 431
19256 5 9528 13 12 1638 1629
30889 0 33367 31125 31124 32516 32516
26734 0 2288 29040 29040 39108 39106
16979 4 35069 777 777 109 109
23628 0 2614 38613 38613 34122 34118
39567 0 4694 6 6 859 845
6695 0 32813 22830 22830 11577 11577
15469 0 6418 31151 31151 35717 35693
34418 1 25064 2 1 1 1
8727 1 8726 2 1 1 1
14189 1 23592 5 1 1 1
35545 1 14189 1 1 4 1
10877 1 11728 5 1 3 1
32814 0 4976 32 32 1291 1288
4165 3 25845 3 1 1 1
20625 1 7778 2 1 2 1
30076 0 10715 1048 1048 6098 6095
40816 0 14697 4535 4535 32355 32355
14697 1 31992 4 1 1 1
19191 1 27971 1 1 1 1
13842 0 11910 11605 11605 18928 18927
5985 6 10735 10 3 26 19
12732 3 28417 2 1 2 1
12732 1 26677 1 1 1 1
6204 1 6203 1 1 1 1
40817 0 19840 37051 37051 40446 40443
3387 0 19840 1824 1824 232 230
6550 1 2423 2 1 7 1
2423 1 24830 8 1 4 1
2924 4 30666 74 9 2 2
2924 4 2659 81 12 4 4
2924 4 29020 86 15 2 2
2924 4 36766 139 65 1 1
1379 1 25548 2 1 2 1
6265 1 1379 3 1 3 1
18135 3 294 5714 5711 17897 17897
2209 1 24141 5 1 2 1
15500 1 4546 1 1 4 1
15500 1 7996 2 1 4 2
31596 6 8773 29833 29833 27178 27178
40818 0 35587 17740 17740 38677 38677
34338 1 9890 1 1 3 1
14748 1 9890 1 1 10 1
9890 1 12054 5 1 1 1
40819 0 15962 37037 37037 39731 39730
16130 0 10326 1899 1899 10673 10671
40820 0 20319 15759 15759 34730 34729
11212 0 1856 337 337 1415 1401
14579 1 1856 2 1 5 1
28303 3 9776 1 1 3 1
9776 1 9775 1 1 1 1
561 0 5278 6744 6744 23679 23670
13724 4 995 444 443 1013 1013
154 1 153 1 1 5 2
5791 1 11553 1 1 2 1
24115 1 18755 2 1 2 1
28674 0 3041 7672 7672 24245 24238
40821 0 14864 10441 10441 36828 36823
17883 0 18836 6381 6381 17308 17305
40822 0 9367 487 487 32001 31978
40930 0 9367 115 115 25261 25239
7005 0 9367 1 1 216 196
26765 1 9367 1 1 2 1
2151 0 4180 31677 31676 31694 31692
40823 0 11638 12120 12120 38241 38224
18175 1 18573 3 1 3 1
24724 1 3969 2 1 1 1
3969 0 3582 33972 33972 35507 35479
17345 0 3969 15566 15566 15668 15664
34877 1 6582 3 1 4 1
6582 1 16956 2 1 2 1
26100 1 28248 1 1 1 1
33245 0 3980 5451 5451 29725 29723
4106 1 4105 2 1 1 1
584 1 28894 37428 37426 10586 10586
35143 1 33405 1 1 2 1
17003 0 479 9322 9322 15273 15263
9877 5 6166 14 14 4545 4509
30263 1 25760 1 1 2 1
30656 1 25760 1 1 1 1
1999 4 17069 228 221 129 129
18272 1 19427 3 1 3 1
29081 1 13187 1 1 4 1
16522 0 3780 28066 28066 36720 36684
26742 0 15839 5 5 186 183
1918 6 39340 4774 4767 497 497
11624 1 20815 2 1 3 1
13939 0 7027 677 677 10616 10610
5788 0 7027 43 43 24 19
40824 0 2657 8035 8035 37712 37705
1294 0 25140 2963 2963 979 976
21281 0 428 2138 2138 10919 10893
40911 0 428 3662 3662 34827 34800
39800 1 30816 1 1 2 1
12660 0 1095 143 142 157 146
17450 0 1095 6407 6407 3105 3093
11922 0 14898 6126 6126 18236 18218
23590 0 12772 18912 18912 25718 25715
3072 1 15159 2 1 2 1
24523 0 8582 3 3 167 160
188 6 29407 4 2 5 1
39603 4 27065 14575 14575 1502 1502
4691 1 14239 2 1 1 1
36188 1 4691 2 1 1 1
36501 0 4902 17642 17642 15335 15335
40022 0 6784 158 158 905 900
4121 1 17988 2 1 1 1
34845 5 10076 3 1 11 6
19999 4 35620 11 2 9 9
25642 0 31168 7879 7878 5170 5169
28192 2 3865 10 9 686 668
25039 0 2409 1 1 27 5
34598 0 2409 2 2 304 280
40825 0 22386 10303 10303 34744 34743
15804 0 10824 70 70 127 122
40826 0 30737 15425 15425 37174 37173
11678 4 24132 8031 8031 4611 4611
11178 1 14178 8 1 1 1
19319 1 11039 1 1 4 1
23526 0 9730 3585 3585 9062 9060
12960 0 23054 4506 4506 4927 4927
18237 1 14439 2 1 2 1
17375 6 39568 10 8 3 3
6955 0 2697 5 5 19 17
16533 0 2697 177 177 221 218
27268 1 11354 2 1 5 1
1968 1 1967 1 1 4 1
20914 0 1967 2 2 27 19
23271 0 7641 40339 40339 40443 40443
19684 3 19683 2 1 1 1
4983 6 33006 40669 40669 40605 40605
17534 9 12584 1 1 1 1
6871 1 18043 15413 15411 10913 10912
5628 7 18994 19894 19861 4 4
2502 1 20104 4 1 1 1
15657 0 4985 488 488 10707 10705
34914 1 6434 1 1 2 1
39981 0 306 1 1 114 98
21026 0 306 72 72 1614 1597
37154 5 9269 277 277 34917 34914
9073 1 5502 2 1 3 1
30127 0 1623 25856 25856 38603 38600
16304 0 30127 18558 18558 10249 10249
16980 1 4548 1 1 4 1
469 0 14498 1404 1404 2262 2251
9243 6 35214 40876 40872 34181 34181
36148 4 23121 18865 18864 9769 9769
3358 1 4743 5 1 2 1
9720 0 4743 50 50 788 778
40888 0 4743 1943 1943 36000 35989
2064 1 2154 1 1 2 1
22278 1 35919 1 1 1 1
36060 0 14935 8658 8658 21403 21394
27146 5 11426 1685 1685 40181 40171
3169 0 3813 5849 5849 10520 10502
3823 1 3813 1 1 5 1
20664 4 26988 6512 6510 439 439
6374 1 11133 3 1 3 1
33074 2 7 5 5 473 436
18961 2 7 1 1 36 2
17395 0 7902 16777 16777 27439 27435
22908 1 5606 3 1 2 1
10254 1 10253 1 1 1 1
40906 0 10253 2509 2509 32689 32675
14113 1 5076 1 1 5 1
36403 1 10838 1 1 2 1
14974 0 14973 4133 4133 1902 1894
14973 3 19845 7 5 13 13
40831 0 4593 5040 5040 30539 30539
31084 1 27014 1 1 3 1
12467 4 39860 6881 6875 10 10
40832 0 6630 3286 3286 35854 35850
26778 4 2803 32646 32646 26407 26407
3765 1 28497 2 1 1 1
20691 1 4936 1 1 4 1
7886 0 12463 303 303 3595 3589
14999 4 31316 40570 40570 30141 30141
22172 0 11068 20 20 1808 1795
454 3 16514 3 1 2 1
3025 1 16514 1 1 1 1
29578 0 15788 11101 11101 31332 31331
23802 0 21987 8625 8625 7883 7880
21987 0 20963 8551 8551 10912 10911
11759 2 10987 185 185 1623 1622
38689 0 12894 30100 30100 35528 35518
40834 0 14087 38441 38441 40416 40416
14853 1 5935 1 1 3 1
4044 4 31152 7559 7559 1387 1387
29372 0 24630 18 18 211 206
24630 0 22399 4981 4981 3785 3784
19479 5 4701 93 93 38952 38929
8240 5 4701 88 88 36510 36488
33163 5 4554 3 2 9 2
29553 1 26733 1 1 1 1
29553 0 8837 33356 33356 29634 29632
6792 1 14058 2 1 3 1
21282 0 15062 6560 6560 10487 10487
23036 4 36472 867 861 21 21
5783 4 23036 166 157 58 58
40835 0 40836 40925 40925 40812 40812
18778 6 32930 31237 31236 8863 8863
18778 0 5314 985 985 11833 11806
24621 2 17930 14 11 199 189
27989 2 17930 3 1 10 2
26041 0 4289 40906 40906 40933 40933
16899 4 24507 3957 3957 2150 2150
14917 3 17826 4 1 3 2
30990 9 28312 1 1 1 1
8980 1 3552 2 1 2 1
33079 0 3582 5757 5757 24104 24077
16497 1 26305 4 1 1 1
26368 1 8799 1 1 1 1
4480 1 32602 3 1 1 1
35059 0 27412 4782 4782 3090 3087
2645 4 29221 1297 1289 518 518
23462 0 5675 2409 2409 4065 4056
40853 0 23462 4972 4972 36627 36622
25133 5 5012 10 9 196 190
14927 4 5288 1162 1158 840 840
11058 2 6577 7 7 5809 5754
60 2 6577 8 8 768 715
7534 9 18226 2 1 1 1
10204 1 10208 2 1 2 1
5031 1 28475 1 1 3 1
15312 0 12860 9161 9161 2112 2112
21401 1 1933 1 1 8 1
12469 1 1992 4 1 2 1
18451 5 1238 44 43 7397 7390
37552 0 2655 7 7 145 141
2655 0 9806 10285 10285 10470 10464
40284 0 6614 11848 11848 29412 29389
3130 1 27019 5 1 2 1
23982 0 37653 29164 29164 30544 30542
20447 1 9918 2 1 1 1
15028 1 16314 2 1 4 1
15028 1 5116 4 1 5 1
40628 0 33021 15663 15662 32635 32635
3648 1 3647 2 1 4 1
19317 0 1107 6847 6847 24118 24108
830 1 21753 5 1 1 1
8270 1 9886 10 1 4 1
14780 1 6419 3 1 2 1
40837 0 15224 4649 4649 27556 27544
7188 0 11737 3 3 251 241
10277 1 32396 1 1 1 1
10277 1 2951 2 1 4 1
15054 1 2951 6 1 5 1
25047 0 19223 11568 11568 18954 18954
23871 0 918 10755 10755 19397 19390
40840 0 918 31104 31104 38873 38865
8168 0 13192 13866 13866 34846 34846
10293 1 12214 1 1 2 1
23642 0 26543 9424 9424 25902 25902
26543 1 12312 3 1 5 2
4913 4 20284 37 6 4 4
3331 5 16655 40750 40750 38716 38714
3331 1 35484 3 1 1 1
16739 1 16646 1 1 4 1
6726 1 5782 1 1 1 1
6726 3 6725 287 285 110 110
11335 1 6726 1 1 4 1
5491 1 1201 2 1 6 1
6549 1 14425 3 1 3 1
5544 1 3327 2 1 5 1
3403 1 6328 1 1 2 1
7229 4 37460 30017 30000 36526 36526
20544 1 28902 3 1 2 1
3291 1 20544 4 1 2 1
530 1 21170 2 1 1 1
9371 1 9370 2 1 1 1
26061 0 9371 19639 19639 22979 22976
9371 0 5623 5036 5036 3080 3078
21518 1 29527 1 1 3 1
35181 0 21518 6905 6905 13146 13143
36581 0 16397 2306 2305 5428 5428
3972 7 37089 35820 35741 7 7
8883 0 5790 420 420 2440 2440
38389 0 7334 1047 1047 13037 13035
27814 0 9178 19 19 153 151
10855 1 19155 1 1 1 1
10855 1 31116 40937 40936 40786 40785
1431 4 27265 91 76 127 127
27563 1 35599 1 1 1 1
1193 4 39361 37 26 1 1
39975 0 7068 23036 23036 34655 34647
3855 0 3909 5710 5710 3055 3048
28703 0 3909 6074 6074 33282 33274
11573 1 13583 2 1 3 1
40841 0 16266 1601 1601 28550 28527
2434 0 16266 8 7 47 26
40842 0 67 1867 1867 25641 25632
1154 0 18959 39348 39348 35733 35731
32397 0 13044 10546 10546 29006 28997
17819 1 653 2 1 2 1
37840 0 313 10 10 305 297
40843 0 3679 2088 2088 32746 32735
40843 4 5346 1004 1004 36126 36126
13988 0 168 1806 1806 5247 5242
38754 2 10661 3 2 65 62
29501 0 6358 11832 11832 21587 21585
29860 0 18587 12334 12334 10653 10653
33438 1 36858 1 1 2 1
36858 1 35629 1 1 1 1
12381 0 1474 28700 28700 36543 36528
2863 0 6499 15346 15346 13391 13390
7328 0 5714 17326 17326 22316 22315
14412 0 20621 11424 11424 21969 21968
35316 5 38173 14 12 9 8
20490 1 7847 2 1 2 1
21077 4 10657 4092 4091 777 777
10380 0 1964 34657 34657 40668 40666
17802 1 3847 1 1 2 1
29031 4 40721 39995 39994 12152 12152
29630 5 22311 1 1 5 1
14888 4 21122 82 73 12 12
14888 0 2518 1 1 22 1
819 1 7732 4 1 4 1
7100 4 29718 31371 31369 7346 7346
8077 1 7192 1 1 1 1
16136 1 39043 1 1 1 1
13225 1 15253 2 1 4 1
40844 0 6467 30615 30615 38447 38440
6069 0 37345 34432 34432 37341 37340
4895 0 8093 4206 4206 16746 16719
21558 1 13645 1 1 2 1
10544 6 38325 13 2 1 1
23888 0 1730 1 1 274 174
33667 0 1730 2 2 826 725
22133 0 1730 1 1 63 2
19623 0 1730 1 1 108 10
28603 4 38563 40927 40926 28660 28660
16620 1 2522 3 2 8 1
24900 3 5965 1 1 1 1
3989 4 18951 16 9 10 10
22965 1 167 1 1 1 1
35645 0 7367 8271 8271 8056 8056
36255 0 10055 2 2 15 9
1574 1 8899 6 1 3 1
21174 5 2295 24 24 30928 30825
34328 5 2295 18 18 26957 26855
28418 5 2295 2 2 5690 5592
34439 5 2295 32 32 25043 24942
40845 0 32455 11613 11613 38013 38012
35000 0 9668 71 71 3147 3131
32116 0 21176 13382 13382 27779 27777
23390 0 40586 28731 28731 2569 2569
40848 0 23390 8462 8462 33983 33980
19903 4 29357 120 120 295 295
35177 0 14481 40939 40939 40821 40821
12330 0 11599 1463 1463 2527 2521
3579 1 19372 1 1 1 1
9842 0 3579 2510 2510 3377 3365
22422 1 9505 2 1 1 1
15330 1 28910 2 1 1 1
22889 0 11852 18079 18079 27442 27433
29771 9 3592 1 1 1 1
25748 1 34204 1 1 1 1
1772 6 37182 10101 10097 380 380
15158 0 40846 34860 34860 22603 22603
40847 0 8407 19656 19656 38153 38153
35466 0 11507 960 960 3581 3578
12327 0 411 656 656 1091 1068
21952 4 9376 338 338 115 115
4177 6 5022 643 628 401 401
5040 0 220 46 46 423 414
20777 0 30968 10959 10959 13169 13168
17995 1 415 3 1 5 1
6540 0 6677 653 653 557 555
30360 1 7239 1 1 2 1
1226 4 33413 522 498 456 456
36259 5 860 48 48 36071 36000
30840 5 860 167 167 39415 39342
39831 1 4370 1 1 6 1
17244 1 15986 1 1 2 1
9116 4 34497 803 801 6 6
4771 4 11796 47 2 3 3
18918 0 15687 2852 2852 3355 3352
18918 6 31983 18414 18405 12278 12278
29544 0 6411 220 220 2661 2654
13258 1 515 1 1 5 1
7665 4 11919 34 30 31 31
8356 1 22637 3 1 2 1
17180 1 8356 1 1 8 1
39574 0 13157 16772 16772 14495 14492
20711 1 1090 1 1 3 1
32427 0 24062 38465 38465 39152 39151
40849 0 13412 1946 1946 34315 34310
4316 0 1500 835 835 3060 3033
29122 0 1500 1 1 85 59
29916 0 33246 40901 40901 40813 40813
33246 0 425 14750 14749 34888 34868
3714 1 3991 1 1 1 1
6702 1 4469 3 1 5 1
20629 0 10089 36840 36840 24883 24883
18423 1 20629 4 1 2 1
4855 1 19562 6 1 4 1
11423 1 4213 5 1 6 1
10241 0 10481 5713 5713 3082 3080
27097 0 10241 182 182 314 304
5125 6 35244 39 39 13 13
10842 1 11135 2 1 1 1
3451 1 3450 1 1 5 1
3450 1 6752 1 1 1 1
26219 0 15966 938 938 12205 12202
20729 0 30962 31572 31572 16803 16803
31196 0 30962 24500 24500 24646 24645
36881 0 119 12 12 687 650
119 0 2748 3138 3137 4100 4090
2323 1 23181 2 1 1 1
14339 9 16095 1 1 1 1
32957 0 5195 2922 2922 13413 13407
32623 1 5195 1 1 2 1
32917 0 9489 6440 6440 26995 26991
40688 0 3489 1081 1081 33806 33745
13220 2 6815 9 8 54 50
5097 1 27076 3 1 1 1
17030 1 2573 2 1 5 1
2573 1 9486 6 1 2 1
37807 1 30144 1 1 2 2
2521 1 38597 4 1 1 1
6946 1 8731 1 1 2 1
9873 9 35523 1 1 1 1
1071 6 14854 37059 37053 26402 26402
3398 4 14735 62 45 1 1
5855 1 7329 5 1 3 1
3929 1 27247 2 1 1 1
16292 1 29803 1 1 1 1
6578 0 5973 2800 2800 1298 1294
40850 0 1543 309 309 30573 30516
37429 1 32885 1 1 1 1
5932 1 5931 4 1 1 1
14336 1 2808 1 1 2 1
23816 0 13145 2 2 37 37
16675 0 11522 12000 12000 17773 17773
40851 0 14187 20196 20196 36991 36987
10755 4 22444 232 231 12 12
11129 1 13730 5 1 5 1
25343 1 13730 3 1 4 1
8639 0 3289 639 639 6024 6001
3289 6 36920 8028 8011 7866 7866
8776 1 1347 2 1 3 1
1347 1 4276 4 1 3 1
39300 0 1590 621 621 4857 4834
37068 1 22654 1 1 1 1
1801 1 21363 2 1 1 1
31983 0 35119 29639 29639 30587 30586
31983 6 2119 39572 39570 17655 17655
19488 0 3006 22887 22887 40284 40274
19488 1 38649 40793 40793 40526 40526
40852 0 6747 6487 6487 29540 29538
28133 0 18038 22 22 245 242
8634 9 19910 2 1 1 1
11304 0 19910 3577 3577 5174 5173
20413 0 1973 18349 18349 23576 23520
26353 1 4814 3 2 8 4
22355 0 11595 1795 1795 3618 3612
1588 1 19716 2 1 2 1
11612 1 21343 1 1 1 1
5569 1 10107 1 1 4 1
5923 1 5569 3 1 4 1
24840 0 14776 7819 7819 3984 3984
24031 4 32273 33930 33930 8114 8114
12006 1 23328 2 1 1 1
15403 4 40478 724 724 408 408
16346 0 16005 28853 28853 19028 19026
7668 1 35530 2 1 1 1
9434 4 40717 40304 40301 6548 6548
22914 1 3088 2 1 3 1
2945 9 2944 1 1 1 1
24743 1 24742 1 1 2 1
31284 1 19047 1 1 2 1
1664 1 16927 4 1 1 1
40307 0 4362 14 14 1276 1269
29218 1 4362 2 1 1 1
4362 0 8787 1692 1692 1073 1066
17040 8 37417 1022 1021 47 47
39206 0 12650 1 1 45 25
29976 5 5742 1 1 1013 991
15635 5 5742 17 17 5729 5706
903 5 5742 2 2 957 936
17663 4 9378 559 555 878 878
20364 1 26993 2 1 1 1
27150 0 3232 11764 11764 33785 33778
40854 0 14981 9537 9537 36111 36107
40855 0 25028 26597 26597 37321 37321
40678 5 5841 59 59 38509 38496
26893 3 11921 9722 9720 327 327
38438 0 24102 282 282 1637 1633
22467 0 22049 4 4 10 7
15542 0 22049 10189 10189 34275 34270
40856 0 8153 2948 2948 32929 32910
36147 0 8153 2360 2360 12666 12648
10925 1 8153 3 1 3 1
34372 4 36708 100 100 13 13
7489 6 35302 346 341 35 34
9267 0 1292 671 671 2075 2070
5975 0 8327 5218 5218 12096 12087
112 6 23406 52 7 7 7
6559 1 18773 3 2 3 1
13687 1 7279 1 1 4 1
37981 0 904 4 4 61 50
15563 1 17861 2 1 1 1
24736 1 14901 2 1 1 1
7506 1 27215 8 1 1 1
28486 1 28485 1 1 1 1
22848 1 33665 1 1 1 1
15952 0 3163 10 10 375 335
9298 0 3163 1 1 40 2
28717 0 3163 1 1 46 7
17876 3 17875 1 1 1 1
22196 1 22195 1 1 1 1
13637 1 27685 1 1 1 1
10125 4 13911 40421 40419 31178 31178
4146 0 37135 32908 32908 21803 21801
31487 4 8818 4823 4823 167 167
36976 0 4550 1516 1516 21533 21435
24513 0 4550 1 1 95 4
27936 0 4550 3 3 294 197
12322 0 4550 1 1 98 5
40857 0 2021 11653 11653 37835 37781
27575 0 6658 12535 12535 36578 36566
19537 9 28961 1 1 1 1
1070 0 17546 345 345 299 295
9755 1 9754 1 1 2 1
769 1 9754 1 1 4 1
40381 0 34906 4244 4244 22402 22402
15427 0 134 314 314 6401 6387
134 1 2633 2 1 1 1
1511 0 15914 9540 9540 20186 20183
5005 1 28613 2 1 2 1
18503 1 5005 1 1 3 1
40140 0 27752 2 1 74 71
16225 4 4698 321 318 672 672
40858 0 15284 4146 4146 25672 25666
628 1 627 2 1 2 1
16800 4 32120 2512 2512 441 441
25305 0 2099 1 1 226 199
13821 1 13530 1 1 2 1
16002 1 36632 3 1 2 1
40859 0 37052 11000 11000 33852 33851
6188 4 24112 84 66 1 1
6188 4 24347 21 5 1 1
15067 0 18496 18755 18755 9916 9916
29361 1 18956 1 1 1 1
10119 1 25492 6 1 3 1
28682 1 6956 1 1 1 1
22077 5 6956 5 5 5703 5684
720 9 26603 2 1 2 1
18029 0 8812 40780 40780 40819 40818
36166 1 16798 1 1 1 1
30646 4 33263 38056 38056 28157 28157
10063 0 8348 10664 10664 28531 28524
28320 1 27155 2 1 2 1
27155 1 29136 1 1 2 1
737 0 704 40906 40906 40942 40941
16207 1 16206 1 1 1 1
37148 0 23650 28896 28896 37924 37924
33954 1 14292 1 1 2 1
29886 1 28685 2 1 3 1
9855 6 33387 43 19 8 4
3785 0 28084 15840 15840 36030 36030
20088 5 3785 47 47 9844 9828
32514 5 3785 22 22 35611 35593
6922 1 6921 5 1 4 1
6921 1 7885 2 1 5 1
7656 1 11492 1 1 1 1
16454 1 15118 4 1 4 1
27917 0 8192 4 4 15 12
27917 1 5927 4 3 8 3
5927 1 27917 8 3 4 3
4197 0 8050 1 1 22 19
4197 1 37513 5 1 1 1
25431 1 5635 1 1 1 1
15018 1 18772 3 1 1 1
9762 6 8948 27818 27814 1860 1860
30927 6 25532 14808 14808 18410 18410
19315 1 39214 2 1 1 1
39214 0 32965 4 4 13 13
18563 0 4302 75 75 1618 1616
21993 1 19504 2 1 1 1
9794 0 26796 854 853 508 508
40860 0 1945 5276 5276 32482 32459
13748 1 11108 3 1 2 1
4384 1 24793 2 1 2 1
10633 4 19550 13991 13991 5809 5809
27322 1 37139 1 1 1 1
40383 0 38168 8533 8533 11427 11427
7362 4 32362 15 2 3 3
22231 1 8513 1 1 1 1
40692 0 8924 1587 1587 34553 34544
1685 1 12089 4 1 1 1
450 4 4488 189 171 1 1
39094 5 3918 121 121 35471 35452
40914 5 3918 67 67 35317 35299
2315 0 3918 29669 29669 31386 31378
40869 0 3918 5882 5882 33083 33074
39375 4 35988 1075 1075 250 250
33362 0 724 916 916 8144 8126
4388 4 38068 48 37 1 1
24592 0 13837 1057 1057 5030 5026
4109 6 1349 4650 4646 2278 2277
20971 4 929 2827 2827 21179 21178
23939 0 929 126 126 6976 6965
2108 1 23830 3 1 2 1
137 1 39790 1 1 1 1
14471 4 26704 177 173 34 34
38379 0 2037 5444 5444 23708 23705
3297 1 2037 3 1 1 1
19597 1 29925 3 1 1 1
9472 3 9553 14858 14858 20431 20429
24002 1 31718 1 1 1 1
13378 4 37002 61 53 3 3
18672 8 18729 98 98 113 110
23066 0 10976 4357 4357 6019 6019
37193 0 36623 11566 11566 13093 13093
35461 0 15432 4016 4016 11126 11124
6086 1 37968 1975 1975 4660 4660
39988 0 6132 9328 9328 28733 28727
27635 0 6879 33534 33534 14909 14909
12792 1 18251 1 1 2 1
25299 0 17090 1860 1860 230 228
22804 0 9256 2249 2249 3920 3917
22046 1 449 1 1 1 1
26701 5 39164 39369 39369 35449 35449
33010 4 37752 4252 4251 188 188
17564 4 28570 40930 40930 36150 36150
14394 1 27202 1 1 2 1
40861 0 35307 11092 11092 33751 33751
36533 1 31832 1 1 2 1
1421 1 13698 2 1 1 1
1421 1 1420 4 1 1 1
15918 1 8898 2 1 1 1
39681 2 3869 76 76 32263 32231
13147 2 3869 1 1 456 427
29520 1 38175 1 1 1 1
7705 4 29204 191 184 156 156
31945 1 533 1 1 2 1
20267 1 11332 2 1 2 1
40862 0 6138 4953 4953 35800 35785
12405 1 2536 1 1 5 1
22145 0 267 7373 7373 19414 19391
12466 4 38408 129 108 5 5
12466 4 38825 168 146 8 8
16552 1 10073 1 1 1 1
31672 0 16442 31407 31407 34403 34403
34829 0 34921 3 3 3 1
6539 1 27537 3 1 1 1
24829 0 20017 3999 3999 11992 11987
28048 0 20017 31733 31733 29256 29250
40863 0 22831 8744 8744 30532 30527
9658 0 22831 14541 14540 13786 13782
17365 6 1148 38022 38022 23611 23611
11735 1 13906 1 1 1 1
10734 0 10886 2328 2328 2556 2542
1494 0 15383 17483 17483 30431 30429
31725 6 3983 368 368 4181 4180
3023 1 19162 1 1 3 1
28499 0 2833 325 325 1551 1536
4250 3 26422 10306 10305 38685 38683
14121 1 5862 2 1 1 1
1002 0 15449 20520 20520 25429 25424
14237 9 14236 1 1 1 1
40286 1 14159 1 1 1 1
1432 4 24308 43 28 1 1
29759 0 21793 4 4 7 6
40 0 9353 13 13 79 71
36532 1 36531 1 1 1 1
4832 1 7867 2 1 1 1
27716 6 14968 6449 6449 2264 2264
304 0 25231 35563 35563 30950 30949
8542 1 19421 5 1 1 1
30629 1 15712 1 1 1 1
20027 2 9746 1 1 88 77
26019 0 4682 1 1 6 2
15092 4 32205 5747 5743 422 422
13106 4 30126 150 139 1 1
7451 0 9653 40023 40023 40499 40499
14198 1 7551 1 1 9 1
19206 1 11656 4 1 4 1
938 1 29478 1 1 1 1
19923 0 13346 3420 3420 22083 22075
40895 0 13346 1590 1590 31004 30995
8767 0 2776 7443 7443 10319 10295
17206 0 4193 23617 23617 19949 19947
9026 1 21448 1 1 1 1
10884 1 23870 6479 6478 13673 13671
10884 0 12402 38863 38863 31667 31666
33656 0 17442 4404 4404 7386 7382
29844 1 36062 2 1 1 1
39433 6 40246 30 29 3 3
13370 4 32777 40839 40838 36017 36017
40865 0 34557 13312 13312 39337 39336
12307 1 5388 1 1 2 1
8628 3 1186 8696 8695 5122 5122
4299 0 1562 1993 1993 5317 5310
18208 6 35649 33606 33606 29250 29250
12758 0 980 2755 2755 8047 8046
26577 4 38800 149 149 47 47
40866 0 8678 1339 1339 38771 38768
32294 0 1897 4611 4611 24442 24369
6937 1 1897 4 1 7 1
9481 9 158 2 1 4 1
13100 9 9481 2 1 1 1
15588 1 15587 2 1 1 1
13773 0 27141 4 4 114 111
25916 0 16303 591 591 1077 1067
36297 0 16303 2 2 93 84
20354 1 18989 1 1 1 1
973 1 13336 3 1 7 1
5185 0 13336 8216 8216 9052 9048
9012 5 7786 57 57 30078 30059
33237 1 410 1 1 1 1
14633 6 31433 40867 40866 40919 40919
14633 6 8142 33294 33294 38134 38134
40867 0 339 9605 9605 37758 37755
3453 1 18417 4 1 1 1
8951 1 28285 2 1 1 1
1460 1 8951 1 1 3 1
8222 1 6150 5 1 2 1
8054 3 25795 2 1 1 1
6845 1 2779 1 1 1 1
19202 0 12252 536 536 5097 5090
20124 1 18592 1 1 1 1
20124 0 14100 770 770 955 951
30846 0 2941 4 4 207 206
39027 0 9415 9694 9694 24095 24083
23350 1 17390 1 1 2 1
8558 1 7530 2 1 3 1
40868 0 5700 38367 38367 38486 38486
32469 0 324 6332 6332 23860 23840
8545 0 324 854 854 13296 13277
25032 1 25031 2 1 1 1
38057 9 30720 1 1 1 1
2030 0 1832 2 2 35 25
1637 0 5616 1692 1692 839 830
9928 0 5616 1 1 75 67
1702 4 29665 621 617 35 35
36951 4 24229 192 190 786 786
6008 1 1041 1 1 2 1
14647 0 13213 71 70 2 2
699 1 22618 1 1 1 1
35907 4 37894 76 76 16 16
13383 1 2789 5 1 2 1
2713 6 7645 298 257 7 6
11577 1 7731 1 1 3 1
40870 0 1335 4620 4620 34250 34249
24483 1 12798 1 1 3 1
17309 0 30810 5980 5978 12594 12592
10156 1 963 1 1 1 1
2452 1 3976 3 1 3 1
2452 1 7086 5 1 7 1
40905 0 3387 794 794 25294 25280
7217 1 3387 2 1 1 1
8525 4 37769 18032 18030 1186 1186
35828 0 1364 352 352 8284 8254
26559 6 35828 377 377 2056 2056
16493 1 19237 2 1 5 1
2933 1 7202 4 1 5 1
6048 9 22594 1 1 1 1
29003 1 35415 4 1 1 1
20788 1 10332 3 1 2 1
5707 1 5706 1 1 3 1
29609 1 29608 1 1 1 1
22190 1 35891 1 1 1 1
22190 1 11262 4 1 3 1
9192 1 19649 6 1 1 1
26202 0 7136 18305 18305 32513 32512
36138 0 7877 6 3 7 4
23317 0 6977 12520 12520 27717 27682
40920 0 6977 6777 6777 37277 37241
36948 1 27706 15614 15614 35003 35002
34777 1 14753 1 1 1 1
1620 4 23845 26 11 1 1
12071 1 18026 1 1 1 1
8848 5 14818 4 4 4100 4086
11500 6 11034 9430 9423 609 607
16013 1 5367 4 1 3 1
10574 6 36868 10314 10310 834 833
18072 0 1880 2377 2377 26714 26699
7031 1 26802 4 1 2 1
32487 1 10667 2 1 1 1
28680 1 10686 1 1 2 1
9031 4 20091 84 66 2 2
37696 0 13023 6881 6881 24654 24646
5434 1 5433 4 1 2 1
24552 2 8531 81 80 1244 1241
35789 5 3276 38 38 13371 13339
31511 5 3276 17 17 10163 10132
39401 0 24275 107 106 2089 2077
27408 0 4448 3 2 33 25
13163 1 17198 2 1 2 1
8664 1 2489 2 1 6 1
2489 1 15398 5 1 1 1
25485 2 3943 1 1 34 3
38545 2 3943 1 1 31 1
36055 6 19589 26591 26591 34675 34675
19768 0 5156 4212 4212 19434 19402
26405 0 5156 1 1 44 13
17022 6 35666 3294 3291 304 304
17022 6 3619 2940 2938 285 285
4621 1 88 2 1 3 1
40873 0 28355 21375 21375 36622 36620
2460 9 9748 1 1 1 1
36214 0 573 12 12 1449 1410
40874 0 22716 27923 27923 37438 37438
25322 4 40518 1807 1807 2074 2074
2760 0 11134 8919 8919 7306 7300
4446 9 1807 3 1 1 1
11636 0 4446 5903 5903 9797 9796
36303 1 2876 1 1 1 1
37244 1 21630 1 1 3 1
38942 1 2626 1653 1653 11182 11179
31471 0 2626 131 131 1506 1505
3018 0 27173 40373 40373 39527 39527
26985 0 7600 168 168 114 109
37635 0 7600 2457 2457 10940 10934
8617 6 7587 2445 2434 314 314
24972 0 1142 8173 8173 29835 29833
680 7 38698 20409 20347 7 7
680 7 40901 31353 31290 2 2
6028 0 29623 22687 22687 31270 31270
29623 0 33835 2811 2811 12157 12154
36506 4 25083 3533 3533 1632 1632
7152 1 4236 1 1 1 1
22504 0 7152 333 333 8917 8912
40876 0 1295 820 820 32975 32969
21646 1 1295 1 1 2 1
22690 0 9531 1 1 11 7
34554 0 9531 1336 1336 8943 8938
701 1 25692 1 1 1 1
14347 1 5567 2 1 3 1
22500 1 15849 1 1 1 1
24584 6 29929 36895 36895 34096 34096
18192 4 1499 132 132 57 57
17820 1 654 4 1 6 1
23192 1 654 1 1 2 1
34164 0 21362 26252 26252 39781 39776
23961 0 6776 1373 1373 15009 15001
14951 5 6776 255 255 9267 9262
2111 1 35677 3 1 1 1
32320 1 16031 30917 30917 37029 37029
31261 4 13766 27298 27298 7788 7788
38116 9 9 1 1 2 1
40068 0 28942 39604 39604 35490 35490
21724 1 8592 5 1 3 1
4229 1 37036 32330 32326 13623 13623
29447 0 15913 21870 21870 11452 11447
16697 4 31051 67 62 4 4
5443 6 33646 22 4 4 3
13087 1 36310 2 1 1 1
22927 4 27025 891 891 1234 1234
24129 1 15215 2 1 2 1
24953 0 13135 16148 16148 26253 26244
22068 0 29955 25413 25413 23264 23264
6111 0 23960 527 527 1337 1335
6111 1 11198 5 1 1 1
2003 0 4127 16972 16972 33445 33442
40878 0 34399 441 441 21155 21151
26349 1 19291 2 1 1 1
15641 1 5982 5 1 3 1
21253 0 5982 36259 36259 33258 33258
3948 3 25669 23155 23151 86 86
40879 0 39495 29586 29586 36343 36343
10738 0 8594 16746 16746 14106 14100
40612 0 8594 11060 11060 37562 37555
12395 0 4161 6 6 323 296
40942 0 4161 11152 11152 36671 36641
26530 0 25605 34254 34254 27949 27948
25576 0 19971 15396 15396 25697 25691
3574 6 39280 254 250 300 300
35051 1 36988 1 1 1 1
19269 6 3870 379 378 285 285
26457 1 21879 2 2 1 1
16049 4 31756 17 15 12 12
26279 5 6146 1 1 1096 1085
31974 5 6146 16 16 16768 16756
22137 5 3531 68 68 32702 32680
15837 1 15836 1 1 1 1
3895 0 3721 16 16 1282 1247
23820 6 25420 17 13 3 2
23820 6 11103 112 107 6 5
28203 4 29473 3608 3605 48 48
2999 1 36067 3 1 1 1
11766 5 10754 123 123 40288 40269
40880 0 10330 8776 8776 38519 38514
29695 1 25945 1 1 1 1
15242 6 5534 164 162 672 670
16017 3 30757 5149 5147 9784 9783
9486 3 6190 40787 40782 19869 19869
10504 6 36780 2116 2110 85 85
31226 0 17728 2344 2344 10038 10029
8734 1 1538 2 1 1 1
29667 0 249 88 88 4308 4264
7681 0 249 3584 3584 16801 16755
1196 5 12328 17 17 17349 17332
29190 5 2139 6 6 5727 5702
9335 5 2139 1 1 57 33
13338 1 18054 1 1 1 1
19110 4 40436 979 979 117 117
1935 0 7945 481 481 11854 11832
1104 0 7945 31 30 293 272
32001 2 3539 128 128 32937 32936
7118 0 3978 8 8 82 61
27765 0 206 194 194 4832 4802
16624 9 15794 1 1 1 1
1966 4 24890 12714 12712 20313 20313
31338 0 8266 41 41 134 130
40221 5 73 1 1 51 2
3410 4 40221 1326 1325 13 13
29650 5 73 18 18 21301 21243
4984 0 73 182 182 2583 2573
7890 1 8556 5 1 3 1
32343 0 7890 266 266 7879 7862
4686 0 9935 8560 8560 27993 27977
1690 1 5111 4 1 1 1
23282 0 1690 25 24 525 515
10335 1 2363 1 1 8 1
19856 1 15917 2 1 2 1
15168 1 35514 1 1 1 1
40881 0 9334 738 738 29290 29285
28253 1 28252 1 1 1 1
11736 1 678 3 1 3 1
12371 1 20336 5 1 1 1
26039 1 31200 28122 28122 23747 23747
39168 1 23614 1 1 1 1
20692 1 21524 2 1 1 1
24359 1 36592 1 1 2 1
6740 1 6335 3 1 2 1
38194 0 6335 28443 28443 31170 31170
5315 0 18408 40941 40941 40939 40939
11605 4 40002 4748 4748 478 478
12921 1 24570 11 1 4 2
21374 1 12921 2 1 9 1
5134 2 4633 1 1 12 1
35877 0 85 4 4 528 294
23185 0 85 4750 4750 15634 15393
40756 0 85 254 254 37062 36815
26136 1 26135 1 1 1 1
37633 0 20754 19163 19163 27002 27001
40883 0 1222 6561 6561 33123 33109
40904 0 1222 3241 3241 27454 27441
19190 1 22874 2 1 3 1
14563 2 35454 5346 5344 1703 1703
12530 1 5329 1 1 2 1
37793 0 425 3624 3624 20935 20916
7112 1 21005 1 1 3 1
13785 6 30026 35423 35422 26391 26391
30892 1 27200 1 1 1 1
22309 1 11345 1 1 1 1
652 1 11489 2 1 1 1
21523 0 5914 86 86 2698 2694
19459 1 8641 1 1 5 1
103 0 9917 5561 5561 3368 3367
34367 1 30925 1 1 2 1
39210 0 36049 40087 40087 39739 39738
27244 6 22681 384 383 168 168
12608 4 21734 84 81 37 37
31281 1 6359 1 1 6 1
40153 0 6359 3008 3008 11195 11187
28257 1 28256 2 1 2 1
3741 6 11977 3 1 4 1
8455 0 14334 1300 1300 78 77
11170 1 606 7 1 2 1
9097 4 33963 102 101 13 13
15436 1 15435 2 1 1 1
9201 1 9200 2 1 1 1
6058 0 5378 2 2 22 8
5378 1 9054 4 1 5 1
24455 0 7235 3042 3042 5350 5345
40886 0 36491 15549 15549 37876 37875
27948 0 29072 31057 31057 30496 30492
2574 1 10949 5 1 5 1
15184 1 36822 1 1 2 1
17033 1 208 1 1 1 1
5633 0 4663 4849 4849 13368 13352
23779 0 17423 5927 5927 16104 16100
31140 0 1615 141 141 1242 1237
25999 1 31140 1 1 1 1
29071 0 25203 7806 7806 10403 10400
4929 4 37085 352 346 88 88
11962 4 5667 6 2 3 3
14732 6 18907 20262 20261 26720 26720
4582 0 23340 4919 4919 13603 13599
2940 0 23340 693 693 1730 1727
6093 10 24981 2 1 1 1
14001 0 36202 16167 16167 21470 21470
37407 0 19919 26679 26679 35842 35839
28934 0 6210 136 135 257 254
13298 1 26814 2 1 1 1
12356 1 20726 2 1 2 1
11679 7 15652 3893 3887 9 8
18992 0 780 3169 3169 1920 1912
12696 0 1750 22890 22890 32946 32944
22477 1 2282 1 1 1 1
17701 4 36065 7992 7992 460 460
20641 0 36866 16264 16264 6506 6505
31601 0 1352 12039 12039 25849 25843
36144 0 28533 21798 21798 39336 39336
22400 2 2183 1 1 45 14
39117 2 5348 172 171 4814 4812
12905 1 5832 3 1 2 1
16355 1 22399 39790 39785 39787 39787
8334 2 35737 478 478 22585 22584
13347 0 26570 1919 1919 13835 13833
40889 0 34949 26423 26423 39146 39146
12551 0 7485 1212 1212 2987 2986
3154 1 27514 3 1 1 1
35950 0 20760 26624 26624 32911 32906
20760 0 25127 22357 22357 14359 14358
23933 1 23098 2 1 4 1
12685 6 19180 26255 26249 15573 15573
12358 2 4168 250 250 35256 35247
7700 2 4168 378 378 39898 39888
35674 0 16517 29664 29664 19983 19983
6813 1 5175 2 1 1 1
7375 1 7374 3 1 2 1
40890 2 23906 14103 14103 39149 39149
21948 4 38918 24500 24500 9406 9406
17500 9 17499 1 1 1 1
6759 1 21078 4 1 2 1
11196 0 24534 3924 3924 18237 18234
16734 7 13678 7402 7398 15 15
865 1 17946 3 1 1 1
1821 6 39122 6741 6727 1277 1277
11630 1 31896 3 1 1 1
7284 1 17756 2 1 1 1
26770 5 6829 46 46 13665 13659
37565 1 22789 2 1 2 1
11926 1 11925 2 1 2 1
27446 1 22702 3 1 3 1
13999 0 37238 6381 6381 14514 14513
2050 6 30438 36793 36793 32570 32570
21493 0 24309 4458 4458 3349 3349
40891 0 13449 15165 15165 38877 38876
15390 1 38904 875 874 166 166
33146 1 2101 3 2 13 5
17987 3 17986 2 1 2 1
29746 3 17987 1 1 3 1
2692 0 10487 3081 3081 8411 8408
32902 1 29338 1 1 1 1
14511 6 11512 31025 31018 2200 2200
6117 1 683 1 1 7 1
25817 0 40019 32545 32545 25394 25394
39730 4 31900 38173 38173 33781 33781
14912 3 19439 3 1 1 1
34332 4 1842 87 83 39 39
29957 5 8285 94 94 33379 33375
8398 4 40398 34703 34703 29202 29202
13141 4 36356 71 59 14 14
24146 1 36079 1 1 1 1
12197 1 24146 3 1 2 1
8973 0 15567 7840 7840 27509 27508
2840 1 18631 2 1 1 1
4993 1 4648 2 1 9 1
15543 4 26788 16223 16223 25632 25632
9926 1 1976 1 1 1 1
40893 0 10088 5512 5512 35517 35512
18632 0 15264 17819 17818 9559 9556
25930 4 9684 3394 3388 295 295
39714 5 5407 52 52 31472 31447
31612 1 9688 1 1 1 1
1782 1 1781 1 1 5 1
34009 6 39128 18459 18456 5642 5641
25597 0 4132 28448 28448 28405 28395
16378 0 2054 29 29 955 938
12541 0 2054 7 7 138 122
2054 1 17904 5210 5210 877 876
18557 9 18725 1 1 1 1
40453 1 28165 1 1 3 1
7231 0 16733 36854 36854 27602 27602
17867 1 14085 2 1 1 1
36201 4 39259 506 505 507 507
17202 0 12720 3 3 45 36
28053 0 4049 615 615 3810 3797
25593 0 4049 1899 1899 9318 9304
4049 1 28361 1 1 1 1
22873 1 37187 2 1 1 1
37187 0 3391 13905 13905 22582 22578
30984 1 6485 3 1 3 1
12052 1 6794 2 1 2 1
6371 6 13857 16823 16818 1361 1360
1675 3 3261 5 1 3 2
32329 0 39076 37296 37296 35198 35198
1788 0 22163 147 147 46 42
8791 1 15310 2 1 6 1
13863 1 15310 6 1 4 1
3838 1 15310 3 1 7 1
36716 0 15310 20166 20166 38357 38357
23303 1 6584 2 1 3 1
9014 0 13840 16835 16835 7523 7518
9501 1 16279 1 1 2 1
9412 1 35482 2 1 1 1
26517 1 352 13 11 16 7
30651 1 30650 2 1 1 1
13606 0 5759 891 891 2860 2845
24242 4 40495 11945 11945 3805 3805
3024 1 8489 2 1 7 1
4914 4 5471 312 307 645 645
16649 0 11808 3437 3437 7187 7181
16580 1 16649 2 1 1 1
8882 1 30608 3 1 1 1
24380 6 4034 1141 1141 10744 10742
20967 1 38940 40803 40800 39556 39556
38940 1 20967 39556 39556 40803 40800
12345 4 32572 40935 40934 39451 39451
17336 1 6811 1 1 1 1
4393 0 21188 2807 2807 2601 2599
16082 0 19592 19506 19506 3036 3035
13599 4 38034 1089 1089 311 311
2399 3 852 3 1 1 1
26551 1 17969 3 1 3 1
19862 1 25685 5 1 1 1
33100 0 23835 2444 2444 8565 8559
38732 1 16818 1 1 3 1
30257 4 39983 99 99 464 464
2097 1 9439 5 1 1 1
8891 1 8890 1 1 3 1
10946 1 16189 29 26 6 5
23311 5 666 8 8 3687 3659
7605 1 16736 2 1 2 1
40896 0 23801 8610 8610 30900 30898
3152 1 34834 1 1 1 1
8027 0 17129 12508 12508 20813 20812
18036 1 23414 2 1 1 1
10896 1 5187 1 1 1 1
29378 0 14065 2214 2214 1057 1055
11268 1 18820 40299 40298 40933 40930
10603 3 7644 1 1 2 1
28163 6 33290 3830 3830 388 388
26372 1 2839 3 1 3 1
13731 1 3340 3 1 3 1
30635 1 27499 2 1 3 1
19561 2 12788 6 4 22 20
6316 1 14884 104 102 217 216
14884 1 6316 217 216 104 102
40071 0 542 11352 11352 28595 28581
24433 1 24432 2 1 1 1
8518 8 19686 535 530 8 8
36028 1 13581 1 1 3 1
23015 1 39472 2 1 1 1
29941 0 8121 3028 3028 16336 16331
11007 0 39628 16257 16257 7542 7541
38483 1 35975 1 1 1 1
27069 0 17594 36720 36720 28716 28715
31414 0 21528 6940 6940 12591 12588
10966 0 6448 10808 10808 21412 21408
7275 0 36151 8042 8042 8353 8352
10347 0 12311 396 396 345 334
40897 0 15992 998 998 31348 31343
29348 1 9181 1 1 5 1
181 4 20452 187 182 81 81
30056 0 13450 7451 7450 3870 3864
13510 0 34706 27333 27333 35416 35414
9041 1 8986 5 1 6 1
33052 1 6521 1 1 4 1
26934 4 36843 3490 3490 368 368
2778 1 2777 4 1 1 1
28399 9 24687 1 1 1 1
28399 0 7125 776 776 2493 2491
163 1 9522 5 1 2 1
38964 6 15538 1638 1636 1166 1164
36295 6 20656 15 15 50 50
7947 1 3044 4 1 8 1
24577 0 6103 18254 18254 12670 12667
39447 2 955 4 3 2153 2140
27080 0 35724 33246 33246 30357 30357
18317 0 16471 5172 5172 13702 13699
40899 0 1371 12458 12458 33803 33780
35847 0 1371 34809 34809 32593 32571
32447 6 14556 375 373 1818 1817
5046 5 5363 70 70 21867 21852
31855 0 1378 7312 7312 30289 30226
19994 0 1378 70 70 2892 2832
25740 0 1378 9 9 484 425
40676 0 1378 219 219 25986 25924
20832 0 2453 857 857 9675 9623
38637 0 35536 26320 26320 28392 28392
29542 6 38922 68 68 12 12
17578 1 8885 1 1 2 1
40900 0 3668 1790 1790 29750 29743
38879 4 40465 3698 3698 646 646
23645 1 3271 1 1 2 1
10717 1 23392 3 2 3 1
7129 6 37636 238 218 1 1
7129 6 39342 62 43 9 6
22752 1 11603 4 1 3 1
13171 0 2104 90 90 3782 3766
3840 4 25993 104 103 3 3
6976 1 6542 1 1 1 1
6504 0 17314 4030 4030 3024 3017
1218 1 18913 2 1 1 1
23637 1 22005 1 1 1 1
12259 4 40042 18547 18547 14800 14800
29053 0 31232 19495 19495 38610 38606
14841 1 11642 3 1 2 1
12434 1 11406 2 1 3 1
4571 1 19807 1 1 1 1
12516 1 16943 1 1 1 1
9471 1 28564 5 1 1 1
40902 0 30686 10194 10194 36160 36159
215 1 13069 6 1 2 1
28342 4 21955 3669 3669 14211 14211
4050 1 5908 1 1 1 1
10960 0 16571 21170 21170 15657 15656
3343 1 1512 5 1 2 1
15421 1 7039 6 1 2 1
40903 0 23890 16975 16975 35660 35659
18173 1 23932 2 1 2 1
26645 1 11702 1 1 2 1
15117 1 11702 1 1 1 1
7241 1 9423 3 1 1 1
15866 1 20662 2 1 3 1
308 1 23762 4 1 1 1
1602 1 20590 4 1 2 1
7541 1 7540 1 1 1 1
4015 0 32323 34703 34703 32588 32588
36003 2 3957 3 2 56 52
11479 0 4865 7733 7733 22193 22187
1202 0 14475 11664 11664 21296 21293
14612 1 19739 2 1 3 1
7024 0 6752 1 1 205 191
32853 0 5203 5084 5084 22795 22793
37253 0 40396 5096 5096 12931 12930
34648 0 16831 168 168 5786 5785
1613 1 3914 1 1 1 1
10826 0 26562 2355 2355 9959 9954
23101 1 12527 1 1 1 1
27830 0 8061 101 100 1460 1458
20864 1 6464 2 2 3 1
5262 6 29332 19431 19429 727 727
35821 0 16863 9201 9201 22958 22952
13407 1 4967 2 1 2 1
9713 1 18011 1 1 1 1
31393 4 27927 26915 26915 8868 8868
12347 1 13214 2 1 1 1
22063 1 36525 1 1 1 1
37425 0 4766 32001 32001 40612 40612
27152 4 38832 40921 40920 28931 28931
31830 5 24055 16328 16328 31954 31954
15799 6 17609 12 1 1 1
38974 0 621 17548 17548 27911 27910
17241 0 17150 99 99 799 798
2858 4 33960 325 293 1 1
26230 0 10765 2650 2650 11655 11648
19752 1 19897 5 1 3 1
38731 0 10922 688 688 10879 10876
30909 6 31031 37305 37305 33118 33118
40907 0 25161 9276 9276 35636 35634
36978 0 692 451 451 10174 10149
29708 0 692 1 1 108 85
20476 1 6724 4516 4515 4938 4936
40908 0 7921 17239 17239 38149 38149
2443 9 5163 2 1 1 1
12141 1 2443 1 1 4 1
7159 4 32394 188 186 35 35
9995 0 1520 9 9 98 88
3657 1 11758 25586 25586 34171 34167
687 6 27283 10147 10126 2652 2652
8662 0 716 2 2 150 112
7974 1 3145 3 1 3 1
24517 1 9302 1 1 3 1
7449 0 7095 10541 10540 15859 15859
31989 4 40175 3648 3648 374 374
40909 0 3338 4648 4648 36158 36150
19172 0 15730 6 5 30 29
15433 6 23550 34545 34542 1038 1038
15869 1 9418 3 1 3 1
27694 3 13419 1 1 2 1
21543 0 14367 28438 28438 34190 34184
5015 4 5256 40941 40934 40941 40941
16016 1 10865 1 1 1 1
2379 0 14652 7399 7399 19062 19062
40910 0 10662 315 315 25987 25980
13388 1 17572 1 1 1 1
38526 0 17405 8493 8493 33196 33188
9889 0 38560 32488 32488 33423 33422
11600 0 13047 1 1 62 54
40912 0 9931 21224 21224 39632 39632
36575 0 34172 11037 11037 16091 16088
19960 6 20910 20530 20529 10119 10119
10868 1 6529 3 1 4 1
25398 1 30292 1 1 2 1
13664 1 23487 3 1 1 1
40913 2 1214 40 40 34809 34790
13094 2 1214 3 1 19 1
16437 0 26208 3370 3370 16554 16552
22757 1 22756 2 1 1 1
40260 0 26108 1109 1109 7946 7944
32735 0 5654 3975 3975 3432 3429
3447 1 9780 3 1 2 1
14404 1 3447 2 1 6 1
7985 1 4209 1 1 1 1
40915 0 10407 37074 37074 40250 40250
6851 1 6468 2 1 4 1
15604 3 4192 39728 39728 17717 17717
9074 0 2243 378 378 2270 2269
16945 1 27937 1 1 1 1
37937 2 17319 2 1 12 8
17444 1 7040 1 1 1 1
24542 0 21434 8711 8711 4187 4186
19654 0 38248 17956 17956 21418 21418
40916 0 25194 19442 19442 34908 34907
3512 1 1507 4 1 1 1
35515 4 5683 38770 38770 29923 29923
26598 1 13630 1 1 1 1
3815 1 39428 2 1 1 1
4037 0 16708 1 1 9 5
29698 0 8868 23619 23618 23736 23735
15051 1 14230 1 1 5 1
1006 3 17460 2 1 5 1
20944 1 2415 3 1 5 1
9847 3 11802 4475 4468 163 163
19964 4 40677 37970 37967 2582 2582
23100 1 23574 1 1 1 1
21645 1 16026 3 1 2 1
3046 0 140 15327 15327 20539 20533
1732 6 23260 3 1 2 2
29279 4 22476 4950 4950 503 503
21641 0 8412 19176 19176 18766 18765
40283 0 13935 4 4 268 265
20075 1 5623 3 1 1 1
32173 0 25942 4576 4576 9438 9435
17114 1 9438 1 1 2 1
33419 4 28271 617 615 23 23
40917 0 5681 12750 12750 31452 31451
15907 1 15906 2 1 3 1
15906 1 26088 1 1 1 1
14098 4 39569 290 288 55 55
4725 1 3135 2 1 2 1
24645 1 21259 1 1 1 1
22111 1 25386 1 1 1 1
11499 1 5619 2 1 3 1
3068 1 3431 3 1 2 1
7765 1 7764 1 1 2 1
11813 1 30361 6 1 1 1
13330 1 4080 2 1 2 1
40919 0 27595 35958 35958 37750 37749
26579 0 27595 4828 4827 1566 1566
20569 1 7364 3 2 7 1
27835 1 30774 1 1 1 1
2212 6 39573 7243 7243 6379 6379
29644 1 22647 1 1 2 1
28102 1 13943 1 1 2 1
39806 0 4094 22429 22429 33258 33258
11333 0 1873 10251 10251 14420 14411
7708 1 7707 2 1 2 1
20826 6 37122 2917 2916 97 97
35116 1 2058 1 1 2 1
4697 1 3858 2 1 3 1
11455 4 7090 16 12 20 20
40921 0 10175 6486 6486 36982 36976
38431 1 28014 1 1 1 1
12033 1 19844 2 1 2 1
5245 0 33893 34738 34738 33719 33719
34222 0 38513 2326 2326 4674 4673
8695 1 8694 1 1 3 1
3104 1 3103 1 1 2 1
15438 1 11384 1 1 3 1
31721 1 24228 2 1 1 1
2370 4 3245 65 45 4 4
8754 1 6098 3 1 2 1
8754 1 4244 4 1 3 1
18988 0 27345 34024 34024 39797 39796
40923 0 13663 4632 4632 31858 31837
11049 0 722 38349 38349 36392 36384
38784 0 6570 935 935 17070 17055
16141 4 16183 19 17 11 11
496 1 32512 3 1 1 1
37743 1 14493 1 1 4 1
5090 1 38941 1 1 1 1
34217 1 30032 2 1 2 1
16865 1 8774 1 1 2 1
26008 1 24248 13453 13451 1483 1483
37763 1 3707 1 1 1 1
22457 6 34682 35 35 45 45
33138 1 11811 1 1 1 1
25767 4 33687 444 444 95 95
13958 4 28025 15 7 34 34
656 1 37010 3 1 1 1
10583 1 2117 3 1 7 1
20736 1 17537 5857 5857 15664 15663
10184 0 28333 46 46 2231 2227
38142 0 26564 15278 15278 15331 15331
3096 4 25112 119 111 5 5
15613 0 15381 38243 38243 39023 39019
22584 1 12684 1 1 3 1
10350 1 13671 3 1 1 1
7514 1 25165 3 1 2 1
25852 1 20593 1 1 2 1
14893 0 27550 7323 7323 2199 2199
22787 1 22786 1 1 2 1
5300 0 27067 18197 18196 15823 15823
622 0 8078 10791 10791 20484 20473
24444 8 33475 33648 33648 38094 38094
35002 0 19318 5934 5934 26363 26361
5466 0 115 5 5 947 931
19843 0 2682 1017 1017 8144 8143
22395 0 5140 34251 34251 33611 33607
20504 0 11647 26118 26118 33513 33504
11184 4 27448 33356 33347 13935 13935
33563 0 18375 27262 27262 30856 30856
19846 1 18645 19392 19390 22629 22628
23722 0 20561 8660 8660 12214 12214
36869 1 18872 1 1 6 1
1358 1 1357 3 1 1 1
13443 1 1717 3 1 3 1
9968 1 13305 1 1 3 1
6222 1 29825 1 1 1 1
19156 0 89 8854 8854 29794 29776
28882 9 3696 1 1 1 1
40924 0 22072 2128 2128 29881 29877
30066 1 7387 1 1 3 1
15533 0 7387 12975 12975 17113 17107
6506 6 39335 561 554 8 8
29368 0 40057 31594 31594 19366 19366
27225 6 33459 2929 2922 30 30
34773 0 34386 7429 7429 3468 3466
40449 0 1803 6790 6790 36253 36245
21774 6 9252 38634 38634 30831 30831
18483 1 17730 2 1 3 1
18247 1 33545 1 1 1 1
38623 0 5839 4026 4026 12979 12974
4359 1 29197 2 1 5 1
29197 1 13612 3 1 2 1
27198 1 6242 1 1 5 1
27447 1 4053 2 1 1 1
13806 1 28087 1 1 2 1
40925 0 19888 21921 21921 31227 31227
9983 4 21913 1708 1706 74 74
20348 0 11447 1981 1981 2426 2426
38036 0 1666 717 717 6672 6661
32679 0 34089 9486 9486 4897 4897
35965 4 17251 197 197 1172 1172
18481 6 27900 17632 17632 26943 26943
37628 1 32564 1 1 2 1
4466 1 21189 2 1 2 1
640 1 7220 1 1 1 1
24070 0 18975 15157 15157 19739 19737
2758 1 22165 1 1 2 1
4556 1 9927 2 1 5 1
40353 0 10745 39315 39315 40333 40328
19632 1 35311 1 1 1 1
39784 1 31199 1 1 1 1
4594 0 5891 1868 1868 17499 17495
4491 0 19288 29509 29509 24641 24639
30729 4 33668 7912 7912 1464 1464
34985 0 3925 4280 4280 12767 12763
28487 1 7168 1 1 2 1
26416 1 36198 1 1 1 1
34811 0 1272 13509 13509 15473 15456
3263 1 2390 2 1 1 1
11689 0 15537 27426 27426 36383 36380
28752 0 4416 39020 39020 39474 39473
27422 0 8663 35248 35248 40333 40331
5643 1 3754 2 1 1 1
11366 1 26527 5 1 2 1
24792 1 893 1 1 2 1
6657 1 21399 1 1 1 1
18566 1 6657 1 1 2 1
39413 0 5325 14385 14385 29975 29949
11969 1 26616 2 2 2 1
36488 1 6245 1 1 4 1
11151 1 17991 2 1 3 1
3136 1 16161 2 1 2 1
30980 0 3884 4773 4772 6389 6384
30250 1 32816 3 1 1 1
4638 1 29948 1 1 1 1
27855 0 9636 27470 27470 39218 39218
22777 1 35880 1 1 1 1
3901 1 1387 1 1 1 1
22243 0 13777 8 8 15 6
5542 1 30223 5 1 2 1
38033 0 20954 14046 14046 3137 3137
29753 0 15565 2694 2694 8603 8595
29266 4 13537 32298 32298 34930 34930
1937 6 25054 3907 3904 21 21
21124 0 14843 25260 25260 20259 20256
40927 0 290 2181 2181 28319 28273
31744 4 8674 16 15 449 449
40127 0 2558 3462 3461 22504 22489
2529 4 12558 174 167 128 128
7694 1 33571 3 1 1 1
22610 0 27194 126 125 559 554
30249 0 6066 7446 7446 14844 14843
658 0 13432 12719 12719 16673 16667
40928 0 9369 1622 1622 35163 35162
38434 0 9010 6742 6742 21830 21829
30241 6 28445 2842 2839 1564 1564
35998 1 12005 1 1 3 1
37809 2 18294 2538 2537 6370 6368
11424 1 34792 7 1 1 1
35840 0 11072 752 752 4140 4135
28978 1 22902 1 1 1 1
11576 6 38596 8909 8907 40 40
1930 4 36216 843 836 36 36
7939 1 10211 4 1 2 1
28794 4 27413 10563 10563 3707 3707
5741 0 1817 35368 35368 34980 34980
5741 6 31343 2156 2153 61 61
19214 6 3845 1064 1060 1872 1871
23468 1 1116 3 1 1 1
19251 1 13436 2 1 2 1
30832 0 17008 12019 12018 18139 18139
10086 1 10085 1 1 4 1
20123 1 21785 2 1 4 1
29801 1 16682 1 1 3 1
2714 6 17927 136 92 17 13
3544 6 29062 43 32 2 1
16737 0 2582 299 299 608 604
37791 0 27732 15531 15531 28882 28877
17526 4 11245 3868 3866 5263 5263
1533 0 604 24081 24081 34791 34780
39727 1 9142 1 1 4 1
13018 3 4849 1 1 1 1
32445 0 36854 7778 7778 15954 15952
30065 6 21979 2638 2638 12761 12758
1742 6 21979 26442 26442 34693 34689
23039 1 22926 3 1 1 1
32339 1 27741 2 1 3 1
17262 4 33581 224 223 605 605
26419 1 3896 1 1 2 1
2404 6 17683 31155 31153 29386 29386
33189 0 14812 9202 9202 25503 25499
26452 9 7754 528 528 14989 14988
19015 1 28438 3 1 4 1
12913 1 9397 1 1 3 1
40931 0 27727 22513 22513 40277 40276
1419 1 22014 3 1 1 1
22075 4 35020 87 86 25 25
14470 4 37913 113 112 379 379
28719 0 7960 39376 39376 31866 31866
8597 1 843 1 1 1 1
14278 0 7240 422 422 6296 6279
2970 0 8651 12210 12210 31721 31720
17407 6 4098 40689 40688 27087 27087
15599 5 6014 1316 1316 30250 30247
23298 0 37796 8 8 205 203
23743 4 1839 2782 2778 2425 2425
9242 1 9241 1 1 2 1
40932 0 8840 16644 16644 35396 35389
20097 1 39891 4 1 1 1
28366 1 34247 2 1 1 1
23644 0 37462 2680 2680 8458 8458
9572 9 9571 1 1 1 1
30724 1 28310 1 1 2 1
18933 4 6687 27 24 65 65
17759 0 2861 2292 2292 6049 6041
40933 0 15371 13584 13584 31563 31559
38707 1 6267 1 1 2 1
4208 1 4207 2 1 2 1
15219 1 38553 2 1 1 1
23158 4 15716 2412 2412 3358 3358
21950 1 27256 3 1 2 1
34499 0 3934 1042 1042 8750 8747
35578 1 3227 1 1 2 1
7908 1 6243 18 11 5 4
1914 6 14604 729 705 47 47
38010 0 30717 37751 37751 38360 38359
40934 0 22330 19225 19225 38787 38787
36509 0 1481 917 917 4645 4644
17630 1 5576 1 1 1 1
16260 4 1174 87 81 148 148
8162 2 27707 16354 16354 3980 3980
28523 9 16965 1 1 1 1
40935 0 16658 2523 2523 33406 33403
25614 0 86 14 14 294 291
18620 3 6300 1 1 1 1
10303 0 1380 9067 9067 16547 16532
37033 0 20187 32673 32673 39068 39067
26386 0 18443 9301 9301 10356 10355
38926 0 5480 14009 14009 18166 18165
29831 0 12577 110 109 2003 1996
15782 0 21097 9850 9850 3537 3534
22438 1 8094 1 1 3 1
40936 2 3999 198 198 33492 33453
1838 0 11464 2729 2729 1992 1990
14405 6 31106 3690 3687 610 610
38576 6 23883 27997 27997 9921 9921
17088 4 35425 33868 33868 20279 20279
849 10 13402 1 1 1 1
31905 1 5241 2 1 3 1
5409 0 9991 743 743 338 336
7245 0 31986 39109 39109 30526 30525
34983 1 16742 1 1 3 1
10762 1 12714 2 1 1 1
10953 0 273 3340 3340 4950 4936
26769 0 1194 459 459 12719 12717
12790 6 38666 78 77 8 7
20833 0 14547 8559 8559 21115 21115
31477 0 20633 5170 5170 11199 11197
25922 1 17748 3 1 2 1
35874 0 3549 1 1 56 41
24436 1 2798 1 1 2 1
25966 1 11230 1 1 2 1
16275 1 18980 3 1 4 1
7862 4 17841 6865 6862 2582 2582
12959 0 12265 2804 2804 3719 3719
40938 0 25310 20321 20321 37505 37503
35627 0 3269 4815 4815 11532 11529
18098 1 22245 7 1 1 1
35614 0 5846 1 1 41 12
29207 1 24456 2 1 4 1
1048 1 24443 2 1 2 1
22767 5 6095 309 309 40898 40895
12231 0 16476 1 1 43 37
19496 1 30112 1 1 3 1
40940 0 7382 849 849 37130 37127
8838 1 20614 4 1 2 1
30101 1 30632 2 1 2 1
9830 1 34527 2 1 2 1
40941 0 13946 8791 8791 36131 36129
28643 0 11339 20724 20724 20168 20164
13847 1 14386 2 1 3 1
27260 1 35256 1 1 2 1
35120 4 33416 32 30 22 22
6728 1 6727 6 1 2 1
