1678 7 40551 286 54 1 1
1678 7 18056 287 54 1 1
1678 7 30089 399 160 1 1
1678 7 36781 289 55 1 1
1678 7 18000 265 34 1 1
1678 7 9202 242 17 1 1
1678 7 26036 17016 16775 5 5
1678 7 35669 295 60 1 1
1678 7 40887 26215 25973 7 7
1678 7 38204 27051 26808 11 11
17935 9 35175 1 1 1 1
785 8 10116 36517 36047 75 75
785 8 37575 6684 6235 2 2
785 8 21817 23621 23157 41 41
785 8 18729 826 383 5 3
785 8 12268 776 334 1 1
785 8 29200 23582 23119 15 15
785 8 23537 33016 32549 45 45
785 8 6770 14768 14311 16 16
785 8 1493 8698 8247 12 12
785 8 28822 29278 28812 69 69
785 8 15703 9710 9257 10 10
785 8 8245 18323 17864 9 9
785 8 36761 9203 8751 1 1
785 8 155 12779 12325 35 35
785 8 39420 21512 21050 22 22
785 8 38749 38596 38124 107 107
785 7 11761 8497 8483 69 69
16176 4 33688 18725 18723 12037 12037
18671 0 11241 2 2 184 169
19621 0 11241 2 2 18 4
15582 0 4030 2 2 1138 1110
25033 0 4030 1 1 36 11
31351 0 4030 195 195 9455 9426
19165 0 2969 460 460 172 163
21012 1 19165 3 1 2 1
16748 6 29001 24 23 50 48
31740 0 1183 6 6 358 315
26184 1 32091 16184 16181 1431 1431
32091 1 26184 1431 1431 16184 16181
4194 1 6975 1 1 2 1
6975 1 3569 1 1 5 1
15602 0 4367 3602 3602 25755 25726
6546 0 4367 6 6 895 868
24512 1 24859 1 1 2 1
33182 0 5053 5 5 38 35
5945 6 10270 11618 11615 1466 1465
5109 0 22368 2414 2414 1184 1179
20774 0 8060 1389 1389 6261 6261
12274 1 9268 1 1 2 1
12842 1 15886 3 1 1 1
13394 1 3789 3 1 1 1
13394 0 3459 4 4 94 87
38200 3 8055 2 1 3 1
36698 0 586 1566 1566 11372 11292
13143 0 586 1 1 988 911
7684 1 586 1 1 8 1
586 3 772 27 17 4 3
586 3 3510 1067 1056 64 64
586 1 11276 5 1 3 1
38212 2 121 7 7 3960 3461
34053 2 121 4 4 976 489
21130 2 121 1 1 923 438
22680 2 121 2 1 518 40
33440 2 121 2 2 689 206
37929 2 121 7 7 3161 2663
25514 2 121 12 12 2080 1585
31531 2 121 1 1 974 488
15287 2 121 21 21 4206 3706
30007 2 121 2 1 73 1
33594 2 121 11 11 4371 3869
31050 2 121 9 9 6751 6246
10443 2 121 2 1 427 12
13776 2 121 2 1 512 35
28371 2 121 4 4 1180 688
25046 2 121 1 1 1022 532
29285 2 121 2 2 643 161
29029 2 121 4 4 1214 721
39017 2 121 1 1 983 495
36587 2 121 84 84 18081 17573
29042 2 121 43 43 7580 7074
20341 2 121 18 18 4416 3913
33915 2 121 9 9 4359 3858
14588 2 121 2 1 525 45
121 6 39924 383 379 1 1
40757 0 1311 1841 1841 37723 37706
40804 0 1311 5214 5214 40217 40199
1311 0 896 109 109 30 25
18270 1 18269 3 1 1 1
13049 0 4990 197 197 1325 1305
36351 0 4990 107 107 1048 1029
29179 1 10971 1 1 1 1
23886 0 6769 57 57 739 738
30612 0 4411 13790 13790 27185 27184
14866 0 3633 5163 5163 14305 14300
35748 0 11399 8716 8716 26117 26111
31413 0 15186 1 1 5 3
20145 0 11015 545 545 618 617
40728 5 914 127 127 39565 39271
28450 5 914 34 34 14685 14394
7848 5 914 1 1 227 5
35945 5 914 1 1 307 28
25546 5 914 2 2 3760 3471
38155 5 914 1 1 323 42
36490 5 914 24 24 11107 10817
31958 5 914 1 1 497 213
16022 5 914 5 4 836 550
1595 5 914 1 1 731 446
5734 1 377 3 1 2 1
22785 0 5734 1454 1454 2192 2191
1255 6 24915 168 168 17 17
14244 1 11981 1 1 4 1
19390 0 4369 19844 19844 20908 20887
15364 0 4369 131 131 879 860
6533 0 4369 3171 3171 27866 27844
20079 0 4369 7790 7790 30408 30385
3634 1 4369 3 1 1 1
10990 1 4301 1 1 1 1
16398 1 2783 1 1 6 1
2783 1 1316 8 1 4 1
31737 0 16660 2 1 21 8
40758 0 6286 9466 9466 40147 40135
36771 0 6286 400 400 1770 1760
23301 0 6286 751 751 6325 6314
6286 1 7865 1 1 2 1
40759 0 45 62 62 30286 30283
45 1 44 11 1 1 1
30663 4 40225 141 140 41 41
14235 0 20549 17 17 16 11
20549 1 8731 2 1 2 1
15727 0 20842 67 67 137 136
28017 0 10090 1666 1666 11244 11230
40795 0 10090 64 64 29960 29945
32851 1 11382 1 1 3 2
21858 0 14369 187 187 2550 2546
34003 0 20650 1256 1256 2603 2602
5656 1 624 2 1 4 1
624 1 34337 5 1 1 1
32035 1 33317 1 1 1 1
6074 0 11052 16618 16618 16212 16212
6074 1 6073 2 1 1 1
31355 4 35983 334 331 19 19
10203 0 23680 30663 30663 38324 38324
34114 4 1598 8571 8570 2729 2729
15430 4 617 20 6 4 2
617 6 23164 3656 3641 41 41
40760 0 3796 601 601 39061 39049
40898 0 3796 209 209 37343 37332
27089 0 25460 1 1 10 2
38920 0 20791 19132 19132 16022 16022
26740 0 15987 4028 4028 12116 12111
26740 5 4475 2 2 55 35
33592 0 3640 2 2 88 19
21749 0 16741 1 1 6 2
40287 6 21134 3424 3424 1433 1433
14022 1 6297 2 1 1 1
14504 1 14022 1 1 5 1
40761 0 448 1224 1224 38696 38671
23685 1 146 2 1 2 1
24780 0 39997 28638 28638 17630 17630
40762 0 1763 568 568 38921 38916
6572 1 6944 3 1 2 1
6944 0 1701 3390 3390 12037 12030
4031 1 9327 4 1 2 1
37067 1 10473 1 1 2 1
23647 0 1338 2 1 26 3
23277 0 13709 830 830 4855 4835
3947 0 12235 50 50 57 48
12250 1 12717 1 1 1 1
271 6 40026 2156 2129 58 58
14931 1 36099 4 2 2 1
36099 1 14931 2 1 4 2
36099 1 27949 1 1 2 1
14576 5 2971 11 11 5351 5288
13484 5 2971 1 1 21 1
7443 1 25067 4 1 2 1
16880 0 18633 10 10 230 224
16881 1 16880 1 1 3 1
17282 0 228 13170 13170 25602 25527
33871 0 228 1956 1956 13939 13865
40763 0 987 1193 1193 37273 37268
20046 0 4696 188 188 316 309
8415 2 7033 3 1 6 1
15870 1 18392 2 1 2 1
25017 9 18392 1 1 3 2
3787 1 8742 2 1 2 1
23980 0 3787 4116 4116 10781 10764
8742 1 19068 5 1 6 1
11482 1 10803 1 1 1 1
2901 0 30222 9002 9002 20866 20866
10757 0 3459 17 17 2734 2726
26302 0 3459 319 319 6881 6872
10581 4 27666 14964 14964 2185 2185
11449 2 6220 10 9 1410 1403
258 6 35861 33670 33666 12504 12504
25183 3 11235 3287 3287 37242 37241
15107 1 15106 1 1 1 1
20809 4 32820 6996 6977 4409 4409
20809 4 32206 2131 2113 127 127
4981 1 17073 1 1 1 1
16542 0 4523 74 73 149 147
40894 0 16542 16056 16056 40709 40707
10161 1 10160 1 1 4 1
10160 0 15134 8246 8246 11922 11915
26185 1 15249 1 1 1 1
1771 1 1770 4 2 2 1
1771 1 9610 6 2 3 1
1771 1 36226 9 4 1 1
24128 0 8842 5467 5467 8306 8303
26157 1 31405 2 1 2 1
31405 1 31404 1 1 1 1
6096 1 29574 3 1 1 1
31306 6 34770 27228 27228 11523 11523
65 9 439 1 1 1 1
9078 1 23938 2 1 1 1
10215 0 5164 20 19 1529 1520
1559 8 14508 67 49 2 1
1559 8 25902 13006 12987 25 25
23501 0 1668 39 39 5540 5470
20112 1 27611 1 1 1 1
29717 0 30926 1877 1877 347 346
40020 0 17095 10203 10203 18600 18599
23138 0 1929 1 1 341 113
38723 0 1929 1 1 239 19
27757 0 1929 1 1 217 15
35086 0 1929 1 1 250 28
20750 0 1929 1 1 255 32
38906 0 1929 1 1 276 49
18333 0 1929 6 6 969 739
15970 1 3369 1 1 3 1
8306 2 25327 2 1 13 6
25327 5 3250 14 14 427 415
32633 1 5596 1 1 3 1
30166 0 5644 1 1 71 53
3771 0 5644 4 4 26 9
36968 0 18425 6783 6783 30259 30256
4765 1 4764 2 1 4 1
17970 0 4765 388 388 1415 1410
13604 2 251 1 1 37 28
37309 0 30216 8846 8846 3217 3217
38488 0 19873 16165 16165 39178 39177
21703 2 1136 3 2 142 75
37709 2 1136 3 2 301 232
29422 2 1136 6 5 1157 1087
34900 2 1136 5 4 220 152
4319 2 1136 34 34 11535 11463
35289 1 33808 1 1 2 1
7560 1 5488 1 1 3 1
40937 0 5488 2887 2887 40060 40057
13163 0 5488 4 4 27 25
3087 1 18847 2 1 1 1
27819 0 3087 4328 4328 16568 16553
29206 1 25712 2 1 1 1
4485 0 608 2919 2919 7188 6818
4485 1 4213 3 1 3 1
2562 0 608 3765 3765 34459 34072
20006 0 608 73 73 10073 9699
40838 0 608 17 17 37014 36621
40777 0 608 572 572 40318 39917
39245 0 608 10079 10079 39137 38739
40814 0 608 346 346 39891 39491
14223 0 608 6014 6014 14812 14437
1328 0 608 10015 10015 16434 16058
40785 0 608 78 78 37529 37135
40830 0 608 10 10 34243 33857
28595 0 608 55 55 7497 7126
7793 0 608 73 73 2700 2331
40884 0 608 37 37 36808 36418
30256 0 608 53 53 1737 1369
33590 0 608 1 1 410 47
40793 0 608 213 213 38992 38595
37242 0 608 3576 3576 36865 36473
9757 0 608 3474 3474 8637 8265
21406 0 608 7190 7190 28641 28257
40764 0 29777 1499 1499 37861 37859
13128 0 959 3343 3343 9714 9683
35052 0 959 3900 3900 29291 29259
14092 1 7130 1 1 1 1
40765 0 18 13502 13502 40296 40296
37609 0 25129 4115 4115 21148 21143
3268 1 10028 2 1 1 1
40766 0 35564 21466 21466 40846 40845
15729 1 12999 5 2 3 1
12999 1 15729 3 1 5 2
35258 4 25396 1418 1418 295 295
38187 1 29741 1 1 2 1
38187 0 2275 533 533 6667 6634
40767 0 15247 7070 7070 40458 40455
27131 1 17012 1 1 1 1
15936 0 23068 2 2 5 3
7803 1 13968 3 1 4 2
13968 1 7803 4 2 3 1
40572 0 32910 5207 5207 39110 39107
39830 0 32910 1 1 6 4
14004 0 25065 20 20 17 14
25065 0 4789 7 7 4 2
32733 0 248 3385 3385 30375 30365
10121 0 248 29 29 43 34
30194 0 7722 7485 7485 8723 8711
23606 0 4877 4 4 817 806
32247 0 4877 3 3 75 65
30622 0 2318 11 11 492 370
26982 0 2318 11 11 2727 2599
9320 0 2318 3 3 3632 3503
26224 0 2318 61 61 6896 6765
18713 0 2318 4 4 910 785
38875 0 2318 1 1 516 393
3443 1 12083 2 1 2 1
13887 0 3443 188 188 283 272
18271 0 3443 2 2 87 77
4423 0 24850 53 53 31 30
1038 4 13190 146 12 1 1
1038 4 40447 156 13 1 1
1038 4 33781 261 90 1 1
1038 4 31677 238 70 1 1
1038 4 7455 333 159 5 5
23751 4 8080 19 15 16 16
8080 4 23312 53 50 20 20
25625 5 2176 6 6 4911 4807
24036 5 2176 3 3 1893 1791
18415 5 2176 1 1 1284 1183
29637 0 28168 3117 3116 6993 6988
17924 0 7315 6770 6770 27293 27288
13300 0 11301 14017 14017 20772 20760
13300 6 14769 16373 16370 14436 14435
25115 0 11301 248 248 727 718
20438 0 11301 8018 8018 7588 7577
37862 0 11301 1637 1637 7576 7566
34851 4 31118 19 18 4 4
40242 0 24346 198 198 535 532
26644 1 4985 2 1 2 1
26644 1 16054 1 1 2 1
8110 0 12168 30 30 968 932
36165 0 12168 68 68 3496 3459
22455 6 27199 27879 27879 10864 10864
7288 1 36878 1 1 1 1
19322 5 7288 12 12 2872 2857
40768 0 1784 7227 7227 40824 40776
15769 0 1784 1220 1220 10147 10102
40438 0 1784 3736 3736 31161 31115
40839 0 1784 996 996 39069 39022
27441 0 25270 8151 8151 2278 2277
25270 0 6354 30078 30078 38290 38287
12380 1 20717 5 2 2 1
3729 0 20717 131 131 193 182
176 1 25906 50 49 473 470
25906 1 176 473 470 50 49
40769 0 10981 4632 4632 39599 39598
24894 0 7247 1437 1437 5014 5004
27000 0 7247 12 12 2972 2963
17047 0 13439 6778 6778 3077 3077
40770 0 3005 3000 3000 40132 40118
12076 1 3005 2 1 7 1
12740 4 40747 40135 40135 2467 2467
16545 1 14634 1 1 6 1
4313 1 3457 4 1 2 1
1482 0 13752 336 336 244 244
1482 1 35255 5 1 1 1
11251 1 13752 1 1 1 1
28721 1 22741 1 1 1 1
28721 0 15897 45 45 129 126
3761 0 8987 31218 31218 33353 33353
8987 3 23784 21519 21519 35944 35944
7280 1 26118 1 1 2 1
28912 1 26118 2 1 1 1
38386 0 1904 1 1 5 3
6607 1 11157 1 1 1 1
637 6 31616 2096 2056 28 28
637 6 39715 5278 5234 202 202
637 6 14054 181 142 5 5
637 6 39536 7516 7471 228 228
637 6 23571 2646 2604 83 83
637 6 40404 3855 3812 103 103
637 6 29851 2126 2085 42 42
5767 4 21704 25 7 1 1
3432 4 7926 11866 11864 2930 2930
3509 0 3407 94 94 1230 1226
13238 0 3407 8 8 147 144
26647 1 3407 1 1 4 1
24287 1 17938 2 1 3 1
36533 9 24287 1 1 1 1
17939 1 17938 1 1 2 1
9673 1 8487 7 4 4 1
7998 1 9673 2 1 3 1
8487 1 7998 2 1 5 2
3814 1 3548 2 1 1 1
23744 0 296 7 7 1012 863
21505 0 296 22 22 1606 1456
7397 0 296 1 1 110 3
10506 0 296 10 10 518 371
38028 0 296 2 2 146 7
12013 0 296 4 4 529 381
15119 0 296 2 2 181 37
36945 0 296 886 886 7357 7206
36798 0 51 4 4 1363 1169
38369 0 51 558 558 11208 11010
40705 0 51 96 96 35914 35713
20387 0 51 5 5 803 610
40810 0 51 569 569 37879 37677
27837 0 51 6 6 251 59
5886 0 51 543 543 9539 9342
20051 1 20050 2 1 2 1
20861 1 5558 2 1 3 1
26868 0 6233 1 1 12 3
26868 1 5872 1 1 1 1
37434 0 917 14976 14976 33998 33995
25228 0 917 20081 20080 23592 23590
20402 0 16155 9408 9408 25306 25305
30004 0 2482 1 1 27 18
18986 0 2482 2 2 64 54
39024 0 29467 14980 14979 21781 21779
38724 0 29467 2049 2049 12431 12430
36561 5 129 1 1 271 226
1583 0 129 207 207 1777 1768
406 1 1287 2 1 11 1
23997 1 406 1 1 1 1
18173 1 1287 1 1 6 1
40882 0 1287 128 128 35282 35242
332 0 1287 1 1 38 6
18612 4 33576 72 51 2 2
18612 4 19325 13 4 3 3
12266 4 18612 7 2 10 10
5940 0 532 1 1 64 4
1521 0 532 1 1 78 6
40279 0 532 1 1 88 10
30426 0 532 1 1 59 4
15231 0 532 1 1 82 6
40771 0 10613 438 438 34832 34821
29184 1 22723 3 1 2 1
29184 1 30903 2 1 1 1
6386 0 26454 646 646 1119 1115
3277 1 37105 1 1 1 1
31630 0 33081 17688 17688 9573 9572
33081 0 3606 10057 10057 30790 30777
1354 1 1353 2 1 6 1
4940 6 40772 40319 40317 828 828
4385 0 4940 11 11 1290 1280
29446 0 4940 972 972 1472 1461
24366 1 7539 1 1 1 1
9683 6 40773 40134 40133 3970 3970
40773 0 2732 7079 7079 40105 40102
33864 0 13576 3190 3190 3832 3827
28351 1 685 1 1 1 1
35900 3 685 1 1 3 1
8053 1 32295 7 1 2 1
35212 0 8053 2 2 64 62
8643 0 1819 47 46 236 230
7117 1 8643 2 1 2 1
24594 5 1819 1 1 226 185
3210 5 1819 1 1 57 18
27467 0 31416 12708 12708 21244 21242
464 1 3675 1 1 5 1
3675 1 12232 1 1 2 1
3675 1 19310 3 1 2 1
4006 1 7203 1 1 1 1
1307 1 11050 1 1 2 1
10097 6 15251 299 299 3128 3128
21168 1 10097 2 1 2 1
23083 0 26718 27769 27769 28292 28292
21673 0 26120 7355 7355 22652 22651
26120 0 6426 1 1 5 1
24650 0 27939 1460 1460 3539 3535
38457 1 9568 1 1 1 1
27178 0 2497 1398 1398 2983 2887
31174 0 2497 341 341 2460 2365
19058 0 2497 1 1 102 10
23035 0 2497 14541 14541 24491 24391
5147 0 2497 70 70 4152 4054
5305 1 1 3 1 2 1
29442 1 5305 3 1 4 1
12784 4 1630 50 44 22 22
12784 4 5463 7 2 15 15
25315 1 20655 4 1 1 1
8198 0 20655 4504 4504 4670 4666
20655 1 5129 2 1 5 1
931 0 2275 37597 37597 37948 37914
11433 0 2275 8 8 46 14
14758 0 9787 424 424 3394 3375
36898 0 1686 1014 1014 19705 19697
40774 0 16369 2855 2855 40055 40050
17226 1 10110 1 1 2 1
27870 2 2023 9 9 2325 2274
18478 2 2023 8 8 4585 4532
11490 2 2023 62 62 11225 11171
20278 2 2023 2 2 3540 3488
16554 1 29212 2 1 1 1
29212 0 34093 21021 21021 10242 10242
36825 0 20796 2 2 137 132
5335 5 9988 38 38 2622 2620
29725 5 9988 140 140 28342 28339
1864 4 39744 200 120 2 2
1864 4 12986 74 8 14 14
1864 4 9221 120 43 2 2
1864 0 1703 1 1 5 1
12378 1 3604 1 1 5 1
9895 1 13428 4 1 1 1
15667 1 15666 1 1 2 1
2507 3 4435 4110 4109 1854 1854
6789 9 2507 1 1 2 1
16918 1 2507 1 1 2 1
20071 4 20803 33 28 7 7
20849 1 14778 3 1 1 1
13053 1 24622 1 1 2 1
40284 1 24622 1 1 4 1
19366 0 20234 3196 3196 3449 3447
26315 0 19366 994 994 5412 5405
35882 2 2524 13 12 3750 3706
33234 2 2524 2 1 44 3
40939 2 2524 53 53 40013 39968
8199 0 15331 2 2 35 33
19502 1 12706 1 1 1 1
11732 1 7659 2 1 6 1
29649 0 11732 2455 2455 22239 22231
7659 1 7279 1 1 3 1
12815 4 27688 88 67 7 7
12815 4 20570 324 301 7 7
26871 0 2084 12691 12691 24754 24754
4955 6 15531 12 11 5 2
8178 1 11153 1 1 1 1
2181 6 20785 352 335 5 5
2181 6 11583 8399 8381 136 136
23792 0 30977 1869 1869 17094 17089
4102 4 38587 220 210 3 3
40775 0 35896 2149 2149 38411 38410
6696 1 21296 2 1 2 1
21295 1 6696 1 1 1 1
8023 1 21296 3 1 3 1
3303 0 10707 219 219 4428 4402
17408 0 4099 335 335 1792 1791
23226 0 34449 5431 5431 4830 4829
4136 1 4135 4 1 1 1
39465 0 16668 620 620 18583 18579
16257 0 23562 1378 1378 12939 12934
4227 6 32367 8805 8802 6604 6604
40607 0 4227 18113 18113 40914 40911
16679 1 16678 1 1 2 1
1122 9 23212 1 1 1 1
23212 0 2918 21 21 665 589
7532 1 7531 4 1 2 1
29273 1 14570 1 1 3 1
5949 0 3779 6651 6651 11693 11639
8913 0 3779 190 190 542 490
23795 2 2580 1 1 52 15
9939 2 2580 1 1 61 20
20115 2 2580 1 1 42 8
36622 2 2580 1 1 57 17
15250 5 2644 1 1 25 9
4951 1 5069 2 1 4 1
7948 1 8993 2 1 1 1
3755 1 18943 2 1 2 1
18943 1 30961 1 1 2 1
17857 1 11523 2 1 2 1
6924 4 37669 121 106 5 5
6924 4 25551 118 104 4 4
30696 4 40310 21655 21655 6896 6896
5259 0 9217 587 587 702 694
28032 0 5259 354 354 7503 7495
20159 4 23395 27446 27444 4482 4482
17347 4 20159 353 349 464 464
3882 4 10151 159 159 245 245
8811 0 2340 14615 14615 11010 11007
32387 0 8811 1479 1479 8468 8465
35192 0 2340 1953 1953 1974 1972
19066 6 13595 15922 15916 5380 5380
2887 0 2938 2 2 5 2
2887 1 7436 3 1 1 1
15497 1 2938 1 1 1 1
25015 4 28828 16504 16504 7439 7439
21810 4 25015 159 150 12 12
3850 0 160 63 63 2021 1983
15553 0 160 16105 16105 26665 26623
17933 0 160 386 386 4885 4844
30234 0 2731 1 1 52 25
46 0 14274 4098 4098 3233 3227
14834 1 16497 4 1 3 1
14834 1 8390 3 1 6 2
14834 1 5110 2 1 8 2
40922 0 14834 3461 3461 40211 40206
11673 1 5110 2 1 6 1
29358 0 2687 1 1 27 2
8288 0 2687 1 1 47 11
33791 0 2687 1 1 37 2
33543 0 40596 40617 40616 31586 31586
172 4 7119 9613 9612 2500 2500
35331 5 172 1 1 490 148
28580 5 172 4 4 1202 852
18603 5 172 3 3 2393 2039
36972 5 172 1 1 614 268
78 5 172 1 1 589 245
33614 5 172 1 1 1317 966
35822 5 172 1 1 821 473
39121 5 172 1 1 549 206
22074 5 172 96 96 14526 14169
20314 5 172 139 139 22736 22378
1118 5 172 4 4 2277 1924
21326 1 23555 3 1 2 1
2173 6 38083 14 6 2 1
2173 6 18659 498 486 25 25
33947 4 39713 2822 2822 3848 3848
18377 3 4166 1 1 1 1
34858 0 18783 25917 25917 23196 23195
3968 1 5813 2 1 7 1
11261 1 5813 1 1 5 1
5813 1 31835 13 6 2 1
36714 0 38851 8382 8381 4311 4311
30857 0 30511 26861 26861 34424 34423
1365 1 15439 1 1 2 1
39987 0 81 24 24 1558 1511
36104 0 81 1 1 61 15
5785 0 26217 288 288 494 491
19380 0 26217 860 860 5375 5371
6787 1 26217 4 1 2 1
16634 0 9747 702 702 7736 7720
36078 1 7833 1 1 1 1
32975 0 9558 210 210 2425 2425
32975 1 32002 1 1 1 1
22353 1 15922 1 1 1 1
1604 1 6991 2 1 5 1
2547 1 14925 1 1 3 1
14212 0 14737 12 12 749 738
4130 0 3621 2 2 28 21
24323 0 3621 63 63 8056 8048
3621 0 9758 3349 3349 3428 3408
10319 4 33522 440 424 8 8
27683 1 39142 1 1 1 1
16503 1 110 1 1 1 1
40776 0 5310 2017 2017 39133 39123
25496 0 5310 2 1 38 29
1913 6 25274 4960 4955 1620 1619
33711 5 19257 2 1 9 2
32197 1 22383 1 1 1 1
23062 1 12031 1 1 2 1
26578 0 239 330 330 8847 8592
19936 0 239 157 157 14129 13868
40929 0 239 1 1 22475 22209
24226 0 239 213 213 3317 3066
20767 0 239 9 9 809 562
19429 0 239 112 112 2410 2160
32842 0 239 184 184 21888 21623
34670 0 239 294 294 12050 11794
23758 0 239 12 12 1798 1549
13023 0 239 69 69 468 222
16182 0 239 88 88 5557 5305
17401 0 239 176 176 15174 14911
34239 0 239 3994 3994 14801 14539
2069 1 15760 9 1 2 1
22182 1 3014 3 1 2 1
31096 1 15639 2 1 6 1
15639 1 29383 5 1 2 1
15639 1 207 1 1 2 1
13398 0 71 2308 2308 12305 12242
2736 4 13398 2807 2758 2628 2628
13398 4 7720 22 15 2 2
20939 0 2215 4 4 215 210
7946 1 1765 2 1 1 1
1947 0 1249 613 613 1386 1341
22728 1 16506 1 1 3 1
34810 9 22728 1 1 1 1
3254 0 2886 3005 3005 25308 25300
18890 4 37812 6255 6252 30 30
18890 4 28071 113 111 5 5
24803 4 28831 105 104 332 332
12939 1 23279 3 1 1 1
13702 1 12070 6 2 2 1
27600 0 7589 2 2 84 75
24117 1 1225 1 1 1 1
1110 0 20337 344 344 583 578
40926 0 20337 1791 1791 39221 39214
354 4 36395 134 131 1 1
24159 0 12803 23291 23291 24470 24470
26948 2 3620 4 4 762 737
37272 0 7800 621 621 10331 10320
23037 4 3762 1307 1305 171 171
33783 2 1326 17 17 8170 8032
22501 2 1326 1 1 227 94
31495 2 1326 4 4 5190 5054
19086 2 1326 4 4 477 343
38740 2 1326 2 2 2967 2832
38719 2 1326 22 22 7184 7047
36238 0 1326 5204 5204 9470 9455
18160 0 1200 15 15 254 254
23552 1 10327 2 1 1 1
40037 0 19153 11537 11537 31675 31673
33552 0 40037 25589 25588 9167 9167
7751 0 3712 1677 1677 2260 2252
7196 0 3712 327 327 1015 1008
28826 1 3712 3 1 9 1
26351 6 25426 8581 8581 6912 6912
17946 0 26351 5139 5139 4024 4020
10124 0 25426 1038 1038 5484 5480
6974 6 17672 26392 26391 15306 15306
19506 1 15393 2 1 2 1
32325 0 17590 6962 6962 22902 22894
40778 2 26169 6856 6856 40915 40915
36197 4 29170 1759 1759 628 628
1264 1 22448 4 1 2 1
40779 2 1646 94 94 37769 37728
40782 2 1646 183 183 40110 40067
40780 0 379 215 215 35038 35021
40828 0 379 3413 3413 40010 39992
14490 1 12757 1 1 3 1
34243 0 1244 1 1 321 44
12545 0 1244 3 3 446 163
28964 0 1244 8 8 2045 1754
4871 0 1244 1 1 295 21
17807 0 1244 5 5 536 251
14487 0 1244 1 1 338 59
40781 0 4921 1943 1943 40150 40147
9372 1 1508 2 1 2 1
2261 4 19476 19 5 2 2
2261 4 18565 42 26 5 5
5771 4 39949 44 37 3 3
13951 1 3521 3 1 4 1
18299 1 274 2 1 7 1
15954 1 34113 5 2 1 1
17141 0 21055 14 14 21 18
13878 1 26428 1 1 1 1
35918 0 391 2 2 282 279
39002 1 39001 1 1 1 1
4532 1 26446 1 1 1 1
11891 5 16320 52 52 7604 7591
13955 1 11289 3 1 4 1
1592 1 17240 6 1 1 1
15523 0 2604 7 7 1826 1789
36776 0 2604 26284 26284 36493 36451
40872 0 2604 750 750 39031 38988
6989 0 2604 1970 1970 6814 6775
38136 0 2604 3 3 453 418
31426 1 2604 2 1 9 2
12623 1 6107 1 1 4 1
22297 1 8322 3 1 2 1
21592 1 22297 1 1 2 1
4547 1 21674 9 1 3 1
32040 1 4547 1 1 7 1
7982 1 20572 1 1 4 1
7983 3 7982 2 1 2 1
31376 2 743 1 1 126 25
32748 2 743 28 28 4611 4503
36118 2 743 15 15 9577 9468
743 6 9450 136 135 2 2
39780 0 2807 186 186 3340 3337
4722 0 2807 33019 33019 25137 25132
35415 0 2807 9009 9009 31340 31334
15011 0 1542 580 580 8017 7996
10421 1 10420 4 1 2 1
26009 0 265 1 1 274 24
9536 0 265 1 1 427 169
15205 0 265 1 1 297 44
36270 0 265 3 3 494 235
39375 0 265 1 1 404 147
12974 0 265 10 10 591 331
25076 0 265 1 1 313 58
19351 0 265 1 1 292 40
11480 2 1534 2 1 125 118
40783 0 4407 12047 12047 39781 39781
4407 1 39995 8 1 1 1
8464 1 8424 5 1 4 2
23763 1 3300 1 1 10 4
24479 1 23586 6 3 2 1
28656 0 21 1 1 72 5
38617 0 21 1 1 69 4
39259 0 21 5 5 726 658
6493 0 3567 4 4 407 405
21912 0 22347 91 91 361 360
24178 1 9908 4 1 1 1
22121 0 351 1 1 155 31
25316 1 746 3 1 2 1
3063 1 4791 6 1 4 1
11495 0 4791 679 679 3241 3227
36889 0 883 1 1 334 116
22017 0 883 1 1 269 54
39078 0 883 16 16 2100 1877
7495 0 883 1 1 329 112
7498 0 883 1 1 201 12
36527 0 883 1 1 460 239
31583 0 883 3 3 800 578
40784 0 14144 3230 3230 39760 39742
3408 6 8243 80 6 8 7
3408 6 8940 3738 3662 18 18
3408 8 38801 5410 5344 12 12
3408 8 28506 324 259 8 7
10233 4 38705 53 39 1 1
36048 6 18704 24435 24435 26511 26511
1046 7 36048 677 562 1 1
1962 1 1961 6 1 3 1
11585 3 21329 5 2 1 1
32391 1 11972 1 1 1 1
31739 4 18679 370 368 19 19
26785 1 7703 1 1 6 1
20520 1 6788 3 1 2 1
11565 1 37185 9 1 1 1
11565 1 12441 6 1 1 1
29689 1 11565 1 1 3 1
19922 0 8858 122 122 4056 4045
15795 6 39521 5894 5894 10180 10180
840 8 19493 22 10 4 2
840 8 36647 456 443 4 4
840 6 30428 7729 7716 5606 5606
26662 0 7523 3633 3633 7969 7966
26756 0 9311 1752 1752 3651 3640
12636 1 24788 5 1 1 1
20784 1 387 16491 16490 10860 10860
387 1 20784 10860 10860 16491 16490
12153 3 19756 3 2 1 1
13239 0 284 1 1 294 71
34758 0 284 1 1 233 15
35142 0 284 1 1 243 23
33324 0 284 1 1 223 11
24884 0 284 1 1 336 111
39131 0 284 1 1 324 100
26984 1 38840 1 1 1 1
9435 1 13227 2 1 5 1
5449 0 9435 953 953 1031 1030
31592 1 13227 1 1 10 2
23798 1 23297 186 183 617 616
21935 1 23297 1 1 1 1
4425 0 9880 2 2 22 13
17011 3 17169 3 1 4 1
7442 1 23836 3 1 3 1
7442 0 12505 4552 4552 25402 25394
23836 1 3274 2 1 3 1
17432 1 30826 1 1 1 1
11988 4 31236 232 231 192 192
31236 4 34496 107 106 2 2
1444 0 9048 2668 2668 3799 3781
5768 0 1444 9469 9469 33455 33419
39440 0 1444 4078 4078 8369 8334
20898 0 9048 66 66 1254 1237
2408 0 9048 1 1 41 26
33742 0 9048 679 679 11920 11900
38351 0 9048 1517 1517 17195 17174
6375 1 8324 1 1 1 1
37317 0 6230 34600 34600 24307 24306
10713 4 2207 58 53 53 53
40786 0 1672 887 887 38438 38402
40892 0 1672 131 131 34814 34779
28472 5 10737 147 147 23105 23102
10737 6 27038 1245 1241 244 244
21537 0 1027 2 2 172 21
35194 0 1027 4 4 316 163
39579 4 25695 23248 23248 3770 3770
12699 0 2137 1 1 30 18
27906 0 19986 1681 1681 4043 4040
19986 1 16852 3 1 1 1
30297 1 3771 2 1 3 1
39950 0 2362 1 1 9 7
16469 0 178 6 5 261 249
34721 0 178 15 14 2810 2797
9225 0 178 50 50 163 152
31063 0 2110 1 1 202 19
38241 0 2110 2 2 928 735
31237 0 2110 1 1 249 61
5590 0 2110 19 19 929 735
7272 1 33016 1 1 2 1
17837 0 7272 23 23 45 44
36109 1 33016 1 1 1 1
33016 1 33015 3 1 1 1
39272 0 12035 1 1 22 13
11022 6 27914 51 44 1 1
40787 0 5243 13282 13282 40574 40569
3741 1 18271 1 1 1 1
40788 2 593 35 35 39337 39311
27944 2 593 20 19 13852 13828
9102 2 593 454 452 28335 28310
40548 0 16045 5077 5076 12579 12578
758 1 10360 2 1 3 1
10360 1 10359 1 1 1 1
3223 0 3161 10 10 51 15
5881 1 18355 1 1 1 1
38969 0 16196 30679 30679 34005 34005
29347 0 1461 641 641 19625 19612
1650 1 16394 11861 11853 3964 3964
1650 1 16302 3 1 1 1
40174 1 1650 12 12 3756 3749
9952 1 37466 6 1 1 1
2245 0 2918 74 74 1091 1014
2245 1 2244 1 1 3 1
14233 0 2918 2282 2282 15376 15297
1079 0 2918 11659 11659 34335 34255
32727 1 24872 2 1 1 1
39701 0 5987 5307 5307 23426 23426
15176 1 18854 8 2 3 1
18854 0 7016 18901 18901 15813 15811
24327 0 3027 3171 3171 18976 18922
14366 0 24327 18094 18094 6538 6538
23190 1 13002 2 1 5 1
5729 1 20226 1 1 2 1
20226 0 13887 8 8 298 293
8274 1 8999 3 1 3 1
18181 1 8274 2 1 2 1
9428 1 8999 1 1 6 1
8511 1 31347 1 1 1 1
21811 0 278 1 1 200 21
33666 0 278 1 1 198 20
21874 0 278 1 1 208 27
29143 0 278 1 1 168 7
18106 0 278 1 1 181 9
39291 0 278 1 1 182 9
37756 0 278 1 1 189 13
511 0 15897 242 242 99 97
15736 0 1677 1 1 77 22
829 0 1677 1 1 267 210
27621 0 1677 472 472 25827 25768
29445 1 1550 2 1 2 1
18936 4 39578 94 93 8 8
34932 2 14540 2 1 65 61
647 1 6311 2 1 1 1
33210 6 17250 11712 11712 5645 5645
9637 5 1981 1 1 66 14
21619 5 1981 2 2 2540 2487
11643 3 3908 8167 8166 1426 1426
30998 1 7774 1 1 1 1
30998 1 2447 2 1 2 1
16669 2 916 2 1 121 11
8577 2 916 2 1 280 137
18018 2 916 2 1 278 136
35944 2 916 2 1 387 242
9258 2 916 2 1 384 240
34189 2 916 2 1 260 120
21737 0 2589 11 11 73 56
40303 0 2589 9748 9748 23403 23385
3167 1 6502 4 1 3 1
17014 2 3167 2 1 24 3
7204 1 3167 2 1 6 1
32383 0 427 1 1 81 17
13521 0 427 1 1 93 23
11437 0 427 5 5 306 235
16023 0 4958 1 1 11 9
5777 4 4318 25 11 2 1
5144 4 4318 45 42 9 7
4318 6 27523 1136 1132 22 22
19086 6 12484 6 3 5 2
12201 4 22304 323 317 21 21
10786 1 14577 2 1 3 1
20175 0 7143 59 59 1462 1456
1205 1 23424 2 1 1 1
35226 0 37189 548 546 734 732
19169 1 25362 1 1 2 1
14940 1 12227 1 1 2 1
12227 1 13800 3 1 2 1
2813 0 3170 77 77 1166 1166
3170 1 3169 5 2 1 1
35238 1 8601 1 1 2 1
36661 1 39486 2 1 1 1
17745 5 774 82 82 20261 20122
17745 2 1137 126 126 21093 20986
37417 5 774 1 1 110 3
29963 5 774 1 1 139 4
40735 5 774 120 120 37727 37587
23613 4 28865 100 96 1 1
24660 4 23613 379 376 392 392
6782 5 5167 213 213 35917 35898
34227 5 5167 102 102 22408 22390
5167 6 27267 32078 32077 4238 4238
40789 0 25921 39916 39916 40845 40845
18492 6 36549 678 677 59 59
864 1 14562 2 1 1 1
32699 0 14562 1100 1100 10413 10403
4521 1 25708 5 1 1 1
10559 1 10558 1 1 1 1
3083 0 26431 6440 6440 27506 27501
5974 0 9758 162 162 986 967
4522 0 9758 5005 5005 6426 6405
12683 0 9758 6 6 219 201
19 0 29519 147 147 116 114
38094 4 40790 40807 40807 22688 22688
36200 0 5055 19625 19624 17875 17875
204 1 3048 7 2 1 1
32488 1 204 1 1 5 1
40791 0 11084 5483 5483 39258 39240
33754 1 5275 1 1 2 1
32 4 32392 122 106 7 7
32 4 24489 201 184 6 6
12319 4 14836 7 2 3 3
27811 2 10916 6 5 264 259
30475 0 10916 1491 1491 6211 6211
15792 0 3763 4048 4048 7986 7981
8019 1 30805 6 2 3 1
2949 1 8019 2 1 4 1
30805 1 16646 2 1 5 1
35060 0 5892 7 7 178 171
11125 4 10606 5737 5737 616 616
25276 1 3926 2 1 3 1
13830 1 6490 25 19 8 8
13830 1 7308 3 1 1 1
6490 1 13830 8 8 25 19
1366 0 29 3 2 11 5
29 1 11186 2 1 2 1
6226 1 29 1 1 3 1
19987 4 11397 6207 6205 4622 4622
4506 1 9454 1 1 3 1
6037 0 39187 18402 18402 9075 9073
39187 0 11100 12458 12458 26946 26929
2381 2 12273 1 1 10 1
7324 2 12273 1 1 41 1
6513 0 650 2862 2862 21676 21634
37308 0 650 153 153 6444 6403
40792 0 9525 8331 8331 40026 40022
30839 1 10851 1 1 1 1
21181 5 232 7 6 444 435
11205 5 232 6 6 4973 4963
24984 0 232 28135 28135 35970 35964
38752 0 728 152 152 7932 7925
8716 6 31315 594 594 822 822
24013 1 23715 3 1 1 1
36734 5 985 1 1 842 774
7458 5 985 3 3 496 430
12641 0 39 9 9 981 775
7396 0 39 6 6 232 34
21862 0 39 3 3 216 21
21561 0 39 1 1 233 34
13466 0 39 2 2 280 77
17532 0 39 28 28 1246 1038
18621 0 39 1 1 228 31
1398 0 19101 25230 25230 37169 37167
13758 1 29291 1 1 2 1
4555 0 1115 9862 9862 13606 13597
39750 6 18050 19055 19055 17513 17512
11789 1 24319 698 698 4233 4232
24319 1 11789 4233 4232 698 698
7072 1 9237 7 1 2 1
13503 1 7072 2 1 6 1
25660 5 4520 20 20 3337 3333
38151 0 7155 358 358 19405 19399
4453 6 7580 21468 21462 101 101
7580 0 34614 16773 16773 38008 38007
26183 0 11186 142 142 4269 4266
35764 0 14617 7301 7301 16186 16185
4608 0 3699 198 198 951 931
40827 0 3699 766 766 37997 37976
8852 0 7403 852 852 8037 8032
8176 1 8852 3 1 2 1
193 6 27058 50 3 1 1
193 6 11869 11 1 1 1
193 6 18878 62 8 1 1
19842 4 22836 3222 3217 3746 3746
21930 1 21045 1 1 1 1
21930 0 12252 5900 5900 5919 5913
5745 1 14074 2 1 2 1
26613 1 9037 2 1 3 1
9037 0 3099 10747 10747 6263 6262
7396 4 28775 115 100 5 5
24578 3 23111 4 1 2 2
21061 1 25626 1 1 1 1
24011 0 12474 3502 3502 7465 7463
13829 1 16710 2 1 1 1
4185 1 13829 1 1 1 1
13829 3 25284 3 1 1 1
12211 0 6042 2 2 250 240
13978 1 2276 1 1 2 1
39294 4 26572 13297 13297 23489 23489
33294 0 3229 122 122 3840 3831
8108 0 3229 8349 8349 36412 36402
3229 1 22044 4 1 3 1
6633 7 40129 37300 37288 11 11
6633 7 12050 7334 7323 8 8
16200 0 1852 196 196 1424 1376
16201 1 16200 3 1 3 1
19710 6 10760 5 4 20 15
32734 1 3419 1 1 3 1
4779 1 14955 1 1 2 1
3716 1 1998 1 1 6 1
40577 0 3716 3954 3954 40645 40631
31620 0 3716 4303 4303 13783 13771
28941 0 3716 15064 15064 39425 39412
17519 0 3716 25 25 361 350
9620 0 3716 1 1 20 10
2915 1 12159 5 1 1 1
522 1 21041 3 1 2 1
522 1 13953 4 1 6 1
522 0 16646 22320 22320 4143 4143
32701 0 522 1 1 16 4
31153 0 36722 16420 16420 35342 35340
36722 0 1474 294 294 1949 1935
7592 1 9560 4 1 1 1
2035 1 8589 5 1 3 1
25494 1 8589 1 1 4 1
4666 1 4665 4 1 1 1
4665 0 6717 296 296 2984 2982
6144 1 19664 1 1 3 1
28456 2 1773 1 1 52 13
28456 6 22320 599 597 62 62
5443 2 1773 1 1 19 2
18213 1 18982 2 1 2 1
18716 0 37537 4156 4156 1845 1843
6882 9 10563 1 1 1 1
40794 0 32275 13693 13693 40650 40649
19296 1 6611 1 1 1 1
16065 0 36140 20 20 231 228
40829 0 16065 25671 25671 38924 38923
32071 1 23898 2 1 1 1
37285 0 184 1 1 289 10
39009 0 184 1191 1191 10816 10513
3395 0 184 1 1 187 4
32164 0 184 1 1 332 32
34310 0 184 1 1 210 5
39279 0 184 1 1 257 6
11281 0 184 1 1 309 16
30773 0 184 1 1 242 6
15734 0 184 1 1 312 16
5209 0 184 1 1 699 398
16507 0 184 1 1 318 21
40030 0 184 1 1 284 9
1190 6 31657 25 13 1 1
1190 6 39319 71 58 3 3
17492 1 20700 2 1 1 1
16074 0 18268 1 1 8 3
21289 0 18268 1 1 9 3
14746 1 23603 12 11 40 38
7078 6 36019 2936 2936 887 887
7486 0 7078 40 40 147 139
4225 1 13633 3 1 4 1
4225 1 11780 6 1 2 1
754 1 2375 1 1 1 1
1823 7 36030 34803 34802 44 43
6054 0 4123 54 54 1369 1334
6054 3 1296 1321 1319 879 879
3215 0 7911 2 2 152 149
6678 1 7911 1 1 3 1
16802 1 8850 1 1 1 1
1076 1 1075 7 1 2 1
1076 1 27277 5 1 1 1
18470 1 18469 1 1 1 1
7673 1 10866 1 1 1 1
7673 1 8629 2 1 2 1
8644 1 14101 4 1 1 1
493 0 1629 2119 2119 6922 6911
2736 4 26470 32 3 1 1
2736 4 34726 44 7 1 1
2736 4 35146 343 295 3 3
2736 4 33515 40 5 1 1
35179 0 19119 1839 1839 4714 4713
13379 4 19119 8717 8714 2086 2086
28508 2 3843 4 2 30 2
40099 2 3843 109 108 15027 14998
9537 1 3843 1 1 2 1
25746 0 11870 36714 36714 39377 39376
26637 6 24424 3419 3419 21605 21605
15305 5 2978 2 2 82 14
10135 5 2978 1 1 421 352
14631 0 3275 125 125 123 117
1043 1 14631 4 1 11 5
39736 1 21554 1 1 2 1
39736 0 4427 4 4 583 561
8260 0 7895 95 95 85 81
16624 0 8260 1574 1574 7825 7823
36792 1 37816 1 1 1 1
40796 2 3317 4 4 37984 37951
11856 1 2643 1 1 3 1
8104 1 4274 3 1 1 1
8104 1 12438 4 1 1 1
9749 1 13574 3 1 1 1
40797 0 19420 9512 9512 40374 40372
24056 0 9777 17465 17465 22331 22330
12866 6 7036 3257 3257 845 845
19409 4 36350 729 729 1260 1260
28857 0 706 2 2 155 142
19163 0 18538 13 13 651 648
16614 1 25570 2 1 1 1
16614 1 8351 4 1 1 1
24052 1 24051 1 1 1 1
29706 4 499 3 3 515 515
34810 0 17502 27673 27673 20636 20636
40798 0 38876 4119 4119 36396 36396
26283 6 40443 36206 36206 28985 28985
32794 0 18895 510 510 15387 15379
3034 2 1137 1 1 103 5
19442 2 1137 1 1 118 12
26122 4 31544 19 13 2 2
17880 1 20417 2 1 2 1
3499 1 20417 2 1 1 1
20434 0 21190 7994 7994 32122 32121
13327 6 22210 14789 14789 24169 24169
40799 0 5636 6846 6846 40139 40139
14768 6 24252 4 3 3 1
9578 0 473 10272 10272 36567 36564
20196 1 21248 2 1 2 1
21248 9 11908 2 1 1 1
6765 1 27335 2 1 2 1
37410 0 27335 5415 5415 13611 13610
12725 1 21889 1 1 1 1
19754 0 4059 5303 5303 4474 4471
9461 4 12081 10 9 2 1
8574 0 5381 29 29 103 92
8574 1 8573 4 1 1 1
29585 1 8574 1 1 3 1
13699 0 5381 679 679 7989 7977
36608 0 123 12721 12721 39877 39868
24094 0 123 3649 3649 13501 13493
516 0 292 1 1 259 17
31393 0 292 1 1 241 6
14242 0 292 1 1 392 143
33413 0 292 2098 2098 17535 17283
15177 0 292 2 2 269 24
39499 0 292 1 1 262 19
13524 0 292 1 1 243 6
31996 0 292 1 1 317 69
26845 0 292 1 1 245 7
14814 0 292 1 1 230 6
13283 1 2720 3 1 2 1
2720 1 5598 3 1 4 1
34387 1 26855 1 1 1 1
26856 1 26855 1 1 2 1
37173 4 10091 22071 22071 3901 3901
19951 0 20010 1615 1614 4651 4644
40800 0 28344 12558 12558 40914 40913
24652 0 26678 4230 4230 18804 18800
27632 0 31556 47 47 26 24
8336 6 2824 12657 12657 7919 7919
14255 1 19144 1 1 3 1
20014 0 14262 3 3 423 418
40801 0 16573 882 882 37028 37024
2360 1 4933 3 2 5 1
40802 0 39415 38726 38726 40612 40612
30541 0 22903 16687 16687 32098 32097
20618 1 9942 2 1 2 1
38150 0 712 36 36 191 186
25109 0 7757 62 62 3196 3194
40803 0 5646 4573 4573 40298 40294
1003 1 5646 2 1 5 1
35081 1 28378 1 1 2 1
11590 1 29649 2 1 1 1
39026 0 29817 31440 31440 40001 39999
13903 6 32368 11528 11524 6566 6566
30745 1 37402 2 1 1 1
10159 1 38458 4 1 1 1
27696 1 6690 1 1 9 1
28744 1 6690 1 1 10 1
20852 1 6690 1 1 6 1
40885 0 6690 1243 1243 39503 39495
16732 0 10532 2546 2546 7994 7990
6916 0 19429 32037 32037 35265 35265
10276 1 9887 6 2 3 1
4800 1 9900 2 1 3 1
19570 1 4800 3 1 3 1
17182 1 2190 1 1 1 1
4461 0 19310 259 259 1834 1826
1046 7 18091 2000 1883 1 1
1046 7 18788 9200 9081 2 2
1046 7 39181 8187 8069 7 7
37226 0 11964 71 71 2042 2040
11632 9 24469 2 1 1 1
40699 0 12729 3688 3688 40626 40611
14428 0 772 1980 1980 6170 6161
19055 0 772 436 436 13270 13260
40710 0 31312 8227 8227 40644 40642
11686 1 5336 3 1 4 1
30852 1 3198 1 1 3 1
29243 0 26808 14724 14724 5369 5369
21449 0 12858 1 1 23 19
12857 1 21449 3 1 1 1
3233 1 4145 3 1 2 1
19055 1 19054 1 1 1 1
8310 6 12531 15 6 3 1
7557 1 7633 3 1 2 1
17844 0 7120 3335 3335 18124 18121
1269 1 11040 2 1 5 1
11040 1 14848 4 1 3 1
26676 0 8201 6291 6291 15786 15773
28241 1 7436 1 1 3 1
18458 9 31641 1 1 2 1
31641 3 37842 15985 15984 384 384
25873 0 2795 13890 13890 30183 30182
17430 1 14006 2 1 3 1
13991 0 6823 5 5 30 24
19570 1 23428 2 1 3 1
8288 4 37118 49 47 32 32
40805 0 33924 9206 9206 40272 40271
25230 0 6253 8927 8927 14666 14661
15292 3 10198 1 1 3 1
39489 0 11666 1511 1511 24778 24760
39489 1 15557 1 1 3 1
37831 2 11666 425 425 21780 21780
15516 1 12820 3 1 3 1
34071 1 12820 1 1 1 1
4175 4 8602 10 5 1 1
24042 1 5537 1 1 1 1
19211 0 4744 17592 17592 36715 36712
31371 0 7474 437 437 1323 1316
27812 0 7474 17084 17084 38838 38830
28947 4 15200 390 390 100 100
18660 6 21000 10 10 8 8
15472 0 25385 78 78 169 166
12507 0 13404 901 901 3020 3015
26342 1 17895 3 1 3 1
2152 1 8496 1 1 5 2
39760 0 574 1 1 52 9
40877 0 574 206 206 38578 38533
35412 5 11510 1 1 409 390
2085 6 10383 5 2 1 1
14202 1 14201 1 1 4 1
1043 1 20085 2 1 1 1
40806 0 6850 1891 1891 39034 39009
40503 0 9914 24413 24413 40319 40317
14770 1 14307 2 1 1 1
32716 1 17183 1 1 2 1
35390 1 3256 1 1 1 1
4482 4 9719 748 744 76 76
20428 0 3527 923 923 19569 19552
3527 6 20663 33 33 28 28
30409 2 35441 38373 38373 39231 39231
11083 1 5302 1 1 2 1
23196 1 10129 1 1 4 1
1066 1 29752 1 1 1 1
40807 0 3538 216 216 35309 35296
22793 0 3538 5 5 21 9
6768 6 24640 5508 5505 4787 4785
6768 6 10205 9730 9726 1079 1079
2869 1 15125 1 1 3 1
29302 0 15125 7214 7214 28837 28835
9588 0 1406 71 71 313 303
18159 0 17493 19 19 258 252
21497 1 33875 2 1 1 1
20938 1 22485 2 1 2 1
13056 6 39139 22348 22346 3444 3444
23942 0 26928 175 175 484 482
28004 0 6478 583 583 11290 11288
4747 0 22951 1 1 6 2
20860 5 2566 15 15 12287 12271
7590 5 2566 50 50 35984 35967
20768 0 17402 10527 10527 15543 15541
35193 1 20768 1 1 2 1
8572 0 5856 3882 3882 10384 10358
17370 0 5856 1042 1042 18964 18937
31972 0 5856 17389 17389 33323 33295
17380 1 15779 1 1 1 1
27964 0 16186 308 308 1264 1258
15981 0 1328 5 5 226 213
26071 1 9303 2 1 4 1
9303 9 21981 1 1 1 1
38768 0 29318 543 543 4602 4598
36229 0 18254 14757 14757 40146 40129
1019 4 596 25 9 1 1
1019 4 8780 47 24 1 1
23239 1 15927 4 1 3 2
30477 1 23239 1 1 3 1
21996 6 20017 6465 6462 9053 9053
21996 6 11995 105 103 610 610
25766 0 22616 1616 1616 21119 21116
9455 0 23399 4236 4236 35054 35048
23000 6 39446 29820 29820 22456 22456
122 1 7516 5 1 4 1
11412 1 19152 2 1 1 1
8803 1 27429 4 3 1 1
15261 0 14295 10765 10765 27253 27252
25268 4 21905 18 16 1 1
15504 1 8591 3 1 2 1
8591 1 16989 3 1 1 1
15601 10 15600 1 1 1 1
31927 1 15601 1 1 1 1
34363 5 8522 20298 20298 12188 12188
33641 0 19894 552 552 10018 10017
33826 1 19127 1 1 2 1
39523 0 2723 4 4 2364 2326
39523 1 21345 1 1 2 1
7540 0 2723 109 109 1302 1266
4541 0 2723 365 365 1399 1362
28671 0 7444 237 236 1266 1263
40808 0 40809 40797 40797 40790 40790
26933 0 1475 17179 17179 29558 29538
35848 0 18654 40 40 365 360
19162 0 18654 12 12 83 79
29185 6 40731 40098 40097 8368 8368
3467 1 3466 2 1 2 1
15345 5 4450 20 20 11240 11234
7117 1 7049 3 1 3 1
32624 6 26608 9434 9433 540 540
2269 1 2268 2 1 2 1
30613 0 6961 1 1 5 3
2956 4 29945 7 3 1 1
40706 0 10059 1544 1544 38316 38313
3866 4 38485 152 145 18 18
3866 4 24189 1272 1264 812 812
9119 0 21826 28869 28869 32141 32141
18389 3 999 25280 25278 29336 29334
999 3 18389 29336 29334 25280 25278
35808 1 32154 28309 28309 19728 19728
37756 4 40810 40635 40635 12302 12302
20583 1 27612 1 1 1 1
1020 0 3141 1 1 26 2
28305 0 3141 1 1 58 6
6564 0 11337 12157 12157 6581 6580
23511 0 15656 144 144 308 282
5394 1 2601 1 1 2 1
19679 0 5394 3803 3803 5823 5816
2004 1 24164 5 1 1 1
2004 0 30642 4928 4928 482 481
25774 1 12289 1 1 5 1
24676 0 24224 39 39 44 43
23848 1 8714 1 1 3 1
17814 4 3175 37678 37677 20964 20964
17465 1 17464 1 1 1 1
22570 1 22569 1 1 2 1
6630 0 4722 56 56 117 109
1142 0 4722 81 81 380 371
23700 1 24343 1 1 1 1
9573 6 3123 123 123 304 283
15354 6 3123 4476 4476 6079 6056
14853 6 3123 2983 2982 2969 2947
6067 1 28605 1 1 1 1
8474 4 17327 34475 34475 9788 9788
30941 1 3753 3 1 2 1
30941 1 33174 2 1 2 1
11546 0 4442 6 6 1243 1209
6865 4 2298 29 25 53 53
1021 1 207 1 1 4 1
2872 0 17555 31609 31608 19954 19948
268 0 17555 38934 38934 34058 34051
40811 0 2664 641 641 39329 39312
40871 0 2664 371 371 37533 37517
2664 0 2624 1042 1042 640 633
35435 0 12605 30 30 2212 2209
29862 1 29861 1 1 3 2
31789 0 494 1742 1742 24624 24612
22923 0 28916 503 503 33 32
27985 1 27484 1 1 2 1
29410 0 16944 8101 8101 11403 11399
11888 0 36918 13369 13369 5255 5253
37558 2 741 1 1 51 5
28640 2 741 1 1 39 1
9021 2 741 1 1 49 4
22157 3 1791 2 1 4 1
22158 3 1791 3 1 2 1
8471 1 6302 2 1 1 1
32069 0 19823 3363 3363 13137 13135
38790 0 13 2077 2077 27124 27110
19437 1 22294 2 1 2 1
25022 1 32013 1 1 2 1
39553 0 4628 11 11 293 284
40833 0 4628 8843 8843 40878 40868
11144 1 2617 1 1 2 1
38399 1 1022 1 1 5 1
10536 1 36694 1 1 1 1
40178 1 1578 11771 11771 19670 19668
40864 0 1578 4601 4601 40474 40468
22410 1 37961 3 1 1 1
15647 4 32971 969 969 182 182
1708 0 8438 36441 36441 27732 27731
6124 1 5907 2 1 5 1
8270 1 6124 3 1 3 1
5826 1 10722 2 1 2 1
21697 0 2070 35266 35266 36198 36198
6530 1 22543 1 1 3 1
5932 1 21935 6 1 2 1
28875 3 5192 1 1 1 1
28676 3 28875 2 1 2 1
5178 1 14819 6 2 2 1
21092 0 5178 467 467 6859 6831
16318 0 5178 1609 1609 24841 24812
40918 0 5178 3368 3368 39806 39774
31349 1 5178 1 1 3 1
27341 1 31627 3 1 1 1
912 0 7047 20552 20552 17116 17102
739 0 912 36 36 20 9
24031 0 7047 10936 10936 10175 10162
30204 1 7047 3 1 3 1
40812 0 17281 25530 25530 40934 40934
9906 1 36905 4 1 1 1
6743 0 8355 356 356 5809 5786
1538 0 8355 5405 5405 6956 6932
35277 1 27784 1 1 1 1
5869 1 26782 6 1 1 1
40813 0 19386 9283 9283 40116 40114
38378 1 22534 1 1 1 1
31576 0 30844 89 89 993 993
10205 1 10204 3 1 2 1
11177 1 37094 3 1 1 1
7045 1 2382 1 1 5 2
21977 5 16419 92 92 10184 10177
3364 1 3363 1 1 3 1
3528 0 10834 1721 1721 11649 11646
17960 4 24312 52 48 14 14
27223 1 20426 1 1 2 1
24636 1 6535 1 1 1 1
23949 5 212 1 1 31 3
27657 5 828 2 1 55 41
1410 1 24564 1975 1975 2215 2214
3066 0 8076 34084 34084 39107 39099
18215 1 1414 2 1 12 1
10895 1 13973 1 1 1 1
3239 4 39144 87 39 3 3
3239 4 27881 188 137 1 1
3239 4 36428 114 64 1 1
18904 3 17353 2 1 1 1
7935 1 2201 4 1 3 1
17190 1 757 1 1 1 1
1415 1 32170 1 1 1 1
23786 1 2902 1 1 9 1
2029 1 18094 4 1 1 1
553 1 13871 3 2 2 1
24179 1 10508 2 1 1 1
25575 1 10508 1 1 2 1
27360 6 36837 528 528 231 231
31841 0 19545 14205 14205 30291 30290
33840 0 1754 1197 1197 17137 17125
40875 2 1754 259 259 40343 40337
38079 2 1754 4469 4468 38679 38674
40815 0 39071 18381 18381 40746 40744
29342 0 8978 496 496 13926 13910
6890 0 36281 13361 13361 1533 1533
8040 1 21358 9 5 3 2
10520 0 24854 2162 2162 353 353
28943 1 243 1 1 1 1
20030 0 13734 60 60 206 204
4563 0 12505 4 4 8 2
37725 0 23377 1 1 10 5
26865 1 19204 4 2 4 1
20288 6 29915 141 139 9 8
24515 2 20288 15 15 6001 5996
18855 0 2060 1 1 14 3
26308 5 18855 181 181 39272 39258
24430 0 2060 1522 1522 6640 6626
11475 1 13563 876 873 877 873
13563 1 11475 877 873 876 873
14231 0 7944 11629 11629 9878 9877
36007 6 17148 35221 35221 22837 22837
13350 0 29456 5586 5586 9709 9709
36696 5 9528 1 1 9 1
19256 5 9528 1 1 10 1
30889 0 33367 14277 14276 8495 8495
26734 0 2288 206 206 2496 2494
16979 4 35069 1459 1459 204 204
23628 0 2614 5270 5270 7353 7349
39567 0 4694 3 3 162 148
6695 0 32813 24734 24734 26630 26630
15469 0 6418 64 64 196 172
34418 1 25064 2 1 1 1
8727 1 8726 2 1 1 1
14189 1 23592 3 1 1 1
35545 1 14189 1 1 4 1
10877 1 11728 5 1 3 1
32814 0 4976 15 15 368 365
4165 3 25845 4 1 1 1
20625 1 7778 2 1 1 1
30076 0 10715 207 207 4502 4499
40816 0 14697 22807 22807 40702 40702
14697 1 31992 5 1 1 1
19191 1 27971 1 1 1 1
13842 0 11910 15721 15721 33464 33463
5985 6 10735 10 3 18 11
12732 3 28417 1 1 1 1
12732 1 26677 1 1 1 1
6204 1 6203 1 1 1 1
40817 0 19840 13175 13175 40928 40925
3387 0 19840 7143 7143 2340 2338
6550 1 2423 2 1 9 1
2423 1 24830 11 2 4 1
2924 4 30666 88 24 2 2
2924 4 2659 53 4 1 1
2924 4 29020 17 3 2 2
2924 4 36766 196 123 1 1
1379 1 25548 3 1 2 1
6265 1 1379 2 1 1 1
18135 3 294 4998 4995 727 727
2209 1 24141 5 1 2 1
15500 1 4546 1 1 1 1
15500 1 7996 2 1 3 1
31596 6 8773 26326 26326 14781 14781
40818 0 35587 21857 21857 40597 40597
34338 1 9890 1 1 7 1
14748 1 9890 1 1 10 1
9890 1 12054 8 1 2 1
40819 0 15962 15945 15945 40740 40739
16130 0 10326 3741 3741 16021 16019
40820 0 20319 22004 22004 40879 40878
11212 0 1856 227 227 3211 3197
14579 1 1856 2 1 2 1
28303 3 9776 1 1 3 1
9776 1 9775 1 1 1 1
561 0 5278 15895 15895 28942 28933
13724 4 995 1304 1303 1582 1582
154 1 153 1 1 4 1
5791 1 11553 6 4 3 1
24115 1 18755 2 1 1 1
28674 0 3041 1615 1615 17368 17361
40821 0 14864 950 950 38313 38308
17883 0 18836 22140 22140 37032 37029
40822 0 9367 2319 2319 39792 39770
40930 0 9367 1876 1876 40087 40064
7005 0 9367 2 2 84 64
26765 1 9367 2 1 5 1
2151 0 4180 667 666 931 929
40823 0 11638 11360 11360 40765 40748
18175 1 18573 3 1 1 1
24724 1 3969 4 1 3 1
3969 0 3582 1758 1758 3468 3440
17345 0 3969 63 63 59 55
34877 1 6582 1 1 9 1
6582 1 16956 7 1 5 1
26100 1 28248 1 1 2 1
33245 0 3980 6 6 23 21
4106 1 4105 1 1 1 1
584 1 28894 183 181 4 4
35143 1 33405 1 1 2 1
17003 0 479 4496 4496 12030 12020
9877 5 6166 1 1 1 1
30263 1 25760 1 1 1 1
30656 1 25760 1 1 2 1
1999 4 17069 45 38 20 20
18272 1 19427 3 1 2 1
29081 1 13187 1 1 4 1
16522 0 3780 554 554 2310 2274
26742 0 15839 2 2 92 89
1918 6 39340 10005 9998 415 415
11624 1 20815 2 1 1 1
13939 0 7027 38 38 6214 6208
5788 0 7027 280 280 695 690
40824 0 2657 1454 1454 37705 37698
1294 0 25140 512 512 109 106
21281 0 428 12791 12791 26026 26000
40911 0 428 619 619 34103 34076
39800 1 30816 1 1 1 1
12660 0 1095 15 14 85 74
17450 0 1095 14785 14785 15568 15556
11922 0 14898 12387 12387 34614 34596
23590 0 12772 9066 9066 31226 31223
3072 1 15159 5 1 4 1
24523 0 8582 3 3 48 41
188 6 29407 13 10 16 12
39603 4 27065 17719 17719 1271 1271
4691 1 14239 1 1 1 1
36188 1 4691 2 1 2 1
36501 0 4902 4395 4395 9956 9956
40022 0 6784 15 15 191 186
4121 1 17988 3 1 2 1
34845 5 10076 8 6 206 201
19999 4 35620 16 7 4 4
25642 0 31168 11605 11604 12033 12032
28192 2 3865 5 4 107 89
25039 0 2409 1 1 28 5
34598 0 2409 1 1 151 127
40825 0 22386 19920 19920 40717 40716
15804 0 10824 2 2 22 17
40826 0 30737 2758 2758 38686 38685
11678 4 24132 6370 6370 1505 1505
11178 1 14178 7 1 1 1
19319 1 11039 1 1 6 2
23526 0 9730 12370 12370 35200 35198
12960 0 23054 6848 6847 6296 6296
18237 1 14439 1 1 4 1
17375 6 39568 8 6 1 1
6955 0 2697 4 4 23 21
16533 0 2697 152 152 263 260
27268 1 11354 1 1 2 1
1968 1 1967 3 1 4 1
20914 0 1967 4 4 9 3
23271 0 7641 14785 14785 13044 13044
19684 3 19683 1 1 1 1
4983 6 33006 28067 28067 27772 27772
17534 9 12584 1 1 1 1
6871 1 18043 5830 5828 5792 5791
5628 7 18994 33348 33315 10 10
2502 1 20104 5 2 2 1
15657 0 4985 9335 9335 34885 34883
34914 1 6434 1 1 4 1
39981 0 306 1 1 45 28
21026 0 306 1 1 14 1
37154 5 9269 147 147 18554 18551
9073 1 5502 2 1 3 1
30127 0 1623 8115 8115 35438 35435
16304 0 30127 35913 35913 30423 30423
16980 1 4548 2 1 2 1
469 0 14498 4468 4468 5389 5378
9243 6 35214 6703 6699 2073 2073
36148 4 23121 21303 21302 4342 4342
3358 1 4743 8 1 3 1
9720 0 4743 5 5 48 38
40888 0 4743 1140 1140 39368 39357
2064 1 2154 1 1 1 1
22278 1 35919 1 1 1 1
36060 0 14935 8303 8303 30100 30091
27146 5 11426 1 1 116 106
3169 0 3813 107 107 725 707
3823 1 3813 1 1 2 1
20664 4 26988 8716 8714 838 838
6374 1 11133 2 1 3 1
33074 2 7 4 4 114 77
18961 2 7 1 1 30 1
17395 0 7902 3306 3306 23773 23769
22908 1 5606 4 1 3 1
10254 1 10253 2 1 2 1
40906 0 10253 1159 1159 39193 39179
14113 1 5076 1 1 5 1
36403 1 10838 1 1 2 1
14974 0 14973 2099 2099 849 841
14973 3 19845 2845 2843 562 562
40831 0 4593 10150 10150 38453 38453
31084 1 27014 1 1 3 1
12467 4 39860 10 5 1 1
40832 0 6630 5112 5112 40522 40518
26778 4 2803 12877 12877 7294 7294
3765 1 28497 2 1 1 1
20691 1 4936 1 1 2 1
7886 0 12463 2 2 779 773
14999 4 31316 23135 23135 5672 5672
22172 0 11068 4 4 371 358
454 3 16514 3 1 1 1
3025 1 16514 2 1 2 1
29578 0 15788 8981 8981 24324 24323
23802 0 21987 7067 7067 18329 18326
21987 0 20963 11275 11275 10436 10435
11759 2 10987 9 9 70 69
38689 0 12894 15347 15347 26361 26351
40834 0 14087 28948 28948 40488 40488
14853 1 5935 1 1 3 1
4044 4 31152 2839 2839 1630 1630
29372 0 24630 1337 1337 21249 21244
24630 0 22399 13949 13949 4083 4082
19479 5 4701 1 1 44 21
8240 5 4701 1 1 43 21
33163 5 4554 2 1 12 5
29553 1 26733 1 1 1 1
29553 0 8837 9427 9427 15541 15539
6792 1 14058 2 1 3 1
21282 0 15062 23580 23580 27926 27926
23036 4 36472 1442 1436 52 52
5783 4 23036 130 121 24 24
40835 0 40836 40782 40782 40904 40904
18778 6 32930 51 50 2 2
18778 0 5314 243 243 2083 2056
24621 2 17930 4 1 5 1
27989 2 17930 6 4 38 28
26041 0 4289 3675 3675 13381 13381
16899 4 24507 23457 23457 28214 28214
14917 3 17826 4 1 2 1
30990 9 28312 1 1 1 1
8980 1 3552 2 1 2 1
33079 0 3582 5 5 2835 2808
16497 1 26305 4 1 1 1
26368 1 8799 2 1 1 1
4480 1 32602 5 1 1 1
35059 0 27412 116 116 149 146
2645 4 29221 104 96 50 50
23462 0 5675 5198 5198 5423 5414
40853 0 23462 1274 1274 40162 40157
25133 5 5012 2 1 7 1
14927 4 5288 87 83 11 11
11058 2 6577 2 2 263 209
60 2 6577 2 2 90 37
7534 9 18226 2 1 1 1
10204 1 10208 1 1 1 1
5031 1 28475 1 1 3 1
15312 0 12860 58 58 13 13
21401 1 1933 1 1 8 1
12469 1 1992 8 3 2 1
18451 5 1238 2 1 9 2
37552 0 2655 3 3 19 15
2655 0 9806 22239 22239 22301 22295
40284 0 6614 1933 1933 29358 29335
3130 1 27019 5 1 2 1
23982 0 37653 1133 1133 8745 8743
20447 1 9918 3 2 1 1
15028 1 16314 3 1 3 1
15028 1 5116 1 1 3 1
40628 0 33021 25403 25402 40628 40628
3648 1 3647 2 1 4 1
19317 0 1107 5567 5567 30577 30567
830 1 21753 5 1 1 1
8270 1 9886 7 1 3 1
14780 1 6419 4 1 1 1
40837 0 15224 1450 1450 38604 38592
7188 0 11737 12 12 259 249
10277 1 32396 2 1 2 1
10277 1 2951 1 1 4 1
15054 1 2951 3 1 5 1
25047 0 19223 18314 18314 22384 22384
23871 0 918 143 143 4243 4236
40840 0 918 5026 5026 39789 39781
8168 0 13192 2794 2794 12477 12477
10293 1 12214 1 1 2 1
23642 0 26543 36642 36642 38927 38927
26543 1 12312 2 1 3 1
4913 4 20284 85 54 5 5
3331 5 16655 157 157 11124 11122
3331 1 35484 4 1 1 1
16739 1 16646 1 1 4 1
6726 1 5782 4 1 1 1
6726 3 6725 3631 3629 34 34
11335 1 6726 1 1 5 1
5491 1 1201 1 1 8 3
6549 1 14425 3 1 3 1
5544 1 3327 2 1 1 1
3403 1 6328 1 1 2 1
7229 4 37460 1835 1818 295 295
20544 1 28902 3 1 2 1
3291 1 20544 4 1 2 1
530 1 21170 1 1 1 1
9371 1 9370 2 1 2 1
26061 0 9371 44 44 1582 1579
9371 0 5623 3020 3020 1105 1103
21518 1 29527 1 1 3 1
35181 0 21518 1557 1557 4634 4631
36581 0 16397 6008 6007 9807 9807
3972 7 37089 21762 21684 10 10
8883 0 5790 151 151 356 356
38389 0 7334 2 2 63 61
27814 0 9178 3 3 58 56
10855 1 19155 1 1 2 1
10855 1 31116 1844 1843 4437 4436
1431 4 27265 14 3 6 6
27563 1 35599 1 1 1 1
1193 4 39361 20 9 1 1
39975 0 7068 656 656 5279 5271
3855 0 3909 2 2 4 2
28703 0 3909 537 537 20876 20868
11573 1 13583 1 1 4 1
40841 0 16266 3711 3711 39862 39839
2434 0 16266 2 1 28 7
40842 0 67 3382 3382 40403 40394
1154 0 18959 23951 23951 24298 24296
32397 0 13044 568 568 18125 18116
17819 1 653 2 1 2 1
37840 0 313 2 2 192 184
40843 0 3679 3955 3955 40223 40212
40843 4 5346 4818 4818 40101 40101
13988 0 168 705 705 1905 1900
38754 2 10661 5 4 47 44
29501 0 6358 2594 2594 8154 8152
29860 0 18587 34999 34999 36905 36905
33438 1 36858 1 1 2 1
36858 1 35629 1 1 1 1
12381 0 1474 149 149 3974 3959
2863 0 6499 792 792 1889 1888
7328 0 5714 11064 11064 10013 10012
14412 0 20621 2258 2258 5957 5956
35316 5 38173 7 5 4 3
20490 1 7847 2 1 1 1
21077 4 10657 2699 2698 126 126
10380 0 1964 331 331 5781 5779
17802 1 3847 1 1 2 1
29031 4 40721 40780 40779 9568 9568
29630 5 22311 1 1 19 15
14888 4 21122 66 57 13 13
14888 0 2518 1 1 6 2
819 1 7732 5 1 2 1
7100 4 29718 37952 37950 23894 23894
8077 1 7192 1 1 4 1
16136 1 39043 1 1 1 1
13225 1 15253 2 1 4 1
40844 0 6467 732 732 37815 37808
6069 0 37345 11330 11330 20654 20653
4895 0 8093 1258 1258 19952 19925
21558 1 13645 1 1 2 1
10544 6 38325 130 115 1 1
23888 0 1730 1 1 173 72
33667 0 1730 1 1 121 23
22133 0 1730 1 1 104 8
19623 0 1730 1 1 143 44
28603 4 38563 27826 27825 2028 2028
16620 1 2522 1 1 4 1
24900 3 5965 1 1 2 1
3989 4 18951 51 44 16 16
22965 1 167 4 1 3 1
35645 0 7367 31630 31630 35964 35964
36255 0 10055 1 1 9 3
1574 1 8899 6 1 2 1
21174 5 2295 11 11 4628 4526
34328 5 2295 102 102 19304 19201
28418 5 2295 15 15 3933 3833
34439 5 2295 12 12 4063 3962
40845 0 32455 28315 28315 40896 40895
35000 0 9668 1 1 64 48
32116 0 21176 18545 18545 35125 35123
23390 0 40586 40530 40530 8057 8057
40848 0 23390 2932 2932 39883 39880
19903 4 29357 129 129 252 252
35177 0 14481 3924 3924 3999 3999
12330 0 11599 722 722 6805 6799
3579 1 19372 2 1 2 1
9842 0 3579 4283 4283 8801 8789
22422 1 9505 1 1 6 3
15330 1 28910 1 1 1 1
22889 0 11852 67 67 3878 3869
29771 9 3592 1 1 1 1
25748 1 34204 1 1 1 1
1772 6 37182 414 410 16 16
15158 0 40846 40911 40911 40368 40368
40847 0 8407 14475 14475 40742 40742
35466 0 11507 2 2 30 27
12327 0 411 2916 2916 14003 13980
21952 4 9376 902 902 622 622
4177 6 5022 17 2 8 8
5040 0 220 64 64 433 424
20777 0 30968 10232 10232 22700 22699
17995 1 415 3 1 6 1
6540 0 6677 12173 12173 16601 16599
30360 1 7239 1 1 5 1
1226 4 33413 1908 1884 946 946
36259 5 860 79 79 26266 26194
30840 5 860 9 9 6503 6433
39831 1 4370 1 1 5 1
17244 1 15986 1 1 2 1
9116 4 34497 145 143 2 2
4771 4 11796 92 40 3 3
18918 0 15687 64 64 17 14
18918 6 31983 1042 1033 292 292
29544 0 6411 289 289 6092 6085
13258 1 515 1 1 8 1
7665 4 11919 33 29 11 11
8356 1 22637 5 1 2 1
17180 1 8356 1 1 4 1
39574 0 13157 1573 1573 3986 3983
20711 1 1090 1 1 5 1
32427 0 24062 7999 7999 13718 13717
40849 0 13412 137 137 36938 36933
4316 0 1500 8 8 133 107
29122 0 1500 1 1 136 109
29916 0 33246 2293 2293 2802 2802
33246 0 425 9280 9279 33913 33893
3714 1 3991 1 1 1 1
6702 1 4469 3 1 4 1
20629 0 10089 1443 1443 899 899
18423 1 20629 2 1 2 1
4855 1 19562 3 1 3 1
11423 1 4213 5 1 5 1
10241 0 10481 40344 40344 38234 38232
27097 0 10241 19 19 244 234
5125 6 35244 5 5 1 1
10842 1 11135 2 1 1 1
3451 1 3450 2 2 6 1
3450 1 6752 3 1 3 1
26219 0 15966 800 800 13449 13446
20729 0 30962 34786 34786 19245 19244
31196 0 30962 13267 13267 6863 6863
36881 0 119 1 1 77 40
119 0 2748 81 80 33 23
2323 1 23181 1 1 1 1
14339 9 16095 2 1 1 1
32957 0 5195 3 3 61 55
32623 1 5195 1 1 3 1
32917 0 9489 11851 11851 33664 33660
40688 0 3489 12 12 28481 28420
13220 2 6815 6 5 9 5
5097 1 27076 4 1 1 1
17030 1 2573 1 1 1 1
2573 1 9486 7 2 2 1
37807 1 30144 1 1 1 1
2521 1 38597 4 1 1 1
6946 1 8731 2 1 1 1
9873 9 35523 1 1 1 1
1071 6 14854 5845 5839 251 251
3398 4 14735 50 33 1 1
5855 1 7329 4 1 2 1
3929 1 27247 11 1 1 1
16292 1 29803 3 1 1 1
6578 0 5973 12 12 8 5
40850 0 1543 1125 1125 39029 38972
37429 1 32885 1 1 1 1
5932 1 5931 4 1 1 1
14336 1 2808 1 1 2 1
23816 0 13145 1 1 6 6
16675 0 11522 16562 16562 30128 30128
40851 0 14187 1123 1123 35798 35794
10755 4 22444 770 769 124 124
11129 1 13730 7 1 4 1
25343 1 13730 2 1 5 1
8639 0 3289 262 262 2471 2448
3289 6 36920 818 802 450 450
8776 1 1347 1 1 4 1
1347 1 4276 3 1 2 1
39300 0 1590 1774 1774 8614 8591
37068 1 22654 1 1 1 1
1801 1 21363 2 1 1 1
31983 0 35119 3597 3597 4190 4189
31983 6 2119 18282 18280 2695 2695
19488 0 3006 4844 4844 34447 34437
19488 1 38649 25310 25310 37637 37637
40852 0 6747 12033 12033 40072 40070
28133 0 18038 14 14 215 212
8634 9 19910 1 1 2 1
11304 0 19910 14 14 65 64
20413 0 1973 924 924 2110 2055
26353 1 4814 4 3 6 2
22355 0 11595 6930 6930 20634 20628
1588 1 19716 2 1 1 1
11612 1 21343 2 1 2 1
5569 1 10107 1 1 4 1
5923 1 5569 2 1 5 1
24840 0 14776 4716 4716 3864 3864
24031 4 32273 32575 32575 14890 14890
12006 1 23328 1 1 1 1
15403 4 40478 643 643 260 260
16346 0 16005 5780 5780 5955 5953
7668 1 35530 2 1 1 1
9434 4 40717 39746 39743 7046 7046
22914 1 3088 1 1 3 1
2945 9 2944 1 1 1 1
24743 1 24742 1 1 2 1
31284 1 19047 1 1 1 1
1664 1 16927 4 1 2 1
40307 0 4362 19 19 816 809
29218 1 4362 2 1 1 1
4362 0 8787 23 23 19 12
17040 8 37417 2030 2029 41 41
39206 0 12650 1 1 28 9
29976 5 5742 2 2 1669 1646
15635 5 5742 1 1 51 30
903 5 5742 2 2 61 39
17663 4 9378 145 141 25 25
20364 1 26993 2 1 1 1
27150 0 3232 15170 15170 25060 25053
40854 0 14981 15 15 28719 28715
40855 0 25028 17604 17604 40358 40358
40678 5 5841 112 112 38735 38722
26893 3 11921 32415 32413 2570 2570
38438 0 24102 2519 2519 4593 4589
22467 0 22049 7 7 35 32
15542 0 22049 688 688 20769 20764
40856 0 8153 612 612 37305 37286
36147 0 8153 1521 1521 24518 24500
10925 1 8153 3 1 3 1
34372 4 36708 224 224 39 39
7489 6 35302 2530 2525 1386 1385
9267 0 1292 1966 1966 4658 4653
5975 0 8327 512 512 5825 5816
112 6 23406 41 6 7 7
6559 1 18773 1 1 3 1
13687 1 7279 1 1 4 1
37981 0 904 7 7 235 223
15563 1 17861 2 1 2 1
24736 1 14901 2 1 1 1
7506 1 27215 10 2 1 1
28486 1 28485 1 1 1 1
22848 1 33665 2 1 1 1
15952 0 3163 1 1 77 37
9298 0 3163 1 1 30 1
28717 0 3163 1 1 44 5
17876 3 17875 1 1 1 1
22196 1 22195 1 1 1 1
13637 1 27685 2 1 1 1
10125 4 13911 959 957 35 35
4146 0 37135 13852 13852 14850 14848
31487 4 8818 285 285 26 26
36976 0 4550 1127 1127 8020 7922
24513 0 4550 1 1 101 7
27936 0 4550 2 2 156 59
12322 0 4550 1 1 92 5
40857 0 2021 1013 1013 39296 39242
27575 0 6658 2104 2104 23445 23433
19537 9 28961 1 1 2 2
1070 0 17546 638 638 1725 1721
9755 1 9754 1 1 4 1
769 1 9754 1 1 2 1
40381 0 34906 169 169 1339 1339
15427 0 134 3673 3673 27946 27932
134 1 2633 2 1 1 1
1511 0 15914 16138 16138 34212 34209
5005 1 28613 7 1 1 1
18503 1 5005 2 1 8 1
40140 0 27752 2 1 9 6
16225 4 4698 20 17 22 22
40858 0 15284 18238 18238 40752 40746
628 1 627 2 1 1 1
16800 4 32120 629 629 77 77
25305 0 2099 1 1 293 266
13821 1 13530 2 1 2 1
16002 1 36632 4 1 2 1
40859 0 37052 9672 9672 38943 38942
6188 4 24112 132 114 8 8
6188 4 24347 7 2 1 1
15067 0 18496 35620 35620 26843 26843
29361 1 18956 1 1 2 1
10119 1 25492 7 2 3 1
28682 1 6956 1 1 1 1
22077 5 6956 1 1 21 2
720 9 26603 2 1 1 1
18029 0 8812 6439 6439 15575 15574
36166 1 16798 1 1 1 1
30646 4 33263 2047 2047 2230 2230
10063 0 8348 1713 1713 30825 30818
28320 1 27155 2 1 1 1
27155 1 29136 2 1 2 1
737 0 704 8163 8163 10707 10706
16207 1 16206 1 1 1 1
37148 0 23650 6761 6761 17304 17304
33954 1 14292 1 1 2 1
29886 1 28685 2 1 3 1
9855 6 33387 29 6 4 1
3785 0 28084 17736 17736 37912 37911
20088 5 3785 38 38 5108 5092
32514 5 3785 91 91 11622 11605
6922 1 6921 3 1 2 1
6921 1 7885 7 1 6 1
7656 1 11492 2 1 2 1
16454 1 15118 4 1 2 1
27917 0 8192 1 1 19 16
27917 1 5927 3 2 8 3
5927 1 27917 8 3 3 2
4197 0 8050 1 1 7 4
4197 1 37513 5 1 1 1
25431 1 5635 1 1 4 1
15018 1 18772 3 1 1 1
9762 6 8948 39303 39299 26375 26375
30927 6 25532 2609 2609 4510 4510
19315 1 39214 1 1 1 1
39214 0 32965 3 3 58 58
18563 0 4302 6 6 222 220
21993 1 19504 6 1 1 1
9794 0 26796 3007 3006 3282 3282
40860 0 1945 379 379 35155 35131
13748 1 11108 3 1 2 1
4384 1 24793 2 1 2 1
10633 4 19550 10442 10442 5323 5323
27322 1 37139 1 1 1 1
40383 0 38168 3239 3239 4720 4720
7362 4 32362 16 3 2 2
22231 1 8513 1 1 2 1
40692 0 8924 3679 3679 40327 40318
1685 1 12089 4 2 1 1
450 4 4488 72 55 3 3
39094 5 3918 173 173 25966 25948
40914 5 3918 159 159 38028 38009
2315 0 3918 357 357 2872 2864
40869 0 3918 7611 7611 39995 39986
39375 4 35988 1235 1235 423 423
33362 0 724 5765 5765 35034 35015
4388 4 38068 47 35 1 1
24592 0 13837 10993 10993 30378 30374
4109 6 1349 7 4 13 12
20971 4 929 37 37 3610 3609
23939 0 929 153 153 9623 9612
2108 1 23830 3 1 1 1
137 1 39790 1 1 1 1
14471 4 26704 211 207 44 44
38379 0 2037 24331 24331 40329 40326
3297 1 2037 3 1 1 1
19597 1 29925 3 1 1 1
9472 3 9553 7676 7676 26926 26924
24002 1 31718 1 1 1 1
13378 4 37002 73 65 3 3
18672 8 18729 31249 31249 30180 30177
23066 0 10976 27720 27720 20493 20493
37193 0 36623 21977 21977 38066 38066
35461 0 15432 1437 1437 10330 10328
6086 1 37968 6498 6498 10706 10706
39988 0 6132 8441 8441 27997 27991
27635 0 6879 145 145 63 63
12792 1 18251 1 1 2 1
25299 0 17090 11761 11761 3168 3166
22804 0 9256 12 12 58 55
22046 1 449 1 1 3 1
26701 5 39164 39899 39899 20630 20630
33010 4 37752 8785 8784 750 750
17564 4 28570 20171 20171 12083 12083
14394 1 27202 1 1 2 1
40861 0 35307 23717 23717 40470 40470
36533 1 31832 1 1 2 1
1421 1 13698 2 1 1 1
1421 1 1420 4 1 1 1
15918 1 8898 2 1 1 1
39681 2 3869 10 10 7950 7918
13147 2 3869 1 1 103 74
29520 1 38175 1 1 1 1
7705 4 29204 135 128 165 165
31945 1 533 1 1 2 1
20267 1 11332 1 1 1 1
40862 0 6138 243 243 36141 36126
12405 1 2536 1 1 4 1
22145 0 267 113 113 4176 4153
12466 4 38408 179 157 5 5
12466 4 38825 173 152 12 12
16552 1 10073 2 1 1 1
31672 0 16442 355 355 1514 1514
34829 0 34921 2 2 3 1
6539 1 27537 3 1 1 1
24829 0 20017 13771 13771 30681 30675
28048 0 20017 10505 10505 11623 11618
40863 0 22831 4231 4231 40554 40549
9658 0 22831 567 566 416 412
17365 6 1148 33942 33942 9216 9216
11735 1 13906 2 1 1 1
10734 0 10886 727 727 1799 1785
1494 0 15383 682 682 3645 3644
31725 6 3983 93 93 3585 3584
3023 1 19162 1 1 2 1
28499 0 2833 27 27 773 758
4250 3 26422 4 3 6 4
14121 1 5862 2 1 1 1
1002 0 15449 22052 22052 38521 38516
14237 9 14236 1 1 1 1
40286 1 14159 1 1 2 1
1432 4 24308 67 51 1 1
29759 0 21793 1 1 9 8
40 0 9353 11525 11525 27889 27881
36532 1 36531 1 1 1 1
4832 1 7867 2 1 1 1
27716 6 14968 8562 8562 1693 1693
304 0 25231 38608 38608 38374 38373
8542 1 19421 5 1 1 1
30629 1 15712 1 1 2 1
20027 2 9746 1 1 52 41
26019 0 4682 1 1 9 5
15092 4 32205 7646 7642 370 370
13106 4 30126 260 249 2 2
7451 0 9653 1060 1060 5775 5775
14198 1 7551 1 1 4 1
19206 1 11656 4 1 5 1
938 1 29478 3 1 1 1
19923 0 13346 88 88 4056 4048
40895 0 13346 7523 7523 40693 40683
8767 0 2776 4312 4312 4652 4628
17206 0 4193 55 55 849 847
9026 1 21448 1 1 6 2
10884 1 23870 3 2 22 20
10884 0 12402 13744 13744 29757 29756
33656 0 17442 3516 3516 11722 11718
29844 1 36062 3 2 1 1
39433 6 40246 9 8 3 3
13370 4 32777 2878 2877 911 911
40865 0 34557 1354 1354 36883 36882
12307 1 5388 1 1 3 1
8628 3 1186 878 877 282 282
4299 0 1562 674 674 826 819
18208 6 35649 8062 8062 5993 5993
12758 0 980 5718 5718 11039 11038
26577 4 38800 2264 2264 449 449
40866 0 8678 500 500 36135 36132
32294 0 1897 1256 1256 22614 22541
6937 1 1897 1 1 6 1
9481 9 158 1 1 2 1
13100 9 9481 2 1 2 1
15588 1 15587 5 1 2 1
13773 0 27141 5434 5434 18338 18335
25916 0 16303 300 300 627 617
36297 0 16303 1 1 12 3
20354 1 18989 1 1 1 1
973 1 13336 3 1 6 1
5185 0 13336 3295 3295 3133 3129
9012 5 7786 1 1 46 27
33237 1 410 1 1 1 1
14633 6 31433 308 308 668 668
14633 6 8142 4251 4250 8706 8706
40867 0 339 958 958 39232 39229
3453 1 18417 7 1 1 1
8951 1 28285 3 1 2 1
1460 1 8951 1 1 2 1
8222 1 6150 5 1 2 1
8054 3 25795 3 1 1 1
6845 1 2779 2 1 2 2
19202 0 12252 2760 2760 24768 24761
20124 1 18592 1 1 6 3
20124 0 14100 16312 16312 18344 18340
30846 0 2941 501 501 2959 2958
39027 0 9415 361 361 11743 11731
23350 1 17390 1 1 1 1
8558 1 7530 2 1 3 1
40868 0 5700 25287 25287 40754 40754
32469 0 324 103 103 7198 7179
8545 0 324 520 520 10690 10670
25032 1 25031 2 1 1 1
38057 9 30720 1 1 1 1
2030 0 1832 21 21 631 621
1637 0 5616 1218 1218 1411 1402
9928 0 5616 1 1 48 40
1702 4 29665 245 241 9 9
36951 4 24229 74 72 195 195
6008 1 1041 1 1 2 1
14647 0 13213 8 7 3 3
699 1 22618 1 1 1 1
35907 4 37894 506 506 228 228
13383 1 2789 5 1 1 1
2713 6 7645 59 19 2 1
11577 1 7731 2 1 2 1
40870 0 1335 11974 11974 39909 39908
24483 1 12798 2 1 3 1
17309 0 30810 11211 11209 6358 6356
10156 1 963 1 1 1 1
2452 1 3976 2 1 4 1
2452 1 7086 3 1 8 1
40905 0 3387 2201 2201 40238 40224
7217 1 3387 1 1 1 1
8525 4 37769 21754 21752 915 915
35828 0 1364 1 1 32 2
26559 6 35828 31 31 56 56
16493 1 19237 1 1 4 1
2933 1 7202 1 1 3 1
6048 9 22594 3 2 1 1
29003 1 35415 2 1 1 1
20788 1 10332 3 1 2 1
5707 1 5706 2 1 1 1
29609 1 29608 1 1 1 1
22190 1 35891 1 1 1 1
22190 1 11262 4 1 4 1
9192 1 19649 2 1 2 1
26202 0 7136 35 35 126 125
36138 0 7877 8 5 28 25
23317 0 6977 7270 7270 22480 22445
40920 0 6977 1123 1123 38262 38226
36948 1 27706 11323 11323 31268 31267
34777 1 14753 1 1 2 1
1620 4 23845 22 7 1 1
12071 1 18026 2 1 1 1
8848 5 14818 1 1 15 1
11500 6 11034 84 78 17 15
16013 1 5367 4 1 3 1
10574 6 36868 30 26 4 3
18072 0 1880 253 253 6926 6911
7031 1 26802 3 1 2 1
32487 1 10667 3 1 1 1
28680 1 10686 1 1 1 1
9031 4 20091 126 107 5 5
37696 0 13023 143 143 4939 4931
5434 1 5433 3 1 1 1
24552 2 8531 150 149 11091 11088
35789 5 3276 43 43 12349 12317
31511 5 3276 6 6 1355 1324
39401 0 24275 13 12 509 497
27408 0 4448 2 1 12 4
13163 1 17198 1 1 1 1
8664 1 2489 1 1 3 1
2489 1 15398 6 1 1 1
25485 2 3943 1 1 35 3
38545 2 3943 1 1 31 2
36055 6 19589 20220 20220 22113 22113
19768 0 5156 1782 1782 10079 10047
26405 0 5156 1 1 40 9
17022 6 35666 13152 13149 1468 1468
17022 6 3619 4311 4309 306 306
4621 1 88 2 1 3 1
40873 0 28355 5025 5025 40522 40520
2460 9 9748 1 1 2 2
36214 0 573 94 94 2123 2084
40874 0 22716 27349 27349 40885 40885
25322 4 40518 2551 2551 6671 6671
2760 0 11134 32 32 126 120
4446 9 1807 4 1 1 1
11636 0 4446 6756 6756 20365 20364
36303 1 2876 1 1 1 1
37244 1 21630 1 1 3 1
38942 1 2626 4696 4696 21853 21850
31471 0 2626 11 11 195 194
3018 0 27173 14652 14652 17533 17533
26985 0 7600 323 323 448 443
37635 0 7600 31 31 1854 1848
8617 6 7587 11458 11447 2698 2698
24972 0 1142 17300 17300 39914 39912
680 7 38698 16080 16019 9 9
680 7 40901 27383 27321 8 8
6028 0 29623 11089 11089 9786 9786
29623 0 33835 2302 2302 20148 20145
36506 4 25083 11471 11471 8702 8702
7152 1 4236 2 1 1 1
22504 0 7152 2 2 1323 1318
40876 0 1295 6375 6375 40564 40558
21646 1 1295 1 1 1 1
22690 0 9531 1 1 9 5
34554 0 9531 1142 1142 2364 2359
701 1 25692 1 1 1 1
14347 1 5567 3 1 2 1
22500 1 15849 1 1 2 1
24584 6 29929 9878 9878 5660 5660
18192 4 1499 908 908 853 853
17820 1 654 2 1 2 1
23192 1 654 1 1 5 1
34164 0 21362 4487 4487 36858 36853
23961 0 6776 5233 5233 35493 35483
14951 5 6776 559 559 6926 6921
2111 1 35677 3 1 1 1
32320 1 16031 37017 37017 40074 40074
31261 4 13766 29449 29449 11599 11599
38116 9 9 1 1 2 1
40068 0 28942 31235 31235 35771 35771
21724 1 8592 1 1 1 1
4229 1 37036 33282 33278 13993 13993
29447 0 15913 102 102 393 388
16697 4 31051 33 29 4 4
5443 6 33646 19 2 1 1
13087 1 36310 2 1 1 1
22927 4 27025 25 25 42 42
24129 1 15215 2 1 2 1
24953 0 13135 3434 3434 29766 29757
22068 0 29955 4256 4256 17374 17374
6111 0 23960 9 9 20 18
6111 1 11198 5 1 1 1
2003 0 4127 2288 2288 24840 24836
40878 0 34399 12240 12240 40573 40569
26349 1 19291 1 1 2 1
15641 1 5982 3 1 3 1
21253 0 5982 145 145 44 44
3948 3 25669 709 705 5 5
40879 0 39495 12499 12499 39917 39917
10738 0 8594 1805 1805 2399 2393
40612 0 8594 2253 2253 38189 38182
12395 0 4161 5 5 645 618
40942 0 4161 465 465 35663 35634
26530 0 25605 934 934 250 249
25576 0 19971 865 865 3860 3854
3574 6 39280 223 219 20 20
35051 1 36988 1 1 1 1
19269 6 3870 723 722 1094 1094
26457 1 21879 1 1 1 1
16049 4 31756 225 223 178 178
26279 5 6146 1 1 19 8
31974 5 6146 11 11 11390 11378
22137 5 3531 177 177 39516 39494
15837 1 15836 1 1 1 1
3895 0 3721 9 9 402 367
23820 6 25420 230 225 6 5
23820 6 11103 138 134 3 2
28203 4 29473 1573 1569 28 28
2999 1 36067 4 1 1 1
11766 5 10754 1 1 875 856
40880 0 10330 245 245 34285 34280
29695 1 25945 1 1 1 1
15242 6 5534 7 5 5 3
16017 3 30757 7228 7226 4896 4895
9486 3 6190 18030 18025 3671 3671
10504 6 36780 5196 5189 108 108
31226 0 17728 1377 1377 17337 17328
8734 1 1538 1 1 1 1
29667 0 249 11836 11836 33745 33699
7681 0 249 22 22 500 456
1196 5 12328 7 7 10560 10543
29190 5 2139 21 21 12720 12694
9335 5 2139 1 1 249 225
13338 1 18054 2 1 1 1
19110 4 40436 1534 1534 611 611
1935 0 7945 1 1 77 55
1104 0 7945 6 5 35 14
32001 2 3539 329 329 28836 28835
7118 0 3978 86 86 606 585
27765 0 206 3694 3694 32048 32018
16624 9 15794 2 2 1 1
1966 4 24890 12548 12546 7388 7388
31338 0 8266 890 890 3739 3735
40221 5 73 1 1 66 11
3410 4 40221 8341 8340 293 293
29650 5 73 4 4 3885 3828
4984 0 73 1 1 12 3
7890 1 8556 6 2 3 1
32343 0 7890 428 428 11039 11022
4686 0 9935 3693 3693 26873 26857
1690 1 5111 14 1 2 1
23282 0 1690 73 72 2092 2082
10335 1 2363 1 1 8 1
19856 1 15917 2 2 1 1
15168 1 35514 1 1 1 1
40881 0 9334 19686 19686 40863 40858
28253 1 28252 1 1 2 1
11736 1 678 1 1 2 1
12371 1 20336 4 1 1 1
26039 1 31200 27970 27970 27436 27436
39168 1 23614 1 1 1 1
20692 1 21524 2 1 1 1
24359 1 36592 1 1 1 1
6740 1 6335 3 1 2 1
38194 0 6335 12275 12275 28192 28192
5315 0 18408 12651 12651 22120 22120
11605 4 40002 432 432 188 188
12921 1 24570 12 2 4 2
21374 1 12921 2 1 9 1
5134 2 4633 1 1 13 2
35877 0 85 724 724 10138 9895
23185 0 85 4608 4608 16279 16035
40756 0 85 183 183 37314 37067
26136 1 26135 1 1 1 1
37633 0 20754 4580 4580 14309 14308
40883 0 1222 607 607 35241 35228
40904 0 1222 5204 5204 39949 39935
19190 1 22874 2 1 5 2
14563 2 35454 1608 1606 92 92
12530 1 5329 1 1 2 1
37793 0 425 1471 1471 6693 6674
7112 1 21005 1 1 3 1
13785 6 30026 27366 27365 2516 2516
30892 1 27200 1 1 1 1
22309 1 11345 1 1 4 1
652 1 11489 3 1 2 1
21523 0 5914 31 31 2430 2426
19459 1 8641 1 1 3 1
103 0 9917 25107 25107 35021 35020
34367 1 30925 1 1 1 1
39210 0 36049 3321 3321 7664 7663
27244 6 22681 345 344 386 386
12608 4 21734 41 38 5 5
31281 1 6359 1 1 4 1
40153 0 6359 1008 1008 3299 3291
28257 1 28256 2 1 1 1
3741 6 11977 3 1 3 1
8455 0 14334 147 147 6 5
11170 1 606 2 1 2 1
9097 4 33963 106 105 66 66
15436 1 15435 2 1 1 1
9201 1 9200 2 1 1 1
6058 0 5378 6 6 329 315
5378 1 9054 5 2 3 1
24455 0 7235 4527 4527 13069 13064
40886 0 36491 14543 14543 40876 40875
27948 0 29072 16943 16943 20432 20428
2574 1 10949 5 2 3 1
15184 1 36822 1 1 1 1
17033 1 208 1 1 2 1
5633 0 4663 20516 20516 38255 38239
23779 0 17423 3026 3026 28125 28121
31140 0 1615 10 10 396 391
25999 1 31140 1 1 1 1
29071 0 25203 2043 2043 16873 16870
4929 4 37085 394 388 9 9
11962 4 5667 6 2 3 3
14732 6 18907 11706 11705 26730 26730
4582 0 23340 10275 10275 29313 29309
2940 0 23340 3 3 40 37
6093 10 24981 2 1 1 1
14001 0 36202 8096 8096 6289 6289
37407 0 19919 392 392 4407 4404
28934 0 6210 63 62 50 47
13298 1 26814 3 1 2 1
12356 1 20726 2 1 1 1
11679 7 15652 699 693 5 4
18992 0 780 14 14 40 32
12696 0 1750 2702 2702 19978 19976
22477 1 2282 6 1 1 1
17701 4 36065 5474 5474 770 770
20641 0 36866 2447 2447 414 413
31601 0 1352 15356 15356 39327 39321
36144 0 28533 7505 7505 19524 19524
22400 2 2183 1 1 66 35
39117 2 5348 2 1 37 35
12905 1 5832 3 1 2 1
16355 1 22399 510 505 93 93
8334 2 35737 548 548 18599 18598
13347 0 26570 86 86 9538 9536
40889 0 34949 33144 33144 40672 40672
12551 0 7485 3344 3344 12368 12367
3154 1 27514 3 1 1 1
35950 0 20760 731 731 1844 1839
20760 0 25127 19678 19678 14822 14821
23933 1 23098 2 1 3 1
12685 6 19180 552 546 606 606
12358 2 4168 15 15 1916 1907
7700 2 4168 13 13 3314 3304
35674 0 16517 24691 24691 25595 25595
6813 1 5175 4 1 2 2
7375 1 7374 1 1 2 1
40890 2 23906 24341 24341 40860 40860
21948 4 38918 14992 14992 4792 4792
17500 9 17499 1 1 1 1
6759 1 21078 4 1 2 1
11196 0 24534 581 581 1592 1589
16734 7 13678 28451 28447 19 19
865 1 17946 10 1 1 1
1821 6 39122 106 92 13 13
11630 1 31896 4 1 1 1
7284 1 17756 2 1 1 1
26770 5 6829 1 1 361 355
37565 1 22789 3 1 1 1
11926 1 11925 5 2 2 1
27446 1 22702 3 1 3 1
13999 0 37238 1992 1992 8696 8695
2050 6 30438 14146 14146 4076 4076
21493 0 24309 31104 31104 27757 27757
40891 0 13449 5228 5228 39965 39964
15390 1 38904 9 8 4 4
33146 1 2101 2 1 12 4
17987 3 17986 1 1 1 1
29746 3 17987 1 1 3 1
2692 0 10487 155 155 1334 1331
32902 1 29338 1 1 1 1
14511 6 11512 16194 16187 180 180
6117 1 683 1 1 3 1
25817 0 40019 27050 27050 28974 28974
39730 4 31900 19526 19526 30660 30660
14912 3 19439 4 1 1 1
34332 4 1842 26 22 18 18
29957 5 8285 70 70 7945 7941
8398 4 40398 25750 25750 39946 39946
13141 4 36356 71 59 7 7
24146 1 36079 1 1 1 1
12197 1 24146 4 1 2 1
8973 0 15567 3239 3239 27031 27030
2840 1 18631 1 1 1 1
4993 1 4648 1 1 10 1
15543 4 26788 5121 5121 14537 14537
9926 1 1976 2 1 2 1
40893 0 10088 1737 1737 39174 39169
18632 0 15264 5196 5195 3663 3660
25930 4 9684 5846 5840 4062 4062
39714 5 5407 1 1 346 321
31612 1 9688 1 1 2 1
1782 1 1781 2 1 4 1
34009 6 39128 98 95 13 12
25597 0 4132 19 19 55 45
16378 0 2054 2 2 78 62
12541 0 2054 2 2 510 493
2054 1 17904 4999 4999 792 791
18557 9 18725 1 1 1 1
40453 1 28165 1 1 3 1
7231 0 16733 9226 9226 1331 1331
17867 1 14085 2 1 2 1
36201 4 39259 270 269 243 243
17202 0 12720 98 98 1018 1008
28053 0 4049 1477 1477 5863 5849
25593 0 4049 3518 3518 14692 14677
4049 1 28361 1 1 2 1
22873 1 37187 8 1 1 1
37187 0 3391 7450 7450 29765 29761
30984 1 6485 3 1 3 1
12052 1 6794 2 1 1 1
6371 6 13857 4939 4935 280 279
1675 3 3261 4 1 2 1
32329 0 39076 12324 12324 17860 17860
1788 0 22163 9 9 5 3
8791 1 15310 2 1 2 1
13863 1 15310 5 1 6 1
3838 1 15310 3 1 8 1
36716 0 15310 37089 37089 38904 38904
23303 1 6584 1 1 4 1
9014 0 13840 9458 9458 10960 10956
9501 1 16279 2 1 2 1
9412 1 35482 5 1 1 1
26517 1 352 3 1 13 4
30651 1 30650 2 1 1 1
13606 0 5759 10104 10104 24951 24936
24242 4 40495 13564 13564 2772 2772
3024 1 8489 2 1 7 1
4914 4 5471 10 5 17 17
16649 0 11808 1058 1058 12642 12636
16580 1 16649 2 1 3 1
8882 1 30608 3 1 1 1
24380 6 4034 47 47 245 243
20967 1 38940 16348 16345 2040 2040
38940 1 20967 2040 2040 16348 16345
12345 4 32572 3695 3694 3838 3838
17336 1 6811 1 1 3 1
4393 0 21188 38 38 57 55
16082 0 19592 35628 35628 13813 13812
13599 4 38034 4117 4117 1303 1303
2399 3 852 3 1 1 1
26551 1 17969 2 1 3 1
19862 1 25685 4 1 1 1
33100 0 23835 98 98 4118 4112
38732 1 16818 1 1 2 1
30257 4 39983 99 99 246 246
2097 1 9439 1 1 2 1
8891 1 8890 1 1 4 1
10946 1 16189 337 334 38 37
23311 5 666 2 2 2906 2878
7605 1 16736 2 1 3 2
40896 0 23801 7736 7736 39708 39706
3152 1 34834 2 1 1 1
8027 0 17129 33633 33633 39038 39037
18036 1 23414 2 1 2 1
10896 1 5187 1 1 1 1
29378 0 14065 25782 25782 34661 34659
11268 1 18820 527 526 812 809
10603 3 7644 1 1 1 1
28163 6 33290 2297 2297 741 741
26372 1 2839 3 1 3 1
13731 1 3340 1 1 2 1
30635 1 27499 2 1 2 1
19561 2 12788 8 6 17 15
6316 1 14884 4 2 4 3
14884 1 6316 4 3 4 2
40071 0 542 2758 2758 17019 17005
24433 1 24432 2 1 1 1
8518 8 19686 654 649 17 17
36028 1 13581 1 1 1 1
23015 1 39472 1 1 1 1
29941 0 8121 13 13 110 105
11007 0 39628 11016 11016 6505 6504
38483 1 35975 1 1 1 1
27069 0 17594 5964 5964 5975 5974
31414 0 21528 17 17 282 279
10966 0 6448 172 172 2421 2417
7275 0 36151 9376 9376 19255 19254
10347 0 12311 29 29 97 86
40897 0 15992 1808 1808 40362 40357
29348 1 9181 1 1 5 1
181 4 20452 157 152 43 43
30056 0 13450 7664 7663 14669 14663
13510 0 34706 7316 7316 17063 17061
9041 1 8986 3 1 1 1
33052 1 6521 2 1 4 1
26934 4 36843 258 258 207 207
2778 1 2777 4 1 1 1
28399 9 24687 1 1 1 1
28399 0 7125 51 51 309 307
163 1 9522 5 1 2 1
38964 6 15538 179 177 100 98
36295 6 20656 80 80 106 106
7947 1 3044 2 1 3 1
24577 0 6103 192 192 120 117
39447 2 955 93 92 26549 26536
27080 0 35724 35192 35192 36827 36827
18317 0 16471 518 518 448 445
40899 0 1371 1869 1869 39907 39884
35847 0 1371 220 220 4422 4400
32447 6 14556 3 2 101 100
5046 5 5363 99 99 22422 22407
31855 0 1378 79 79 3816 3754
19994 0 1378 1 1 84 25
25740 0 1378 3 3 165 104
40676 0 1378 4781 4781 40813 40750
20832 0 2453 2828 2828 23343 23290
38637 0 35536 19324 19324 24936 24936
29542 6 38922 22 22 11 11
17578 1 8885 2 1 3 1
40900 0 3668 545 545 36790 36782
38879 4 40465 2237 2237 115 115
23645 1 3271 2 1 2 1
10717 1 23392 2 1 2 1
7129 6 37636 387 367 1 1
7129 6 39342 45 26 6 3
22752 1 11603 4 1 1 1
13171 0 2104 1 1 503 487
3840 4 25993 515 514 15 15
6976 1 6542 1 1 1 1
6504 0 17314 5 5 10 3
1218 1 18913 1 1 1 1
23637 1 22005 1 1 1 1
12259 4 40042 11292 11292 25290 25290
29053 0 31232 6 6 255 251
14841 1 11642 2 1 3 1
12434 1 11406 2 1 2 1
4571 1 19807 1 1 1 1
12516 1 16943 1 1 3 1
9471 1 28564 2 1 1 1
40902 0 30686 4878 4878 39787 39786
215 1 13069 8 3 2 1
28342 4 21955 131 131 224 224
4050 1 5908 1 1 1 1
10960 0 16571 820 820 6781 6780
3343 1 1512 4 1 2 1
15421 1 7039 5 1 2 1
40903 0 23890 12176 12176 39144 39143
18173 1 23932 3 1 3 1
26645 1 11702 1 1 1 1
15117 1 11702 1 1 2 1
7241 1 9423 1 1 1 1
15866 1 20662 2 1 4 1
308 1 23762 4 1 1 1
1602 1 20590 4 1 2 1
7541 1 7540 2 1 2 1
4015 0 32323 9979 9979 11574 11574
36003 2 3957 2 1 8 4
11479 0 4865 1079 1079 21264 21258
1202 0 14475 5154 5154 24016 24013
14612 1 19739 1 1 2 1
7024 0 6752 9 9 1263 1248
32853 0 5203 18451 18451 37412 37410
37253 0 40396 5134 5134 12217 12215
34648 0 16831 68 68 1324 1323
1613 1 3914 3 1 4 1
10826 0 26562 2971 2971 16177 16172
23101 1 12527 1 1 3 1
27830 0 8061 971 970 2813 2811
20864 1 6464 1 1 1 1
5262 6 29332 16750 16748 1539 1539
35821 0 16863 5380 5380 24884 24878
13407 1 4967 2 1 3 1
9713 1 18011 2 1 1 1
31393 4 27927 15922 15922 2908 2908
12347 1 13214 4 1 1 1
22063 1 36525 1 1 1 1
37425 0 4766 10971 10971 29842 29842
27152 4 38832 16202 16201 4980 4980
31830 5 24055 25610 25610 19061 19061
15799 6 17609 12 1 1 1
38974 0 621 10 10 269 268
17241 0 17150 2 2 8 7
2858 4 33960 81 49 1 1
26230 0 10765 484 484 7927 7920
19752 1 19897 5 1 1 1
38731 0 10922 8 8 194 191
30909 6 31031 38124 38124 24281 24281
40907 0 25161 2477 2477 39750 39748
36978 0 692 2 2 109 85
29708 0 692 1 1 32 9
20476 1 6724 14222 14221 14154 14152
40908 0 7921 20565 20565 40538 40538
2443 9 5163 3 2 1 1
12141 1 2443 1 1 1 1
7159 4 32394 60 58 4 4
9995 0 1520 167 167 569 559
3657 1 11758 26 26 960 956
687 6 27283 2532 2511 645 645
8662 0 716 2 2 102 64
7974 1 3145 4 1 3 1
24517 1 9302 1 1 3 1
7449 0 7095 14096 14095 17362 17362
31989 4 40175 6715 6715 2118 2118
40909 0 3338 1072 1072 39740 39732
19172 0 15730 3 2 8 7
15433 6 23550 33104 33101 1603 1603
15869 1 9418 2 1 3 1
27694 3 13419 1 1 2 1
21543 0 14367 565 565 6607 6601
5015 4 5256 130 123 20 20
16016 1 10865 2 1 1 1
2379 0 14652 32641 32641 36783 36783
40910 0 10662 642 642 38692 38684
13388 1 17572 2 1 2 1
38526 0 17405 277 277 17686 17678
9889 0 38560 3606 3606 1161 1160
11600 0 13047 1 1 11 3
40912 0 9931 17291 17291 40511 40511
36575 0 34172 118 118 1063 1060
19960 6 20910 18725 18724 5140 5140
10868 1 6529 3 2 3 1
25398 1 30292 1 1 2 1
13664 1 23487 3 1 2 1
40913 2 1214 1 1 36993 36974
13094 2 1214 3 1 19 1
16437 0 26208 23659 23659 39553 39551
22757 1 22756 1 1 1 1
40260 0 26108 1 1 20 18
32735 0 5654 7 7 20 17
3447 1 9780 6 1 1 1
14404 1 3447 1 1 2 1
7985 1 4209 1 1 2 1
40915 0 10407 22132 22132 40287 40287
6851 1 6468 2 1 5 1
15604 3 4192 7002 7002 5430 5430
9074 0 2243 31 31 514 513
16945 1 27937 1 1 1 1
37937 2 17319 2 1 5 2
17444 1 7040 1 1 1 1
24542 0 21434 13365 13365 19341 19340
19654 0 38248 36590 36590 40814 40814
40916 0 25194 21669 21669 40244 40243
3512 1 1507 4 1 1 1
35515 4 5683 12988 12988 25687 25687
26598 1 13630 1 1 1 1
3815 1 39428 3 1 1 1
4037 0 16708 1 1 6 2
29698 0 8868 22363 22362 27776 27775
15051 1 14230 1 1 4 1
1006 3 17460 2 1 3 1
20944 1 2415 3 1 5 1
9847 3 11802 3041 3033 106 106
19964 4 40677 37838 37835 1889 1889
23100 1 23574 2 1 2 1
21645 1 16026 1 1 3 1
3046 0 140 73 73 3400 3394
1732 6 23260 4 1 1 1
29279 4 22476 19634 19634 21183 21183
21641 0 8412 7195 7195 7587 7586
40283 0 13935 10 10 2382 2379
20075 1 5623 1 1 2 1
32173 0 25942 16848 16848 19072 19069
17114 1 9438 1 1 1 1
33419 4 28271 4136 4134 1288 1288
40917 0 5681 5849 5849 39131 39130
15907 1 15906 2 1 2 1
15906 1 26088 4 1 2 1
14098 4 39569 908 906 111 111
4725 1 3135 2 1 2 1
24645 1 21259 1 1 2 1
22111 1 25386 1 1 1 1
11499 1 5619 2 1 3 1
3068 1 3431 5 1 1 1
7765 1 7764 3 1 2 1
11813 1 30361 7 1 1 1
13330 1 4080 1 1 1 1
40919 0 27595 3757 3757 36512 36511
26579 0 27595 18111 18110 12608 12608
20569 1 7364 2 1 7 1
27835 1 30774 1 1 1 1
2212 6 39573 33073 33073 24100 24100
29644 1 22647 1 1 2 1
28102 1 13943 1 1 2 1
39806 0 4094 27252 27252 38896 38896
11333 0 1873 4819 4819 6842 6833
7708 1 7707 3 2 2 1
20826 6 37122 3187 3186 162 162
35116 1 2058 1 1 6 2
4697 1 3858 3 2 2 1
11455 4 7090 30 26 44 44
40921 0 10175 1943 1943 38248 38242
38431 1 28014 1 1 1 1
12033 1 19844 2 1 3 1
5245 0 33893 34599 34599 15060 15060
34222 0 38513 477 477 2355 2354
8695 1 8694 1 1 2 1
3104 1 3103 1 1 1 1
15438 1 11384 1 1 1 1
31721 1 24228 1 1 1 1
2370 4 3245 87 66 1 1
8754 1 6098 4 1 2 1
8754 1 4244 2 1 2 1
18988 0 27345 40 40 49 48
40923 0 13663 737 737 39354 39333
11049 0 722 1788 1788 7942 7934
38784 0 6570 109 109 4512 4497
16141 4 16183 21 19 40 40
496 1 32512 3 1 1 1
37743 1 14493 1 1 4 1
5090 1 38941 2 1 1 1
34217 1 30032 1 1 2 1
16865 1 8774 1 1 2 1
26008 1 24248 3337 3335 56 56
37763 1 3707 1 1 1 1
22457 6 34682 5 5 9 9
33138 1 11811 1 1 1 1
25767 4 33687 2036 2036 593 593
13958 4 28025 10 3 9 9
656 1 37010 2 1 1 1
10583 1 2117 3 1 6 1
20736 1 17537 3901 3901 11181 11180
10184 0 28333 30 30 1314 1310
38142 0 26564 29181 29181 28779 28779
3096 4 25112 58 50 19 19
15613 0 15381 14 14 82 78
22584 1 12684 1 1 3 1
10350 1 13671 1 1 1 1
7514 1 25165 3 1 2 1
25852 1 20593 1 1 2 1
14893 0 27550 10980 10980 1753 1753
22787 1 22786 1 1 2 1
5300 0 27067 19267 19266 19631 19631
622 0 8078 580 580 2672 2661
24444 8 33475 35708 35708 33260 33260
35002 0 19318 643 643 7508 7506
5466 0 115 43 43 4501 4484
19843 0 2682 2 2 26 25
22395 0 5140 341 341 9788 9784
20504 0 11647 86 86 451 442
11184 4 27448 4663 4654 39 39
33563 0 18375 20696 20696 31319 31319
19846 1 18645 3122 3120 1823 1822
23722 0 20561 21221 21221 31168 31168
36869 1 18872 1 1 5 1
1358 1 1357 3 1 1 1
13443 1 1717 1 1 1 1
9968 1 13305 2 1 5 1
6222 1 29825 2 1 2 1
19156 0 89 3898 3898 26714 26696
28882 9 3696 1 1 2 2
40924 0 22072 8175 8175 40860 40856
30066 1 7387 1 1 3 1
15533 0 7387 4 4 29 23
6506 6 39335 357 350 3 3
29368 0 40057 16531 16531 9897 9897
27225 6 33459 106 99 7 7
34773 0 34386 180 180 475 473
40449 0 1803 18423 18423 40535 40527
21774 6 9252 22874 22874 11860 11860
18483 1 17730 1 1 3 1
18247 1 33545 1 1 1 1
38623 0 5839 2506 2506 17686 17681
4359 1 29197 2 1 1 1
29197 1 13612 2 1 2 1
27198 1 6242 1 1 6 1
27447 1 4053 2 1 1 1
13806 1 28087 1 1 2 1
40925 0 19888 30427 30427 40716 40716
9983 4 21913 3341 3339 83 83
20348 0 11447 2959 2959 7325 7325
38036 0 1666 27 27 5543 5532
32679 0 34089 27794 27794 22033 22033
35965 4 17251 14 14 28 28
18481 6 27900 5543 5543 3075 3075
37628 1 32564 1 1 2 1
4466 1 21189 2 1 4 1
640 1 7220 2 1 1 1
24070 0 18975 14962 14962 27622 27620
2758 1 22165 1 1 2 1
4556 1 9927 2 1 4 1
40353 0 10745 6130 6130 33025 33020
19632 1 35311 1 1 1 1
39784 1 31199 1 1 1 1
4594 0 5891 337 337 7851 7847
4491 0 19288 1782 1782 349 347
30729 4 33668 20687 20687 17517 17517
34985 0 3925 826 826 4322 4318
28487 1 7168 1 1 5 1
26416 1 36198 2 1 1 1
34811 0 1272 103 103 1516 1499
3263 1 2390 2 1 3 1
11689 0 15537 5478 5478 12206 12203
28752 0 4416 162 162 246 245
27422 0 8663 4460 4460 21661 21659
5643 1 3754 2 1 2 1
11366 1 26527 4 1 3 1
24792 1 893 1 1 2 1
6657 1 21399 2 1 1 1
18566 1 6657 1 1 1 1
39413 0 5325 2517 2517 11952 11926
11969 1 26616 1 1 4 3
36488 1 6245 1 1 1 1
11151 1 17991 2 1 3 1
3136 1 16161 2 1 2 1
30980 0 3884 2073 2072 979 974
30250 1 32816 3 1 1 1
4638 1 29948 1 1 1 1
27855 0 9636 13149 13149 20204 20204
22777 1 35880 1 1 1 1
3901 1 1387 2 1 1 1
22243 0 13777 4 4 12 3
5542 1 30223 5 1 2 1
38033 0 20954 24980 24980 5814 5814
29753 0 15565 593 593 5836 5828
29266 4 13537 16900 16900 8905 8905
1937 6 25054 10629 10626 702 702
21124 0 14843 21353 21353 24575 24572
40927 0 290 634 634 36687 36642
31744 4 8674 18 17 50 50
40127 0 2558 2942 2941 22941 22926
2529 4 12558 12 5 8 8
7694 1 33571 3 1 1 1
22610 0 27194 520 519 2019 2014
30249 0 6066 20335 20335 29702 29701
658 0 13432 3 3 79 73
40928 0 9369 79 79 31905 31904
38434 0 9010 2965 2965 18676 18675
30241 6 28445 10 7 6 6
35998 1 12005 1 1 2 1
37809 2 18294 2011 2010 16772 16770
11424 1 34792 7 1 1 1
35840 0 11072 16355 16355 29016 29011
28978 1 22902 1 1 1 1
11576 6 38596 2010 2008 71 71
1930 4 36216 334 327 11 11
7939 1 10211 4 1 2 1
28794 4 27413 20056 20056 4182 4182
5741 0 1817 4732 4732 9850 9850
5741 6 31343 405 402 13 13
19214 6 3845 622 618 1393 1392
23468 1 1116 3 1 2 1
19251 1 13436 2 1 5 1
30832 0 17008 11897 11896 6777 6777
10086 1 10085 1 1 1 1
20123 1 21785 1 1 2 1
29801 1 16682 1 1 4 1
2714 6 17927 55 11 8 4
3544 6 29062 99 88 2 1
16737 0 2582 3020 3020 2484 2480
37791 0 27732 3759 3759 17309 17304
17526 4 11245 2849 2847 3026 3026
1533 0 604 53 53 1565 1554
39727 1 9142 1 1 7 1
13018 3 4849 3 1 2 1
32445 0 36854 1566 1566 5962 5960
30065 6 21979 1714 1714 4097 4094
1742 6 21979 15680 15680 23741 23737
23039 1 22926 2 1 1 1
32339 1 27741 1 1 2 1
17262 4 33581 102 101 69 69
26419 1 3896 1 1 1 1
2404 6 17683 6390 6388 1592 1592
33189 0 14812 941 941 11257 11253
26452 9 7754 999 999 12351 12350
19015 1 28438 4 1 4 1
12913 1 9397 1 1 3 1
40931 0 27727 17982 17982 40697 40696
1419 1 22014 3 1 1 1
22075 4 35020 569 568 15 15
14470 4 37913 127 126 589 589
28719 0 7960 19941 19941 3311 3311
8597 1 843 1 1 2 1
14278 0 7240 1776 1776 28338 28321
2970 0 8651 2733 2733 25388 25387
17407 6 4098 17863 17862 716 716
15599 5 6014 92 92 11601 11598
23298 0 37796 5 5 70 68
23743 4 1839 550 546 278 278
9242 1 9241 1 1 3 1
40932 0 8840 546 546 35834 35826
20097 1 39891 5 2 1 1
28366 1 34247 2 1 1 1
23644 0 37462 1903 1903 21343 21343
9572 9 9571 1 1 1 1
30724 1 28310 1 1 1 1
18933 4 6687 4 2 36 36
17759 0 2861 21 21 13 5
40933 0 15371 1616 1616 38066 38062
38707 1 6267 1 1 2 1
4208 1 4207 2 1 2 1
15219 1 38553 2 1 1 1
23158 4 15716 3036 3036 3670 3670
21950 1 27256 3 2 1 1
34499 0 3934 3733 3733 20343 20340
35578 1 3227 1 1 1 1
7908 1 6243 22 15 6 5
1914 6 14604 2391 2367 50 50
38010 0 30717 16954 16954 14616 14615
40934 0 22330 18016 18016 40563 40563
36509 0 1481 19113 19113 33186 33185
17630 1 5576 1 1 2 1
16260 4 1174 13 7 30 30
8162 2 27707 38877 38877 24348 24348
28523 9 16965 1 1 1 1
40935 0 16658 3968 3968 39580 39577
25614 0 86 2 2 162 159
18620 3 6300 2 1 2 1
10303 0 1380 23 23 44 29
37033 0 20187 9318 9318 32133 32132
26386 0 18443 4714 4714 7414 7414
38926 0 5480 25651 25651 38113 38112
29831 0 12577 2 1 18 11
15782 0 21097 24998 24998 21237 21234
22438 1 8094 1 1 3 1
40936 2 3999 56 56 40637 40596
1838 0 11464 33795 33795 33127 33125
14405 6 31106 7111 7108 254 254
38576 6 23883 9628 9628 3076 3076
17088 4 35425 2993 2993 2302 2302
849 10 13402 1 1 1 1
31905 1 5241 2 1 3 1
5409 0 9991 109 109 37 35
7245 0 31986 8156 8156 9360 9359
34983 1 16742 1 1 3 1
10762 1 12714 3 1 1 1
10953 0 273 175 175 192 177
26769 0 1194 2 2 72 70
12790 6 38666 41 40 2 1
20833 0 14547 32590 32590 37218 37218
31477 0 20633 1 1 7 5
25922 1 17748 3 1 2 1
35874 0 3549 7 7 257 242
24436 1 2798 1 1 2 1
25966 1 11230 1 1 3 1
16275 1 18980 3 1 5 1
7862 4 17841 25421 25418 16555 16555
12959 0 12265 10884 10884 17468 17468
40938 0 25310 8818 8818 40664 40662
35627 0 3269 2932 2932 8706 8703
18098 1 22245 6 1 1 1
35614 0 5846 1 1 64 34
29207 1 24456 2 1 4 1
1048 1 24443 2 1 2 1
22767 5 6095 1 1 166 163
12231 0 16476 2 2 16 10
19496 1 30112 1 1 4 1
40940 0 7382 2065 2065 39846 39843
8838 1 20614 4 1 1 1
30101 1 30632 3 1 3 1
9830 1 34527 1 1 1 1
40941 0 13946 4162 4162 39891 39889
28643 0 11339 194 194 477 473
13847 1 14386 2 1 2 1
27260 1 35256 2 1 2 1
35120 4 33416 24 22 6 6
6728 1 6727 2 1 3 1
