1678 7 40551 883 644 1 1
1678 7 18056 244 14 1 1
1678 7 30089 2342 2102 1 1
1678 7 36781 240 11 1 1
1678 7 18000 269 37 1 1
1678 7 9202 283 49 1 1
1678 7 26036 3012 2771 2 2
1678 7 35669 245 14 1 1
1678 7 40887 38658 38415 4 4
1678 7 38204 29394 29152 6 6
17935 9 35175 1 1 1 1
785 8 10116 34626 34159 108 108
785 8 37575 3479 3037 1 1
785 8 21817 12542 12091 8 8
785 8 18729 4817 4374 28 26
785 8 12268 8753 8306 4 4
785 8 29200 7551 7105 2 2
785 8 23537 5566 5122 3 3
785 8 6770 18949 18492 6 6
785 8 1493 30698 30233 4257 4257
785 8 28822 8785 8337 4 4
785 8 15703 12087 11637 7 7
785 8 8245 35729 35260 196 196
785 8 36761 38993 38521 33 33
785 8 155 19827 19369 26 26
785 8 39420 33427 32961 65 65
785 8 38749 17476 17021 33 33
785 7 11761 11917 11903 48 48
16176 4 33688 27738 27736 3972 3972
18671 0 11241 5273 5273 28854 28839
19621 0 11241 1 1 27 13
15582 0 4030 1434 1434 23272 23244
25033 0 4030 34 34 2451 2424
31351 0 4030 29184 29184 40644 40615
19165 0 2969 324 324 250 241
21012 1 19165 1 1 1 1
16748 6 29001 4 3 14 12
31740 0 1183 1 1 203 160
26184 1 32091 19201 19198 4461 4461
32091 1 26184 4461 4461 19201 19198
4194 1 6975 1 1 1 1
6975 1 3569 2 1 6 1
15602 0 4367 2124 2124 11583 11554
6546 0 4367 2 2 248 221
24512 1 24859 1 1 1 1
33182 0 5053 9894 9894 8619 8616
5945 6 10270 18457 18454 12981 12980
5109 0 22368 8241 8241 4721 4716
20774 0 8060 23033 23033 33934 33934
12274 1 9268 1 1 2 1
12842 1 15886 4 1 2 1
13394 1 3789 2 1 1 1
13394 0 3459 11 11 167 160
38200 3 8055 1 1 1 1
36698 0 586 9049 9049 21732 21652
13143 0 586 1 1 694 617
7684 1 586 1 1 3 1
586 3 772 16 6 2 1
586 3 3510 134 123 1 1
586 1 11276 8 1 3 1
38212 2 121 8 8 2577 2080
34053 2 121 7 7 2490 1994
21130 2 121 1 1 1219 732
22680 2 121 3 2 735 255
33440 2 121 4 4 2173 1678
37929 2 121 7 7 2774 2276
25514 2 121 3 3 1492 1002
31531 2 121 5 5 4694 4193
15287 2 121 61 61 13030 12523
30007 2 121 2 1 494 18
33594 2 121 2 2 928 445
31050 2 121 47 47 10568 10062
10443 2 121 2 1 453 4
13776 2 121 2 1 469 8
28371 2 121 3 3 1773 1281
25046 2 121 5 5 1370 881
29285 2 121 4 4 1152 666
29029 2 121 3 3 2062 1568
39017 2 121 1 1 747 266
36587 2 121 55 55 15590 15082
29042 2 121 43 43 10565 10060
20341 2 121 8 8 3759 3259
33915 2 121 4 4 1802 1309
14588 2 121 3 2 768 286
121 6 39924 973 969 6 6
40757 0 1311 10779 10779 38270 38252
40804 0 1311 667 667 31184 31167
1311 0 896 195 195 46 41
18270 1 18269 2 1 1 1
13049 0 4990 140 140 818 799
36351 0 4990 940 940 2725 2705
29179 1 10971 1 1 1 1
23886 0 6769 14929 14929 25175 25174
30612 0 4411 35098 35098 39647 39646
14866 0 3633 8877 8877 17901 17896
35748 0 11399 21786 21786 32249 32242
31413 0 15186 1 1 5 3
20145 0 11015 3 3 4 3
40728 5 914 5 5 26936 26643
28450 5 914 20 20 16391 16100
7848 5 914 1 1 327 49
35945 5 914 1 1 606 325
25546 5 914 1 1 3293 3007
38155 5 914 1 1 1417 1132
36490 5 914 9 9 12619 12329
31958 5 914 1 1 289 12
16022 5 914 212 211 26254 25962
1595 5 914 1 1 1356 1072
5734 1 377 3 1 2 1
22785 0 5734 11307 11307 12890 12889
1255 6 24915 263 263 106 106
14244 1 11981 1 1 4 1
19390 0 4369 471 471 616 597
15364 0 4369 2504 2504 4726 4706
6533 0 4369 7181 7181 34466 34443
20079 0 4369 3494 3494 31103 31081
3634 1 4369 3 1 1 1
10990 1 4301 5 1 2 1
16398 1 2783 2 1 7 1
2783 1 1316 6 1 2 1
31737 0 16660 2 1 16 3
40758 0 6286 7855 7855 37186 37174
36771 0 6286 478 478 3101 3090
23301 0 6286 84 84 892 882
6286 1 7865 1 1 2 1
40759 0 45 1427 1427 37039 37036
45 1 44 4 1 1 1
30663 4 40225 314 313 36 36
14235 0 20549 6 6 13 8
20549 1 8731 2 1 5 1
15727 0 20842 15070 15070 31023 31022
28017 0 10090 15164 15164 31349 31335
40795 0 10090 1277 1277 38338 38323
32851 1 11382 3 3 54 53
21858 0 14369 76 76 1057 1053
34003 0 20650 9350 9350 34887 34886
5656 1 624 2 1 4 1
624 1 34337 1 1 1 1
32035 1 33317 1 1 1 1
6074 0 11052 28885 28885 32781 32781
6074 1 6073 2 1 1 1
31355 4 35983 221 218 27 27
10203 0 23680 13861 13861 8910 8910
34114 4 1598 22078 22077 2796 2796
15430 4 617 17 2 4 2
617 6 23164 3406 3391 40 40
40760 0 3796 2740 2740 38487 38475
40898 0 3796 2307 2307 37899 37888
27089 0 25460 1 1 19 11
38920 0 20791 4010 4010 8137 8137
26740 0 15987 47 47 203 198
26740 5 4475 1 1 110 91
33592 0 3640 3 3 755 686
21749 0 16741 1 1 5 1
40287 6 21134 4368 4368 2599 2599
14022 1 6297 2 1 1 1
14504 1 14022 1 1 5 1
40761 0 448 1572 1572 36500 36475
23685 1 146 2 1 2 1
24780 0 39997 19400 19400 13065 13065
40762 0 1763 2438 2438 38842 38837
6572 1 6944 4 1 3 1
6944 0 1701 38213 38213 37381 37374
4031 1 9327 9 1 4 1
37067 1 10473 1 1 2 1
23647 0 1338 105 104 3837 3810
23277 0 13709 35046 35046 36647 36627
3947 0 12235 3486 3486 4732 4723
12250 1 12717 1 1 1 1
271 6 40026 3694 3667 63 63
14931 1 36099 4 2 11 10
36099 1 14931 11 10 4 2
36099 1 27949 1 1 1 1
14576 5 2971 28 28 9743 9680
13484 5 2971 1 1 67 5
7443 1 25067 4 1 1 1
16880 0 18633 385 385 3964 3958
16881 1 16880 2 1 1 1
17282 0 228 213 213 1974 1901
33871 0 228 2858 2858 22485 22409
40763 0 987 7320 7320 39518 39513
20046 0 4696 6385 6385 11497 11490
8415 2 7033 3 1 8 3
15870 1 18392 2 1 2 1
25017 9 18392 1 1 1 1
3787 1 8742 2 1 5 1
23980 0 3787 4834 4834 16024 16007
8742 1 19068 4 1 5 1
11482 1 10803 1 1 1 1
2901 0 30222 21079 21079 26185 26185
10757 0 3459 2 2 257 249
26302 0 3459 856 856 7220 7211
10581 4 27666 17999 17999 16964 16964
11449 2 6220 22 21 1833 1826
258 6 35861 27674 27670 3400 3400
25183 3 11235 3908 3908 37976 37975
15107 1 15106 1 1 1 1
20809 4 32820 252 234 75 75
20809 4 32206 9594 9575 728 728
4981 1 17073 1 1 1 1
16542 0 4523 681 680 3012 3010
40894 0 16542 8755 8755 38010 38008
10161 1 10160 2 1 2 1
10160 0 15134 11198 11198 17427 17420
26185 1 15249 1 1 1 1
1771 1 1770 6 1 1 1
1771 1 9610 7 1 4 1
1771 1 36226 5 1 1 1
24128 0 8842 1336 1336 3336 3333
26157 1 31405 2 1 2 1
31405 1 31404 1 1 1 1
6096 1 29574 3 1 1 1
31306 6 34770 24965 24965 12894 12894
65 9 439 1 1 1 1
9078 1 23938 2 1 2 1
10215 0 5164 2605 2604 20261 20251
1559 8 14508 91 73 2 1
1559 8 25902 16511 16492 5 5
23501 0 1668 462 462 12121 12049
20112 1 27611 1 1 1 1
29717 0 30926 7894 7894 5147 5146
40020 0 17095 9226 9226 14616 14615
23138 0 1929 7 7 479 249
38723 0 1929 1 1 259 35
27757 0 1929 1 1 282 56
35086 0 1929 1 1 249 26
20750 0 1929 1 1 236 15
38906 0 1929 1 1 223 10
18333 0 1929 2 2 477 248
15970 1 3369 1 1 2 1
8306 2 25327 2 1 19 12
25327 5 3250 49 49 2878 2866
32633 1 5596 2 1 5 1
30166 0 5644 15 15 378 360
3771 0 5644 3 3 20 3
36968 0 18425 5433 5433 24231 24228
4765 1 4764 2 1 4 1
17970 0 4765 2174 2174 5098 5093
13604 2 251 8 8 4411 4402
37309 0 30216 34511 34511 25204 25204
38488 0 19873 5266 5266 25907 25906
21703 2 1136 3 2 369 299
37709 2 1136 3 2 158 90
29422 2 1136 3 2 97 30
34900 2 1136 3 2 219 150
4319 2 1136 9 9 6252 6180
35289 1 33808 1 1 2 1
7560 1 5488 2 1 5 1
40937 0 5488 4098 4098 37745 37742
13163 0 5488 1727 1727 3098 3096
3087 1 18847 2 1 1 1
27819 0 3087 8542 8542 19259 19244
29206 1 25712 2 1 1 1
4485 0 608 3185 3185 4861 4496
4485 1 4213 4 1 7 2
2562 0 608 983 983 15861 15483
40838 0 608 95 95 34234 33848
14223 0 608 6884 6884 16153 15774
9757 0 608 12347 12347 23287 22906
21406 0 608 3143 3143 15201 14825
20006 0 608 16297 16297 40383 39982
1328 0 608 34785 34785 37350 36959
30256 0 608 2498 2498 10550 10179
28595 0 608 608 608 15700 15323
40884 0 608 121 121 36477 36089
33590 0 608 1 1 430 67
40777 0 608 957 957 38708 38314
39245 0 608 5630 5630 32155 31770
40785 0 608 208 208 37299 36909
40793 0 608 1528 1528 39307 38911
40814 0 608 1235 1235 39692 39294
7793 0 608 12335 12335 27424 27042
37242 0 608 590 590 14128 13753
40830 0 608 1693 1693 39783 39384
40764 0 29777 8735 8735 36447 36445
13128 0 959 638 638 3150 3121
35052 0 959 488 488 7188 7158
14092 1 7130 2 1 3 1
40765 0 18 2506 2506 37963 37963
37609 0 25129 5783 5783 26109 26104
3268 1 10028 2 1 3 1
40766 0 35564 19139 19139 40126 40125
15729 1 12999 9 6 4 2
12999 1 15729 4 2 9 6
35258 4 25396 7085 7085 970 970
38187 1 29741 1 1 1 1
38187 0 2275 519 519 4137 4104
40767 0 15247 856 856 32593 32590
27131 1 17012 1 1 1 1
15936 0 23068 2 2 8 6
7803 1 13968 3 1 8 6
13968 1 7803 8 6 3 1
40572 0 32910 4531 4531 37501 37498
39830 0 32910 1 1 10 8
14004 0 25065 9 9 10 7
25065 0 4789 572 572 406 404
32733 0 248 25942 25942 39364 39354
10121 0 248 29923 29923 26925 26916
30194 0 7722 8538 8538 14923 14911
23606 0 4877 9 9 350 339
32247 0 4877 9 9 113 103
30622 0 2318 1 1 134 14
26982 0 2318 3 3 282 161
9320 0 2318 3 3 5321 5193
26224 0 2318 14 14 6361 6232
18713 0 2318 8 8 2691 2566
38875 0 2318 6 6 3193 3066
3443 1 12083 2 1 2 1
13887 0 3443 5237 5237 6939 6927
18271 0 3443 214 214 2641 2630
4423 0 24850 1937 1937 2470 2469
1038 4 13190 230 60 1 1
1038 4 40447 215 47 2 2
1038 4 33781 295 122 2 2
1038 4 31677 176 16 1 1
1038 4 7455 218 49 3 3
23751 4 8080 46 42 71 71
8080 4 23312 47 44 40 40
25625 5 2176 9 9 14158 14054
24036 5 2176 2 2 1614 1513
18415 5 2176 44 44 24946 24839
29637 0 28168 17348 17347 25973 25968
17924 0 7315 19915 19915 31182 31177
13300 0 11301 38044 38044 38830 38818
13300 6 14769 12659 12656 7036 7035
25115 0 11301 613 613 5817 5808
20438 0 11301 3668 3668 7825 7815
37862 0 11301 4137 4137 13788 13777
34851 4 31118 56 55 6 6
40242 0 24346 39537 39537 39798 39795
26644 1 4985 1 1 2 1
26644 1 16054 2 1 2 1
8110 0 12168 64 64 2367 2331
36165 0 12168 173 173 3351 3314
22455 6 27199 28930 28930 22186 22186
7288 1 36878 1 1 1 1
19322 5 7288 165 165 24639 24624
40768 0 1784 2737 2737 39720 39673
15769 0 1784 38112 38112 40909 40861
40438 0 1784 13745 13745 39172 39126
40839 0 1784 3 3 28898 28853
27441 0 25270 13871 13871 8697 8696
25270 0 6354 148 148 1383 1380
12380 1 20717 2 1 2 1
3729 0 20717 4 4 11 2
176 1 25906 755 754 4015 4012
25906 1 176 4015 4012 755 754
40769 0 10981 19362 19362 39501 39500
24894 0 7247 2351 2351 10585 10576
27000 0 7247 187 187 17682 17672
17047 0 13439 11285 11285 11987 11987
40770 0 3005 27 27 28282 28268
12076 1 3005 2 1 1 1
12740 4 40747 39923 39923 6857 6857
16545 1 14634 1 1 2 1
4313 1 3457 1 1 1 1
1482 0 13752 445 445 94 94
1482 1 35255 5 1 2 1
11251 1 13752 2 1 2 1
28721 1 22741 1 1 1 1
28721 0 15897 5 5 18 16
3761 0 8987 37382 37382 35683 35683
8987 3 23784 13332 13332 38390 38390
7280 1 26118 2 1 2 1
28912 1 26118 1 1 1 1
38386 0 1904 1 1 15 13
6607 1 11157 2 1 2 1
637 6 31616 3014 2970 39 39
637 6 39715 776 736 13 13
637 6 14054 78 39 1 1
637 6 39536 2129 2088 8 8
637 6 23571 2772 2729 88 88
637 6 40404 4535 4490 136 136
637 6 29851 2137 2095 38 38
5767 4 21704 1209 1191 3 3
3432 4 7926 18141 18139 3440 3440
3509 0 3407 2452 2452 17582 17578
13238 0 3407 2168 2168 10283 10280
26647 1 3407 1 1 6 1
24287 1 17938 2 1 4 2
36533 9 24287 1 1 2 1
17939 1 17938 1 1 1 1
9673 1 8487 5567 5564 2308 2305
7998 1 9673 4 1 3 1
8487 1 7998 2 1 3 1
3814 1 3548 1 1 1 1
23744 0 296 318 318 13931 13779
21505 0 296 44 44 4634 4485
7397 0 296 1 1 63 2
10506 0 296 1 1 166 25
38028 0 296 1 1 234 89
12013 0 296 1 1 323 177
15119 0 296 53 53 1984 1837
36945 0 296 71 71 3962 3814
36798 0 51 3 3 635 443
38369 0 51 23 23 4672 4476
40705 0 51 628 628 38457 38256
20387 0 51 23 23 4015 3820
40810 0 51 2006 2006 39742 39539
27837 0 51 18 18 725 532
5886 0 51 116 116 11672 11475
20051 1 20050 1 1 3 1
20861 1 5558 2 1 3 1
26868 0 6233 70 70 158 149
26868 1 5872 3 1 3 1
37434 0 917 33697 33697 40392 40389
25228 0 917 32397 32396 37969 37967
20402 0 16155 15720 15720 19680 19679
30004 0 2482 32 32 649 640
18986 0 2482 422 422 1388 1378
39024 0 29467 13354 13353 12845 12844
38724 0 29467 9467 9467 18805 18803
36561 5 129 1 1 3991 3947
1583 0 129 15 15 474 465
406 1 1287 2 1 6 1
23997 1 406 1 1 3 1
18173 1 1287 1 1 4 1
40882 0 1287 643 643 36620 36580
332 0 1287 1 1 382 344
18612 4 33576 68 47 2 2
18612 4 19325 22 8 2 2
12266 4 18612 8 2 13 13
5940 0 532 1 1 77 2
1521 0 532 1 1 75 2
40279 0 532 1 1 35 2
30426 0 532 1 1 79 2
15231 0 532 1 1 83 5
40771 0 10613 3332 3332 37899 37888
29184 1 22723 2 1 2 1
29184 1 30903 3 1 1 1
6386 0 26454 5 5 9 5
3277 1 37105 1 1 2 1
31630 0 33081 13330 13330 9749 9748
33081 0 3606 15256 15256 34968 34955
1354 1 1353 2 1 6 1
4940 6 40772 38933 38931 599 599
4385 0 4940 10 10 657 647
29446 0 4940 969 969 1160 1149
24366 1 7539 1 1 1 1
9683 6 40773 39333 39332 1088 1088
40773 0 2732 1146 1146 35663 35660
33864 0 13576 3864 3864 4118 4113
28351 1 685 1 1 1 1
35900 3 685 1 1 4 1
8053 1 32295 2 1 2 1
35212 0 8053 14 14 947 945
8643 0 1819 2160 2159 2840 2834
7117 1 8643 3 1 2 1
24594 5 1819 1 1 1771 1730
3210 5 1819 1 1 589 549
27467 0 31416 13631 13631 24658 24656
464 1 3675 1 1 7 1
3675 1 12232 1 1 1 1
3675 1 19310 5 1 2 1
4006 1 7203 3 1 2 1
1307 1 11050 2 1 1 1
10097 6 15251 56 56 580 580
21168 1 10097 1 1 2 1
23083 0 26718 1191 1191 1283 1283
21673 0 26120 1743 1743 3293 3292
26120 0 6426 2 2 9 1
24650 0 27939 18034 18034 13335 13331
38457 1 9568 1 1 2 1
27178 0 2497 1861 1861 3833 3739
31174 0 2497 8019 8019 17370 17270
19058 0 2497 1 1 725 632
23035 0 2497 4053 4053 15220 15121
5147 0 2497 68 68 6208 6113
5305 1 1 2 1 2 1
29442 1 5305 3 1 4 1
12784 4 1630 30 25 8 8
12784 4 5463 180 174 121 121
25315 1 20655 2 1 2 1
8198 0 20655 20790 20790 25435 25431
20655 1 5129 1 1 2 1
931 0 2275 26584 26584 28645 28611
11433 0 2275 988 988 989 957
14758 0 9787 6131 6131 16096 16077
36898 0 1686 833 833 13839 13831
40774 0 16369 1377 1377 31734 31729
17226 1 10110 1 1 2 1
27870 2 2023 17 17 2314 2263
18478 2 2023 5 5 3227 3175
11490 2 2023 13 13 1695 1645
20278 2 2023 16 16 4910 4857
16554 1 29212 2 1 1 1
29212 0 34093 36882 36882 13102 13102
36825 0 20796 1 1 210 205
5335 5 9988 211 211 32698 32696
29725 5 9988 135 135 38330 38327
1864 4 39744 241 160 5 5
1864 4 12986 65 3 11 11
1864 4 9221 166 87 11 11
1864 0 1703 2 2 35 4
12378 1 3604 2 1 4 1
9895 1 13428 3 1 1 1
15667 1 15666 1 1 3 1
2507 3 4435 29901 29900 4154 4154
6789 9 2507 1 1 2 1
16918 1 2507 5 1 10 1
20071 4 20803 175 170 35 35
20849 1 14778 1 1 1 1
13053 1 24622 1 1 3 1
40284 1 24622 1 1 5 1
19366 0 20234 17757 17757 13493 13491
26315 0 19366 4178 4178 25111 25104
35882 2 2524 328 327 20766 20722
33234 2 2524 2 1 51 10
40939 2 2524 128 128 40100 40055
8199 0 15331 2 2 35 33
19502 1 12706 1 1 1 1
11732 1 7659 2 1 6 1
29649 0 11732 15652 15652 36760 36752
7659 1 7279 1 1 1 1
12815 4 27688 98 76 5 5
12815 4 20570 240 217 5 5
26871 0 2084 33688 33688 38242 38242
4955 6 15531 28 27 50 47
8178 1 11153 1 1 1 1
2181 6 20785 3566 3549 128 128
2181 6 11583 5681 5663 195 195
23792 0 30977 5786 5786 28198 28193
4102 4 38587 238 228 14 14
40775 0 35896 5247 5247 38562 38561
6696 1 21296 1 1 3 1
21295 1 6696 1 1 2 1
8023 1 21296 1 1 2 1
3303 0 10707 886 886 17395 17369
17408 0 4099 22087 22087 24024 24023
23226 0 34449 4002 4002 3579 3578
4136 1 4135 4 1 1 1
39465 0 16668 4314 4314 27801 27797
16257 0 23562 13110 13110 32684 32679
4227 6 32367 206 203 81 81
40607 0 4227 346 346 26248 26245
16679 1 16678 1 1 2 1
1122 9 23212 1 1 1 1
23212 0 2918 261 261 2313 2237
7532 1 7531 3 1 2 1
29273 1 14570 1 1 2 1
5949 0 3779 4932 4932 10251 10197
8913 0 3779 29495 29495 29070 29015
23795 2 2580 1 1 45 8
9939 2 2580 1 1 111 70
20115 2 2580 1 1 40 5
36622 2 2580 1 1 51 12
15250 5 2644 82 82 24917 24901
4951 1 5069 1 1 4 1
7948 1 8993 2 1 1 1
3755 1 18943 2 1 1 1
18943 1 30961 2 1 2 1
17857 1 11523 1 1 1 1
6924 4 37669 193 179 6 6
6924 4 25551 572 557 232 232
30696 4 40310 19026 19026 1900 1900
5259 0 9217 12870 12870 14081 14073
28032 0 5259 262 262 2223 2215
20159 4 23395 9149 9147 750 750
17347 4 20159 109 105 124 124
3882 4 10151 1809 1809 1160 1160
8811 0 2340 502 502 324 322
32387 0 8811 13560 13560 31911 31908
35192 0 2340 4256 4256 2181 2178
19066 6 13595 39410 39404 9770 9770
2887 0 2938 2 2 5 2
2887 1 7436 3 1 1 1
15497 1 2938 1 1 1 1
25015 4 28828 28382 28382 11797 11797
21810 4 25015 81 72 6 6
3850 0 160 153 153 10811 10770
15553 0 160 184 184 1201 1163
17933 0 160 205 205 9979 9939
30234 0 2731 1 1 226 199
46 0 14274 27124 27124 27529 27523
14834 1 16497 3 1 4 1
14834 1 8390 1 1 3 1
14834 1 5110 4 1 14 5
40922 0 14834 6336 6336 38640 38635
11673 1 5110 2 1 6 1
29358 0 2687 1 1 35 2
8288 0 2687 1 1 36 2
33791 0 2687 1 1 37 2
33543 0 40596 39002 39001 21319 21319
172 4 7119 23400 23399 5659 5659
35331 5 172 3 3 4324 3978
28580 5 172 39 39 17155 16802
18603 5 172 7 7 9998 9650
36972 5 172 3 3 907 566
78 5 172 2 2 3332 2988
33614 5 172 66 66 15706 15354
35822 5 172 7 7 5970 5623
39121 5 172 1 1 1155 813
22074 5 172 112 112 32087 31727
20314 5 172 150 150 32767 32406
1118 5 172 16 16 12973 12623
21326 1 23555 5 1 4 1
2173 6 38083 19 8 2 1
2173 6 18659 155 143 11 11
33947 4 39713 2809 2809 1964 1964
18377 3 4166 1 1 2 1
34858 0 18783 7073 7073 14219 14218
3968 1 5813 2 1 4 1
11261 1 5813 1 1 5 1
5813 1 31835 12 5 2 1
36714 0 38851 26307 26306 17945 17945
30857 0 30511 22468 22468 34008 34007
1365 1 15439 2 1 3 1
39987 0 81 1 1 78 31
36104 0 81 1 1 49 3
5785 0 26217 2461 2461 2969 2966
19380 0 26217 1612 1612 5484 5480
6787 1 26217 2 1 2 1
16634 0 9747 2200 2200 14080 14064
36078 1 7833 1 1 1 1
32975 0 9558 16734 16734 23518 23518
32975 1 32002 1 1 1 1
22353 1 15922 3 1 1 1
1604 1 6991 2 1 3 1
2547 1 14925 1 1 1 1
14212 0 14737 8 8 1049 1037
4130 0 3621 11 11 125 118
24323 0 3621 838 838 19114 19106
3621 0 9758 4166 4166 3323 3303
10319 4 33522 102 86 1 1
27683 1 39142 1 1 1 1
16503 1 110 1 1 3 1
40776 0 5310 8459 8459 38740 38730
25496 0 5310 2 1 13 4
1913 6 25274 2871 2866 253 252
33711 5 19257 2 1 14 7
32197 1 22383 1 1 1 1
23062 1 12031 1 1 2 1
26578 0 239 130 130 7700 7447
19936 0 239 13065 13065 38754 38488
40929 0 239 378 378 38782 38515
24226 0 239 3590 3590 19899 19641
20767 0 239 4 4 1078 830
19429 0 239 1142 1142 18169 17912
32842 0 239 270 270 25310 25051
34670 0 239 4162 4162 33620 33357
23758 0 239 3190 3190 33046 32784
13023 0 239 113 113 808 561
16182 0 239 60 60 3032 2782
17401 0 239 369 369 12232 11976
34239 0 239 91 91 680 435
2069 1 15760 9 1 2 1
22182 1 3014 3 1 2 1
31096 1 15639 2 1 2 1
15639 1 29383 4 1 2 1
15639 1 207 5 1 3 1
13398 0 71 30706 30706 40888 40825
2736 4 13398 39212 39163 40882 40882
13398 4 7720 5833 5826 44 44
20939 0 2215 3 3 126 121
7946 1 1765 2 1 2 1
1947 0 1249 22609 22609 28991 28946
22728 1 16506 1 1 3 1
34810 9 22728 1 1 1 1
3254 0 2886 18 18 2495 2487
18890 4 37812 12562 12559 346 346
18890 4 28071 767 765 44 44
24803 4 28831 36 35 20 20
12939 1 23279 2 1 1 1
13702 1 12070 3 1 1 1
27600 0 7589 2872 2872 25984 25975
24117 1 1225 1 1 1 1
1110 0 20337 13753 13753 8329 8324
40926 0 20337 2493 2493 37945 37939
354 4 36395 4451 4448 5 5
24159 0 12803 3079 3079 7117 7117
26948 2 3620 5 5 4762 4737
37272 0 7800 14082 14082 32625 32614
23037 4 3762 19535 19533 1801 1801
33783 2 1326 9 9 3101 2965
22501 2 1326 1 1 155 22
31495 2 1326 60 60 18843 18705
19086 2 1326 8 8 1217 1083
38740 2 1326 4 4 3090 2955
38719 2 1326 11 11 5195 5058
36238 0 1326 25102 25102 23323 23309
18160 0 1200 43 43 725 725
23552 1 10327 3 1 3 1
40037 0 19153 6159 6159 30703 30701
33552 0 40037 16189 16188 5389 5389
7751 0 3712 233 233 216 209
7196 0 3712 7746 7746 12442 12434
28826 1 3712 3 1 7 1
26351 6 25426 7727 7727 11010 11010
17946 0 26351 4863 4863 3884 3880
10124 0 25426 36676 36676 38790 38786
6974 6 17672 12899 12898 1589 1589
19506 1 15393 3 2 2 1
32325 0 17590 10 10 74 66
40778 2 26169 7377 7377 40408 40408
36197 4 29170 29358 29358 7704 7704
1264 1 22448 3 1 2 1
40779 2 1646 66 66 38459 38417
40782 2 1646 101 101 39088 39045
40780 0 379 1637 1637 38725 38707
40828 0 379 860 860 36754 36737
14490 1 12757 1 1 4 1
34243 0 1244 1 1 315 38
12545 0 1244 1 1 363 82
28964 0 1244 5 5 911 622
4871 0 1244 1 1 555 268
17807 0 1244 1 1 1231 941
14487 0 1244 1 1 300 25
40781 0 4921 4089 4089 38476 38473
9372 1 1508 2 1 2 1
2261 4 19476 53 37 6 6
2261 4 18565 22 7 4 4
5771 4 39949 56 48 4 4
13951 1 3521 4 1 5 1
18299 1 274 2 1 6 1
15954 1 34113 4 1 1 1
17141 0 21055 2 2 8 5
13878 1 26428 2 1 1 1
35918 0 391 1 1 7 4
39002 1 39001 1 1 1 1
4532 1 26446 1 1 1 1
11891 5 16320 163 163 16867 16854
13955 1 11289 1 1 4 1
1592 1 17240 1 1 1 1
15523 0 2604 16 16 7218 7179
36776 0 2604 6848 6848 20007 19965
40872 0 2604 903 903 36871 36828
6989 0 2604 300 300 730 694
38136 0 2604 7 7 4751 4713
31426 1 2604 2 1 9 1
12623 1 6107 1 1 1 1
22297 1 8322 1 1 2 1
21592 1 22297 1 1 2 1
4547 1 21674 7 1 3 1
32040 1 4547 1 1 4 1
7982 1 20572 1 1 4 1
7983 3 7982 2 1 2 1
31376 2 743 1 1 121 19
32748 2 743 18 18 8697 8588
36118 2 743 2 2 2019 1913
743 6 9450 18780 18779 8768 8768
39780 0 2807 49 49 890 887
4722 0 2807 3208 3208 2249 2245
35415 0 2807 12805 12805 30419 30414
15011 0 1542 377 377 10351 10330
10421 1 10420 4 1 2 1
26009 0 265 1 1 329 74
9536 0 265 1 1 382 126
15205 0 265 1 1 282 32
36270 0 265 1 1 288 36
39375 0 265 1 1 306 52
12974 0 265 18 18 1632 1370
25076 0 265 3 3 598 338
19351 0 265 5 5 993 732
11480 2 1534 2 1 42 35
40783 0 4407 19171 19171 40588 40588
4407 1 39995 8 1 1 1
8464 1 8424 4 1 1 1
23763 1 3300 1 1 5 1
24479 1 23586 4 1 1 1
28656 0 21 1 1 103 35
38617 0 21 1 1 70 4
39259 0 21 44 44 4445 4376
6493 0 3567 95 95 1473 1471
21912 0 22347 1363 1363 8461 8460
24178 1 9908 4 1 1 1
22121 0 351 1 1 128 5
25316 1 746 3 1 2 1
3063 1 4791 6 1 4 1
11495 0 4791 3062 3062 11137 11123
36889 0 883 2 2 967 746
22017 0 883 1 1 1027 805
39078 0 883 3 3 405 189
7495 0 883 4 4 510 292
7498 0 883 2 2 441 224
36527 0 883 1 1 256 43
31583 0 883 85 85 5461 5238
40784 0 14144 1230 1230 39240 39222
3408 6 8243 75 4 9 8
3408 6 8940 2907 2831 40 40
3408 8 38801 8851 8785 6 6
3408 8 28506 79 14 3 2
10233 4 38705 1928 1914 7 7
36048 6 18704 7629 7629 29682 29682
1046 7 36048 6311 6194 1 1
1962 1 1961 2 1 2 1
11585 3 21329 3 1 1 1
32391 1 11972 1 1 1 1
31739 4 18679 1804 1802 118 118
26785 1 7703 1 1 5 1
20520 1 6788 3 1 2 1
11565 1 37185 7 1 1 1
11565 1 12441 9 1 1 1
29689 1 11565 1 1 8 1
19922 0 8858 14 14 1218 1207
15795 6 39521 4046 4046 12921 12921
840 8 19493 24 12 10 8
840 8 36647 511 498 6 6
840 6 30428 3018 3005 2232 2232
26662 0 7523 7206 7206 6051 6048
26756 0 9311 32443 32443 27956 27945
12636 1 24788 4 1 1 1
20784 1 387 31096 31095 20154 20154
387 1 20784 20154 20154 31096 31095
12153 3 19756 2 2 1 1
13239 0 284 2 2 335 112
34758 0 284 1 1 262 42
35142 0 284 1 1 221 6
33324 0 284 1 1 230 13
24884 0 284 1 1 238 19
39131 0 284 1 1 359 135
26984 1 38840 3 1 1 1
9435 1 13227 4 1 9 1
5449 0 9435 116 116 2473 2472
31592 1 13227 1 1 7 1
23798 1 23297 2120 2117 8526 8525
21935 1 23297 1 1 1 1
4425 0 9880 3 3 101 92
17011 3 17169 3 1 5 1
7442 1 23836 3 1 3 1
7442 0 12505 7281 7281 18205 18197
23836 1 3274 2 1 2 1
17432 1 30826 1 1 1 1
11988 4 31236 415 414 839 839
31236 4 34496 140 139 1 1
1444 0 9048 16866 16866 12375 12358
5768 0 1444 3836 3836 21285 21249
39440 0 1444 2551 2551 15416 15381
20898 0 9048 10768 10768 20723 20703
2408 0 9048 5 5 28 13
33742 0 9048 4258 4258 24115 24094
38351 0 9048 1422 1422 13297 13279
6375 1 8324 2 1 1 1
37317 0 6230 7888 7888 9561 9560
10713 4 2207 15 10 5 5
40786 0 1672 3804 3804 38099 38064
40892 0 1672 6359 6359 38629 38593
28472 5 10737 4396 4396 35820 35817
10737 6 27038 23835 23831 13130 13130
21537 0 1027 1 1 155 5
35194 0 1027 1 1 154 5
39579 4 25695 20522 20522 1670 1670
12699 0 2137 33 33 1964 1952
27906 0 19986 120 120 1055 1052
19986 1 16852 3 1 3 1
30297 1 3771 2 1 3 1
39950 0 2362 3 3 105 103
16469 0 178 2 1 47 36
34721 0 178 4 3 370 358
9225 0 178 1639 1639 3212 3199
31063 0 2110 1 1 495 307
38241 0 2110 2 2 971 781
31237 0 2110 1 1 298 111
5590 0 2110 4 4 755 566
7272 1 33016 1 1 1 1
17837 0 7272 5 5 7 6
36109 1 33016 1 1 2 1
33016 1 33015 3 1 1 1
39272 0 12035 1 1 14 5
11022 6 27914 572 565 7 7
40787 0 5243 3276 3276 35282 35277
3741 1 18271 1 1 1 1
40788 2 593 45 45 39056 39029
27944 2 593 40 39 5921 5897
9102 2 593 87 85 5992 5967
40548 0 16045 4397 4396 14101 14100
758 1 10360 2 1 2 1
10360 1 10359 3 1 1 1
3223 0 3161 26 26 155 119
5881 1 18355 2 1 1 1
38969 0 16196 33102 33102 34009 34008
29347 0 1461 5121 5121 31182 31169
1650 1 16394 14309 14302 4126 4126
1650 1 16302 1 1 1 1
40174 1 1650 10049 10049 34493 34485
9952 1 37466 4 1 1 1
2245 0 2918 27181 27181 36115 36034
2245 1 2244 1 1 3 1
14233 0 2918 572 572 5892 5815
1079 0 2918 7933 7933 13232 13153
32727 1 24872 2 1 2 1
39701 0 5987 20309 20309 30482 30482
15176 1 18854 5 1 2 1
18854 0 7016 4715 4715 1349 1347
24327 0 3027 1383 1383 8880 8828
14366 0 24327 40788 40788 40882 40882
23190 1 13002 2 1 5 1
5729 1 20226 1 1 2 1
20226 0 13887 14 14 229 224
8274 1 8999 2 1 5 1
18181 1 8274 3 1 3 1
9428 1 8999 1 1 6 1
8511 1 31347 1 1 1 1
21811 0 278 1 1 270 90
33666 0 278 1 1 212 34
21874 0 278 1 1 252 73
29143 0 278 1 1 168 5
18106 0 278 1 1 177 6
39291 0 278 1 1 190 15
37756 0 278 1 1 189 15
511 0 15897 125 125 68 65
15736 0 1677 73 73 4352 4296
829 0 1677 1 1 62 8
27621 0 1677 15 15 8806 8748
29445 1 1550 1 1 1 1
18936 4 39578 39 38 5 5
34932 2 14540 3 2 18 14
647 1 6311 4 1 1 1
33210 6 17250 33079 33079 39566 39565
9637 5 1981 19 19 6397 6343
21619 5 1981 1 1 213 161
11643 3 3908 33338 33337 22281 22281
30998 1 7774 2 1 2 1
30998 1 2447 1 1 2 1
16669 2 916 2 1 219 79
8577 2 916 2 1 297 155
18018 2 916 3 2 635 489
35944 2 916 2 1 292 151
9258 2 916 2 1 189 50
34189 2 916 2 1 390 247
21737 0 2589 18191 18191 22175 22158
40303 0 2589 9733 9733 22917 22899
3167 1 6502 6 1 4 1
17014 2 3167 2 1 129 108
7204 1 3167 2 1 5 1
32383 0 427 1 1 86 18
13521 0 427 10 10 942 871
11437 0 427 2 2 282 212
16023 0 4958 8 8 93 91
5777 4 4318 27 13 2 1
5144 4 4318 368 365 14 12
4318 6 27523 7691 7687 532 532
19086 6 12484 6 3 9 6
12201 4 22304 295 289 14 14
10786 1 14577 1 1 2 1
20175 0 7143 20579 20579 34625 34619
1205 1 23424 3 1 1 1
35226 0 37189 5040 5038 8162 8160
19169 1 25362 2 1 2 1
14940 1 12227 2 1 2 1
12227 1 13800 3 1 1 1
2813 0 3170 6561 6561 14982 14982
3170 1 3169 4 1 1 1
35238 1 8601 1 1 3 1
36661 1 39486 2 1 1 1
17745 5 774 195 195 34437 34298
17745 2 1137 19 19 10258 10151
37417 5 774 1 1 156 21
29963 5 774 1 1 147 13
40735 5 774 121 121 38320 38180
23613 4 28865 1645 1641 4 4
24660 4 23613 186 183 214 214
6782 5 5167 36 36 8348 8329
34227 5 5167 49 49 15427 15407
5167 6 27267 14077 14076 814 814
40789 0 25921 39339 39339 40803 40803
18492 6 36549 1701 1700 191 191
864 1 14562 5 1 2 1
32699 0 14562 10482 10482 17444 17433
4521 1 25708 5 1 2 1
10559 1 10558 1 1 1 1
3083 0 26431 2489 2489 7060 7055
5974 0 9758 915 915 1799 1780
4522 0 9758 548 548 1082 1064
12683 0 9758 744 744 5149 5128
19 0 29519 166 166 148 146
38094 4 40790 40767 40767 7549 7549
36200 0 5055 33842 33841 34897 34897
204 1 3048 6 2 1 1
32488 1 204 2 1 5 2
40791 0 11084 1434 1434 36077 36059
33754 1 5275 1 1 1 1
32 4 32392 83 68 5 5
32 4 24489 235 218 10 10
12319 4 14836 10 5 8 8
27811 2 10916 26 25 624 619
30475 0 10916 33768 33768 24729 24729
15792 0 3763 16735 16735 13989 13984
8019 1 30805 3 1 2 1
2949 1 8019 4 1 5 1
30805 1 16646 13 11 69 65
35060 0 5892 17 17 932 925
11125 4 10606 22444 22444 20015 20015
25276 1 3926 1 1 4 1
13830 1 6490 38706 38700 33007 33007
13830 1 7308 1 1 1 1
6490 1 13830 33007 33007 38706 38700
1366 0 29 3 2 9 2
29 1 11186 3 1 2 1
6226 1 29 1 1 2 1
19987 4 11397 1037 1035 2022 2022
4506 1 9454 1 1 2 1
6037 0 39187 5858 5858 1863 1861
39187 0 11100 1967 1967 6456 6439
2381 2 12273 1 1 51 3
7324 2 12273 1 1 40 2
6513 0 650 6352 6352 18265 18224
37308 0 650 1636 1636 19502 19460
40792 0 9525 6939 6939 38656 38652
30839 1 10851 1 1 2 1
21181 5 232 36 35 3104 3095
11205 5 232 181 181 27042 27032
24984 0 232 18240 18240 25845 25839
38752 0 728 1442 1442 18004 17997
8716 6 31315 11182 11182 13759 13759
24013 1 23715 3 1 4 1
36734 5 985 2 2 2140 2075
7458 5 985 5 5 2235 2169
12641 0 39 107 107 7966 7754
7396 0 39 2 2 211 14
21862 0 39 14 14 455 255
21561 0 39 4 4 484 283
13466 0 39 2 2 205 9
17532 0 39 11 11 1163 958
18621 0 39 1 1 270 72
1398 0 19101 14130 14130 19859 19857
13758 1 29291 1 1 3 1
4555 0 1115 4177 4177 6681 6672
39750 6 18050 4705 4705 7510 7509
11789 1 24319 8852 8852 34801 34800
24319 1 11789 34801 34800 8852 8852
7072 1 9237 6 1 1 1
13503 1 7072 1 1 4 1
25660 5 4520 134 134 9692 9688
38151 0 7155 12 12 2721 2716
4453 6 7580 37579 37573 3374 3374
7580 0 34614 232 232 5886 5885
26183 0 11186 653 653 4538 4535
35764 0 14617 34471 34471 38620 38619
4608 0 3699 14 14 142 123
40827 0 3699 3554 3554 38974 38953
8852 0 7403 314 314 3064 3059
8176 1 8852 3 1 2 1
193 6 27058 84 31 3 3
193 6 11869 52 2 4 4
193 6 18878 161 107 1 1
19842 4 22836 3974 3969 6272 6272
21930 1 21045 1 1 2 1
21930 0 12252 9934 9934 7462 7455
5745 1 14074 2 1 2 1
26613 1 9037 2 1 1 1
9037 0 3099 13293 13293 6153 6152
7396 4 28775 324 309 115 115
24578 3 23111 4 1 1 1
21061 1 25626 1 1 1 1
24011 0 12474 5830 5830 7544 7542
13829 1 16710 2 1 1 1
4185 1 13829 2 1 3 1
13829 3 25284 3 1 3 1
12211 0 6042 151 151 9539 9528
13978 1 2276 1 1 4 1
39294 4 26572 23667 23667 33358 33358
33294 0 3229 328 328 14712 14702
8108 0 3229 146 146 5582 5573
3229 1 22044 4 1 1 1
6633 7 40129 23261 23250 10 10
6633 7 12050 19827 19817 9 9
16200 0 1852 22 22 209 161
16201 1 16200 3 1 2 1
19710 6 10760 268 267 118 113
32734 1 3419 1 1 3 1
4779 1 14955 2 1 2 1
3716 1 1998 1 1 4 1
40577 0 3716 1772 1772 34178 34164
31620 0 3716 1598 1598 1341 1329
28941 0 3716 3202 3202 14336 14323
17519 0 3716 4 4 73 62
9620 0 3716 3 3 51 41
2915 1 12159 3 1 1 1
522 1 21041 4 1 2 1
522 1 13953 2 1 4 1
522 0 16646 3422 3422 791 791
32701 0 522 1 1 45 33
31153 0 36722 23981 23981 34261 34259
36722 0 1474 3911 3911 11765 11751
7592 1 9560 3 1 1 1
2035 1 8589 3 1 2 1
25494 1 8589 1 1 4 1
4666 1 4665 4 1 1 1
4665 0 6717 33794 33794 34812 34810
6144 1 19664 1 1 1 1
28456 2 1773 1 1 312 273
28456 6 22320 2917 2915 139 139
5443 2 1773 3 3 109 71
18213 1 18982 2 1 2 1
18716 0 37537 862 862 80 78
6882 9 10563 1 1 1 1
40794 0 32275 23070 23070 40739 40738
19296 1 6611 2 1 1 1
16065 0 36140 261 261 293 290
40829 0 16065 5425 5425 39318 39317
32071 1 23898 2 1 2 1
37285 0 184 1 1 353 52
39009 0 184 1198 1198 27363 27060
3395 0 184 1 1 290 8
32164 0 184 1 1 278 6
34310 0 184 1 1 304 12
39279 0 184 1 1 306 12
11281 0 184 1 1 301 10
30773 0 184 1 1 310 14
15734 0 184 1 1 363 61
5209 0 184 1 1 313 16
16507 0 184 1 1 305 12
40030 0 184 1 1 292 9
1190 6 31657 30 18 1 1
1190 6 39319 74 61 3 3
17492 1 20700 2 1 1 1
16074 0 18268 1 1 7 2
21289 0 18268 1 1 63 57
14746 1 23603 4400 4399 2782 2780
7078 6 36019 7217 7217 4093 4093
7486 0 7078 343 343 793 785
4225 1 13633 4 1 3 1
4225 1 11780 1 1 1 1
754 1 2375 3 1 2 1
1823 7 36030 35111 35110 102 101
6054 0 4123 11 11 1178 1144
6054 3 1296 10885 10883 2115 2115
3215 0 7911 3 3 227 224
6678 1 7911 2 1 2 1
16802 1 8850 2 1 1 1
1076 1 1075 9 1 2 1
1076 1 27277 4 1 1 1
18470 1 18469 1 1 1 1
7673 1 10866 2 1 1 1
7673 1 8629 3 1 2 1
8644 1 14101 2 1 1 1
493 0 1629 3847 3847 12405 12393
2736 4 26470 57 14 1 1
2736 4 34726 47 10 1 1
2736 4 35146 8731 8683 379 379
2736 4 33515 39 8 2 2
35179 0 19119 8096 8096 25457 25456
13379 4 19119 21175 21172 2948 2948
28508 2 3843 7 5 192 164
40099 2 3843 15 14 1267 1238
9537 1 3843 1 1 5 1
25746 0 11870 2998 2998 7644 7644
26637 6 24424 38773 38773 40223 40223
15305 5 2978 2 2 118 51
10135 5 2978 39 39 23643 23573
14631 0 3275 924 924 450 444
1043 1 14631 4 1 7 1
39736 1 21554 1 1 1 1
39736 0 4427 4 4 91 69
8260 0 7895 16 16 21 17
16624 0 8260 679 679 6545 6543
36792 1 37816 1 1 1 1
40796 2 3317 85 85 38967 38934
11856 1 2643 1 1 3 1
8104 1 4274 4 1 1 1
8104 1 12438 5 1 1 1
9749 1 13574 3 1 2 1
40797 0 19420 7753 7753 38134 38132
24056 0 9777 29172 29172 38357 38356
12866 6 7036 2665 2665 846 846
19409 4 36350 10011 10011 22065 22065
28857 0 706 13 13 1043 1030
19163 0 18538 61 61 1718 1715
16614 1 25570 4 1 1 1
16614 1 8351 2 1 1 1
24052 1 24051 1 1 1 1
29706 4 499 968 968 6173 6173
34810 0 17502 31524 31524 21676 21676
40798 0 38876 11387 11387 38812 38812
26283 6 40443 37784 37784 34852 34852
32794 0 18895 17 17 4506 4498
3034 2 1137 1 1 90 1
19442 2 1137 1 1 64 1
26122 4 31544 71 65 4 4
17880 1 20417 1 1 2 1
3499 1 20417 1 1 1 1
20434 0 21190 14105 14105 32285 32284
13327 6 22210 38339 38339 37338 37338
40799 0 5636 4461 4461 38822 38822
14768 6 24252 12 11 12 10
9578 0 473 527 527 5133 5130
20196 1 21248 1 1 2 1
21248 9 11908 2 1 1 1
6765 1 27335 3 1 2 1
37410 0 27335 29056 29056 32374 32373
12725 1 21889 1 1 1 1
19754 0 4059 8858 8858 10546 10543
9461 4 12081 3 2 2 1
8574 0 5381 8 8 47 36
8574 1 8573 2 1 1 1
29585 1 8574 2 1 3 1
13699 0 5381 15875 15875 28598 28586
36608 0 123 9546 9546 37850 37841
24094 0 123 4004 4004 16832 16824
516 0 292 1 1 243 7
31393 0 292 1 1 247 8
14242 0 292 1 1 740 489
33413 0 292 6 6 2157 1905
15177 0 292 2 2 401 152
39499 0 292 1 1 233 3
13524 0 292 1 1 240 6
31996 0 292 1 1 567 317
26845 0 292 1 1 257 11
14814 0 292 1 1 230 3
13283 1 2720 1 1 1 1
2720 1 5598 3 1 4 1
34387 1 26855 1 1 1 1
26856 1 26855 1 1 2 1
37173 4 10091 17805 17805 3416 3416
19951 0 20010 28172 28171 35201 35194
40800 0 28344 6361 6361 38842 38841
24652 0 26678 2008 2008 11453 11449
27632 0 31556 6390 6390 6877 6875
8336 6 2824 6151 6151 1439 1439
14255 1 19144 2 1 2 1
20014 0 14262 2 2 331 326
40801 0 16573 14747 14747 40496 40492
2360 1 4933 1 1 2 1
40802 0 39415 36027 36027 40905 40905
30541 0 22903 5729 5729 8208 8207
20618 1 9942 3 1 3 1
38150 0 712 6031 6031 7536 7531
25109 0 7757 1593 1593 15626 15624
40803 0 5646 452 452 34319 34315
1003 1 5646 1 1 4 1
35081 1 28378 1 1 1 1
11590 1 29649 2 1 1 1
39026 0 29817 14289 14289 34671 34669
13903 6 32368 28509 28505 24798 24798
30745 1 37402 2 1 1 1
10159 1 38458 4 1 1 1
27696 1 6690 1 1 3 1
28744 1 6690 1 1 7 1
20852 1 6690 1 1 10 1
40885 0 6690 4675 4675 40286 40278
16732 0 10532 1280 1280 3409 3405
6916 0 19429 29954 29954 26772 26772
10276 1 9887 2 1 3 1
4800 1 9900 3 1 3 1
19570 1 4800 2 1 1 1
17182 1 2190 1 1 1 1
4461 0 19310 22013 22013 33130 33122
1046 7 18091 2905 2789 2 2
1046 7 18788 18952 18834 1 1
1046 7 39181 20327 20208 1 1
37226 0 11964 1784 1784 19456 19454
11632 9 24469 1 1 1 1
40699 0 12729 10069 10069 40329 40314
14428 0 772 1045 1045 2286 2277
19055 0 772 2586 2586 9835 9825
40710 0 31312 12834 12834 39695 39693
11686 1 5336 2 1 4 1
30852 1 3198 1 1 2 1
29243 0 26808 19347 19347 6316 6316
21449 0 12858 465 465 3528 3524
12857 1 21449 1 1 1 1
3233 1 4145 3 1 3 1
19055 1 19054 1 1 1 1
8310 6 12531 38 29 6 4
7557 1 7633 3 1 2 1
17844 0 7120 12282 12282 21618 21615
1269 1 11040 2 1 4 1
11040 1 14848 5 1 3 1
26676 0 8201 11680 11680 19672 19658
28241 1 7436 1 1 2 1
18458 9 31641 1 1 2 1
31641 3 37842 560 559 1 1
25873 0 2795 2306 2306 12114 12113
17430 1 14006 2 1 3 1
13991 0 6823 6 6 47 41
19570 1 23428 3 1 1 1
8288 4 37118 129 127 312 312
40805 0 33924 15105 15105 40241 40240
25230 0 6253 158 158 706 701
15292 3 10198 1 1 3 1
39489 0 11666 5315 5315 28182 28164
39489 1 15557 1 1 2 1
37831 2 11666 7649 7649 33453 33453
15516 1 12820 2 1 2 1
34071 1 12820 3 1 3 1
4175 4 8602 91 85 1 1
24042 1 5537 1 1 1 1
19211 0 4744 7581 7581 11641 11638
31371 0 7474 9300 9300 21269 21262
27812 0 7474 26168 26168 37475 37467
28947 4 15200 319 319 38 38
18660 6 21000 9 9 13 13
15472 0 25385 5937 5937 6388 6385
12507 0 13404 6181 6181 5323 5318
26342 1 17895 2 1 3 1
2152 1 8496 1 1 2 1
39760 0 574 1 1 63 20
40877 0 574 693 693 33934 33889
35412 5 11510 2 2 1826 1807
2085 6 10383 10 4 3 3
14202 1 14201 1 1 4 1
1043 1 20085 1 1 1 1
40806 0 6850 1786 1786 38579 38554
40503 0 9914 1257 1257 27062 27060
14770 1 14307 2 1 1 1
32716 1 17183 1 1 2 1
35390 1 3256 1 1 2 1
4482 4 9719 3214 3210 120 120
20428 0 3527 2570 2570 17212 17195
3527 6 20663 38 38 4 4
30409 2 35441 39695 39695 39865 39865
11083 1 5302 1 1 2 1
23196 1 10129 1 1 4 1
1066 1 29752 3 1 1 1
40807 0 3538 933 933 36031 36018
22793 0 3538 225 225 654 642
6768 6 24640 28126 28123 38765 38763
6768 6 10205 29598 29594 21329 21329
2869 1 15125 3 1 3 1
29302 0 15125 30227 30227 38698 38696
9588 0 1406 29285 29285 33607 33596
18159 0 17493 2768 2768 4326 4320
21497 1 33875 4 1 1 1
20938 1 22485 2 1 3 1
13056 6 39139 27119 27117 2788 2788
23942 0 26928 5 5 7 5
28004 0 6478 536 536 11286 11284
4747 0 22951 1 1 8 4
20860 5 2566 4 4 6936 6920
7590 5 2566 11 11 16420 16403
20768 0 17402 6389 6389 6493 6491
35193 1 20768 1 1 2 1
8572 0 5856 2700 2700 4175 4148
17370 0 5856 5511 5511 29947 29919
31972 0 5856 1199 1199 3623 3597
17380 1 15779 2 1 2 1
27964 0 16186 536 536 1059 1053
15981 0 1328 281 281 2722 2709
26071 1 9303 2 1 3 1
9303 9 21981 1 1 1 1
38768 0 29318 1586 1586 17582 17578
36229 0 18254 2637 2637 15644 15627
1019 4 596 46 24 2 2
1019 4 8780 54 31 1 1
23239 1 15927 4 1 2 1
30477 1 23239 2 1 1 1
21996 6 20017 12559 12556 12013 12013
21996 6 11995 1840 1838 2947 2947
25766 0 22616 4288 4288 20301 20298
9455 0 23399 11912 11912 38115 38109
23000 6 39446 15696 15696 5840 5840
122 1 7516 7 1 6 1
11412 1 19152 2 1 1 1
8803 1 27429 2 1 1 1
15261 0 14295 25089 25089 28269 28268
25268 4 21905 14 12 1 1
15504 1 8591 5 1 3 1
8591 1 16989 4 1 1 1
15601 10 15600 1 1 1 1
31927 1 15601 1 1 2 1
34363 5 8522 17971 17971 20603 20603
33641 0 19894 9346 9346 23360 23359
33826 1 19127 1 1 2 1
39523 0 2723 1326 1326 22665 22628
39523 1 21345 1 1 2 1
7540 0 2723 935 935 2996 2960
4541 0 2723 29969 29969 29614 29575
28671 0 7444 5183 5182 17676 17673
40808 0 40809 40504 40504 40572 40572
26933 0 1475 808 808 2244 2224
35848 0 18654 41 41 623 618
19162 0 18654 5 5 28 24
29185 6 40731 40418 40417 9378 9378
3467 1 3466 3 1 2 1
15345 5 4450 45 45 19512 19507
7117 1 7049 1 1 1 1
32624 6 26608 12519 12518 1386 1386
2269 1 2268 3 1 3 1
30613 0 6961 1 1 5 3
2956 4 29945 15 11 2 2
40706 0 10059 3429 3429 35521 35518
3866 4 38485 401 394 49 49
3866 4 24189 15198 15190 6398 6398
9119 0 21826 18910 18910 33976 33976
18389 3 999 20659 20657 34351 34349
999 3 18389 34351 34349 20659 20657
35808 1 32154 17780 17780 16713 16713
37756 4 40810 40673 40673 10168 10168
20583 1 27612 1 1 1 1
1020 0 3141 1 1 45 2
28305 0 3141 1 1 51 2
6564 0 11337 3556 3556 11027 11026
23511 0 15656 122 122 268 242
5394 1 2601 1 1 2 1
19679 0 5394 5872 5872 14941 14934
2004 1 24164 6 1 1 1
2004 0 30642 25538 25538 22061 22060
25774 1 12289 2 1 6 1
24676 0 24224 35781 35781 34989 34988
23848 1 8714 2 1 3 1
17814 4 3175 36871 36870 11996 11996
17465 1 17464 2 1 1 1
22570 1 22569 1 1 2 1
6630 0 4722 5 5 16 8
1142 0 4722 6740 6740 9225 9216
23700 1 24343 1 1 1 1
9573 6 3123 7513 7513 9897 9875
15354 6 3123 8319 8319 12926 12903
14853 6 3123 3421 3420 2623 2602
6067 1 28605 1 1 1 1
8474 4 17327 40234 40234 34042 34042
30941 1 3753 2 1 4 1
30941 1 33174 1 1 2 1
11546 0 4442 143 143 5829 5795
6865 4 2298 2145 2141 1113 1113
1021 1 207 4 1 4 1
2872 0 17555 2247 2246 728 723
268 0 17555 16791 16791 9167 9160
40811 0 2664 748 748 37024 37008
40871 0 2664 1360 1360 38101 38084
2664 0 2624 7544 7544 5916 5909
35435 0 12605 138 138 2219 2216
29862 1 29861 1 1 2 1
31789 0 494 3709 3709 24317 24305
22923 0 28916 107 107 13 12
27985 1 27484 1 1 1 1
29410 0 16944 20883 20883 26423 26419
11888 0 36918 27111 27111 32031 32028
37558 2 741 1 1 59 13
28640 2 741 1 1 44 1
9021 2 741 1 1 45 1
22157 3 1791 2 1 2 1
22158 3 1791 3 1 3 1
8471 1 6302 2 1 1 1
32069 0 19823 4733 4733 15064 15062
38790 0 13 3419 3419 30413 30399
19437 1 22294 2 1 2 1
25022 1 32013 1 1 2 1
39553 0 4628 11 11 1007 998
40833 0 4628 1238 1238 34915 34905
11144 1 2617 1 1 1 1
38399 1 1022 1 1 5 1
10536 1 36694 1 1 1 1
40178 1 1578 20374 20374 37636 37634
40864 0 1578 5355 5355 38850 38844
22410 1 37961 2 1 1 1
15647 4 32971 16788 16788 5829 5829
1708 0 8438 21866 21866 5061 5060
6124 1 5907 3 1 6 1
8270 1 6124 8 1 2 1
5826 1 10722 2 1 3 1
21697 0 2070 17101 17101 25558 25558
6530 1 22543 3 1 2 1
5932 1 21935 4 1 2 1
28875 3 5192 2 1 2 1
28676 3 28875 4 1 1 1
5178 1 14819 5 1 1 1
21092 0 5178 18 18 597 569
16318 0 5178 1216 1216 28384 28354
40918 0 5178 428 428 36484 36452
31349 1 5178 1 1 7 1
27341 1 31627 3 1 1 1
912 0 7047 27566 27566 24844 24830
739 0 912 1594 1594 2195 2184
24031 0 7047 8634 8634 19957 19944
30204 1 7047 4 1 3 1
40812 0 17281 25832 25832 40253 40253
9906 1 36905 4 1 1 1
6743 0 8355 178 178 3325 3303
1538 0 8355 6631 6631 10669 10646
35277 1 27784 1 1 1 1
5869 1 26782 5 1 1 1
40813 0 19386 916 916 35326 35324
38378 1 22534 1 1 2 1
31576 0 30844 31158 31158 40346 40346
10205 1 10204 3 1 2 1
11177 1 37094 5 1 1 1
7045 1 2382 1 1 4 1
21977 5 16419 160 160 2908 2901
3364 1 3363 1 1 2 1
3528 0 10834 23889 23889 36080 36077
17960 4 24312 26 22 6 6
27223 1 20426 1 1 2 1
24636 1 6535 2 1 2 1
23949 5 212 1 1 41 13
27657 5 828 2 1 83 69
1410 1 24564 12715 12715 18147 18146
3066 0 8076 310 310 1446 1438
18215 1 1414 1 1 9 1
10895 1 13973 6 1 1 1
3239 4 39144 65 22 2 2
3239 4 27881 106 56 1 1
3239 4 36428 160 109 1 1
18904 3 17353 2 1 1 1
7935 1 2201 4 1 2 1
17190 1 757 2 1 1 1
1415 1 32170 2 1 1 1
23786 1 2902 1 1 3 1
2029 1 18094 2 1 1 1
553 1 13871 3 1 3 1
24179 1 10508 1 1 1 1
25575 1 10508 1 1 2 1
27360 6 36837 10 10 14 14
31841 0 19545 6599 6599 12293 12292
33840 0 1754 21937 21937 39811 39799
40875 2 1754 286 286 39494 39488
38079 2 1754 1040 1039 27428 27423
40815 0 39071 4150 4150 38205 38203
29342 0 8978 8906 8906 28613 28597
6890 0 36281 31827 31827 13761 13761
8040 1 21358 8 4 3 2
10520 0 24854 23778 23778 10209 10209
28943 1 243 2 1 1 1
20030 0 13734 7560 7560 4663 4661
4563 0 12505 3 3 9 3
37725 0 23377 1 1 7 2
26865 1 19204 2 1 1 1
20288 6 29915 266 264 68 67
24515 2 20288 38 38 9544 9539
18855 0 2060 370 370 3792 3779
26308 5 18855 123 123 33175 33161
24430 0 2060 489 489 4009 3995
11475 1 13563 9808 9805 14079 14075
13563 1 11475 14079 14075 9808 9805
14231 0 7944 653 653 1002 1001
36007 6 17148 37751 37751 10941 10941
13350 0 29456 33166 33166 39131 39131
36696 5 9528 2 1 11 2
19256 5 9528 2 1 10 2
30889 0 33367 20485 20484 15298 15298
26734 0 2288 721 721 5831 5829
16979 4 35069 4507 4507 457 457
23628 0 2614 7009 7009 12170 12166
39567 0 4694 8 8 1629 1615
6695 0 32813 28921 28921 20507 20507
15469 0 6418 655 655 5029 5005
34418 1 25064 2 1 1 1
8727 1 8726 3 1 1 1
14189 1 23592 5 1 1 1
35545 1 14189 1 1 3 1
10877 1 11728 3 1 4 1
32814 0 4976 3 3 163 160
4165 3 25845 4 1 1 1
20625 1 7778 1 1 2 1
30076 0 10715 15 15 283 280
40816 0 14697 6278 6278 38895 38895
14697 1 31992 4 1 1 1
19191 1 27971 1 1 2 1
13842 0 11910 6075 6075 16948 16947
5985 6 10735 11 4 12 5
12732 3 28417 2 1 1 1
12732 1 26677 2 1 1 1
6204 1 6203 1 1 1 1
40817 0 19840 11255 11255 39122 39119
3387 0 19840 10106 10106 4272 4270
6550 1 2423 2 1 9 1
2423 1 24830 10 1 4 1
2924 4 30666 116 44 3 3
2924 4 2659 101 30 4 4
2924 4 29020 187 113 5 5
2924 4 36766 199 124 2 2
1379 1 25548 3 1 1 1
6265 1 1379 1 1 1 1
18135 3 294 11753 11750 4235 4235
2209 1 24141 4 1 2 1
15500 1 4546 1 1 4 1
15500 1 7996 2 1 3 1
31596 6 8773 39194 39194 32550 32550
40818 0 35587 32101 32101 40867 40867
34338 1 9890 1 1 7 1
14748 1 9890 1 1 9 1
9890 1 12054 8 1 2 1
40819 0 15962 17513 17513 39883 39882
16130 0 10326 7906 7906 18920 18918
40820 0 20319 11029 11029 39936 39935
11212 0 1856 5133 5133 13476 13462
14579 1 1856 1 1 3 1
28303 3 9776 1 1 1 1
9776 1 9775 2 1 1 1
561 0 5278 277 277 5646 5637
13724 4 995 800 799 821 821
154 1 153 1 1 3 1
5791 1 11553 2 1 3 1
24115 1 18755 2 1 2 1
28674 0 3041 10823 10823 26520 26513
40821 0 14864 819 819 39153 39148
17883 0 18836 5469 5469 11983 11980
40822 0 9367 4879 4879 38703 38680
40930 0 9367 945 945 34781 34759
7005 0 9367 16 16 940 920
26765 1 9367 1 1 4 1
2151 0 4180 193 192 269 267
40823 0 11638 1378 1378 37014 36997
18175 1 18573 3 1 1 1
24724 1 3969 3 1 3 1
3969 0 3582 1457 1457 2459 2433
17345 0 3969 1468 1468 2693 2689
34877 1 6582 1 1 8 1
6582 1 16956 2 1 4 1
26100 1 28248 1 1 1 1
33245 0 3980 54 54 1201 1199
4106 1 4105 2 1 1 1
584 1 28894 22072 22070 6236 6236
35143 1 33405 1 1 2 1
17003 0 479 8135 8135 20349 20339
9877 5 6166 1 1 37 2
30263 1 25760 1 1 2 1
30656 1 25760 1 1 1 1
1999 4 17069 19 12 23 23
18272 1 19427 3 1 3 1
29081 1 13187 1 1 3 1
16522 0 3780 464 464 5156 5120
26742 0 15839 4 4 98 95
1918 6 39340 566 559 3 3
11624 1 20815 2 1 2 1
13939 0 7027 26 26 4380 4374
5788 0 7027 14 14 24 19
40824 0 2657 11117 11117 39005 38998
1294 0 25140 1407 1407 2923 2920
21281 0 428 8893 8893 30367 30341
40911 0 428 401 401 33351 33324
39800 1 30816 1 1 2 1
12660 0 1095 24 23 127 116
17450 0 1095 858 858 980 968
11922 0 14898 382 382 5835 5817
23590 0 12772 409 409 1773 1770
3072 1 15159 5 1 4 1
24523 0 8582 2 2 48 41
188 6 29407 5 2 6 2
39603 4 27065 5024 5024 796 796
4691 1 14239 1 1 1 1
36188 1 4691 2 1 2 1
36501 0 4902 8141 8141 18106 18106
40022 0 6784 111 111 1653 1648
4121 1 17988 1 1 1 1
34845 5 10076 5 3 73 68
19999 4 35620 77 68 21 21
25642 0 31168 1130 1129 1309 1308
28192 2 3865 5 4 285 267
25039 0 2409 1 1 28 5
34598 0 2409 1 1 42 18
40825 0 22386 14870 14870 40461 40460
15804 0 10824 2 2 7 2
40826 0 30737 3287 3287 36858 36857
11678 4 24132 30163 30163 5747 5747
11178 1 14178 5 1 1 1
19319 1 11039 2 1 6 1
23526 0 9730 17138 17138 30401 30399
12960 0 23054 26025 26024 31106 31106
18237 1 14439 2 1 6 1
17375 6 39568 55 53 8 8
6955 0 2697 3 3 12 10
16533 0 2697 205 205 786 783
27268 1 11354 2 1 5 1
1968 1 1967 4 1 3 1
20914 0 1967 2 2 37 29
23271 0 7641 21041 21041 22340 22340
19684 3 19683 1 1 1 1
4983 6 33006 40897 40897 40883 40883
17534 9 12584 2 1 1 1
6871 1 18043 10082 10080 7301 7300
5628 7 18994 7498 7465 3 3
2502 1 20104 3 1 2 1
15657 0 4985 265 265 10476 10474
34914 1 6434 1 1 1 1
39981 0 306 1 1 22 6
21026 0 306 1 1 35 18
37154 5 9269 399 399 6930 6927
9073 1 5502 2 1 3 1
30127 0 1623 8118 8118 28405 28402
16304 0 30127 37401 37401 22275 22275
16980 1 4548 2 1 3 1
469 0 14498 1810 1810 1977 1967
9243 6 35214 34437 34433 26331 26331
36148 4 23121 1716 1715 105 105
3358 1 4743 4 1 2 1
9720 0 4743 9 9 132 122
40888 0 4743 221 221 33067 33056
2064 1 2154 1 1 1 1
22278 1 35919 1 1 1 1
36060 0 14935 4676 4676 21336 21327
27146 5 11426 10 10 5995 5986
3169 0 3813 1033 1033 2871 2853
3823 1 3813 1 1 5 1
20664 4 26988 3143 3141 76 76
6374 1 11133 3 1 3 1
33074 2 7 18 18 2550 2513
18961 2 7 1 1 36 2
17395 0 7902 8343 8343 21337 21333
22908 1 5606 4 1 3 1
10254 1 10253 1 1 2 1
40906 0 10253 989 989 36632 36618
14113 1 5076 1 1 5 1
36403 1 10838 1 1 2 1
14974 0 14973 495 495 452 444
14973 3 19845 5535 5533 140 140
40831 0 4593 28315 28315 40301 40301
31084 1 27014 1 1 1 1
12467 4 39860 144 139 1 1
40832 0 6630 1781 1781 34596 34592
26778 4 2803 5737 5737 5243 5243
3765 1 28497 1 1 1 1
20691 1 4936 1 1 3 1
7886 0 12463 6197 6197 28867 28861
14999 4 31316 40007 40007 16518 16518
22172 0 11068 5 5 290 276
454 3 16514 2 1 2 1
3025 1 16514 2 1 2 1
29578 0 15788 7391 7391 28290 28289
23802 0 21987 669 669 1496 1493
21987 0 20963 2405 2405 1913 1912
11759 2 10987 20 20 123 122
38689 0 12894 2386 2386 10579 10569
40834 0 14087 31732 31732 40837 40837
14853 1 5935 1 1 1 1
4044 4 31152 29565 29565 5457 5457
29372 0 24630 132 132 5015 5010
24630 0 22399 34022 34022 12684 12683
19479 5 4701 1 1 320 299
8240 5 4701 2 2 1071 1048
33163 5 4554 2 1 26 19
29553 1 26733 1 1 1 1
29553 0 8837 11247 11247 15087 15085
6792 1 14058 2 1 3 1
21282 0 15062 20176 20176 23908 23908
23036 4 36472 4739 4733 102 102
5783 4 23036 56 47 17 17
40835 0 40836 40856 40856 40709 40709
18778 6 32930 17204 17203 11269 11269
18778 0 5314 40 40 1752 1725
24621 2 17930 4 1 9 1
27989 2 17930 7 5 26 16
26041 0 4289 30880 30880 34120 34120
16899 4 24507 2798 2798 3379 3379
14917 3 17826 4 1 2 1
30990 9 28312 1 1 1 1
8980 1 3552 2 1 2 1
33079 0 3582 1320 1320 19226 19199
16497 1 26305 3 1 1 1
26368 1 8799 1 1 1 1
4480 1 32602 4 1 1 1
35059 0 27412 2592 2592 2735 2732
2645 4 29221 39 31 27 27
23462 0 5675 20900 20900 22627 22618
40853 0 23462 2987 2987 38427 38422
25133 5 5012 2 1 10 4
14927 4 5288 12695 12691 2690 2690
11058 2 6577 15 15 8115 8060
60 2 6577 1 1 120 67
7534 9 18226 2 1 1 1
10204 1 10208 1 1 1 1
5031 1 28475 1 1 2 1
15312 0 12860 27828 27828 13456 13456
21401 1 1933 1 1 8 1
12469 1 1992 6 1 1 1
18451 5 1238 2 1 18 11
37552 0 2655 1 1 13 9
2655 0 9806 569 569 543 537
40284 0 6614 16 16 3668 3645
3130 1 27019 5 1 2 1
23982 0 37653 13557 13557 22979 22977
20447 1 9918 1 1 2 1
15028 1 16314 4 1 5 1
15028 1 5116 2 1 4 1
40628 0 33021 5474 5474 38042 38042
3648 1 3647 2 1 3 1
19317 0 1107 13568 13568 33949 33939
830 1 21753 5 1 2 1
8270 1 9886 2 1 3 1
14780 1 6419 4 1 2 1
40837 0 15224 7946 7946 40410 40398
7188 0 11737 4 4 192 182
10277 1 32396 1 1 2 1
10277 1 2951 2 1 6 1
15054 1 2951 2 1 3 1
25047 0 19223 22704 22704 30400 30400
23871 0 918 635 635 8992 8985
40840 0 918 1628 1628 36364 36356
8168 0 13192 7293 7293 26135 26135
10293 1 12214 1 1 2 1
23642 0 26543 1389 1389 8720 8720
26543 1 12312 3 1 3 1
4913 4 20284 238 207 59 59
3331 5 16655 37705 37705 10265 10263
3331 1 35484 3 1 1 1
16739 1 16646 1 1 2 1
6726 1 5782 3 1 1 1
6726 3 6725 426 424 1 1
11335 1 6726 1 1 4 1
5491 1 1201 1 1 6 1
6549 1 14425 1 1 1 1
5544 1 3327 2 1 7 1
3403 1 6328 1 1 1 1
7229 4 37460 22119 22102 23449 23449
20544 1 28902 3 1 1 1
3291 1 20544 1 1 1 1
530 1 21170 5 1 1 1
9371 1 9370 2 1 3 1
26061 0 9371 1255 1255 4004 4001
9371 0 5623 6326 6326 4073 4071
21518 1 29527 1 1 2 1
35181 0 21518 22222 22222 21943 21940
36581 0 16397 1667 1666 3289 3289
3972 7 37089 12372 12294 3 3
8883 0 5790 3909 3909 14706 14706
38389 0 7334 27 27 701 699
27814 0 9178 7 7 124 122
10855 1 19155 1 1 2 1
10855 1 31116 10658 10657 17200 17199
1431 4 27265 27 12 69 69
27563 1 35599 1 1 1 1
1193 4 39361 91 80 1 1
39975 0 7068 891 891 19692 19684
3855 0 3909 4 4 9 2
28703 0 3909 1356 1356 24670 24662
11573 1 13583 2 1 4 1
40841 0 16266 2169 2169 37007 36984
2434 0 16266 2 1 22 2
40842 0 67 4136 4136 40327 40318
1154 0 18959 25105 25105 20966 20964
32397 0 13044 5908 5908 19246 19237
17819 1 653 1 1 1 1
37840 0 313 175 175 2531 2523
40843 0 3679 973 973 37653 37643
40843 4 5346 1089 1089 40166 40166
13988 0 168 222 222 644 639
38754 2 10661 3 2 4 1
29501 0 6358 27940 27940 31941 31939
29860 0 18587 17725 17725 15940 15940
33438 1 36858 1 1 1 1
36858 1 35629 2 1 1 1
12381 0 1474 3510 3510 16662 16647
2863 0 6499 5451 5451 2930 2929
7328 0 5714 31133 31133 30018 30017
14412 0 20621 4229 4229 11593 11592
35316 5 38173 25 23 27 26
20490 1 7847 1 1 1 1
21077 4 10657 1643 1642 256 256
10380 0 1964 22677 22677 35138 35136
17802 1 3847 2 1 1 1
29031 4 40721 36732 36731 442 442
29630 5 22311 1 1 28 24
14888 4 21122 127 118 44 44
14888 0 2518 1 1 66 2
819 1 7732 3 1 3 1
7100 4 29718 14157 14155 535 535
8077 1 7192 1 1 3 1
16136 1 39043 1 1 1 1
13225 1 15253 2 1 3 1
40844 0 6467 1324 1324 36104 36097
6069 0 37345 20412 20412 32692 32691
4895 0 8093 69 69 3322 3295
21558 1 13645 1 1 2 1
10544 6 38325 90 75 1 1
23888 0 1730 1 1 189 89
33667 0 1730 1 1 211 110
22133 0 1730 1 1 100 3
19623 0 1730 1 1 138 39
28603 4 38563 40591 40590 9274 9274
16620 1 2522 1 1 5 1
24900 3 5965 1 1 2 1
3989 4 18951 53 46 177 177
22965 1 167 3 1 3 1
35645 0 7367 39561 39561 40695 40695
36255 0 10055 1 1 8 2
1574 1 8899 2 1 2 1
21174 5 2295 15 15 4391 4292
34328 5 2295 77 77 33733 33631
28418 5 2295 123 123 39185 39082
34439 5 2295 10 10 11486 11385
40845 0 32455 13292 13292 38674 38673
35000 0 9668 1 1 26 10
32116 0 21176 731 731 13067 13065
23390 0 40586 40178 40178 8801 8801
40848 0 23390 280 280 26641 26638
19903 4 29357 103 103 220 220
35177 0 14481 25326 25326 27101 27101
12330 0 11599 27 27 161 155
3579 1 19372 2 1 3 1
9842 0 3579 9523 9523 13330 13318
22422 1 9505 1 1 5 1
15330 1 28910 1 1 1 1
22889 0 11852 5143 5143 21170 21161
29771 9 3592 1 1 1 1
25748 1 34204 1 1 1 1
1772 6 37182 6603 6599 154 154
15158 0 40846 40315 40315 38947 38947
40847 0 8407 7430 7430 36861 36861
35466 0 11507 2445 2445 11199 11196
12327 0 411 6444 6444 12711 12688
21952 4 9376 13908 13908 6601 6601
4177 6 5022 377 362 397 397
5040 0 220 43 43 424 415
20777 0 30968 38664 38664 37702 37701
17995 1 415 2 1 5 1
6540 0 6677 9990 9990 12736 12734
30360 1 7239 1 1 5 1
1226 4 33413 1787 1763 692 692
36259 5 860 53 53 31014 30941
30840 5 860 4 4 5246 5176
39831 1 4370 1 1 5 1
17244 1 15986 1 1 4 1
9116 4 34497 951 949 4 4
4771 4 11796 55 3 3 3
18918 0 15687 314 314 790 787
18918 6 31983 21071 21062 19679 19679
29544 0 6411 2684 2684 16918 16911
13258 1 515 1 1 5 1
7665 4 11919 23 19 14 14
8356 1 22637 5 1 2 1
17180 1 8356 1 1 4 1
39574 0 13157 1653 1653 3477 3474
20711 1 1090 2 1 3 1
32427 0 24062 11273 11273 20651 20650
40849 0 13412 4216 4216 37652 37647
4316 0 1500 9083 9083 21967 21940
29122 0 1500 176 176 3277 3251
29916 0 33246 37636 37636 37905 37905
33246 0 425 6047 6046 21114 21095
3714 1 3991 1 1 1 1
6702 1 4469 1 1 5 1
20629 0 10089 8774 8774 9511 9511
18423 1 20629 4 1 1 1
4855 1 19562 2 1 1 1
11423 1 4213 5 1 4 1
10241 0 10481 24554 24554 11969 11967
27097 0 10241 12 12 138 128
5125 6 35244 156 156 59 59
10842 1 11135 2 1 2 1
3451 1 3450 1 1 6 1
3450 1 6752 5 1 3 1
26219 0 15966 1153 1153 10986 10983
20729 0 30962 12786 12786 2328 2328
31196 0 30962 25389 25389 31141 31140
36881 0 119 1 1 94 57
119 0 2748 8475 8474 5916 5906
2323 1 23181 1 1 1 1
14339 9 16095 2 1 1 1
32957 0 5195 409 409 7413 7407
32623 1 5195 2 1 3 1
32917 0 9489 24410 24410 36868 36864
40688 0 3489 1536 1536 36626 36565
13220 2 6815 2 1 13 9
5097 1 27076 4 1 1 1
17030 1 2573 1 1 2 1
2573 1 9486 6 1 2 1
37807 1 30144 1 1 1 1
2521 1 38597 2 1 1 1
6946 1 8731 2 1 4 1
9873 9 35523 1 1 1 1
1071 6 14854 40943 40937 40066 40066
3398 4 14735 35 18 1 1
5855 1 7329 5 1 3 1
3929 1 27247 12 1 1 1
16292 1 29803 3 1 1 1
6578 0 5973 121 121 67 64
40850 0 1543 1236 1236 37988 37931
37429 1 32885 1 1 1 1
5932 1 5931 1 1 1 1
14336 1 2808 1 1 3 1
23816 0 13145 1 1 2 2
16675 0 11522 535 535 2772 2772
40851 0 14187 3178 3178 34277 34273
10755 4 22444 30700 30699 3824 3824
11129 1 13730 3 1 3 1
25343 1 13730 3 1 1 1
8639 0 3289 198 198 3661 3638
3289 6 36920 2663 2647 1650 1650
8776 1 1347 2 1 1 1
1347 1 4276 4 1 3 1
39300 0 1590 10793 10793 24842 24819
37068 1 22654 1 1 1 1
1801 1 21363 2 1 1 1
31983 0 35119 4070 4070 15529 15528
31983 6 2119 12000 11998 1132 1132
19488 0 3006 2820 2820 30203 30193
19488 1 38649 21991 21991 38329 38329
40852 0 6747 5288 5288 37355 37353
28133 0 18038 506 506 5962 5959
8634 9 19910 2 1 2 1
11304 0 19910 15217 15217 22605 22604
20413 0 1973 506 506 1506 1451
26353 1 4814 4 3 7 3
22355 0 11595 5179 5179 13005 12999
1588 1 19716 2 1 2 1
11612 1 21343 1 1 1 1
5569 1 10107 1 1 2 1
5923 1 5569 3 1 6 2
24840 0 14776 131 131 204 204
24031 4 32273 38210 38210 25939 25939
12006 1 23328 2 1 1 1
15403 4 40478 296 296 47 47
16346 0 16005 20722 20722 22168 22166
7668 1 35530 2 1 1 1
9434 4 40717 39128 39125 2305 2305
22914 1 3088 2 1 3 1
2945 9 2944 1 1 1 1
24743 1 24742 1 1 2 1
31284 1 19047 1 1 2 1
1664 1 16927 2 1 2 1
40307 0 4362 3 3 481 474
29218 1 4362 2 1 1 1
4362 0 8787 472 472 193 186
17040 8 37417 2072 2071 70 70
39206 0 12650 1 1 25 5
29976 5 5742 2 2 2634 2611
15635 5 5742 7 7 1106 1084
903 5 5742 2 2 534 513
17663 4 9378 1789 1785 6457 6457
20364 1 26993 2 1 1 1
27150 0 3232 2013 2013 6642 6635
40854 0 14981 4445 4445 39573 39569
40855 0 25028 31347 31347 40450 40450
40678 5 5841 81 81 37485 37472
26893 3 11921 25961 25959 946 946
38438 0 24102 1757 1757 5421 5417
22467 0 22049 14 14 49 46
15542 0 22049 4283 4283 19317 19312
40856 0 8153 697 697 37590 37571
36147 0 8153 2800 2800 19803 19785
10925 1 8153 2 1 2 1
34372 4 36708 217 217 6 6
7489 6 35302 125 120 12 11
9267 0 1292 2128 2128 2616 2611
5975 0 8327 3883 3883 8172 8163
112 6 23406 49 4 7 7
6559 1 18773 1 1 2 1
13687 1 7279 1 1 3 1
37981 0 904 6 6 209 198
15563 1 17861 1 1 1 1
24736 1 14901 2 1 1 1
7506 1 27215 8 1 1 1
28486 1 28485 1 1 1 1
22848 1 33665 2 1 2 1
15952 0 3163 1 1 54 15
9298 0 3163 1 1 66 26
28717 0 3163 1 1 44 6
17876 3 17875 1 1 1 1
22196 1 22195 1 1 1 1
13637 1 27685 4 1 1 1
10125 4 13911 38114 38112 6640 6640
4146 0 37135 7887 7887 7403 7401
31487 4 8818 9348 9348 2391 2391
36976 0 4550 28255 28255 40257 40159
24513 0 4550 1 1 106 11
27936 0 4550 2 2 155 58
12322 0 4550 1 1 92 5
40857 0 2021 7218 7218 39589 39535
27575 0 6658 1859 1859 18270 18258
19537 9 28961 1 1 1 1
1070 0 17546 167 167 462 458
9755 1 9754 1 1 4 1
769 1 9754 1 1 3 1
40381 0 34906 440 440 2175 2175
15427 0 134 312 312 6180 6166
134 1 2633 4 1 1 1
1511 0 15914 4008 4008 8265 8262
5005 1 28613 4 1 1 1
18503 1 5005 2 1 7 1
40140 0 27752 2 1 28 25
16225 4 4698 361 358 327 327
40858 0 15284 365 365 32238 32232
628 1 627 2 1 2 1
16800 4 32120 4645 4645 366 366
25305 0 2099 23 23 2409 2382
13821 1 13530 2 1 2 1
16002 1 36632 3 1 2 1
40859 0 37052 13978 13978 39512 39511
6188 4 24112 92 74 2 2
6188 4 24347 20 5 2 2
15067 0 18496 7270 7270 1642 1642
29361 1 18956 1 1 2 1
10119 1 25492 6 1 2 1
28682 1 6956 1 1 1 1
22077 5 6956 1 1 107 88
720 9 26603 1 1 2 1
18029 0 8812 8466 8466 17786 17785
36166 1 16798 1 1 1 1
30646 4 33263 30361 30361 8307 8307
10063 0 8348 26486 26486 39862 39855
28320 1 27155 1 1 1 1
27155 1 29136 2 1 2 1
737 0 704 39406 39406 40689 40688
16207 1 16206 1 1 1 1
37148 0 23650 9153 9153 23466 23466
33954 1 14292 1 1 2 1
29886 1 28685 2 1 3 1
9855 6 33387 55 31 13 9
3785 0 28084 36101 36101 40892 40891
20088 5 3785 533 533 36213 36195
32514 5 3785 61 61 24324 24307
6922 1 6921 5 1 6 1
6921 1 7885 3 1 6 1
7656 1 11492 1 1 1 1
16454 1 15118 6 1 4 1
27917 0 8192 11 11 27 24
27917 1 5927 3 2 8 3
5927 1 27917 8 3 3 2
4197 0 8050 2 2 5 2
4197 1 37513 5 1 1 1
25431 1 5635 1 1 3 1
15018 1 18772 2 1 1 1
9762 6 8948 10296 10292 1160 1160
30927 6 25532 4180 4180 7876 7876
19315 1 39214 2 1 1 1
39214 0 32965 2 2 5 5
18563 0 4302 21 21 81 79
21993 1 19504 3 1 1 1
9794 0 26796 24410 24409 23838 23838
40860 0 1945 521 521 36684 36660
13748 1 11108 3 1 2 1
4384 1 24793 2 1 2 1
10633 4 19550 14519 14519 5026 5026
27322 1 37139 1 1 1 1
40383 0 38168 36855 36855 37821 37821
7362 4 32362 14 1 3 3
22231 1 8513 1 1 2 1
40692 0 8924 1012 1012 37512 37503
1685 1 12089 2 1 1 1
450 4 4488 227 209 2 2
39094 5 3918 61 61 30410 30393
40914 5 3918 39 39 33931 33912
2315 0 3918 4 4 76 68
40869 0 3918 6208 6208 34562 34553
39375 4 35988 5522 5522 3184 3184
33362 0 724 410 410 13133 13115
4388 4 38068 36 24 1 1
24592 0 13837 25327 25327 37732 37728
4109 6 1349 233 229 525 524
20971 4 929 456 456 9161 9160
23939 0 929 13776 13776 31311 31300
2108 1 23830 3 1 2 1
137 1 39790 1 1 1 1
14471 4 26704 153 149 148 148
38379 0 2037 13443 13443 37565 37562
3297 1 2037 3 1 1 1
19597 1 29925 3 1 1 1
9472 3 9553 20417 20417 34836 34834
24002 1 31718 1 1 1 1
13378 4 37002 33 25 2 2
18672 8 18729 9428 9428 4378 4375
23066 0 10976 1759 1759 1066 1066
37193 0 36623 32170 32170 39277 39277
35461 0 15432 6733 6733 17139 17137
6086 1 37968 4635 4635 6101 6101
39988 0 6132 129 129 3318 3312
27635 0 6879 3270 3270 1076 1076
12792 1 18251 1 1 2 1
25299 0 17090 931 931 131 129
22804 0 9256 8 8 22 19
22046 1 449 1 1 2 1
26701 5 39164 32991 32991 11569 11569
33010 4 37752 4777 4776 272 272
17564 4 28570 34516 34516 4948 4948
14394 1 27202 1 1 2 1
40861 0 35307 24406 24406 40381 40381
36533 1 31832 1 1 2 1
1421 1 13698 1 1 1 1
1421 1 1420 2 1 1 1
15918 1 8898 1 1 1 1
39681 2 3869 44 44 20163 20131
13147 2 3869 1 1 40 11
29520 1 38175 1 1 1 1
7705 4 29204 45 39 44 44
31945 1 533 1 1 2 1
20267 1 11332 2 1 2 1
40862 0 6138 3533 3533 39065 39050
12405 1 2536 1 1 4 1
22145 0 267 2185 2185 17970 17946
12466 4 38408 90 68 2 2
12466 4 38825 26 6 4 4
16552 1 10073 2 1 1 1
31672 0 16442 7279 7279 17762 17762
34829 0 34921 3 3 3 1
6539 1 27537 6 1 1 1
24829 0 20017 7667 7667 28295 28290
28048 0 20017 40342 40342 38298 38292
40863 0 22831 2502 2502 39648 39643
9658 0 22831 2717 2716 1959 1955
17365 6 1148 37670 37670 26151 26151
11735 1 13906 2 1 1 1
10734 0 10886 20 20 45 31
1494 0 15383 10593 10593 25416 25415
31725 6 3983 307 307 1629 1628
3023 1 19162 1 1 3 1
28499 0 2833 11393 11393 17475 17460
4250 3 26422 1897 1896 9992 9990
14121 1 5862 1 1 3 1
1002 0 15449 6576 6576 18699 18694
14237 9 14236 1 1 1 1
40286 1 14159 1 1 2 1
1432 4 24308 45 29 1 1
29759 0 21793 6 6 10 9
40 0 9353 1748 1748 4356 4348
36532 1 36531 1 1 1 1
4832 1 7867 4 1 1 1
27716 6 14968 13530 13530 7180 7180
304 0 25231 2998 2998 5832 5831
8542 1 19421 2 1 1 1
30629 1 15712 1 1 2 1
20027 2 9746 2 2 21 10
26019 0 4682 1 1 8 4
15092 4 32205 30320 30316 1505 1505
13106 4 30126 512 501 31 31
7451 0 9653 36288 36288 39667 39667
14198 1 7551 1 1 4 1
19206 1 11656 1 1 2 1
938 1 29478 2 1 1 1
19923 0 13346 10454 10454 35831 35821
40895 0 13346 108 108 29696 29687
8767 0 2776 5478 5478 6644 6620
17206 0 4193 7581 7581 22164 22162
9026 1 21448 1 1 4 1
10884 1 23870 39 38 262 260
10884 0 12402 6876 6876 8517 8516
33656 0 17442 1416 1416 5824 5820
29844 1 36062 2 1 1 1
39433 6 40246 43 42 2 2
13370 4 32777 30958 30957 3985 3985
40865 0 34557 4634 4634 36703 36702
12307 1 5388 1 1 4 1
8628 3 1186 26782 26780 3800 3800
4299 0 1562 1140 1140 2378 2371
18208 6 35649 2304 2304 3699 3699
12758 0 980 17754 17754 28879 28878
26577 4 38800 2608 2608 240 240
40866 0 8678 2993 2993 39511 39508
32294 0 1897 1977 1977 28513 28439
6937 1 1897 2 1 8 1
9481 9 158 2 1 4 1
13100 9 9481 1 1 1 1
15588 1 15587 5 1 2 1
13773 0 27141 2456 2456 29485 29482
25916 0 16303 216 216 324 314
36297 0 16303 1 1 226 217
20354 1 18989 1 1 1 1
973 1 13336 2 1 5 1
5185 0 13336 5375 5375 2527 2523
9012 5 7786 1 1 614 595
33237 1 410 1 1 1 1
14633 6 31433 11228 11227 25198 25198
14633 6 8142 4148 4148 25549 25549
40867 0 339 447 447 31628 31625
3453 1 18417 7 1 1 1
8951 1 28285 3 1 2 1
1460 1 8951 1 1 2 1
8222 1 6150 5 1 2 1
8054 3 25795 3 1 1 1
6845 1 2779 1 1 1 1
19202 0 12252 30 30 238 232
20124 1 18592 1 1 3 1
20124 0 14100 877 877 1247 1243
30846 0 2941 134 134 2867 2866
39027 0 9415 3989 3989 24237 24225
23350 1 17390 1 1 1 1
8558 1 7530 1 1 3 1
40868 0 5700 37648 37648 40529 40529
32469 0 324 2180 2180 12064 12045
8545 0 324 8428 8428 26189 26169
25032 1 25031 2 1 1 1
38057 9 30720 1 1 1 1
2030 0 1832 1 1 15 5
1637 0 5616 124 124 119 110
9928 0 5616 17 17 47 39
1702 4 29665 245 241 10 10
36951 4 24229 65 63 105 105
6008 1 1041 1 1 2 1
14647 0 13213 30 29 6 6
699 1 22618 1 1 1 1
35907 4 37894 5875 5875 691 691
13383 1 2789 2 1 2 1
2713 6 7645 36 2 3 2
11577 1 7731 2 1 3 1
40870 0 1335 9533 9533 39847 39846
24483 1 12798 1 1 3 1
17309 0 30810 537 535 1804 1802
10156 1 963 3 1 2 1
2452 1 3976 2 1 1 1
2452 1 7086 5 1 2 1
40905 0 3387 474 474 34183 34169
7217 1 3387 2 1 1 1
8525 4 37769 28286 28284 1763 1763
35828 0 1364 13 13 3150 3120
26559 6 35828 195 195 596 596
16493 1 19237 2 1 7 1
2933 1 7202 4 1 4 1
6048 9 22594 2 1 1 1
29003 1 35415 4 1 1 1
20788 1 10332 3 1 2 1
5707 1 5706 1 1 1 1
29609 1 29608 1 1 1 1
22190 1 35891 4 1 2 1
22190 1 11262 2 1 1 1
9192 1 19649 6 1 2 1
26202 0 7136 201 201 2152 2151
36138 0 7877 7 4 12 9
23317 0 6977 32243 32243 37401 37365
40920 0 6977 3308 3308 37100 37065
36948 1 27706 6697 6697 9675 9674
34777 1 14753 1 1 2 1
1620 4 23845 22 7 1 1
12071 1 18026 3 1 1 1
8848 5 14818 2 2 613 599
11500 6 11034 900 894 112 110
16013 1 5367 5 2 3 1
10574 6 36868 1149 1145 26 25
18072 0 1880 7381 7381 35652 35637
7031 1 26802 2 1 1 1
32487 1 10667 3 1 3 1
28680 1 10686 1 1 2 1
9031 4 20091 51 33 4 4
37696 0 13023 4350 4350 23453 23445
5434 1 5433 2 1 1 1
24552 2 8531 189 188 3569 3566
35789 5 3276 62 62 13550 13519
31511 5 3276 184 184 40911 40879
39401 0 24275 4 3 374 362
27408 0 4448 2 1 28 20
13163 1 17198 2 1 2 1
8664 1 2489 1 1 6 1
2489 1 15398 5 1 1 1
25485 2 3943 1 1 33 3
38545 2 3943 1 1 34 3
36055 6 19589 11976 11976 21808 21808
19768 0 5156 254 254 7011 6979
26405 0 5156 1 1 336 305
17022 6 35666 16539 16536 1715 1715
17022 6 3619 14864 14862 1065 1065
4621 1 88 1 1 1 1
40873 0 28355 5271 5271 33607 33605
2460 9 9748 1 1 1 1
36214 0 573 26 26 2348 2309
40874 0 22716 14020 14020 34507 34507
25322 4 40518 523 523 607 607
2760 0 11134 97 97 415 409
4446 9 1807 3 1 1 1
11636 0 4446 4882 4882 15926 15925
36303 1 2876 1 1 1 1
37244 1 21630 1 1 3 1
38942 1 2626 1491 1491 8214 8211
31471 0 2626 4 4 46 45
3018 0 27173 34980 34980 35208 35208
26985 0 7600 18 18 89 84
37635 0 7600 3 3 1035 1029
8617 6 7587 5749 5738 232 232
24972 0 1142 5890 5890 19616 19614
680 7 38698 20388 20326 2 2
680 7 40901 31362 31299 1 1
6028 0 29623 31046 31046 33475 33475
29623 0 33835 14277 14277 31650 31647
36506 4 25083 13048 13048 2414 2414
7152 1 4236 2 1 3 1
22504 0 7152 59 59 3342 3337
40876 0 1295 469 469 34270 34264
21646 1 1295 2 1 5 1
22690 0 9531 2 2 42 38
34554 0 9531 610 610 2320 2315
701 1 25692 1 1 1 1
14347 1 5567 3 1 2 1
22500 1 15849 2 1 2 1
24584 6 29929 39175 39175 30627 30627
18192 4 1499 139 139 124 124
17820 1 654 2 1 5 1
23192 1 654 1 1 6 1
34164 0 21362 171 171 4210 4205
23961 0 6776 3432 3432 27781 27772
14951 5 6776 22 22 313 308
2111 1 35677 3 1 1 1
32320 1 16031 14874 14874 28984 28984
31261 4 13766 14151 14151 4705 4705
38116 9 9 1 1 2 1
40068 0 28942 35294 35294 38637 38637
21724 1 8592 5 1 2 1
4229 1 37036 28826 28822 4006 4006
29447 0 15913 7596 7596 19480 19475
16697 4 31051 276 271 9 9
5443 6 33646 23 5 3 2
13087 1 36310 2 1 1 1
22927 4 27025 42 42 119 119
24129 1 15215 2 1 2 1
24953 0 13135 1067 1067 13797 13788
22068 0 29955 17826 17826 31756 31756
6111 0 23960 856 856 1793 1791
6111 1 11198 5 1 1 1
2003 0 4127 18927 18927 29957 29953
40878 0 34399 3040 3040 35691 35687
26349 1 19291 2 1 1 1
15641 1 5982 1 1 1 1
21253 0 5982 9037 9037 6796 6796
3948 3 25669 9141 9137 54 54
40879 0 39495 23372 23372 38439 38439
10738 0 8594 27514 27514 22225 22219
40612 0 8594 3421 3421 36036 36029
12395 0 4161 1048 1048 16344 16316
40942 0 4161 4758 4758 39144 39114
26530 0 25605 33910 33910 34861 34860
25576 0 19971 1060 1060 2832 2826
3574 6 39280 298 294 136 136
35051 1 36988 1 1 1 1
19269 6 3870 3 2 26 26
26457 1 21879 1 1 2 1
16049 4 31756 123 121 27 27
26279 5 6146 1 1 661 650
31974 5 6146 11 11 25728 25716
22137 5 3531 124 124 39910 39888
15837 1 15836 1 1 1 1
3895 0 3721 579 579 17808 17773
23820 6 25420 98 93 11 10
23820 6 11103 5 1 2 1
28203 4 29473 891 887 8 8
2999 1 36067 4 1 1 1
11766 5 10754 166 166 31609 31590
40880 0 10330 2446 2446 36941 36936
29695 1 25945 1 1 1 1
15242 6 5534 292 290 522 520
16017 3 30757 6744 6742 27010 27009
9486 3 6190 5408 5404 124 124
10504 6 36780 19430 19423 3488 3488
31226 0 17728 1077 1077 10075 10066
8734 1 1538 2 1 1 1
29667 0 249 10533 10533 39898 39852
7681 0 249 8 8 137 93
1196 5 12328 24 24 19454 19437
29190 5 2139 112 112 36761 36734
9335 5 2139 1 1 38 14
13338 1 18054 1 1 1 1
19110 4 40436 259 259 98 98
1935 0 7945 219 219 5127 5105
1104 0 7945 5 4 61 40
32001 2 3539 101 101 17949 17948
7118 0 3978 490 490 2000 1979
27765 0 206 615 615 10073 10043
16624 9 15794 1 1 1 1
1966 4 24890 2480 2478 1336 1336
31338 0 8266 6452 6452 6672 6668
40221 5 73 1 1 48 5
3410 4 40221 18591 18590 39 39
29650 5 73 76 76 30557 30499
4984 0 73 146 146 3882 3871
7890 1 8556 4 1 1 1
32343 0 7890 7426 7426 28518 28501
4686 0 9935 28297 28297 38620 38604
1690 1 5111 12 1 2 1
23282 0 1690 143 142 1204 1194
10335 1 2363 1 1 7 1
19856 1 15917 2 1 2 1
15168 1 35514 1 1 1 1
40881 0 9334 4939 4939 38555 38550
28253 1 28252 1 1 2 1
11736 1 678 3 1 2 1
12371 1 20336 5 1 2 1
26039 1 31200 30928 30928 19428 19428
39168 1 23614 1 1 1 1
20692 1 21524 2 1 1 1
24359 1 36592 1 1 2 1
6740 1 6335 2 1 2 1
38194 0 6335 29889 29889 37365 37365
5315 0 18408 15994 15994 18967 18967
11605 4 40002 4086 4086 1407 1407
12921 1 24570 11 1 3 1
21374 1 12921 1 1 10 1
5134 2 4633 1 1 13 2
35877 0 85 1 1 263 30
23185 0 85 351 351 3284 3045
40756 0 85 187 187 35747 35500
26136 1 26135 1 1 1 1
37633 0 20754 14002 14002 27066 27065
40883 0 1222 5426 5426 40089 40075
40904 0 1222 1783 1783 37328 37315
19190 1 22874 2 1 1 1
14563 2 35454 5098 5096 3436 3436
12530 1 5329 1 1 2 1
37793 0 425 11323 11323 21868 21848
7112 1 21005 1 1 5 1
13785 6 30026 26519 26518 7101 7101
30892 1 27200 1 1 1 1
22309 1 11345 1 1 2 1
652 1 11489 4 1 1 1
21523 0 5914 104 104 2375 2371
19459 1 8641 1 1 1 1
103 0 9917 23385 23385 23161 23160
34367 1 30925 1 1 1 1
39210 0 36049 26105 26105 37052 37051
27244 6 22681 416 415 715 715
12608 4 21734 60 57 16 16
31281 1 6359 1 1 5 1
40153 0 6359 14471 14471 21067 21059
28257 1 28256 2 1 1 1
3741 6 11977 3 1 4 1
8455 0 14334 1004 1004 88 87
11170 1 606 4 1 1 1
9097 4 33963 3455 3454 568 568
15436 1 15435 1 1 1 1
9201 1 9200 3 1 1 1
6058 0 5378 6 6 87 73
5378 1 9054 4 1 5 1
24455 0 7235 9461 9461 23125 23120
40886 0 36491 3575 3575 34887 34886
27948 0 29072 19200 19200 25954 25950
2574 1 10949 4 1 5 1
15184 1 36822 1 1 2 1
17033 1 208 1 1 2 1
5633 0 4663 30595 30595 38225 38209
23779 0 17423 763 763 6757 6753
31140 0 1615 322 322 951 946
25999 1 31140 1 1 2 1
29071 0 25203 4190 4190 10103 10100
4929 4 37085 340 334 43 43
11962 4 5667 12 8 7 7
14732 6 18907 19041 19040 27185 27185
4582 0 23340 10417 10417 32795 32791
2940 0 23340 11 11 174 171
6093 10 24981 2 1 1 1
14001 0 36202 10835 10835 21872 21872
37407 0 19919 2705 2705 20053 20050
28934 0 6210 10 9 32 29
13298 1 26814 3 1 1 1
12356 1 20726 2 1 1 1
11679 7 15652 32534 32527 11 10
18992 0 780 2105 2105 1593 1585
12696 0 1750 11446 11446 24352 24350
22477 1 2282 6 1 1 1
17701 4 36065 18604 18604 1730 1730
20641 0 36866 4913 4913 364 363
31601 0 1352 103 103 3501 3495
36144 0 28533 13836 13836 31712 31712
22400 2 2183 1 1 94 63
39117 2 5348 46 45 1477 1475
12905 1 5832 1 1 1 1
16355 1 22399 9346 9341 4525 4525
8334 2 35737 297 297 26822 26821
13347 0 26570 182 182 12990 12988
40889 0 34949 15810 15810 38146 38146
12551 0 7485 14 14 187 186
3154 1 27514 3 1 1 1
35950 0 20760 14235 14235 18441 18436
20760 0 25127 25847 25847 10314 10313
23933 1 23098 2 1 4 1
12685 6 19180 919 913 503 503
12358 2 4168 15 15 1902 1893
7700 2 4168 9 9 2038 2028
35674 0 16517 11786 11786 4309 4309
6813 1 5175 2 1 1 1
7375 1 7374 3 1 2 1
40890 2 23906 3537 3537 40406 40406
21948 4 38918 26566 26566 13736 13736
17500 9 17499 1 1 1 1
6759 1 21078 4 1 1 1
11196 0 24534 5441 5441 19220 19217
16734 7 13678 20203 20200 10 10
865 1 17946 9 1 1 1
1821 6 39122 216 202 31 31
11630 1 31896 4 1 1 1
7284 1 17756 2 1 1 1
26770 5 6829 13 13 4407 4401
37565 1 22789 2 1 2 1
11926 1 11925 5 1 2 1
27446 1 22702 3 1 3 1
13999 0 37238 482 482 1635 1634
2050 6 30438 37646 37646 32841 32841
21493 0 24309 13682 13682 11052 11052
40891 0 13449 12399 12399 39689 39688
15390 1 38904 83 82 9 9
33146 1 2101 3 2 13 5
17987 3 17986 1 1 2 1
29746 3 17987 1 1 2 1
2692 0 10487 679 679 2110 2107
32902 1 29338 1 1 1 1
14511 6 11512 23841 23834 2302 2302
6117 1 683 1 1 4 1
25817 0 40019 34467 34467 35574 35574
39730 4 31900 31785 31785 39804 39804
14912 3 19439 4 1 1 1
34332 4 1842 9 5 3 3
29957 5 8285 80 80 26492 26488
8398 4 40398 19810 19810 12126 12126
13141 4 36356 23 11 3 3
24146 1 36079 1 1 1 1
12197 1 24146 4 1 2 1
8973 0 15567 8930 8930 30095 30094
2840 1 18631 1 1 1 1
4993 1 4648 1 1 10 1
15543 4 26788 8310 8310 10808 10808
9926 1 1976 1 1 2 1
40893 0 10088 9900 9900 40387 40382
18632 0 15264 23283 23282 14833 14830
25930 4 9684 39262 39256 10321 10321
39714 5 5407 1 1 461 437
31612 1 9688 1 1 2 1
1782 1 1781 1 1 3 1
34009 6 39128 7662 7659 768 767
25597 0 4132 275 275 436 426
16378 0 2054 2 2 51 35
12541 0 2054 1 1 52 35
2054 1 17904 14180 14180 4451 4450
18557 9 18725 1 1 1 1
40453 1 28165 1 1 3 1
7231 0 16733 25200 25200 10926 10926
17867 1 14085 2 1 1 1
36201 4 39259 622 621 1211 1211
17202 0 12720 3 3 57 48
28053 0 4049 3775 3775 8533 8519
25593 0 4049 8070 8070 17069 17054
4049 1 28361 1 1 1 1
22873 1 37187 7 1 1 1
37187 0 3391 18951 18951 29900 29896
30984 1 6485 3 1 2 1
12052 1 6794 1 1 3 1
6371 6 13857 18269 18265 1675 1674
1675 3 3261 2 1 2 1
32329 0 39076 12668 12668 19003 19003
1788 0 22163 44 44 32 28
8791 1 15310 2 1 8 1
13863 1 15310 4 1 4 1
3838 1 15310 3 1 6 1
36716 0 15310 7211 7211 25717 25717
23303 1 6584 2 1 6 1
9014 0 13840 21793 21793 26803 26798
9501 1 16279 2 1 2 1
9412 1 35482 3 1 1 1
26517 1 352 3 1 13 4
30651 1 30650 2 1 1 1
13606 0 5759 565 565 4544 4529
24242 4 40495 26992 26992 8840 8840
3024 1 8489 1 1 9 3
4914 4 5471 9 4 10 10
16649 0 11808 7896 7896 19444 19438
16580 1 16649 1 1 2 1
8882 1 30608 2 1 1 1
24380 6 4034 41 41 315 313
20967 1 38940 40943 40940 40872 40872
38940 1 20967 40872 40872 40943 40940
12345 4 32572 33517 33516 6423 6423
17336 1 6811 1 1 2 1
4393 0 21188 110 110 199 197
16082 0 19592 28474 28474 4594 4593
13599 4 38034 770 770 234 234
2399 3 852 2 1 1 1
26551 1 17969 2 1 1 1
19862 1 25685 4 1 1 1
33100 0 23835 975 975 15654 15648
38732 1 16818 1 1 2 1
30257 4 39983 56 56 757 757
2097 1 9439 1 1 2 1
8891 1 8890 1 1 4 1
10946 1 16189 16 13 2 1
23311 5 666 4 4 1114 1086
7605 1 16736 2 1 2 1
40896 0 23801 9901 9901 36870 36868
3152 1 34834 3 1 1 1
8027 0 17129 1990 1990 14155 14154
18036 1 23414 1 1 2 1
10896 1 5187 1 1 1 1
29378 0 14065 12 12 94 92
11268 1 18820 39702 39701 40838 40835
10603 3 7644 1 1 2 1
28163 6 33290 5400 5400 1357 1357
26372 1 2839 3 1 3 1
13731 1 3340 3 1 5 1
30635 1 27499 2 1 3 1
19561 2 12788 16 14 65 63
6316 1 14884 58 56 272 271
14884 1 6316 272 271 58 56
40071 0 542 820 820 13623 13609
24433 1 24432 2 1 1 1
8518 8 19686 167 162 10 10
36028 1 13581 1 1 2 1
23015 1 39472 1 1 1 1
29941 0 8121 117 117 3102 3097
11007 0 39628 37145 37145 25895 25894
38483 1 35975 1 1 1 1
27069 0 17594 39736 39736 36440 36439
31414 0 21528 1318 1318 6034 6031
10966 0 6448 1622 1622 11319 11315
7275 0 36151 4744 4744 4734 4733
10347 0 12311 410 410 447 436
40897 0 15992 5168 5168 40236 40231
29348 1 9181 1 1 6 1
181 4 20452 82 77 9 9
30056 0 13450 23632 23631 20683 20677
13510 0 34706 20617 20617 25353 25351
9041 1 8986 4 1 3 1
33052 1 6521 2 1 5 1
26934 4 36843 463 463 66 66
2778 1 2777 4 1 1 1
28399 9 24687 1 1 1 1
28399 0 7125 9 9 19 17
163 1 9522 5 1 2 1
38964 6 15538 221 219 133 131
36295 6 20656 5 5 16 16
7947 1 3044 4 1 7 1
24577 0 6103 22546 22546 20755 20752
39447 2 955 3 2 3381 3368
27080 0 35724 13721 13721 30606 30606
18317 0 16471 4731 4731 8723 8720
40899 0 1371 3008 3008 35955 35932
35847 0 1371 10846 10846 16519 16497
32447 6 14556 2 1 41 40
5046 5 5363 9 9 16709 16694
31855 0 1378 10137 10137 32319 32257
19994 0 1378 7 7 885 826
25740 0 1378 13 13 1139 1079
40676 0 1378 2458 2458 38626 38563
20832 0 2453 588 588 9755 9704
38637 0 35536 39436 39436 39986 39986
29542 6 38922 102 102 27 27
17578 1 8885 2 1 2 1
40900 0 3668 3297 3297 38521 38513
38879 4 40465 5046 5046 320 320
23645 1 3271 2 1 2 1
10717 1 23392 2 1 3 1
7129 6 37636 46 26 1 1
7129 6 39342 37 18 6 3
22752 1 11603 1 1 2 1
13171 0 2104 24 24 2524 2508
3840 4 25993 170 169 5 5
6976 1 6542 1 1 1 1
6504 0 17314 6 6 18 11
1218 1 18913 5 1 1 1
23637 1 22005 1 1 1 1
12259 4 40042 11103 11103 13681 13681
29053 0 31232 5033 5033 25415 25411
14841 1 11642 2 1 2 1
12434 1 11406 1 1 1 1
4571 1 19807 2 1 1 1
12516 1 16943 1 1 2 1
9471 1 28564 5 1 1 1
40902 0 30686 11699 11699 40171 40170
215 1 13069 6 1 2 1
28342 4 21955 141 141 372 372
4050 1 5908 2 1 1 1
10960 0 16571 11886 11886 17896 17895
3343 1 1512 5 1 2 1
15421 1 7039 4 1 1 1
40903 0 23890 14485 14485 39018 39017
18173 1 23932 3 1 3 1
26645 1 11702 1 1 2 1
15117 1 11702 1 1 1 1
7241 1 9423 3 1 1 1
15866 1 20662 2 1 3 1
308 1 23762 2 1 1 1
1602 1 20590 4 1 2 1
7541 1 7540 2 1 1 1
4015 0 32323 28444 28444 31057 31057
36003 2 3957 2 1 5 1
11479 0 4865 59 59 1096 1090
1202 0 14475 8410 8410 16842 16839
14612 1 19739 3 1 3 1
7024 0 6752 1 1 290 276
32853 0 5203 445 445 3309 3307
37253 0 40396 36493 36493 37020 37018
34648 0 16831 96 96 2921 2920
1613 1 3914 2 1 2 1
10826 0 26562 349 349 2481 2476
23101 1 12527 1 1 2 1
27830 0 8061 13390 13389 24124 24122
20864 1 6464 1 1 3 1
5262 6 29332 38005 38002 1929 1929
35821 0 16863 13378 13378 22623 22617
13407 1 4967 2 1 1 1
9713 1 18011 1 1 1 1
31393 4 27927 24632 24632 6268 6268
12347 1 13214 4 1 1 1
22063 1 36525 1 1 1 1
37425 0 4766 29597 29597 40606 40606
27152 4 38832 35292 35291 2791 2791
31830 5 24055 34742 34742 39319 39319
15799 6 17609 13 2 1 1
38974 0 621 300 300 2887 2886
17241 0 17150 45 45 369 368
2858 4 33960 314 281 1 1
26230 0 10765 23 23 1800 1793
19752 1 19897 5 1 3 1
38731 0 10922 65 65 916 913
30909 6 31031 33007 33007 19071 19071
40907 0 25161 6185 6185 35428 35426
36978 0 692 12 12 3965 3941
29708 0 692 1 1 119 96
20476 1 6724 3977 3976 5209 5207
40908 0 7921 24613 24613 40011 40011
2443 9 5163 2 1 1 1
12141 1 2443 1 1 1 1
7159 4 32394 314 312 30 30
9995 0 1520 9 9 56 46
3657 1 11758 3389 3389 9148 9144
687 6 27283 9657 9636 863 863
8662 0 716 1 1 56 18
7974 1 3145 3 1 3 1
24517 1 9302 1 1 2 1
7449 0 7095 21058 21057 32027 32027
31989 4 40175 21646 21646 3543 3543
40909 0 3338 342 342 24554 24546
19172 0 15730 1655 1654 3605 3604
15433 6 23550 31646 31643 4660 4660
15869 1 9418 3 1 3 1
27694 3 13419 1 1 2 1
21543 0 14367 11641 11641 30257 30251
5015 4 5256 18199 18192 2921 2921
16016 1 10865 1 1 1 1
2379 0 14652 23320 23320 32842 32842
40910 0 10662 1844 1844 40089 40081
13388 1 17572 2 1 3 1
38526 0 17405 351 351 20967 20959
9889 0 38560 194 194 147 146
11600 0 13047 1 1 14 6
40912 0 9931 33442 33442 40161 40161
36575 0 34172 11137 11137 34391 34388
19960 6 20910 3061 3060 2802 2802
10868 1 6529 2 1 1 1
25398 1 30292 1 1 1 1
13664 1 23487 2 1 2 1
40913 2 1214 23 23 39049 39030
13094 2 1214 3 1 19 1
16437 0 26208 1572 1572 9154 9152
22757 1 22756 2 1 1 1
40260 0 26108 2 2 44 42
32735 0 5654 4489 4489 4161 4158
3447 1 9780 4 1 2 1
14404 1 3447 1 1 6 1
7985 1 4209 1 1 4 1
40915 0 10407 36432 36432 40830 40830
6851 1 6468 2 1 5 1
15604 3 4192 36943 36943 21803 21803
9074 0 2243 32 32 551 550
16945 1 27937 1 1 1 1
37937 2 17319 2 1 29 25
17444 1 7040 1 1 1 1
24542 0 21434 27037 27037 14337 14336
19654 0 38248 2577 2577 8009 8009
40916 0 25194 11889 11889 40661 40660
3512 1 1507 3 1 1 1
35515 4 5683 16897 16897 10275 10275
26598 1 13630 1 1 1 1
3815 1 39428 3 1 1 1
4037 0 16708 1 1 6 2
29698 0 8868 712 711 2048 2047
15051 1 14230 1 1 5 1
1006 3 17460 2 1 3 1
20944 1 2415 3 1 4 1
9847 3 11802 24226 24218 1292 1292
19964 4 40677 35202 35199 240 240
23100 1 23574 1 1 2 1
21645 1 16026 3 1 3 1
3046 0 140 392 392 2354 2348
1732 6 23260 12 2 3 3
29279 4 22476 24817 24817 2866 2866
21641 0 8412 29431 29431 35967 35966
40283 0 13935 12 12 1180 1177
20075 1 5623 2 1 2 1
32173 0 25942 32442 32442 33791 33788
17114 1 9438 1 1 2 1
33419 4 28271 9541 9539 918 918
40917 0 5681 17061 17061 34773 34772
15907 1 15906 2 1 3 1
15906 1 26088 2 1 2 1
14098 4 39569 752 750 219 219
4725 1 3135 1 1 2 1
24645 1 21259 1 1 2 1
22111 1 25386 1 1 1 1
11499 1 5619 2 1 1 1
3068 1 3431 2 1 1 1
7765 1 7764 2 1 2 1
11813 1 30361 3 1 1 1
13330 1 4080 2 1 2 1
40919 0 27595 5575 5575 34116 34115
26579 0 27595 29551 29550 17959 17959
20569 1 7364 2 1 7 1
27835 1 30774 1 1 1 1
2212 6 39573 7923 7923 3099 3099
29644 1 22647 1 1 1 1
28102 1 13943 1 1 1 1
39806 0 4094 16585 16585 31919 31919
11333 0 1873 1076 1076 2397 2388
7708 1 7707 1 1 2 1
20826 6 37122 1058 1057 25 25
35116 1 2058 1 1 5 1
4697 1 3858 2 1 3 1
11455 4 7090 8 4 18 18
40921 0 10175 1871 1871 34569 34563
38431 1 28014 1 1 1 1
12033 1 19844 1 1 1 1
5245 0 33893 14038 14038 7392 7392
34222 0 38513 15933 15933 22569 22568
8695 1 8694 1 1 3 1
3104 1 3103 1 1 2 1
15438 1 11384 1 1 2 1
31721 1 24228 1 1 1 1
2370 4 3245 78 58 1 1
8754 1 6098 4 1 2 1
8754 1 4244 2 1 3 1
18988 0 27345 4381 4381 9948 9947
40923 0 13663 694 694 35380 35359
11049 0 722 1567 1567 14739 14731
38784 0 6570 796 796 20208 20193
16141 4 16183 323 321 130 130
496 1 32512 3 1 1 1
37743 1 14493 1 1 4 1
5090 1 38941 2 1 1 1
34217 1 30032 2 1 2 1
16865 1 8774 1 1 1 1
26008 1 24248 2529 2527 54 54
37763 1 3707 1 1 1 1
22457 6 34682 8 8 3 3
33138 1 11811 1 1 1 1
25767 4 33687 823 823 81 81
13958 4 28025 16 8 18 18
656 1 37010 3 1 1 1
10583 1 2117 5 1 3 1
20736 1 17537 10624 10624 23823 23822
10184 0 28333 24 24 534 530
38142 0 26564 4868 4868 8393 8393
3096 4 25112 110 102 12 12
15613 0 15381 18212 18212 27221 27217
22584 1 12684 1 1 3 1
10350 1 13671 1 1 1 1
7514 1 25165 2 1 1 1
25852 1 20593 1 1 1 1
14893 0 27550 19208 19208 2587 2587
22787 1 22786 1 1 2 1
5300 0 27067 35698 35697 27442 27442
622 0 8078 2973 2973 9161 9150
24444 8 33475 31962 31962 30062 30062
35002 0 19318 5183 5183 26891 26889
5466 0 115 152 152 6939 6923
19843 0 2682 19 19 475 474
22395 0 5140 2150 2150 11034 11030
20504 0 11647 9437 9437 25284 25275
11184 4 27448 5336 5327 460 460
33563 0 18375 8484 8484 17462 17462
19846 1 18645 20494 20492 23853 23852
23722 0 20561 9816 9816 12588 12588
36869 1 18872 1 1 1 1
1358 1 1357 3 1 1 1
13443 1 1717 3 1 2 1
9968 1 13305 1 1 2 1
6222 1 29825 1 1 2 1
19156 0 89 3480 3480 27434 27417
28882 9 3696 1 1 1 1
40924 0 22072 8472 8472 40316 40312
30066 1 7387 1 1 4 2
15533 0 7387 469 469 3458 3452
6506 6 39335 3326 3319 72 72
29368 0 40057 17490 17490 9737 9737
27225 6 33459 3912 3905 31 31
34773 0 34386 24344 24344 18615 18613
40449 0 1803 653 653 21871 21863
21774 6 9252 24947 24947 20166 20166
18483 1 17730 2 1 1 1
18247 1 33545 1 1 1 1
38623 0 5839 38913 38913 40770 40765
4359 1 29197 2 1 5 1
29197 1 13612 4 1 3 1
27198 1 6242 1 1 6 1
27447 1 4053 1 1 1 1
13806 1 28087 1 1 1 1
40925 0 19888 37282 37282 40876 40876
9983 4 21913 8692 8690 91 91
20348 0 11447 4 4 22 22
38036 0 1666 4146 4146 24935 24924
32679 0 34089 622 622 385 385
35965 4 17251 103 103 709 709
18481 6 27900 10402 10402 3281 3281
37628 1 32564 1 1 2 1
4466 1 21189 2 1 1 1
640 1 7220 2 1 1 1
24070 0 18975 5748 5748 16711 16709
2758 1 22165 2 1 2 1
4556 1 9927 3 1 5 1
40353 0 10745 21675 21675 38579 38574
19632 1 35311 1 1 1 1
39784 1 31199 1 1 1 1
4594 0 5891 2783 2783 19395 19391
4491 0 19288 5785 5785 1602 1600
30729 4 33668 6282 6282 3017 3017
34985 0 3925 1152 1152 4684 4680
28487 1 7168 1 1 2 1
26416 1 36198 3 1 1 1
34811 0 1272 2329 2329 9664 9647
3263 1 2390 1 1 1 1
11689 0 15537 8000 8000 26490 26487
28752 0 4416 4004 4004 4145 4144
27422 0 8663 23559 23559 35892 35890
5643 1 3754 2 1 2 1
11366 1 26527 5 1 4 1
24792 1 893 1 1 2 1
6657 1 21399 1 1 1 1
18566 1 6657 1 1 2 1
39413 0 5325 1339 1339 9480 9454
11969 1 26616 2 2 3 2
36488 1 6245 1 1 1 1
11151 1 17991 2 1 3 1
3136 1 16161 2 1 2 1
30980 0 3884 4987 4986 3713 3708
30250 1 32816 3 1 1 1
4638 1 29948 1 1 1 1
27855 0 9636 7972 7972 25097 25097
22777 1 35880 3 1 1 1
3901 1 1387 1 1 1 1
22243 0 13777 12 12 27 18
5542 1 30223 5 1 1 1
38033 0 20954 21247 21247 6503 6503
29753 0 15565 155 155 1174 1166
29266 4 13537 10446 10446 15627 15627
1937 6 25054 23468 23465 7271 7271
21124 0 14843 16870 16870 27023 27020
40927 0 290 4701 4701 34723 34678
31744 4 8674 45 44 140 140
40127 0 2558 63 62 2989 2974
2529 4 12558 26 19 12 12
7694 1 33571 1 1 1 1
22610 0 27194 6300 6299 17967 17962
30249 0 6066 18492 18492 24365 24364
658 0 13432 3611 3611 11849 11843
40928 0 9369 2749 2749 36577 36576
38434 0 9010 2175 2175 5750 5749
30241 6 28445 53 50 7 7
35998 1 12005 1 1 4 1
37809 2 18294 963 962 8167 8165
11424 1 34792 8 1 1 1
35840 0 11072 9243 9243 20487 20482
28978 1 22902 1 1 1 1
11576 6 38596 1819 1817 16 16
1930 4 36216 309 302 4 4
7939 1 10211 4 1 2 1
28794 4 27413 32562 32562 12581 12581
5741 0 1817 34322 34322 31632 31632
5741 6 31343 492 489 2 2
19214 6 3845 479 475 1275 1274
23468 1 1116 2 1 3 1
19251 1 13436 1 1 1 1
30832 0 17008 19842 19841 26171 26171
10086 1 10085 1 1 3 1
20123 1 21785 2 1 3 1
29801 1 16682 1 1 4 1
2714 6 17927 139 95 23 19
3544 6 29062 122 111 4 3
16737 0 2582 6329 6329 7114 7110
37791 0 27732 20144 20144 39970 39965
17526 4 11245 31734 31732 29011 29011
1533 0 604 17103 17103 31544 31533
39727 1 9142 1 1 7 1
13018 3 4849 3 1 2 1
32445 0 36854 426 426 981 979
30065 6 21979 30704 30704 33786 33782
1742 6 21979 21168 21168 22833 22830
23039 1 22926 2 1 1 1
32339 1 27741 1 1 3 1
17262 4 33581 558 557 1042 1042
26419 1 3896 1 1 2 1
2404 6 17683 4042 4040 1348 1348
33189 0 14812 880 880 9411 9407
26452 9 7754 1053 1053 29016 29015
19015 1 28438 4 1 2 1
12913 1 9397 1 1 1 1
40931 0 27727 11098 11098 39392 39391
1419 1 22014 2 1 2 1
22075 4 35020 355 354 85 85
14470 4 37913 44 43 202 202
28719 0 7960 24667 24667 16630 16630
8597 1 843 1 1 2 1
14278 0 7240 679 679 17352 17335
2970 0 8651 25396 25396 39956 39955
17407 6 4098 39775 39774 5050 5050
15599 5 6014 56 56 2213 2210
23298 0 37796 8 8 227 225
23743 4 1839 677 673 374 374
9242 1 9241 1 1 1 1
40932 0 8840 5903 5903 38856 38848
20097 1 39891 4 1 1 1
28366 1 34247 1 1 1 1
23644 0 37462 3764 3764 21937 21937
9572 9 9571 1 1 1 1
30724 1 28310 1 1 2 1
18933 4 6687 4 2 16 16
17759 0 2861 1754 1754 5543 5535
40933 0 15371 2253 2253 32537 32533
38707 1 6267 1 1 2 1
4208 1 4207 2 1 1 1
15219 1 38553 2 1 1 1
23158 4 15716 1524 1524 1531 1531
21950 1 27256 2 1 1 1
34499 0 3934 15010 15010 31357 31354
35578 1 3227 1 1 2 1
7908 1 6243 11 4 2 1
1914 6 14604 2284 2260 57 57
38010 0 30717 9498 9498 21530 21529
40934 0 22330 4800 4800 39950 39950
36509 0 1481 1933 1933 4704 4703
17630 1 5576 2 1 2 1
16260 4 1174 103 97 580 580
8162 2 27707 6002 6002 10506 10506
28523 9 16965 1 1 1 1
40935 0 16658 4514 4514 37567 37564
25614 0 86 9 9 74 71
18620 3 6300 2 1 1 1
10303 0 1380 35 35 289 274
37033 0 20187 2105 2105 16100 16099
26386 0 18443 322 322 220 220
38926 0 5480 28293 28293 34956 34955
29831 0 12577 2 1 13 6
15782 0 21097 14947 14947 14007 14004
22438 1 8094 1 1 2 1
40936 2 3999 155 155 40363 40323
1838 0 11464 14146 14146 7264 7262
14405 6 31106 17239 17236 2557 2557
38576 6 23883 20456 20456 6201 6201
17088 4 35425 24280 24280 23768 23768
849 10 13402 1 1 1 1
31905 1 5241 1 1 1 1
5409 0 9991 36 36 15 13
7245 0 31986 27387 27387 25162 25161
34983 1 16742 1 1 3 1
10762 1 12714 3 1 1 1
10953 0 273 24 24 94 80
26769 0 1194 198 198 3215 3213
12790 6 38666 9 8 3 2
20833 0 14547 6235 6235 20274 20274
31477 0 20633 183 183 1193 1191
25922 1 17748 2 1 2 1
35874 0 3549 2 2 126 111
24436 1 2798 1 1 2 1
25966 1 11230 1 1 3 1
16275 1 18980 1 1 2 1
7862 4 17841 32512 32509 20866 20866
12959 0 12265 13517 13517 13280 13280
40938 0 25310 5394 5394 40394 40392
35627 0 3269 28 28 47 44
18098 1 22245 7 1 1 1
35614 0 5846 1 1 36 7
29207 1 24456 2 1 4 1
1048 1 24443 2 1 2 1
22767 5 6095 331 331 37297 37294
12231 0 16476 1 1 8 2
19496 1 30112 1 1 3 1
40940 0 7382 1899 1899 36314 36311
8838 1 20614 3 1 1 1
30101 1 30632 1 1 3 1
9830 1 34527 2 1 1 1
40941 0 13946 15630 15630 40197 40195
28643 0 11339 24924 24924 35525 35521
13847 1 14386 2 1 3 1
27260 1 35256 1 1 1 1
35120 4 33416 21 19 12 12
6728 1 6727 9 1 3 1
