1678 7 40551 1098 858 1 1
1678 7 18056 409 174 1 1
1678 7 30089 556 318 1 1
1678 7 36781 1077 838 1 1
1678 7 18000 252 24 1 1
1678 7 9202 462 225 1 1
1678 7 26036 18560 18318 7 7
1678 7 35669 331 101 1 1
1678 7 40887 25996 25753 7 7
1678 7 38204 14883 14642 3 3
17935 9 35175 9 9 3 3
785 8 10116 9141 8687 1 1
785 8 37575 10130 9674 1 1
785 8 21817 31992 31523 4 4
785 8 18729 462 20 6 4
785 8 12268 11210 10751 1 1
785 8 29200 16631 16169 2 2
785 8 23537 6777 6328 6 6
785 8 6770 32887 32417 8 8
785 8 1493 15812 15351 3 3
785 8 28822 20649 20184 10 10
785 8 15703 10220 9763 28 28
785 8 8245 29660 29193 41 41
785 8 36761 40301 39829 3 3
785 8 155 33014 32543 14 14
785 8 39420 8559 8107 2 2
785 8 38749 7299 6848 7 7
785 7 11761 28575 28561 17 17
16176 4 33688 4090 4088 2229 2229
18671 0 11241 17 17 196 182
19621 0 11241 18 18 229 214
15582 0 4030 1053 1053 2433 2404
25033 0 4030 4 4 101 75
31351 0 4030 32 32 418 391
19165 0 2969 40 40 7608 7599
21012 1 19165 7 4 3 2
16748 6 29001 55 54 42 40
31740 0 1183 34 34 836 793
26184 1 32091 8294 8291 2127 2127
32091 1 26184 2425 2425 9904 9901
4194 1 6975 2 2 5 4
6975 1 3569 3 2 10 5
15602 0 4367 3 3 399 371
6546 0 4367 4 4 160 133
24512 1 24859 9 9 4 3
33182 0 5053 4439 4439 32006 32003
5945 6 10270 74 71 856 855
5109 0 22368 2265 2265 39653 39648
20774 0 8060 7514 7514 1417 1417
12274 1 9268 2 2 3 2
12842 1 15886 152 148 42 41
13394 1 3789 5 3 2 2
13394 0 3459 1142 1142 25954 25945
38200 3 8055 853 852 2954 2952
36698 0 586 359 359 23850 23770
13143 0 586 4 4 640 563
7684 1 586 5 4 11 5
586 3 772 26 16 8 7
586 3 3510 27 16 5 5
586 1 11276 10 3 4 2
38212 2 121 1 1 1329 839
34053 2 121 13 13 1441 950
21130 2 121 1 1 504 24
22680 2 121 2 1 471 4
33440 2 121 32 32 4310 3806
37929 2 121 1 1 542 61
25514 2 121 12 12 7098 6591
31531 2 121 5 5 1445 953
15287 2 121 9 9 2260 1761
30007 2 121 2 1 472 4
33594 2 121 1 1 622 137
31050 2 121 3 3 1677 1183
10443 2 121 2 1 489 12
13776 2 121 2 1 499 20
28371 2 121 1 1 1580 1087
25046 2 121 2 2 602 118
29285 2 121 4 4 1700 1205
29029 2 121 25 25 4489 3983
39017 2 121 2 2 650 164
36587 2 121 8 8 3823 3320
29042 2 121 45 45 12517 12009
20341 2 121 6 6 1816 1320
33915 2 121 1 1 677 189
14588 2 121 3 2 483 7
121 6 39924 274 270 2242 2242
40757 0 1311 375 375 17244 17227
40804 0 1311 6677 6677 39618 39600
1311 0 896 814 814 32880 32875
18270 1 18269 7 5 5 5
13049 0 4990 3 3 55 37
36351 0 4990 5 5 4876 4856
29179 1 10971 4 4 3 3
23886 0 6769 1582 1582 2476 2475
30612 0 4411 8680 8680 23186 23185
14866 0 3633 146 146 2076 2071
35748 0 11399 5691 5691 27038 27031
31413 0 15186 5 5 5 3
20145 0 11015 21 21 725 724
40728 5 914 59 59 17823 17533
28450 5 914 86 86 21940 21648
7848 5 914 3 3 818 536
35945 5 914 2 2 1404 1118
25546 5 914 7 7 6374 6086
38155 5 914 2 2 994 711
36490 5 914 32 32 15980 15691
31958 5 914 1 1 343 66
16022 5 914 109 108 600 320
1595 5 914 8 8 1309 1024
5734 1 377 13 11 12 11
22785 0 5734 190 190 1386 1385
1255 6 24915 7771 7771 40920 40920
14244 1 11981 24 24 34 31
19390 0 4369 138 138 1267 1248
15364 0 4369 412 412 21033 21010
6533 0 4369 3439 3439 18197 18175
20079 0 4369 298 298 4924 4904
3634 1 4369 220 217 19 19
10990 1 4301 227 222 49 48
16398 1 2783 7 6 14 7
2783 1 1316 20 13 9 5
31737 0 16660 2 1 14 1
40758 0 6286 10762 10762 28271 28259
36771 0 6286 121 121 1401 1390
23301 0 6286 15 15 82 72
6286 1 7865 4 4 5 4
40759 0 45 4465 4465 30569 30566
45 1 44 34 23 3 3
30663 4 40225 647 646 85 85
14235 0 20549 645 645 35838 35833
20549 1 8731 291 290 1593 1589
15727 0 20842 1562 1562 2247 2246
28017 0 10090 1997 1997 39040 39025
40795 0 10090 5185 5185 30694 30680
32851 1 11382 228 228 35 34
21858 0 14369 13 13 991 987
34003 0 20650 3415 3415 6240 6239
5656 1 624 17 16 148 143
624 1 34337 151 146 7 7
32035 1 33317 6 6 6 6
6074 0 11052 32921 32921 30336 30336
6074 1 6073 3 2 4 4
31355 4 35983 383 380 142 142
10203 0 23680 25305 25305 33356 33356
34114 4 1598 8519 8518 1146 1146
15430 4 617 17 4 3 1
617 6 23164 1549 1534 433 433
40760 0 3796 1029 1029 15118 15106
40898 0 3796 1284 1284 12745 12734
27089 0 25460 1 1 9 1
38920 0 20791 23182 23182 14845 14845
26740 0 15987 23 23 505 500
26740 5 4475 1 1 92 72
33592 0 3640 2 2 81 12
21749 0 16741 483 483 8214 8210
40287 6 21134 60 60 43 43
14022 1 6297 46 42 8 8
14504 1 14022 5 5 19 15
40761 0 448 4681 4681 31193 31168
23685 1 146 17 16 14 13
24780 0 39997 34056 34056 27251 27251
40762 0 1763 4857 4857 32022 32017
6572 1 6944 8 4 6 4
6944 0 1701 923 923 7937 7930
4031 1 9327 29 22 13 10
37067 1 10473 2 2 4 3
23647 0 1338 63 62 112 85
23277 0 13709 422 422 25096 25076
3947 0 12235 3 3 77 68
12250 1 12717 2 2 2 2
271 6 40026 490 463 35 35
14931 1 36099 14 12 12 11
36099 1 14931 214 213 35 33
36099 1 27949 33 33 11 10
14576 5 2971 2 2 183 119
13484 5 2971 1 1 63 2
7443 1 25067 33 30 8 7
16880 0 18633 1397 1397 9469 9462
16881 1 16880 6 5 21 19
17282 0 228 18 18 19444 19367
33871 0 228 18 18 7676 7601
40763 0 987 7505 7505 26081 26076
20046 0 4696 476 476 38743 38736
8415 2 7033 8 6 28 23
15870 1 18392 4 3 7 6
25017 9 18392 2 2 3 2
3787 1 8742 10 9 16 12
23980 0 3787 305 305 1335 1318
8742 1 19068 41 37 92 87
11482 1 10803 67 66 4 4
2901 0 30222 23945 23945 10305 10305
10757 0 3459 304 304 18203 18195
26302 0 3459 769 769 8611 8604
10581 4 27666 18520 18520 28214 28214
11449 2 6220 344 343 2713 2706
258 6 35861 23339 23335 6984 6984
25183 3 11235 5444 5444 23949 23948
15107 1 15106 2 2 6 6
20809 4 32820 2494 2475 37 37
20809 4 32206 2335 2317 74 74
4981 1 17073 32 30 7 6
16542 0 4523 1135 1134 8510 8508
40894 0 16542 8119 8119 19043 19041
10161 1 10160 1023 1022 1493 1490
10160 0 15134 2033 2033 18815 18808
26185 1 15249 2 2 5 5
1771 1 1770 19 14 9 8
1771 1 9610 81 75 26 23
1771 1 36226 7 3 3 3
24128 0 8842 1001 1001 16407 16404
26157 1 31405 8 7 6 5
31405 1 31404 4 3 2 2
6096 1 29574 12 9 5 5
31306 6 34770 18187 18187 14883 14883
65 9 439 2 2 2 2
9078 1 23938 4 3 4 3
10215 0 5164 3265 3264 11254 11245
1559 8 14508 36 18 2 1
1559 8 25902 31436 31417 48 48
23501 0 1668 1292 1292 14505 14434
20112 1 27611 3 3 5 5
29717 0 30926 12673 12673 39606 39605
40020 0 17095 1552 1552 11740 11739
23138 0 1929 2 2 224 5
38723 0 1929 34 34 997 771
27757 0 1929 43 43 559 336
35086 0 1929 3 3 231 10
20750 0 1929 76 76 1395 1168
38906 0 1929 59 59 492 270
18333 0 1929 20 20 616 392
15970 1 3369 70 69 368 366
8306 2 25327 3 2 19 12
25327 5 3250 47 47 2485 2473
32633 1 5596 6 5 12 8
30166 0 5644 36 36 1232 1215
3771 0 5644 145 145 6104 6086
36968 0 18425 8258 8258 32457 32454
4765 1 4764 82 81 2147 2143
17970 0 4765 20 20 597 592
13604 2 251 3 3 239 230
37309 0 30216 7405 7405 21551 21551
38488 0 19873 10740 10740 21019 21018
21703 2 1136 11 10 367 299
37709 2 1136 3 2 633 564
29422 2 1136 14 13 360 293
34900 2 1136 3 2 987 917
4319 2 1136 5 5 3621 3549
35289 1 33808 95 95 142 141
7560 1 5488 8 7 13 9
40937 0 5488 19781 19781 36167 36164
13163 0 5488 2476 2476 4445 4443
3087 1 18847 15 14 15 15
27819 0 3087 2580 2580 22339 22324
29206 1 25712 3 2 3 3
4485 0 608 58 58 1512 1145
4485 1 4213 12 9 16 12
2562 0 608 62 62 7090 6717
20006 0 608 1253 1253 32788 32389
40838 0 608 460 460 11385 11005
40777 0 608 67 67 5684 5313
39245 0 608 39 39 9047 8668
40814 0 608 98 98 8496 8118
14223 0 608 2032 2032 21143 20752
1328 0 608 25 25 31364 30966
40785 0 608 1679 1679 37067 36666
40830 0 608 24 24 7825 7448
28595 0 608 782 782 22296 21903
7793 0 608 160 160 2680 2311
40884 0 608 13 13 2417 2049
30256 0 608 16 16 18921 18532
33590 0 608 8 8 680 315
40793 0 608 373 373 23577 23183
37242 0 608 854 854 26387 25991
9757 0 608 411 411 7615 7239
21406 0 608 59 59 15223 14837
40764 0 29777 202 202 4490 4488
13128 0 959 462 462 38326 38294
35052 0 959 959 959 16900 16869
14092 1 7130 4 3 7 5
40765 0 18 3987 3987 35562 35562
37609 0 25129 6035 6035 24499 24495
3268 1 10028 6 5 7 5
40766 0 35564 19682 19682 27071 27071
15729 1 12999 29 26 11 9
12999 1 15729 9 7 28 25
35258 4 25396 3146 3146 26257 26257
38187 1 29741 3 3 11 10
38187 0 2275 427 427 23840 23806
40767 0 15247 25014 25014 38758 38755
27131 1 17012 2 2 3 3
15936 0 23068 107 107 163 161
7803 1 13968 15 13 15 13
13968 1 7803 15 13 7 5
40572 0 32910 25780 25780 37493 37490
39830 0 32910 5 5 151 149
14004 0 25065 28 28 228 225
25065 0 4789 141 141 28882 28880
32733 0 248 6 6 46 37
10121 0 248 56 56 3897 3887
30194 0 7722 150 150 16919 16907
23606 0 4877 3 3 61 51
32247 0 4877 3 3 760 749
30622 0 2318 4 4 232 110
26982 0 2318 182 182 2703 2574
9320 0 2318 12 12 448 325
26224 0 2318 3195 3195 16501 16371
18713 0 2318 14 14 1881 1754
38875 0 2318 81 81 1719 1593
3443 1 12083 16 15 15 14
13887 0 3443 114 114 11923 11912
18271 0 3443 7 7 674 664
4423 0 24850 6 6 22 21
1038 4 13190 169 7 3 3
1038 4 40447 223 58 3 3
1038 4 33781 284 114 21 21
1038 4 31677 244 77 6 6
1038 4 7455 192 29 3 3
23751 4 8080 43 39 3 3
8080 4 23312 118 115 5 5
25625 5 2176 162 162 4033 3931
24036 5 2176 25 25 4373 4270
18415 5 2176 18 18 13127 13022
29637 0 28168 100 99 267 262
17924 0 7315 1627 1627 15776 15771
13300 0 11301 6010 6010 25737 25727
13300 6 14769 1039 1036 1601 1600
25115 0 11301 17489 17489 28481 28470
20438 0 11301 2625 2625 31072 31060
37862 0 11301 411 411 4798 4789
34851 4 31118 14 13 6 6
40242 0 24346 138 138 5825 5822
26644 1 4985 4 3 5 4
26644 1 16054 3 3 3 2
8110 0 12168 5 5 138 103
36165 0 12168 119 119 1012 975
22455 6 27199 7149 7149 38740 38740
7288 1 36878 2 2 3 3
19322 5 7288 29 29 16781 16766
40768 0 1784 3532 3532 37290 37242
15769 0 1784 18 18 6844 6799
40438 0 1784 187 187 14598 14552
40839 0 1784 648 648 27663 27616
27441 0 25270 31301 31301 39803 39802
25270 0 6354 21054 21054 21543 21540
12380 1 20717 36 33 61 60
3729 0 20717 275 275 26497 26486
176 1 25906 6666 6665 9745 9742
25906 1 176 4824 4821 2294 2293
40769 0 10981 7799 7799 31027 31026
24894 0 7247 127 127 1464 1455
27000 0 7247 213 213 6201 6191
17047 0 13439 11799 11799 30700 30700
40770 0 3005 2663 2663 29496 29482
12076 1 3005 8 7 28 22
12740 4 40747 26607 26607 39065 39065
16545 1 14634 510 510 3208 3201
4313 1 3457 7 2 6 2
1482 0 13752 15405 15405 4481 4481
1482 1 35255 8 4 8 7
11251 1 13752 4 3 3 2
28721 1 22741 2 2 3 3
28721 0 15897 23 23 284 282
3761 0 8987 22980 22980 27710 27710
8987 3 23784 20969 20969 23806 23806
7280 1 26118 4 3 6 6
28912 1 26118 1356 1355 14061 14060
38386 0 1904 2 2 7 5
6607 1 11157 6 3 4 3
637 6 31616 13623 13578 1437 1437
637 6 39715 5777 5733 335 335
637 6 14054 298 259 31 31
637 6 39536 2619 2576 100 100
637 6 23571 1132 1090 202 202
637 6 40404 522 482 70 70
637 6 29851 795 754 320 320
5767 4 21704 895 877 9 9
3432 4 7926 777 775 251 251
3509 0 3407 56 56 1295 1291
13238 0 3407 32 32 173 170
26647 1 3407 4 3 8 3
24287 1 17938 9 8 9 8
36533 9 24287 13 13 38 37
17939 1 17938 2 2 11 9
9673 1 8487 8 5 9 6
7998 1 9673 5 2 4 2
8487 1 7998 38 35 36 33
3814 1 3548 21 18 9 9
23744 0 296 364 364 4968 4819
21505 0 296 1562 1562 7305 7155
7397 0 296 8 8 924 780
10506 0 296 140 140 1859 1714
38028 0 296 2 2 160 21
12013 0 296 13 13 735 594
15119 0 296 1018 1018 2809 2662
36945 0 296 1834 1834 10996 10845
36798 0 51 5 5 198 6
38369 0 51 1345 1345 10561 10364
40705 0 51 8309 8309 34100 33898
20387 0 51 318 318 7585 7389
40810 0 51 2255 2255 23093 22892
27837 0 51 36 36 1602 1408
5886 0 51 287 287 4726 4531
20051 1 20050 4 3 4 2
20861 1 5558 28 27 18 16
26868 0 6233 37 37 1362 1353
26868 1 5872 25 23 60 57
37434 0 917 1111 1111 8411 8408
25228 0 917 19 18 15 13
20402 0 16155 8878 8878 22078 22077
30004 0 2482 6 6 1612 1603
18986 0 2482 18 18 2402 2392
39024 0 29467 5490 5489 2412 2411
38724 0 29467 28179 28179 33725 33723
36561 5 129 1 1 154 110
1583 0 129 774 774 26076 26067
406 1 1287 6 4 15 7
23997 1 406 3 2 5 4
18173 1 1287 1914 1912 2033 2023
40882 0 1287 800 800 15507 15467
332 0 1287 8 8 270 232
18612 4 33576 61 41 3 3
18612 4 19325 65 44 1 1
12266 4 18612 33 26 2 2
5940 0 532 3 3 82 6
1521 0 532 2 2 78 4
40279 0 532 5 5 215 137
30426 0 532 2 2 81 6
15231 0 532 2 2 76 3
40771 0 10613 8862 8862 22560 22549
29184 1 22723 5 4 4 3
29184 1 30903 1413 1411 444 444
6386 0 26454 2549 2549 38046 38042
3277 1 37105 6 6 2 2
31630 0 33081 6232 6232 39101 39100
33081 0 3606 94 94 4030 4017
1354 1 1353 4 3 7 2
4940 6 40772 18142 18140 1611 1611
4385 0 4940 504 504 11595 11585
29446 0 4940 341 341 40086 40075
24366 1 7539 2 2 2 2
9683 6 40773 29808 29807 8850 8850
40773 0 2732 18130 18130 30751 30748
33864 0 13576 197 197 4037 4032
28351 1 685 4 4 4 4
35900 3 685 42 42 3551 3548
8053 1 32295 10 4 4 3
35212 0 8053 233 233 3698 3696
8643 0 1819 6 5 37 31
7117 1 8643 4 3 4 2
24594 5 1819 2 2 2015 1975
3210 5 1819 1 1 48 9
27467 0 31416 28036 28036 40019 40017
464 1 3675 5 5 11 5
3675 1 12232 910 904 94 93
3675 1 19310 13 8 15 14
4006 1 7203 8 5 5 4
1307 1 11050 125 124 1005 996
10097 6 15251 22295 22295 8360 8360
21168 1 10097 4 3 6 4
23083 0 26718 36225 36225 38754 38754
21673 0 26120 2251 2251 17067 17066
26120 0 6426 99 99 4990 4982
24650 0 27939 11182 11182 33589 33585
38457 1 9568 6 6 7 6
27178 0 2497 9 9 4830 4731
31174 0 2497 87 87 4409 4311
19058 0 2497 34 34 517 425
23035 0 2497 806 806 8821 8721
5147 0 2497 477 477 2374 2278
5305 1 1 18 15 14 13
29442 1 5305 8 6 19 16
12784 4 1630 188 183 2 2
12784 4 5463 774 768 5 5
25315 1 20655 18 15 10 9
8198 0 20655 1612 1612 21644 21640
20655 1 5129 5 4 15 11
931 0 2275 246 246 19398 19365
11433 0 2275 38 38 2749 2717
14758 0 9787 6 6 9803 9784
36898 0 1686 1754 1754 23233 23226
40774 0 16369 7020 7020 21203 21198
17226 1 10110 6 6 5 4
27870 2 2023 8 8 1189 1138
18478 2 2023 44 44 16073 16019
11490 2 2023 3 3 2329 2277
20278 2 2023 19 19 4964 4911
16554 1 29212 5 3 3 2
29212 0 34093 24521 24521 19849 19849
36825 0 20796 19 19 151 146
5335 5 9988 393 393 19198 19195
29725 5 9988 16 16 6623 6621
1864 4 39744 201 122 29 29
1864 4 12986 226 146 7 7
1864 4 9221 329 248 20 20
1864 0 1703 2 2 35 3
12378 1 3604 15 14 17 13
9895 1 13428 168 164 23 23
15667 1 15666 3 3 4 2
2507 3 4435 15512 15511 6796 6796
6789 9 2507 5 5 13 12
16918 1 2507 9 5 18 9
20071 4 20803 300 295 10 10
20849 1 14778 6 4 3 3
13053 1 24622 4 4 6 3
40284 1 24622 5 5 19 15
19366 0 20234 3134 3134 38057 38055
26315 0 19366 3 3 294 287
35882 2 2524 103 102 497 454
33234 2 2524 34 33 962 918
40939 2 2524 40 40 30525 30480
8199 0 15331 1177 1177 14121 14119
19502 1 12706 3 2 4 4
11732 1 7659 310 309 599 594
29649 0 11732 871 871 14885 14877
7659 1 7279 11 6 8 5
12815 4 27688 121 100 2 2
12815 4 20570 395 372 9 9
26871 0 2084 30124 30124 27186 27186
4955 6 15531 3 2 4 1
8178 1 11153 3 3 2 2
2181 6 20785 4044 4026 572 572
2181 6 11583 1813 1796 180 180
23792 0 30977 24 24 397 392
4102 4 38587 2728 2717 35 35
40775 0 35896 25218 25218 36650 36649
6696 1 21296 4 2 11 9
21295 1 6696 2 2 5 3
8023 1 21296 4 3 4 3
3303 0 10707 208 208 3835 3809
17408 0 4099 25588 25588 34280 34279
23226 0 34449 13429 13429 39331 39330
4136 1 4135 65 62 12 12
39465 0 16668 25884 25884 32349 32345
16257 0 23562 5835 5835 9163 9158
4227 6 32367 37811 37808 1102 1102
40607 0 4227 1179 1179 9242 9239
16679 1 16678 10 10 41 40
1122 9 23212 7 6 3 3
23212 0 2918 7 7 3666 3588
7532 1 7531 74 70 10 9
29273 1 14570 4 4 12 9
5949 0 3779 3 3 1912 1858
8913 0 3779 7 7 953 900
23795 2 2580 1 1 39 3
9939 2 2580 1 1 240 199
20115 2 2580 1 1 49 11
36622 2 2580 1 1 62 22
15250 5 2644 1 1 21 5
4951 1 5069 13 12 29 26
7948 1 8993 9 7 3 3
3755 1 18943 1512 1510 609 608
18943 1 30961 3 2 5 4
17857 1 11523 4 3 5 3
6924 4 37669 224 209 5 5
6924 4 25551 154 140 2 2
30696 4 40310 2773 2773 7893 7893
5259 0 9217 47 47 8393 8385
28032 0 5259 75 75 2096 2088
20159 4 23395 4748 4747 209 209
17347 4 20159 2099 2095 6 6
3882 4 10151 331 331 1203 1203
8811 0 2340 417 417 40699 40697
32387 0 8811 1378 1378 5548 5545
35192 0 2340 256 256 40728 40725
19066 6 13595 18488 18482 3437 3437
2887 0 2938 22 22 210 207
2887 1 7436 87 85 176 174
15497 1 2938 5 5 10 9
25015 4 28828 12743 12743 27924 27924
21810 4 25015 40 31 8 8
3850 0 160 3173 3173 26186 26144
15553 0 160 305 305 5278 5239
17933 0 160 1346 1346 12571 12531
30234 0 2731 2 2 29 2
46 0 14274 3270 3270 12976 12970
14834 1 16497 27 24 9 6
14834 1 8390 9 7 9 5
14834 1 5110 3 2 11 4
40922 0 14834 2386 2386 26435 26430
11673 1 5110 3 2 15 6
29358 0 2687 1 1 35 1
8288 0 2687 2 2 63 27
33791 0 2687 1 1 34 1
33543 0 40596 4511 4510 1298 1298
172 4 7119 3432 3431 8180 8180
35331 5 172 1 1 481 136
28580 5 172 11 11 4463 4111
18603 5 172 69 69 27730 27372
36972 5 172 1 1 346 8
78 5 172 1 1 352 13
33614 5 172 1 1 680 334
35822 5 172 2 2 2586 2237
39121 5 172 13 13 6908 6554
22074 5 172 461 461 38822 38461
20314 5 172 14 14 4217 3866
1118 5 172 11 11 16530 16174
21326 1 23555 8 4 17 14
2173 6 38083 15 5 2 1
2173 6 18659 1794 1782 953 953
33947 4 39713 6165 6165 13921 13921
18377 3 4166 6 5 5 2
34858 0 18783 6384 6384 39959 39958
3968 1 5813 5 4 13 7
11261 1 5813 3 3 9 4
5813 1 31835 10 4 5 4
36714 0 38851 27662 27661 33444 33444
30857 0 30511 17109 17109 37379 37378
1365 1 15439 10 9 20 18
39987 0 81 75 75 428 381
36104 0 81 3 3 58 12
5785 0 26217 597 597 3556 3552
19380 0 26217 8 8 57 54
6787 1 26217 9 6 8 7
16634 0 9747 25 25 1402 1386
36078 1 7833 2 2 2 2
32975 0 9558 11247 11247 11431 11431
32975 1 32002 2 2 4 4
22353 1 15922 64 62 9 9
1604 1 6991 4 2 7 3
2547 1 14925 14 14 4 2
14212 0 14737 8 8 177 166
4130 0 3621 11 11 39 32
24323 0 3621 1813 1813 22694 22686
3621 0 9758 8 8 67 50
10319 4 33522 287 271 15 15
27683 1 39142 2 2 2 2
16503 1 110 4 4 6 2
40776 0 5310 1231 1231 3998 3988
25496 0 5310 2 1 12 3
1913 6 25274 3892 3887 141 140
33711 5 19257 2 1 10 3
32197 1 22383 3 3 5 5
23062 1 12031 16 16 6 5
26578 0 239 14 14 2858 2606
19936 0 239 65 65 5288 5032
40929 0 239 49 49 10685 10423
24226 0 239 51 51 1078 828
20767 0 239 354 354 8135 7875
19429 0 239 119 119 5260 5005
32842 0 239 2 2 676 430
34670 0 239 793 793 16702 16437
23758 0 239 2 2 578 333
13023 0 239 5 5 939 691
16182 0 239 8 8 1623 1372
17401 0 239 104 104 18766 18500
34239 0 239 13 13 4065 3811
2069 1 15760 17 7 12 11
22182 1 3014 92 90 9 8
31096 1 15639 4 2 6 2
15639 1 29383 8 4 3 2
15639 1 207 9 4 8 6
13398 0 71 12947 12947 31754 31691
2736 4 13398 37424 37375 664 664
13398 4 7720 2151 2144 189 189
20939 0 2215 84 84 3964 3959
7946 1 1765 66 65 38 37
1947 0 1249 40 40 18573 18528
22728 1 16506 220 220 160 158
34810 9 22728 2 2 2 2
3254 0 2886 2240 2240 15351 15343
18890 4 37812 10367 10364 783 783
18890 4 28071 2030 2028 105 105
24803 4 28831 2667 2666 49 49
12939 1 23279 43 41 103 103
13702 1 12070 6 2 3 2
27600 0 7589 34 34 13053 13044
24117 1 1225 6 6 7 7
1110 0 20337 152 152 3507 3502
40926 0 20337 2982 2982 30110 30103
354 4 36395 416 413 14 14
24159 0 12803 23323 23323 30597 30597
26948 2 3620 14 14 476 451
37272 0 7800 221 221 4005 3994
23037 4 3762 4402 4400 1784 1784
33783 2 1326 8 8 3712 3575
22501 2 1326 1 1 326 192
31495 2 1326 1 1 583 448
19086 2 1326 4 4 821 685
38740 2 1326 2 2 315 182
38719 2 1326 53 53 36145 36007
36238 0 1326 99 99 5705 5689
18160 0 1200 2168 2168 1957 1957
23552 1 10327 4 2 4 2
40037 0 19153 7191 7191 33944 33942
33552 0 40037 3058 3057 2128 2128
7751 0 3712 552 552 40810 40801
7196 0 3712 696 696 32847 32840
28826 1 3712 12 10 23 15
26351 6 25426 5066 5066 17054 17054
17946 0 26351 51 51 12624 12619
10124 0 25426 1311 1311 5274 5270
6974 6 17672 10855 10854 723 723
19506 1 15393 5 4 5 4
32325 0 17590 340 340 14214 14206
40778 2 26169 3468 3468 1987 1987
36197 4 29170 7033 7033 33772 33772
1264 1 22448 9 6 6 5
40779 2 1646 109 109 12314 12271
40782 2 1646 35 35 10854 10812
40780 0 379 7232 7232 32089 32071
40828 0 379 7695 7695 26231 26214
14490 1 12757 2 2 7 4
34243 0 1244 91 91 3514 3224
12545 0 1244 154 154 981 697
28964 0 1244 660 660 5702 5411
4871 0 1244 27 27 990 705
17807 0 1244 260 260 1863 1576
14487 0 1244 4 4 286 10
40781 0 4921 3881 3881 25882 25879
9372 1 1508 3 2 4 3
2261 4 19476 52 36 3 3
2261 4 18565 50 35 1 1
5771 4 39949 63 55 7 7
13951 1 3521 12 8 8 4
18299 1 274 5 4 12 5
15954 1 34113 7 4 2 2
17141 0 21055 8 8 23 20
13878 1 26428 7 4 4 3
35918 0 391 187 187 11810 11807
39002 1 39001 2 2 2 2
4532 1 26446 20 20 2 2
11891 5 16320 21 21 6064 6051
13955 1 11289 5 3 6 3
1592 1 17240 22 17 46 46
15523 0 2604 1004 1004 13493 13456
36776 0 2604 823 823 36120 36078
40872 0 2604 1929 1929 30248 30208
6989 0 2604 2231 2231 36576 36533
38136 0 2604 140 140 6176 6140
31426 1 2604 18 17 55 47
12623 1 6107 21 21 198 195
22297 1 8322 9 7 6 5
21592 1 22297 6 5 15 13
4547 1 21674 25 17 8 5
32040 1 4547 5 4 11 3
7982 1 20572 4 4 5 2
7983 3 7982 3 2 3 2
31376 2 743 1 1 135 32
32748 2 743 32 32 1203 1097
36118 2 743 4 4 1634 1527
743 6 9450 35 34 5841 5841
39780 0 2807 69 69 8264 8261
4722 0 2807 90 90 29408 29403
35415 0 2807 5108 5108 32521 32515
15011 0 1542 103 103 1722 1702
10421 1 10420 97 94 100 99
26009 0 265 2 2 256 7
9536 0 265 10 10 304 51
15205 0 265 15 15 445 187
36270 0 265 266 266 4320 4058
39375 0 265 14 14 1086 827
12974 0 265 131 131 1118 858
25076 0 265 2 2 303 51
19351 0 265 14 14 356 101
11480 2 1534 2 1 20 13
40783 0 4407 22762 22762 36762 36762
4407 1 39995 23 16 3 3
8464 1 8424 175 171 31 29
23763 1 3300 8 8 122 116
24479 1 23586 7 4 4 3
28656 0 21 2 2 70 3
38617 0 21 2 2 68 2
39259 0 21 6452 6452 22294 22225
6493 0 3567 134 134 2103 2101
21912 0 22347 702 702 4601 4600
24178 1 9908 10 5 5 5
22121 0 351 2 2 149 26
25316 1 746 17 15 15 14
3063 1 4791 2747 2742 416 413
11495 0 4791 66 66 24400 24386
36889 0 883 149 149 2379 2160
22017 0 883 343 343 2983 2763
39078 0 883 7 7 390 177
7495 0 883 70 70 267 55
7498 0 883 179 179 473 258
36527 0 883 20 20 788 572
31583 0 883 349 349 6230 6008
40784 0 14144 5038 5038 32603 32585
3408 6 8243 74 2 2 1
3408 6 8940 841 765 7 7
3408 8 38801 37731 37664 114 114
3408 8 28506 92 27 4 3
10233 4 38705 66 52 8 8
36048 6 18704 7276 7276 14784 14784
1046 7 36048 1166 1050 4 4
1962 1 1961 8 3 7 4
11585 3 21329 3530 3527 762 761
32391 1 11972 4 4 5 5
31739 4 18679 266 264 98 98
26785 1 7703 4 4 10 5
20520 1 6788 4 2 3 2
11565 1 37185 11 4 4 4
11565 1 12441 21 13 4 4
29689 1 11565 3 3 14 6
19922 0 8858 841 841 6181 6170
15795 6 39521 3558 3558 13673 13673
840 8 19493 16 4 5 3
840 8 36647 108 95 6 6
840 6 30428 6306 6293 53 53
26662 0 7523 6390 6390 30367 30364
26756 0 9311 108 108 20897 20886
12636 1 24788 24 20 13 13
20784 1 387 7886 7885 3088 3088
387 1 20784 3928 3928 14149 14148
12153 3 19756 732 731 41 41
13239 0 284 57 57 782 558
34758 0 284 12 12 246 26
35142 0 284 83 83 1392 1166
33324 0 284 40 40 780 557
24884 0 284 4 4 234 16
39131 0 284 3 3 221 5
26984 1 38840 113 111 5 5
9435 1 13227 6 3 10 3
5449 0 9435 490 490 823 822
31592 1 13227 5 5 36 28
23798 1 23297 30068 30065 28864 28863
21935 1 23297 3 2 2 2
4425 0 9880 3 3 11 2
17011 3 17169 31 29 193 189
7442 1 23836 9 7 9 7
7442 0 12505 879 879 6477 6469
23836 1 3274 6 4 5 3
17432 1 30826 3 3 2 2
11988 4 31236 33417 33416 632 632
31236 4 34496 5 4 4 4
1444 0 9048 20 20 17349 17330
5768 0 1444 6966 6966 28996 28961
39440 0 1444 1120 1120 35637 35601
20898 0 9048 13 13 35094 35073
2408 0 9048 6 6 399 384
33742 0 9048 343 343 10528 10510
38351 0 9048 286 286 18212 18192
6375 1 8324 4 3 3 3
37317 0 6230 1665 1665 11752 11751
10713 4 2207 4673 4668 8 8
40786 0 1672 5686 5686 28175 28139
40892 0 1672 4566 4566 21846 21811
28472 5 10737 99 99 1785 1782
10737 6 27038 2673 2669 7 7
21537 0 1027 1 1 150 1
35194 0 1027 2 2 167 14
39579 4 25695 1920 1920 1438 1438
12699 0 2137 24 24 197 186
27906 0 19986 15034 15034 29551 29548
19986 1 16852 83 81 148 146
30297 1 3771 19 18 15 13
39950 0 2362 363 363 3505 3503
16469 0 178 1325 1324 9883 9871
34721 0 178 1122 1121 4188 4177
9225 0 178 267 267 31493 31480
31063 0 2110 9 9 1743 1553
38241 0 2110 897 897 9696 9503
31237 0 2110 3 3 207 21
5590 0 2110 87 87 910 723
7272 1 33016 2 2 6 4
17837 0 7272 172 172 829 828
36109 1 33016 2 2 5 4
33016 1 33015 7 5 20 20
39272 0 12035 2 2 12 3
11022 6 27914 263 256 14 14
40787 0 5243 11466 11466 31130 31125
3741 1 18271 3 3 2 2
40788 2 593 16 16 9519 9493
27944 2 593 295 294 1642 1617
9102 2 593 25 23 85 61
40548 0 16045 2264 2263 1935 1934
758 1 10360 17 15 25 20
10360 1 10359 500 495 20 20
3223 0 3161 5 5 8575 8539
5881 1 18355 44 43 11 11
38969 0 16196 5429 5429 11994 11993
29347 0 1461 609 609 5990 5977
1650 1 16394 17863 17855 13621 13621
1650 1 16302 12 7 4 4
40174 1 1650 7392 7392 14288 14280
9952 1 37466 123 115 5 5
2245 0 2918 346 346 7627 7548
2245 1 2244 6 4 6 3
14233 0 2918 53 53 2886 2809
1079 0 2918 47 47 1793 1717
32727 1 24872 3 2 3 2
39701 0 5987 39164 39164 26019 26019
15176 1 18854 74 68 24 22
18854 0 7016 3095 3095 33697 33695
24327 0 3027 155 155 9436 9385
14366 0 24327 10526 10526 40314 40314
23190 1 13002 13 12 28 24
5729 1 20226 2 2 3 2
20226 0 13887 1088 1088 7440 7435
8274 1 8999 7 5 9 5
18181 1 8274 5 3 6 4
9428 1 8999 4 3 13 8
8511 1 31347 3 2 2 2
21811 0 278 97 97 2567 2386
33666 0 278 2 2 265 86
21874 0 278 3 3 230 54
29143 0 278 2 2 174 4
18106 0 278 3 3 244 67
39291 0 278 3 3 180 8
37756 0 278 6 6 259 81
511 0 15897 331 331 2268 2265
15736 0 1677 1740 1740 23504 23445
829 0 1677 5 5 113 58
27621 0 1677 107 107 4501 4444
29445 1 1550 5 4 7 4
18936 4 39578 47 46 5 5
34932 2 14540 4 3 117 113
647 1 6311 12 5 5 5
33210 6 17250 2146 2146 10056 10056
9637 5 1981 3 3 1525 1473
21619 5 1981 2 2 4017 3963
11643 3 3908 28186 28185 1921 1921
30998 1 7774 12 12 24 23
30998 1 2447 15 14 10 9
16669 2 916 2 1 461 317
8577 2 916 2 1 219 78
18018 2 916 2 1 254 112
35944 2 916 3 2 483 338
9258 2 916 2 1 202 63
34189 2 916 2 1 668 522
21737 0 2589 139 139 39363 39345
40303 0 2589 112 112 14964 14947
3167 1 6502 7 2 8 5
17014 2 3167 2 1 25 4
7204 1 3167 9 7 12 7
32383 0 427 2 2 93 24
13521 0 427 119 119 2624 2552
11437 0 427 9 9 871 800
16023 0 4958 2 2 10 8
5777 4 4318 17 3 2 1
5144 4 4318 24 21 5 3
4318 6 27523 470 466 863 863
19086 6 12484 7 3 11 8
12201 4 22304 850 844 58 58
10786 1 14577 24 22 39 37
20175 0 7143 3 3 18 12
1205 1 23424 80 78 26 25
35226 0 37189 616 614 264 262
19169 1 25362 12 11 29 28
14940 1 12227 3 2 5 3
12227 1 13800 6 4 4 2
2813 0 3170 3924 3924 5267 5267
3170 1 3169 129 126 85 85
35238 1 8601 18 18 11 9
36661 1 39486 4 3 2 2
17745 5 774 14 14 2956 2817
17745 2 1137 1 1 1081 974
37417 5 774 2 2 168 31
29963 5 774 1 1 130 1
40735 5 774 91 91 11624 11484
23613 4 28865 6 2 1 1
24660 4 23613 14992 14989 104 104
6782 5 5167 16233 16233 40755 40735
34227 5 5167 5275 5275 33722 33703
5167 6 27267 4053 4052 2219 2219
40789 0 25921 4470 4470 26674 26674
18492 6 36549 18 17 3 3
864 1 14562 12 8 3 2
32699 0 14562 1852 1852 29808 29798
4521 1 25708 9 5 7 6
10559 1 10558 2 2 2 2
3083 0 26431 23479 23479 38691 38686
5974 0 9758 511 511 2791 2770
4522 0 9758 2 2 295 277
12683 0 9758 449 449 1598 1578
19 0 29519 29 29 106 104
38094 4 40790 29926 29926 24715 24715
36200 0 5055 8609 8608 6530 6530
204 1 3048 28 23 5 5
32488 1 204 7 6 42 37
40791 0 11084 6070 6070 26852 26834
33754 1 5275 5 5 3 2
32 4 32392 4702 4685 42 42
32 4 24489 215 200 11 11
12319 4 14836 90 85 11 11
27811 2 10916 2 1 41 36
30475 0 10916 10782 10782 2852 2852
15792 0 3763 127 127 4886 4881
8019 1 30805 14 10 9 7
2949 1 8019 5 2 11 7
30805 1 16646 28 26 45 42
35060 0 5892 4 4 710 702
11125 4 10606 4 4 5 5
25276 1 3926 4 3 8 3
13830 1 6490 123 117 88 88
13830 1 7308 84 79 34 33
6490 1 13830 11 11 128 122
1366 0 29 6 5 10 3
29 1 11186 7 5 5 4
6226 1 29 8562 8562 6052 6050
19987 4 11397 8099 8097 129 129
4506 1 9454 246 243 234 232
6037 0 39187 4678 4678 33434 33432
39187 0 11100 203 203 39661 39643
2381 2 12273 1 1 47 1
7324 2 12273 1 1 50 1
6513 0 650 213 213 1932 1891
37308 0 650 63 63 2673 2631
40792 0 9525 1693 1693 16015 16011
30839 1 10851 2 2 2 2
21181 5 232 118 117 1469 1460
11205 5 232 180 180 32940 32930
24984 0 232 645 645 5892 5886
38752 0 728 322 322 8924 8917
8716 6 31315 14238 14238 765 765
24013 1 23715 4 2 7 4
36734 5 985 3 3 247 183
7458 5 985 12 12 2057 1991
12641 0 39 2 2 211 11
7396 0 39 2 2 199 3
21862 0 39 3 3 203 5
21561 0 39 2 2 379 174
13466 0 39 2 2 200 3
17532 0 39 10 10 766 556
18621 0 39 2 2 206 7
1398 0 19101 10642 10642 30611 30609
13758 1 29291 8 7 8 5
4555 0 1115 1290 1290 25788 25779
39750 6 18050 723 723 13601 13600
11789 1 24319 1738 1738 703 702
24319 1 11789 10 9 22 22
7072 1 9237 95 89 26 25
13503 1 7072 3 2 11 5
25660 5 4520 4 4 681 677
38151 0 7155 2995 2995 28688 28682
4453 6 7580 29578 29572 1165 1165
7580 0 34614 3969 3969 20043 20042
26183 0 11186 746 746 14362 14359
35764 0 14617 5059 5059 3037 3036
4608 0 3699 82 82 24378 24357
40827 0 3699 2490 2490 19781 19761
8852 0 7403 3943 3943 23082 23077
8176 1 8852 7 5 4 3
193 6 27058 77 23 2 2
193 6 11869 56 3 1 1
193 6 18878 50 1 1 1
19842 4 22836 15972 15967 46 46
21930 1 21045 3 3 23 21
21930 0 12252 12 12 1877 1871
5745 1 14074 30 29 27 26
26613 1 9037 6 5 7 5
9037 0 3099 2115 2115 13009 13008
7396 4 28775 266 251 7 7
24578 3 23111 4348 4345 106 106
21061 1 25626 16 16 67 67
24011 0 12474 37280 37280 38290 38288
13829 1 16710 47 45 4 4
4185 1 13829 45 44 18 16
13829 3 25284 32 30 11 9
12211 0 6042 242 242 17337 17326
13978 1 2276 2 2 5 2
39294 4 26572 19328 19328 3501 3501
33294 0 3229 2 2 21 12
8108 0 3229 10448 10448 30277 30266
3229 1 22044 9 6 6 4
6633 7 40129 31788 31776 11 11
6633 7 12050 2223 2213 5 5
16200 0 1852 308 308 3704 3655
16201 1 16200 9 6 17 15
19710 6 10760 3 2 6 1
32734 1 3419 5 5 51 49
4779 1 14955 13 12 7 6
3716 1 1998 7 7 11 7
40577 0 3716 3300 3300 31636 31622
31620 0 3716 891 891 21657 21644
28941 0 3716 1186 1186 7669 7657
17519 0 3716 578 578 1444 1433
9620 0 3716 302 302 545 535
2915 1 12159 22 8 9 5
522 1 21041 5 3 4 2
522 1 13953 6 3 17 11
522 0 16646 4669 4669 38442 38442
32701 0 522 82 82 462 450
31153 0 36722 9632 9632 25126 25124
36722 0 1474 291 291 17259 17245
7592 1 9560 48 45 15 15
2035 1 8589 9 5 8 6
25494 1 8589 13 13 32 29
4666 1 4665 160 157 39 38
4665 0 6717 17 17 265 263
6144 1 19664 2 2 5 3
28456 2 1773 1 1 126 87
28456 6 22320 802 800 326 326
5443 2 1773 1 1 102 64
18213 1 18982 6 5 4 3
18716 0 37537 650 650 36647 36645
6882 9 10563 2 2 2 2
40794 0 32275 11088 11088 37416 37415
19296 1 6611 14 13 5 4
16065 0 36140 163 163 1344 1341
40829 0 16065 35312 35312 37245 37244
32071 1 23898 6 5 3 2
37285 0 184 5 5 308 13
39009 0 184 876 876 12749 12446
3395 0 184 5 5 303 10
32164 0 184 27 27 466 168
34310 0 184 9 9 313 17
39279 0 184 3 3 304 10
11281 0 184 2 2 291 5
30773 0 184 3 3 297 7
15734 0 184 2 2 292 5
5209 0 184 739 739 1929 1627
16507 0 184 2 2 294 5
40030 0 184 3 3 298 7
1190 6 31657 18 6 1 1
1190 6 39319 51 38 4 4
17492 1 20700 4 3 3 3
16074 0 18268 2 2 8 3
21289 0 18268 14 14 114 108
14746 1 23603 3517 3516 10066 10064
7078 6 36019 243 243 611 611
7486 0 7078 1491 1491 8702 8694
4225 1 13633 136 131 92 89
4225 1 11780 29 25 10 8
754 1 2375 9 6 6 5
1823 7 36030 44 43 158 157
6054 0 4123 4 4 211 177
6054 3 1296 4311 4309 1759 1758
3215 0 7911 134 134 634 631
6678 1 7911 7 6 23 21
16802 1 8850 7 3 7 5
1076 1 1075 1697 1689 3737 3736
1076 1 27277 87 80 14 14
18470 1 18469 4 4 4 4
7673 1 10866 66 64 121 121
7673 1 8629 9 8 4 3
8644 1 14101 5 3 3 3
493 0 1629 12 12 1324 1313
2736 4 26470 56 12 1 1
2736 4 34726 799 752 24 24
2736 4 35146 2562 2514 180 180
2736 4 33515 60 15 1 1
35179 0 19119 4511 4511 30657 30656
13379 4 19119 8429 8426 842 842
28508 2 3843 7 5 168 139
40099 2 3843 12 11 160 132
9537 1 3843 11 11 11 7
25746 0 11870 18234 18234 24248 24248
26637 6 24424 1018 1018 1364 1364
15305 5 2978 47 47 27905 27835
10135 5 2978 1 1 129 62
14631 0 3275 383 383 4048 4042
1043 1 14631 145 142 1340 1334
39736 1 21554 3 3 6 5
39736 0 4427 597 597 14502 14480
8260 0 7895 22 22 493 489
16624 0 8260 4402 4402 14184 14182
36792 1 37816 12 12 6 6
40796 2 3317 19 19 11058 11025
11856 1 2643 52 52 174 172
8104 1 4274 65 61 34 34
8104 1 12438 12 9 4 4
9749 1 13574 79 77 39 38
40797 0 19420 9875 9875 31195 31193
24056 0 9777 10826 10826 17858 17857
12866 6 7036 752 752 2481 2481
19409 4 36350 5963 5963 161 161
28857 0 706 1916 1916 10491 10478
19163 0 18538 8005 8005 34185 34182
16614 1 25570 7 4 2 2
16614 1 8351 4 2 3 3
24052 1 24051 2 2 4 4
29706 4 499 3 3 3 3
34810 0 17502 11647 11647 5569 5569
40798 0 38876 33593 33593 17752 17752
26283 6 40443 4040 4040 20671 20671
32794 0 18895 261 261 17636 17628
3034 2 1137 1 1 102 1
19442 2 1137 1 1 100 1
26122 4 31544 56 50 5 5
17880 1 20417 4 3 7 6
3499 1 20417 4 3 2 2
20434 0 21190 8800 8800 9708 9707
13327 6 22210 9 9 30 30
40799 0 5636 38028 38028 35240 35240
14768 6 24252 15 14 236 234
9578 0 473 3238 3238 21845 21842
20196 1 21248 7 6 58 57
21248 9 11908 64 63 49 49
6765 1 27335 59 57 27 26
37410 0 27335 6135 6135 21394 21393
12725 1 21889 10 10 4 3
19754 0 4059 2 2 135 132
9461 4 12081 2 1 2 1
8574 0 5381 44 44 1782 1770
8574 1 8573 6 3 3 2
29585 1 8574 3 2 6 3
13699 0 5381 26 26 904 893
36608 0 123 3839 3839 19118 19110
24094 0 123 1341 1341 26766 26757
516 0 292 2 2 234 2
31393 0 292 77 77 969 726
14242 0 292 30 30 764 522
33413 0 292 786 786 13774 13522
15177 0 292 13 13 2597 2349
39499 0 292 3 3 238 4
13524 0 292 268 268 5271 5021
31996 0 292 2 2 235 2
26845 0 292 42 42 1458 1214
14814 0 292 16 16 646 405
13283 1 2720 201 199 227 225
2720 1 5598 3974 3972 339 335
34387 1 26855 2 2 6 5
26856 1 26855 2 2 2 2
37173 4 10091 17442 17442 40224 40224
19951 0 20010 3883 3882 13190 13183
40800 0 28344 11963 11963 18271 18270
24652 0 26678 2108 2108 4862 4858
27632 0 31556 6 6 305 303
8336 6 2824 6767 6767 7696 7696
14255 1 19144 13 12 74 72
20014 0 14262 1490 1490 36965 36960
40801 0 16573 7170 7170 9571 9567
2360 1 4933 10 9 15 11
40802 0 39415 3887 3887 20784 20784
30541 0 22903 2847 2847 10462 10461
20618 1 9942 6 4 15 12
38150 0 712 117 117 4689 4684
25109 0 7757 362 362 142 140
40803 0 5646 6077 6077 24698 24694
1003 1 5646 13 11 30 26
35081 1 28378 2 2 4 3
11590 1 29649 21 19 21 21
39026 0 29817 13585 13585 34689 34687
13903 6 32368 4062 4058 42 42
30745 1 37402 842 841 1976 1976
10159 1 38458 23 20 3 3
27696 1 6690 4 4 16 9
28744 1 6690 20 20 155 146
20852 1 6690 3 3 61 53
40885 0 6690 11370 11370 37229 37221
16732 0 10532 3938 3938 39060 39055
6916 0 19429 21050 21050 28165 28165
10276 1 9887 10 6 7 4
4800 1 9900 5 3 5 3
19570 1 4800 4 3 7 5
17182 1 2190 3 3 7 7
4461 0 19310 415 415 4927 4919
1046 7 18091 5358 5240 3 3
1046 7 18788 5502 5383 2 2
1046 7 39181 15153 15032 4 3
37226 0 11964 4955 4955 29602 29600
11632 9 24469 159 158 69 69
40699 0 12729 1213 1213 23421 23406
14428 0 772 3272 3272 15496 15487
19055 0 772 1786 1786 24839 24829
40710 0 31312 1473 1473 15879 15877
11686 1 5336 22 17 15 11
30852 1 3198 2 2 4 2
29243 0 26808 27583 27583 33469 33469
21449 0 12858 39 39 301 297
12857 1 21449 66 62 13 12
3233 1 4145 10 8 34 32
19055 1 19054 3 3 10 10
8310 6 12531 10 1 3 1
7557 1 7633 10 8 22 21
17844 0 7120 7964 7964 29042 29039
1269 1 11040 7 6 16 12
11040 1 14848 22 18 8 6
26676 0 8201 4269 4269 39856 39842
28241 1 7436 4 4 5 4
18458 9 31641 19 19 6 5
31641 3 37842 16 15 2 2
25873 0 2795 21116 21116 30067 30066
17430 1 14006 8 7 9 6
13991 0 6823 185 185 14553 14547
19570 1 23428 7 5 18 16
8288 4 37118 127 125 8 8
40805 0 33924 2178 2178 14195 14194
25230 0 6253 7689 7689 22477 22472
15292 3 10198 279 279 4541 4539
39489 0 11666 1122 1122 14433 14415
39489 1 15557 2890 2890 866 864
37831 2 11666 28855 28855 10799 10799
15516 1 12820 10 8 14 12
34071 1 12820 7 5 10 9
4175 4 8602 568 562 177 177
24042 1 5537 6 6 3 3
19211 0 4744 4207 4207 6134 6131
31371 0 7474 3589 3589 40756 40748
27812 0 7474 5247 5247 25756 25749
28947 4 15200 927 927 3051 3051
18660 6 21000 40741 40741 40472 40472
15472 0 25385 25045 25045 39670 39666
12507 0 13404 4171 4171 34279 34274
26342 1 17895 94 92 16 14
2152 1 8496 150 150 314 311
39760 0 574 353 353 2011 1967
40877 0 574 2063 2063 26417 26371
35412 5 11510 24 24 3296 3277
2085 6 10383 7 1 1 1
14202 1 14201 5 5 32 28
1043 1 20085 10 8 10 9
40806 0 6850 779 779 15070 15045
40503 0 9914 6592 6592 30788 30786
14770 1 14307 9 8 10 8
32716 1 17183 10 10 21 20
35390 1 3256 6 6 117 116
4482 4 9719 582 578 39 39
20428 0 3527 4820 4820 9042 9025
3527 6 20663 30216 30216 437 437
30409 2 35441 618 618 612 612
11083 1 5302 17 17 7 6
23196 1 10129 7 7 19 16
1066 1 29752 72 70 8 8
40807 0 3538 4371 4371 33260 33247
22793 0 3538 1 1 15 3
6768 6 24640 3904 3901 2224 2222
6768 6 10205 11607 11603 1050 1050
2869 1 15125 24 22 151 149
29302 0 15125 1318 1318 12336 12334
9588 0 1406 231 231 30826 30815
18159 0 17493 1047 1047 15780 15774
21497 1 33875 11 9 6 6
20938 1 22485 3 2 5 3
13056 6 39139 2112 2110 300 300
23942 0 26928 332 332 11623 11620
28004 0 6478 7773 7773 10785 10783
4747 0 22951 2 2 6 2
20860 5 2566 206 206 38062 38045
7590 5 2566 10 10 5282 5266
20768 0 17402 132 132 2011 2009
35193 1 20768 224 224 412 411
8572 0 5856 24 24 885 860
17370 0 5856 158 158 9835 9808
31972 0 5856 31 31 25537 25509
17380 1 15779 26 25 6 5
27964 0 16186 184 184 23166 23160
15981 0 1328 267 267 762 749
26071 1 9303 7 6 18 15
9303 9 21981 7 7 4 4
38768 0 29318 2184 2184 12378 12374
36229 0 18254 118 118 16989 16972
1019 4 596 90 67 11 11
1019 4 8780 29 7 2 2
23239 1 15927 12 9 11 10
30477 1 23239 3 2 5 3
21996 6 20017 33095 33092 12020 12020
21996 6 11995 31186 31184 4321 4321
25766 0 22616 3241 3241 23334 23331
9455 0 23399 4233 4233 20612 20606
23000 6 39446 10955 10955 19629 19629
122 1 7516 9 3 8 4
11412 1 19152 7 6 3 3
8803 1 27429 3 2 2 2
15261 0 14295 1098 1098 15173 15172
25268 4 21905 655 653 34 34
15504 1 8591 278 274 36 34
8591 1 16989 21 18 3 3
15601 10 15600 1710 1710 246 246
31927 1 15601 2 2 5 4
34363 5 8522 8997 8997 26868 26868
33641 0 19894 28868 28868 24417 24416
33826 1 19127 19 19 5 4
39523 0 2723 133 133 16848 16811
39523 1 21345 2 2 5 4
7540 0 2723 16 16 9308 9272
4541 0 2723 217 217 40908 40869
28671 0 7444 7 6 48 45
40808 0 40809 8753 8753 22965 22965
26933 0 1475 1762 1762 35178 35158
35848 0 18654 1019 1019 22693 22688
19162 0 18654 329 329 839 835
29185 6 40731 24921 24920 37413 37413
3467 1 3466 7 6 6 5
15345 5 4450 70 70 18462 18456
7117 1 7049 6 4 4 2
32624 6 26608 591 590 547 547
2269 1 2268 6 4 6 4
30613 0 6961 798 798 3286 3284
2956 4 29945 3799 3795 185 185
40706 0 10059 648 648 2905 2902
3866 4 38485 211 204 44 44
3866 4 24189 595 587 99 99
9119 0 21826 24621 24621 26791 26791
18389 3 999 21 19 12 10
999 3 18389 18 16 15 13
35808 1 32154 5172 5172 6640 6640
37756 4 40810 9007 9007 6434 6434
20583 1 27612 2 2 2 2
1020 0 3141 2 2 52 3
28305 0 3141 13 13 138 88
6564 0 11337 14911 14911 16189 16188
23511 0 15656 167 167 3872 3846
5394 1 2601 2 2 3 2
19679 0 5394 59 59 5284 5277
2004 1 24164 15 10 3 3
2004 0 30642 3375 3375 10661 10660
25774 1 12289 11 8 26 20
24676 0 24224 8074 8074 22337 22336
23848 1 8714 6 5 10 6
17814 4 3175 5923 5922 494 494
17465 1 17464 4 3 3 3
22570 1 22569 5 5 4 3
6630 0 4722 60 60 300 292
1142 0 4722 214 214 5622 5613
23700 1 24343 3 2 5 5
9573 6 3123 25 25 59 38
15354 6 3123 797 797 7738 7714
14853 6 3123 105 104 286 264
6067 1 28605 5 5 7 7
8474 4 17327 18414 18414 3806 3806
30941 1 3753 16 14 51 48
30941 1 33174 3 2 6 5
11546 0 4442 548 548 17764 17730
6865 4 2298 2200 2196 29 29
1021 1 207 9 6 10 7
2872 0 17555 1256 1255 40897 40890
268 0 17555 885 885 40405 40399
40811 0 2664 1265 1265 8833 8816
40871 0 2664 1263 1263 5522 5506
2664 0 2624 228 228 10497 10490
35435 0 12605 808 808 2483 2480
29862 1 29861 3 3 3 2
31789 0 494 8791 8791 32536 32524
22923 0 28916 5747 5747 25076 25075
27985 1 27484 11 11 8 7
29410 0 16944 6233 6233 30959 30955
11888 0 36918 177 177 13249 13247
37558 2 741 1 1 59 13
28640 2 741 1 1 44 1
9021 2 741 1 1 43 1
22157 3 1791 4 3 6 4
22158 3 1791 6 4 5 4
8471 1 6302 12 11 29 29
32069 0 19823 6012 6012 11112 11110
38790 0 13 725 725 7519 7505
19437 1 22294 4 3 10 9
25022 1 32013 4 4 8 7
39553 0 4628 871 871 5452 5443
40833 0 4628 20040 20040 35747 35737
11144 1 2617 2 2 5 4
38399 1 1022 315 315 296 292
10536 1 36694 2 2 4 4
40178 1 1578 18830 18830 38934 38932
40864 0 1578 17898 17898 37552 37546
22410 1 37961 9 7 32 32
15647 4 32971 10654 10654 33745 33745
1708 0 8438 169 169 40303 40302
6124 1 5907 4 2 9 4
8270 1 6124 18 9 7 5
5826 1 10722 41 40 52 50
21697 0 2070 14273 14273 14001 14001
6530 1 22543 12 10 5 4
5932 1 21935 12 8 4 3
28875 3 5192 41 40 109 108
28676 3 28875 6 3 4 3
5178 1 14819 40 34 7 6
21092 0 5178 684 684 40223 40191
16318 0 5178 33 33 1499 1471
40918 0 5178 391 391 13437 13408
31349 1 5178 57 57 64 58
27341 1 31627 5 3 3 3
912 0 7047 10 10 15252 15238
739 0 912 700 700 8149 8138
24031 0 7047 22 22 2983 2970
30204 1 7047 825 821 212 210
40812 0 17281 8240 8240 16045 16045
9906 1 36905 14 10 15 15
6743 0 8355 157 157 6533 6510
1538 0 8355 1030 1030 39828 39804
35277 1 27784 3 3 6 6
5869 1 26782 25 20 4 4
40813 0 19386 4616 4616 28324 28322
38378 1 22534 4 4 17 13
31576 0 30844 37154 37154 33505 33505
10205 1 10204 17 15 25 24
11177 1 37094 66 62 2 2
7045 1 2382 5 5 17 13
21977 5 16419 246 246 16127 16120
3364 1 3363 5 4 4 2
3528 0 10834 156 156 1348 1345
17960 4 24312 1557 1553 15 15
27223 1 20426 26 26 22 21
24636 1 6535 8 7 32 31
23949 5 212 1 1 488 460
27657 5 828 11 10 230 216
1410 1 24564 2525 2525 1654 1653
3066 0 8076 151 151 2338 2330
18215 1 1414 18 17 93 82
10895 1 13973 15 10 37 37
3239 4 39144 169 118 4 4
3239 4 27881 118 69 7 7
3239 4 36428 144 94 15 15
18904 3 17353 6 5 7 6
7935 1 2201 5 2 7 5
17190 1 757 49 47 5 5
1415 1 32170 23 19 29 29
23786 1 2902 6 6 61 53
2029 1 18094 8 4 3 3
553 1 13871 4 2 6 4
24179 1 10508 90 89 80 80
25575 1 10508 65 65 246 245
27360 6 36837 386 386 1285 1285
31841 0 19545 7007 7007 31110 31109
33840 0 1754 793 793 17962 17950
40875 2 1754 110 110 18321 18315
38079 2 1754 450 449 2114 2109
40815 0 39071 13173 13173 34573 34571
29342 0 8978 775 775 8241 8225
6890 0 36281 3203 3203 13974 13974
8040 1 21358 29 25 24 23
10520 0 24854 26734 26734 34905 34905
28943 1 243 990 989 1262 1262
20030 0 13734 9385 9385 37666 37664
4563 0 12505 3 3 13 7
37725 0 23377 2 2 16 11
26865 1 19204 4 2 6 3
20288 6 29915 3 1 3 2
24515 2 20288 5 5 267 262
18855 0 2060 17 17 5453 5440
26308 5 18855 313 313 23379 23365
24430 0 2060 1151 1151 21067 21053
11475 1 13563 2934 2931 2823 2819
13563 1 11475 2514 2510 2002 1999
14231 0 7944 540 540 13077 13076
36007 6 17148 13638 13638 28211 28211
13350 0 29456 9272 9272 21051 21051
36696 5 9528 2 1 12 3
19256 5 9528 2 1 10 2
30889 0 33367 8674 8673 822 822
26734 0 2288 2716 2716 2959 2957
16979 4 35069 1432 1432 6778 6778
23628 0 2614 734 734 6341 6337
39567 0 4694 62 62 736 722
6695 0 32813 39404 39404 35517 35517
15469 0 6418 118 118 4627 4603
34418 1 25064 5 4 7 6
8727 1 8726 4 2 4 4
14189 1 23592 32 28 30 30
35545 1 14189 5 5 28 24
10877 1 11728 7 3 7 2
32814 0 4976 753 753 12408 12405
4165 3 25845 4855 4852 26 26
20625 1 7778 3 2 3 2
30076 0 10715 4373 4373 29250 29247
40816 0 14697 14190 14190 28517 28517
14697 1 31992 8 4 2 2
19191 1 27971 5 5 10 9
13842 0 11910 11729 11729 18988 18987
5985 6 10735 8 1 11 4
12732 3 28417 109 108 186 185
12732 1 26677 4 3 2 2
6204 1 6203 3 3 2 2
40817 0 19840 4093 4093 27326 27324
3387 0 19840 10207 10207 40752 40749
6550 1 2423 7 6 23 14
2423 1 24830 10 2 5 2
2924 4 30666 403 328 5 5
2924 4 2659 182 110 4 4
2924 4 29020 254 180 4 4
2924 4 36766 160 89 5 5
1379 1 25548 5 3 3 2
6265 1 1379 6 4 6 4
18135 3 294 9284 9281 6313 6313
2209 1 24141 465 461 51 50
15500 1 4546 5 5 19 16
15500 1 7996 32 31 40 38
31596 6 8773 9239 9239 26500 26500
40818 0 35587 31718 31718 34021 34021
34338 1 9890 187 187 1847 1838
14748 1 9890 5 5 14 6
9890 1 12054 33 24 29 28
40819 0 15962 25436 25436 34329 34328
16130 0 10326 5568 5568 17161 17159
40820 0 20319 6870 6870 28849 28848
11212 0 1856 70 70 3789 3775
14579 1 1856 18 17 24 20
28303 3 9776 4263 4263 36173 36171
9776 1 9775 7 6 4 4
561 0 5278 72 72 1327 1318
13724 4 995 27728 27727 293 293
154 1 153 4 4 14 11
5791 1 11553 6 4 5 4
24115 1 18755 3 2 4 3
28674 0 3041 276 276 9327 9320
40821 0 14864 8330 8330 27884 27879
17883 0 18836 2464 2464 30838 30835
40822 0 9367 1856 1856 30711 30688
40930 0 9367 332 332 13045 13024
7005 0 9367 300 300 14203 14181
26765 1 9367 14 13 18 14
2151 0 4180 5732 5731 17465 17463
40823 0 11638 6256 6256 37300 37283
18175 1 18573 21 19 7 5
24724 1 3969 7 4 5 3
3969 0 3582 169 169 6891 6865
17345 0 3969 662 662 14470 14466
34877 1 6582 6 4 9 2
6582 1 16956 19 12 13 9
26100 1 28248 6 6 16 14
33245 0 3980 3 3 9 7
4106 1 4105 6 4 2 2
584 1 28894 2629 2627 1457 1457
35143 1 33405 10 10 36 35
17003 0 479 3 3 629 619
9877 5 6166 1 1 38 2
30263 1 25760 4 4 3 3
30656 1 25760 11 11 4 3
1999 4 17069 68 61 3 3
18272 1 19427 4 2 4 2
29081 1 13187 11 11 39 36
16522 0 3780 4 4 395 360
26742 0 15839 168 168 5178 5175
1918 6 39340 6502 6495 1270 1270
11624 1 20815 4 3 4 2
13939 0 7027 26 26 72 67
5788 0 7027 438 438 9958 9952
40824 0 2657 5302 5302 30222 30215
1294 0 25140 4962 4962 36992 36989
21281 0 428 291 291 7873 7847
40911 0 428 4268 4268 38030 38003
39800 1 30816 4 4 6 5
12660 0 1095 311 310 15097 15086
17450 0 1095 576 576 18907 18895
11922 0 14898 7 7 65 47
23590 0 12772 8157 8157 18890 18887
3072 1 15159 162 158 135 132
24523 0 8582 119 119 2986 2979
188 6 29407 4 1 5 1
39603 4 27065 17823 17823 30551 30551
4691 1 14239 6 5 2 2
36188 1 4691 6 5 3 2
36501 0 4902 26365 26365 29059 29059
40022 0 6784 1188 1188 7982 7977
4121 1 17988 32 30 23 22
34845 5 10076 13 11 48 43
19999 4 35620 203 194 2 2
25642 0 31168 1768 1767 7843 7842
28192 2 3865 2 1 94 76
25039 0 2409 2 2 30 9
34598 0 2409 694 694 22408 22384
40825 0 22386 34043 34043 28351 28350
15804 0 10824 12 12 290 285
40826 0 30737 12781 12781 22006 22005
11678 4 24132 11068 11068 18365 18365
11178 1 14178 10 3 5 5
19319 1 11039 4 3 9 4
23526 0 9730 14871 14871 21629 21627
12960 0 23054 34628 34627 21637 21637
18237 1 14439 7 6 11 7
17375 6 39568 261 259 44 44
6955 0 2697 26 26 436 434
16533 0 2697 157 157 2012 2009
27268 1 11354 15 14 30 26
1968 1 1967 5 2 6 3
20914 0 1967 3 3 19 11
23271 0 7641 4248 4248 788 788
19684 3 19683 11602 11601 177 177
4983 6 33006 3 3 6 6
17534 9 12584 3 2 2 2
6871 1 18043 18 16 23 22
5628 7 18994 36277 36244 13 13
2502 1 20104 27 24 11 10
15657 0 4985 3535 3535 7539 7537
34914 1 6434 2 2 5 2
39981 0 306 4294 4294 40704 40687
21026 0 306 20 20 1654 1638
37154 5 9269 194 194 24318 24315
9073 1 5502 5 4 25 23
30127 0 1623 1798 1798 31024 31021
16304 0 30127 8942 8942 30023 30023
16980 1 4548 6 4 21 18
469 0 14498 9 9 392 382
9243 6 35214 4221 4217 10 10
36148 4 23121 1752 1751 4072 4072
3358 1 4743 13 7 7 5
9720 0 4743 2300 2300 23418 23407
40888 0 4743 864 864 11219 11209
2064 1 2154 2 2 6 5
22278 1 35919 2 2 2 2
36060 0 14935 7548 7548 30397 30388
27146 5 11426 2 2 742 732
3169 0 3813 3 3 305 287
3823 1 3813 874 874 592 587
20664 4 26988 7261 7259 386 386
6374 1 11133 3 2 4 2
33074 2 7 6 6 467 430
18961 2 7 1 1 36 1
17395 0 7902 10546 10546 21844 21841
22908 1 5606 11 8 10 8
10254 1 10253 8 7 7 6
40906 0 10253 772 772 12927 12913
14113 1 5076 5 5 10 7
36403 1 10838 78 78 292 291
14974 0 14973 317 317 5894 5886
14973 3 19845 7 5 4 4
40831 0 4593 17143 17143 21406 21406
31084 1 27014 3 3 7 5
12467 4 39860 39 33 11 11
40832 0 6630 8558 8558 30856 30852
26778 4 2803 5562 5562 7843 7843
3765 1 28497 1753 1752 30 30
20691 1 4936 41 41 18 15
7886 0 12463 120 120 7904 7898
14999 4 31316 29583 29583 34995 34995
22172 0 11068 24 24 285 271
454 3 16514 92 90 78 76
3025 1 16514 133 132 55 54
29578 0 15788 10150 10150 15446 15445
23802 0 21987 3038 3038 40273 40270
21987 0 20963 2599 2599 39410 39409
11759 2 10987 12 12 2981 2980
38689 0 12894 1396 1396 27550 27540
40834 0 14087 21350 21350 32316 32316
14853 1 5935 3 3 6 4
4044 4 31152 1531 1531 11290 11290
29372 0 24630 5618 5618 36597 36592
24630 0 22399 14916 14916 40544 40543
19479 5 4701 1 1 25 4
8240 5 4701 3 3 1232 1209
33163 5 4554 2 1 9 2
29553 1 26733 2 2 2 2
29553 0 8837 11835 11835 35244 35242
6792 1 14058 5 4 7 5
21282 0 15062 15968 15968 16086 16086
23036 4 36472 44 38 1 1
5783 4 23036 11935 11926 12 12
40835 0 40836 7053 7053 25697 25697
18778 6 32930 15348 15347 2689 2689
18778 0 5314 195 195 16316 16289
24621 2 17930 4 1 8 1
27989 2 17930 3 1 15 5
26041 0 4289 13504 13504 2133 2133
16899 4 24507 2144 2144 2218 2218
14917 3 17826 17 14 8 7
30990 9 28312 6 6 31 31
8980 1 3552 4 3 3 2
33079 0 3582 190 190 7017 6989
16497 1 26305 5 2 2 2
26368 1 8799 14 13 21 20
4480 1 32602 20 16 4 4
35059 0 27412 13 13 6888 6885
2645 4 29221 1143 1135 7 7
23462 0 5675 4761 4761 23612 23603
40853 0 23462 5333 5333 24389 24384
25133 5 5012 5 4 9 3
14927 4 5288 28 24 2 2
11058 2 6577 1 1 183 132
60 2 6577 4 4 412 360
7534 9 18226 5 4 2 2
10204 1 10208 4 3 4 3
5031 1 28475 7 7 11 9
15312 0 12860 13733 13733 24824 24824
21401 1 1933 5 5 27 20
12469 1 1992 11 6 4 3
18451 5 1238 2 1 8 1
37552 0 2655 3 3 16 12
2655 0 9806 358 358 13565 13559
40284 0 6614 1893 1893 23857 23833
3130 1 27019 10 7 4 3
23982 0 37653 4669 4669 14780 14778
20447 1 9918 4 2 3 2
15028 1 16314 5 2 9 4
15028 1 5116 4 2 10 5
40628 0 33021 35936 35935 37072 37072
3648 1 3647 3 2 5 3
19317 0 1107 5123 5123 22398 22388
830 1 21753 241 237 71 70
8270 1 9886 17 9 7 4
14780 1 6419 28 24 8 7
40837 0 15224 11759 11759 36209 36197
7188 0 11737 51 51 984 974
10277 1 32396 4 4 3 2
10277 1 2951 26 25 207 202
15054 1 2951 8 3 6 2
25047 0 19223 10579 10579 36134 36134
23871 0 918 2 2 26 19
40840 0 918 7806 7806 33509 33501
8168 0 13192 7999 7999 19335 19335
10293 1 12214 95 95 38 37
23642 0 26543 3119 3119 17007 17007
26543 1 12312 11 9 12 9
4913 4 20284 69 38 1 1
3331 5 16655 76 76 13989 13987
3331 1 35484 23 20 13 13
16739 1 16646 73 73 416 412
6726 1 5782 8 4 2 2
6726 3 6725 7 5 3 3
11335 1 6726 22 22 93 89
5491 1 1201 49 48 39 34
6549 1 14425 24 21 7 5
5544 1 3327 5 4 8 2
3403 1 6328 35 35 37 36
7229 4 37460 27129 27112 98 98
20544 1 28902 5 3 3 2
3291 1 20544 11 7 6 4
530 1 21170 550 546 591 591
9371 1 9370 6 5 13 11
26061 0 9371 2646 2646 12654 12651
9371 0 5623 976 976 36622 36620
21518 1 29527 53 53 41 39
35181 0 21518 2837 2837 38545 38542
36581 0 16397 4497 4496 2459 2459
3972 7 37089 7341 7264 3 3
8883 0 5790 23528 23528 10596 10596
38389 0 7334 3613 3613 27454 27452
27814 0 9178 750 750 6998 6996
10855 1 19155 10 10 5 4
10855 1 31116 1017 1016 672 671
1431 4 27265 36 21 2 2
27563 1 35599 31 31 2 2
1193 4 39361 19 8 1 1
39975 0 7068 6117 6117 27618 27610
3855 0 3909 1 1 11 4
28703 0 3909 1985 1985 23042 23034
11573 1 13583 7 6 9 6
40841 0 16266 315 315 5108 5086
2434 0 16266 5 4 30 9
40842 0 67 3289 3289 28156 28147
1154 0 18959 8512 8512 39546 39544
32397 0 13044 149 149 8897 8888
17819 1 653 4 3 6 5
37840 0 313 23 23 2663 2655
40843 0 3679 731 731 6411 6400
40843 4 5346 40811 40811 8945 8945
13988 0 168 428 428 23467 23462
38754 2 10661 4 3 10 7
29501 0 6358 5712 5712 40407 40405
29860 0 18587 21627 21627 23924 23924
33438 1 36858 2 2 4 3
36858 1 35629 3 2 2 2
12381 0 1474 7926 7926 31868 31853
2863 0 6499 5626 5626 8161 8160
7328 0 5714 27044 27044 30057 30056
14412 0 20621 5612 5612 37997 37996
35316 5 38173 3 1 3 2
20490 1 7847 53 52 5 4
21077 4 10657 115 114 32 32
10380 0 1964 1104 1104 4956 4954
17802 1 3847 4 3 6 5
29031 4 40721 26889 26888 19383 19383
29630 5 22311 4 4 140 136
14888 4 21122 638 629 128 128
14888 0 2518 2 2 91 23
819 1 7732 35 31 78 74
7100 4 29718 689 687 206 206
8077 1 7192 3 3 17 14
16136 1 39043 382 380 118 118
13225 1 15253 9 8 11 8
40844 0 6467 673 673 8804 8797
6069 0 37345 15690 15690 8796 8795
4895 0 8093 2035 2035 16606 16579
21558 1 13645 3 3 10 9
10544 6 38325 27 13 1 1
23888 0 1730 35 35 654 554
33667 0 1730 60 60 1164 1063
22133 0 1730 1 1 97 1
19623 0 1730 3 3 124 25
28603 4 38563 408 407 134 134
16620 1 2522 6 5 11 5
24900 3 5965 54 54 4789 4788
3989 4 18951 11929 11922 36 36
22965 1 167 44 41 21 19
35645 0 7367 16954 16954 7189 7189
36255 0 10055 1 1 7 1
1574 1 8899 13 8 6 4
21174 5 2295 83 83 11045 10943
34328 5 2295 7 7 5068 4967
28418 5 2295 175 175 29486 29383
34439 5 2295 1 1 138 40
40845 0 32455 8843 8843 30993 30992
35000 0 9668 2 2 35 19
32116 0 21176 61 61 3296 3294
23390 0 40586 8379 8379 38794 38794
40848 0 23390 2148 2148 27512 27509
19903 4 29357 18518 18518 1064 1064
35177 0 14481 1699 1699 4106 4106
12330 0 11599 26 26 303 297
3579 1 19372 168 167 373 371
9842 0 3579 458 458 40839 40826
22422 1 9505 13 12 17 13
15330 1 28910 36 35 10 10
22889 0 11852 1450 1450 20675 20666
29771 9 3592 50 50 111 111
25748 1 34204 4 4 2 2
1772 6 37182 49 45 14 14
15158 0 40846 21906 21906 33833 33833
40847 0 8407 18202 18202 30433 30433
35466 0 11507 8 8 101 98
12327 0 411 639 639 14592 14569
21952 4 9376 1123 1123 7078 7078
4177 6 5022 354 339 5 5
5040 0 220 10 10 318 309
20777 0 30968 23605 23605 18467 18466
17995 1 415 5 3 11 3
6540 0 6677 5974 5974 10700 10698
30360 1 7239 5 5 29 25
1226 4 33413 6250 6226 69 69
36259 5 860 24 24 12401 12329
30840 5 860 5 5 872 802
39831 1 4370 5 5 56 51
17244 1 15986 8 8 16 13
9116 4 34497 3062 3060 3394 3394
4771 4 11796 82 30 2 2
18918 0 15687 289 289 8197 8194
18918 6 31983 17645 17636 82 82
29544 0 6411 16949 16949 20605 20598
13258 1 515 3 3 25 18
7665 4 11919 118 114 10 10
8356 1 22637 35 28 11 8
17180 1 8356 5 5 38 31
39574 0 13157 12002 12002 39923 39920
20711 1 1090 16 15 31 27
32427 0 24062 16148 16148 37886 37885
40849 0 13412 3119 3119 18515 18510
4316 0 1500 5 5 121 95
29122 0 1500 4 4 451 424
29916 0 33246 5567 5567 3977 3977
33246 0 425 1804 1803 5300 5281
3714 1 3991 6 6 3 3
6702 1 4469 658 656 174 170
20629 0 10089 438 438 1678 1678
18423 1 20629 6 3 3 2
4855 1 19562 15 10 9 6
11423 1 4213 12 8 18 13
10241 0 10481 2372 2372 40383 40381
27097 0 10241 2 2 19 9
5125 6 35244 48 48 12069 12069
10842 1 11135 7 6 8 7
3451 1 3450 4 4 12 7
3450 1 6752 17 12 10 8
26219 0 15966 515 515 2289 2286
20729 0 30962 7681 7681 33567 33566
31196 0 30962 12203 12203 15803 15803
36881 0 119 795 795 18259 18221
119 0 2748 252 251 28068 28058
2323 1 23181 23 22 2 2
14339 9 16095 22 21 4 4
32957 0 5195 13 13 196 190
32623 1 5195 23 22 18 15
32917 0 9489 795 795 14842 14838
40688 0 3489 356 356 13532 13471
13220 2 6815 2 1 9 5
5097 1 27076 1065 1062 1380 1380
17030 1 2573 17 16 27 22
2573 1 9486 14 9 3 2
37807 1 30144 2 2 2 2
2521 1 38597 116 113 104 104
6946 1 8731 10 9 24 21
9873 9 35523 8 8 7 7
1071 6 14854 2311 2305 360 360
3398 4 14735 41 24 2 2
5855 1 7329 16 12 7 5
3929 1 27247 16 6 3 3
16292 1 29803 381 379 367 367
6578 0 5973 1651 1651 2793 2790
40850 0 1543 142 142 2145 2088
37429 1 32885 29 29 4 4
5932 1 5931 28 23 4 4
14336 1 2808 2 2 4 2
23816 0 13145 257 257 306 306
16675 0 11522 25312 25312 11274 11274
40851 0 14187 15392 15392 31572 31568
10755 4 22444 7 6 3 3
11129 1 13730 10 4 9 4
25343 1 13730 7 4 8 4
8639 0 3289 38 38 691 668
3289 6 36920 5851 5834 30 30
8776 1 1347 21 20 26 23
1347 1 4276 6 3 5 3
39300 0 1590 4 4 3896 3873
37068 1 22654 21 21 58 58
1801 1 21363 5 4 5 5
31983 0 35119 24508 24508 34458 34457
31983 6 2119 22 20 2 2
19488 0 3006 511 511 12615 12605
19488 1 38649 27798 27798 28397 28397
40852 0 6747 17089 17089 31934 31932
28133 0 18038 278 278 1636 1633
8634 9 19910 33 32 48 47
11304 0 19910 52 52 1829 1828
20413 0 1973 52 52 26778 26721
26353 1 4814 3 2 9 5
22355 0 11595 728 728 12943 12937
1588 1 19716 5 4 6 5
11612 1 21343 7 6 4 3
5569 1 10107 18 14 10 5
5923 1 5569 9 7 12 8
24840 0 14776 6518 6518 5202 5202
24031 4 32273 26612 26612 19685 19685
12006 1 23328 8 7 9 9
15403 4 40478 1582 1582 3785 3785
16346 0 16005 459 459 11430 11428
7668 1 35530 6 3 2 2
9434 4 40717 2845 2842 38 38
22914 1 3088 8 7 8 6
2945 9 2944 2 2 2 2
24743 1 24742 2 2 3 2
31284 1 19047 13 13 5 4
1664 1 16927 19 16 18 17
40307 0 4362 17417 17417 40943 40936
29218 1 4362 4 3 6 6
4362 0 8787 5 5 606 599
17040 8 37417 530 529 45 45
39206 0 12650 2 2 23 3
29976 5 5742 14 14 1597 1575
15635 5 5742 187 187 10786 10763
903 5 5742 3 3 243 223
17663 4 9378 870 867 32 32
20364 1 26993 5 4 8 8
27150 0 3232 4105 4105 38404 38397
40854 0 14981 25533 25533 29194 29190
40855 0 25028 26334 26334 31490 31490
40678 5 5841 99 99 9330 9317
26893 3 11921 22037 22035 3000 3000
38438 0 24102 9034 9034 39499 39495
22467 0 22049 1237 1237 9455 9451
15542 0 22049 4963 4963 22274 22269
40856 0 8153 732 732 15081 15062
36147 0 8153 277 277 13621 13603
10925 1 8153 15 13 10 8
34372 4 36708 2852 2852 19709 19709
7489 6 35302 14 9 3 2
9267 0 1292 1888 1888 37014 37009
5975 0 8327 307 307 9180 9171
112 6 23406 68 22 1 1
6559 1 18773 3 2 5 3
13687 1 7279 3 3 5 3
37981 0 904 51 51 1504 1493
15563 1 17861 8 5 10 7
24736 1 14901 3 2 2 2
7506 1 27215 331 323 11 11
28486 1 28485 2 2 2 2
22848 1 33665 5 4 7 6
15952 0 3163 320 320 2978 2938
9298 0 3163 2 2 41 3
28717 0 3163 3 3 43 4
17876 3 17875 184 184 457 457
22196 1 22195 4 4 5 5
13637 1 27685 331 328 49 49
10125 4 13911 752 750 40 40
4146 0 37135 52 52 97 96
31487 4 8818 3773 3773 31409 31409
36976 0 4550 690 690 3908 3810
24513 0 4550 78 78 495 399
27936 0 4550 46 46 1721 1624
12322 0 4550 2 2 97 3
40857 0 2021 4681 4681 35586 35533
27575 0 6658 249 249 5557 5546
19537 9 28961 4 4 4 4
1070 0 17546 1739 1739 21761 21757
9755 1 9754 6 6 17 14
769 1 9754 2 2 4 2
40381 0 34906 11267 11267 2884 2884
15427 0 134 10 10 253 239
134 1 2633 120 117 34 34
1511 0 15914 16932 16932 10881 10878
5005 1 28613 56 49 3 3
18503 1 5005 19 18 58 51
40140 0 27752 3 2 8 5
16225 4 4698 311 308 19 19
40858 0 15284 9393 9393 34979 34973
628 1 627 4 3 5 4
16800 4 32120 457 457 13236 13236
25305 0 2099 3 3 37 10
13821 1 13530 6 5 5 4
16002 1 36632 10 8 5 4
40859 0 37052 1421 1421 20713 20712
6188 4 24112 69 52 7 7
6188 4 24347 65 49 1 1
15067 0 18496 23654 23654 39548 39548
29361 1 18956 26 26 7 6
10119 1 25492 59 54 10 8
28682 1 6956 5 5 2 2
22077 5 6956 1 1 21 2
720 9 26603 3 2 5 4
18029 0 8812 5 5 113 112
36166 1 16798 3 3 28 28
30646 4 33263 9116 9116 12654 12654
10063 0 8348 2232 2232 26878 26871
28320 1 27155 4 3 3 2
27155 1 29136 4 3 3 2
737 0 704 13921 13921 33939 33938
16207 1 16206 24 24 163 163
37148 0 23650 14818 14818 37084 37084
33954 1 14292 5 5 6 5
29886 1 28685 7 6 6 4
9855 6 33387 54 30 15 12
3785 0 28084 39351 39351 28876 28876
20088 5 3785 20 20 2783 2767
32514 5 3785 1155 1155 32836 32819
6922 1 6921 9 5 22 16
6921 1 7885 29 23 31 26
7656 1 11492 137 136 407 406
16454 1 15118 8 3 6 3
27917 0 8192 95 95 2997 2994
27917 1 5927 18 17 18 13
5927 1 27917 17 12 5 4
4197 0 8050 244 244 486 483
4197 1 37513 108 103 8 8
25431 1 5635 2 2 6 2
15018 1 18772 5 3 3 3
9762 6 8948 21939 21935 16016 16016
30927 6 25532 15468 15468 16679 16679
19315 1 39214 8 7 3 3
39214 0 32965 25245 25245 14977 14977
18563 0 4302 327 327 10628 10626
21993 1 19504 125 120 8 8
9794 0 26796 101 100 72 72
40860 0 1945 160 160 7213 7191
13748 1 11108 17 15 7 6
4384 1 24793 8 7 18 17
10633 4 19550 12117 12117 28175 28175
27322 1 37139 11 11 5 5
40383 0 38168 11129 11129 16489 16489
7362 4 32362 24 11 2 2
22231 1 8513 3 3 5 4
40692 0 8924 2018 2018 13381 13372
1685 1 12089 6 3 5 5
450 4 4488 262 245 83 83
39094 5 3918 460 460 17375 17358
40914 5 3918 607 607 32646 32627
2315 0 3918 1280 1280 36529 36520
40869 0 3918 1870 1870 27441 27433
39375 4 35988 2230 2230 28589 28589
33362 0 724 6540 6540 37754 37735
4388 4 38068 32 20 1 1
24592 0 13837 526 526 10972 10968
4109 6 1349 83 79 7 6
20971 4 929 30601 30601 14649 14648
23939 0 929 9 9 1586 1575
2108 1 23830 26 23 17 16
137 1 39790 2 2 59 59
14471 4 26704 389 385 10 10
38379 0 2037 8368 8368 30456 30453
3297 1 2037 5 3 2 2
19597 1 29925 21 19 4 4
9472 3 9553 2762 2762 20375 20373
24002 1 31718 2 2 4 3
13378 4 37002 25 17 2 2
18672 8 18729 29 29 32 29
23066 0 10976 23985 23985 35837 35837
37193 0 36623 35930 35930 36424 36424
35461 0 15432 15859 15859 33622 33620
6086 1 37968 28 28 83 83
39988 0 6132 6188 6188 29904 29898
27635 0 6879 12318 12318 38649 38649
12792 1 18251 36 36 17 16
25299 0 17090 2894 2894 15643 15641
22804 0 9256 132 132 897 894
22046 1 449 18 18 21 19
26701 5 39164 17671 17671 26629 26629
33010 4 37752 373 372 27 27
17564 4 28570 3237 3237 12208 12208
14394 1 27202 3 3 3 2
40861 0 35307 37711 37711 31381 31381
36533 1 31832 3 3 11 10
1421 1 13698 12 10 5 5
1421 1 1420 23 20 53 53
15918 1 8898 3 2 14 14
39681 2 3869 1 1 588 557
13147 2 3869 3 3 611 579
29520 1 38175 12 12 10 10
7705 4 29204 6872 6865 142 142
31945 1 533 4 4 4 3
20267 1 11332 3 2 3 2
40862 0 6138 9296 9296 38379 38364
12405 1 2536 3 3 15 10
22145 0 267 123 123 8537 8514
12466 4 38408 1706 1684 21 21
12466 4 38825 568 547 14 14
16552 1 10073 3 2 2 2
31672 0 16442 18004 18004 7916 7916
34829 0 34921 426 426 10630 10628
6539 1 27537 10 5 2 2
24829 0 20017 3094 3094 28679 28674
28048 0 20017 2405 2405 39893 39887
40863 0 22831 4659 4659 30530 30525
9658 0 22831 2234 2233 7213 7209
17365 6 1148 29860 29860 38619 38619
11735 1 13906 3 2 2 2
10734 0 10886 8 8 2526 2512
1494 0 15383 5167 5167 12743 12742
31725 6 3983 170 170 1233 1232
3023 1 19162 12 12 44 42
28499 0 2833 516 516 6006 5991
4250 3 26422 383 382 911 909
14121 1 5862 257 255 73 68
1002 0 15449 2894 2894 16579 16574
14237 9 14236 2 2 4 4
40286 1 14159 4 4 3 2
1432 4 24308 43 28 8 8
29759 0 21793 1401 1401 2859 2858
40 0 9353 1086 1086 10334 10326
36532 1 36531 2 2 17 17
4832 1 7867 270 266 16 16
27716 6 14968 14746 14746 10042 10042
304 0 25231 13272 13272 20724 20723
8542 1 19421 7 3 3 3
30629 1 15712 13 13 8 7
20027 2 9746 1 1 28 17
26019 0 4682 3 3 67 63
15092 4 32205 20934 20930 7766 7766
13106 4 30126 89 78 15 15
7451 0 9653 16995 16995 10600 10600
14198 1 7551 5 5 10 2
19206 1 11656 12 9 10 6
938 1 29478 48 46 14 14
19923 0 13346 7 7 1233 1225
40895 0 13346 17 17 1258 1249
8767 0 2776 213 213 10847 10823
17206 0 4193 1826 1826 7908 7906
9026 1 21448 4 4 23 19
10884 1 23870 241 240 48 46
10884 0 12402 3572 3572 22238 22237
33656 0 17442 4333 4333 38530 38526
29844 1 36062 3 2 2 2
39433 6 40246 1485 1484 139 139
13370 4 32777 1489 1488 20351 20351
40865 0 34557 3275 3275 22123 22122
12307 1 5388 6 6 14 11
8628 3 1186 647 645 394 394
4299 0 1562 1260 1260 32215 32208
18208 6 35649 32288 32288 11799 11799
12758 0 980 4041 4041 16994 16993
26577 4 38800 221 221 366 366
40866 0 8678 2121 2121 14384 14381
32294 0 1897 187 187 16786 16711
6937 1 1897 14 11 13 6
9481 9 158 5 4 5 2
13100 9 9481 3 2 5 4
15588 1 15587 8 4 3 2
13773 0 27141 20 20 214 211
25916 0 16303 40 40 517 508
36297 0 16303 22 22 536 526
20354 1 18989 2 2 24 24
973 1 13336 208 206 107 101
5185 0 13336 849 849 29284 29280
9012 5 7786 1 1 86 67
33237 1 410 10 10 2 2
14633 6 31433 14980 14979 10744 10744
14633 6 8142 967 967 1685 1685
40867 0 339 8109 8109 36631 36628
3453 1 18417 17 11 3 3
8951 1 28285 7 5 9 8
1460 1 8951 4 4 8 6
8222 1 6150 16 12 9 8
8054 3 25795 32653 32651 1420 1420
6845 1 2779 4 3 19 19
19202 0 12252 6919 6919 23627 23620
20124 1 18592 48 48 7363 7360
20124 0 14100 61 61 25766 25762
30846 0 2941 1215 1215 6980 6979
39027 0 9415 601 601 23873 23861
23350 1 17390 14 14 212 211
8558 1 7530 5 4 5 3
40868 0 5700 37618 37618 31714 31714
32469 0 324 99 99 38012 37992
8545 0 324 66 66 3467 3448
25032 1 25031 3 2 2 2
38057 9 30720 2 2 2 2
2030 0 1832 903 903 3210 3200
1637 0 5616 16 16 104 96
9928 0 5616 124 124 2141 2132
1702 4 29665 52 48 4 4
36951 4 24229 9076 9074 320 320
6008 1 1041 2 2 3 2
14647 0 13213 130 129 8 8
699 1 22618 3 3 4 4
35907 4 37894 359 359 795 795
13383 1 2789 9 5 17 16
2713 6 7645 40 1 2 1
11577 1 7731 8 7 11 9
40870 0 1335 30182 30182 32536 32535
24483 1 12798 5 4 10 8
17309 0 30810 17022 17020 5982 5980
10156 1 963 7 4 13 11
2452 1 3976 6 3 8 4
2452 1 7086 14 10 15 8
40905 0 3387 65 65 1110 1096
7217 1 3387 6 5 6 6
8525 4 37769 2315 2313 80 80
35828 0 1364 456 456 40029 39999
26559 6 35828 40922 40922 16421 16421
16493 1 19237 53 52 192 185
2933 1 7202 5 2 10 5
6048 9 22594 30 29 4 4
29003 1 35415 15 12 15 15
20788 1 10332 118 115 25 24
5707 1 5706 3 3 9 7
29609 1 29608 2 2 35 35
22190 1 35891 894 891 48 47
22190 1 11262 19 17 13 10
9192 1 19649 40 35 7 6
26202 0 7136 6 6 17 16
36138 0 7877 12 9 33 30
23317 0 6977 17694 17694 39269 39233
40920 0 6977 13825 13825 37372 37337
36948 1 27706 13986 13986 10035 10034
34777 1 14753 3 3 3 2
1620 4 23845 47 32 2 2
12071 1 18026 60 56 11 11
8848 5 14818 1 1 18 4
11500 6 11034 108 101 6 4
16013 1 5367 10 7 5 3
10574 6 36868 24 20 10 9
18072 0 1880 241 241 2242 2227
7031 1 26802 6 3 3 2
32487 1 10667 7 5 7 5
28680 1 10686 2 2 3 2
9031 4 20091 575 556 42 42
37696 0 13023 344 344 14731 14723
5434 1 5433 9 6 5 4
24552 2 8531 830 829 4015 4012
35789 5 3276 22 22 11913 11881
31511 5 3276 7 7 4485 4454
39401 0 24275 77 76 759 747
27408 0 4448 2 1 10 2
13163 1 17198 4 2 6 5
8664 1 2489 3 2 11 6
2489 1 15398 782 777 88 88
25485 2 3943 1 1 46 14
38545 2 3943 1 1 31 1
36055 6 19589 238 238 3528 3528
19768 0 5156 142 142 8230 8198
26405 0 5156 15 15 2043 2012
17022 6 35666 2000 1997 565 565
17022 6 3619 1988 1986 716 716
4621 1 88 15780 15779 9774 9772
40873 0 28355 9200 9200 30780 30778
2460 9 9748 2 2 2 2
36214 0 573 146 146 1301 1262
40874 0 22716 31511 31511 35246 35246
25322 4 40518 925 925 501 501
2760 0 11134 797 797 32309 32303
4446 9 1807 14 11 4 4
11636 0 4446 656 656 15561 15560
36303 1 2876 5 5 5 5
37244 1 21630 8 8 7 5
38942 1 2626 802 802 2958 2955
31471 0 2626 76 76 778 777
3018 0 27173 2533 2533 78 78
26985 0 7600 53 53 930 924
37635 0 7600 20 20 259 254
8617 6 7587 7974 7963 6755 6755
24972 0 1142 6324 6324 32379 32377
680 7 38698 35018 34955 6 6
680 7 40901 14994 14932 5 5
6028 0 29623 8732 8732 22545 22545
29623 0 33835 12282 12282 30946 30943
36506 4 25083 461 461 678 678
7152 1 4236 5 4 5 3
22504 0 7152 2471 2471 14387 14382
40876 0 1295 10654 10654 31183 31177
21646 1 1295 3 2 7 3
22690 0 9531 72 72 389 385
34554 0 9531 1379 1379 24301 24296
701 1 25692 3 3 6 3
14347 1 5567 6 3 6 4
22500 1 15849 1312 1311 966 965
24584 6 29929 7 7 4559 4559
18192 4 1499 1 1 2 2
17820 1 654 8 5 7 3
23192 1 654 3 3 9 4
34164 0 21362 5980 5980 34289 34285
23961 0 6776 2 2 42 34
14951 5 6776 81 81 39028 39023
2111 1 35677 84 82 106 106
32320 1 16031 21322 21322 11640 11640
31261 4 13766 352 352 401 401
38116 9 9 2 2 3 2
40068 0 28942 20747 20747 19155 19155
21724 1 8592 46 42 35 33
4229 1 37036 21408 21404 14243 14243
29447 0 15913 158 158 1831 1826
16697 4 31051 78 74 5 5
5443 6 33646 20 2 4 3
13087 1 36310 32 31 9 8
22927 4 27025 22838 22838 17138 17138
24129 1 15215 45 44 77 76
24953 0 13135 601 601 18014 18005
22068 0 29955 40512 40512 13639 13639
6111 0 23960 1446 1446 1143 1141
6111 1 11198 8 4 2 2
2003 0 4127 4406 4406 34986 34982
40878 0 34399 4164 4164 23531 23527
26349 1 19291 14 13 12 11
15641 1 5982 104 99 51 49
21253 0 5982 20979 20979 39086 39086
3948 3 25669 9736 9732 422 422
40879 0 39495 37833 37833 27727 27727
10738 0 8594 10234 10234 40137 40130
40612 0 8594 11539 11539 33976 33970
12395 0 4161 2 2 66 39
40942 0 4161 1253 1253 15630 15601
26530 0 25605 4180 4180 10835 10834
25576 0 19971 8834 8834 37556 37550
3574 6 39280 3212 3208 17 17
35051 1 36988 9 9 6 6
19269 6 3870 20664 20663 140 140
26457 1 21879 700 700 2319 2318
16049 4 31756 2221 2219 151 151
26279 5 6146 3 3 3324 3313
31974 5 6146 17 17 7636 7624
22137 5 3531 9 9 1099 1077
15837 1 15836 2 2 2 2
3895 0 3721 64 64 290 255
23820 6 25420 9 4 2 1
23820 6 11103 6 2 3 2
28203 4 29473 2666 2662 311 311
2999 1 36067 5 2 2 2
11766 5 10754 51 51 9393 9374
40880 0 10330 1232 1232 15062 15057
29695 1 25945 21 21 25 25
15242 6 5534 8 6 17 15
16017 3 30757 192 190 239 238
9486 3 6190 2381 2377 820 820
10504 6 36780 2322 2315 389 389
31226 0 17728 1999 1999 27604 27595
8734 1 1538 4 3 2 2
29667 0 249 150 150 8611 8566
7681 0 249 36 36 2752 2708
1196 5 12328 90 90 36358 36341
29190 5 2139 62 62 29876 29849
9335 5 2139 1 1 551 527
13338 1 18054 425 423 44 44
19110 4 40436 4446 4446 989 989
1935 0 7945 953 953 16625 16602
1104 0 7945 8 7 655 634
32001 2 3539 30 30 3020 3019
7118 0 3978 100 100 1442 1421
27765 0 206 1418 1418 14325 14295
16624 9 15794 2 2 2 2
1966 4 24890 11814 11812 288 288
31338 0 8266 224 224 14979 14975
40221 5 73 1 1 89 34
3410 4 40221 2071 2070 652 652
29650 5 73 95 95 19505 19446
4984 0 73 4 4 105 94
7890 1 8556 12 8 11 9
32343 0 7890 1053 1053 4852 4835
4686 0 9935 780 780 14850 14834
1690 1 5111 16 4 4 3
23282 0 1690 177 176 878 868
10335 1 2363 2 2 26 19
19856 1 15917 3 2 3 2
15168 1 35514 2 2 2 2
40881 0 9334 14302 14302 38237 38232
28253 1 28252 2 2 3 2
11736 1 678 11 9 11 9
12371 1 20336 128 124 118 117
26039 1 31200 16964 16964 19194 19194
39168 1 23614 4 4 6 6
20692 1 21524 16 15 7 7
24359 1 36592 2 2 4 3
6740 1 6335 8 6 8 7
38194 0 6335 23498 23498 22943 22943
5315 0 18408 838 838 610 610
11605 4 40002 114 114 165 165
12921 1 24570 284 274 154 152
21374 1 12921 18 17 25 15
5134 2 4633 1 1 11 1
35877 0 85 2 2 390 155
23185 0 85 31 31 5294 5047
40756 0 85 597 597 3908 3663
26136 1 26135 2 2 2 2
37633 0 20754 3639 3639 7661 7660
40883 0 1222 2709 2709 27675 27662
40904 0 1222 13645 13645 38028 38014
19190 1 22874 9 8 23 20
14563 2 35454 40570 40568 371 371
12530 1 5329 6 6 3 2
37793 0 425 4619 4619 36978 36958
7112 1 21005 57 57 910 906
13785 6 30026 14026 14025 39389 39389
30892 1 27200 2 2 2 2
22309 1 11345 118 117 996 989
652 1 11489 9 4 4 3
21523 0 5914 4274 4274 30104 30100
19459 1 8641 12 12 57 53
103 0 9917 3633 3633 17835 17834
34367 1 30925 10 10 5 4
39210 0 36049 12727 12727 33782 33781
27244 6 22681 2808 2807 25 25
12608 4 21734 48 45 5 5
31281 1 6359 9 9 43 38
40153 0 6359 4832 4832 36681 36673
28257 1 28256 4 3 3 2
3741 6 11977 3 1 4 1
8455 0 14334 749 749 3467 3466
11170 1 606 28 22 9 7
9097 4 33963 122 121 16 16
15436 1 15435 6 5 6 6
9201 1 9200 7 5 2 2
6058 0 5378 154 154 5438 5424
5378 1 9054 86 83 176 171
24455 0 7235 399 399 26286 26281
40886 0 36491 26261 26261 34038 34037
27948 0 29072 3836 3836 40333 40329
2574 1 10949 7 3 9 5
15184 1 36822 14 14 43 42
17033 1 208 3 3 4 3
5633 0 4663 792 792 19527 19511
23779 0 17423 5506 5506 29847 29843
31140 0 1615 207 207 11067 11062
25999 1 31140 69 69 28 27
29071 0 25203 1580 1580 7923 7920
4929 4 37085 2110 2104 66 66
11962 4 5667 612 608 24 24
14732 6 18907 28472 28471 132 132
4582 0 23340 24484 24484 32820 32816
2940 0 23340 3223 3223 4246 4243
6093 10 24981 586 585 61 61
14001 0 36202 17432 17432 22605 22605
37407 0 19919 979 979 40278 40275
28934 0 6210 11 10 15 12
13298 1 26814 4 2 3 2
12356 1 20726 14 13 7 6
11679 7 15652 205 199 3 2
18992 0 780 511 511 10980 10972
12696 0 1750 4352 4352 16633 16631
22477 1 2282 113 108 4 4
17701 4 36065 2165 2165 18265 18265
20641 0 36866 7235 7235 39024 39023
31601 0 1352 7053 7053 39493 39487
36144 0 28533 21781 21781 27882 27882
22400 2 2183 1 1 50 19
39117 2 5348 3 2 11 9
12905 1 5832 5 3 5 4
16355 1 22399 4357 4352 3297 3297
8334 2 35737 45 45 3810 3809
13347 0 26570 181 181 292 290
40889 0 34949 6684 6684 20659 20658
12551 0 7485 15169 15169 6955 6954
3154 1 27514 13 11 4 4
35950 0 20760 273 273 1641 1636
20760 0 25127 8155 8155 39474 39473
23933 1 23098 152 151 176 173
12685 6 19180 37260 37254 542 542
12358 2 4168 1 1 22 12
7700 2 4168 1 1 12 3
35674 0 16517 8819 8819 12470 12470
6813 1 5175 5 3 3 3
7375 1 7374 10 8 3 2
40890 2 23906 24582 24582 32204 32204
21948 4 38918 4486 4486 18892 18892
17500 9 17499 2 2 3 3
6759 1 21078 6 3 3 2
11196 0 24534 16250 16250 19580 19577
16734 7 13678 7424 7421 10 10
865 1 17946 195 186 6 6
1821 6 39122 417 403 5 5
11630 1 31896 11 8 3 3
7284 1 17756 3 2 2 2
26770 5 6829 1 1 11 5
37565 1 22789 5 3 4 3
11926 1 11925 7 3 5 4
27446 1 22702 11 9 6 4
13999 0 37238 6 6 64 63
2050 6 30438 11051 11051 21741 21741
21493 0 24309 15520 15520 38711 38711
40891 0 13449 15454 15454 35611 35610
15390 1 38904 38895 38894 26057 26057
33146 1 2101 4 3 12 4
17987 3 17986 2005 2003 660 659
29746 3 17987 59 59 7769 7767
2692 0 10487 33 33 143 140
32902 1 29338 2 2 5 5
14511 6 11512 19935 19928 503 503
6117 1 683 5 5 28 22
25817 0 40019 16760 16760 22699 22699
39730 4 31900 10151 10151 2406 2406
14912 3 19439 1447 1444 37 37
34332 4 1842 503 499 26 26
29957 5 8285 11 11 2495 2491
8398 4 40398 12506 12506 7856 7856
13141 4 36356 91 79 6 6
24146 1 36079 8 7 27 27
12197 1 24146 77 74 42 41
8973 0 15567 7888 7888 25397 25396
2840 1 18631 3 2 3 3
4993 1 4648 13 12 46 37
15543 4 26788 6420 6420 25268 25268
9926 1 1976 6 4 5 3
40893 0 10088 1293 1293 12446 12441
18632 0 15264 6741 6740 18720 18717
25930 4 9684 413 408 652 652
39714 5 5407 2 2 1818 1793
31612 1 9688 8 8 8 7
1782 1 1781 47 46 83 80
34009 6 39128 6743 6740 1752 1751
25597 0 4132 4024 4024 39949 39939
16378 0 2054 3 3 22 5
12541 0 2054 2 2 21 5
2054 1 17904 11275 11275 26375 26374
18557 9 18725 3 3 2 2
40453 1 28165 5 5 6 4
7231 0 16733 31886 31886 27027 27027
17867 1 14085 4 3 4 3
36201 4 39259 33633 33632 6748 6748
17202 0 12720 88 88 1051 1042
28053 0 4049 99 99 4886 4872
25593 0 4049 92 92 12153 12138
4049 1 28361 4 4 7 5
22873 1 37187 30 23 4 4
37187 0 3391 3270 3270 24665 24661
30984 1 6485 10 8 11 9
12052 1 6794 4 3 7 4
6371 6 13857 18084 18080 3331 3330
1675 3 3261 11 7 5 4
32329 0 39076 27002 27002 25306 25306
1788 0 22163 7 7 471 467
8791 1 15310 4 3 15 9
13863 1 15310 15 7 12 7
3838 1 15310 86 84 129 122
36716 0 15310 1716 1716 11978 11978
23303 1 6584 17 16 413 407
9014 0 13840 1713 1713 22528 22523
9501 1 16279 5 4 5 4
9412 1 35482 18 14 3 3
26517 1 352 45 43 112 103
30651 1 30650 142 141 15 15
13606 0 5759 27 27 3799 3784
24242 4 40495 474 474 8120 8120
3024 1 8489 10 9 59 53
4914 4 5471 146 141 8 8
16649 0 11808 49 49 191 186
16580 1 16649 4 3 4 2
8882 1 30608 31 29 5 5
24380 6 4034 125 125 343 341
20967 1 38940 3382 3379 170 170
38940 1 20967 3878 3878 22014 22011
12345 4 32572 124 123 15 15
17336 1 6811 2 2 4 2
4393 0 21188 1434 1434 27637 27635
16082 0 19592 16874 16874 39025 39025
13599 4 38034 58 58 55 55
2399 3 852 106 104 76 76
26551 1 17969 4 2 7 5
19862 1 25685 21 17 3 3
33100 0 23835 1896 1896 9652 9646
38732 1 16818 3 3 6 4
30257 4 39983 1789 1789 32 32
2097 1 9439 12 8 10 6
8891 1 8890 11 11 18 15
10946 1 16189 7 4 4 3
23311 5 666 1 1 70 42
7605 1 16736 3 2 3 2
40896 0 23801 22822 22822 37292 37290
3152 1 34834 4 2 6 6
8027 0 17129 3282 3282 16630 16629
18036 1 23414 4 3 4 3
10896 1 5187 32 32 5 5
29378 0 14065 504 504 12545 12543
11268 1 18820 1404 1403 2143 2140
10603 3 7644 78 77 13 12
28163 6 33290 5981 5981 4717 4717
26372 1 2839 6 4 4 2
13731 1 3340 5 3 8 4
30635 1 27499 8 7 12 10
19561 2 12788 52 50 30 28
6316 1 14884 18 16 10 9
14884 1 6316 8 7 34 32
40071 0 542 1030 1030 9363 9350
24433 1 24432 3 2 3 3
8518 8 19686 75 70 17 17
36028 1 13581 10 10 94 92
23015 1 39472 6 5 9 9
29941 0 8121 41 41 406 401
11007 0 39628 1002 1002 22340 22339
38483 1 35975 41 41 2 2
27069 0 17594 1921 1921 32942 32941
31414 0 21528 8587 8587 12587 12584
10966 0 6448 2974 2974 16767 16763
7275 0 36151 14750 14750 30667 30666
10347 0 12311 88 88 829 818
40897 0 15992 706 706 16832 16827
29348 1 9181 8 8 49 44
181 4 20452 395 390 39 39
30056 0 13450 369 368 2703 2697
13510 0 34706 659 659 26599 26597
9041 1 8986 35 31 14 9
33052 1 6521 4 3 11 7
26934 4 36843 894 894 677 677
2778 1 2777 13 10 11 11
28399 9 24687 208 208 151 151
28399 0 7125 43 43 11 9
163 1 9522 180 176 52 51
38964 6 15538 6 4 5 3
36295 6 20656 40157 40157 40834 40834
7947 1 3044 12 9 28 21
24577 0 6103 5713 5713 34163 34160
39447 2 955 8 7 164 152
27080 0 35724 3987 3987 35815 35815
18317 0 16471 3322 3322 37539 37536
40899 0 1371 5861 5861 26524 26501
35847 0 1371 845 845 12383 12361
32447 6 14556 20470 20468 8 7
5046 5 5363 409 409 33719 33704
31855 0 1378 3 3 70 11
19994 0 1378 2 2 75 15
25740 0 1378 181 181 1777 1715
40676 0 1378 2252 2252 15032 14969
20832 0 2453 34 34 1250 1199
38637 0 35536 176 176 2663 2663
29542 6 38922 1359 1359 471 471
17578 1 8885 5 4 5 3
40900 0 3668 577 577 17857 17850
38879 4 40465 120 120 1343 1343
23645 1 3271 13 12 6 5
10717 1 23392 5 4 8 6
7129 6 37636 124 105 6 6
7129 6 39342 169 149 54 51
22752 1 11603 5 3 4 2
13171 0 2104 215 215 4295 4279
3840 4 25993 79 78 4 4
6976 1 6542 23 23 10 10
6504 0 17314 383 383 1237 1230
1218 1 18913 10 6 3 3
23637 1 22005 58 58 68 68
12259 4 40042 12615 12615 27705 27705
29053 0 31232 184 184 10399 10395
14841 1 11642 16 14 7 5
12434 1 11406 7 6 5 2
4571 1 19807 6 5 2 2
12516 1 16943 3 3 9 7
9471 1 28564 27 23 7 7
40902 0 30686 13904 13904 31580 31579
215 1 13069 74 69 7 6
28342 4 21955 3459 3459 431 431
4050 1 5908 32 31 16 16
10960 0 16571 22256 22256 31776 31775
3343 1 1512 8 4 7 6
15421 1 7039 193 188 27 26
40903 0 23890 14088 14088 30509 30508
18173 1 23932 3 2 4 2
26645 1 11702 23 23 41 40
15117 1 11702 2 2 2 2
7241 1 9423 8 6 4 4
15866 1 20662 112 111 901 898
308 1 23762 49 45 8 8
1602 1 20590 5 2 3 2
7541 1 7540 52 51 18 17
4015 0 32323 35598 35598 27173 27173
36003 2 3957 2 1 5 1
11479 0 4865 2301 2301 35712 35706
1202 0 14475 15186 15186 34140 34137
14612 1 19739 5 3 5 3
7024 0 6752 81 81 1281 1267
32853 0 5203 1547 1547 37670 37668
37253 0 40396 12439 12439 31198 31197
34648 0 16831 2130 2130 6635 6634
1613 1 3914 8 6 13 10
10826 0 26562 63 63 3432 3427
23101 1 12527 11 10 8 6
27830 0 8061 1731 1730 160 158
20864 1 6464 4 4 21 19
5262 6 29332 4050 4048 10663 10663
35821 0 16863 1043 1043 20532 20526
13407 1 4967 4 3 7 5
9713 1 18011 4 3 2 2
31393 4 27927 12985 12985 16631 16631
12347 1 13214 112 109 10 10
22063 1 36525 2 2 2 2
37425 0 4766 18823 18823 24816 24816
27152 4 38832 2101 2100 4295 4295
31830 5 24055 241 241 629 629
15799 6 17609 12 1 1 1
38974 0 621 1507 1507 3102 3101
17241 0 17150 9 9 15 14
2858 4 33960 45 14 1 1
26230 0 10765 92 92 6793 6786
19752 1 19897 8 4 5 3
38731 0 10922 144 144 6601 6598
30909 6 31031 13367 13367 31544 31544
40907 0 25161 34966 34966 33248 33246
36978 0 692 158 158 4572 4547
29708 0 692 43 43 96 74
20476 1 6724 7544 7543 3760 3758
40908 0 7921 10721 10721 36792 36792
2443 9 5163 6 5 3 3
12141 1 2443 4 4 7 4
7159 4 32394 1821 1818 57 57
9995 0 1520 13 13 1756 1746
3657 1 11758 548 548 1814 1810
687 6 27283 5366 5345 1906 1906
8662 0 716 226 226 5034 4996
7974 1 3145 9 6 7 5
24517 1 9302 4 4 7 5
7449 0 7095 26205 26204 16211 16211
31989 4 40175 6393 6393 923 923
40909 0 3338 8913 8913 25776 25768
19172 0 15730 492 491 703 702
15433 6 23550 25448 25445 165 165
15869 1 9418 5 3 9 7
27694 3 13419 41 41 547 546
21543 0 14367 8665 8665 25226 25220
5015 4 5256 35 28 2 2
16016 1 10865 23 22 15 15
2379 0 14652 7117 7117 9351 9351
40910 0 10662 4654 4654 37120 37112
13388 1 17572 5 4 12 10
38526 0 17405 4669 4669 39916 39908
9889 0 38560 8489 8489 34687 34686
11600 0 13047 3 3 23 15
40912 0 9931 7296 7296 32164 32164
36575 0 34172 19162 19162 34668 34665
19960 6 20910 21526 21525 3156 3156
10868 1 6529 5 3 11 8
25398 1 30292 2 2 5 3
13664 1 23487 16 14 7 6
40913 2 1214 78 78 13249 13230
13094 2 1214 3 1 19 1
16437 0 26208 2240 2240 6134 6132
22757 1 22756 3 2 3 3
40260 0 26108 4 4 36 34
32735 0 5654 86 86 2947 2944
3447 1 9780 11 6 6 5
14404 1 3447 6 5 9 4
7985 1 4209 422 422 2518 2515
40915 0 10407 15780 15780 33779 33779
6851 1 6468 8 7 11 7
15604 3 4192 54 54 78 78
9074 0 2243 115 115 934 933
16945 1 27937 2 2 2 2
37937 2 17319 5 4 90 86
17444 1 7040 2 2 3 2
24542 0 21434 3480 3480 24394 24393
19654 0 38248 13020 13020 11260 11260
40916 0 25194 3639 3639 22467 22466
3512 1 1507 21 18 6 6
35515 4 5683 10635 10635 32326 32326
26598 1 13630 2 2 2 2
3815 1 39428 124 122 205 205
4037 0 16708 25 25 1153 1149
29698 0 8868 23204 23203 34006 34005
15051 1 14230 4 4 25 21
1006 3 17460 557 556 6208 6204
20944 1 2415 5 3 12 8
9847 3 11802 5953 5946 2236 2236
19964 4 40677 35513 35510 6693 6693
23100 1 23574 3 2 3 2
21645 1 16026 6 4 6 4
3046 0 140 5393 5393 12080 12074
1732 6 23260 13 1 1 1
29279 4 22476 814 814 16663 16663
21641 0 8412 9189 9189 8550 8549
40283 0 13935 136 136 1640 1637
20075 1 5623 9 7 5 5
32173 0 25942 150 150 1663 1660
17114 1 9438 116 116 41 40
33419 4 28271 383 381 42 42
40917 0 5681 3944 3944 7001 7000
15907 1 15906 4 3 6 3
15906 1 26088 7 4 4 3
14098 4 39569 359 357 39 39
4725 1 3135 4 3 4 3
24645 1 21259 4 3 5 4
22111 1 25386 3 3 2 2
11499 1 5619 4 3 10 7
3068 1 3431 14 10 6 5
7765 1 7764 4 2 5 4
11813 1 30361 10 3 2 2
13330 1 4080 3 2 4 3
40919 0 27595 3243 3243 14227 14227
26579 0 27595 10858 10857 40663 40662
20569 1 7364 17 16 25 19
27835 1 30774 2 2 10 10
2212 6 39573 28451 28451 35722 35722
29644 1 22647 3 3 5 4
28102 1 13943 91 91 30 29
39806 0 4094 22167 22167 34363 34363
11333 0 1873 226 226 40301 40292
7708 1 7707 4 3 6 5
20826 6 37122 3016 3015 6336 6336
35116 1 2058 3 3 6 2
4697 1 3858 3 2 4 2
11455 4 7090 6634 6630 67 67
40921 0 10175 7448 7448 34956 34950
38431 1 28014 2 2 32 32
12033 1 19844 37 36 16 14
5245 0 33893 6905 6905 36317 36317
34222 0 38513 1215 1215 9209 9208
8695 1 8694 5 5 23 20
3104 1 3103 19 19 7 6
15438 1 11384 3 3 4 2
31721 1 24228 4 3 3 3
2370 4 3245 59 40 2 2
8754 1 6098 15 12 4 3
8754 1 4244 5 3 9 7
18988 0 27345 108 108 7576 7575
40923 0 13663 59 59 3149 3128
11049 0 722 711 711 27269 27261
38784 0 6570 2374 2374 26422 26407
16141 4 16183 8731 8729 1739 1739
496 1 32512 9 7 11 11
37743 1 14493 5 5 207 204
5090 1 38941 26 25 32 32
34217 1 30032 4 3 8 7
16865 1 8774 2 2 3 2
26008 1 24248 239 237 172 172
37763 1 3707 2 2 2 2
22457 6 34682 39845 39845 39445 39445
33138 1 11811 2 2 3 3
25767 4 33687 4408 4408 16093 16093
13958 4 28025 285 277 3 3
656 1 37010 17 15 11 11
10583 1 2117 10 6 13 6
20736 1 17537 28535 28535 29958 29957
10184 0 28333 25 25 34 30
38142 0 26564 18097 18097 27451 27451
3096 4 25112 212 204 4 4
15613 0 15381 69 69 9046 9042
22584 1 12684 3 3 4 2
10350 1 13671 4 2 3 3
7514 1 25165 4 2 6 5
25852 1 20593 7 7 11 10
14893 0 27550 1289 1289 27506 27506
22787 1 22786 2 2 4 3
5300 0 27067 23195 23194 24483 24483
622 0 8078 109 109 19407 19395
24444 8 33475 520 520 2118 2118
35002 0 19318 2534 2534 11322 11320
5466 0 115 332 332 15052 15036
19843 0 2682 23 23 153 152
22395 0 5140 4531 4531 21044 21040
20504 0 11647 166 166 20905 20896
11184 4 27448 8154 8145 132 132
33563 0 18375 36267 36267 17786 17786
19846 1 18645 12400 12398 13004 13003
23722 0 20561 2184 2184 3708 3708
36869 1 18872 9 9 22 17
1358 1 1357 8 6 6 6
13443 1 1717 4 2 6 4
9968 1 13305 8 8 66 62
6222 1 29825 17 16 9 8
19156 0 89 403 403 25434 25417
28882 9 3696 2 2 2 2
40924 0 22072 16509 16509 34332 34328
30066 1 7387 9 9 144 142
15533 0 7387 247 247 15434 15428
6506 6 39335 509 502 34 34
29368 0 40057 39628 39628 39298 39298
27225 6 33459 57 50 7 7
34773 0 34386 23590 23590 39611 39609
40449 0 1803 3026 3026 14499 14491
21774 6 9252 3041 3041 8645 8645
18483 1 17730 3 2 6 4
18247 1 33545 18 18 4 4
38623 0 5839 776 776 14651 14646
4359 1 29197 6 5 8 4
29197 1 13612 12 8 12 9
27198 1 6242 4 4 7 2
27447 1 4053 48 47 78 78
13806 1 28087 254 254 158 157
40925 0 19888 3028 3028 15958 15958
9983 4 21913 6655 6653 1699 1699
20348 0 11447 3147 3147 4586 4586
38036 0 1666 1678 1678 13582 13571
32679 0 34089 37159 37159 38727 38727
35965 4 17251 22392 22392 2743 2743
18481 6 27900 40413 40413 31327 31327
37628 1 32564 9 9 9 8
4466 1 21189 6 5 8 5
640 1 7220 7 6 5 4
24070 0 18975 3286 3286 18077 18075
2758 1 22165 2 2 4 3
4556 1 9927 5 3 8 4
40353 0 10745 3197 3197 29442 29437
19632 1 35311 2 2 6 6
39784 1 31199 2 2 2 2
4594 0 5891 269 269 4082 4078
4491 0 19288 4439 4439 33351 33349
30729 4 33668 1148 1148 5326 5326
34985 0 3925 5255 5255 22156 22152
28487 1 7168 63 63 78 74
26416 1 36198 8 6 21 21
34811 0 1272 76 76 1821 1804
3263 1 2390 4 2 6 3
11689 0 15537 1994 1994 11154 11151
28752 0 4416 2 2 5 4
27422 0 8663 42 42 1161 1159
5643 1 3754 92 91 27 26
11366 1 26527 6 2 6 3
24792 1 893 3 3 3 2
6657 1 21399 3 2 30 30
18566 1 6657 9 9 3 2
39413 0 5325 13 13 15768 15742
11969 1 26616 5 5 3 2
36488 1 6245 3 3 12 8
11151 1 17991 5 4 5 3
3136 1 16161 9 8 7 6
30980 0 3884 3706 3705 23071 23066
30250 1 32816 8 6 3 3
4638 1 29948 2 2 4 4
27855 0 9636 18850 18850 22230 22230
22777 1 35880 13 11 11 11
3901 1 1387 15 14 21 21
22243 0 13777 847 847 34348 34339
5542 1 30223 18 14 11 10
38033 0 20954 29558 29558 38075 38075
29753 0 15565 334 334 6757 6749
29266 4 13537 14823 14823 14548 14548
1937 6 25054 12687 12684 3119 3119
21124 0 14843 560 560 15847 15844
40927 0 290 659 659 12039 11995
31744 4 8674 16255 16254 544 544
40127 0 2558 2068 2067 12242 12227
2529 4 12558 8743 8736 34 34
7694 1 33571 5 2 3 3
22610 0 27194 83 82 688 683
30249 0 6066 1647 1647 16200 16199
658 0 13432 2014 2014 4586 4580
40928 0 9369 9128 9128 20073 20072
38434 0 9010 12925 12925 27928 27927
30241 6 28445 18 15 1 1
35998 1 12005 30 30 125 122
37809 2 18294 3124 3123 4996 4994
11424 1 34792 13 6 3 3
35840 0 11072 424 424 35065 35060
28978 1 22902 4 4 4 4
11576 6 38596 1023 1021 37 37
1930 4 36216 14 7 2 2
7939 1 10211 15 12 25 24
28794 4 27413 246 246 222 222
5741 0 1817 31377 31377 16967 16967
5741 6 31343 6 3 1 1
19214 6 3845 7902 7898 11 10
23468 1 1116 77 75 48 46
19251 1 13436 23 22 26 22
30832 0 17008 32327 32326 16055 16055
10086 1 10085 16 16 22 19
20123 1 21785 36 35 22 19
29801 1 16682 2 2 8 4
2714 6 17927 569 525 244 240
3544 6 29062 30 19 4 3
16737 0 2582 2614 2614 36031 36027
37791 0 27732 255 255 2845 2840
17526 4 11245 37400 37398 92 92
1533 0 604 2202 2202 23161 23150
39727 1 9142 3 3 15 10
13018 3 4849 284 282 183 182
32445 0 36854 31 31 10041 10039
30065 6 21979 97 97 4816 4813
1742 6 21979 2847 2847 17632 17628
23039 1 22926 3195 3193 73 73
32339 1 27741 7 6 6 4
17262 4 33581 15288 15287 2046 2046
26419 1 3896 3 3 4 3
2404 6 17683 238 236 7 7
33189 0 14812 2388 2388 15064 15060
26452 9 7754 239 239 4433 4432
19015 1 28438 7 4 6 3
12913 1 9397 2 2 4 2
40931 0 27727 12396 12396 27993 27992
1419 1 22014 5 3 3 2
22075 4 35020 335 334 733 733
14470 4 37913 79 78 8 8
28719 0 7960 21445 21445 39918 39918
8597 1 843 2 2 6 2
14278 0 7240 4205 4205 35235 35218
2970 0 8651 1426 1426 13778 13777
17407 6 4098 30534 30533 16151 16151
15599 5 6014 282 282 2003 2000
23298 0 37796 4 4 23 21
23743 4 1839 37084 37080 428 428
9242 1 9241 2 2 5 3
40932 0 8840 26665 26665 39225 39217
20097 1 39891 8 5 5 5
28366 1 34247 13 12 13 13
23644 0 37462 6711 6711 1794 1794
9572 9 9571 26 26 7 7
30724 1 28310 32 32 10 9
18933 4 6687 6307 6305 27 27
17759 0 2861 477 477 38398 38389
40933 0 15371 1022 1022 9538 9534
38707 1 6267 2 2 4 3
4208 1 4207 4 3 8 7
15219 1 38553 3 2 2 2
23158 4 15716 156 156 280 280
21950 1 27256 4 2 3 2
34499 0 3934 3200 3200 40340 40337
35578 1 3227 2 2 5 3
7908 1 6243 29 22 9 8
1914 6 14604 523 499 40 40
38010 0 30717 4399 4399 19240 19239
40934 0 22330 20023 20023 31841 31841
36509 0 1481 6201 6201 27003 27002
17630 1 5576 17 16 8 7
16260 4 1174 1096 1090 38 38
8162 2 27707 762 762 1609 1609
28523 9 16965 2 2 3 3
40935 0 16658 4529 4529 33995 33992
25614 0 86 236 236 1086 1083
18620 3 6300 4187 4186 6881 6880
10303 0 1380 47 47 207 192
37033 0 20187 11967 11967 14244 14243
26386 0 18443 17312 17312 2801 2801
38926 0 5480 9768 9768 24841 24840
29831 0 12577 3 2 21 14
15782 0 21097 3965 3965 17491 17488
22438 1 8094 2 2 11 9
40936 2 3999 71 71 13549 13510
1838 0 11464 4397 4397 37268 37266
14405 6 31106 704 701 1304 1304
38576 6 23883 3460 3460 2160 2160
17088 4 35425 36286 36286 2559 2559
849 10 13402 609 609 611 611
31905 1 5241 3 2 5 3
5409 0 9991 552 552 21809 21807
7245 0 31986 3003 3003 12123 12122
34983 1 16742 4 4 15 13
10762 1 12714 5 3 91 91
10953 0 273 49 49 1321 1307
26769 0 1194 130 130 858 856
12790 6 38666 2 1 3 2
20833 0 14547 5551 5551 22053 22053
31477 0 20633 3 3 14 12
25922 1 17748 47 45 12 11
35874 0 3549 11 11 748 733
24436 1 2798 4 4 11 10
25966 1 11230 3469 3469 9202 9200
16275 1 18980 5 3 6 2
7862 4 17841 992 989 63 63
12959 0 12265 5687 5687 28108 28108
40938 0 25310 8350 8350 29357 29355
35627 0 3269 213 213 217 214
18098 1 22245 53 47 5 5
35614 0 5846 1 1 30 1
29207 1 24456 80 79 130 127
1048 1 24443 5 4 3 2
22767 5 6095 3 3 106 103
12231 0 16476 4 4 32 26
19496 1 30112 6 6 24 21
40940 0 7382 3432 3432 23792 23789
8838 1 20614 49 46 24 23
30101 1 30632 5 3 7 5
9830 1 34527 4 3 3 2
40941 0 13946 26554 26554 36564 36562
28643 0 11339 174 174 4031 4027
13847 1 14386 50 49 67 65
27260 1 35256 7 6 7 6
35120 4 33416 8573 8570 77 77
6728 1 6727 92 82 42 40
