1678 7 40551 2086 1846 4 4
1678 7 18056 711 475 1 1
1678 7 30089 1645 1407 3 3
1678 7 36781 331 101 1 1
1678 7 18000 333 102 1 1
1678 7 9202 321 92 1 1
1678 7 26036 31413 31171 12 12
1678 7 35669 514 280 1 1
1678 7 40887 40759 40516 23 23
1678 7 38204 10601 10360 4 4
17935 9 35175 141 141 2 2
785 8 10116 16905 16454 5 5
785 8 37575 7556 7111 1 1
785 8 21817 22905 22451 3 3
785 8 18729 449 7 3 1
785 8 12268 8038 7592 2 2
785 8 29200 33869 33404 22 22
785 8 23537 35874 35405 12 12
785 8 6770 22963 22508 1 1
785 8 1493 23919 23463 3 3
785 8 28822 30914 30453 4 4
785 8 15703 31359 30896 91 91
785 8 8245 15562 15113 1 1
785 8 36761 35342 34876 21 21
785 8 155 36262 35791 7 7
785 8 39420 32093 31629 20 20
785 8 38749 35560 35093 10 10
785 7 11761 6841 6827 8 8
16176 4 33688 28595 28593 19992 19992
18671 0 11241 689 689 19062 19047
19621 0 11241 1 1 55 41
15582 0 4030 18 18 775 746
25033 0 4030 2 2 88 62
31351 0 4030 9 9 447 420
19165 0 2969 82 82 8171 8162
21012 1 19165 17 14 8 7
16748 6 29001 179 178 227 225
31740 0 1183 6 6 6786 6743
26184 1 32091 28077 28074 4745 4745
32091 1 26184 4156 4156 23938 23935
4194 1 6975 22 22 4 3
6975 1 3569 19 18 40 35
15602 0 4367 511 511 6580 6551
6546 0 4367 3 3 5634 5606
24512 1 24859 2 2 2 2
33182 0 5053 7012 7012 24850 24847
5945 6 10270 584 581 3441 3440
5109 0 22368 879 879 28276 28271
20774 0 8060 4311 4311 294 294
12274 1 9268 2 2 3 2
12842 1 15886 902 898 276 275
13394 1 3789 41 39 21 21
13394 0 3459 2685 2685 18636 18627
38200 3 8055 234 233 6070 6068
36698 0 586 84 84 9383 9305
13143 0 586 53 53 9561 9482
7684 1 586 15 14 38 31
586 3 772 63 53 6 5
586 3 3510 215 204 3 3
586 1 11276 33 26 4 2
38212 2 121 44 44 5011 4504
34053 2 121 1 1 636 153
21130 2 121 1 1 770 285
22680 2 121 2 1 501 24
33440 2 121 2 2 1069 577
37929 2 121 2 2 890 402
25514 2 121 2 2 1270 773
31531 2 121 2 2 1338 840
15287 2 121 6 6 1547 1047
30007 2 121 2 1 478 4
33594 2 121 3 3 2171 1667
31050 2 121 3 3 1221 725
10443 2 121 2 1 514 35
13776 2 121 2 1 472 2
28371 2 121 3 3 992 502
25046 2 121 1 1 588 106
29285 2 121 3 3 908 419
29029 2 121 3 3 1429 930
39017 2 121 3 3 1133 639
36587 2 121 10 10 5230 4722
29042 2 121 8 8 1979 1476
20341 2 121 2 2 1040 549
33915 2 121 1 1 757 273
14588 2 121 3 2 568 87
121 6 39924 733 729 3811 3811
40757 0 1311 1092 1092 40634 40616
40804 0 1311 1059 1059 40602 40585
1311 0 896 960 960 10060 10055
18270 1 18269 1017 1015 9 9
13049 0 4990 4 4 4556 4537
36351 0 4990 12 12 10459 10439
29179 1 10971 2 2 2 2
23886 0 6769 466 466 488 487
30612 0 4411 3998 3998 7905 7904
14866 0 3633 801 801 9358 9353
35748 0 11399 2212 2212 26456 26449
31413 0 15186 576 576 6409 6407
20145 0 11015 17 17 102 101
40728 5 914 2617 2617 40754 40460
28450 5 914 81 81 17535 17246
7848 5 914 1 1 1461 1181
35945 5 914 1 1 9919 9632
25546 5 914 18 18 26857 26567
38155 5 914 1 1 3520 3239
36490 5 914 20 20 31910 31619
31958 5 914 1 1 5442 5159
16022 5 914 547 546 9436 9150
1595 5 914 6 6 6202 5918
5734 1 377 338 336 75 74
22785 0 5734 2450 2450 5721 5720
1255 6 24915 6029 6029 34706 34706
14244 1 11981 19 19 23 20
19390 0 4369 21 21 446 427
15364 0 4369 227 227 17366 17345
6533 0 4369 3223 3223 23232 23209
20079 0 4369 1501 1501 22140 22118
3634 1 4369 131 128 3 3
10990 1 4301 2003 1998 896 895
16398 1 2783 4 3 10 3
2783 1 1316 33 26 10 6
31737 0 16660 2 1 14 1
40758 0 6286 1802 1802 40435 40423
36771 0 6286 3767 3767 10062 10051
23301 0 6286 48 48 121 111
6286 1 7865 9 9 6 5
40759 0 45 14549 14549 40616 40613
45 1 44 811 800 2 2
30663 4 40225 172 171 16 16
14235 0 20549 322 322 18672 18667
20549 1 8731 533 532 388 384
15727 0 20842 4142 4142 3314 3313
28017 0 10090 430 430 37033 37019
40795 0 10090 910 910 40618 40603
32851 1 11382 4 4 66 65
21858 0 14369 10 10 6996 6992
34003 0 20650 2076 2076 669 668
5656 1 624 161 160 459 454
624 1 34337 2235 2230 13 13
32035 1 33317 2 2 2 2
6074 0 11052 15443 15443 3905 3905
6074 1 6073 3 2 2 2
31355 4 35983 8969 8966 174 174
10203 0 23680 5503 5503 23738 23738
34114 4 1598 68 67 11 11
15430 4 617 16 5 3 1
617 6 23164 1005 990 40 40
40760 0 3796 4994 4994 40676 40664
40898 0 3796 2421 2421 40597 40586
27089 0 25460 1 1 9 1
38920 0 20791 8296 8296 11219 11219
26740 0 15987 167 167 2425 2420
26740 5 4475 3 3 113 93
33592 0 3640 2 2 289 220
21749 0 16741 386 386 2192 2188
40287 6 21134 616 616 93 93
14022 1 6297 23 19 13 13
14504 1 14022 83 83 839 835
40761 0 448 5629 5629 40724 40699
23685 1 146 16 15 6 5
24780 0 39997 27703 27703 9874 9874
40762 0 1763 1846 1846 40613 40608
6572 1 6944 8 4 4 2
6944 0 1701 199 199 2746 2739
4031 1 9327 45 38 55 52
37067 1 10473 2 2 3 2
23647 0 1338 17 16 4892 4865
23277 0 13709 190 190 10051 10032
3947 0 12235 1145 1145 12903 12894
12250 1 12717 2 2 2 2
271 6 40026 1731 1704 24 24
14931 1 36099 130 128 1111 1110
36099 1 14931 4904 4903 2438 2436
36099 1 27949 385 385 114 113
14576 5 2971 58 58 2188 2124
13484 5 2971 1 1 63 1
7443 1 25067 22 19 7 6
16880 0 18633 6542 6542 21951 21944
16881 1 16880 4 3 5 3
17282 0 228 19 19 10674 10599
33871 0 228 742 742 12056 11980
40763 0 987 1309 1309 39595 39590
20046 0 4696 1419 1419 29577 29570
8415 2 7033 18 16 19 14
15870 1 18392 3 2 5 4
25017 9 18392 3 3 3 2
3787 1 8742 30 29 38 34
23980 0 3787 244 244 2085 2068
8742 1 19068 9 5 14 9
11482 1 10803 3971 3970 46 46
2901 0 30222 22028 22028 13012 13012
10757 0 3459 552 552 13681 13673
26302 0 3459 1075 1075 6926 6919
10581 4 27666 9729 9729 30606 30606
11449 2 6220 8 7 530 523
258 6 35861 9335 9331 149 149
25183 3 11235 5566 5566 18462 18461
15107 1 15106 2 2 2 2
20809 4 32820 6764 6746 56 56
20809 4 32206 13016 12997 79 79
4981 1 17073 7 5 3 2
16542 0 4523 504 503 3125 3123
40894 0 16542 6844 6844 39991 39989
10161 1 10160 476 475 209 206
10160 0 15134 551 551 7656 7649
26185 1 15249 2 2 3 3
1771 1 1770 2253 2247 499 498
1771 1 9610 579 574 67 64
1771 1 36226 235 231 2 2
24128 0 8842 3071 3071 34884 34881
26157 1 31405 104 103 14 13
31405 1 31404 15 14 7 7
6096 1 29574 3882 3879 2084 2084
31306 6 34770 240 240 22475 22475
65 9 439 2 2 2 2
9078 1 23938 4 3 4 3
10215 0 5164 5390 5389 32359 32349
1559 8 14508 150 132 5 4
1559 8 25902 35047 35028 6 6
23501 0 1668 3558 3558 32562 32490
20112 1 27611 3 3 4 4
29717 0 30926 8020 8020 35010 35009
40020 0 17095 9229 9229 39916 39915
23138 0 1929 47 47 6372 6142
38723 0 1929 2 2 557 331
27757 0 1929 2 2 344 119
35086 0 1929 6 6 1402 1174
20750 0 1929 2 2 323 99
38906 0 1929 1 1 227 7
18333 0 1929 14 14 5923 5694
15970 1 3369 3 2 6 4
8306 2 25327 2 1 32 25
25327 5 3250 282 282 12857 12845
32633 1 5596 5 4 9 5
30166 0 5644 112 112 4052 4035
3771 0 5644 56 56 6893 6875
36968 0 18425 761 761 8441 8438
4765 1 4764 426 425 301 297
17970 0 4765 34 34 901 896
13604 2 251 1 1 1259 1250
37309 0 30216 5614 5614 14422 14422
38488 0 19873 12082 12082 13441 13440
21703 2 1136 5 4 306 238
37709 2 1136 4 3 466 396
29422 2 1136 4 3 137 70
34900 2 1136 6 5 642 570
4319 2 1136 1 1 334 265
35289 1 33808 7 7 14 13
7560 1 5488 3 2 20 16
40937 0 5488 14216 14216 40474 40471
13163 0 5488 11047 11047 21023 21021
3087 1 18847 109 108 93 93
27819 0 3087 2533 2533 17310 17295
29206 1 25712 3 2 3 3
4485 0 608 999 999 8625 8258
4485 1 4213 20 17 14 10
2562 0 608 3238 3238 12976 12602
20006 0 608 661 661 23774 23390
40838 0 608 6106 6106 40311 39917
40777 0 608 7521 7521 40423 40027
39245 0 608 9122 9122 25029 24644
40814 0 608 9108 9108 40514 40115
14223 0 608 1927 1927 10984 10613
1328 0 608 30 30 13201 12826
40785 0 608 10451 10451 40470 40072
40830 0 608 3724 3724 40274 39882
28595 0 608 19553 19553 32585 32197
7793 0 608 3076 3076 13791 13415
40884 0 608 12421 12421 40398 40003
30256 0 608 40 40 10167 9799
33590 0 608 5824 5824 20762 20381
40793 0 608 7159 7159 40170 39780
37242 0 608 709 709 23703 23320
9757 0 608 1074 1074 7781 7415
21406 0 608 582 582 15277 14900
40764 0 29777 298 298 40428 40426
13128 0 959 96 96 18113 18082
35052 0 959 9327 9327 27126 27094
14092 1 7130 9 8 112 110
40765 0 18 1410 1410 40544 40544
37609 0 25129 274 274 5850 5846
3268 1 10028 3 2 5 3
40766 0 35564 20570 20570 38823 38822
15729 1 12999 12 9 7 6
12999 1 15729 7 5 6 3
35258 4 25396 2153 2153 2527 2527
38187 1 29741 5 5 402 401
38187 0 2275 354 354 9766 9733
40767 0 15247 30682 30682 40513 40510
27131 1 17012 3 3 2 2
15936 0 23068 78 78 4 2
7803 1 13968 68 66 39 37
13968 1 7803 11 9 5 3
40572 0 32910 17676 17676 39800 39797
39830 0 32910 2 2 133 131
14004 0 25065 13 13 69 66
25065 0 4789 246 246 23786 23784
32733 0 248 711 711 10551 10541
10121 0 248 975 975 6098 6089
30194 0 7722 5 5 657 645
23606 0 4877 2 2 11298 11287
32247 0 4877 5 5 2058 2048
30622 0 2318 2 2 190 70
26982 0 2318 12 12 861 735
9320 0 2318 19 19 2652 2524
26224 0 2318 1968 1968 18664 18533
18713 0 2318 5 5 311 188
38875 0 2318 1460 1460 14070 13940
3443 1 12083 71 70 4 3
13887 0 3443 1360 1360 19331 19320
18271 0 3443 2 2 1597 1587
4423 0 24850 59 59 13 12
1038 4 13190 287 122 1 1
1038 4 40447 248 85 2 2
1038 4 33781 318 144 1 1
1038 4 31677 305 135 2 2
1038 4 7455 285 121 1 1
23751 4 8080 2076 2072 6 6
8080 4 23312 806 803 21 21
25625 5 2176 45 45 9272 9169
24036 5 2176 65 65 23529 23423
18415 5 2176 19 19 16399 16294
29637 0 28168 137 136 1995 1990
17924 0 7315 1360 1360 18996 18991
13300 0 11301 362 362 2107 2098
13300 6 14769 26852 26849 19060 19059
25115 0 11301 803 803 3385 3375
20438 0 11301 1956 1956 15192 15181
37862 0 11301 1764 1764 19349 19337
34851 4 31118 659 658 17 17
40242 0 24346 4466 4466 30068 30065
26644 1 4985 4 3 4 3
26644 1 16054 3 3 3 2
8110 0 12168 45 45 2429 2394
36165 0 12168 4425 4425 21972 21935
22455 6 27199 4686 4686 31696 31696
7288 1 36878 6 6 2 2
19322 5 7288 3 3 5091 5077
40768 0 1784 3080 3080 40472 40424
15769 0 1784 30 30 10693 10648
40438 0 1784 43 43 18389 18343
40839 0 1784 1246 1246 40442 40395
27441 0 25270 26532 26532 34510 34509
25270 0 6354 695 695 1820 1817
12380 1 20717 5 2 3 2
3729 0 20717 1236 1236 38370 38359
176 1 25906 5760 5759 29116 29113
25906 1 176 24738 24735 2589 2588
40769 0 10981 2658 2658 40528 40527
24894 0 7247 22 22 555 546
27000 0 7247 413 413 37009 36999
17047 0 13439 6700 6700 32545 32545
40770 0 3005 815 815 40495 40481
12076 1 3005 4 3 11 5
12740 4 40747 40373 40373 38013 38013
16545 1 14634 382 382 5686 5679
4313 1 3457 11 5 6 2
1482 0 13752 27774 27774 11299 11299
1482 1 35255 29 25 32 31
11251 1 13752 33 32 85 84
28721 1 22741 2 2 4 4
28721 0 15897 2 2 393 390
3761 0 8987 14243 14243 15911 15911
8987 3 23784 19464 19464 10653 10653
7280 1 26118 4 3 35 35
28912 1 26118 631 630 640 639
38386 0 1904 1 1 3 1
6607 1 11157 5 2 3 2
637 6 31616 928 887 10 10
637 6 39715 1325 1281 12 12
637 6 14054 297 258 2 2
637 6 39536 2596 2551 103 103
637 6 23571 1186 1143 15 15
637 6 40404 793 753 6 6
637 6 29851 1059 1017 13 13
5767 4 21704 7480 7462 29 29
3432 4 7926 328 326 12 12
3509 0 3407 125 125 1074 1070
13238 0 3407 37 37 139 136
26647 1 3407 6 5 174 169
24287 1 17938 4 3 10 9
36533 9 24287 161 161 447 446
17939 1 17938 3 3 17 15
9673 1 8487 8 5 5 2
7998 1 9673 5 2 4 2
8487 1 7998 254 251 520 517
3814 1 3548 609 606 202 202
23744 0 296 62 62 10387 10237
21505 0 296 19 19 3958 3810
7397 0 296 84 84 6224 6075
10506 0 296 53 53 1573 1427
38028 0 296 59 59 950 805
12013 0 296 152 152 12047 11895
15119 0 296 1 1 198 56
36945 0 296 22 22 10421 10270
36798 0 51 3 3 1464 1271
38369 0 51 3 3 898 706
40705 0 51 13795 13795 40842 40639
20387 0 51 12 12 1666 1471
40810 0 51 12675 12675 40716 40514
27837 0 51 12 12 1591 1397
5886 0 51 3 3 1908 1712
20051 1 20050 20 19 6 4
20861 1 5558 760 759 3423 3421
26868 0 6233 11 11 2668 2659
26868 1 5872 6 4 39 36
37434 0 917 358 358 31558 31555
25228 0 917 2191 2190 1170 1168
20402 0 16155 14201 14201 26468 26467
30004 0 2482 5 5 7927 7917
18986 0 2482 98 98 6928 6919
39024 0 29467 20675 20674 10022 10021
38724 0 29467 8965 8965 13476 13474
36561 5 129 2 2 10255 10211
1583 0 129 410 410 23731 23722
406 1 1287 21 19 108 100
23997 1 406 3 2 4 3
18173 1 1287 274 272 1920 1910
40882 0 1287 1297 1297 40665 40625
332 0 1287 6 6 1234 1196
18612 4 33576 27 8 1 1
18612 4 19325 40 20 1 1
12266 4 18612 145 138 1 1
5940 0 532 1 1 75 2
1521 0 532 1 1 77 2
40279 0 532 1 1 81 5
30426 0 532 1 1 76 2
15231 0 532 2 2 290 213
40771 0 10613 19477 19477 39371 39360
29184 1 22723 4 3 6 5
29184 1 30903 1641 1639 5 5
6386 0 26454 10272 10272 34955 34951
3277 1 37105 3 3 3 2
31630 0 33081 8820 8820 40356 40355
33081 0 3606 184 184 4906 4893
1354 1 1353 3 2 7 2
4940 6 40772 40313 40311 1148 1148
4385 0 4940 4103 4103 35834 35824
29446 0 4940 532 532 37753 37742
24366 1 7539 3 3 3 3
9683 6 40773 40643 40642 29373 29373
40773 0 2732 14067 14067 40634 40631
33864 0 13576 86 86 138 133
28351 1 685 2 2 7 7
35900 3 685 24 24 1709 1706
8053 1 32295 29 23 5 4
35212 0 8053 2750 2750 20431 20429
8643 0 1819 162 161 1034 1028
7117 1 8643 6 4 6 4
24594 5 1819 12 12 23289 23248
3210 5 1819 1 1 93 54
27467 0 31416 4055 4055 39061 39059
464 1 3675 3 3 966 960
3675 1 12232 5389 5383 319 318
3675 1 19310 20 15 4 3
4006 1 7203 6 3 5 4
1307 1 11050 70 69 548 539
10097 6 15251 8186 8186 1547 1547
21168 1 10097 5 4 5 3
23083 0 26718 30668 30668 35340 35340
21673 0 26120 8282 8282 38843 38842
26120 0 6426 296 296 1917 1909
24650 0 27939 10472 10472 36910 36906
38457 1 9568 3 3 20 19
27178 0 2497 18 18 16977 16877
31174 0 2497 5 5 9410 9313
19058 0 2497 5 5 2760 2665
23035 0 2497 324 324 11987 11888
5147 0 2497 28 28 11089 10991
5305 1 1 12 9 3 2
29442 1 5305 5 3 9 6
12784 4 1630 289 283 2 2
12784 4 5463 284 279 3 3
25315 1 20655 782 779 800 799
8198 0 20655 4005 4005 25790 25786
20655 1 5129 20 19 118 114
931 0 2275 38 38 6304 6272
11433 0 2275 2314 2314 21920 21886
14758 0 9787 8 8 5298 5279
36898 0 1686 441 441 10019 10012
40774 0 16369 11758 11758 40210 40205
17226 1 10110 5 5 3 2
27870 2 2023 101 101 1980 1927
18478 2 2023 13 13 1890 1838
11490 2 2023 17 17 1716 1665
20278 2 2023 63 63 2949 2895
16554 1 29212 4 2 3 2
29212 0 34093 15770 15770 4879 4879
36825 0 20796 5 5 99 94
5335 5 9988 552 552 25627 25625
29725 5 9988 247 247 35029 35026
1864 4 39744 468 387 6 6
1864 4 12986 238 159 4 4
1864 4 9221 182 105 1 1
1864 0 1703 1 1 35 4
12378 1 3604 85 84 101 97
9895 1 13428 160 156 2 2
15667 1 15666 33 33 17 15
2507 3 4435 1303 1302 1185 1185
6789 9 2507 2 2 4 3
16918 1 2507 7 3 14 5
20071 4 20803 1022 1017 24 24
20849 1 14778 339 337 49 49
13053 1 24622 651 651 162 159
40284 1 24622 4 4 1953 1949
19366 0 20234 9542 9542 37443 37441
26315 0 19366 2 2 36 29
35882 2 2524 225 224 1151 1108
33234 2 2524 2 1 89 48
40939 2 2524 4 4 40454 40409
8199 0 15331 890 890 4198 4196
19502 1 12706 3 2 4 4
11732 1 7659 901 900 644 640
29649 0 11732 3901 3901 35680 35672
7659 1 7279 8 3 4 2
12815 4 27688 295 274 3 3
12815 4 20570 378 355 3 3
26871 0 2084 9584 9584 4681 4681
4955 6 15531 21 20 104 101
8178 1 11153 4 4 7 7
2181 6 20785 2247 2229 180 180
2181 6 11583 1484 1467 152 152
23792 0 30977 29 29 2433 2428
4102 4 38587 245 235 8 8
40775 0 35896 29035 29035 39507 39506
6696 1 21296 4 2 8 6
21295 1 6696 2 2 7 5
8023 1 21296 4 3 3 2
3303 0 10707 4401 4401 14264 14238
17408 0 4099 18374 18374 39767 39766
23226 0 34449 12013 12013 38500 38499
4136 1 4135 639 636 3 3
39465 0 16668 9384 9384 33970 33966
16257 0 23562 14706 14706 8480 8475
4227 6 32367 35059 35056 2902 2902
40607 0 4227 1667 1667 40424 40421
16679 1 16678 2 2 237 236
1122 9 23212 6 5 2 2
23212 0 2918 1 1 2533 2457
7532 1 7531 434 430 18 17
29273 1 14570 10 10 38 35
5949 0 3779 10 10 4579 4524
8913 0 3779 8 8 3386 3332
23795 2 2580 1 1 49 11
9939 2 2580 2 2 902 860
20115 2 2580 1 1 44 7
36622 2 2580 1 1 78 38
15250 5 2644 3 3 135 119
4951 1 5069 52 51 56 53
7948 1 8993 7 5 2 2
3755 1 18943 395 393 11 10
18943 1 30961 4 3 3 2
17857 1 11523 4 3 7 5
6924 4 37669 269 255 13 13
6924 4 25551 316 301 6 6
30696 4 40310 716 716 1414 1414
5259 0 9217 15 15 887 879
28032 0 5259 977 977 6548 6540
20159 4 23395 13832 13830 428 428
17347 4 20159 11593 11589 12 12
3882 4 10151 1364 1364 361 361
8811 0 2340 457 457 37246 37243
32387 0 8811 9473 9473 25884 25881
35192 0 2340 346 346 32375 32373
19066 6 13595 17916 17910 1175 1175
2887 0 2938 466 466 3023 3020
2887 1 7436 4 2 10 8
15497 1 2938 61 61 51 50
25015 4 28828 926 926 1370 1370
21810 4 25015 125 116 5 5
3850 0 160 11 11 8966 8924
15553 0 160 107 107 5434 5393
17933 0 160 9 9 2058 2020
30234 0 2731 2 2 99 72
46 0 14274 259 259 492 487
14834 1 16497 60 57 56 53
14834 1 8390 10 8 12 8
14834 1 5110 4 3 17 8
40922 0 14834 2801 2801 40712 40707
11673 1 5110 3 2 11 3
29358 0 2687 1 1 37 1
8288 0 2687 1 1 34 1
33791 0 2687 1 1 35 1
33543 0 40596 39908 39907 318 318
172 4 7119 29339 29338 15433 15433
35331 5 172 4 4 12896 12548
28580 5 172 10 10 8128 7783
18603 5 172 2 2 11657 11311
36972 5 172 2 2 2006 1663
78 5 172 13 13 19503 19151
33614 5 172 1 1 1719 1379
35822 5 172 3 3 14306 13956
39121 5 172 9 9 25799 25442
22074 5 172 170 170 25907 25549
20314 5 172 9 9 11829 11482
1118 5 172 10 10 25215 24859
21326 1 23555 11 7 25 22
2173 6 38083 18 7 2 1
2173 6 18659 369 357 11 11
33947 4 39713 168 168 138 138
18377 3 4166 4 3 12 9
34858 0 18783 4819 4819 39688 39687
3968 1 5813 6 5 11 6
11261 1 5813 11 11 1245 1238
5813 1 31835 12 5 4 3
36714 0 38851 30786 30785 2451 2451
30857 0 30511 4214 4214 23220 23219
1365 1 15439 16 15 21 19
39987 0 81 417 417 15617 15570
36104 0 81 2 2 483 437
5785 0 26217 3165 3165 11812 11808
19380 0 26217 6 6 1385 1382
6787 1 26217 16 13 14 13
16634 0 9747 29 29 954 938
36078 1 7833 2 2 4 4
32975 0 9558 13948 13948 38230 38230
32975 1 32002 2 2 53 53
22353 1 15922 86 84 4 4
1604 1 6991 6 4 9 5
2547 1 14925 17 17 6 4
14212 0 14737 2 2 31 20
4130 0 3621 115 115 467 460
24323 0 3621 870 870 11700 11692
3621 0 9758 1093 1093 17539 17517
10319 4 33522 293 277 36 36
27683 1 39142 2 2 2 2
16503 1 110 3 3 7 3
40776 0 5310 3489 3489 40053 40043
25496 0 5310 2 1 115 106
1913 6 25274 158 153 23 22
33711 5 19257 2 1 14 7
32197 1 22383 4 4 6 6
23062 1 12031 73 73 25 24
26578 0 239 49 49 4651 4402
19936 0 239 4237 4237 25963 25700
40929 0 239 6355 6355 40560 40294
24226 0 239 1640 1640 8883 8629
20767 0 239 10470 10470 17451 17192
19429 0 239 355 355 8290 8037
32842 0 239 931 931 17461 17201
34670 0 239 16722 16722 28121 27857
23758 0 239 3 3 6650 6398
13023 0 239 322 322 15701 15443
16182 0 239 807 807 12539 12283
17401 0 239 70 70 15231 14974
34239 0 239 16 16 3793 3545
2069 1 15760 21 11 4 3
22182 1 3014 4 3 3 2
31096 1 15639 5 3 7 3
15639 1 29383 7 3 3 2
15639 1 207 10 5 4 2
13398 0 71 14 14 892 829
2736 4 13398 9881 9832 11 11
13398 4 7720 69 62 289 289
20939 0 2215 4 4 453 448
7946 1 1765 4 3 9 8
1947 0 1249 4 4 1566 1521
22728 1 16506 2 2 14 12
34810 9 22728 2 2 2 2
3254 0 2886 6081 6081 24536 24528
18890 4 37812 879 876 138 138
18890 4 28071 190 188 17 17
24803 4 28831 999 998 92 92
12939 1 23279 54 52 3 3
13702 1 12070 11 7 126 125
27600 0 7589 59 59 18853 18844
24117 1 1225 7 7 5 5
1110 0 20337 136 136 2199 2194
40926 0 20337 1127 1127 40679 40672
354 4 36395 1616 1613 9 9
24159 0 12803 11705 11705 21010 21010
26948 2 3620 24 24 5376 5351
37272 0 7800 28 28 12391 12380
23037 4 3762 3530 3528 252 252
33783 2 1326 73 73 5520 5383
22501 2 1326 3 3 1869 1734
31495 2 1326 3 3 1092 958
19086 2 1326 3 3 506 373
38740 2 1326 8 8 2943 2807
38719 2 1326 164 164 25078 24940
36238 0 1326 156 156 3790 3776
18160 0 1200 1893 1893 634 634
23552 1 10327 10 8 31 29
40037 0 19153 8749 8749 40489 40487
33552 0 40037 811 810 1895 1895
7751 0 3712 459 459 39245 39236
7196 0 3712 467 467 15979 15972
28826 1 3712 5 4 46 38
26351 6 25426 4590 4590 6730 6730
17946 0 26351 368 368 24496 24492
10124 0 25426 1411 1411 3930 3926
6974 6 17672 705 704 45 45
19506 1 15393 5 4 3 2
32325 0 17590 279 279 8217 8209
40778 2 26169 2134 2134 37771 37771
36197 4 29170 10556 10556 14810 14810
1264 1 22448 20 17 10 9
40779 2 1646 89 89 40126 40085
40782 2 1646 659 659 40737 40694
40780 0 379 13393 13393 40805 40787
40828 0 379 2996 2996 40578 40561
14490 1 12757 2 2 8 5
34243 0 1244 24 24 12705 12414
12545 0 1244 19 19 1839 1551
28964 0 1244 3 3 557 271
4871 0 1244 2 2 376 92
17807 0 1244 4 4 379 94
14487 0 1244 2 2 324 42
40781 0 4921 12458 12458 40771 40768
9372 1 1508 3 2 4 3
2261 4 19476 43 28 2 2
2261 4 18565 45 29 1 1
5771 4 39949 26 18 1 1
13951 1 3521 81 77 31 27
18299 1 274 6 5 16 9
15954 1 34113 50 47 2 2
17141 0 21055 4 4 4 1
13878 1 26428 110 107 29 28
35918 0 391 281 281 13242 13239
39002 1 39001 2 2 2 2
4532 1 26446 60 60 3 3
11891 5 16320 212 212 34690 34677
13955 1 11289 6 4 6 3
1592 1 17240 242 237 3 3
15523 0 2604 237 237 6715 6679
36776 0 2604 1930 1930 37641 37599
40872 0 2604 9314 9314 40865 40822
6989 0 2604 1512 1512 16474 16435
38136 0 2604 54 54 5236 5201
31426 1 2604 5 4 172 164
12623 1 6107 1206 1206 5203 5200
22297 1 8322 6 4 3 2
21592 1 22297 4 3 9 7
4547 1 21674 798 790 23 20
32040 1 4547 4 3 22 14
7982 1 20572 4 4 10 7
7983 3 7982 3 2 3 2
31376 2 743 2 2 1220 1115
32748 2 743 15 15 2458 2350
36118 2 743 60 60 4365 4256
743 6 9450 16 15 24 24
39780 0 2807 937 937 34926 34921
4722 0 2807 61 61 9258 9255
35415 0 2807 4785 4785 35713 35707
15011 0 1542 72 72 2809 2789
10421 1 10420 28 25 12 11
26009 0 265 1 1 264 9
9536 0 265 1 1 263 9
15205 0 265 1 1 250 1
36270 0 265 11 11 9415 9153
39375 0 265 2 2 370 111
12974 0 265 3 3 292 35
25076 0 265 3 3 1489 1228
19351 0 265 1 1 258 6
11480 2 1534 2 1 305 298
40783 0 4407 5914 5914 39789 39789
4407 1 39995 8760 8753 4 4
8464 1 8424 2685 2681 167 165
23763 1 3300 26 26 1845 1839
24479 1 23586 6 3 3 2
28656 0 21 2 2 90 23
38617 0 21 1 1 67 1
39259 0 21 4175 4175 30137 30068
6493 0 3567 5373 5373 14833 14831
21912 0 22347 212 212 1435 1434
24178 1 9908 2035 2030 9 9
22121 0 351 1 1 186 62
25316 1 746 39 37 12 11
3063 1 4791 4644 4639 1040 1037
11495 0 4791 54 54 13589 13575
36889 0 883 1 1 213 1
22017 0 883 2 2 1646 1428
39078 0 883 3 3 727 511
7495 0 883 1 1 226 12
7498 0 883 1 1 214 1
36527 0 883 2 2 1115 898
31583 0 883 3 3 3436 3216
40784 0 14144 1621 1621 40450 40432
3408 6 8243 82 13 2 1
3408 6 8940 3214 3138 17 17
3408 8 38801 38251 38185 24 24
3408 8 28506 199 134 6 5
10233 4 38705 2893 2879 2 2
36048 6 18704 1404 1404 15945 15945
1046 7 36048 18636 18519 1 1
1962 1 1961 103 98 9 6
11585 3 21329 11470 11467 1718 1717
32391 1 11972 2 2 2 2
31739 4 18679 630 628 118 118
26785 1 7703 3 3 604 599
20520 1 6788 4 2 3 2
11565 1 37185 4512 4504 6 6
11565 1 12441 2779 2772 16 16
29689 1 11565 5 5 113 105
19922 0 8858 5077 5077 33973 33961
15795 6 39521 6726 6726 34008 34008
840 8 19493 13 1 6 4
840 8 36647 180 167 18 18
840 6 30428 15641 15628 142 142
26662 0 7523 1689 1689 23380 23377
26756 0 9311 174 174 10556 10545
12636 1 24788 27 23 6 6
20784 1 387 27307 27306 11640 11640
387 1 20784 7910 7910 24454 24453
12153 3 19756 6813 6812 11 11
13239 0 284 4 4 325 101
34758 0 284 1 1 215 1
35142 0 284 1 1 221 3
33324 0 284 1 1 220 3
24884 0 284 1 1 230 9
39131 0 284 2 2 935 709
26984 1 38840 1868 1866 44 44
9435 1 13227 9 6 21 14
5449 0 9435 3136 3136 2923 2922
31592 1 13227 320 320 847 839
23798 1 23297 4524 4521 9031 9030
21935 1 23297 6 5 3 3
4425 0 9880 21 21 74 65
17011 3 17169 421 419 625 621
7442 1 23836 9 7 30 28
7442 0 12505 2607 2607 9920 9912
23836 1 3274 4 2 5 3
17432 1 30826 24 24 2 2
11988 4 31236 16833 16832 410 410
31236 4 34496 51 50 2 2
1444 0 9048 31 31 3046 3031
5768 0 1444 631 631 4702 4666
39440 0 1444 15 15 4653 4618
20898 0 9048 55 55 28517 28497
2408 0 9048 1879 1879 8612 8595
33742 0 9048 7813 7813 21796 21777
38351 0 9048 12680 12680 38001 37980
6375 1 8324 5 4 2 2
37317 0 6230 5382 5382 37505 37504
10713 4 2207 16918 16913 179 179
40786 0 1672 4663 4663 40842 40806
40892 0 1672 2806 2806 40697 40662
28472 5 10737 149 149 8489 8486
10737 6 27038 1692 1688 6 6
21537 0 1027 2 2 667 515
35194 0 1027 2 2 709 556
39579 4 25695 10065 10065 859 859
12699 0 2137 266 266 137 126
27906 0 19986 11945 11945 37355 37352
19986 1 16852 241 239 346 344
30297 1 3771 652 651 147 145
39950 0 2362 2 2 11 9
16469 0 178 531 530 19148 19137
34721 0 178 1011 1010 23010 22998
9225 0 178 362 362 28729 28716
31063 0 2110 1 1 193 6
38241 0 2110 7 7 1602 1410
31237 0 2110 1 1 192 6
5590 0 2110 394 394 3733 3539
7272 1 33016 2 2 4 2
17837 0 7272 1862 1862 6017 6016
36109 1 33016 2 2 3 2
33016 1 33015 4 2 2 2
39272 0 12035 3 3 180 171
11022 6 27914 5231 5224 364 364
40787 0 5243 238 238 37058 37053
3741 1 18271 3 3 2 2
40788 2 593 102 102 40152 40126
27944 2 593 37 36 4340 4315
9102 2 593 3 1 34 10
40548 0 16045 13651 13650 2050 2049
758 1 10360 599 597 482 477
10360 1 10359 3337 3332 49 49
3223 0 3161 5 5 1821 1785
5881 1 18355 33 32 2 2
38969 0 16196 176 176 496 496
29347 0 1461 4515 4515 23643 23630
1650 1 16394 23905 23898 14961 14961
1650 1 16302 19 13 3 3
40174 1 1650 17829 17829 27558 27550
9952 1 37466 3591 3583 7 7
2245 0 2918 213 213 4032 3955
2245 1 2244 6 4 6 3
14233 0 2918 4191 4191 18204 18124
1079 0 2918 377 377 6462 6384
32727 1 24872 3 2 3 2
39701 0 5987 21885 21885 20199 20199
15176 1 18854 40 34 14 12
18854 0 7016 2439 2439 32349 32347
24327 0 3027 48 48 12665 12613
14366 0 24327 7912 7912 40029 40029
23190 1 13002 90 89 2087 2083
5729 1 20226 2 2 3 2
20226 0 13887 11323 11323 28392 28387
8274 1 8999 734 732 30 25
18181 1 8274 6 4 6 4
9428 1 8999 5 4 11 7
8511 1 31347 3 2 2 2
21811 0 278 2 2 1014 834
33666 0 278 1 1 175 1
21874 0 278 1 1 174 1
29143 0 278 1 1 173 1
18106 0 278 1 1 171 1
39291 0 278 2 2 310 133
37756 0 278 2 2 1013 834
511 0 15897 33 33 5 3
15736 0 1677 1181 1181 20335 20277
829 0 1677 76 76 4509 4453
27621 0 1677 7299 7299 25983 25924
29445 1 1550 5 4 6 3
18936 4 39578 44 43 12 12
34932 2 14540 119 118 1412 1408
647 1 6311 16 9 2 2
33210 6 17250 10105 10105 21138 21138
9637 5 1981 3 3 4933 4881
21619 5 1981 30 30 13659 13605
11643 3 3908 12905 12904 938 938
30998 1 7774 4 4 14 13
30998 1 2447 64 63 5 4
16669 2 916 2 1 176 37
8577 2 916 2 1 324 181
18018 2 916 2 1 452 306
35944 2 916 2 1 404 259
9258 2 916 2 1 209 68
34189 2 916 2 1 182 42
21737 0 2589 118 118 19918 19901
40303 0 2589 92 92 32991 32973
3167 1 6502 7 2 7 4
17014 2 3167 2 1 131 110
7204 1 3167 20 18 33 28
32383 0 427 2 2 739 668
13521 0 427 2 2 131 61
11437 0 427 1 1 98 29
16023 0 4958 550 550 231 229
5777 4 4318 35 21 2 1
5144 4 4318 91 88 10 8
4318 6 27523 2189 2185 108 108
19086 6 12484 4 1 4 1
12201 4 22304 294 288 39 39
10786 1 14577 12 10 29 27
20175 0 7143 25 25 894 888
1205 1 23424 28 26 8 7
35226 0 37189 2200 2198 690 688
19169 1 25362 6 5 654 653
14940 1 12227 3 2 5 3
12227 1 13800 5 3 4 2
2813 0 3170 495 495 2535 2535
3170 1 3169 7 4 9 9
35238 1 8601 3 3 12 10
36661 1 39486 38 37 2 2
17745 5 774 124 124 29971 29832
17745 2 1137 31 31 18036 17929
37417 5 774 1 1 567 435
29963 5 774 1 1 686 553
40735 5 774 2639 2639 40870 40730
23613 4 28865 8691 8687 5 5
24660 4 23613 22087 22084 367 367
6782 5 5167 487 487 39644 39624
34227 5 5167 113 113 28930 28911
5167 6 27267 10287 10286 799 799
40789 0 25921 19725 19725 40842 40842
18492 6 36549 4 3 2 2
864 1 14562 7 3 4 3
32699 0 14562 4006 4006 34363 34353
4521 1 25708 9 5 3 2
10559 1 10558 2 2 2 2
3083 0 26431 1829 1829 7262 7257
5974 0 9758 690 690 3573 3555
4522 0 9758 228 228 6437 6418
12683 0 9758 2210 2210 7426 7406
19 0 29519 1893 1893 2284 2282
38094 4 40790 40758 40758 21248 21248
36200 0 5055 12370 12369 26727 26727
204 1 3048 30 25 72 72
32488 1 204 8 7 135 130
40791 0 11084 3977 3977 40847 40829
33754 1 5275 4 4 34 33
32 4 32392 252 235 6 6
32 4 24489 214 199 6 6
12319 4 14836 300 295 6 6
27811 2 10916 38 37 1239 1234
30475 0 10916 32093 32093 33445 33445
15792 0 3763 16 16 19856 19851
8019 1 30805 59 55 4 3
2949 1 8019 20 17 11 7
30805 1 16646 39 37 179 176
35060 0 5892 13 13 9271 9264
11125 4 10606 8 8 3 3
25276 1 3926 5 4 59 54
13830 1 6490 296 292 22 22
13830 1 7308 641 635 77 76
6490 1 13830 46 46 433 427
1366 0 29 4 3 8 1
29 1 11186 153 151 30 29
6226 1 29 1068 1068 3463 3461
19987 4 11397 1335 1333 39 39
4506 1 9454 389 386 43 41
6037 0 39187 1497 1497 5290 5288
39187 0 11100 274 274 33091 33073
2381 2 12273 1 1 47 1
7324 2 12273 1 1 52 3
6513 0 650 1505 1505 3150 3109
37308 0 650 66 66 20540 20498
40792 0 9525 22150 22150 40900 40896
30839 1 10851 2 2 2 2
21181 5 232 83 82 2956 2947
11205 5 232 315 315 36020 36010
24984 0 232 769 769 21687 21681
38752 0 728 904 904 26872 26865
8716 6 31315 719 719 1735 1735
24013 1 23715 6 4 10 7
36734 5 985 4 4 4833 4767
7458 5 985 11 11 2035 1971
12641 0 39 32 32 1705 1495
7396 0 39 1 1 212 15
21862 0 39 1 1 201 5
21561 0 39 3 3 410 203
13466 0 39 1 1 341 135
17532 0 39 278 278 4206 3995
18621 0 39 1 1 311 107
1398 0 19101 9628 9628 28967 28965
13758 1 29291 8 7 13 10
4555 0 1115 1721 1721 16565 16556
39750 6 18050 2182 2182 32751 32750
11789 1 24319 89 89 7 6
24319 1 11789 3 2 3 3
7072 1 9237 789 783 59 58
13503 1 7072 4 3 51 45
25660 5 4520 23 23 2454 2450
38151 0 7155 8782 8782 26053 26047
4453 6 7580 34108 34102 6951 6951
7580 0 34614 586 586 10555 10554
26183 0 11186 5887 5887 31898 31895
35764 0 14617 1350 1350 5754 5753
4608 0 3699 220 220 9330 9311
40827 0 3699 4629 4629 40776 40755
8852 0 7403 3970 3970 29267 29262
8176 1 8852 1083 1081 11 10
193 6 27058 1607 1554 8 8
193 6 11869 312 260 1 1
193 6 18878 8138 8084 125 125
19842 4 22836 511 506 20 20
21930 1 21045 7 7 21 20
21930 0 12252 55 55 2071 2065
5745 1 14074 99 98 4 3
26613 1 9037 19 18 18 16
9037 0 3099 9697 9697 34553 34552
7396 4 28775 2613 2598 3 3
24578 3 23111 5157 5154 20 20
21061 1 25626 282 282 199 199
24011 0 12474 40578 40578 39553 39551
13829 1 16710 136 134 3 3
4185 1 13829 1049 1048 336 334
13829 3 25284 26 24 8 6
12211 0 6042 215 215 19550 19540
13978 1 2276 2 2 5 2
39294 4 26572 27224 27224 25676 25676
33294 0 3229 2 2 1138 1129
8108 0 3229 1261 1261 16167 16157
3229 1 22044 22 19 5 3
6633 7 40129 21729 21717 11 11
6633 7 12050 5362 5352 1 1
16200 0 1852 229 229 2210 2163
16201 1 16200 17 14 38 36
19710 6 10760 2 1 10 5
32734 1 3419 98 98 49 47
4779 1 14955 19 18 3 2
3716 1 1998 3 3 11 7
40577 0 3716 10582 10582 40867 40853
31620 0 3716 1490 1490 26551 26538
28941 0 3716 1224 1224 17853 17841
17519 0 3716 66 66 557 546
9620 0 3716 146 146 292 282
2915 1 12159 28 14 8 4
522 1 21041 394 391 16 14
522 1 13953 32 30 15 9
522 0 16646 1497 1497 31394 31394
32701 0 522 8 8 961 949
31153 0 36722 19037 19037 26759 26757
36722 0 1474 1600 1600 39081 39066
7592 1 9560 1577 1574 10 10
2035 1 8589 9 5 5 3
25494 1 8589 2 2 18 15
4666 1 4665 746 743 10 10
4665 0 6717 1114 1114 22673 22671
6144 1 19664 3 3 8 6
28456 2 1773 7 7 427 388
28456 6 22320 1249 1247 206 206
5443 2 1773 1 1 69 31
18213 1 18982 5 4 3 2
18716 0 37537 549 549 29115 29113
6882 9 10563 2 2 2 2
40794 0 32275 10091 10091 40660 40659
19296 1 6611 8 7 4 3
16065 0 36140 194 194 758 755
40829 0 16065 37327 37327 39932 39931
32071 1 23898 9 8 3 2
37285 0 184 1 1 311 14
39009 0 184 2 2 1302 1001
3395 0 184 1 1 335 37
32164 0 184 1 1 297 5
34310 0 184 1 1 293 4
39279 0 184 1 1 304 8
11281 0 184 1 1 274 1
30773 0 184 1 1 289 2
15734 0 184 1 1 299 6
5209 0 184 10 10 3758 3455
16507 0 184 1 1 373 73
40030 0 184 1 1 288 2
1190 6 31657 57 44 1 1
1190 6 39319 54 42 2 2
17492 1 20700 3 2 2 2
16074 0 18268 1 1 7 2
21289 0 18268 7 7 47 41
14746 1 23603 4621 4620 6147 6145
7078 6 36019 25688 25688 16044 16044
7486 0 7078 150 150 61 53
4225 1 13633 283 278 64 61
4225 1 11780 68 64 25 23
754 1 2375 38 35 152 151
1823 7 36030 77 76 84 83
6054 0 4123 3 3 2106 2072
6054 3 1296 2215 2213 4375 4374
3215 0 7911 291 291 16233 16230
6678 1 7911 5 4 40 38
16802 1 8850 15 11 12 10
1076 1 1075 85 78 39 38
1076 1 27277 1249 1241 5 5
18470 1 18469 5 5 2 2
7673 1 10866 7 5 9 9
7673 1 8629 3 2 6 5
8644 1 14101 148 146 31 31
493 0 1629 83 83 2807 2795
2736 4 26470 78 31 4 4
2736 4 34726 67 22 1 1
2736 4 35146 5386 5338 24 24
2736 4 33515 72 26 1 1
35179 0 19119 1821 1821 38443 38442
13379 4 19119 764 761 199 199
28508 2 3843 46 44 261 233
40099 2 3843 5 4 440 411
9537 1 3843 5 5 14 10
25746 0 11870 22382 22382 33144 33143
26637 6 24424 308 308 44 44
15305 5 2978 8 8 8583 8514
10135 5 2978 431 431 18741 18671
14631 0 3275 580 580 4420 4414
1043 1 14631 214 211 314 308
39736 1 21554 2 2 735 734
39736 0 4427 3002 3002 35266 35244
8260 0 7895 43 43 2772 2768
16624 0 8260 1150 1150 16146 16144
36792 1 37816 18 18 2 2
40796 2 3317 8195 8195 40869 40836
11856 1 2643 9 9 356 354
8104 1 4274 189 186 9 9
8104 1 12438 604 600 5 5
9749 1 13574 9 7 5 4
40797 0 19420 22547 22547 40757 40755
24056 0 9777 5214 5214 29820 29819
12866 6 7036 5 5 29 29
19409 4 36350 26404 26404 239 239
28857 0 706 584 584 11202 11189
19163 0 18538 130 130 10718 10715
16614 1 25570 10 8 15 15
16614 1 8351 207 204 9 9
24052 1 24051 2 2 2 2
29706 4 499 3 3 5 5
34810 0 17502 34848 34848 21418 21418
40798 0 38876 26902 26902 39055 39055
26283 6 40443 21825 21825 24064 24064
32794 0 18895 874 874 30058 30050
3034 2 1137 1 1 108 3
19442 2 1137 1 1 107 3
26122 4 31544 201 195 21 21
17880 1 20417 6 5 6 5
3499 1 20417 5 4 2 2
20434 0 21190 7050 7050 4764 4763
13327 6 22210 2 2 52 52
40799 0 5636 23858 23858 38294 38294
14768 6 24252 100 99 1407 1405
9578 0 473 4543 4543 12504 12501
20196 1 21248 7 6 44 43
21248 9 11908 25 24 2 2
6765 1 27335 21 19 3 2
37410 0 27335 2391 2391 13326 13325
12725 1 21889 203 203 5 5
19754 0 4059 1 1 22 19
9461 4 12081 2 1 2 1
8574 0 5381 144 144 2757 2746
8574 1 8573 6 3 3 2
29585 1 8574 3 2 7 4
13699 0 5381 7502 7502 21972 21960
36608 0 123 3880 3880 24004 23995
24094 0 123 1315 1315 14998 14990
516 0 292 1 1 233 1
31393 0 292 1 1 240 1
14242 0 292 27 27 5175 4923
33413 0 292 3 3 3168 2917
15177 0 292 2 2 357 111
39499 0 292 2 2 335 90
13524 0 292 1 1 236 1
31996 0 292 1 1 265 22
26845 0 292 1 1 301 57
14814 0 292 1 1 235 1
13283 1 2720 832 830 131 129
2720 1 5598 2339 2337 550 546
34387 1 26855 3 3 3 3
26856 1 26855 136 136 133 132
37173 4 10091 4322 4322 30706 30706
19951 0 20010 1294 1293 12565 12558
40800 0 28344 202 202 37839 37838
24652 0 26678 7307 7307 8871 8867
27632 0 31556 47 47 9563 9561
8336 6 2824 1367 1367 286 286
14255 1 19144 28 27 152 150
20014 0 14262 2224 2224 38840 38835
40801 0 16573 26146 26146 40313 40309
2360 1 4933 843 842 134 130
40802 0 39415 12741 12741 40655 40655
30541 0 22903 10189 10189 10188 10187
20618 1 9942 7 5 15 12
38150 0 712 1253 1253 32495 32490
25109 0 7757 450 450 146 144
40803 0 5646 19385 19385 40812 40808
1003 1 5646 326 324 384 380
35081 1 28378 4 4 3 2
11590 1 29649 542 540 2 2
39026 0 29817 3320 3320 33774 33772
13903 6 32368 170 166 2 2
30745 1 37402 58 57 259 259
10159 1 38458 41 38 2 2
27696 1 6690 8 8 12744 12735
28744 1 6690 4 4 21 14
20852 1 6690 24 24 1112 1104
40885 0 6690 4263 4263 40631 40623
16732 0 10532 3354 3354 37474 37469
6916 0 19429 4133 4133 2962 2962
10276 1 9887 7 3 7 4
4800 1 9900 72 70 69 67
19570 1 4800 14 12 54 52
17182 1 2190 14 14 52 52
4461 0 19310 329 329 5900 5892
1046 7 18091 20767 20649 3 3
1046 7 18788 16179 16065 2 2
1046 7 39181 34963 34842 1 1
37226 0 11964 111 111 10447 10445
11632 9 24469 201 200 23 23
40699 0 12729 1234 1234 40527 40512
14428 0 772 379 379 1516 1507
19055 0 772 11619 11619 40606 40596
40710 0 31312 707 707 40754 40752
11686 1 5336 7 2 6 2
30852 1 3198 8 8 35 33
29243 0 26808 21397 21397 32048 32048
21449 0 12858 1 1 8 4
12857 1 21449 89 86 9 8
3233 1 4145 294 292 45 43
19055 1 19054 2 2 16 16
8310 6 12531 254 245 7 5
7557 1 7633 72 70 35 34
17844 0 7120 153 153 3840 3837
1269 1 11040 6 5 29 25
11040 1 14848 180 176 14 12
26676 0 8201 580 580 32915 32902
28241 1 7436 3 3 5 4
18458 9 31641 7 7 3 2
31641 3 37842 3 2 2 2
25873 0 2795 20559 20559 18418 18417
17430 1 14006 4 3 10 7
13991 0 6823 404 404 20487 20481
19570 1 23428 5 4 29 27
8288 4 37118 183 181 20 20
40805 0 33924 8803 8803 40784 40783
25230 0 6253 1769 1769 2585 2580
15292 3 10198 195 195 578 576
39489 0 11666 36925 36925 36545 36527
39489 1 15557 3 3 2545 2543
37831 2 11666 29446 29446 10157 10157
15516 1 12820 4 2 7 6
34071 1 12820 8 6 118 116
4175 4 8602 515 510 2 2
24042 1 5537 2 2 2 2
19211 0 4744 4894 4894 3836 3833
31371 0 7474 2417 2417 40437 40429
27812 0 7474 168 168 10035 10028
28947 4 15200 289 289 21 21
18660 6 21000 40471 40471 37416 37416
15472 0 25385 14201 14201 37955 37952
12507 0 13404 3041 3041 34922 34917
26342 1 17895 43 41 129 127
2152 1 8496 67 67 64 61
39760 0 574 2604 2604 17294 17250
40877 0 574 368 368 40405 40359
35412 5 11510 29 29 13869 13850
2085 6 10383 10 4 1 1
14202 1 14201 4 4 103 99
1043 1 20085 102 100 16 15
40806 0 6850 5409 5409 40690 40665
40503 0 9914 8500 8500 30131 30129
14770 1 14307 31 30 782 780
32716 1 17183 2 2 46 45
35390 1 3256 40 40 170 169
4482 4 9719 808 804 16 16
20428 0 3527 6860 6860 36937 36920
3527 6 20663 22062 22062 730 730
30409 2 35441 15235 15235 1608 1608
11083 1 5302 6 6 3 2
23196 1 10129 10 10 120 117
1066 1 29752 8 6 2 2
40807 0 3538 24 24 40272 40259
22793 0 3538 2 2 168 156
6768 6 24640 11936 11933 19178 19176
6768 6 10205 21941 21937 10721 10721
2869 1 15125 13 11 70 68
29302 0 15125 3085 3085 13539 13537
9588 0 1406 333 333 15700 15690
18159 0 17493 1754 1754 11324 11318
21497 1 33875 505 503 20 20
20938 1 22485 4 3 5 3
13056 6 39139 943 941 67 67
23942 0 26928 84 84 4106 4104
28004 0 6478 5214 5214 4380 4378
4747 0 22951 1 1 5 1
20860 5 2566 36 36 20523 20506
7590 5 2566 33 33 19600 19584
20768 0 17402 2067 2067 5933 5931
35193 1 20768 195 195 88 87
8572 0 5856 62 62 3134 3109
17370 0 5856 138 138 9622 9594
31972 0 5856 31 31 9425 9398
17380 1 15779 4 3 4 3
27964 0 16186 665 665 36099 36093
15981 0 1328 8 8 90 77
26071 1 9303 4 3 98 95
9303 9 21981 28 28 4 4
38768 0 29318 69 69 25714 25710
36229 0 18254 435 435 20930 20913
1019 4 596 50 27 1 1
1019 4 8780 46 24 1 1
23239 1 15927 7 4 6 5
30477 1 23239 4 3 4 2
21996 6 20017 4279 4277 5936 5936
21996 6 11995 5276 5273 1999 1999
25766 0 22616 424 424 3921 3918
9455 0 23399 21 21 10404 10398
23000 6 39446 1478 1478 6904 6904
122 1 7516 12 6 9 4
11412 1 19152 11 10 11 11
8803 1 27429 9 8 2 2
15261 0 14295 4103 4103 30448 30447
25268 4 21905 190 188 3 3
15504 1 8591 4399 4395 1193 1190
8591 1 16989 3902 3899 5 5
15601 10 15600 215 215 14 14
31927 1 15601 2 2 18 17
34363 5 8522 5832 5832 36424 36424
33641 0 19894 20228 20228 4448 4447
33826 1 19127 2 2 11 10
39523 0 2723 1237 1237 37239 37201
39523 1 21345 2 2 4016 4015
7540 0 2723 79 79 18419 18383
4541 0 2723 102 102 25912 25875
28671 0 7444 7117 7116 11971 11968
40808 0 40809 40357 40357 40717 40717
26933 0 1475 808 808 17883 17863
35848 0 18654 398 398 15523 15518
19162 0 18654 167 167 3705 3701
29185 6 40731 40777 40776 14055 14055
3467 1 3466 10 8 11 10
15345 5 4450 496 496 31401 31395
7117 1 7049 4 3 6 4
32624 6 26608 2478 2477 2495 2495
2269 1 2268 6 4 23 21
30613 0 6961 507 507 7738 7736
2956 4 29945 590 586 73 73
40706 0 10059 10232 10232 40766 40763
3866 4 38485 186 179 12 12
3866 4 24189 258 250 16 16
9119 0 21826 29467 29467 34154 34154
18389 3 999 6 4 16 14
999 3 18389 5 3 5 3
35808 1 32154 39488 39488 35786 35786
37756 4 40810 40116 40116 35374 35374
20583 1 27612 2 2 2 2
1020 0 3141 1 1 52 2
28305 0 3141 1 1 50 1
6564 0 11337 36091 36091 28130 28129
23511 0 15656 22 22 2743 2717
5394 1 2601 2 2 3 2
19679 0 5394 707 707 2498 2491
2004 1 24164 2594 2589 4 4
2004 0 30642 4181 4181 5717 5716
25774 1 12289 179 176 435 429
24676 0 24224 8292 8292 14269 14268
23848 1 8714 3 2 7 3
17814 4 3175 22850 22849 5760 5760
17465 1 17464 12 11 2 2
22570 1 22569 2 2 4 3
6630 0 4722 180 180 3094 3086
1142 0 4722 127 127 7166 7157
23700 1 24343 3 2 6 6
9573 6 3123 2199 2199 10988 10966
15354 6 3123 407 407 11515 11492
14853 6 3123 28 27 590 569
6067 1 28605 5 5 2 2
8474 4 17327 12577 12577 1275 1275
30941 1 3753 6 4 10 7
30941 1 33174 4 3 4 3
11546 0 4442 40 40 12085 12051
6865 4 2298 744 740 12 12
1021 1 207 89 86 232 229
2872 0 17555 711 710 39440 39433
268 0 17555 236 236 20427 20421
40811 0 2664 1633 1633 40691 40674
40871 0 2664 261 261 40517 40501
2664 0 2624 62 62 866 859
35435 0 12605 844 844 8036 8033
29862 1 29861 2 2 3 2
31789 0 494 1680 1680 25453 25441
22923 0 28916 6785 6785 16755 16754
27985 1 27484 211 211 478 477
29410 0 16944 1142 1142 7442 7438
11888 0 36918 1384 1384 24286 24283
37558 2 741 1 1 133 89
28640 2 741 1 1 63 20
9021 2 741 3 3 138 93
22157 3 1791 5 4 60 58
22158 3 1791 7 5 7 6
8471 1 6302 10 9 12 12
32069 0 19823 1483 1483 13576 13574
38790 0 13 734 734 24692 24678
19437 1 22294 6 5 230 229
25022 1 32013 2 2 7 6
39553 0 4628 4724 4724 2315 2306
40833 0 4628 1648 1648 35980 35970
11144 1 2617 2 2 26 25
38399 1 1022 27 27 43 39
10536 1 36694 29 29 5 5
40178 1 1578 21020 21020 39204 39202
40864 0 1578 5126 5126 40413 40407
22410 1 37961 14 12 13 13
15647 4 32971 7902 7902 8251 8251
1708 0 8438 255 255 38769 38768
6124 1 5907 4 2 7 3
8270 1 6124 15 6 4 2
5826 1 10722 33 32 37 35
21697 0 2070 13497 13497 24277 24277
6530 1 22543 14 12 6 5
5932 1 21935 230 226 3 2
28875 3 5192 8 7 7 6
28676 3 28875 9 6 3 2
5178 1 14819 1477 1471 23 22
21092 0 5178 817 817 36065 36036
16318 0 5178 3987 3987 21222 21194
40918 0 5178 1607 1607 40643 40612
31349 1 5178 30 30 545 539
27341 1 31627 11 9 7 7
912 0 7047 72 72 17856 17842
739 0 912 9861 9861 18801 18790
24031 0 7047 38 38 3434 3421
30204 1 7047 914 910 832 830
40812 0 17281 378 378 40037 40037
9906 1 36905 448 444 11 11
6743 0 8355 3762 3762 16138 16116
1538 0 8355 1094 1094 29997 29974
35277 1 27784 2 2 11 11
5869 1 26782 90 85 3 3
40813 0 19386 17999 17999 40546 40544
38378 1 22534 2 2 11 7
31576 0 30844 40017 40017 16614 16614
10205 1 10204 9 7 363 362
11177 1 37094 1125 1121 2 2
7045 1 2382 11 11 231 227
21977 5 16419 23 23 1589 1582
3364 1 3363 3 2 5 3
3528 0 10834 3161 3161 9382 9379
17960 4 24312 860 856 9 9
27223 1 20426 259 259 65 64
24636 1 6535 5 4 16 15
23949 5 212 9 9 1670 1642
27657 5 828 3 2 684 670
1410 1 24564 2938 2938 5766 5765
3066 0 8076 170 170 1740 1732
18215 1 1414 31 30 350 339
10895 1 13973 240 235 39 39
3239 4 39144 487 436 15 15
3239 4 27881 140 91 6 6
3239 4 36428 164 114 10 10
18904 3 17353 3 2 28 27
7935 1 2201 8 5 12 10
17190 1 757 67 65 4 4
1415 1 32170 252 248 5 5
23786 1 2902 4 4 2636 2628
2029 1 18094 74 70 15 15
553 1 13871 4 2 7 5
24179 1 10508 5 4 2 2
25575 1 10508 3 3 13 12
27360 6 36837 53 53 280 280
31841 0 19545 9977 9977 38332 38331
33840 0 1754 1526 1526 26775 26763
40875 2 1754 616 616 40877 40871
38079 2 1754 6 5 365 360
40815 0 39071 530 530 39705 39703
29342 0 8978 4290 4290 25798 25782
6890 0 36281 1849 1849 16163 16163
8040 1 21358 8 4 3 2
10520 0 24854 19080 19080 34689 34689
28943 1 243 31 30 3 3
20030 0 13734 14488 14488 33815 33813
4563 0 12505 58 58 298 292
37725 0 23377 1 1 10 5
26865 1 19204 5 3 6 3
20288 6 29915 3 1 2 1
24515 2 20288 3 3 230 225
18855 0 2060 32 32 3929 3916
26308 5 18855 65 65 36883 36869
24430 0 2060 1403 1403 16543 16529
11475 1 13563 10765 10762 9831 9827
13563 1 11475 4902 4898 8125 8122
14231 0 7944 2465 2465 19656 19655
36007 6 17148 15388 15388 31912 31912
13350 0 29456 1080 1080 567 567
36696 5 9528 2 1 26 18
19256 5 9528 2 1 465 456
30889 0 33367 18809 18808 623 623
26734 0 2288 555 555 9176 9174
16979 4 35069 2462 2462 5162 5162
23628 0 2614 1717 1717 7416 7412
39567 0 4694 2 2 482 468
6695 0 32813 36602 36602 29249 29249
15469 0 6418 425 425 6853 6829
34418 1 25064 3 2 3 2
8727 1 8726 5 3 3 3
14189 1 23592 37 33 7 7
35545 1 14189 3 3 14 10
10877 1 11728 7 3 8 3
32814 0 4976 324 324 4938 4935
4165 3 25845 3352 3349 88 88
20625 1 7778 221 220 5 5
30076 0 10715 3656 3656 20354 20351
40816 0 14697 8252 8252 40121 40121
14697 1 31992 92 88 2 2
19191 1 27971 2 2 3 2
13842 0 11910 9546 9546 29672 29671
5985 6 10735 9 2 21 14
12732 3 28417 285 284 1903 1902
12732 1 26677 687 686 73 73
6204 1 6203 2 2 2 2
40817 0 19840 1136 1136 40132 40129
3387 0 19840 5162 5162 39503 39501
6550 1 2423 5 4 132 123
2423 1 24830 10 2 5 2
2924 4 30666 210 139 4 4
2924 4 2659 416 341 9 9
2924 4 29020 331 257 9 9
2924 4 36766 224 152 8 8
1379 1 25548 6 4 3 2
6265 1 1379 8 6 10 8
18135 3 294 35542 35539 18611 18611
2209 1 24141 318 314 12 11
15500 1 4546 31 30 342 339
15500 1 7996 9 9 38 36
31596 6 8773 20446 20446 33798 33798
40818 0 35587 22396 22396 34322 34322
34338 1 9890 69 69 1049 1041
14748 1 9890 24 24 1106 1097
9890 1 12054 557 548 28 27
40819 0 15962 35177 35177 40636 40635
16130 0 10326 7509 7509 19496 19494
40820 0 20319 1675 1675 40173 40172
11212 0 1856 872 872 30118 30104
14579 1 1856 7 6 296 292
28303 3 9776 61 61 8214 8212
9776 1 9775 20 19 5 5
561 0 5278 90 90 830 821
13724 4 995 20012 20011 368 368
154 1 153 2 2 9 6
5791 1 11553 9 7 13 11
24115 1 18755 5 4 4 3
28674 0 3041 5238 5238 28183 28176
40821 0 14864 7332 7332 40012 40007
17883 0 18836 562 562 8909 8907
40822 0 9367 3135 3135 40731 40708
40930 0 9367 2449 2449 40660 40638
7005 0 9367 377 377 29968 29947
26765 1 9367 10 9 81 77
2151 0 4180 1531 1530 5487 5485
40823 0 11638 85 85 40348 40331
18175 1 18573 555 553 25 23
24724 1 3969 5 2 4 2
3969 0 3582 149 149 2424 2398
17345 0 3969 1644 1644 11263 11259
34877 1 6582 4 2 10 3
6582 1 16956 39 31 17 13
26100 1 28248 2 2 513 511
33245 0 3980 4 4 358 356
4106 1 4105 1116 1114 3 3
584 1 28894 12112 12110 4544 4544
35143 1 33405 2 2 4 3
17003 0 479 7 7 2023 2013
9877 5 6166 1 1 25 1
30263 1 25760 12 12 4 4
30656 1 25760 34 34 7 6
1999 4 17069 113 106 3 3
18272 1 19427 4 2 4 2
29081 1 13187 5 5 3645 3642
16522 0 3780 5 5 512 478
26742 0 15839 61 61 4384 4381
1918 6 39340 697 690 24 24
11624 1 20815 4 3 4 2
13939 0 7027 85 85 195 190
5788 0 7027 4265 4265 18793 18787
40824 0 2657 9749 9749 40539 40532
1294 0 25140 4427 4427 20417 20414
21281 0 428 1530 1530 25340 25314
40911 0 428 2665 2665 40855 40828
39800 1 30816 2 2 12 11
12660 0 1095 81 80 1637 1626
17450 0 1095 459 459 14842 14830
11922 0 14898 13 13 1527 1509
23590 0 12772 9757 9757 20949 20946
3072 1 15159 1143 1139 298 295
24523 0 8582 317 317 5423 5416
188 6 29407 4 1 12 8
39603 4 27065 908 908 1231 1231
4691 1 14239 3 2 5 5
36188 1 4691 19 18 43 42
36501 0 4902 16758 16758 10228 10228
40022 0 6784 3 3 299 294
4121 1 17988 107 105 38 37
34845 5 10076 32 30 36 31
19999 4 35620 395 386 15 15
25642 0 31168 3584 3583 16632 16631
28192 2 3865 15 14 158 140
25039 0 2409 89 89 1071 1049
34598 0 2409 6 6 13779 13755
40825 0 22386 38766 38766 39378 39377
15804 0 10824 44 44 1044 1039
40826 0 30737 12877 12877 40227 40226
11678 4 24132 2981 2981 4078 4078
11178 1 14178 143 136 9 9
19319 1 11039 9 8 24 19
23526 0 9730 27491 27491 31756 31754
12960 0 23054 32553 32552 26819 26819
18237 1 14439 5 4 7 3
17375 6 39568 7 5 2 2
6955 0 2697 28 28 1192 1189
16533 0 2697 133 133 408 406
27268 1 11354 19 18 83 79
1968 1 1967 5 2 6 3
20914 0 1967 2 2 9 1
23271 0 7641 992 992 4 4
19684 3 19683 4980 4979 188 188
4983 6 33006 5 5 3 3
17534 9 12584 4 3 3 3
6871 1 18043 299 297 40 39
5628 7 18994 38093 38060 10 10
2502 1 20104 54 51 8 7
15657 0 4985 2645 2645 8664 8662
34914 1 6434 2 2 9 6
39981 0 306 8151 8151 40725 40708
21026 0 306 307 307 15850 15834
37154 5 9269 900 900 29684 29681
9073 1 5502 76 75 297 295
30127 0 1623 899 899 38326 38323
16304 0 30127 12029 12029 9155 9155
16980 1 4548 15 13 86 83
469 0 14498 2 2 128 117
9243 6 35214 8591 8587 16 16
36148 4 23121 541 540 136 136
3358 1 4743 9 3 9 7
9720 0 4743 1834 1834 4132 4122
40888 0 4743 16121 16121 40775 40764
2064 1 2154 2 2 3 2
22278 1 35919 2 2 3 3
36060 0 14935 3364 3364 36225 36216
27146 5 11426 1 1 5025 5015
3169 0 3813 4 4 88 70
3823 1 3813 1392 1392 1931 1926
20664 4 26988 2598 2596 125 125
6374 1 11133 3 2 4 2
33074 2 7 3 3 313 277
18961 2 7 1 1 49 14
17395 0 7902 441 441 6609 6606
22908 1 5606 25 22 7 5
10254 1 10253 9 8 46 45
40906 0 10253 6261 6261 40812 40798
14113 1 5076 3 3 14 11
36403 1 10838 2 2 3 2
14974 0 14973 949 949 8628 8620
14973 3 19845 87 85 4 4
40831 0 4593 31128 31128 40497 40497
31084 1 27014 2 2 7 5
12467 4 39860 225 220 2 2
40832 0 6630 11342 11342 40756 40752
26778 4 2803 3248 3248 13876 13876
3765 1 28497 496 495 5 5
20691 1 4936 37 37 10743 10740
7886 0 12463 570 570 28287 28281
14999 4 31316 6306 6306 17615 17615
22172 0 11068 25 25 87 73
454 3 16514 194 192 1401 1399
3025 1 16514 3 2 4 4
29578 0 15788 16621 16621 31468 31467
23802 0 21987 741 741 37749 37746
21987 0 20963 1391 1391 34969 34968
11759 2 10987 3 3 129 128
38689 0 12894 603 603 39410 39400
40834 0 14087 8680 8680 38004 38004
14853 1 5935 9 9 15 13
4044 4 31152 2852 2852 178 178
29372 0 24630 2149 2149 16687 16682
24630 0 22399 10090 10090 39750 39749
19479 5 4701 1 1 279 258
8240 5 4701 3 3 753 731
33163 5 4554 2 1 70 63
29553 1 26733 2 2 17 17
29553 0 8837 862 862 29386 29384
6792 1 14058 11 10 34 32
21282 0 15062 24835 24835 10867 10867
23036 4 36472 159 153 3 3
5783 4 23036 13605 13596 14 14
40835 0 40836 12275 12275 17488 17488
18778 6 32930 29154 29153 1628 1628
18778 0 5314 38 38 18899 18872
24621 2 17930 5 2 11 2
27989 2 17930 6 4 9 1
26041 0 4289 10720 10720 320 320
16899 4 24507 407 407 356 356
14917 3 17826 32 29 14 13
30990 9 28312 2 2 4 4
8980 1 3552 55 54 27 26
33079 0 3582 1059 1059 17937 17909
16497 1 26305 67 64 4 4
26368 1 8799 8 7 3 2
4480 1 32602 91 87 2 2
35059 0 27412 30 30 6482 6479
2645 4 29221 349 341 3 3
23462 0 5675 10793 10793 29523 29514
40853 0 23462 9482 9482 40787 40782
25133 5 5012 15 14 75 69
14927 4 5288 468 464 24 24
11058 2 6577 3 3 4864 4810
60 2 6577 9 9 1216 1164
7534 9 18226 97 96 3 3
10204 1 10208 6 5 10 9
5031 1 28475 66 66 40 38
15312 0 12860 13678 13678 29390 29390
21401 1 1933 4 4 79 72
12469 1 1992 8 3 3 2
18451 5 1238 2 1 8 1
37552 0 2655 1027 1027 14556 14552
2655 0 9806 967 967 28222 28216
40284 0 6614 3071 3071 23658 23635
3130 1 27019 160 157 33 32
23982 0 37653 9440 9440 40238 40236
20447 1 9918 4 2 3 2
15028 1 16314 4 2 10 5
15028 1 5116 5 2 10 4
40628 0 33021 11522 11522 39643 39643
3648 1 3647 4 3 7 4
19317 0 1107 13249 13249 36876 36866
830 1 21753 1804 1800 106 105
8270 1 9886 12 4 5 2
14780 1 6419 489 485 9 8
40837 0 15224 14672 14672 40664 40652
7188 0 11737 515 515 9883 9873
10277 1 32396 293 293 31 30
10277 1 2951 515 514 595 590
15054 1 2951 9 4 7 3
25047 0 19223 3296 3296 36530 36530
23871 0 918 1630 1630 20558 20551
40840 0 918 9946 9946 40819 40811
8168 0 13192 9834 9834 21555 21555
10293 1 12214 2 2 3 2
23642 0 26543 758 758 9114 9114
26543 1 12312 422 420 632 629
4913 4 20284 131 100 1 1
3331 5 16655 55 55 3658 3656
3331 1 35484 566 563 31 31
16739 1 16646 549 549 1257 1253
6726 1 5782 29 25 3 3
6726 3 6725 630 628 7 7
11335 1 6726 2 2 29 26
5491 1 1201 28 27 168 163
6549 1 14425 270 267 7 5
5544 1 3327 4 3 26 20
3403 1 6328 8 8 31 30
7229 4 37460 15251 15234 120 120
20544 1 28902 7 5 3 2
3291 1 20544 48 44 14 12
530 1 21170 1746 1742 70 70
9371 1 9370 7 6 29 27
26061 0 9371 3984 3984 18759 18756
9371 0 5623 1336 1336 29416 29414
21518 1 29527 526 526 308 306
35181 0 21518 1878 1878 27640 27637
36581 0 16397 3208 3207 559 559
3972 7 37089 24625 24546 3 3
8883 0 5790 13150 13150 9339 9339
38389 0 7334 2990 2990 16452 16450
27814 0 9178 1485 1485 12978 12976
10855 1 19155 10 10 21 20
10855 1 31116 580 579 3783 3782
1431 4 27265 2072 2056 5 5
27563 1 35599 2 2 2 2
1193 4 39361 29 18 1 1
39975 0 7068 403 403 11263 11255
3855 0 3909 4 4 15 8
28703 0 3909 36510 36510 37640 37632
11573 1 13583 6 5 7 4
40841 0 16266 1093 1093 40643 40620
2434 0 16266 156 155 3758 3737
40842 0 67 299 299 40168 40159
1154 0 18959 4297 4297 39057 39055
32397 0 13044 314 314 14760 14751
17819 1 653 126 125 10 9
37840 0 313 253 253 21408 21400
40843 0 3679 15643 15643 40698 40687
40843 4 5346 40755 40755 38494 38494
13988 0 168 1348 1348 20242 20237
38754 2 10661 6 5 168 165
29501 0 6358 6890 6890 40930 40928
29860 0 18587 5066 5066 10018 10018
33438 1 36858 2 2 3 2
36858 1 35629 3 2 2 2
12381 0 1474 423 423 4947 4933
2863 0 6499 3344 3344 1073 1072
7328 0 5714 21555 21555 27711 27710
14412 0 20621 3929 3929 37216 37215
35316 5 38173 336 334 836 835
20490 1 7847 6 5 4 3
21077 4 10657 130 129 17 17
10380 0 1964 10919 10919 7004 7002
17802 1 3847 8 7 9 8
29031 4 40721 40824 40823 33354 33354
29630 5 22311 1 1 1097 1093
14888 4 21122 117 108 1 1
14888 0 2518 1 1 67 1
819 1 7732 41 36 432 428
7100 4 29718 2364 2362 516 516
8077 1 7192 8 8 111 108
16136 1 39043 649 647 521 521
13225 1 15253 7 6 9 6
40844 0 6467 420 420 40471 40464
6069 0 37345 5109 5109 1925 1924
4895 0 8093 2482 2482 31184 31157
21558 1 13645 3 3 4 3
10544 6 38325 4817 4801 467 467
23888 0 1730 11 11 3301 3200
33667 0 1730 1 1 270 172
22133 0 1730 1 1 98 1
19623 0 1730 4 4 417 317
28603 4 38563 819 818 2 2
16620 1 2522 16 15 43 37
24900 3 5965 13 13 104 103
3989 4 18951 8833 8826 129 129
22965 1 167 12 10 123 121
35645 0 7367 14251 14251 3779 3779
36255 0 10055 1 1 7 1
1574 1 8899 9 4 4 2
21174 5 2295 8 8 19331 19230
34328 5 2295 76 76 32335 32233
28418 5 2295 127 127 38866 38763
34439 5 2295 1 1 5887 5788
40845 0 32455 451 451 39979 39978
35000 0 9668 1 1 102 86
32116 0 21176 1038 1038 21055 21053
23390 0 40586 30518 30518 14929 14929
40848 0 23390 11 11 24652 24649
19903 4 29357 316 316 73 73
35177 0 14481 763 763 1417 1417
12330 0 11599 1768 1768 14959 14953
3579 1 19372 1731 1730 709 707
9842 0 3579 514 514 39659 39646
22422 1 9505 40 39 176 172
15330 1 28910 5 4 3 3
22889 0 11852 694 694 12962 12953
29771 9 3592 4 4 17 17
25748 1 34204 2 2 2 2
1772 6 37182 608 604 64 64
15158 0 40846 38714 38714 34766 34766
40847 0 8407 19216 19216 40355 40355
35466 0 11507 2 2 9 6
12327 0 411 66 66 4639 4616
21952 4 9376 745 745 40 40
4177 6 5022 576 561 21 21
5040 0 220 2 2 14 5
20777 0 30968 22777 22777 32384 32383
17995 1 415 7 5 19 11
6540 0 6677 3525 3525 6535 6533
30360 1 7239 34 34 1453 1449
1226 4 33413 3338 3314 7 7
36259 5 860 57 57 30226 30153
30840 5 860 4 4 15288 15217
39831 1 4370 3 3 174 169
17244 1 15986 11 11 1193 1190
9116 4 34497 985 983 91 91
4771 4 11796 232 180 2 2
18918 0 15687 783 783 2832 2829
18918 6 31983 20886 20877 24 24
29544 0 6411 5230 5230 15712 15705
13258 1 515 2 2 428 421
7665 4 11919 280 276 4 4
8356 1 22637 199 192 97 94
17180 1 8356 3 3 263 256
39574 0 13157 864 864 39325 39322
20711 1 1090 47 46 10 6
32427 0 24062 35651 35651 38952 38951
40849 0 13412 12095 12095 40905 40900
4316 0 1500 1 1 83 57
29122 0 1500 5 5 464 437
29916 0 33246 2949 2949 524 524
33246 0 425 798 797 3906 3887
3714 1 3991 5 5 2 2
6702 1 4469 87 85 126 122
20629 0 10089 5803 5803 14835 14835
18423 1 20629 14 11 6 5
4855 1 19562 257 252 60 57
11423 1 4213 73 69 108 103
10241 0 10481 2136 2136 34725 34723
27097 0 10241 49 49 380 370
5125 6 35244 320 320 290 290
10842 1 11135 242 241 4 3
3451 1 3450 68 68 309 304
3450 1 6752 39 34 56 54
26219 0 15966 2432 2432 2098 2095
20729 0 30962 10583 10583 19477 19477
31196 0 30962 19885 19885 33908 33907
36881 0 119 27 27 16607 16569
119 0 2748 814 813 9186 9176
2323 1 23181 20 19 2 2
14339 9 16095 362 361 6 6
32957 0 5195 25 25 3039 3033
32623 1 5195 5 4 53 50
32917 0 9489 905 905 14016 14012
40688 0 3489 1184 1184 40085 40024
13220 2 6815 11 10 215 211
5097 1 27076 4646 4643 2414 2414
17030 1 2573 6 5 20 15
2573 1 9486 40 35 23 22
37807 1 30144 2 2 2 2
2521 1 38597 3531 3528 29 29
6946 1 8731 70 69 57 54
9873 9 35523 1026 1026 118 118
1071 6 14854 954 948 120 120
3398 4 14735 343 326 4 4
5855 1 7329 120 116 54 52
3929 1 27247 3744 3733 109 109
16292 1 29803 4070 4068 1161 1161
6578 0 5973 6396 6396 23431 23427
40850 0 1543 7820 7820 40552 40495
37429 1 32885 44 44 3 3
5932 1 5931 1438 1433 15 15
14336 1 2808 3 3 201 199
23816 0 13145 1272 1272 6391 6391
16675 0 11522 21188 21188 4546 4546
40851 0 14187 12948 12948 40615 40611
10755 4 22444 24 23 1 1
11129 1 13730 12 6 9 4
25343 1 13730 7 4 8 4
8639 0 3289 14 14 393 370
3289 6 36920 19406 19389 203 203
8776 1 1347 17 16 26 23
1347 1 4276 16 13 11 9
39300 0 1590 240 240 21143 21119
37068 1 22654 2 2 3 3
1801 1 21363 20 19 3 3
31983 0 35119 3473 3473 13536 13535
31983 6 2119 7245 7243 24469 24469
19488 0 3006 1327 1327 17704 17694
19488 1 38649 19891 19891 23811 23811
40852 0 6747 2578 2578 39224 39222
28133 0 18038 18 18 620 617
8634 9 19910 276 275 2783 2782
11304 0 19910 39 39 2751 2750
20413 0 1973 202 202 22746 22690
26353 1 4814 4 3 9 5
22355 0 11595 982 982 16118 16112
1588 1 19716 4 3 7 6
11612 1 21343 140 139 34 33
5569 1 10107 67 63 25 20
5923 1 5569 5 3 10 6
24840 0 14776 14524 14524 5942 5942
24031 4 32273 21872 21872 25762 25762
12006 1 23328 5 4 3 3
15403 4 40478 31 31 18 18
16346 0 16005 564 564 5119 5117
7668 1 35530 96 93 2 2
9434 4 40717 40829 40826 10324 10324
22914 1 3088 58 57 42 40
2945 9 2944 2 2 2 2
24743 1 24742 4 4 9 8
31284 1 19047 20 20 14 13
1664 1 16927 7 4 5 4
40307 0 4362 37431 37431 40844 40837
29218 1 4362 12 11 60 60
4362 0 8787 12 12 118 111
17040 8 37417 283 282 14 14
39206 0 12650 1 1 21 1
29976 5 5742 4 4 9774 9751
15635 5 5742 5 5 1211 1190
903 5 5742 9 9 2225 2203
17663 4 9378 3397 3393 42 42
20364 1 26993 30 29 33 33
27150 0 3232 3857 3857 36115 36108
40854 0 14981 3538 3538 38201 38197
40855 0 25028 4558 4558 40364 40364
40678 5 5841 13703 13703 40909 40896
26893 3 11921 15303 15301 1084 1084
38438 0 24102 2585 2585 36750 36746
22467 0 22049 217 217 2657 2654
15542 0 22049 1161 1161 14256 14251
40856 0 8153 7123 7123 40577 40558
36147 0 8153 315 315 18321 18303
10925 1 8153 95 93 35 33
34372 4 36708 303 303 154 154
7489 6 35302 169 164 22 21
9267 0 1292 822 822 26116 26111
5975 0 8327 44 44 2616 2607
112 6 23406 237 192 1 1
6559 1 18773 3 2 4 3
13687 1 7279 5 5 7 4
37981 0 904 30 30 1659 1647
15563 1 17861 195 192 41 38
24736 1 14901 3 2 2 2
7506 1 27215 4020 4012 97 97
28486 1 28485 4 4 9 9
22848 1 33665 79 78 21 20
15952 0 3163 1 1 56 18
9298 0 3163 2 2 99 60
28717 0 3163 122 122 1494 1454
17876 3 17875 320 320 5 5
22196 1 22195 2 2 2 2
13637 1 27685 156 153 2 2
10125 4 13911 1370 1368 12 12
4146 0 37135 235 235 251 249
31487 4 8818 6165 6165 10593 10593
36976 0 4550 1279 1279 10940 10843
24513 0 4550 2 2 252 157
27936 0 4550 123 123 22198 22100
12322 0 4550 2 2 127 33
40857 0 2021 5640 5640 40675 40622
27575 0 6658 2080 2080 12103 12091
19537 9 28961 2 2 2 2
1070 0 17546 1117 1117 8036 8032
9755 1 9754 3 3 20 17
769 1 9754 3 3 4 2
40381 0 34906 1776 1776 248 248
15427 0 134 179 179 3232 3218
134 1 2633 2354 2351 647 647
1511 0 15914 7355 7355 3371 3368
5005 1 28613 182 175 4 3
18503 1 5005 39 38 1273 1266
40140 0 27752 3 2 30 27
16225 4 4698 13339 13336 124 124
40858 0 15284 2126 2126 40513 40507
628 1 627 3 2 7 6
16800 4 32120 1017 1017 1651 1651
25305 0 2099 2 2 29 2
13821 1 13530 4 3 5 4
16002 1 36632 156 153 5 4
40859 0 37052 1526 1526 40525 40524
6188 4 24112 76 59 2 2
6188 4 24347 57 41 1 1
15067 0 18496 18155 18155 37552 37552
29361 1 18956 4 4 8 7
10119 1 25492 38 33 6 4
28682 1 6956 3 3 4 4
22077 5 6956 2 2 10037 10018
720 9 26603 5 4 7 6
18029 0 8812 4 4 218 217
36166 1 16798 4 4 26 26
30646 4 33263 21696 21696 5409 5409
10063 0 8348 35119 35119 34640 34633
28320 1 27155 11 10 3 2
27155 1 29136 3 2 3 2
737 0 704 5529 5529 14625 14624
16207 1 16206 2 2 7 7
37148 0 23650 19781 19781 30746 30746
33954 1 14292 8 8 5 4
29886 1 28685 5 4 5 3
9855 6 33387 92 68 7 3
3785 0 28084 37642 37642 28074 28074
20088 5 3785 44 44 10587 10570
32514 5 3785 330 330 23286 23268
6922 1 6921 8 4 16 10
6921 1 7885 91 85 83 78
7656 1 11492 645 644 635 634
16454 1 15118 9 4 6 3
27917 0 8192 160 160 866 863
27917 1 5927 5 4 181 176
5927 1 27917 12 7 3 2
4197 0 8050 3082 3082 918 915
4197 1 37513 1161 1157 31 31
25431 1 5635 4 4 82 78
15018 1 18772 13 11 2 2
9762 6 8948 20985 20981 22147 22147
30927 6 25532 1661 1661 1958 1958
19315 1 39214 153 152 2 2
39214 0 32965 19278 19278 18490 18490
18563 0 4302 22 22 3678 3676
21993 1 19504 590 585 11 11
9794 0 26796 124 123 22 22
40860 0 1945 1356 1356 40632 40608
13748 1 11108 444 442 51 50
4384 1 24793 244 243 217 216
10633 4 19550 4777 4777 16630 16630
27322 1 37139 2 2 2 2
40383 0 38168 377 377 1318 1318
7362 4 32362 14 1 1 1
22231 1 8513 2 2 47 46
40692 0 8924 311 311 40010 40001
1685 1 12089 198 195 90 90
450 4 4488 55 38 1 1
39094 5 3918 317 317 36057 36039
40914 5 3918 871 871 40757 40738
2315 0 3918 1168 1168 31943 31935
40869 0 3918 1673 1673 40499 40490
39375 4 35988 445 445 4511 4511
33362 0 724 579 579 15361 15343
4388 4 38068 48 36 2 2
24592 0 13837 2126 2126 13465 13461
4109 6 1349 48 44 5 4
20971 4 929 37971 37971 28121 28120
23939 0 929 3 3 7538 7527
2108 1 23830 24 21 18 17
137 1 39790 2 2 2 2
14471 4 26704 289 285 15 15
38379 0 2037 13091 13091 34249 34246
3297 1 2037 48 46 42 42
19597 1 29925 67 65 3 3
9472 3 9553 8034 8034 20185 20183
24002 1 31718 3 3 3 2
13378 4 37002 90 82 1 1
18672 8 18729 6 6 28 25
23066 0 10976 6989 6989 22402 22402
37193 0 36623 21210 21210 22712 22712
35461 0 15432 4028 4028 20694 20692
6086 1 37968 395 395 878 878
39988 0 6132 11669 11669 33300 33294
27635 0 6879 11989 11989 39439 39439
12792 1 18251 4 4 3 2
25299 0 17090 3422 3422 7770 7768
22804 0 9256 91 91 368 365
22046 1 449 4 4 4 2
26701 5 39164 14794 14794 7887 7887
33010 4 37752 751 750 465 465
17564 4 28570 9594 9594 15498 15498
14394 1 27202 2 2 6 5
40861 0 35307 38849 38849 37907 37907
36533 1 31832 2 2 5 4
1421 1 13698 940 938 9 9
1421 1 1420 1079 1076 77 77
15918 1 8898 3 2 3 3
39681 2 3869 1 1 680 649
13147 2 3869 40 40 19587 19555
29520 1 38175 2 2 2 2
7705 4 29204 8026 8020 106 106
31945 1 533 4 4 4 3
20267 1 11332 3 2 3 2
40862 0 6138 6323 6323 40812 40797
12405 1 2536 14 14 378 373
22145 0 267 6568 6568 23734 23710
12466 4 38408 249 227 4 4
12466 4 38825 229 208 4 4
16552 1 10073 104 103 8 8
31672 0 16442 9825 9825 930 930
34829 0 34921 8286 8286 37437 37435
6539 1 27537 172 167 2 2
24829 0 20017 2333 2333 27176 27171
28048 0 20017 2144 2144 40016 40010
40863 0 22831 766 766 40269 40264
9658 0 22831 4557 4556 10250 10246
17365 6 1148 5190 5190 26938 26938
11735 1 13906 7 6 2 2
10734 0 10886 24 24 1583 1569
1494 0 15383 14228 14228 18565 18564
31725 6 3983 19 19 123 122
3023 1 19162 4 4 30 28
28499 0 2833 9558 9558 19499 19484
4250 3 26422 36 35 6 4
14121 1 5862 284 282 1027 1022
1002 0 15449 3699 3699 3068 3063
14237 9 14236 3 3 5 5
40286 1 14159 2 2 3 2
1432 4 24308 112 96 10 10
29759 0 21793 15 15 297 296
40 0 9353 1467 1467 7044 7036
36532 1 36531 2 2 55 55
4832 1 7867 2990 2986 25 25
27716 6 14968 1565 1565 270 270
304 0 25231 16777 16777 13427 13426
8542 1 19421 154 150 2 2
30629 1 15712 994 994 239 238
20027 2 9746 1 1 589 578
26019 0 4682 3 3 1188 1184
15092 4 32205 26784 26780 556 556
13106 4 30126 399 388 19 19
7451 0 9653 2736 2736 2740 2740
14198 1 7551 12 12 11 3
19206 1 11656 87 84 11 7
938 1 29478 29 27 2 2
19923 0 13346 14 14 28773 28764
40895 0 13346 216 216 40431 40421
8767 0 2776 385 385 1387 1363
17206 0 4193 338 338 1837 1835
9026 1 21448 31 31 14 10
10884 1 23870 3 2 4 2
10884 0 12402 1045 1045 3397 3396
33656 0 17442 1435 1435 24570 24566
29844 1 36062 6 5 3 3
39433 6 40246 13 12 8 8
13370 4 32777 673 672 3732 3732
40865 0 34557 11624 11624 39776 39775
12307 1 5388 5 5 76 73
8628 3 1186 6586 6585 1648 1648
4299 0 1562 1056 1056 9684 9677
18208 6 35649 14039 14039 24456 24456
12758 0 980 4232 4232 19957 19956
26577 4 38800 149 149 8 8
40866 0 8678 24371 24371 40649 40646
32294 0 1897 919 919 23042 22969
6937 1 1897 14 11 53 46
9481 9 158 7 6 7 4
13100 9 9481 4 3 3 2
15588 1 15587 7 3 3 2
13773 0 27141 9 9 4653 4650
25916 0 16303 17 17 27 18
36297 0 16303 168 168 15500 15490
20354 1 18989 2 2 999 999
973 1 13336 494 492 553 547
5185 0 13336 976 976 13884 13880
9012 5 7786 2 2 2011 1992
33237 1 410 9 9 2 2
14633 6 31433 12443 12442 4352 4352
14633 6 8142 3446 3446 1452 1452
40867 0 339 10103 10103 40907 40904
3453 1 18417 9 3 2 2
8951 1 28285 11 9 141 140
1460 1 8951 5 5 13 11
8222 1 6150 14 10 6 5
8054 3 25795 29493 29491 3593 3593
6845 1 2779 4 3 5 5
19202 0 12252 3544 3544 12615 12608
20124 1 18592 184 184 1357 1354
20124 0 14100 202 202 9830 9826
30846 0 2941 319 319 9034 9033
39027 0 9415 97 97 33022 33010
23350 1 17390 2 2 13 12
8558 1 7530 5 4 5 3
40868 0 5700 28212 28212 36237 36237
32469 0 324 110 110 27858 27838
8545 0 324 544 544 10557 10538
25032 1 25031 3 2 2 2
38057 9 30720 2 2 2 2
2030 0 1832 6 6 102 92
1637 0 5616 170 170 4373 4365
9928 0 5616 2075 2075 15158 15149
1702 4 29665 276 272 16 16
36951 4 24229 766 764 26 26
6008 1 1041 25 25 13 12
14647 0 13213 3336 3335 23 23
699 1 22618 2 2 2 2
35907 4 37894 110 110 6 6
13383 1 2789 82 78 17 16
2713 6 7645 152 111 4 3
11577 1 7731 9 8 8 6
40870 0 1335 33582 33582 40063 40062
24483 1 12798 9 8 778 776
17309 0 30810 1585 1583 463 461
10156 1 963 21 18 70 68
2452 1 3976 6 3 6 2
2452 1 7086 336 332 82 75
40905 0 3387 636 636 40289 40275
7217 1 3387 8 7 6 6
8525 4 37769 2502 2500 29 29
35828 0 1364 549 549 39235 39205
26559 6 35828 40935 40935 30614 30614
16493 1 19237 61 60 7465 7458
2933 1 7202 5 2 8 4
6048 9 22594 14 13 2 2
29003 1 35415 3699 3696 2 2
20788 1 10332 702 699 7 6
5707 1 5706 8 7 87 85
29609 1 29608 2 2 8 8
22190 1 35891 108 105 21 20
22190 1 11262 12 10 54 51
9192 1 19649 10 5 3 2
26202 0 7136 310 310 3121 3120
36138 0 7877 6 3 21 18
23317 0 6977 2318 2318 20555 20520
40920 0 6977 1427 1427 40551 40515
36948 1 27706 24557 24557 29097 29096
34777 1 14753 16 16 15 14
1620 4 23845 25 10 2 2
12071 1 18026 1209 1205 6 6
8848 5 14818 1 1 49 35
11500 6 11034 204 197 12 10
16013 1 5367 9 6 5 3
10574 6 36868 38 34 70 69
18072 0 1880 119 119 4202 4187
7031 1 26802 6 3 3 2
32487 1 10667 8 6 10 8
28680 1 10686 2 2 3 2
9031 4 20091 46 27 2 2
37696 0 13023 2280 2280 14651 14643
5434 1 5433 8 5 4 3
24552 2 8531 120 119 12168 12165
35789 5 3276 16 16 15504 15473
31511 5 3276 12 12 21559 21527
39401 0 24275 268 267 15175 15163
27408 0 4448 28 27 15 7
13163 1 17198 14 12 52 51
8664 1 2489 4 3 378 373
2489 1 15398 1464 1459 99 99
25485 2 3943 1 1 76 44
38545 2 3943 1 1 33 2
36055 6 19589 2046 2046 30524 30524
19768 0 5156 27 27 10888 10856
26405 0 5156 2 2 273 242
17022 6 35666 875 873 84 84
17022 6 3619 2720 2717 569 569
4621 1 88 507 506 889 887
40873 0 28355 12948 12948 40413 40411
2460 9 9748 2 2 2 2
36214 0 573 6 6 2170 2131
40874 0 22716 27252 27252 35953 35953
25322 4 40518 322 322 207 207
2760 0 11134 641 641 16266 16260
4446 9 1807 1165 1162 112 112
11636 0 4446 526 526 19528 19527
36303 1 2876 2 2 16 16
37244 1 21630 2 2 5 3
38942 1 2626 64 64 14489 14486
31471 0 2626 9 9 1405 1404
3018 0 27173 8451 8451 997 997
26985 0 7600 226 226 5565 5559
37635 0 7600 7 7 162 157
8617 6 7587 3049 3038 284 284
24972 0 1142 1583 1583 11887 11885
680 7 38698 28277 28216 1 1
680 7 40901 40827 40764 17 17
6028 0 29623 29360 29360 36035 36035
29623 0 33835 1454 1454 16398 16395
36506 4 25083 407 407 169 169
7152 1 4236 3 2 5 3
22504 0 7152 1828 1828 23751 23746
40876 0 1295 1883 1883 40294 40288
21646 1 1295 5 4 9 5
22690 0 9531 4 4 100 96
34554 0 9531 1756 1756 19523 19518
701 1 25692 4 4 9 6
14347 1 5567 555 552 13 11
22500 1 15849 1234 1233 113 112
24584 6 29929 1 1 11 11
18192 4 1499 7 7 1 1
17820 1 654 228 225 24 20
23192 1 654 41 41 29 24
34164 0 21362 5961 5961 34429 34425
23961 0 6776 39 39 13076 13068
14951 5 6776 235 235 37929 37924
2111 1 35677 107 105 9 9
32320 1 16031 21550 21550 23926 23926
31261 4 13766 655 655 535 535
38116 9 9 3 3 6 5
40068 0 28942 23049 23049 8104 8104
21724 1 8592 105 101 109 107
4229 1 37036 29608 29604 5440 5440
29447 0 15913 6958 6958 15002 14997
16697 4 31051 77 73 4 4
5443 6 33646 20 2 3 2
13087 1 36310 50 49 4 3
22927 4 27025 17082 17082 1369 1369
24129 1 15215 4 3 4 3
24953 0 13135 2414 2414 34219 34210
22068 0 29955 40839 40839 26744 26744
6111 0 23960 1738 1738 1681 1679
6111 1 11198 87 83 5 5
2003 0 4127 164 164 6481 6478
40878 0 34399 11816 11816 40819 40815
26349 1 19291 532 531 42 41
15641 1 5982 1612 1607 740 738
21253 0 5982 13002 13002 39279 39279
3948 3 25669 17499 17495 441 441
40879 0 39495 40759 40759 37481 37481
10738 0 8594 7834 7834 34826 34820
40612 0 8594 20369 20369 40695 40688
12395 0 4161 2 2 417 390
40942 0 4161 7674 7674 40599 40570
26530 0 25605 4405 4405 617 616
25576 0 19971 5107 5107 38257 38251
3574 6 39280 2263 2259 10 10
35051 1 36988 2 2 2 2
19269 6 3870 13301 13300 861 861
26457 1 21879 597 597 178 177
16049 4 31756 301 299 32 32
26279 5 6146 7 7 16859 16848
31974 5 6146 57 57 29301 29289
22137 5 3531 4 4 5850 5828
15837 1 15836 2 2 2 2
3895 0 3721 440 440 2471 2436
23820 6 25420 700 695 233 232
23820 6 11103 8 4 2 1
28203 4 29473 408 404 22 22
2999 1 36067 27 24 4 4
11766 5 10754 3 3 3444 3425
40880 0 10330 779 779 40347 40342
29695 1 25945 2 2 2 2
15242 6 5534 267 265 94 92
16017 3 30757 131 129 46 45
9486 3 6190 170 166 38 38
10504 6 36780 3135 3128 381 381
31226 0 17728 1196 1196 15119 15110
8734 1 1538 4 3 2 2
29667 0 249 13 13 14797 14751
7681 0 249 2 2 1907 1863
1196 5 12328 9 9 21629 21612
29190 5 2139 30 30 21359 21333
9335 5 2139 7 7 11894 11869
13338 1 18054 422 420 345 345
19110 4 40436 5420 5420 1608 1608
1935 0 7945 1606 1606 17417 17394
1104 0 7945 11 10 846 825
32001 2 3539 141 141 11411 11410
7118 0 3978 369 369 1149 1128
27765 0 206 2515 2515 21572 21542
16624 9 15794 2 2 2 2
1966 4 24890 37201 37199 1002 1002
31338 0 8266 9 9 1716 1712
40221 5 73 1 1 2840 2784
3410 4 40221 4772 4771 137 137
29650 5 73 39 39 22163 22105
4984 0 73 1 1 18 7
7890 1 8556 83 79 14 12
32343 0 7890 9309 9309 29013 28996
4686 0 9935 2751 2751 13018 13002
1690 1 5111 35 22 9 8
23282 0 1690 3312 3311 18598 18588
10335 1 2363 10 10 375 368
19856 1 15917 3 2 3 2
15168 1 35514 2 2 3 3
40881 0 9334 2476 2476 40582 40577
28253 1 28252 1097 1097 8 7
11736 1 678 6 4 6 4
12371 1 20336 671 667 37 36
26039 1 31200 28916 28916 13393 13393
39168 1 23614 2 2 17 17
20692 1 21524 117 116 3 3
24359 1 36592 3 3 4 3
6740 1 6335 20 18 4 3
38194 0 6335 23007 23007 32068 32068
5315 0 18408 6531 6531 3699 3699
11605 4 40002 369 369 1242 1242
12921 1 24570 1677 1667 182 180
21374 1 12921 15 14 145 135
5134 2 4633 1 1 12 1
35877 0 85 3 3 422 189
23185 0 85 6 6 12701 12455
40756 0 85 7933 7933 40728 40480
26136 1 26135 3 3 2 2
37633 0 20754 1169 1169 13048 13047
40883 0 1222 553 553 40439 40426
40904 0 1222 1135 1135 40776 40762
19190 1 22874 18 17 252 249
14563 2 35454 40943 40941 2419 2419
12530 1 5329 32 32 10 9
37793 0 425 3134 3134 39427 39407
7112 1 21005 35 35 433 429
13785 6 30026 18062 18061 35734 35734
30892 1 27200 2 2 2 2
22309 1 11345 125 124 3748 3741
652 1 11489 132 127 6 5
21523 0 5914 4800 4800 32504 32500
19459 1 8641 54 54 3429 3425
103 0 9917 321 321 766 765
34367 1 30925 3 3 5 4
39210 0 36049 8139 8139 38170 38169
27244 6 22681 12817 12816 80 80
12608 4 21734 205 202 5 5
31281 1 6359 12 12 168 163
40153 0 6359 2510 2510 39633 39625
28257 1 28256 11 10 355 354
3741 6 11977 4 2 4 1
8455 0 14334 2370 2370 4587 4586
11170 1 606 405 399 20 18
9097 4 33963 114 113 96 96
15436 1 15435 5 4 2 2
9201 1 9200 7 5 4 3
6058 0 5378 290 290 8311 8297
5378 1 9054 24 21 28 23
24455 0 7235 246 246 18953 18948
40886 0 36491 36164 36164 39785 39784
27948 0 29072 7378 7378 39512 39508
2574 1 10949 334 330 14 10
15184 1 36822 425 425 124 123
17033 1 208 3 3 5 4
5633 0 4663 63 63 8292 8276
23779 0 17423 8284 8284 26203 26199
31140 0 1615 965 965 10231 10226
25999 1 31140 7 7 13 12
29071 0 25203 733 733 2650 2647
4929 4 37085 390 384 73 73
11962 4 5667 544 540 5 5
14732 6 18907 36596 36595 983 983
4582 0 23340 2658 2658 15383 15379
2940 0 23340 942 942 1861 1858
6093 10 24981 240 239 58 58
14001 0 36202 3584 3584 2628 2628
37407 0 19919 1174 1174 39228 39225
28934 0 6210 2831 2830 896 893
13298 1 26814 6 4 5 4
12356 1 20726 13 12 3 2
11679 7 15652 771 765 9 8
18992 0 780 263 263 3337 3329
12696 0 1750 2595 2595 12651 12649
22477 1 2282 270 265 2 2
17701 4 36065 2000 2000 337 337
20641 0 36866 18797 18797 37119 37118
31601 0 1352 1044 1044 29242 29236
36144 0 28533 6353 6353 12416 12416
22400 2 2183 19 19 749 718
39117 2 5348 58 57 208 206
12905 1 5832 5 3 5 4
16355 1 22399 8069 8064 2041 2041
8334 2 35737 49 49 2031 2030
13347 0 26570 20 20 54 52
40889 0 34949 7610 7610 39999 39998
12551 0 7485 2487 2487 7571 7570
3154 1 27514 19 17 2 2
35950 0 20760 38 38 3555 3550
20760 0 25127 5961 5961 26569 26568
23933 1 23098 37 36 449 446
12685 6 19180 31364 31358 272 272
12358 2 4168 9 9 1376 1366
7700 2 4168 1 1 32 23
35674 0 16517 26046 26046 35373 35372
6813 1 5175 37 34 2 2
7375 1 7374 22 20 5 4
40890 2 23906 10011 10011 40623 40623
21948 4 38918 4430 4430 19443 19443
17500 9 17499 2 2 2 2
6759 1 21078 7 4 3 2
11196 0 24534 4377 4377 10989 10986
16734 7 13678 13701 13697 33 33
865 1 17946 995 986 16 16
1821 6 39122 11603 11589 169 169
11630 1 31896 72 69 3 3
7284 1 17756 3 2 2 2
26770 5 6829 3 3 322 316
37565 1 22789 6 4 4 3
11926 1 11925 6 2 5 4
27446 1 22702 11 9 10 8
13999 0 37238 3164 3164 2519 2518
2050 6 30438 10967 10967 12805 12805
21493 0 24309 8691 8691 38772 38772
40891 0 13449 5365 5365 40325 40324
15390 1 38904 38594 38593 18445 18445
33146 1 2101 4 3 15 7
17987 3 17986 4731 4729 1228 1227
29746 3 17987 143 143 12311 12309
2692 0 10487 172 172 102 99
32902 1 29338 2 2 11 11
14511 6 11512 12836 12829 93 93
6117 1 683 4 4 26 20
25817 0 40019 14616 14616 16867 16867
39730 4 31900 12523 12523 29372 29372
14912 3 19439 9774 9771 90 90
34332 4 1842 298 294 28 28
29957 5 8285 178 178 16238 16234
8398 4 40398 22188 22188 17476 17476
13141 4 36356 354 342 10 10
24146 1 36079 3 2 3 3
12197 1 24146 332 329 4 3
8973 0 15567 9194 9194 18916 18915
2840 1 18631 59 58 3 3
4993 1 4648 7 6 733 724
15543 4 26788 4731 4731 12441 12441
9926 1 1976 7 5 5 3
40893 0 10088 3086 3086 40604 40599
18632 0 15264 1937 1936 14764 14761
25930 4 9684 350 345 166 166
39714 5 5407 1 1 5040 5015
31612 1 9688 24 24 8 7
1782 1 1781 29 28 1153 1149
34009 6 39128 37 34 97 96
25597 0 4132 7945 7945 38100 38090
16378 0 2054 2 2 296 279
12541 0 2054 1 1 27 11
2054 1 17904 16949 16949 24769 24768
18557 9 18725 114 114 2 2
40453 1 28165 2 2 2877 2875
7231 0 16733 39393 39393 33372 33372
17867 1 14085 36 35 17 16
36201 4 39259 25010 25009 59 59
17202 0 12720 4979 4979 13080 13070
28053 0 4049 36 36 19557 19544
25593 0 4049 750 750 33723 33708
4049 1 28361 3 3 10 8
22873 1 37187 5191 5184 3 3
37187 0 3391 2979 2979 36678 36674
30984 1 6485 7 5 22 20
12052 1 6794 3 2 13 10
6371 6 13857 26093 26088 7216 7215
1675 3 3261 72 68 12 11
32329 0 39076 14729 14729 9181 9181
1788 0 22163 71 71 210 206
8791 1 15310 4 3 241 236
13863 1 15310 236 228 441 435
3838 1 15310 42 40 586 579
36716 0 15310 359 359 7382 7382
23303 1 6584 116 115 13822 13816
9014 0 13840 469 469 15245 15240
9501 1 16279 5 4 5 4
9412 1 35482 97 93 3 3
26517 1 352 54 52 124 116
30651 1 30650 3 2 2 2
13606 0 5759 313 313 8049 8034
24242 4 40495 3618 3618 9070 9070
3024 1 8489 127 126 1075 1069
4914 4 5471 811 806 9 9
16649 0 11808 36 36 583 578
16580 1 16649 4 3 7 5
8882 1 30608 5346 5344 2 2
24380 6 4034 1326 1326 1315 1313
20967 1 38940 29542 29539 3139 3139
38940 1 20967 3392 3392 24314 24311
12345 4 32572 5053 5052 94 94
17336 1 6811 3 3 20 18
4393 0 21188 722 722 15130 15128
16082 0 19592 25251 25251 39161 39160
13599 4 38034 106 106 39 39
2399 3 852 4600 4598 4396 4396
26551 1 17969 4 2 7 5
19862 1 25685 532 528 4 4
33100 0 23835 256 256 5582 5576
38732 1 16818 7 7 13 11
30257 4 39983 12004 12004 729 729
2097 1 9439 7 3 8 4
8891 1 8890 2 2 34 31
10946 1 16189 1242 1239 427 426
23311 5 666 1 1 2449 2421
7605 1 16736 3 2 3 2
40896 0 23801 3402 3402 39796 39794
3152 1 34834 50 48 12 12
8027 0 17129 6652 6652 29322 29321
18036 1 23414 18 17 25 24
10896 1 5187 98 98 16 16
29378 0 14065 4 4 858 856
11268 1 18820 863 862 7756 7753
10603 3 7644 950 949 798 797
28163 6 33290 33 33 188 188
26372 1 2839 7 5 26 24
13731 1 3340 5 3 8 4
30635 1 27499 2169 2168 425 423
19561 2 12788 5 3 13 11
6316 1 14884 18 16 6 5
14884 1 6316 6 5 11 9
40071 0 542 19 19 3472 3460
24433 1 24432 448 447 2 2
8518 8 19686 49 44 12 12
36028 1 13581 24 24 78 76
23015 1 39472 104 103 2 2
29941 0 8121 7836 7836 14939 14934
11007 0 39628 5823 5823 12833 12832
38483 1 35975 10 10 2 2
27069 0 17594 1122 1122 29820 29819
31414 0 21528 8480 8480 12987 12984
10966 0 6448 799 799 14430 14426
7275 0 36151 5260 5260 24502 24501
10347 0 12311 1062 1062 4011 4000
40897 0 15992 25709 25709 40914 40909
29348 1 9181 6 6 68 63
181 4 20452 502 497 13 13
30056 0 13450 1167 1166 6281 6275
13510 0 34706 2885 2885 35602 35600
9041 1 8986 83 79 17 12
33052 1 6521 4 3 26 22
26934 4 36843 5594 5594 2450 2450
2778 1 2777 37 34 7 7
28399 9 24687 127 127 137 137
28399 0 7125 163 163 188 186
163 1 9522 25 21 41 40
38964 6 15538 7 5 4 2
36295 6 20656 39001 39001 39944 39944
7947 1 3044 12 9 105 98
24577 0 6103 3757 3757 24006 24003
39447 2 955 5 4 131 119
27080 0 35724 3842 3842 25917 25917
18317 0 16471 3274 3274 38270 38267
40899 0 1371 2107 2107 40776 40753
35847 0 1371 19 19 36249 36227
32447 6 14556 131 130 5 4
5046 5 5363 39 39 37208 37193
31855 0 1378 357 357 22500 22438
19994 0 1378 169 169 4285 4225
25740 0 1378 772 772 2722 2663
40676 0 1378 689 689 40508 40445
20832 0 2453 51 51 4878 4826
38637 0 35536 167 167 13335 13335
29542 6 38922 96 96 165 165
17578 1 8885 5 4 5 3
40900 0 3668 5021 5021 40897 40889
38879 4 40465 25 25 8 8
23645 1 3271 12 11 21 20
10717 1 23392 6 5 9 7
7129 6 37636 1263 1243 2 2
7129 6 39342 26 7 6 3
22752 1 11603 5 3 4 2
13171 0 2104 827 827 9990 9974
3840 4 25993 2238 2237 289 289
6976 1 6542 2 2 2 2
6504 0 17314 555 555 448 441
1218 1 18913 207 203 38 38
23637 1 22005 2 2 20 20
12259 4 40042 1547 1547 8988 8988
29053 0 31232 8 8 765 761
14841 1 11642 19 17 5 3
12434 1 11406 28 27 9 6
4571 1 19807 4 3 2 2
12516 1 16943 2 2 7 5
9471 1 28564 330 326 9 9
40902 0 30686 11094 11094 39990 39989
215 1 13069 2775 2770 163 162
28342 4 21955 3949 3949 933 933
4050 1 5908 4 3 2 2
10960 0 16571 14800 14800 34671 34670
3343 1 1512 16 12 6 5
15421 1 7039 293 288 192 191
40903 0 23890 34038 34038 40824 40823
18173 1 23932 3 2 4 2
26645 1 11702 11 11 2 2
15117 1 11702 5 5 3 2
7241 1 9423 14 12 2 2
15866 1 20662 33 32 1675 1672
308 1 23762 4659 4655 155 155
1602 1 20590 5 2 3 2
7541 1 7540 146 145 26 25
4015 0 32323 40279 40279 35877 35877
36003 2 3957 15 14 85 81
11479 0 4865 933 933 16728 16722
1202 0 14475 8208 8208 31543 31540
14612 1 19739 4 2 4 2
7024 0 6752 77 77 4013 3999
32853 0 5203 11995 11995 39551 39549
37253 0 40396 8715 8715 11159 11158
34648 0 16831 126 126 4107 4106
1613 1 3914 512 510 389 386
10826 0 26562 52 52 1415 1410
23101 1 12527 15 14 6 4
27830 0 8061 8283 8282 25707 25705
20864 1 6464 76 76 105 103
5262 6 29332 7640 7637 12333 12333
35821 0 16863 5803 5803 40348 40342
13407 1 4967 3 2 5 3
9713 1 18011 16 15 5 5
31393 4 27927 7976 7976 10147 10147
12347 1 13214 42 39 4 4
22063 1 36525 2 2 2 2
37425 0 4766 6434 6434 17131 17131
27152 4 38832 1214 1213 58 58
31830 5 24055 158 158 7557 7557
15799 6 17609 12 1 1 1
38974 0 621 1018 1018 9156 9155
17241 0 17150 66 66 14 13
2858 4 33960 128 96 1 1
26230 0 10765 15 15 3614 3607
19752 1 19897 8 4 6 4
38731 0 10922 213 213 12274 12271
30909 6 31031 28785 28785 37413 37413
40907 0 25161 28152 28152 40310 40308
36978 0 692 6 6 11703 11679
29708 0 692 2 2 1098 1075
20476 1 6724 11853 11852 8913 8911
40908 0 7921 1791 1791 40161 40161
2443 9 5163 7 6 2 2
12141 1 2443 3 3 9 6
7159 4 32394 159 157 10 10
9995 0 1520 63 63 17812 17802
3657 1 11758 7860 7860 32306 32302
687 6 27283 38704 38683 6073 6073
8662 0 716 7 7 4119 4081
7974 1 3145 6 3 6 4
24517 1 9302 2 2 6 4
7449 0 7095 10271 10270 4183 4183
31989 4 40175 1769 1769 153 153
40909 0 3338 2974 2974 39795 39787
19172 0 15730 2216 2215 1490 1489
15433 6 23550 13064 13061 11 11
15869 1 9418 4 2 3 2
27694 3 13419 3 3 64 63
21543 0 14367 5251 5251 16149 16143
5015 4 5256 156 149 88 88
16016 1 10865 6 5 2 2
2379 0 14652 8795 8795 9713 9713
40910 0 10662 3496 3496 40625 40617
13388 1 17572 52 51 16 14
38526 0 17405 3320 3320 22876 22868
9889 0 38560 11602 11602 35150 35149
11600 0 13047 5 5 267 259
40912 0 9931 991 991 40468 40468
36575 0 34172 13848 13848 26869 26866
19960 6 20910 29100 29099 14409 14409
10868 1 6529 6 4 19 16
25398 1 30292 2 2 10 8
13664 1 23487 43 41 10 9
40913 2 1214 1238 1238 40747 40728
13094 2 1214 3 1 26 8
16437 0 26208 13682 13682 10915 10913
22757 1 22756 3 2 3 3
40260 0 26108 2 2 311 309
32735 0 5654 193 193 966 963
3447 1 9780 9 4 3 2
14404 1 3447 5 4 11 6
7985 1 4209 81 81 756 753
40915 0 10407 788 788 40197 40197
6851 1 6468 962 961 1107 1103
15604 3 4192 3 3 11 11
9074 0 2243 4 4 96 95
16945 1 27937 2 2 2 2
37937 2 17319 18 17 236 233
17444 1 7040 2 2 4 3
24542 0 21434 1653 1653 3819 3818
19654 0 38248 32166 32166 6420 6420
40916 0 25194 6582 6582 40776 40775
3512 1 1507 10 7 4 4
35515 4 5683 5923 5923 5477 5477
26598 1 13630 3 3 3 3
3815 1 39428 3511 3509 9518 9518
4037 0 16708 7 7 2252 2248
29698 0 8868 4966 4965 2327 2326
15051 1 14230 4 4 292 288
1006 3 17460 192 191 5263 5259
20944 1 2415 7 5 86 82
9847 3 11802 10116 10109 2436 2436
19964 4 40677 40492 40489 3828 3828
23100 1 23574 3 2 4 3
21645 1 16026 8 6 7 5
3046 0 140 5742 5742 26879 26873
1732 6 23260 21 9 1 1
29279 4 22476 1388 1388 395 395
21641 0 8412 11707 11707 8067 8066
40283 0 13935 38 38 371 368
20075 1 5623 4 2 2 2
32173 0 25942 291 291 14258 14255
17114 1 9438 104 104 77 76
33419 4 28271 230 228 30 30
40917 0 5681 13250 13250 40179 40178
15907 1 15906 6 5 15 12
15906 1 26088 19 16 6 5
14098 4 39569 496 494 94 94
4725 1 3135 3 2 4 3
24645 1 21259 54 53 22 21
22111 1 25386 2 2 2 2
11499 1 5619 4 3 6 3
3068 1 3431 350 346 8 7
7765 1 7764 8 6 40 39
11813 1 30361 621 613 2 2
13330 1 4080 6 5 19 18
40919 0 27595 10019 10019 40816 40815
26579 0 27595 3479 3478 34517 34517
20569 1 7364 19 18 98 92
27835 1 30774 2 2 3 3
2212 6 39573 37712 37712 915 915
29644 1 22647 2 2 7 6
28102 1 13943 20 20 84 83
39806 0 4094 4536 4536 11422 11422
11333 0 1873 224 224 25254 25245
7708 1 7707 3 2 3 2
20826 6 37122 4108 4107 20614 20614
35116 1 2058 3 3 11 7
4697 1 3858 3 2 4 2
11455 4 7090 374 370 4 4
40921 0 10175 17440 17440 40854 40848
38431 1 28014 2 2 44 44
12033 1 19844 5 4 4 2
5245 0 33893 5439 5439 33688 33688
34222 0 38513 1096 1096 36735 36734
8695 1 8694 4 4 21 18
3104 1 3103 17 17 20 19
15438 1 11384 3 3 4 2
31721 1 24228 5 4 2 2
2370 4 3245 49 30 1 1
8754 1 6098 7 5 3 2
8754 1 4244 8 5 8 6
18988 0 27345 696 696 10113 10112
40923 0 13663 2401 2401 40651 40630
11049 0 722 675 675 33449 33441
38784 0 6570 728 728 33727 33712
16141 4 16183 342 340 5 5
496 1 32512 12 10 2 2
37743 1 14493 5 5 12 9
5090 1 38941 3 2 3 3
34217 1 30032 40 39 15 14
16865 1 8774 2 2 3 2
26008 1 24248 18904 18902 2637 2637
37763 1 3707 2 2 2 2
22457 6 34682 39104 39104 39278 39278
33138 1 11811 2 2 2 2
25767 4 33687 2285 2285 2288 2288
13958 4 28025 1671 1663 3 3
656 1 37010 4 2 2 2
10583 1 2117 9 5 12 5
20736 1 17537 18914 18914 26816 26815
10184 0 28333 31 31 125 121
38142 0 26564 19011 19011 11697 11697
3096 4 25112 181 173 2 2
15613 0 15381 1259 1259 36543 36539
22584 1 12684 8 8 8 6
10350 1 13671 4 2 3 3
7514 1 25165 5 3 4 3
25852 1 20593 2 2 6 5
14893 0 27550 5008 5008 14800 14800
22787 1 22786 2 2 3 2
5300 0 27067 4411 4410 16218 16218
622 0 8078 70 70 3958 3947
24444 8 33475 18 18 1837 1837
35002 0 19318 848 848 24435 24433
5466 0 115 13529 13529 36503 36487
19843 0 2682 2 2 23 22
22395 0 5140 436 436 7178 7174
20504 0 11647 494 494 24160 24151
11184 4 27448 31630 31621 105 105
33563 0 18375 25104 25104 953 953
19846 1 18645 7466 7464 1244 1243
23722 0 20561 10179 10179 13609 13609
36869 1 18872 13 13 76 71
1358 1 1357 42 40 6 6
13443 1 1717 4 2 4 2
9968 1 13305 3 3 14 10
6222 1 29825 1603 1602 291 290
19156 0 89 686 686 29725 29707
28882 9 3696 2 2 2 2
40924 0 22072 1127 1127 39524 39520
30066 1 7387 182 182 922 920
15533 0 7387 497 497 8181 8175
6506 6 39335 1097 1090 247 247
29368 0 40057 40661 40661 32221 32221
27225 6 33459 1503 1496 29 29
34773 0 34386 18485 18485 40676 40674
40449 0 1803 3900 3900 25039 25031
21774 6 9252 15214 15214 20732 20732
18483 1 17730 5 4 110 108
18247 1 33545 4 4 2 2
38623 0 5839 5240 5240 30210 30205
4359 1 29197 11 9 27 23
29197 1 13612 11 7 12 9
27198 1 6242 3 3 122 117
27447 1 4053 88 87 241 241
13806 1 28087 324 324 5 4
40925 0 19888 8569 8569 40453 40453
9983 4 21913 237 235 6 6
20348 0 11447 14296 14296 33050 33050
38036 0 1666 228 228 19615 19604
32679 0 34089 22829 22829 18714 18714
35965 4 17251 18969 18969 3624 3624
18481 6 27900 33752 33752 13781 13781
37628 1 32564 11 11 10 9
4466 1 21189 5 4 7 4
640 1 7220 4 3 4 3
24070 0 18975 19738 19738 23684 23682
2758 1 22165 2 2 3 2
4556 1 9927 9 7 130 126
40353 0 10745 13602 13602 37416 37411
19632 1 35311 2 2 2 2
39784 1 31199 3 3 22 22
4594 0 5891 61 61 11780 11776
4491 0 19288 3176 3176 17786 17784
30729 4 33668 938 938 3077 3077
34985 0 3925 6964 6964 32139 32135
28487 1 7168 165 165 223 219
26416 1 36198 4 2 5 5
34811 0 1272 1088 1088 11710 11693
3263 1 2390 4 2 7 3
11689 0 15537 130 130 443 440
28752 0 4416 4 4 35 34
27422 0 8663 5959 5959 31563 31561
5643 1 3754 11 10 8 7
11366 1 26527 10 6 8 5
24792 1 893 2 2 3 2
6657 1 21399 3 2 3 3
18566 1 6657 7 7 4 3
39413 0 5325 16 16 15337 15311
11969 1 26616 8 8 8 7
36488 1 6245 12 12 1140 1136
11151 1 17991 8 7 28 26
3136 1 16161 13 12 9 8
30980 0 3884 7 6 741 736
30250 1 32816 4 2 3 3
4638 1 29948 2 2 2 2
27855 0 9636 25843 25843 5885 5885
22777 1 35880 66 64 34 34
3901 1 1387 88 87 111 111
22243 0 13777 3141 3141 31690 31681
5542 1 30223 3234 3230 6 5
38033 0 20954 17145 17145 38018 38018
29753 0 15565 426 426 8694 8686
29266 4 13537 10821 10821 4700 4700
1937 6 25054 12620 12617 10245 10245
21124 0 14843 502 502 21151 21148
40927 0 290 15462 15462 40592 40547
31744 4 8674 1794 1793 230 230
40127 0 2558 169 168 8927 8913
2529 4 12558 22659 22652 257 257
7694 1 33571 25 22 3 3
22610 0 27194 153 152 35 30
30249 0 6066 5954 5954 28601 28600
658 0 13432 91 91 3232 3226
40928 0 9369 22999 22999 40210 40209
38434 0 9010 30181 30181 35114 35113
30241 6 28445 6351 6348 3 3
35998 1 12005 18 18 17 14
37809 2 18294 1226 1225 3731 3729
11424 1 34792 366 359 7 7
35840 0 11072 612 612 37307 37302
28978 1 22902 2 2 2 2
11576 6 38596 6280 6278 655 655
1930 4 36216 617 610 5 5
7939 1 10211 22 19 5 4
28794 4 27413 13511 13511 24399 24399
5741 0 1817 21203 21203 7480 7480
5741 6 31343 55 52 15 15
19214 6 3845 5351 5347 33 32
23468 1 1116 115 113 14 12
19251 1 13436 17 16 235 231
30832 0 17008 27566 27565 13432 13432
10086 1 10085 5 5 93 90
20123 1 21785 9 8 47 44
29801 1 16682 2 2 11 8
2714 6 17927 817 773 197 193
3544 6 29062 14 3 2 1
16737 0 2582 294 294 28006 28002
37791 0 27732 70 70 12180 12175
17526 4 11245 20793 20791 117 117
1533 0 604 2212 2212 12448 12437
39727 1 9142 62 62 204 198
13018 3 4849 274 272 211 210
32445 0 36854 192 192 37947 37945
30065 6 21979 39 39 350 347
1742 6 21979 10810 10810 25419 25415
23039 1 22926 56 54 3 3
32339 1 27741 38 37 21 19
17262 4 33581 6043 6042 290 290
26419 1 3896 2 2 3 2
2404 6 17683 4503 4501 2025 2025
33189 0 14812 5463 5463 24453 24449
26452 9 7754 4059 4059 26399 26398
19015 1 28438 6 3 6 3
12913 1 9397 12 12 13 11
40931 0 27727 5648 5648 40442 40441
1419 1 22014 7 5 4 3
22075 4 35020 267 266 151 151
14470 4 37913 924 923 31 31
28719 0 7960 16626 16626 38971 38971
8597 1 843 2 2 7 3
14278 0 7240 7474 7474 25866 25849
2970 0 8651 7989 7989 27555 27554
17407 6 4098 35101 35100 12764 12764
15599 5 6014 268 268 9701 9698
23298 0 37796 2 2 16 14
23743 4 1839 28017 28013 960 960
9242 1 9241 3 3 12 10
40932 0 8840 5901 5901 40522 40515
20097 1 39891 16 13 2 2
28366 1 34247 9 8 19 19
23644 0 37462 25245 25245 7157 7157
9572 9 9571 482 482 117 117
30724 1 28310 2 2 3 2
18933 4 6687 9406 9403 34 34
17759 0 2861 3024 3024 36283 36274
40933 0 15371 2670 2670 40497 40493
38707 1 6267 19 19 5 4
4208 1 4207 4 3 9 8
15219 1 38553 3028 3027 4 4
23158 4 15716 238 238 127 127
21950 1 27256 4 2 3 2
34499 0 3934 1658 1658 36459 36456
35578 1 3227 2 2 5 3
7908 1 6243 1158 1151 126 126
1914 6 14604 926 902 30 30
38010 0 30717 3667 3667 35183 35182
40934 0 22330 12512 12512 40846 40846
36509 0 1481 6791 6791 31673 31672
17630 1 5576 8 7 50 49
16260 4 1174 2314 2308 15 15
8162 2 27707 1513 1513 4751 4751
28523 9 16965 4 4 7 7
40935 0 16658 7979 7979 40810 40807
25614 0 86 700 700 17956 17953
18620 3 6300 131 130 1481 1480
10303 0 1380 7 7 23 8
37033 0 20187 1974 1974 3013 3012
26386 0 18443 8508 8508 4299 4299
38926 0 5480 13811 13811 32358 32357
29831 0 12577 2 1 13 6
15782 0 21097 722 722 16544 16541
22438 1 8094 5 5 33 31
40936 2 3999 1780 1780 40645 40606
1838 0 11464 4982 4982 19633 19631
14405 6 31106 1987 1984 495 495
38576 6 23883 1342 1342 13662 13662
17088 4 35425 34534 34534 1421 1421
849 10 13402 8 8 25 25
31905 1 5241 4 3 6 4
5409 0 9991 931 931 9503 9501
7245 0 31986 3949 3949 17860 17859
34983 1 16742 2 2 776 774
10762 1 12714 17 15 71 71
10953 0 273 501 501 7673 7658
26769 0 1194 108 108 121 119
12790 6 38666 2 1 3 2
20833 0 14547 7246 7246 34354 34354
31477 0 20633 4 4 628 626
25922 1 17748 661 659 175 174
35874 0 3549 9 9 2966 2951
24436 1 2798 2 2 243 242
25966 1 11230 7 7 65 63
16275 1 18980 5 3 7 3
7862 4 17841 334 331 46 46
12959 0 12265 1958 1958 14812 14812
40938 0 25310 33890 33890 40348 40346
35627 0 3269 31 31 23 20
18098 1 22245 730 724 5 5
35614 0 5846 35 35 3388 3358
29207 1 24456 21 20 13 10
1048 1 24443 4 3 4 3
22767 5 6095 1 1 6 3
12231 0 16476 2 2 19 13
19496 1 30112 2 2 13 10
40940 0 7382 13012 13012 40650 40647
8838 1 20614 646 643 179 178
30101 1 30632 5 3 11 9
9830 1 34527 3 2 3 2
40941 0 13946 23485 23485 40513 40511
28643 0 11339 35 35 21683 21679
13847 1 14386 46 45 613 611
27260 1 35256 69 68 129 128
35120 4 33416 5490 5487 44 44
6728 1 6727 850 840 127 125
