1678 7 40551 257 27 1 1
1678 7 18056 359 120 1 1
1678 7 30089 277 45 1 1
1678 7 36781 338 101 1 1
1678 7 18000 239 10 1 1
1678 7 9202 382 142 1 1
1678 7 26036 12379 12138 2 2
1678 7 35669 323 88 1 1
1678 7 40887 40567 40324 8 8
1678 7 38204 37455 37213 42 42
17935 9 35175 4 4 2 2
785 8 10116 18973 18514 39 39
785 8 37575 2816 2369 2 2
785 8 21817 27203 26737 5 5
785 8 18729 447 5 6 4
785 8 12268 1249 804 1 1
785 8 29200 21967 21505 29 29
785 8 23537 29553 29083 21 21
785 8 6770 10052 9602 5 5
785 8 1493 10857 10405 4 4
785 8 28822 29080 28612 13 13
785 8 15703 14061 13608 256 256
785 8 8245 14145 13691 14 14
785 8 36761 20063 19602 3 3
785 8 155 23707 23243 29 29
785 8 39420 22045 21582 9 9
785 8 38749 15475 15020 8 8
785 7 11761 17989 17975 37 37
16176 4 33688 1055 1053 577 577
18671 0 11241 7 7 43 28
19621 0 11241 9 9 36 22
15582 0 4030 69 69 4860 4831
25033 0 4030 2 2 30 5
31351 0 4030 5 5 304 276
19165 0 2969 43 43 310 301
21012 1 19165 4 3 2 2
16748 6 29001 13 12 8 6
31740 0 1183 4 4 254 211
26184 1 32091 538 535 6 6
32091 1 26184 6 6 558 555
4194 1 6975 2 2 2 2
6975 1 3569 3 2 8 3
15602 0 4367 2654 2654 25185 25156
6546 0 4367 15 15 3860 3832
24512 1 24859 2 2 2 2
33182 0 5053 7397 7397 19745 19742
5945 6 10270 8 5 5 4
5109 0 22368 1174 1174 8671 8666
20774 0 8060 6 6 3 3
12274 1 9268 2 2 2 2
12842 1 15886 6 2 3 2
13394 1 3789 4 2 2 2
13394 0 3459 248 248 5687 5678
38200 3 8055 3 2 5 3
36698 0 586 478 478 4595 4515
13143 0 586 11 11 1146 1069
7684 1 586 4 3 10 4
586 3 772 29 19 8 7
586 3 3510 160 149 18 18
586 1 11276 2 2 4 2
38212 2 121 3 3 1057 565
34053 2 121 8 8 1083 590
21130 2 121 1 1 600 117
22680 2 121 2 1 458 1
33440 2 121 1 1 750 265
37929 2 121 7 7 1131 636
25514 2 121 12 12 1332 834
31531 2 121 17 17 2033 1526
15287 2 121 8 8 2169 1661
30007 2 121 2 1 468 5
33594 2 121 2 2 1205 708
31050 2 121 11 11 1609 1108
10443 2 121 2 1 476 8
13776 2 121 2 1 411 1
28371 2 121 3 3 1193 697
25046 2 121 4 4 947 457
29285 2 121 5 5 854 366
29029 2 121 12 12 1712 1208
39017 2 121 1 1 577 95
36587 2 121 13 13 1919 1413
29042 2 121 30 30 1792 1287
20341 2 121 3 3 821 334
33915 2 121 1 1 856 367
14588 2 121 2 1 501 22
121 6 39924 30 26 17 17
40757 0 1311 8788 8788 40819 40801
40804 0 1311 2587 2587 40654 40637
1311 0 896 48 48 90 85
18270 1 18269 4 2 2 2
13049 0 4990 22 22 1051 1031
36351 0 4990 13 13 690 671
29179 1 10971 2 2 2 2
23886 0 6769 3 3 5 4
30612 0 4411 2888 2888 13391 13390
14866 0 3633 3 3 11 6
35748 0 11399 14387 14387 40518 40511
31413 0 15186 9 9 18 16
20145 0 11015 19 19 368 367
40728 5 914 24716 24716 40904 40610
28450 5 914 1088 1088 27571 27280
7848 5 914 1 1 309 28
35945 5 914 3 3 382 99
25546 5 914 3 3 3253 2965
38155 5 914 1 1 287 9
36490 5 914 5 5 5374 5084
31958 5 914 11 11 983 698
16022 5 914 229 228 4459 4170
1595 5 914 5 5 761 477
5734 1 377 3 2 2 2
22785 0 5734 8 8 16 15
1255 6 24915 28 28 46 46
14244 1 11981 2 2 4 3
19390 0 4369 52 52 292 273
15364 0 4369 251 251 5021 5001
6533 0 4369 3954 3954 17914 17891
20079 0 4369 1185 1185 13950 13928
3634 1 4369 5 2 3 3
10990 1 4301 7 2 3 2
16398 1 2783 5 4 4 2
2783 1 1316 10 3 6 2
31737 0 16660 3 2 15 2
40758 0 6286 33893 33893 40902 40890
36771 0 6286 14 14 131 120
23301 0 6286 14 14 63 53
6286 1 7865 2 2 3 2
40759 0 45 3977 3977 40559 40556
45 1 44 13 2 2 2
30663 4 40225 85 84 37 37
14235 0 20549 37 37 94 89
20549 1 8731 3 2 6 2
15727 0 20842 6 6 3 2
28017 0 10090 131 131 27974 27960
40795 0 10090 35284 35284 40914 40899
32851 1 11382 2 2 6 5
21858 0 14369 6 6 117 113
34003 0 20650 4 4 8 7
5656 1 624 4 3 7 2
624 1 34337 2 2 2 2
32035 1 33317 2 2 2 2
6074 0 11052 222 222 124 124
6074 1 6073 3 2 2 2
31355 4 35983 220 217 79 79
10203 0 23680 5015 5015 20056 20056
34114 4 1598 57 56 8 8
15430 4 617 23 8 4 2
617 6 23164 569 554 546 546
40760 0 3796 2461 2461 40684 40673
40898 0 3796 7834 7834 40810 40798
27089 0 25460 2 2 10 2
38920 0 20791 772 772 2352 2352
26740 0 15987 17 17 247 242
26740 5 4475 1 1 41 21
33592 0 3640 4 4 102 33
21749 0 16741 4 4 9 5
40287 6 21134 3 3 6 6
14022 1 6297 6 2 2 2
14504 1 14022 2 2 5 2
40761 0 448 5656 5656 40733 40708
23685 1 146 3 2 4 3
24780 0 39997 9125 9125 6599 6599
40762 0 1763 20357 20357 40775 40770
6572 1 6944 2 2 4 2
6944 0 1701 345 345 3347 3340
4031 1 9327 9 2 4 2
37067 1 10473 2 2 3 2
23647 0 1338 7 6 34 7
23277 0 13709 35 35 2468 2448
3947 0 12235 34 34 277 268
12250 1 12717 2 2 2 2
271 6 40026 1300 1273 608 608
14931 1 36099 43 41 170 169
36099 1 14931 171 170 44 42
36099 1 27949 2 2 3 2
14576 5 2971 1 1 73 10
13484 5 2971 2 2 67 5
7443 1 25067 5 2 4 3
16880 0 18633 644 644 7255 7248
16881 1 16880 2 2 4 2
17282 0 228 44 44 4442 4368
33871 0 228 19 19 10786 10710
40763 0 987 4921 4921 40761 40756
20046 0 4696 8 8 51 44
8415 2 7033 6 4 6 1
15870 1 18392 3 2 5 4
25017 9 18392 2 2 4 3
3787 1 8742 4 3 6 3
23980 0 3787 75 75 591 574
8742 1 19068 7 3 8 3
11482 1 10803 2 2 2 2
2901 0 30222 22622 22622 23343 23343
10757 0 3459 29 29 2424 2417
26302 0 3459 228 228 5436 5428
10581 4 27666 7626 7626 4120 4120
11449 2 6220 13 12 62 55
258 6 35861 1718 1714 450 450
25183 3 11235 199 199 638 637
15107 1 15106 2 2 2 2
20809 4 32820 546 527 73 73
20809 4 32206 266 248 6 6
4981 1 17073 4 3 3 2
16542 0 4523 46 45 122 120
40894 0 16542 2234 2234 40502 40500
10161 1 10160 3 2 5 2
10160 0 15134 760 760 6323 6316
26185 1 15249 2 2 2 2
1771 1 1770 7 2 3 2
1771 1 9610 8 2 5 2
1771 1 36226 3 2 2 2
24128 0 8842 1023 1023 11736 11733
26157 1 31405 2 2 2 2
31405 1 31404 3 2 2 2
6096 1 29574 3 2 2 2
31306 6 34770 224 224 2997 2997
65 9 439 2 2 3 3
9078 1 23938 3 2 2 2
10215 0 5164 80 79 1478 1469
1559 8 14508 32 14 3 2
1559 8 25902 21193 21174 5 5
23501 0 1668 335 335 18796 18724
20112 1 27611 3 3 2 2
29717 0 30926 16184 16184 36469 36468
40020 0 17095 7951 7951 35059 35058
23138 0 1929 5 5 279 50
38723 0 1929 2 2 264 38
27757 0 1929 7 7 227 6
35086 0 1929 5 5 271 43
20750 0 1929 8 8 259 35
38906 0 1929 10 10 255 32
18333 0 1929 4 4 265 38
15970 1 3369 3 2 4 2
8306 2 25327 2 1 13 6
25327 5 3250 378 378 5822 5810
32633 1 5596 4 4 4 3
30166 0 5644 6 6 124 107
3771 0 5644 24 24 274 256
36968 0 18425 1207 1207 7088 7085
4765 1 4764 3 2 6 2
17970 0 4765 38 38 1201 1196
13604 2 251 1 1 13 4
37309 0 30216 250 250 1191 1191
38488 0 19873 16429 16429 27479 27478
21703 2 1136 3 2 115 48
37709 2 1136 3 2 192 122
29422 2 1136 3 2 137 69
34900 2 1136 3 2 186 117
4319 2 1136 6 6 1552 1480
35289 1 33808 2 2 3 2
7560 1 5488 3 2 6 2
40937 0 5488 3262 3262 40379 40376
13163 0 5488 17 17 53 51
3087 1 18847 3 2 2 2
27819 0 3087 4925 4925 26521 26506
29206 1 25712 3 2 2 2
4485 0 608 35 35 1354 989
4485 1 4213 5 3 3 2
2562 0 608 7217 7217 27382 26999
20006 0 608 560 560 21908 21528
40838 0 608 26642 26642 40775 40378
40777 0 608 20922 20922 40785 40387
39245 0 608 10582 10582 34189 33803
40814 0 608 21566 21566 40689 40295
14223 0 608 558 558 10231 9859
1328 0 608 328 328 18825 18449
40785 0 608 28030 28030 40801 40402
40830 0 608 9897 9897 40572 40182
28595 0 608 13089 13089 35370 34983
7793 0 608 2611 2611 20581 20204
40884 0 608 22458 22458 40733 40337
30256 0 608 7 7 2343 1976
33590 0 608 35 35 1393 1027
40793 0 608 21402 21402 40701 40306
37242 0 608 10929 10929 36978 36590
9757 0 608 877 877 9026 8656
21406 0 608 397 397 17700 17325
40764 0 29777 13649 13649 40666 40664
13128 0 959 10 10 2027 1996
35052 0 959 4733 4733 27120 27088
14092 1 7130 4 3 3 2
40765 0 18 21249 21249 40931 40931
37609 0 25129 1096 1096 16268 16263
3268 1 10028 3 2 6 4
40766 0 35564 36070 36070 40917 40916
15729 1 12999 6 3 10 8
12999 1 15729 10 8 6 3
35258 4 25396 53 53 54 54
38187 1 29741 2 2 3 2
38187 0 2275 579 579 7025 6992
40767 0 15247 35644 35644 40921 40918
27131 1 17012 2 2 2 2
15936 0 23068 6 6 4 2
7803 1 13968 23 21 32 30
13968 1 7803 32 30 23 21
40572 0 32910 8847 8847 40535 40532
39830 0 32910 2 2 13 11
14004 0 25065 5 5 17 14
25065 0 4789 10 10 153 151
32733 0 248 43 43 147 137
10121 0 248 4 4 45 36
30194 0 7722 3 3 21 9
23606 0 4877 17 17 374 363
32247 0 4877 4 4 135 125
30622 0 2318 6 6 170 50
26982 0 2318 84 84 1283 1155
9320 0 2318 158 158 2391 2262
26224 0 2318 1993 1993 9841 9710
18713 0 2318 53 53 818 691
38875 0 2318 9 9 622 496
3443 1 12083 4 3 3 2
13887 0 3443 38 38 346 335
18271 0 3443 6 6 161 151
4423 0 24850 3 3 10 9
1038 4 13190 268 101 9 9
1038 4 40447 273 105 12 12
1038 4 33781 1071 897 129 129
1038 4 31677 348 176 20 20
1038 4 7455 173 12 4 4
23751 4 8080 43 39 4 4
8080 4 23312 40 37 13 13
25625 5 2176 399 399 15007 14902
24036 5 2176 5 5 2355 2252
18415 5 2176 86 86 7988 7884
29637 0 28168 23 22 90 85
17924 0 7315 5359 5359 24552 24547
13300 0 11301 67 67 531 521
13300 6 14769 623 620 3938 3937
25115 0 11301 4302 4302 13079 13067
20438 0 11301 357 357 1527 1516
37862 0 11301 9 9 105 96
34851 4 31118 15 14 6 6
40242 0 24346 2176 2176 15432 15429
26644 1 4985 3 3 2 2
26644 1 16054 4 3 3 2
8110 0 12168 7 7 60 25
36165 0 12168 2422 2422 20958 20921
22455 6 27199 609 609 1720 1720
7288 1 36878 2 2 2 2
19322 5 7288 230 230 5496 5481
40768 0 1784 22077 22077 40767 40720
15769 0 1784 5 5 83 38
40438 0 1784 148 148 24385 24339
40839 0 1784 35796 35796 40911 40863
27441 0 25270 32171 32171 30843 30842
25270 0 6354 15306 15306 28490 28487
12380 1 20717 5 2 3 2
3729 0 20717 16 16 170 159
176 1 25906 7 6 42 39
25906 1 176 42 39 7 6
40769 0 10981 2583 2583 40615 40614
24894 0 7247 16 16 28 19
27000 0 7247 29 29 1369 1359
17047 0 13439 11828 11828 23181 23181
40770 0 3005 7448 7448 40589 40575
12076 1 3005 3 2 7 3
12740 4 40747 40792 40792 39384 39384
16545 1 14634 2 2 5 2
4313 1 3457 6 3 3 2
1482 0 13752 16 16 14 14
1482 1 35255 6 2 3 2
11251 1 13752 2 2 3 2
28721 1 22741 2 2 2 2
28721 0 15897 4 4 34 31
3761 0 8987 3408 3408 10261 10261
8987 3 23784 13158 13158 9118 9118
7280 1 26118 3 2 2 2
28912 1 26118 3 2 3 2
38386 0 1904 2 2 4 2
6607 1 11157 5 2 3 2
637 6 31616 1613 1568 105 105
637 6 39715 1496 1452 382 382
637 6 14054 105 66 28 28
637 6 39536 1439 1396 96 96
637 6 23571 1250 1208 165 165
637 6 40404 673 632 456 456
637 6 29851 286 246 35 35
5767 4 21704 20 2 2 2
3432 4 7926 13 11 4 4
3509 0 3407 4 4 10 7
13238 0 3407 4 4 42 38
26647 1 3407 4 3 6 2
24287 1 17938 3 2 3 2
36533 9 24287 2 2 3 3
17939 1 17938 2 2 6 4
9673 1 8487 8 5 8 5
7998 1 9673 5 2 4 2
8487 1 7998 4 2 4 2
3814 1 3548 4 2 2 2
23744 0 296 14 14 247 99
21505 0 296 354 354 4250 4098
7397 0 296 2 2 142 3
10506 0 296 3 3 160 16
38028 0 296 2 2 153 10
12013 0 296 7 7 184 39
15119 0 296 3 3 146 6
36945 0 296 8 8 465 315
36798 0 51 228 228 1769 1574
38369 0 51 396 396 3382 3186
40705 0 51 16056 16056 40756 40554
20387 0 51 2755 2755 7488 7290
40810 0 51 20730 20730 40745 40544
27837 0 51 11 11 596 404
5886 0 51 63 63 1401 1208
20051 1 20050 3 2 4 2
20861 1 5558 3 2 2 2
26868 0 6233 13 13 49 40
26868 1 5872 4 2 5 2
37434 0 917 4 4 19 17
25228 0 917 157 156 27 24
20402 0 16155 762 762 12377 12376
30004 0 2482 18 18 9755 9745
18986 0 2482 13 13 1241 1232
39024 0 29467 25611 25610 17018 17016
38724 0 29467 3581 3581 12254 12253
36561 5 129 2 2 311 266
1583 0 129 229 229 20091 20082
406 1 1287 5 3 16 6
23997 1 406 3 2 3 3
18173 1 1287 4 2 13 4
40882 0 1287 3069 3069 40631 40591
332 0 1287 19 19 377 339
18612 4 33576 90 69 13 13
18612 4 19325 73 53 5 5
12266 4 18612 11 4 2 2
5940 0 532 12 12 85 9
1521 0 532 2 2 75 2
40279 0 532 2 2 96 18
30426 0 532 2 2 90 13
15231 0 532 3 3 80 5
40771 0 10613 6558 6558 40540 40529
29184 1 22723 5 3 3 2
29184 1 30903 3 3 2 2
6386 0 26454 173 173 4099 4095
3277 1 37105 3 3 3 2
31630 0 33081 22521 22521 40568 40567
33081 0 3606 7694 7694 5704 5691
1354 1 1353 2 2 3 2
4940 6 40772 40779 40777 15553 15553
4385 0 4940 23 23 3212 3201
29446 0 4940 28 28 514 504
24366 1 7539 2 2 2 2
9683 6 40773 40578 40577 3984 3984
40773 0 2732 19480 19480 40795 40792
33864 0 13576 5 5 25 20
28351 1 685 2 2 3 3
35900 3 685 2 2 5 2
8053 1 32295 2 2 3 2
35212 0 8053 9 9 33 31
8643 0 1819 9 8 42 36
7117 1 8643 3 3 2 2
24594 5 1819 3 3 1342 1302
3210 5 1819 1 1 39 2
27467 0 31416 4845 4845 37098 37096
464 1 3675 3 3 9 3
3675 1 12232 5 2 3 2
3675 1 19310 7 2 3 2
4006 1 7203 6 3 3 2
1307 1 11050 3 2 10 2
10097 6 15251 304 304 345 345
21168 1 10097 2 2 4 2
23083 0 26718 20040 20040 25457 25457
21673 0 26120 8844 8844 18760 18759
26120 0 6426 7 7 63 55
24650 0 27939 4836 4836 8930 8926
38457 1 9568 2 2 2 2
27178 0 2497 12 12 1341 1248
31174 0 2497 6 6 1475 1380
19058 0 2497 191 191 2401 2303
23035 0 2497 243 243 6013 5913
5147 0 2497 243 243 3367 3268
5305 1 1 6 3 3 2
29442 1 5305 3 2 3 3
12784 4 1630 12 7 2 2
12784 4 5463 23 17 2 2
25315 1 20655 5 2 4 3
8198 0 20655 616 616 3865 3861
20655 1 5129 2 2 7 3
931 0 2275 57 57 6060 6028
11433 0 2275 389 389 20495 20461
14758 0 9787 16 16 1265 1246
36898 0 1686 84 84 3438 3430
40774 0 16369 2082 2082 40664 40659
17226 1 10110 2 2 2 2
27870 2 2023 3 3 293 242
18478 2 2023 16 16 1433 1380
11490 2 2023 22 22 1623 1569
20278 2 2023 13 13 1382 1330
16554 1 29212 3 2 2 2
29212 0 34093 329 329 258 258
36825 0 20796 5 5 11 6
5335 5 9988 165 165 13168 13165
29725 5 9988 7 7 253 251
1864 4 39744 116 39 4 4
1864 4 12986 215 134 7 7
1864 4 9221 164 85 9 9
1864 0 1703 2 2 33 2
12378 1 3604 3 2 7 3
9895 1 13428 6 2 2 2
15667 1 15666 2 2 3 2
2507 3 4435 276 275 515 515
6789 9 2507 3 3 3 3
16918 1 2507 5 3 2 2
20071 4 20803 10 5 3 3
20849 1 14778 5 3 3 3
13053 1 24622 2 2 6 2
40284 1 24622 2 2 3 2
19366 0 20234 613 613 595 593
26315 0 19366 3 3 15 8
35882 2 2524 628 627 1563 1519
33234 2 2524 7 6 95 53
40939 2 2524 29 29 40273 40228
8199 0 15331 45 45 141 139
19502 1 12706 2 2 3 3
11732 1 7659 3 2 6 2
29649 0 11732 30648 30648 40512 40504
7659 1 7279 5 2 5 3
12815 4 27688 96 73 5 5
12815 4 20570 57 35 6 6
26871 0 2084 8 8 5 5
4955 6 15531 3 2 5 2
8178 1 11153 2 2 2 2
2181 6 20785 1008 991 395 395
2181 6 11583 1169 1151 301 301
23792 0 30977 34 34 462 457
4102 4 38587 66 55 20 20
40775 0 35896 27419 27419 40869 40868
6696 1 21296 4 2 4 2
21295 1 6696 2 2 3 2
8023 1 21296 4 3 3 2
3303 0 10707 103 103 1067 1041
17408 0 4099 265 265 1528 1527
23226 0 34449 7537 7537 34393 34392
4136 1 4135 2 2 2 2
39465 0 16668 10431 10431 30977 30973
16257 0 23562 2543 2543 2668 2663
4227 6 32367 13397 13394 456 456
40607 0 4227 2612 2612 40526 40523
16679 1 16678 2 2 2 2
1122 9 23212 2 2 3 3
23212 0 2918 10 10 492 416
7532 1 7531 7 3 4 3
29273 1 14570 2 2 7 4
5949 0 3779 4 4 237 185
8913 0 3779 37 37 4397 4342
23795 2 2580 1 1 55 17
9939 2 2580 1 1 77 36
20115 2 2580 1 1 68 28
36622 2 2580 1 1 49 12
15250 5 2644 1 1 24 8
4951 1 5069 2 2 5 2
7948 1 8993 4 2 2 2
3755 1 18943 4 2 3 2
18943 1 30961 2 2 3 2
17857 1 11523 4 3 4 2
6924 4 37669 231 217 70 70
6924 4 25551 480 465 110 110
30696 4 40310 334 334 100 100
5259 0 9217 12 12 195 187
28032 0 5259 84 84 2224 2216
20159 4 23395 61 60 48 48
17347 4 20159 89 85 3 3
3882 4 10151 43 43 38 38
8811 0 2340 7 7 93 91
32387 0 8811 1085 1085 13238 13235
35192 0 2340 16 16 266 263
19066 6 13595 15654 15648 3921 3921
2887 0 2938 5 5 18 15
2887 1 7436 4 2 2 2
15497 1 2938 2 2 3 2
25015 4 28828 898 898 1800 1800
21810 4 25015 160 151 23 23
3850 0 160 35 35 1609 1571
15553 0 160 50 50 1999 1959
17933 0 160 101 101 1674 1635
30234 0 2731 2 2 57 30
46 0 14274 160 160 439 433
14834 1 16497 4 2 5 2
14834 1 8390 2 2 7 3
14834 1 5110 6 3 12 4
40922 0 14834 32999 32999 40931 40926
11673 1 5110 2 2 10 4
29358 0 2687 2 2 36 3
8288 0 2687 2 2 43 7
33791 0 2687 2 2 42 7
33543 0 40596 40857 40856 18986 18986
172 4 7119 5439 5438 2145 2145
35331 5 172 2 2 492 145
28580 5 172 2 2 401 58
18603 5 172 31 31 12110 11752
36972 5 172 1 1 372 32
78 5 172 2 2 394 52
33614 5 172 3 3 429 85
35822 5 172 2 2 587 238
39121 5 172 2 2 791 436
22074 5 172 279 279 16935 16576
20314 5 172 4 4 1034 678
1118 5 172 2 2 666 315
21326 1 23555 6 2 3 2
2173 6 38083 20 9 3 2
2173 6 18659 184 172 45 45
33947 4 39713 1248 1248 995 995
18377 3 4166 3 2 4 2
34858 0 18783 2031 2031 27428 27427
3968 1 5813 3 2 6 3
11261 1 5813 2 2 7 3
5813 1 31835 12 5 6 5
36714 0 38851 17 16 19 19
30857 0 30511 4161 4161 26514 26513
1365 1 15439 3 2 5 3
39987 0 81 8 8 92 45
36104 0 81 3 3 63 17
5785 0 26217 55 55 63 59
19380 0 26217 4 4 7 4
6787 1 26217 5 2 3 2
16634 0 9747 12 12 162 146
36078 1 7833 2 2 2 2
32975 0 9558 14 14 44 44
32975 1 32002 2 2 2 2
22353 1 15922 2 2 2 2
1604 1 6991 4 2 3 2
2547 1 14925 3 3 4 2
14212 0 14737 6 6 18 7
4130 0 3621 4 4 20 13
24323 0 3621 4671 4671 9979 9971
3621 0 9758 41 41 271 253
10319 4 33522 172 156 27 27
27683 1 39142 2 2 2 2
16503 1 110 2 2 3 2
40776 0 5310 23144 23144 40781 40771
25496 0 5310 10 9 120 111
1913 6 25274 289 284 144 143
33711 5 19257 2 1 8 1
32197 1 22383 2 2 3 3
23062 1 12031 2 2 3 2
26578 0 239 606 606 12521 12264
19936 0 239 1681 1681 19642 19383
40929 0 239 15015 15015 40582 40316
24226 0 239 69 69 2348 2099
20767 0 239 567 567 8763 8508
19429 0 239 388 388 10735 10479
32842 0 239 12721 12721 30440 30177
34670 0 239 21551 21551 37497 37232
23758 0 239 9 9 19537 19279
13023 0 239 27 27 1434 1187
16182 0 239 240 240 4517 4265
17401 0 239 236 236 27339 27078
34239 0 239 31 31 3995 3744
2069 1 15760 14 4 4 3
22182 1 3014 3 3 4 3
31096 1 15639 4 2 5 3
15639 1 29383 6 3 3 2
15639 1 207 8 3 4 2
13398 0 71 15 15 189 126
2736 4 13398 161 112 2 2
13398 4 7720 9 2 4 4
20939 0 2215 5 5 41 36
7946 1 1765 2 2 2 2
1947 0 1249 9 9 836 791
22728 1 16506 3 3 3 2
34810 9 22728 2 2 2 2
3254 0 2886 142 142 1206 1198
18890 4 37812 95 93 18 18
18890 4 28071 206 203 32 32
24803 4 28831 19 18 2 2
12939 1 23279 5 3 2 2
13702 1 12070 6 2 3 2
27600 0 7589 5 5 440 431
24117 1 1225 2 2 2 2
1110 0 20337 9 9 31 26
40926 0 20337 35031 35031 40909 40902
354 4 36395 85 82 8 8
24159 0 12803 2810 2810 7930 7930
26948 2 3620 1 1 827 802
37272 0 7800 509 509 5823 5812
23037 4 3762 75 73 9 9
33783 2 1326 23 23 1433 1296
22501 2 1326 1 1 598 463
31495 2 1326 3 3 805 669
19086 2 1326 2 2 192 58
38740 2 1326 1 1 148 15
38719 2 1326 167 167 27948 27810
36238 0 1326 23 23 744 730
18160 0 1200 7 7 18 18
23552 1 10327 3 2 4 2
40037 0 19153 10279 10279 39653 39651
33552 0 40037 4996 4995 5782 5782
7751 0 3712 188 188 6359 6351
7196 0 3712 43 43 1599 1592
28826 1 3712 5 4 5 2
26351 6 25426 1235 1235 1578 1578
17946 0 26351 54 54 837 833
10124 0 25426 34 34 123 119
6974 6 17672 224 223 9 9
19506 1 15393 2 2 2 2
32325 0 17590 433 433 12409 12401
40778 2 26169 6280 6280 40359 40359
36197 4 29170 287 287 61 61
1264 1 22448 6 3 3 2
40779 2 1646 4900 4900 40778 40736
40782 2 1646 6572 6572 40909 40866
40780 0 379 484 484 40251 40234
40828 0 379 2780 2780 40812 40794
14490 1 12757 2 2 4 2
34243 0 1244 4 4 279 2
12545 0 1244 14 14 299 17
28964 0 1244 19 19 741 450
4871 0 1244 2 2 271 2
17807 0 1244 8 8 443 155
14487 0 1244 14 14 285 5
40781 0 4921 17270 17270 40778 40775
9372 1 1508 3 2 4 3
2261 4 19476 27 12 2 2
2261 4 18565 55 39 3 3
5771 4 39949 11 3 1 1
13951 1 3521 6 2 6 2
18299 1 274 3 2 5 2
15954 1 34113 4 2 2 2
17141 0 21055 4 4 9 6
13878 1 26428 5 2 4 3
35918 0 391 6 6 109 106
39002 1 39001 2 2 2 2
4532 1 26446 2 2 2 2
11891 5 16320 192 192 30254 30241
13955 1 11289 2 2 7 4
1592 1 17240 6 2 2 2
15523 0 2604 15 15 107 72
36776 0 2604 1879 1879 32871 32829
40872 0 2604 33852 33852 40921 40878
6989 0 2604 756 756 4144 4107
38136 0 2604 26 26 206 170
31426 1 2604 4 3 8 4
12623 1 6107 2 2 5 2
22297 1 8322 4 2 3 2
21592 1 22297 3 2 2 2
4547 1 21674 10 2 5 2
32040 1 4547 3 3 4 2
7982 1 20572 4 4 4 2
7983 3 7982 2 2 2 2
31376 2 743 1 1 135 32
32748 2 743 7 7 1596 1487
36118 2 743 4 4 868 762
743 6 9450 5 4 6 6
39780 0 2807 15 15 2595 2591
4722 0 2807 12 12 265 262
35415 0 2807 8390 8390 36897 36891
15011 0 1542 122 122 1546 1526
10421 1 10420 5 2 3 2
26009 0 265 10 10 366 107
9536 0 265 7 7 324 66
15205 0 265 15 15 273 23
36270 0 265 6 6 368 108
39375 0 265 10 10 381 120
12974 0 265 4 4 290 37
25076 0 265 2 2 295 40
19351 0 265 10 10 286 34
11480 2 1534 11 10 64 57
40783 0 4407 21873 21873 40861 40861
4407 1 39995 2 2 2 2
8464 1 8424 6 2 4 2
23763 1 3300 2 2 8 3
24479 1 23586 3 2 3 2
28656 0 21 4 4 95 28
38617 0 21 2 2 68 2
39259 0 21 37 37 2292 2223
6493 0 3567 119 119 145 143
21912 0 22347 16 16 43 42
24178 1 9908 2 2 2 2
22121 0 351 2 2 119 2
25316 1 746 3 2 3 2
3063 1 4791 10 5 5 2
11495 0 4791 35 35 1645 1631
36889 0 883 5 5 220 7
22017 0 883 4 4 215 3
39078 0 883 5 5 266 51
7495 0 883 9 9 422 202
7498 0 883 12 12 263 49
36527 0 883 13 13 441 220
31583 0 883 11 11 571 348
40784 0 14144 12183 12183 40805 40787
3408 6 8243 74 4 3 2
3408 6 8940 1424 1348 14 14
3408 8 38801 31302 31236 35 35
3408 8 28506 74 9 3 2
10233 4 38705 59 45 3 3
36048 6 18704 668 668 824 824
1046 7 36048 276 160 1 1
1962 1 1961 6 2 7 4
11585 3 21329 5 2 6 5
32391 1 11972 2 2 2 2
31739 4 18679 188 186 41 41
26785 1 7703 2 2 6 2
20520 1 6788 4 2 3 2
11565 1 37185 2 2 3 3
11565 1 12441 6 2 2 2
29689 1 11565 2 2 10 2
19922 0 8858 457 457 2059 2048
15795 6 39521 211 211 3484 3484
840 8 19493 16 4 4 2
840 8 36647 27 14 4 4
840 6 30428 14914 14901 874 874
26662 0 7523 1179 1179 10957 10954
26756 0 9311 34 34 384 373
12636 1 24788 6 2 2 2
20784 1 387 2212 2211 2763 2763
387 1 20784 2935 2935 2138 2137
12153 3 19756 2 2 2 2
13239 0 284 4 4 271 48
34758 0 284 13 13 398 173
35142 0 284 7 7 235 16
33324 0 284 2 2 223 8
24884 0 284 24 24 250 29
39131 0 284 6 6 228 11
26984 1 38840 3 2 2 2
9435 1 13227 6 3 7 3
5449 0 9435 16 16 52 51
31592 1 13227 2 2 12 4
23798 1 23297 81 78 375 374
21935 1 23297 3 2 2 2
4425 0 9880 11 11 27 18
17011 3 17169 4 2 6 2
7442 1 23836 4 2 4 2
7442 0 12505 106 106 1251 1243
23836 1 3274 2 2 4 2
17432 1 30826 2 2 2 2
11988 4 31236 454 453 85 85
31236 4 34496 40 39 12 12
1444 0 9048 7 7 177 162
5768 0 1444 20445 20445 25087 25051
39440 0 1444 1569 1569 11242 11207
20898 0 9048 5 5 1790 1774
2408 0 9048 63 63 3254 3235
33742 0 9048 2267 2267 18717 18697
38351 0 9048 1186 1186 19175 19154
6375 1 8324 2 2 2 2
37317 0 6230 10151 10151 28334 28333
10713 4 2207 124 119 16 16
40786 0 1672 17829 17829 40678 40643
40892 0 1672 29856 29856 40856 40820
28472 5 10737 165 165 13745 13742
10737 6 27038 47 43 2 2
21537 0 1027 3 3 160 10
35194 0 1027 4 4 225 72
39579 4 25695 670 670 101 101
12699 0 2137 2 2 13 2
27906 0 19986 2248 2248 5755 5752
19986 1 16852 3 2 4 2
30297 1 3771 3 2 5 3
39950 0 2362 4 4 10 8
16469 0 178 22 21 3324 3312
34721 0 178 33 32 4369 4356
9225 0 178 14 14 184 173
31063 0 2110 5 5 210 25
38241 0 2110 41 41 927 733
31237 0 2110 21 21 507 317
5590 0 2110 37 37 518 327
7272 1 33016 2 2 2 2
17837 0 7272 10 10 94 93
36109 1 33016 2 2 4 2
33016 1 33015 3 2 2 2
39272 0 12035 9 9 92 83
11022 6 27914 25 18 8 8
40787 0 5243 2373 2373 39978 39973
3741 1 18271 2 2 2 2
40788 2 593 132 132 40653 40627
27944 2 593 252 251 1280 1255
9102 2 593 107 105 86 62
40548 0 16045 331 330 216 215
758 1 10360 5 3 7 2
10360 1 10359 4 2 2 2
3223 0 3161 2 2 385 349
5881 1 18355 5 4 2 2
38969 0 16196 4 4 19 19
29347 0 1461 11582 11582 27308 27295
1650 1 16394 21672 21664 3126 3126
1650 1 16302 7 2 3 3
40174 1 1650 199 199 3055 3048
9952 1 37466 11 4 3 3
2245 0 2918 85 85 945 868
2245 1 2244 6 4 2 2
14233 0 2918 221 221 6795 6717
1079 0 2918 767 767 12103 12024
32727 1 24872 4 3 3 2
39701 0 5987 6594 6594 9257 9257
15176 1 18854 9 3 4 2
18854 0 7016 53 53 152 150
24327 0 3027 3298 3298 28202 28149
14366 0 24327 18258 18258 33315 33315
23190 1 13002 3 2 7 3
5729 1 20226 2 2 2 2
20226 0 13887 2682 2682 21292 21287
8274 1 8999 2 2 6 2
18181 1 8274 5 3 4 2
9428 1 8999 3 2 7 2
8511 1 31347 3 2 2 2
21811 0 278 2 2 186 11
33666 0 278 11 11 201 21
21874 0 278 3 3 181 7
29143 0 278 2 2 172 2
18106 0 278 3 3 176 3
39291 0 278 3 3 198 20
37756 0 278 6 6 196 19
511 0 15897 11 11 27 25
15736 0 1677 152 152 9257 9199
829 0 1677 11 11 201 147
27621 0 1677 19322 19322 27932 27873
29445 1 1550 3 2 6 3
18936 4 39578 55 54 13 13
34932 2 14540 12 11 18 14
647 1 6311 10 3 2 2
33210 6 17250 2779 2779 16819 16818
9637 5 1981 6 6 132 80
21619 5 1981 3 3 500 447
11643 3 3908 12674 12673 6255 6255
30998 1 7774 3 2 3 2
30998 1 2447 2 2 2 2
16669 2 916 2 1 250 109
8577 2 916 2 1 394 249
18018 2 916 2 1 413 267
35944 2 916 2 1 225 86
9258 2 916 2 1 283 140
34189 2 916 2 1 182 46
21737 0 2589 12 12 1120 1103
40303 0 2589 917 917 35172 35154
3167 1 6502 4 2 5 4
17014 2 3167 2 1 32 11
7204 1 3167 4 2 6 2
32383 0 427 5 5 76 7
13521 0 427 5 5 110 40
11437 0 427 30 30 200 128
16023 0 4958 5 5 9 7
5777 4 4318 18 5 3 2
5144 4 4318 86 83 15 13
4318 6 27523 1263 1259 778 778
19086 6 12484 4 1 4 1
12201 4 22304 91 86 30 30
10786 1 14577 4 2 3 2
20175 0 7143 5 5 22 16
1205 1 23424 4 2 2 2
35226 0 37189 22 20 19 17
19169 1 25362 3 2 2 2
14940 1 12227 3 2 2 2
12227 1 13800 4 2 2 2
2813 0 3170 10 10 39 39
3170 1 3169 5 2 2 2
35238 1 8601 2 2 3 2
36661 1 39486 2 2 2 2
17745 5 774 3 3 569 431
17745 2 1137 1 1 338 231
37417 5 774 1 1 141 5
29963 5 774 1 1 153 16
40735 5 774 3010 3010 40770 40630
23613 4 28865 17 13 3 3
24660 4 23613 113 110 6 6
6782 5 5167 206 206 31354 31335
34227 5 5167 3922 3922 35235 35215
5167 6 27267 1383 1382 46 46
40789 0 25921 10377 10377 40680 40680
18492 6 36549 4 3 3 3
864 1 14562 7 3 3 3
32699 0 14562 87 87 3153 3143
4521 1 25708 5 3 3 2
10559 1 10558 2 2 2 2
3083 0 26431 3011 3011 39248 39243
5974 0 9758 1697 1697 15175 15153
4522 0 9758 4 4 186 169
12683 0 9758 32 32 2160 2139
19 0 29519 26 26 34 32
38094 4 40790 40568 40568 23469 23469
36200 0 5055 9206 9205 9360 9360
204 1 3048 6 2 2 2
32488 1 204 4 3 7 2
40791 0 11084 668 668 40663 40645
33754 1 5275 2 2 3 2
32 4 32392 97 82 19 19
32 4 24489 360 343 150 150
12319 4 14836 32 27 3 3
27811 2 10916 13 12 30 25
30475 0 10916 13638 13638 16766 16766
15792 0 3763 3 3 66 61
8019 1 30805 3 2 3 2
2949 1 8019 5 2 6 2
30805 1 16646 8 6 7 3
35060 0 5892 3 3 22 14
11125 4 10606 3 3 3 3
25276 1 3926 3 2 5 2
13830 1 6490 21 15 21 21
13830 1 7308 8 3 3 2
6490 1 13830 21 21 21 15
1366 0 29 16 15 117 110
29 1 11186 3 2 3 2
6226 1 29 2 2 2 2
19987 4 11397 26 24 38 38
4506 1 9454 4 2 4 2
6037 0 39187 163 163 93 91
39187 0 11100 37 37 8719 8702
2381 2 12273 1 1 55 8
7324 2 12273 1 1 62 13
6513 0 650 17 17 244 203
37308 0 650 79 79 552 510
40792 0 9525 2252 2252 40671 40667
30839 1 10851 2 2 2 2
21181 5 232 28 27 419 410
11205 5 232 231 231 25203 25193
24984 0 232 362 362 11241 11235
38752 0 728 9 9 10875 10868
8716 6 31315 4 4 3 3
24013 1 23715 3 2 7 4
36734 5 985 3 3 226 160
7458 5 985 2 2 134 69
12641 0 39 5 5 231 32
7396 0 39 7 7 243 42
21862 0 39 13 13 286 81
21561 0 39 5 5 224 27
13466 0 39 9 9 418 211
17532 0 39 8 8 346 140
18621 0 39 11 11 658 449
1398 0 19101 23274 23274 40588 40586
13758 1 29291 2 2 5 2
4555 0 1115 5718 5718 17318 17309
39750 6 18050 521 521 8701 8700
11789 1 24319 17 17 14 13
24319 1 11789 14 13 18 18
7072 1 9237 7 3 3 2
13503 1 7072 3 2 9 3
25660 5 4520 4 4 50 46
38151 0 7155 804 804 1362 1356
4453 6 7580 31863 31857 8227 8227
7580 0 34614 3059 3059 12083 12082
26183 0 11186 3287 3287 28765 28762
35764 0 14617 6 6 122 121
4608 0 3699 4 4 40 21
40827 0 3699 16057 16057 40662 40641
8852 0 7403 1017 1017 10043 10038
8176 1 8852 3 2 3 2
193 6 27058 156 102 2 2
193 6 11869 60 8 2 2
193 6 18878 69 16 7 7
19842 4 22836 175 170 12 12
21930 1 21045 2 2 4 2
21930 0 12252 41 41 446 440
5745 1 14074 3 2 3 2
26613 1 9037 3 2 4 2
9037 0 3099 98 98 605 604
7396 4 28775 155 140 2 2
24578 3 23111 6 3 4 4
21061 1 25626 2 2 2 2
24011 0 12474 16442 16442 19432 19430
13829 1 16710 3 3 3 3
4185 1 13829 3 2 7 5
13829 3 25284 5 3 4 2
12211 0 6042 34 34 3817 3806
13978 1 2276 2 2 4 2
39294 4 26572 14748 14748 4249 4249
33294 0 3229 4 4 2823 2814
8108 0 3229 1015 1015 23284 23274
3229 1 22044 6 3 4 2
6633 7 40129 719 709 1 1
6633 7 12050 4324 4312 1 1
16200 0 1852 231 231 4789 4741
16201 1 16200 5 2 4 2
19710 6 10760 3 2 8 3
32734 1 3419 2 2 4 2
4779 1 14955 2 2 3 2
3716 1 1998 2 2 5 2
40577 0 3716 5897 5897 40796 40782
31620 0 3716 517 517 4665 4653
28941 0 3716 26956 26956 39335 39322
17519 0 3716 25 25 80 69
9620 0 3716 14 14 65 55
2915 1 12159 10 3 8 5
522 1 21041 3 2 4 2
522 1 13953 6 3 9 3
522 0 16646 4556 4556 21059 21059
32701 0 522 32 32 209 197
31153 0 36722 34962 34962 32952 32950
36722 0 1474 218 218 20688 20673
7592 1 9560 5 2 2 2
2035 1 8589 4 2 5 3
25494 1 8589 2 2 4 3
4666 1 4665 2 2 2 2
4665 0 6717 2 2 28 26
6144 1 19664 2 2 4 2
28456 2 1773 3 3 144 105
28456 6 22320 727 725 235 235
5443 2 1773 2 2 57 19
18213 1 18982 2 2 3 2
18716 0 37537 289 289 4040 4038
6882 9 10563 3 3 2 2
40794 0 32275 26795 26795 40787 40786
19296 1 6611 4 3 3 2
16065 0 36140 13 13 21 18
40829 0 16065 6566 6566 39458 39457
32071 1 23898 3 2 3 2
37285 0 184 5 5 313 16
39009 0 184 12 12 1135 833
3395 0 184 6 6 299 5
32164 0 184 2 2 298 5
34310 0 184 2 2 291 4
39279 0 184 6 6 311 15
11281 0 184 10 10 317 19
30773 0 184 5 5 294 4
15734 0 184 3 3 297 5
5209 0 184 5 5 820 519
16507 0 184 7 7 325 25
40030 0 184 5 5 290 4
1190 6 31657 24 12 2 2
1190 6 39319 70 57 11 11
17492 1 20700 3 2 2 2
16074 0 18268 7 7 8 3
21289 0 18268 7 7 9 3
14746 1 23603 80 79 248 246
7078 6 36019 23 23 5 5
7486 0 7078 60 60 90 82
4225 1 13633 6 2 4 2
4225 1 11780 7 2 5 3
754 1 2375 6 3 3 2
1823 7 36030 18 17 37 36
6054 0 4123 20 20 1812 1777
6054 3 1296 396 394 3668 3667
3215 0 7911 12 12 147 144
6678 1 7911 3 2 2 2
16802 1 8850 7 3 5 3
1076 1 1075 10 2 2 2
1076 1 27277 5 2 4 4
18470 1 18469 2 2 2 2
7673 1 10866 3 2 4 4
7673 1 8629 4 2 3 2
8644 1 14101 3 2 2 2
493 0 1629 2 2 130 119
2736 4 26470 63 16 2 2
2736 4 34726 53 8 2 2
2736 4 35146 96 48 4 4
2736 4 33515 55 9 2 2
35179 0 19119 65 65 180 179
13379 4 19119 100 97 11 11
28508 2 3843 5 3 30 2
40099 2 3843 58 57 1047 1018
9537 1 3843 2 2 5 2
25746 0 11870 31190 31190 38365 38364
26637 6 24424 124 124 10 10
15305 5 2978 2 2 151 83
10135 5 2978 4 4 943 874
14631 0 3275 57 57 73 67
1043 1 14631 5 2 8 2
39736 1 21554 2 2 2 2
39736 0 4427 6 6 317 295
8260 0 7895 13 13 83 79
16624 0 8260 2772 2772 21248 21246
36792 1 37816 2 2 2 2
40796 2 3317 803 803 40840 40807
11856 1 2643 2 2 4 3
8104 1 4274 4 2 2 2
8104 1 12438 2 2 2 2
9749 1 13574 4 2 3 2
40797 0 19420 29516 29516 40913 40911
24056 0 9777 8470 8470 26354 26353
12866 6 7036 40 40 156 156
19409 4 36350 667 667 6 6
28857 0 706 126 126 3201 3188
19163 0 18538 8 8 61 58
16614 1 25570 3 2 2 2
16614 1 8351 2 2 2 2
24052 1 24051 2 2 2 2
29706 4 499 2 2 3 3
34810 0 17502 25255 25255 15541 15541
40798 0 38876 14605 14605 40778 40778
26283 6 40443 8034 8034 7423 7423
32794 0 18895 11 11 40 32
3034 2 1137 1 1 106 2
19442 2 1137 1 1 102 1
26122 4 31544 26 20 4 4
17880 1 20417 3 2 3 2
3499 1 20417 3 2 2 2
20434 0 21190 199 199 573 572
13327 6 22210 2 2 2 2
40799 0 5636 18511 18511 40388 40388
14768 6 24252 7 6 5 3
9578 0 473 28 28 1101 1098
20196 1 21248 3 2 2 2
21248 9 11908 4 3 2 2
6765 1 27335 4 2 3 2
37410 0 27335 10335 10335 28273 28272
12725 1 21889 3 3 2 2
19754 0 4059 5 5 13 10
9461 4 12081 2 1 2 1
8574 0 5381 27 27 338 327
8574 1 8573 6 3 2 2
29585 1 8574 2 2 2 2
13699 0 5381 1262 1262 18303 18291
36608 0 123 3883 3883 10486 10478
24094 0 123 7340 7340 33906 33897
516 0 292 2 2 240 3
31393 0 292 5 5 322 75
14242 0 292 5 5 1033 782
33413 0 292 24 24 1696 1444
15177 0 292 2 2 246 7
39499 0 292 11 11 528 280
13524 0 292 2 2 253 13
31996 0 292 7 7 263 22
26845 0 292 2 2 239 3
14814 0 292 2 2 237 3
13283 1 2720 4 2 4 3
2720 1 5598 5 3 6 2
34387 1 26855 2 2 2 2
26856 1 26855 2 2 3 2
37173 4 10091 1457 1457 4932 4932
19951 0 20010 132 131 1286 1279
40800 0 28344 4809 4809 40487 40486
24652 0 26678 5400 5400 18017 18013
27632 0 31556 5 5 65 63
8336 6 2824 923 923 264 264
14255 1 19144 3 2 4 2
20014 0 14262 4 4 355 350
40801 0 16573 25419 25419 40883 40879
2360 1 4933 3 2 6 2
40802 0 39415 20807 20807 40777 40777
30541 0 22903 414 414 1830 1829
20618 1 9942 4 2 4 2
38150 0 712 5 5 228 223
25109 0 7757 696 696 501 499
40803 0 5646 11481 11481 40700 40696
1003 1 5646 4 2 7 3
35081 1 28378 2 2 2 2
11590 1 29649 2 2 2 2
39026 0 29817 1472 1472 24431 24429
13903 6 32368 93 89 16 16
30745 1 37402 2 2 2 2
10159 1 38458 3 2 2 2
27696 1 6690 2 2 3 2
28744 1 6690 4 4 11 2
20852 1 6690 2 2 4 2
40885 0 6690 32358 32358 40935 40927
16732 0 10532 436 436 6934 6930
6916 0 19429 13949 13949 15704 15704
10276 1 9887 7 3 6 3
4800 1 9900 4 2 4 2
19570 1 4800 2 2 3 2
17182 1 2190 2 2 2 2
4461 0 19310 1975 1975 12071 12063
1046 7 18091 4832 4713 1 1
1046 7 18788 3110 2992 1 1
1046 7 39181 20005 19885 1 1
37226 0 11964 105 105 3727 3725
11632 9 24469 7 6 2 2
40699 0 12729 31247 31247 40906 40891
14428 0 772 40 40 144 135
19055 0 772 9428 9428 38554 38544
40710 0 31312 3633 3633 40677 40675
11686 1 5336 7 2 5 2
30852 1 3198 2 2 4 2
29243 0 26808 2838 2838 4589 4589
21449 0 12858 8 8 20 16
12857 1 21449 8 4 4 3
3233 1 4145 4 2 4 2
19055 1 19054 2 2 2 2
8310 6 12531 10 1 3 1
7557 1 7633 4 2 4 3
17844 0 7120 11339 11339 24624 24621
1269 1 11040 4 3 6 2
11040 1 14848 3 2 3 2
26676 0 8201 8965 8965 33943 33930
28241 1 7436 2 2 4 2
18458 9 31641 2 2 4 3
31641 3 37842 4 3 2 2
25873 0 2795 21991 21991 34254 34253
17430 1 14006 3 2 3 2
13991 0 6823 21 21 804 798
19570 1 23428 4 2 4 2
8288 4 37118 118 116 50 50
40805 0 33924 28514 28514 40771 40770
25230 0 6253 403 403 879 874
15292 3 10198 2 2 4 2
39489 0 11666 19460 19460 34331 34313
39489 1 15557 2 2 2 2
37831 2 11666 17210 17210 14109 14109
15516 1 12820 3 2 4 3
34071 1 12820 5 3 5 3
4175 4 8602 9 3 2 2
24042 1 5537 2 2 2 2
19211 0 4744 34 34 109 106
31371 0 7474 1943 1943 20051 20044
27812 0 7474 2876 2876 21107 21099
28947 4 15200 327 327 28 28
18660 6 21000 424 424 1100 1100
15472 0 25385 5812 5812 17524 17521
12507 0 13404 1471 1471 7862 7857
26342 1 17895 4 2 5 3
2152 1 8496 2 2 5 2
39760 0 574 5 5 91 48
40877 0 574 5920 5920 40696 40650
35412 5 11510 6 6 223 204
2085 6 10383 9 3 2 2
14202 1 14201 3 3 2 2
1043 1 20085 4 2 3 2
40806 0 6850 36548 36548 40897 40872
40503 0 9914 11450 11450 12717 12715
14770 1 14307 3 2 4 2
32716 1 17183 2 2 3 2
35390 1 3256 2 2 3 2
4482 4 9719 3871 3867 152 152
20428 0 3527 8961 8961 35520 35503
3527 6 20663 1432 1432 92 92
30409 2 35441 48 48 89 89
11083 1 5302 2 2 3 2
23196 1 10129 2 2 4 2
1066 1 29752 3 2 2 2
40807 0 3538 2136 2136 40631 40618
22793 0 3538 5 5 38 26
6768 6 24640 63 60 231 229
6768 6 10205 21528 21524 8196 8196
2869 1 15125 3 2 4 2
29302 0 15125 3462 3462 17027 17025
9588 0 1406 46 46 821 811
18159 0 17493 286 286 494 488
21497 1 33875 8 5 2 2
20938 1 22485 3 2 5 3
13056 6 39139 240 238 9 9
23942 0 26928 9 9 945 943
28004 0 6478 165 165 69 67
4747 0 22951 2 2 7 3
20860 5 2566 27 27 19412 19395
7590 5 2566 79 79 3109 3093
20768 0 17402 767 767 1461 1459
35193 1 20768 2 2 3 2
8572 0 5856 8 8 72 47
17370 0 5856 119 119 4976 4948
31972 0 5856 3 3 828 802
17380 1 15779 4 3 3 2
27964 0 16186 34 34 1067 1061
15981 0 1328 41 41 109 96
26071 1 9303 3 2 7 4
9303 9 21981 4 4 2 2
38768 0 29318 7 7 338 334
36229 0 18254 98 98 7261 7244
1019 4 596 40 17 2 2
1019 4 8780 30 8 3 3
23239 1 15927 3 2 2 2
30477 1 23239 2 2 4 2
21996 6 20017 316 314 406 406
21996 6 11995 594 591 538 538
25766 0 22616 592 592 10238 10235
9455 0 23399 4332 4332 16527 16521
23000 6 39446 872 872 387 387
122 1 7516 3 2 5 3
11412 1 19152 4 3 2 2
8803 1 27429 2 2 2 2
15261 0 14295 12959 12959 22634 22633
25268 4 21905 11 9 3 3
15504 1 8591 7 3 5 2
8591 1 16989 3 2 3 3
15601 10 15600 4 4 2 2
31927 1 15601 2 2 4 3
34363 5 8522 17789 17789 39047 39047
33641 0 19894 30820 30820 13927 13926
33826 1 19127 2 2 2 2
39523 0 2723 115 115 15350 15312
39523 1 21345 2 2 2 2
7540 0 2723 40 40 975 939
4541 0 2723 49 49 595 560
28671 0 7444 13 12 42 39
40808 0 40809 19446 19446 8652 8652
26933 0 1475 1022 1022 16278 16258
35848 0 18654 404 404 21024 21019
19162 0 18654 8 8 80 76
29185 6 40731 40877 40876 34663 34663
3467 1 3466 4 2 3 2
15345 5 4450 1190 1190 13435 13429
7117 1 7049 4 3 2 2
32624 6 26608 6310 6309 6979 6979
2269 1 2268 4 3 4 2
30613 0 6961 5 5 10 8
2956 4 29945 8 4 6 6
40706 0 10059 16697 16697 40731 40728
3866 4 38485 145 137 45 45
3866 4 24189 28 21 3 3
9119 0 21826 8869 8869 36220 36220
18389 3 999 5 3 5 3
999 3 18389 5 3 6 4
35808 1 32154 27731 27731 4794 4794
37756 4 40810 40817 40817 26678 26678
20583 1 27612 2 2 2 2
1020 0 3141 2 2 52 2
28305 0 3141 2 2 51 2
6564 0 11337 10612 10612 1657 1656
23511 0 15656 7 7 236 210
5394 1 2601 2 2 2 2
19679 0 5394 22 22 84 77
2004 1 24164 3 2 2 2
2004 0 30642 1311 1311 3125 3124
25774 1 12289 5 2 4 2
24676 0 24224 4 4 9 8
23848 1 8714 3 2 6 2
17814 4 3175 1124 1123 6 6
17465 1 17464 2 2 2 2
22570 1 22569 2 2 2 2
6630 0 4722 46 46 247 239
1142 0 4722 1799 1799 7517 7508
23700 1 24343 3 2 2 2
9573 6 3123 391 391 1723 1699
15354 6 3123 15 15 419 397
14853 6 3123 37 36 597 574
6067 1 28605 2 2 2 2
8474 4 17327 9962 9962 4705 4705
30941 1 3753 2 2 6 3
30941 1 33174 4 2 4 3
11546 0 4442 295 295 22233 22199
6865 4 2298 28 24 3 3
1021 1 207 7 4 5 2
2872 0 17555 320 319 6617 6611
268 0 17555 363 363 3383 3378
40811 0 2664 4292 4292 40777 40760
40871 0 2664 224 224 40596 40580
2664 0 2624 5 5 20 13
35435 0 12605 12 12 48 45
29862 1 29861 3 3 3 2
31789 0 494 19755 19755 39363 39351
22923 0 28916 72 72 169 168
27985 1 27484 2 2 3 2
29410 0 16944 1190 1190 17449 17445
11888 0 36918 10142 10142 25431 25428
37558 2 741 1 1 80 34
28640 2 741 1 1 52 8
9021 2 741 1 1 43 2
22157 3 1791 3 2 3 2
22158 3 1791 5 3 4 2
8471 1 6302 3 2 2 2
32069 0 19823 7562 7562 32080 32078
38790 0 13 12007 12007 40495 40481
19437 1 22294 2 2 3 2
25022 1 32013 2 2 2 2
39553 0 4628 213 213 75 66
40833 0 4628 1890 1890 39822 39812
11144 1 2617 2 2 2 2
38399 1 1022 2 2 6 2
10536 1 36694 2 2 3 3
40178 1 1578 8489 8489 34530 34528
40864 0 1578 28817 28817 40864 40858
22410 1 37961 4 2 2 2
15647 4 32971 119 119 319 319
1708 0 8438 34 34 121 120
6124 1 5907 3 2 8 4
8270 1 6124 15 6 4 2
5826 1 10722 3 2 6 4
21697 0 2070 217 217 520 520
6530 1 22543 4 2 3 2
5932 1 21935 7 3 2 2
28875 3 5192 4 3 5 4
28676 3 28875 4 2 3 3
5178 1 14819 12 6 3 2
21092 0 5178 2066 2066 34062 34033
16318 0 5178 4007 4007 19968 19940
40918 0 5178 19683 19683 40828 40796
31349 1 5178 2 2 3 2
27341 1 31627 3 2 2 2
912 0 7047 7 7 152 138
739 0 912 135 135 208 197
24031 0 7047 4 4 113 100
30204 1 7047 6 2 3 2
40812 0 17281 23730 23730 40787 40787
9906 1 36905 3 2 3 3
6743 0 8355 161 161 908 886
1538 0 8355 135 135 1344 1321
35277 1 27784 2 2 2 2
5869 1 26782 7 2 2 2
40813 0 19386 1810 1810 40423 40421
38378 1 22534 2 2 3 2
31576 0 30844 22901 22901 1135 1135
10205 1 10204 4 2 3 2
11177 1 37094 4 2 2 2
7045 1 2382 2 2 2 2
21977 5 16419 79 79 12234 12227
3364 1 3363 3 2 4 2
3528 0 10834 11 11 132 129
17960 4 24312 28 24 5 5
27223 1 20426 2 2 3 2
24636 1 6535 2 2 3 2
23949 5 212 1 1 45 17
27657 5 828 8 7 48 34
1410 1 24564 3623 3623 2578 2577
3066 0 8076 2367 2367 12651 12643
18215 1 1414 3 2 8 2
10895 1 13973 7 2 2 2
3239 4 39144 64 15 2 2
3239 4 27881 727 676 173 173
3239 4 36428 242 192 78 78
18904 3 17353 2 2 3 2
7935 1 2201 4 2 4 4
17190 1 757 4 2 2 2
1415 1 32170 5 2 2 2
23786 1 2902 2 2 10 3
2029 1 18094 3 2 2 2
553 1 13871 3 2 4 2
24179 1 10508 2 2 2 2
25575 1 10508 2 2 3 2
27360 6 36837 7 7 64 64
31841 0 19545 6472 6472 39854 39853
33840 0 1754 496 496 15852 15840
40875 2 1754 3698 3698 40877 40871
38079 2 1754 348 347 5138 5133
40815 0 39071 7427 7427 40625 40623
29342 0 8978 10788 10788 33127 33111
6890 0 36281 4228 4228 10171 10171
8040 1 21358 54 50 15 14
10520 0 24854 12734 12734 17680 17680
28943 1 243 3 2 2 2
20030 0 13734 525 525 5596 5594
4563 0 12505 11 11 32 25
37725 0 23377 2 2 7 2
26865 1 19204 5 3 4 2
20288 6 29915 7 5 5 4
24515 2 20288 2 2 50 45
18855 0 2060 4 4 27 14
26308 5 18855 2597 2597 40372 40358
24430 0 2060 51 51 985 971
11475 1 13563 164 161 63 59
13563 1 11475 63 59 158 155
14231 0 7944 1257 1257 9501 9500
36007 6 17148 5528 5528 21434 21434
13350 0 29456 4 4 3 3
36696 5 9528 2 1 10 1
19256 5 9528 2 1 9 1
30889 0 33367 2982 2981 619 619
26734 0 2288 28 28 30 28
16979 4 35069 39 39 8 8
23628 0 2614 119 119 239 235
39567 0 4694 8 8 1249 1235
6695 0 32813 37901 37901 38812 38812
15469 0 6418 22 22 499 475
34418 1 25064 3 2 3 2
8727 1 8726 4 2 2 2
14189 1 23592 6 2 2 2
35545 1 14189 3 3 5 2
10877 1 11728 8 4 4 3
32814 0 4976 11 11 42 39
4165 3 25845 7 4 3 3
20625 1 7778 2 2 3 2
30076 0 10715 359 359 2834 2831
40816 0 14697 31696 31696 40896 40896
14697 1 31992 2 2 2 2
19191 1 27971 2 2 3 2
13842 0 11910 1947 1947 5821 5820
5985 6 10735 11 4 25 18
12732 3 28417 3 2 3 2
12732 1 26677 4 3 2 2
6204 1 6203 2 2 2 2
40817 0 19840 2673 2673 40571 40568
3387 0 19840 2463 2463 26721 26719
6550 1 2423 3 2 12 3
2423 1 24830 8 2 5 2
2924 4 30666 74 3 3 3
2924 4 2659 254 179 48 48
2924 4 29020 91 19 6 6
2924 4 36766 227 153 73 73
1379 1 25548 2 2 3 2
6265 1 1379 5 3 5 3
18135 3 294 13039 13036 12008 12008
2209 1 24141 5 3 3 2
15500 1 4546 3 2 6 3
15500 1 7996 2 2 5 3
31596 6 8773 39755 39755 40728 40728
40818 0 35587 27728 27728 40844 40844
34338 1 9890 2 2 5 2
14748 1 9890 2 2 8 2
9890 1 12054 9 2 3 2
40819 0 15962 35108 35108 40857 40856
16130 0 10326 5852 5852 29362 29360
40820 0 20319 18948 18948 40775 40774
11212 0 1856 226 226 5547 5533
14579 1 1856 3 2 6 2
28303 3 9776 3 3 8 6
9776 1 9775 4 3 2 2
561 0 5278 149 149 297 288
13724 4 995 39 38 31 31
154 1 153 2 2 5 2
5791 1 11553 2 2 2 2
24115 1 18755 3 2 3 2
28674 0 3041 1187 1187 17440 17433
40821 0 14864 18376 18376 40826 40821
17883 0 18836 1976 1976 3951 3949
40822 0 9367 6608 6608 40662 40640
40930 0 9367 10550 10550 40667 40644
7005 0 9367 55 55 3751 3731
26765 1 9367 3 2 6 2
2151 0 4180 3267 3266 4064 4062
40823 0 11638 1186 1186 40512 40495
18175 1 18573 4 3 4 2
24724 1 3969 5 3 2 2
3969 0 3582 188 188 2965 2939
17345 0 3969 14 14 41 37
34877 1 6582 4 2 2 2
6582 1 16956 10 4 7 3
26100 1 28248 2 2 2 2
33245 0 3980 6 6 8 6
4106 1 4105 2 2 2 2
584 1 28894 84 82 5 5
35143 1 33405 2 2 3 2
17003 0 479 2 2 14 4
9877 5 6166 1 1 3 1
30263 1 25760 2 2 2 2
30656 1 25760 3 3 3 2
1999 4 17069 85 78 2 2
18272 1 19427 4 2 4 2
29081 1 13187 2 2 2 2
16522 0 3780 15 15 1098 1062
26742 0 15839 22 22 370 367
1918 6 39340 1127 1120 179 179
11624 1 20815 2 2 4 2
13939 0 7027 10 10 29 24
5788 0 7027 36 36 77 71
40824 0 2657 15824 15824 40905 40898
1294 0 25140 491 491 3875 3872
21281 0 428 19937 19937 38751 38725
40911 0 428 8695 8695 40733 40706
39800 1 30816 2 2 3 2
12660 0 1095 7 6 36 25
17450 0 1095 243 243 14302 14290
11922 0 14898 121 121 914 896
23590 0 12772 2852 2852 8429 8426
3072 1 15159 8 4 6 3
24523 0 8582 17 17 72 65
188 6 29407 8 5 9 5
39603 4 27065 1167 1167 1524 1524
4691 1 14239 3 2 2 2
36188 1 4691 3 2 2 2
36501 0 4902 111 111 19 19
40022 0 6784 2 2 10 5
4121 1 17988 4 2 3 2
34845 5 10076 9 7 11 6
19999 4 35620 11 2 2 2
25642 0 31168 55 54 340 339
28192 2 3865 3 2 131 113
25039 0 2409 11 11 95 72
34598 0 2409 6 6 162 138
40825 0 22386 1227 1227 36277 36276
15804 0 10824 24 24 62 57
40826 0 30737 25119 25119 40658 40657
11678 4 24132 1520 1520 2142 2142
11178 1 14178 7 2 2 2
19319 1 11039 3 2 6 2
23526 0 9730 89 89 6587 6585
12960 0 23054 26653 26652 5364 5364
18237 1 14439 3 2 4 2
17375 6 39568 15 13 2 2
6955 0 2697 13 13 49 47
16533 0 2697 50 50 86 83
27268 1 11354 2 2 6 2
1968 1 1967 5 2 6 4
20914 0 1967 9 9 38 30
23271 0 7641 6 6 3 3
19684 3 19683 3 2 2 2
4983 6 33006 2 2 2 2
17534 9 12584 3 3 3 3
6871 1 18043 329 327 82 81
5628 7 18994 38727 38694 20 20
2502 1 20104 4 2 2 2
15657 0 4985 16730 16730 20699 20697
34914 1 6434 2 2 2 2
39981 0 306 16 16 7038 7021
21026 0 306 7 7 18 2
37154 5 9269 731 731 29048 29045
9073 1 5502 3 2 5 3
30127 0 1623 1280 1280 27066 27063
16304 0 30127 16898 16898 22008 22008
16980 1 4548 2 2 5 2
469 0 14498 11 11 149 138
9243 6 35214 15 11 3 3
36148 4 23121 325 324 352 352
3358 1 4743 9 2 5 3
9720 0 4743 500 500 942 932
40888 0 4743 36757 36757 40941 40930
2064 1 2154 2 2 3 2
22278 1 35919 2 2 2 2
36060 0 14935 3920 3920 38708 38699
27146 5 11426 2 2 140 130
3169 0 3813 6 6 57 39
3823 1 3813 3 3 6 3
20664 4 26988 1103 1101 214 214
6374 1 11133 2 2 2 2
33074 2 7 2 2 130 93
18961 2 7 1 1 39 3
17395 0 7902 2246 2246 5878 5874
22908 1 5606 4 2 2 2
10254 1 10253 3 2 2 2
40906 0 10253 10561 10561 40717 40703
14113 1 5076 2 2 5 2
36403 1 10838 2 2 3 2
14974 0 14973 9 9 15 7
14973 3 19845 34 32 9 9
40831 0 4593 5117 5117 40378 40378
31084 1 27014 3 3 3 2
12467 4 39860 10 4 5 5
40832 0 6630 8360 8360 40701 40697
26778 4 2803 242 242 203 203
3765 1 28497 2 2 2 2
20691 1 4936 2 2 2 2
7886 0 12463 65 65 1588 1582
14999 4 31316 2388 2388 2306 2306
22172 0 11068 74 74 80 66
454 3 16514 5 3 4 2
3025 1 16514 3 2 6 5
29578 0 15788 4761 4761 6112 6111
23802 0 21987 380 380 35263 35260
21987 0 20963 1707 1707 15021 15020
11759 2 10987 2 2 6 5
38689 0 12894 859 859 39150 39140
40834 0 14087 25126 25126 40779 40779
14853 1 5935 2 2 3 2
4044 4 31152 31 31 7 7
29372 0 24630 235 235 13391 13386
24630 0 22399 6400 6400 19897 19896
19479 5 4701 1 1 24 2
8240 5 4701 1 1 22 1
33163 5 4554 2 1 10 3
29553 1 26733 2 2 2 2
29553 0 8837 9773 9773 15389 15387
6792 1 14058 3 2 4 2
21282 0 15062 21006 21006 33757 33757
23036 4 36472 298 292 14 14
5783 4 23036 47 38 3 3
40835 0 40836 3198 3198 1139 1139
18778 6 32930 4716 4715 381 381
18778 0 5314 7 7 323 296
24621 2 17930 3 1 8 1
27989 2 17930 3 1 16 6
26041 0 4289 5 5 3 3
16899 4 24507 799 799 759 759
14917 3 17826 7 4 5 4
30990 9 28312 2 2 2 2
8980 1 3552 3 2 3 2
33079 0 3582 1690 1690 22037 22009
16497 1 26305 4 2 2 2
26368 1 8799 4 3 3 2
4480 1 32602 5 2 2 2
35059 0 27412 15 15 377 374
2645 4 29221 362 354 14 14
23462 0 5675 25 25 258 249
40853 0 23462 6237 6237 40799 40794
25133 5 5012 3 2 9 3
14927 4 5288 137 133 6 6
11058 2 6577 1 1 242 190
60 2 6577 3 3 254 201
7534 9 18226 3 3 2 2
10204 1 10208 2 2 3 2
5031 1 28475 3 3 4 2
15312 0 12860 6977 6977 13041 13041
21401 1 1933 2 2 8 5
12469 1 1992 3 3 4 3
18451 5 1238 2 1 12 5
37552 0 2655 25 25 57 53
2655 0 9806 1642 1642 15045 15039
40284 0 6614 6756 6756 27174 27151
3130 1 27019 6 4 3 2
23982 0 37653 18 18 838 836
20447 1 9918 4 2 3 2
15028 1 16314 8 5 6 3
15028 1 5116 6 4 5 3
40628 0 33021 9860 9860 40781 40781
3648 1 3647 4 3 5 2
19317 0 1107 3732 3732 25975 25965
830 1 21753 4 2 3 2
8270 1 9886 11 5 3 2
14780 1 6419 7 3 3 2
40837 0 15224 25828 25828 40889 40877
7188 0 11737 12 12 558 548
10277 1 32396 2 2 3 2
10277 1 2951 4 3 8 3
15054 1 2951 6 3 6 3
25047 0 19223 16233 16233 40404 40404
23871 0 918 11 11 236 229
40840 0 918 13198 13198 40646 40638
8168 0 13192 1405 1405 36793 36793
10293 1 12214 2 2 2 2
23642 0 26543 2319 2319 17445 17445
26543 1 12312 4 2 4 2
4913 4 20284 38 7 2 2
3331 5 16655 14 14 94 92
3331 1 35484 2 2 2 2
16739 1 16646 2 2 5 2
6726 1 5782 5 3 2 2
6726 3 6725 13 11 4 4
11335 1 6726 2 2 6 3
5491 1 1201 3 2 7 2
6549 1 14425 6 3 4 2
5544 1 3327 4 3 6 2
3403 1 6328 3 3 3 2
7229 4 37460 135 118 19 19
20544 1 28902 5 3 3 2
3291 1 20544 3 2 3 3
530 1 21170 10 6 3 3
9371 1 9370 3 2 4 2
26061 0 9371 122 122 420 417
9371 0 5623 33 33 709 707
21518 1 29527 2 2 4 2
35181 0 21518 472 472 12407 12404
36581 0 16397 182 181 110 110
3972 7 37089 13974 13896 4 4
8883 0 5790 342 342 520 520
38389 0 7334 5 5 31 29
27814 0 9178 19 19 86 84
10855 1 19155 2 2 3 2
10855 1 31116 11 10 9 8
1431 4 27265 43 27 3 3
27563 1 35599 2 2 2 2
1193 4 39361 21 10 2 2
39975 0 7068 273 273 4909 4901
3855 0 3909 11 11 12 5
28703 0 3909 18060 18060 19548 19540
11573 1 13583 2 2 2 2
40841 0 16266 17671 17671 40726 40703
2434 0 16266 24 23 89 68
40842 0 67 14952 14952 40731 40722
1154 0 18959 4436 4436 33929 33927
32397 0 13044 3383 3383 28778 28769
17819 1 653 2 2 3 2
37840 0 313 50 50 2509 2501
40843 0 3679 6935 6935 40568 40557
40843 4 5346 40588 40588 40863 40863
13988 0 168 274 274 4638 4633
38754 2 10661 3 2 8 5
29501 0 6358 4484 4484 39625 39623
29860 0 18587 19931 19931 9921 9921
33438 1 36858 2 2 2 2
36858 1 35629 3 2 2 2
12381 0 1474 2854 2854 19251 19237
2863 0 6499 5353 5353 1564 1563
7328 0 5714 11540 11540 11337 11336
14412 0 20621 401 401 15177 15176
35316 5 38173 69 67 71 70
20490 1 7847 3 2 3 2
21077 4 10657 237 236 41 41
10380 0 1964 11 11 19 17
17802 1 3847 3 2 5 4
29031 4 40721 40644 40643 8637 8637
29630 5 22311 1 1 9 5
14888 4 21122 154 145 32 32
14888 0 2518 2 2 79 12
819 1 7732 6 2 6 3
7100 4 29718 1114 1112 259 259
8077 1 7192 2 2 2 2
16136 1 39043 4 2 2 2
13225 1 15253 3 2 6 3
40844 0 6467 3325 3325 40564 40557
6069 0 37345 154 154 75 74
4895 0 8093 5506 5506 40437 40410
21558 1 13645 2 2 3 2
10544 6 38325 63 48 7 7
23888 0 1730 8 8 413 313
33667 0 1730 28 28 1057 956
22133 0 1730 2 2 104 7
19623 0 1730 2 2 118 20
28603 4 38563 18 17 7 7
16620 1 2522 6 5 5 2
24900 3 5965 3 3 4 3
3989 4 18951 29 22 7 7
22965 1 167 6 3 4 2
35645 0 7367 4023 4023 7086 7086
36255 0 10055 2 2 8 3
1574 1 8899 8 3 3 2
21174 5 2295 178 178 35696 35593
34328 5 2295 4222 4222 22536 22435
28418 5 2295 320 320 30140 30038
34439 5 2295 4 4 157 58
40845 0 32455 1772 1772 40557 40556
35000 0 9668 2 2 25 9
32116 0 21176 501 501 3688 3686
23390 0 40586 40506 40506 35298 35298
40848 0 23390 12056 12056 38140 38137
19903 4 29357 258 258 204 204
35177 0 14481 2 2 7 7
12330 0 11599 42 42 2286 2280
3579 1 19372 3 2 4 2
9842 0 3579 481 481 17138 17125
22422 1 9505 3 2 5 2
15330 1 28910 2 2 2 2
22889 0 11852 1079 1079 32590 32581
29771 9 3592 5 5 8 8
25748 1 34204 2 2 2 2
1772 6 37182 435 431 33 33
15158 0 40846 40436 40436 6797 6797
40847 0 8407 27787 27787 40843 40843
35466 0 11507 7 7 9 6
12327 0 411 2910 2910 16043 16020
21952 4 9376 46 46 14 14
4177 6 5022 68 53 7 7
5040 0 220 3 3 14 5
20777 0 30968 12220 12220 12203 12202
17995 1 415 5 3 6 3
6540 0 6677 377 377 255 253
30360 1 7239 2 2 4 2
1226 4 33413 1379 1355 28 28
36259 5 860 521 521 34867 34794
30840 5 860 1 1 79 10
39831 1 4370 3 3 4 2
17244 1 15986 2 2 3 2
9116 4 34497 15 13 5 5
4771 4 11796 164 111 3 3
18918 0 15687 8 8 8 5
18918 6 31983 927 918 10 10
29544 0 6411 5443 5443 18481 18474
13258 1 515 2 2 4 2
7665 4 11919 193 188 12 12
8356 1 22637 9 2 5 2
17180 1 8356 2 2 8 2
39574 0 13157 2347 2347 39936 39933
20711 1 1090 3 2 7 3
32427 0 24062 28274 28274 39254 39253
40849 0 13412 14680 14680 40839 40834
4316 0 1500 8 8 226 200
29122 0 1500 148 148 861 834
29916 0 33246 14 14 4 4
33246 0 425 17 16 216 197
3714 1 3991 3 3 2 2
6702 1 4469 4 2 6 2
20629 0 10089 6 6 17 17
18423 1 20629 2 2 3 2
4855 1 19562 7 2 5 2
11423 1 4213 5 3 6 2
10241 0 10481 6019 6019 21339 21337
27097 0 10241 3 3 25 15
5125 6 35244 3 3 5 5
10842 1 11135 3 2 3 2
3451 1 3450 2 2 9 4
3450 1 6752 8 4 4 3
26219 0 15966 290 290 283 280
20729 0 30962 6483 6483 4847 4847
31196 0 30962 5230 5230 13015 13014
36881 0 119 3 3 148 110
119 0 2748 6 5 53 43
2323 1 23181 2 2 2 2
14339 9 16095 3 2 2 2
32957 0 5195 5 5 26 20
32623 1 5195 3 2 5 2
32917 0 9489 4253 4253 32193 32189
40688 0 3489 27778 27778 40792 40731
13220 2 6815 5 4 73 69
5097 1 27076 5 3 2 2
17030 1 2573 3 2 5 2
2573 1 9486 4 2 3 2
37807 1 30144 2 2 2 2
2521 1 38597 3 2 2 2
6946 1 8731 3 2 4 2
9873 9 35523 2 2 2 2
1071 6 14854 96 90 2 2
3398 4 14735 27 10 2 2
5855 1 7329 6 2 5 3
3929 1 27247 10 3 2 2
16292 1 29803 4 2 2 2
6578 0 5973 295 295 2098 2094
40850 0 1543 29002 29002 40668 40611
37429 1 32885 2 2 2 2
5932 1 5931 3 3 2 2
14336 1 2808 2 2 3 2
23816 0 13145 8 8 23 23
16675 0 11522 31712 31712 34510 34510
40851 0 14187 8484 8484 40632 40628
10755 4 22444 3 2 3 3
11129 1 13730 6 2 9 4
25343 1 13730 6 4 8 4
8639 0 3289 11 11 175 152
3289 6 36920 7770 7753 187 187
8776 1 1347 3 3 4 2
1347 1 4276 3 2 4 3
39300 0 1590 29 29 12071 12047
37068 1 22654 2 2 2 2
1801 1 21363 3 2 2 2
31983 0 35119 807 807 1008 1007
31983 6 2119 209 207 108 108
19488 0 3006 22963 22963 25007 24997
19488 1 38649 38429 38429 30964 30964
40852 0 6747 1153 1153 40590 40588
28133 0 18038 18 18 62 59
8634 9 19910 2 2 2 2
11304 0 19910 10 10 32 31
20413 0 1973 5 5 481 426
26353 1 4814 12 11 15 11
22355 0 11595 3775 3775 27601 27595
1588 1 19716 2 2 5 4
11612 1 21343 3 2 3 2
5569 1 10107 6 3 7 3
5923 1 5569 5 3 6 3
24840 0 14776 18 18 23 23
24031 4 32273 11330 11330 378 378
12006 1 23328 3 2 3 3
15403 4 40478 38 38 55 55
16346 0 16005 4 4 57 55
7668 1 35530 2 2 2 2
9434 4 40717 40879 40876 31439 31439
22914 1 3088 2 2 4 2
2945 9 2944 2 2 2 2
24743 1 24742 2 2 2 2
31284 1 19047 3 3 3 2
1664 1 16927 3 2 2 2
40307 0 4362 5296 5296 35935 35928
29218 1 4362 3 2 2 2
4362 0 8787 2 2 11 4
17040 8 37417 140 139 18 18
39206 0 12650 6 6 28 8
29976 5 5742 6 6 2210 2187
15635 5 5742 17 17 281 259
903 5 5742 1 1 27 7
17663 4 9378 95 92 4 4
20364 1 26993 2 2 3 3
27150 0 3232 3532 3532 21607 21600
40854 0 14981 10159 10159 40571 40567
40855 0 25028 10414 10414 40675 40675
40678 5 5841 4191 4191 40881 40868
26893 3 11921 21507 21505 9266 9266
38438 0 24102 5852 5852 25324 25320
22467 0 22049 14 14 742 739
15542 0 22049 528 528 3651 3647
40856 0 8153 18822 18822 40766 40747
36147 0 8153 1068 1068 20104 20086
10925 1 8153 5 3 4 2
34372 4 36708 240 240 38 38
7489 6 35302 316 311 53 52
9267 0 1292 19 19 354 349
5975 0 8327 1639 1639 16660 16651
112 6 23406 119 73 4 4
6559 1 18773 3 2 4 2
13687 1 7279 6 6 7 4
37981 0 904 59 59 151 140
15563 1 17861 5 2 6 3
24736 1 14901 3 2 2 2
7506 1 27215 6 2 2 2
28486 1 28485 2 2 2 2
22848 1 33665 3 2 3 2
15952 0 3163 2 2 52 12
9298 0 3163 3 3 49 10
28717 0 3163 2 2 43 5
17876 3 17875 2 2 2 2
22196 1 22195 2 2 2 2
13637 1 27685 3 2 2 2
10125 4 13911 650 648 14 14
4146 0 37135 97 97 162 160
31487 4 8818 33 33 100 100
36976 0 4550 551 551 6327 6229
24513 0 4550 8 8 136 41
27936 0 4550 6 6 163 66
12322 0 4550 12 12 99 6
40857 0 2021 18342 18342 40572 40519
27575 0 6658 406 406 7711 7699
19537 9 28961 5 5 3 3
1070 0 17546 658 658 7470 7466
9755 1 9754 2 2 3 2
769 1 9754 3 3 5 2
40381 0 34906 6 6 10 10
15427 0 134 139 139 3556 3542
134 1 2633 4 2 2 2
1511 0 15914 59 59 62 59
5005 1 28613 7 3 2 2
18503 1 5005 2 2 10 3
40140 0 27752 6 5 10 7
16225 4 4698 195 192 38 38
40858 0 15284 9513 9513 40730 40724
628 1 627 3 2 3 2
16800 4 32120 34 34 48 48
25305 0 2099 4 4 33 6
13821 1 13530 2 2 3 2
16002 1 36632 2 2 3 2
40859 0 37052 13747 13747 40675 40674
6188 4 24112 81 64 16 16
6188 4 24347 125 107 23 23
15067 0 18496 13912 13912 21460 21460
29361 1 18956 2 2 4 3
10119 1 25492 6 3 5 3
28682 1 6956 2 2 2 2
22077 5 6956 1 1 20 1
720 9 26603 2 2 3 3
18029 0 8812 2 2 16 15
36166 1 16798 2 2 2 2
30646 4 33263 2942 2942 1164 1164
10063 0 8348 38421 38421 39373 39366
28320 1 27155 3 2 2 2
27155 1 29136 3 2 4 3
737 0 704 8020 8020 15345 15344
16207 1 16206 2 2 4 4
37148 0 23650 2051 2051 1266 1266
33954 1 14292 2 2 3 2
29886 1 28685 3 2 4 2
9855 6 33387 47 23 12 9
3785 0 28084 38124 38124 7987 7987
20088 5 3785 287 287 8261 8245
32514 5 3785 1713 1713 34381 34363
6922 1 6921 7 3 4 2
6921 1 7885 8 2 8 3
7656 1 11492 3 2 3 2
16454 1 15118 4 3 6 3
27917 0 8192 16 16 27 24
27917 1 5927 14 13 24 19
5927 1 27917 24 19 14 13
4197 0 8050 263 263 25 22
4197 1 37513 7 2 2 2
25431 1 5635 2 2 6 2
15018 1 18772 2 2 2 2
9762 6 8948 6757 6753 3473 3473
30927 6 25532 8308 8308 15978 15978
19315 1 39214 2 2 2 2
39214 0 32965 3 3 4 4
18563 0 4302 1050 1050 13985 13983
21993 1 19504 5 2 2 2
9794 0 26796 15 14 12 12
40860 0 1945 1075 1075 40586 40562
13748 1 11108 5 4 3 2
4384 1 24793 3 2 2 2
10633 4 19550 1943 1943 5058 5058
27322 1 37139 2 2 3 3
40383 0 38168 8 8 16 16
7362 4 32362 16 3 1 1
22231 1 8513 2 2 2 2
40692 0 8924 37818 37818 40869 40860
1685 1 12089 5 2 2 2
450 4 4488 263 245 48 48
39094 5 3918 163 163 32481 32463
40914 5 3918 6986 6986 40769 40750
2315 0 3918 3 3 302 294
40869 0 3918 27297 27297 40926 40917
39375 4 35988 5 5 7 7
33362 0 724 5558 5558 34238 34219
4388 4 38068 42 30 3 3
24592 0 13837 3083 3083 20583 20579
4109 6 1349 38 34 6 5
20971 4 929 12935 12935 23736 23735
23939 0 929 7 7 417 406
2108 1 23830 6 3 4 3
137 1 39790 2 2 2 2
14471 4 26704 164 160 24 24
38379 0 2037 15954 15954 30905 30902
3297 1 2037 4 2 2 2
19597 1 29925 2 2 2 2
9472 3 9553 9233 9233 27814 27812
24002 1 31718 2 2 2 2
13378 4 37002 36 28 4 4
18672 8 18729 1 1 9 6
23066 0 10976 12296 12296 27416 27416
37193 0 36623 29453 29453 30173 30173
35461 0 15432 9670 9670 24712 24710
6086 1 37968 141 141 266 266
39988 0 6132 26435 26435 38511 38505
27635 0 6879 374 374 3729 3729
12792 1 18251 2 2 3 2
25299 0 17090 2342 2342 1736 1734
22804 0 9256 13 13 43 40
22046 1 449 2 2 4 2
26701 5 39164 8291 8291 10706 10706
33010 4 37752 730 729 476 476
17564 4 28570 319 319 33 33
14394 1 27202 2 2 4 3
40861 0 35307 32732 32732 40496 40496
36533 1 31832 3 3 3 2
1421 1 13698 2 2 2 2
1421 1 1420 5 2 2 2
15918 1 8898 3 2 3 3
39681 2 3869 1 1 116 84
13147 2 3869 3 3 75 44
29520 1 38175 2 2 2 2
7705 4 29204 33 27 10 10
31945 1 533 2 2 3 2
20267 1 11332 3 2 3 2
40862 0 6138 15015 15015 40567 40552
12405 1 2536 2 2 6 4
22145 0 267 918 918 22690 22666
12466 4 38408 55 35 2 2
12466 4 38825 226 205 6 6
16552 1 10073 2 2 2 2
31672 0 16442 21 21 11 11
34829 0 34921 8 8 29 27
6539 1 27537 10 5 2 2
24829 0 20017 139 139 1326 1321
28048 0 20017 192 192 9878 9872
40863 0 22831 8380 8380 40694 40689
9658 0 22831 6659 6658 14430 14426
17365 6 1148 21661 21661 18588 18588
11735 1 13906 2 2 3 3
10734 0 10886 5 5 57 43
1494 0 15383 6161 6161 18741 18740
31725 6 3983 75 75 110 109
3023 1 19162 2 2 4 2
28499 0 2833 1280 1280 18915 18900
4250 3 26422 3 2 5 3
14121 1 5862 9 7 7 2
1002 0 15449 2772 2772 1516 1511
14237 9 14236 2 2 3 3
40286 1 14159 2 2 3 2
1432 4 24308 22 7 3 3
29759 0 21793 6 6 17 16
40 0 9353 1539 1539 9726 9718
36532 1 36531 2 2 2 2
4832 1 7867 6 2 2 2
27716 6 14968 141 141 50 50
304 0 25231 15163 15163 5659 5658
8542 1 19421 2 2 2 2
30629 1 15712 2 2 3 2
20027 2 9746 1 1 22 11
26019 0 4682 6 6 22 18
15092 4 32205 8879 8875 911 911
13106 4 30126 94 83 12 12
7451 0 9653 3 3 4 4
14198 1 7551 2 2 9 2
19206 1 11656 4 3 6 3
938 1 29478 4 2 2 2
19923 0 13346 3 3 25 17
40895 0 13346 6029 6029 40645 40635
8767 0 2776 15 15 226 202
17206 0 4193 2921 2921 8277 8275
9026 1 21448 2 2 6 2
10884 1 23870 4 3 4 2
10884 0 12402 221 221 1061 1060
33656 0 17442 208 208 10202 10198
29844 1 36062 3 2 2 2
39433 6 40246 8 7 13 13
13370 4 32777 5 4 5 5
40865 0 34557 34549 34549 40831 40830
12307 1 5388 2 2 6 3
8628 3 1186 56 55 32 32
4299 0 1562 20 20 91 84
18208 6 35649 1286 1286 5880 5880
12758 0 980 5176 5176 18667 18666
26577 4 38800 11 11 20 20
40866 0 8678 16256 16256 40811 40808
32294 0 1897 600 600 34401 34327
6937 1 1897 4 2 6 4
9481 9 158 4 3 5 2
13100 9 9481 3 2 2 2
15588 1 15587 5 3 3 2
13773 0 27141 9 9 213 210
25916 0 16303 6 6 17 8
36297 0 16303 8 8 94 84
20354 1 18989 2 2 2 2
973 1 13336 5 3 8 2
5185 0 13336 89 89 546 542
9012 5 7786 1 1 28 9
33237 1 410 4 4 2 2
14633 6 31433 1569 1568 138 138
14633 6 8142 19 19 54 54
40867 0 339 737 737 40561 40558
3453 1 18417 8 3 2 2
8951 1 28285 4 3 3 2
1460 1 8951 2 2 5 3
8222 1 6150 6 2 2 2
8054 3 25795 4 2 2 2
6845 1 2779 3 2 3 3
19202 0 12252 34 34 1982 1975
20124 1 18592 2 2 5 2
20124 0 14100 8 8 146 142
30846 0 2941 15 15 530 529
39027 0 9415 532 532 30362 30350
23350 1 17390 2 2 2 2
8558 1 7530 4 3 3 2
40868 0 5700 4297 4297 40116 40116
32469 0 324 139 139 14531 14511
8545 0 324 29 29 2973 2954
25032 1 25031 3 2 2 2
38057 9 30720 2 2 2 2
2030 0 1832 187 187 1891 1881
1637 0 5616 11 11 54 46
9928 0 5616 8 8 325 316
1702 4 29665 35 31 8 8
36951 4 24229 46 44 9 9
6008 1 1041 2 2 3 2
14647 0 13213 12 11 6 6
699 1 22618 2 2 2 2
35907 4 37894 38 38 5 5
13383 1 2789 4 2 3 3
2713 6 7645 43 4 3 2
11577 1 7731 2 2 3 2
40870 0 1335 16964 16964 40692 40691
24483 1 12798 2 2 2 2
17309 0 30810 314 312 241 239
10156 1 963 5 3 3 2
2452 1 3976 5 3 7 4
2452 1 7086 7 3 11 4
40905 0 3387 2606 2606 40559 40545
7217 1 3387 3 2 3 3
8525 4 37769 458 456 38 38
35828 0 1364 9 9 133 103
26559 6 35828 33006 33006 2578 2578
16493 1 19237 3 2 7 3
2933 1 7202 5 3 7 3
6048 9 22594 4 3 2 2
29003 1 35415 2 2 2 2
20788 1 10332 3 2 3 2
5707 1 5706 2 2 4 2
29609 1 29608 2 2 2 2
22190 1 35891 2 2 3 2
22190 1 11262 5 2 6 3
9192 1 19649 2 2 2 2
26202 0 7136 5 5 7 6
36138 0 7877 25 22 36 33
23317 0 6977 2902 2902 16265 16230
40920 0 6977 2086 2086 40598 40562
36948 1 27706 4971 4971 12179 12178
34777 1 14753 2 2 2 2
1620 4 23845 23 8 1 1
12071 1 18026 4 2 2 2
8848 5 14818 1 1 19 5
11500 6 11034 10 3 4 2
16013 1 5367 4 2 5 3
10574 6 36868 5 1 4 3
18072 0 1880 150 150 1041 1026
7031 1 26802 6 3 2 2
32487 1 10667 4 2 3 2
28680 1 10686 3 3 3 2
9031 4 20091 46 27 11 11
37696 0 13023 60 60 2023 2015
5434 1 5433 4 2 3 2
24552 2 8531 10217 10216 28002 27999
35789 5 3276 27 27 9458 9427
31511 5 3276 36 36 22379 22347
39401 0 24275 53 52 1709 1697
27408 0 4448 3 2 15 7
13163 1 17198 4 2 2 2
8664 1 2489 3 2 2 2
2489 1 15398 7 2 2 2
25485 2 3943 1 1 36 4
38545 2 3943 1 1 33 3
36055 6 19589 274 274 3178 3178
19768 0 5156 179 179 2125 2093
26405 0 5156 3 3 82 51
17022 6 35666 1282 1279 138 138
17022 6 3619 215 213 14 14
4621 1 88 3 2 4 3
40873 0 28355 23981 23981 40853 40851
2460 9 9748 2 2 2 2
36214 0 573 112 112 1515 1476
40874 0 22716 36955 36955 40824 40824
25322 4 40518 359 359 173 173
2760 0 11134 22 22 600 594
4446 9 1807 6 3 2 2
11636 0 4446 43 43 3109 3108
36303 1 2876 2 2 2 2
37244 1 21630 2 2 2 2
38942 1 2626 16 16 68 65
31471 0 2626 4 4 14 13
3018 0 27173 9 9 3 3
26985 0 7600 14 14 253 248
37635 0 7600 299 299 551 545
8617 6 7587 1527 1516 847 847
24972 0 1142 3294 3294 17329 17327
680 7 38698 22679 22618 2 2
680 7 40901 40791 40728 497 497
6028 0 29623 19309 19309 26573 26573
29623 0 33835 11530 11530 31232 31229
36506 4 25083 162 162 48 48
7152 1 4236 3 2 4 2
22504 0 7152 308 308 4806 4801
40876 0 1295 218 218 40412 40406
21646 1 1295 3 2 5 2
22690 0 9531 2 2 12 8
34554 0 9531 7 7 90 85
701 1 25692 3 3 4 2
14347 1 5567 4 2 4 2
22500 1 15849 3 2 3 2
24584 6 29929 2 2 3 3
18192 4 1499 1 1 1 1
17820 1 654 5 3 6 2
23192 1 654 2 2 7 2
34164 0 21362 31897 31897 39427 39422
23961 0 6776 7 7 142 133
14951 5 6776 279 279 22559 22554
2111 1 35677 3 2 2 2
32320 1 16031 27190 27190 31704 31704
31261 4 13766 739 739 328 328
38116 9 9 3 3 6 5
40068 0 28942 27795 27795 15809 15809
21724 1 8592 9 5 4 2
4229 1 37036 28177 28173 8682 8682
29447 0 15913 12 12 66 61
16697 4 31051 22 18 7 7
5443 6 33646 22 4 8 7
13087 1 36310 2 2 3 2
22927 4 27025 36 36 28 28
24129 1 15215 2 2 3 2
24953 0 13135 793 793 26261 26252
22068 0 29955 31333 31333 6868 6868
6111 0 23960 24 24 44 42
6111 1 11198 6 2 2 2
2003 0 4127 177 177 13117 13113
40878 0 34399 78 78 36182 36178
26349 1 19291 2 2 3 2
15641 1 5982 5 2 4 2
21253 0 5982 1953 1953 14846 14846
3948 3 25669 4665 4661 364 364
40879 0 39495 1846 1846 32752 32752
10738 0 8594 1574 1574 2970 2964
40612 0 8594 24009 24009 40770 40763
12395 0 4161 5 5 407 379
40942 0 4161 34054 34054 40817 40788
26530 0 25605 3 3 7 6
25576 0 19971 1758 1758 25041 25035
3574 6 39280 147 143 2 2
35051 1 36988 2 2 2 2
19269 6 3870 212 211 23 23
26457 1 21879 2 2 3 2
16049 4 31756 51 49 4 4
26279 5 6146 4 4 955 943
31974 5 6146 2 2 415 404
22137 5 3531 2 2 46 24
15837 1 15836 2 2 2 2
3895 0 3721 161 161 607 572
23820 6 25420 9 5 4 3
23820 6 11103 12 7 7 6
28203 4 29473 841 837 492 492
2999 1 36067 4 2 2 2
11766 5 10754 3 3 28 9
40880 0 10330 29242 29242 40932 40927
29695 1 25945 2 2 3 3
15242 6 5534 3 1 3 1
16017 3 30757 559 557 195 194
9486 3 6190 111 107 88 88
10504 6 36780 326 319 119 119
31226 0 17728 461 461 9521 9512
8734 1 1538 3 2 2 2
29667 0 249 37 37 893 849
7681 0 249 67 67 1833 1788
1196 5 12328 646 646 34936 34919
29190 5 2139 16 16 6225 6198
9335 5 2139 21 21 3117 3091
13338 1 18054 4 2 2 2
19110 4 40436 84 84 49 49
1935 0 7945 28 28 2362 2340
1104 0 7945 9 8 100 79
32001 2 3539 162 162 4643 4642
7118 0 3978 26 26 61 40
27765 0 206 1666 1666 17915 17885
16624 9 15794 2 2 2 2
1966 4 24890 1341 1339 273 273
31338 0 8266 2 2 23 19
40221 5 73 1 1 69 14
3410 4 40221 53 52 6 6
29650 5 73 627 627 36072 36014
4984 0 73 6 6 54 43
7890 1 8556 7 4 4 2
32343 0 7890 12541 12541 35306 35289
4686 0 9935 560 560 10260 10244
1690 1 5111 7 4 3 2
23282 0 1690 28 27 274 264
10335 1 2363 3 3 3 2
19856 1 15917 3 2 3 2
15168 1 35514 2 2 2 2
40881 0 9334 15702 15702 40715 40710
28253 1 28252 2 2 3 2
11736 1 678 4 2 5 3
12371 1 20336 9 5 3 2
26039 1 31200 30532 30532 28242 28242
39168 1 23614 2 2 2 2
20692 1 21524 2 2 2 2
24359 1 36592 2 2 3 2
6740 1 6335 4 2 2 2
38194 0 6335 1781 1781 4991 4991
5315 0 18408 3 3 3 3
11605 4 40002 24 24 25 25
12921 1 24570 9 3 4 2
21374 1 12921 3 2 6 3
5134 2 4633 1 1 11 1
35877 0 85 14 14 911 676
23185 0 85 32 32 1790 1549
40756 0 85 31109 31109 40699 40452
26136 1 26135 2 2 2 2
37633 0 20754 26540 26540 39468 39467
40883 0 1222 12381 12381 40767 40753
40904 0 1222 1608 1608 40574 40561
19190 1 22874 3 2 3 2
14563 2 35454 40943 40941 2946 2946
12530 1 5329 2 2 3 2
37793 0 425 114 114 5029 5009
7112 1 21005 2 2 3 2
13785 6 30026 5399 5398 5513 5513
30892 1 27200 2 2 2 2
22309 1 11345 3 2 8 2
652 1 11489 3 3 3 2
21523 0 5914 45 45 2612 2608
19459 1 8641 2 2 7 4
103 0 9917 551 551 2821 2820
34367 1 30925 2 2 3 2
39210 0 36049 3123 3123 31421 31420
27244 6 22681 55 54 7 7
12608 4 21734 38 35 2 2
31281 1 6359 2 2 5 2
40153 0 6359 531 531 32027 32019
28257 1 28256 3 2 2 2
3741 6 11977 4 2 5 2
8455 0 14334 108 108 118 117
11170 1 606 7 2 4 2
9097 4 33963 116 115 32 32
15436 1 15435 3 2 2 2
9201 1 9200 3 2 5 4
6058 0 5378 23 23 495 481
5378 1 9054 3 2 7 2
24455 0 7235 30 30 6646 6641
40886 0 36491 30141 30141 40809 40808
27948 0 29072 3907 3907 31009 31005
2574 1 10949 2 2 7 3
15184 1 36822 2 2 3 2
17033 1 208 2 2 3 2
5633 0 4663 661 661 16335 16319
23779 0 17423 5104 5104 26882 26878
31140 0 1615 13 13 482 477
25999 1 31140 2 2 2 2
29071 0 25203 3650 3650 20976 20973
4929 4 37085 88 82 26 26
11962 4 5667 20 16 5 5
14732 6 18907 16983 16982 259 259
4582 0 23340 8075 8075 10560 10556
2940 0 23340 33 33 33 30
6093 10 24981 3 2 2 2
14001 0 36202 10 10 259 259
37407 0 19919 11 11 3384 3381
28934 0 6210 164 163 113 110
13298 1 26814 4 2 3 2
12356 1 20726 3 2 3 2
11679 7 15652 51 45 9 8
18992 0 780 70 70 3435 3427
12696 0 1750 14215 14215 24491 24489
22477 1 2282 8 3 2 2
17701 4 36065 165 165 20 20
20641 0 36866 10599 10599 17707 17706
31601 0 1352 167 167 1762 1756
36144 0 28533 600 600 1726 1726
22400 2 2183 1 1 56 25
39117 2 5348 20 19 12 10
12905 1 5832 3 2 3 2
16355 1 22399 166 161 208 208
8334 2 35737 66 66 1174 1173
13347 0 26570 16 16 21 19
40889 0 34949 8886 8886 40740 40739
12551 0 7485 126 126 1394 1393
3154 1 27514 2 2 2 2
35950 0 20760 4 4 27 22
20760 0 25127 20 20 194 193
23933 1 23098 3 2 4 2
12685 6 19180 625 619 30 30
12358 2 4168 3 3 14 5
7700 2 4168 4 4 16 6
35674 0 16517 22594 22594 34370 34369
6813 1 5175 2 2 2 2
7375 1 7374 3 2 3 2
40890 2 23906 7282 7282 40766 40766
21948 4 38918 2082 2082 3808 3808
17500 9 17499 2 2 2 2
6759 1 21078 3 3 2 2
11196 0 24534 5453 5453 8016 8013
16734 7 13678 3366 3363 16 16
865 1 17946 11 2 2 2
1821 6 39122 248 234 16 16
11630 1 31896 5 2 2 2
7284 1 17756 4 2 2 2
26770 5 6829 1 1 7 1
37565 1 22789 3 2 3 3
11926 1 11925 2 2 2 2
27446 1 22702 4 3 2 2
13999 0 37238 8 8 49 48
2050 6 30438 1210 1210 4434 4434
21493 0 24309 1409 1409 20376 20376
40891 0 13449 26214 26214 40733 40732
15390 1 38904 3960 3959 43 43
33146 1 2101 11 10 14 6
17987 3 17986 7 5 3 2
29746 3 17987 2 2 5 3
2692 0 10487 269 269 1044 1041
32902 1 29338 2 2 2 2
14511 6 11512 21022 21015 2812 2812
6117 1 683 2 2 5 2
25817 0 40019 18603 18603 20410 20410
39730 4 31900 4673 4673 18599 18599
14912 3 19439 6 3 4 4
34332 4 1842 209 205 31 31
29957 5 8285 18 18 526 522
8398 4 40398 3153 3153 318 318
13141 4 36356 64 52 3 3
24146 1 36079 3 2 2 2
12197 1 24146 4 2 2 2
8973 0 15567 226 226 361 360
2840 1 18631 2 2 2 2
4993 1 4648 2 2 11 2
15543 4 26788 3895 3895 11039 11039
9926 1 1976 3 2 5 3
40893 0 10088 5736 5736 40590 40585
18632 0 15264 1821 1820 10845 10842
25930 4 9684 57 52 13 13
39714 5 5407 2 2 212 187
31612 1 9688 2 2 3 2
1782 1 1781 3 2 6 2
34009 6 39128 847 844 496 495
25597 0 4132 113 113 4262 4252
16378 0 2054 26 26 86 69
12541 0 2054 2 2 19 3
2054 1 17904 4071 4071 5430 5429
18557 9 18725 2 2 2 2
40453 1 28165 2 2 4 2
7231 0 16733 10439 10439 1029 1029
17867 1 14085 2 2 3 2
36201 4 39259 1741 1740 58 58
17202 0 12720 17 17 61 52
28053 0 4049 25 25 2867 2853
25593 0 4049 932 932 25376 25361
4049 1 28361 3 3 5 3
22873 1 37187 3 2 2 2
37187 0 3391 16103 16103 36076 36072
30984 1 6485 3 2 2 2
12052 1 6794 3 2 3 2
6371 6 13857 4466 4461 583 582
1675 3 3261 5 2 3 2
32329 0 39076 13356 13356 16415 16415
1788 0 22163 4 4 8 4
8791 1 15310 3 2 2 2
13863 1 15310 9 2 6 2
3838 1 15310 4 2 9 2
36716 0 15310 394 394 5365 5365
23303 1 6584 3 2 3 3
9014 0 13840 704 704 10051 10046
9501 1 16279 4 3 3 2
9412 1 35482 3 2 2 2
26517 1 352 14 12 33 24
30651 1 30650 2 2 2 2
13606 0 5759 6 6 71 56
24242 4 40495 1375 1375 3227 3227
3024 1 8489 3 2 9 3
4914 4 5471 56 51 8 8
16649 0 11808 31 31 213 207
16580 1 16649 3 2 3 2
8882 1 30608 2 2 2 2
24380 6 4034 105 105 464 462
20967 1 38940 600 597 81 81
38940 1 20967 82 82 582 579
12345 4 32572 18 17 3 3
17336 1 6811 2 2 4 2
4393 0 21188 25 25 107 105
16082 0 19592 12040 12040 27678 27677
13599 4 38034 150 150 29 29
2399 3 852 4 2 3 3
26551 1 17969 4 2 4 2
19862 1 25685 4 2 2 2
33100 0 23835 43 43 369 363
38732 1 16818 2 2 4 2
30257 4 39983 96 96 38 38
2097 1 9439 7 3 6 2
8891 1 8890 2 2 5 3
10946 1 16189 28 25 7 6
23311 5 666 7 7 756 728
7605 1 16736 3 2 3 2
40896 0 23801 382 382 30348 30346
3152 1 34834 4 2 2 2
8027 0 17129 21017 21017 38600 38599
18036 1 23414 4 2 4 3
10896 1 5187 2 2 2 2
29378 0 14065 7 7 78 76
11268 1 18820 5 4 13 10
10603 3 7644 3 2 4 3
28163 6 33290 79 79 95 95
26372 1 2839 4 2 4 2
13731 1 3340 6 4 6 3
30635 1 27499 3 2 4 2
19561 2 12788 12 10 18 16
6316 1 14884 8 6 6 5
14884 1 6316 7 6 8 6
40071 0 542 64 64 1679 1665
24433 1 24432 2 2 2 2
8518 8 19686 81 76 12 12
36028 1 13581 2 2 3 2
23015 1 39472 3 2 2 2
29941 0 8121 98 98 105 100
11007 0 39628 3247 3247 243 242
38483 1 35975 2 2 2 2
27069 0 17594 3 3 149 148
31414 0 21528 135 135 149 146
10966 0 6448 348 348 3590 3586
7275 0 36151 8110 8110 20196 20195
10347 0 12311 6 6 55 44
40897 0 15992 30842 30842 40928 40923
29348 1 9181 2 2 6 2
181 4 20452 95 90 8 8
30056 0 13450 630 629 3514 3508
13510 0 34706 97 97 2137 2135
9041 1 8986 7 4 7 2
33052 1 6521 3 2 4 3
26934 4 36843 167 167 212 212
2778 1 2777 6 3 2 2
28399 9 24687 3 3 3 3
28399 0 7125 6 6 10 8
163 1 9522 5 2 3 2
38964 6 15538 4 2 5 3
36295 6 20656 1197 1197 299 299
7947 1 3044 5 3 8 2
24577 0 6103 3126 3126 6357 6354
39447 2 955 21 20 232 220
27080 0 35724 104 104 671 671
18317 0 16471 122 122 5411 5408
40899 0 1371 1706 1706 40604 40581
35847 0 1371 3 3 572 550
32447 6 14556 257 255 8 7
5046 5 5363 26 26 25680 25665
31855 0 1378 11 11 102 41
19994 0 1378 6 6 81 22
25740 0 1378 265 265 151 89
40676 0 1378 8005 8005 40615 40552
20832 0 2453 2644 2644 28723 28669
38637 0 35536 154 154 1002 1002
29542 6 38922 28 28 7 7
17578 1 8885 3 2 5 3
40900 0 3668 16451 16451 40756 40748
38879 4 40465 51 51 52 52
23645 1 3271 3 2 3 2
10717 1 23392 2 2 3 3
7129 6 37636 98 78 2 2
7129 6 39342 56 37 35 32
22752 1 11603 6 3 4 2
13171 0 2104 33 33 4948 4932
3840 4 25993 120 119 12 12
6976 1 6542 2 2 2 2
6504 0 17314 11 11 86 79
1218 1 18913 4 2 2 2
23637 1 22005 2 2 2 2
12259 4 40042 2534 2534 6893 6893
29053 0 31232 4 4 18 14
14841 1 11642 4 2 4 2
12434 1 11406 3 2 5 2
4571 1 19807 3 2 2 2
12516 1 16943 2 2 4 3
9471 1 28564 3 2 2 2
40902 0 30686 29933 29933 40810 40809
215 1 13069 6 2 3 2
28342 4 21955 352 352 204 204
4050 1 5908 2 2 2 2
10960 0 16571 9305 9305 17226 17225
3343 1 1512 6 2 5 4
15421 1 7039 5 2 3 2
40903 0 23890 18720 18720 40823 40822
18173 1 23932 3 2 3 2
26645 1 11702 2 2 2 2
15117 1 11702 2 2 3 2
7241 1 9423 4 2 3 3
15866 1 20662 3 2 5 2
308 1 23762 7 3 2 2
1602 1 20590 2 2 3 2
7541 1 7540 3 2 2 2
4015 0 32323 18686 18686 10320 10320
36003 2 3957 4 3 7 3
11479 0 4865 316 316 12631 12625
1202 0 14475 8946 8946 28234 28231
14612 1 19739 3 2 3 2
7024 0 6752 41 41 1197 1182
32853 0 5203 607 607 9430 9428
37253 0 40396 35226 35226 37962 37960
34648 0 16831 9 9 13 12
1613 1 3914 5 3 5 2
10826 0 26562 1272 1272 9091 9086
23101 1 12527 3 2 4 2
27830 0 8061 19257 19256 36676 36674
20864 1 6464 2 2 4 2
5262 6 29332 1809 1806 1316 1316
35821 0 16863 3997 3997 35090 35084
13407 1 4967 3 2 2 2
9713 1 18011 3 2 2 2
31393 4 27927 962 962 1369 1369
12347 1 13214 5 2 2 2
22063 1 36525 2 2 2 2
37425 0 4766 1193 1193 4391 4391
27152 4 38832 34 33 3 3
31830 5 24055 57 57 105 105
15799 6 17609 13 2 2 2
38974 0 621 4 4 224 223
17241 0 17150 2 2 3 2
2858 4 33960 39 7 2 2
26230 0 10765 3 3 9 2
19752 1 19897 4 3 2 2
38731 0 10922 17 17 504 501
30909 6 31031 20610 20610 27233 27233
40907 0 25161 14829 14829 40546 40544
36978 0 692 6 6 97 73
29708 0 692 4 4 54 31
20476 1 6724 5576 5575 7604 7602
40908 0 7921 16157 16157 40680 40680
2443 9 5163 7 6 2 2
12141 1 2443 4 4 3 2
7159 4 32394 7 5 2 2
9995 0 1520 43 43 400 390
3657 1 11758 19 19 283 279
687 6 27283 26553 26532 2238 2238
8662 0 716 3 3 57 19
7974 1 3145 6 3 4 2
24517 1 9302 3 3 7 5
7449 0 7095 16908 16907 12019 12019
31989 4 40175 14 14 7 7
40909 0 3338 1578 1578 40556 40548
19172 0 15730 27 26 35 34
15433 6 23550 32323 32320 2410 2410
15869 1 9418 4 2 4 3
27694 3 13419 3 3 4 3
21543 0 14367 7473 7473 15413 15407
5015 4 5256 9 2 2 2
16016 1 10865 3 2 2 2
2379 0 14652 6230 6230 10155 10155
40910 0 10662 15530 15530 40659 40651
13388 1 17572 2 2 3 2
38526 0 17405 11421 11421 29630 29622
9889 0 38560 2472 2472 15041 15040
11600 0 13047 6 6 20 12
40912 0 9931 22314 22314 40788 40788
36575 0 34172 24247 24247 35800 35797
19960 6 20910 31727 31726 5872 5872
10868 1 6529 3 2 3 2
25398 1 30292 2 2 4 2
13664 1 23487 4 2 3 2
40913 2 1214 442 442 40606 40587
13094 2 1214 4 2 22 4
16437 0 26208 11130 11130 18884 18882
22757 1 22756 3 2 3 3
40260 0 26108 2 2 14 12
32735 0 5654 3 3 22 19
3447 1 9780 8 3 3 2
14404 1 3447 3 2 4 2
7985 1 4209 3 3 6 3
40915 0 10407 29049 29049 40891 40891
6851 1 6468 3 2 6 2
15604 3 4192 16 16 10 10
9074 0 2243 7 7 60 59
16945 1 27937 2 2 2 2
37937 2 17319 5 4 18 15
17444 1 7040 2 2 4 3
24542 0 21434 25564 25564 35008 35007
19654 0 38248 33980 33980 17127 17127
40916 0 25194 20400 20400 40809 40808
3512 1 1507 3 2 3 3
35515 4 5683 1373 1373 1279 1279
26598 1 13630 2 2 2 2
3815 1 39428 4 2 2 2
4037 0 16708 7 7 106 102
29698 0 8868 14122 14121 8249 8248
15051 1 14230 2 2 2 2
1006 3 17460 3 2 6 2
20944 1 2415 4 2 5 2
9847 3 11802 12247 12240 8453 8453
19964 4 40677 40746 40743 12603 12603
23100 1 23574 2 2 3 2
21645 1 16026 3 2 3 2
3046 0 140 1634 1634 22836 22830
1732 6 23260 15 2 1 1
29279 4 22476 577 577 58 58
21641 0 8412 559 559 393 392
40283 0 13935 422 422 235 232
20075 1 5623 4 2 3 2
32173 0 25942 13 13 67 64
17114 1 9438 2 2 2 2
33419 4 28271 30 28 10 10
40917 0 5681 12142 12142 40686 40685
15907 1 15906 3 2 2 2
15906 1 26088 3 2 2 2
14098 4 39569 397 395 322 322
4725 1 3135 3 2 3 2
24645 1 21259 3 2 3 2
22111 1 25386 2 2 2 2
11499 1 5619 2 2 3 2
3068 1 3431 3 2 4 3
7765 1 7764 3 2 2 2
11813 1 30361 9 3 2 2
13330 1 4080 3 2 3 2
40919 0 27595 34234 34234 40925 40924
26579 0 27595 595 594 10046 10046
20569 1 7364 3 2 7 2
27835 1 30774 2 2 2 2
2212 6 39573 40052 40052 1668 1668
29644 1 22647 2 2 2 2
28102 1 13943 2 2 3 2
39806 0 4094 14140 14140 21618 21618
11333 0 1873 65 65 583 574
7708 1 7707 2 2 2 2
20826 6 37122 280 279 281 281
35116 1 2058 2 2 5 2
4697 1 3858 3 2 3 2
11455 4 7090 204 200 13 13
40921 0 10175 5300 5300 40579 40573
38431 1 28014 2 2 2 2
12033 1 19844 3 3 4 2
5245 0 33893 3973 3973 1504 1504
34222 0 38513 68 68 549 548
8695 1 8694 2 2 5 2
3104 1 3103 2 2 3 2
15438 1 11384 3 3 2 2
31721 1 24228 2 2 2 2
2370 4 3245 38 19 8 8
8754 1 6098 5 2 3 2
8754 1 4244 4 2 4 2
18988 0 27345 5 5 10 9
40923 0 13663 2027 2027 40680 40659
11049 0 722 23 23 9775 9767
38784 0 6570 37 37 285 270
16141 4 16183 9 7 3 3
496 1 32512 2 2 2 2
37743 1 14493 2 2 6 3
5090 1 38941 4 3 2 2
34217 1 30032 3 2 3 2
16865 1 8774 2 2 3 2
26008 1 24248 2252 2250 985 985
37763 1 3707 2 2 2 2
22457 6 34682 65 65 280 280
33138 1 11811 2 2 2 2
25767 4 33687 501 501 1094 1094
13958 4 28025 32 24 2 2
656 1 37010 2 2 2 2
10583 1 2117 8 4 8 3
20736 1 17537 32289 32289 25038 25037
10184 0 28333 633 633 518 514
38142 0 26564 20417 20417 19708 19708
3096 4 25112 148 140 21 21
15613 0 15381 3 3 189 185
22584 1 12684 3 3 4 2
10350 1 13671 2 2 3 3
7514 1 25165 5 3 4 3
25852 1 20593 2 2 3 2
14893 0 27550 325 325 4021 4021
22787 1 22786 2 2 3 2
5300 0 27067 173 172 1874 1874
622 0 8078 3 3 23 12
24444 8 33475 250 250 6234 6234
35002 0 19318 2825 2825 22153 22151
5466 0 115 5982 5982 28711 28695
19843 0 2682 2 2 3 2
22395 0 5140 345 345 4481 4477
20504 0 11647 7 7 216 207
11184 4 27448 18858 18849 748 748
33563 0 18375 9030 9030 217 217
19846 1 18645 35621 35619 17670 17669
23722 0 20561 34923 34923 27895 27895
36869 1 18872 2 2 9 4
1358 1 1357 4 2 2 2
13443 1 1717 4 2 5 3
9968 1 13305 4 3 4 2
6222 1 29825 3 2 3 2
19156 0 89 9131 9131 40464 40446
28882 9 3696 2 2 2 2
40924 0 22072 13687 13687 40749 40745
30066 1 7387 2 2 4 2
15533 0 7387 174 174 1145 1139
6506 6 39335 135 128 13 13
29368 0 40057 39668 39668 38854 38854
27225 6 33459 66 59 7 7
34773 0 34386 10 10 8586 8584
40449 0 1803 5758 5758 17994 17986
21774 6 9252 4834 4834 14083 14083
18483 1 17730 3 2 3 2
18247 1 33545 2 2 2 2
38623 0 5839 5055 5055 24818 24813
4359 1 29197 5 3 6 2
29197 1 13612 3 2 4 2
27198 1 6242 3 3 2 2
27447 1 4053 2 2 3 3
13806 1 28087 2 2 2 2
40925 0 19888 19740 19740 40704 40704
9983 4 21913 83 81 24 24
20348 0 11447 9 9 20 20
38036 0 1666 599 599 23193 23182
32679 0 34089 16620 16620 8468 8468
35965 4 17251 42 42 26 26
18481 6 27900 14949 14949 9448 9448
37628 1 32564 2 2 2 2
4466 1 21189 6 5 4 2
640 1 7220 3 2 3 2
24070 0 18975 11984 11984 24386 24384
2758 1 22165 2 2 2 2
4556 1 9927 4 2 4 2
40353 0 10745 122 122 1988 1983
19632 1 35311 2 2 2 2
39784 1 31199 2 2 2 2
4594 0 5891 14 14 368 364
4491 0 19288 214 214 132 130
30729 4 33668 86 86 34 34
34985 0 3925 4786 4786 16329 16325
28487 1 7168 2 2 6 2
26416 1 36198 4 2 2 2
34811 0 1272 670 670 10676 10659
3263 1 2390 3 2 2 2
11689 0 15537 8 8 15 12
28752 0 4416 5 5 15 14
27422 0 8663 1892 1892 29477 29475
5643 1 3754 3 2 2 2
11366 1 26527 3 2 4 2
24792 1 893 2 2 3 2
6657 1 21399 2 2 2 2
18566 1 6657 2 2 3 2
39413 0 5325 17 17 12721 12695
11969 1 26616 4 4 3 2
36488 1 6245 2 2 4 2
11151 1 17991 3 2 3 2
3136 1 16161 3 2 3 2
30980 0 3884 804 803 12256 12251
30250 1 32816 3 2 2 2
4638 1 29948 2 2 2 2
27855 0 9636 430 430 463 463
22777 1 35880 3 2 2 2
3901 1 1387 2 2 4 4
22243 0 13777 231 231 755 746
5542 1 30223 2 2 3 2
38033 0 20954 2368 2368 1682 1682
29753 0 15565 33 33 826 818
29266 4 13537 2393 2393 807 807
1937 6 25054 4052 4049 1087 1087
21124 0 14843 1435 1435 20326 20323
40927 0 290 31009 31009 40878 40832
31744 4 8674 399 398 112 112
40127 0 2558 1502 1501 10682 10667
2529 4 12558 33 26 2 2
7694 1 33571 5 2 2 2
22610 0 27194 50 49 205 200
30249 0 6066 6072 6072 29575 29574
658 0 13432 493 493 8074 8068
40928 0 9369 11336 11336 40829 40828
38434 0 9010 12901 12901 16625 16624
30241 6 28445 18 15 2 2
35998 1 12005 2 2 5 2
37809 2 18294 3581 3580 9604 9602
11424 1 34792 5 2 3 3
35840 0 11072 6432 6432 40376 40371
28978 1 22902 2 2 2 2
11576 6 38596 225 223 7 7
1930 4 36216 622 615 36 36
7939 1 10211 3 2 4 3
28794 4 27413 169 169 15 15
5741 0 1817 64 64 7 7
5741 6 31343 5 2 2 2
19214 6 3845 45 41 4 3
23468 1 1116 3 2 4 2
19251 1 13436 3 2 3 2
30832 0 17008 7279 7278 3738 3738
10086 1 10085 2 2 4 2
20123 1 21785 3 2 4 2
29801 1 16682 2 2 5 2
2714 6 17927 48 4 11 7
3544 6 29062 31 20 6 5
16737 0 2582 1255 1255 22287 22283
37791 0 27732 3 3 34 29
17526 4 11245 101 99 23 23
1533 0 604 946 946 6261 6250
39727 1 9142 2 2 7 2
13018 3 4849 4 2 3 2
32445 0 36854 6 6 175 173
30065 6 21979 107 107 1864 1861
1742 6 21979 4433 4433 23293 23289
23039 1 22926 4 2 2 2
32339 1 27741 3 2 4 2
17262 4 33581 187 186 39 39
26419 1 3896 2 2 3 2
2404 6 17683 102 100 17 17
33189 0 14812 1555 1555 14389 14385
26452 9 7754 468 468 7278 7277
19015 1 28438 2 2 4 2
12913 1 9397 2 2 2 2
40931 0 27727 27361 27361 40870 40869
1419 1 22014 4 2 2 2
22075 4 35020 22 21 32 32
14470 4 37913 142 141 22 22
28719 0 7960 1524 1524 14833 14833
8597 1 843 2 2 3 2
14278 0 7240 5413 5413 18309 18292
2970 0 8651 809 809 4742 4741
17407 6 4098 4496 4495 1234 1234
15599 5 6014 677 677 4272 4269
23298 0 37796 37 37 185 183
23743 4 1839 321 317 76 76
9242 1 9241 2 2 3 2
40932 0 8840 36963 36963 40895 40888
20097 1 39891 6 3 2 2
28366 1 34247 3 2 2 2
23644 0 37462 2490 2490 241 241
9572 9 9571 5 5 2 2
30724 1 28310 2 2 3 2
18933 4 6687 47 45 2 2
17759 0 2861 177 177 1248 1240
40933 0 15371 20977 20977 40664 40660
38707 1 6267 2 2 3 2
4208 1 4207 3 3 3 2
15219 1 38553 2 2 2 2
23158 4 15716 337 337 200 200
21950 1 27256 2 2 3 2
34499 0 3934 716 716 15831 15828
35578 1 3227 2 2 3 2
7908 1 6243 39 32 17 16
1914 6 14604 1512 1488 105 105
38010 0 30717 533 533 4427 4426
40934 0 22330 39311 39311 40905 40905
36509 0 1481 4611 4611 6083 6082
17630 1 5576 3 3 2 2
16260 4 1174 216 210 14 14
8162 2 27707 127 127 223 223
28523 9 16965 2 2 3 3
40935 0 16658 35272 35272 40906 40903
25614 0 86 14 14 51 48
18620 3 6300 3 2 3 2
10303 0 1380 29 29 48 33
37033 0 20187 467 467 585 584
26386 0 18443 5378 5378 7134 7133
38926 0 5480 2389 2389 25671 25670
29831 0 12577 5 4 19 12
15782 0 21097 1658 1658 40035 40032
22438 1 8094 2 2 3 2
40936 2 3999 562 562 40638 40599
1838 0 11464 5497 5497 17129 17127
14405 6 31106 1419 1416 905 905
38576 6 23883 258 258 727 727
17088 4 35425 1322 1322 503 503
849 10 13402 4 4 2 2
31905 1 5241 3 2 4 2
5409 0 9991 37 37 28 26
7245 0 31986 947 947 4624 4623
34983 1 16742 2 2 4 2
10762 1 12714 3 2 3 3
10953 0 273 14 14 190 177
26769 0 1194 6 6 11 9
12790 6 38666 72 71 31 30
20833 0 14547 767 767 15246 15246
31477 0 20633 6 6 10 8
25922 1 17748 4 2 3 2
35874 0 3549 13 13 81 66
24436 1 2798 2 2 2 2
25966 1 11230 2 2 2 2
16275 1 18980 4 2 4 2
7862 4 17841 243 240 30 30
12959 0 12265 1292 1292 9200 9200
40938 0 25310 26203 26203 40739 40737
35627 0 3269 4 4 17 14
18098 1 22245 7 2 2 2
35614 0 5846 2 2 38 8
29207 1 24456 3 2 4 2
1048 1 24443 3 2 3 2
22767 5 6095 2 2 31 28
12231 0 16476 2 2 18 12
19496 1 30112 2 2 4 2
40940 0 7382 12474 12474 40839 40836
8838 1 20614 4 2 3 2
30101 1 30632 3 2 2 2
9830 1 34527 2 2 3 2
40941 0 13946 22027 22027 40859 40857
28643 0 11339 6 6 441 437
13847 1 14386 3 2 4 2
27260 1 35256 3 2 3 2
35120 4 33416 19 17 4 4
6728 1 6727 13 4 4 2
