1678 7 40551 300 69 1 1
1678 7 18056 352 115 1 1
1678 7 30089 507 267 1 1
1678 7 36781 334 98 1 1
1678 7 18000 327 92 1 1
1678 7 9202 290 60 1 1
1678 7 26036 33288 33045 8 8
1678 7 35669 473 234 1 1
1678 7 40887 29131 28890 8 8
1678 7 38204 32323 32081 12 12
17935 9 35175 10 10 2 2
785 8 10116 33768 33300 142 142
785 8 37575 678 234 1 1
785 8 21817 6492 6040 2 2
785 8 18729 456 14 7 5
785 8 12268 9615 9162 2 2
785 8 29200 32924 32457 54 54
785 8 23537 20710 20249 6 6
785 8 6770 14239 13783 2 2
785 8 1493 10446 9992 3 3
785 8 28822 19172 18712 3 3
785 8 15703 3968 3520 141 141
785 8 8245 6163 5712 3 3
785 8 36761 22411 21948 3 3
785 8 155 28142 27677 41 41
785 8 39420 21432 20970 47 47
785 8 38749 18652 18193 6 6
785 7 11761 6869 6855 24 24
16176 4 33688 8767 8765 8992 8992
18671 0 11241 4 4 35 21
19621 0 11241 7 7 48 33
15582 0 4030 15 15 240 212
25033 0 4030 3 3 38 12
31351 0 4030 35 35 443 414
19165 0 2969 101 101 6511 6502
21012 1 19165 8 5 3 2
16748 6 29001 9 8 11 9
31740 0 1183 2 2 125 82
26184 1 32091 3494 3491 180 180
32091 1 26184 609 609 5639 5636
4194 1 6975 2 2 3 2
6975 1 3569 10 9 17 12
15602 0 4367 1972 1972 13067 13038
6546 0 4367 65 65 5648 5620
24512 1 24859 2 2 3 2
33182 0 5053 21377 21377 39470 39467
5945 6 10270 5 2 3 2
5109 0 22368 558 558 10914 10909
20774 0 8060 23 23 3 3
12274 1 9268 2 2 3 2
12842 1 15886 10 6 3 2
13394 1 3789 6 4 2 2
13394 0 3459 215 215 756 749
38200 3 8055 6 5 12 10
36698 0 586 74 74 3483 3403
13143 0 586 10 10 764 687
7684 1 586 3 2 7 2
586 3 772 109 99 39 38
586 3 3510 142 131 8 8
586 1 11276 11 4 4 2
38212 2 121 7 7 1424 924
34053 2 121 7 7 1147 654
21130 2 121 22 22 4631 4126
22680 2 121 2 1 505 25
33440 2 121 4 4 950 461
37929 2 121 62 62 4987 4481
25514 2 121 22 22 2264 1761
31531 2 121 5 5 1083 592
15287 2 121 23 23 3979 3475
30007 2 121 2 1 486 10
33594 2 121 4 4 800 314
31050 2 121 39 39 5144 4637
10443 2 121 2 1 463 1
13776 2 121 2 1 475 4
28371 2 121 6 6 1196 700
25046 2 121 3 3 938 450
29285 2 121 11 11 1176 681
29029 2 121 9 9 1832 1331
39017 2 121 1 1 557 75
36587 2 121 10 10 1091 599
29042 2 121 21 21 1352 854
20341 2 121 12 12 1011 521
33915 2 121 9 9 1168 674
14588 2 121 2 1 521 40
121 6 39924 201 197 260 260
40757 0 1311 333 333 19846 19829
40804 0 1311 1220 1220 32747 32729
1311 0 896 76 76 152 147
18270 1 18269 5 3 2 2
13049 0 4990 35 35 5926 5906
36351 0 4990 8 8 664 645
29179 1 10971 2 2 2 2
23886 0 6769 4 4 11 10
30612 0 4411 640 640 7302 7301
14866 0 3633 3 3 25 20
35748 0 11399 306 306 14569 14563
31413 0 15186 66 66 1205 1203
20145 0 11015 884 884 2470 2469
40728 5 914 6 6 15737 15447
28450 5 914 258 258 31222 30929
7848 5 914 1 1 280 4
35945 5 914 1 1 337 55
25546 5 914 2 2 5664 5376
38155 5 914 1 1 357 74
36490 5 914 10 10 15774 15483
31958 5 914 1 1 371 87
16022 5 914 17 16 890 603
1595 5 914 3 3 464 179
5734 1 377 9 7 7 6
22785 0 5734 281 281 334 333
1255 6 24915 86 86 2035 2035
14244 1 11981 2 2 6 3
19390 0 4369 35 35 380 361
15364 0 4369 56 56 5368 5346
6533 0 4369 746 746 13100 13077
20079 0 4369 158 158 1484 1463
3634 1 4369 5 2 2 2
10990 1 4301 8 3 3 2
16398 1 2783 6 5 18 11
2783 1 1316 19 12 9 5
31737 0 16660 2 1 14 1
40758 0 6286 2610 2610 22130 22118
36771 0 6286 34 34 243 232
23301 0 6286 62 62 124 114
6286 1 7865 2 2 3 2
40759 0 45 9808 9808 38754 38751
45 1 44 18 7 2 2
30663 4 40225 137 136 27 27
14235 0 20549 36 36 360 355
20549 1 8731 4 3 8 4
15727 0 20842 122 122 48 47
28017 0 10090 527 527 38097 38082
40795 0 10090 1407 1407 32857 32843
32851 1 11382 5 5 13 12
21858 0 14369 8 8 2982 2978
34003 0 20650 28 28 26 25
5656 1 624 3 2 12 7
624 1 34337 12 7 2 2
32035 1 33317 2 2 2 2
6074 0 11052 8205 8205 7628 7628
6074 1 6073 3 2 2 2
31355 4 35983 321 318 128 128
10203 0 23680 5013 5013 30695 30695
34114 4 1598 278 277 24 24
15430 4 617 20 6 3 1
617 6 23164 1184 1169 802 802
40760 0 3796 2768 2768 31820 31809
40898 0 3796 6474 6474 39738 39726
27089 0 25460 2 2 10 2
38920 0 20791 18 18 10 10
26740 0 15987 12 12 139 134
26740 5 4475 3 3 77 57
33592 0 3640 2 2 109 40
21749 0 16741 112 112 276 272
40287 6 21134 5 5 4 4
14022 1 6297 30 26 2 2
14504 1 14022 2 2 10 6
40761 0 448 4842 4842 25758 25733
23685 1 146 4 3 4 3
24780 0 39997 19330 19330 12746 12746
40762 0 1763 7031 7031 19063 19058
6572 1 6944 11 7 7 5
6944 0 1701 942 942 30976 30969
4031 1 9327 10 3 7 4
37067 1 10473 11 11 4 3
23647 0 1338 5 4 29 2
23277 0 13709 59 59 4514 4494
3947 0 12235 809 809 14569 14560
12250 1 12717 2 2 2 2
271 6 40026 1398 1371 567 567
14931 1 36099 14 12 16 15
36099 1 14931 20 19 20 18
36099 1 27949 2 2 4 3
14576 5 2971 6 6 320 256
13484 5 2971 1 1 50 3
7443 1 25067 16 13 6 5
16880 0 18633 968 968 5160 5154
16881 1 16880 4 4 5 3
17282 0 228 48 48 28760 28683
33871 0 228 334 334 18034 17959
40763 0 987 18220 18220 35233 35228
20046 0 4696 130 130 1838 1831
8415 2 7033 3 1 6 1
15870 1 18392 4 3 4 3
25017 9 18392 4 4 4 3
3787 1 8742 3 2 7 3
23980 0 3787 122 122 698 681
8742 1 19068 15 11 10 5
11482 1 10803 3 2 3 3
2901 0 30222 19735 19735 32615 32615
10757 0 3459 122 122 1073 1065
26302 0 3459 187 187 1744 1735
10581 4 27666 4265 4265 11311 11311
11449 2 6220 266 265 244 237
258 6 35861 2965 2961 661 661
25183 3 11235 7224 7224 10116 10115
15107 1 15106 2 2 2 2
20809 4 32820 2591 2572 153 153
20809 4 32206 323 305 8 8
4981 1 17073 4 2 3 2
16542 0 4523 32 31 129 127
40894 0 16542 14715 14715 32207 32205
10161 1 10160 3 2 5 2
10160 0 15134 469 469 3700 3693
26185 1 15249 2 2 3 3
1771 1 1770 11 6 8 7
1771 1 9610 13 7 13 10
1771 1 36226 6 2 3 3
24128 0 8842 1317 1317 29578 29575
26157 1 31405 3 2 3 2
31405 1 31404 4 3 2 2
6096 1 29574 7 4 2 2
31306 6 34770 161 161 8656 8656
65 9 439 2 2 2 2
9078 1 23938 3 2 3 2
10215 0 5164 868 867 7527 7517
1559 8 14508 55 37 2 1
1559 8 25902 11676 11657 4 4
23501 0 1668 393 393 12671 12600
20112 1 27611 2 2 2 2
29717 0 30926 4312 4312 36991 36990
40020 0 17095 6632 6632 19983 19982
23138 0 1929 15 15 3063 2833
38723 0 1929 5 5 326 99
27757 0 1929 2 2 278 53
35086 0 1929 6 6 758 529
20750 0 1929 11 11 255 32
38906 0 1929 3 3 226 5
18333 0 1929 3 3 241 19
15970 1 3369 3 2 4 2
8306 2 25327 20 19 12 5
25327 5 3250 31 31 802 790
32633 1 5596 6 5 11 7
30166 0 5644 10 10 1199 1181
3771 0 5644 9 9 93 76
36968 0 18425 956 956 4453 4450
4765 1 4764 5 4 9 5
17970 0 4765 34 34 2267 2262
13604 2 251 1 1 10 1
37309 0 30216 2395 2395 3155 3155
38488 0 19873 8777 8777 32531 32530
21703 2 1136 8 7 373 305
37709 2 1136 4 3 484 415
29422 2 1136 3 2 68 1
34900 2 1136 12 11 763 693
4319 2 1136 21 21 822 751
35289 1 33808 5 5 8 7
7560 1 5488 7 6 17 13
40937 0 5488 23802 23802 33558 33555
13163 0 5488 2348 2348 478 476
3087 1 18847 19 18 18 18
27819 0 3087 16861 16861 32057 32042
29206 1 25712 3 2 3 3
4485 0 608 132 132 1707 1342
4485 1 4213 9 6 9 4
2562 0 608 809 809 12082 11705
20006 0 608 1419 1419 18549 18160
40838 0 608 1552 1552 24066 23672
40777 0 608 1569 1569 25365 24970
39245 0 608 7307 7307 28437 28039
40814 0 608 1700 1700 17304 16916
14223 0 608 74 74 4187 3817
1328 0 608 23 23 14182 13801
40785 0 608 992 992 21113 20722
40830 0 608 4257 4257 35251 34850
28595 0 608 4465 4465 21387 20995
7793 0 608 1760 1760 16984 16597
40884 0 608 248 248 14744 14361
30256 0 608 3 3 3476 3109
33590 0 608 11 11 902 538
40793 0 608 373 373 23330 22937
37242 0 608 4659 4659 30030 29631
9757 0 608 8 8 731 368
21406 0 608 2102 2102 27802 27405
40764 0 29777 5747 5747 37493 37491
13128 0 959 18 18 7478 7447
35052 0 959 4614 4614 30452 30420
14092 1 7130 15 14 20 18
40765 0 18 2311 2311 33394 33394
37609 0 25129 4137 4137 28261 28256
3268 1 10028 4 3 4 2
40766 0 35564 27870 27870 37467 37466
15729 1 12999 9 6 10 9
12999 1 15729 10 8 6 3
35258 4 25396 40 40 31 31
38187 1 29741 2 2 4 3
38187 0 2275 1662 1662 23499 23465
40767 0 15247 30965 30965 38701 38698
27131 1 17012 2 2 2 2
15936 0 23068 3 3 7 5
7803 1 13968 12 10 20 18
13968 1 7803 15 13 11 9
40572 0 32910 12098 12098 23757 23754
39830 0 32910 3 3 13 11
14004 0 25065 467 467 7002 6999
25065 0 4789 6 6 265 263
32733 0 248 13 13 66 57
10121 0 248 9 9 261 251
30194 0 7722 145 145 10273 10261
23606 0 4877 7 7 124 113
32247 0 4877 2 2 44 34
30622 0 2318 3 3 210 89
26982 0 2318 41 41 742 615
9320 0 2318 31 31 1168 1040
26224 0 2318 1090 1090 10987 10856
18713 0 2318 4 4 400 276
38875 0 2318 20 20 722 596
3443 1 12083 3 2 5 4
13887 0 3443 10 10 285 274
18271 0 3443 4 4 55 45
4423 0 24850 4 4 8 7
1038 4 13190 205 39 10 10
1038 4 40447 178 15 2 2
1038 4 33781 204 39 10 10
1038 4 31677 237 69 7 7
1038 4 7455 165 3 2 2
23751 4 8080 125 121 4 4
8080 4 23312 117 114 16 16
25625 5 2176 14 14 7376 7271
24036 5 2176 1 1 177 78
18415 5 2176 3 3 1556 1452
29637 0 28168 94 93 430 425
17924 0 7315 9005 9005 21781 21776
13300 0 11301 645 645 4105 4094
13300 6 14769 19531 19528 23856 23855
25115 0 11301 20 20 317 307
20438 0 11301 891 891 7957 7945
37862 0 11301 9 9 296 287
34851 4 31118 12 11 6 6
40242 0 24346 2858 2858 11998 11995
26644 1 4985 3 2 4 3
26644 1 16054 2 2 4 3
8110 0 12168 5 5 123 87
36165 0 12168 285 285 2417 2380
22455 6 27199 358 358 16785 16785
7288 1 36878 2 2 2 2
19322 5 7288 126 126 12172 12157
40768 0 1784 6 6 3657 3611
15769 0 1784 14 14 8842 8795
40438 0 1784 253 253 31517 31469
40839 0 1784 5 5 451 406
27441 0 25270 37576 37576 32228 32227
25270 0 6354 5576 5576 20788 20785
12380 1 20717 13 10 77 76
3729 0 20717 91 91 5284 5273
176 1 25906 40 39 5146 5143
25906 1 176 6588 6585 179 178
40769 0 10981 16278 16278 39739 39738
24894 0 7247 7 7 22 13
27000 0 7247 122 122 10428 10418
17047 0 13439 7518 7518 38702 38702
40770 0 3005 1493 1493 15645 15631
12076 1 3005 3 2 9 3
12740 4 40747 27005 27005 34372 34372
16545 1 14634 2 2 10 3
4313 1 3457 22 16 17 13
1482 0 13752 11467 11467 6866 6866
1482 1 35255 8 4 6 5
11251 1 13752 3 2 3 2
28721 1 22741 2 2 2 2
28721 0 15897 3 3 9 7
3761 0 8987 6729 6729 3828 3828
8987 3 23784 24655 24655 8693 8693
7280 1 26118 4 3 4 4
28912 1 26118 3 2 5 4
38386 0 1904 2 2 4 2
6607 1 11157 5 2 3 2
637 6 31616 190 150 20 20
637 6 39715 542 500 367 367
637 6 14054 64 25 3 3
637 6 39536 599 556 58 58
637 6 23571 887 842 293 293
637 6 40404 702 658 390 390
637 6 29851 281 240 76 76
5767 4 21704 18 1 1 1
3432 4 7926 435 433 225 225
3509 0 3407 54 54 640 636
13238 0 3407 2 2 15 12
26647 1 3407 3 2 10 5
24287 1 17938 3 2 4 2
36533 9 24287 3 3 5 4
17939 1 17938 2 2 3 2
9673 1 8487 9 6 10 7
7998 1 9673 4 2 3 2
8487 1 7998 5 3 5 2
3814 1 3548 6 3 2 2
23744 0 296 12 12 260 114
21505 0 296 52 52 1317 1167
7397 0 296 2 2 141 2
10506 0 296 2 2 142 2
38028 0 296 2 2 143 2
12013 0 296 10 10 712 563
15119 0 296 5 5 357 209
36945 0 296 10 10 210 65
36798 0 51 65 65 3632 3433
38369 0 51 81 81 1832 1634
40705 0 51 1157 1157 1624 1427
20387 0 51 42 42 1172 978
40810 0 51 10121 10121 37781 37578
27837 0 51 5 5 437 245
5886 0 51 11 11 679 486
20051 1 20050 5 4 5 3
20861 1 5558 3 2 4 2
26868 0 6233 5197 5197 29264 29255
26868 1 5872 7 5 10 7
37434 0 917 5 5 40 38
25228 0 917 388 387 91 88
20402 0 16155 217 217 1658 1657
30004 0 2482 9 9 882 872
18986 0 2482 26 26 821 812
39024 0 29467 17265 17264 7980 7979
38724 0 29467 11752 11752 27583 27581
36561 5 129 1 1 138 94
1583 0 129 876 876 19554 19545
406 1 1287 5 3 11 5
23997 1 406 3 2 4 3
18173 1 1287 5 4 16 6
40882 0 1287 190 190 14359 14319
332 0 1287 6 6 61 23
18612 4 33576 46 27 12 12
18612 4 19325 50 30 9 9
12266 4 18612 117 110 2 2
5940 0 532 2 2 77 3
1521 0 532 2 2 81 5
40279 0 532 2 2 78 3
30426 0 532 2 2 76 3
15231 0 532 2 2 92 15
40771 0 10613 29734 29734 34440 34429
29184 1 22723 5 3 5 4
29184 1 30903 4 3 4 4
6386 0 26454 300 300 1734 1730
3277 1 37105 5 5 3 2
31630 0 33081 23249 23249 40390 40389
33081 0 3606 978 978 7899 7886
1354 1 1353 5 4 10 5
4940 6 40772 14967 14965 449 449
4385 0 4940 164 164 5291 5281
29446 0 4940 91 91 10638 10627
24366 1 7539 2 2 2 2
9683 6 40773 30673 30672 5791 5791
40773 0 2732 6270 6270 31310 31307
33864 0 13576 11 11 165 160
28351 1 685 2 2 2 2
35900 3 685 2 2 27 24
8053 1 32295 9 3 4 3
35212 0 8053 5553 5553 30016 30014
8643 0 1819 44 43 392 386
7117 1 8643 5 3 8 6
24594 5 1819 1 1 80 40
3210 5 1819 1 1 44 5
27467 0 31416 4368 4368 40792 40790
464 1 3675 3 3 11 5
3675 1 12232 9 3 3 2
3675 1 19310 8 3 3 2
4006 1 7203 6 3 4 3
1307 1 11050 6 5 35 26
10097 6 15251 12348 12348 11013 11013
21168 1 10097 3 2 6 4
23083 0 26718 30990 30990 32928 32928
21673 0 26120 24888 24888 40026 40025
26120 0 6426 2 2 43 35
24650 0 27939 12815 12815 37451 37447
38457 1 9568 2 2 3 2
27178 0 2497 78 78 10132 10032
31174 0 2497 11 11 5306 5209
19058 0 2497 6 6 361 269
23035 0 2497 27 27 1788 1692
5147 0 2497 181 181 5499 5401
5305 1 1 9 6 3 2
29442 1 5305 7 5 10 7
12784 4 1630 1250 1243 10 10
12784 4 5463 108 103 3 3
25315 1 20655 7 4 13 12
8198 0 20655 8748 8748 32081 32077
20655 1 5129 4 3 13 9
931 0 2275 6 6 899 867
11433 0 2275 361 361 23247 23214
14758 0 9787 11 11 7266 7247
36898 0 1686 116 116 9768 9761
40774 0 16369 21867 21867 35328 35323
17226 1 10110 2 2 3 2
27870 2 2023 3 3 138 89
18478 2 2023 4 4 520 468
11490 2 2023 1 1 380 329
20278 2 2023 20 20 1444 1390
16554 1 29212 4 2 4 3
29212 0 34093 24730 24730 18320 18320
36825 0 20796 81 81 181 176
5335 5 9988 71 71 4545 4543
29725 5 9988 66 66 6260 6257
1864 4 39744 152 74 6 6
1864 4 12986 212 133 5 5
1864 4 9221 131 54 10 10
1864 0 1703 2 2 39 7
12378 1 3604 4 3 9 5
9895 1 13428 7 3 2 2
15667 1 15666 2 2 4 2
2507 3 4435 2662 2661 2642 2642
6789 9 2507 7 7 10 9
16918 1 2507 18 14 21 12
20071 4 20803 186 181 14 14
20849 1 14778 5 3 2 2
13053 1 24622 2 2 8 5
40284 1 24622 6 6 10 6
19366 0 20234 1495 1495 14027 14025
26315 0 19366 2 2 14 7
35882 2 2524 404 403 811 767
33234 2 2524 5 4 48 6
40939 2 2524 27 27 29203 29158
8199 0 15331 42 42 986 984
19502 1 12706 3 2 2 2
11732 1 7659 3 2 8 4
29649 0 11732 1407 1407 20766 20758
7659 1 7279 12 7 7 3
12815 4 27688 80 58 3 3
12815 4 20570 108 85 4 4
26871 0 2084 27 27 7 7
4955 6 15531 3 2 4 1
8178 1 11153 2 2 2 2
2181 6 20785 530 513 539 539
2181 6 11583 626 608 366 366
23792 0 30977 47 47 247 242
4102 4 38587 84 74 23 23
40775 0 35896 27650 27650 27170 27169
6696 1 21296 4 2 7 5
21295 1 6696 2 2 4 2
8023 1 21296 3 2 6 5
3303 0 10707 2191 2191 16521 16495
17408 0 4099 10062 10062 40358 40357
23226 0 34449 7442 7442 38568 38567
4136 1 4135 5 2 2 2
39465 0 16668 2654 2654 20261 20257
16257 0 23562 409 409 452 447
4227 6 32367 25994 25991 2119 2119
40607 0 4227 3813 3813 27246 27243
16679 1 16678 4 4 5 4
1122 9 23212 3 2 2 2
23212 0 2918 2 2 464 388
7532 1 7531 16 12 9 8
29273 1 14570 2 2 7 4
5949 0 3779 5 5 1155 1102
8913 0 3779 2 2 676 624
23795 2 2580 1 1 44 8
9939 2 2580 2 2 91 50
20115 2 2580 1 1 42 7
36622 2 2580 1 1 49 11
15250 5 2644 1 1 49 33
4951 1 5069 5 4 7 4
7948 1 8993 44 42 10 10
3755 1 18943 4 2 3 2
18943 1 30961 3 2 5 4
17857 1 11523 4 3 7 5
6924 4 37669 62 48 3 3
6924 4 25551 85 70 2 2
30696 4 40310 247 247 112 112
5259 0 9217 32 32 1867 1859
28032 0 5259 1864 1864 24451 24443
20159 4 23395 86 85 39 39
17347 4 20159 34 30 2 2
3882 4 10151 90 90 51 51
8811 0 2340 169 169 5027 5025
32387 0 8811 2241 2241 17935 17932
35192 0 2340 83 83 5056 5053
19066 6 13595 25950 25944 9545 9545
2887 0 2938 1085 1085 23438 23435
2887 1 7436 4 2 4 2
15497 1 2938 2 2 3 2
25015 4 28828 4899 4899 34565 34565
21810 4 25015 929 920 163 163
3850 0 160 88 88 2290 2248
15553 0 160 6 6 959 919
17933 0 160 28 28 936 897
30234 0 2731 4 4 54 27
46 0 14274 1356 1356 7389 7383
14834 1 16497 16 13 7 4
14834 1 8390 15 13 7 3
14834 1 5110 10 9 17 8
40922 0 14834 3174 3174 21820 21815
11673 1 5110 6 5 15 7
29358 0 2687 11 11 856 820
8288 0 2687 2 2 36 2
33791 0 2687 1 1 34 1
33543 0 40596 9048 9047 3055 3055
172 4 7119 3513 3512 2330 2330
35331 5 172 1 1 374 33
28580 5 172 1 1 375 33
18603 5 172 3 3 2275 1921
36972 5 172 1 1 546 198
78 5 172 1 1 355 15
33614 5 172 1 1 390 46
35822 5 172 3 3 3400 3044
39121 5 172 1 1 378 35
22074 5 172 15 15 7114 6756
20314 5 172 2 2 2430 2075
1118 5 172 2 2 1338 985
21326 1 23555 10 6 6 3
2173 6 38083 21 10 7 6
2173 6 18659 443 431 605 605
33947 4 39713 651 651 788 788
18377 3 4166 7 6 7 4
34858 0 18783 16470 16470 40908 40907
3968 1 5813 6 5 10 4
11261 1 5813 3 3 9 4
5813 1 31835 13 6 5 4
36714 0 38851 601 600 337 337
30857 0 30511 2543 2543 32403 32402
1365 1 15439 6 5 6 4
39987 0 81 4 4 606 559
36104 0 81 2 2 48 2
5785 0 26217 6 6 16 13
19380 0 26217 6 6 35 31
6787 1 26217 6 3 3 2
16634 0 9747 8 8 95 79
36078 1 7833 2 2 2 2
32975 0 9558 348 348 784 784
32975 1 32002 2 2 2 2
22353 1 15922 4 2 2 2
1604 1 6991 8 6 10 6
2547 1 14925 18 18 6 4
14212 0 14737 5 5 67 55
4130 0 3621 10 10 10 3
24323 0 3621 2151 2151 14778 14770
3621 0 9758 237 237 5085 5065
10319 4 33522 216 200 28 28
27683 1 39142 2 2 2 2
16503 1 110 2 2 8 4
40776 0 5310 3944 3944 24187 24177
25496 0 5310 8 7 80 71
1913 6 25274 106 101 89 88
33711 5 19257 2 1 8 1
32197 1 22383 2 2 3 3
23062 1 12031 2 2 3 2
26578 0 239 2042 2042 16842 16581
19936 0 239 2791 2791 24360 24097
40929 0 239 3934 3934 31790 31524
24226 0 239 265 265 3753 3501
20767 0 239 4938 4938 25130 24866
19429 0 239 510 510 12623 12364
32842 0 239 68 68 3634 3384
34670 0 239 1037 1037 12600 12342
23758 0 239 3 3 3748 3497
13023 0 239 7 7 936 690
16182 0 239 28 28 2414 2167
17401 0 239 65 65 10515 10259
34239 0 239 77 77 11004 10747
2069 1 15760 16 6 4 3
22182 1 3014 4 2 5 4
31096 1 15639 13 11 24 19
15639 1 29383 7 3 10 9
15639 1 207 9 4 13 10
13398 0 71 13 13 4264 4201
2736 4 13398 387 338 2 2
13398 4 7720 8 1 1 1
20939 0 2215 121 121 1013 1008
7946 1 1765 3 2 4 3
1947 0 1249 5 5 1572 1527
22728 1 16506 2 2 7 5
34810 9 22728 3 3 2 2
3254 0 2886 253 253 1821 1813
18890 4 37812 102 99 26 26
18890 4 28071 79 77 26 26
24803 4 28831 1034 1033 176 176
12939 1 23279 7 5 2 2
13702 1 12070 17 13 80 79
27600 0 7589 310 310 37098 37089
24117 1 1225 3 3 2 2
1110 0 20337 9 9 64 59
40926 0 20337 7605 7605 38682 38675
354 4 36395 11 8 2 2
24159 0 12803 8505 8505 14129 14129
26948 2 3620 5 5 327 302
37272 0 7800 157 157 4400 4389
23037 4 3762 10427 10425 937 937
33783 2 1326 111 111 4195 4058
22501 2 1326 6 6 3065 2929
31495 2 1326 1 1 471 337
19086 2 1326 1 1 164 31
38740 2 1326 2 2 836 701
38719 2 1326 4343 4343 38253 38115
36238 0 1326 62 62 712 698
18160 0 1200 1691 1691 2646 2646
23552 1 10327 5 3 5 3
40037 0 19153 15996 15996 39841 39839
33552 0 40037 1835 1834 767 767
7751 0 3712 663 663 38382 38373
7196 0 3712 144 144 9726 9719
28826 1 3712 10 8 20 12
26351 6 25426 387 387 3047 3047
17946 0 26351 79 79 3430 3426
10124 0 25426 14 14 20 16
6974 6 17672 80 79 6 6
19506 1 15393 3 2 3 2
32325 0 17590 112 112 8917 8910
40778 2 26169 12644 12644 21286 21286
36197 4 29170 93 93 68 68
1264 1 22448 7 4 5 4
40779 2 1646 4635 4635 38892 38849
40782 2 1646 89 89 6558 6517
40780 0 379 1851 1851 20099 20081
40828 0 379 1422 1422 14665 14648
14490 1 12757 3 3 5 2
34243 0 1244 11 11 2567 2281
12545 0 1244 312 312 9730 9441
28964 0 1244 4 4 288 11
4871 0 1244 2 2 280 4
17807 0 1244 906 906 12983 12692
14487 0 1244 21 21 2572 2285
40781 0 4921 18471 18471 37375 37372
9372 1 1508 3 2 3 2
2261 4 19476 24 9 3 3
2261 4 18565 53 37 4 4
5771 4 39949 40 32 1 1
13951 1 3521 12 8 13 9
18299 1 274 9 8 37 30
15954 1 34113 5 2 2 2
17141 0 21055 2 2 7 4
13878 1 26428 5 2 7 6
35918 0 391 4 4 436 433
39002 1 39001 2 2 2 2
4532 1 26446 2 2 2 2
11891 5 16320 160 160 28523 28510
13955 1 11289 4 2 7 4
1592 1 17240 5 2 2 2
15523 0 2604 179 179 4353 4316
36776 0 2604 1824 1824 36352 36309
40872 0 2604 2168 2168 18999 18959
6989 0 2604 3308 3308 27273 27232
38136 0 2604 16 16 1216 1181
31426 1 2604 3 2 12 4
12623 1 6107 2 2 5 2
22297 1 8322 5 3 3 2
21592 1 22297 3 2 6 4
4547 1 21674 17 9 7 4
32040 1 4547 4 3 12 4
7982 1 20572 5 5 10 7
7983 3 7982 6 5 4 3
31376 2 743 1 1 106 3
32748 2 743 9 9 1956 1847
36118 2 743 2 2 620 514
743 6 9450 3 2 4 4
39780 0 2807 4 4 824 821
4722 0 2807 38 38 1868 1864
35415 0 2807 2644 2644 22187 22181
15011 0 1542 18 18 256 236
10421 1 10420 8 5 4 3
26009 0 265 23 23 835 577
9536 0 265 3 3 300 50
15205 0 265 10 10 1461 1201
36270 0 265 12 12 1369 1110
39375 0 265 4 4 263 14
12974 0 265 7 7 333 80
25076 0 265 64 64 7721 7459
19351 0 265 6 6 339 85
11480 2 1534 12 11 22 15
40783 0 4407 27940 27940 39424 39424
4407 1 39995 11 4 2 2
8464 1 8424 7 3 4 2
23763 1 3300 3 3 18 12
24479 1 23586 8 5 6 5
28656 0 21 2 2 87 20
38617 0 21 1 1 67 1
39259 0 21 430 430 8293 8224
6493 0 3567 2645 2645 11574 11572
21912 0 22347 165 165 360 359
24178 1 9908 9 4 2 2
22121 0 351 2 2 228 105
25316 1 746 4 2 3 2
3063 1 4791 23 18 14 11
11495 0 4791 93 93 29536 29522
36889 0 883 7 7 219 5
22017 0 883 2 2 222 6
39078 0 883 9 9 553 331
7495 0 883 28 28 407 187
7498 0 883 2 2 215 2
36527 0 883 6 6 361 142
31583 0 883 7 7 294 76
40784 0 14144 3792 3792 30508 30490
3408 6 8243 70 2 2 1
3408 6 8940 1183 1107 171 171
3408 8 38801 36134 36067 19 19
3408 8 28506 145 80 19 18
10233 4 38705 16 2 2 2
36048 6 18704 1116 1116 1026 1026
1046 7 36048 236 120 1 1
1962 1 1961 13 8 6 3
11585 3 21329 55 52 56 55
32391 1 11972 2 2 2 2
31739 4 18679 51 49 27 27
26785 1 7703 4 4 8 3
20520 1 6788 5 3 3 2
11565 1 37185 10 3 5 5
11565 1 12441 20 12 10 10
29689 1 11565 2 2 12 4
19922 0 8858 150 150 1274 1262
15795 6 39521 701 701 4836 4836
840 8 19493 17 5 14 12
840 8 36647 136 123 28 28
840 6 30428 3600 3587 355 355
26662 0 7523 6531 6531 32815 32812
26756 0 9311 253 253 12831 12820
12636 1 24788 9 5 2 2
20784 1 387 7441 7440 3015 3015
387 1 20784 2716 2716 6319 6318
12153 3 19756 9 8 2 2
13239 0 284 2 2 218 3
34758 0 284 2 2 219 3
35142 0 284 3 3 333 110
33324 0 284 3 3 246 29
24884 0 284 12 12 401 177
39131 0 284 7 7 410 185
26984 1 38840 4 2 2 2
9435 1 13227 10 7 12 5
5449 0 9435 21 21 40 39
31592 1 13227 2 2 15 7
23798 1 23297 14295 14292 13339 13338
21935 1 23297 4 3 2 2
4425 0 9880 5 5 22 13
17011 3 17169 16 14 23 19
7442 1 23836 4 2 5 3
7442 0 12505 475 475 3878 3870
23836 1 3274 5 3 5 3
17432 1 30826 2 2 2 2
11988 4 31236 97 96 40 40
31236 4 34496 6 5 3 3
1444 0 9048 2 2 1169 1154
5768 0 1444 4318 4318 11315 11279
39440 0 1444 184 184 3185 3150
20898 0 9048 16 16 14933 14914
2408 0 9048 32 32 2822 2805
33742 0 9048 3615 3615 24163 24142
38351 0 9048 2297 2297 20666 20646
6375 1 8324 4 3 2 2
37317 0 6230 6592 6592 38053 38052
10713 4 2207 432 427 13 13
40786 0 1672 12403 12403 20616 20581
40892 0 1672 13403 13403 35399 35363
28472 5 10737 137 137 4447 4444
10737 6 27038 574 570 8 8
21537 0 1027 2 2 152 2
35194 0 1027 11 11 1580 1427
39579 4 25695 443 443 35 35
12699 0 2137 2 2 23 12
27906 0 19986 11077 11077 32811 32808
19986 1 16852 5 3 5 3
30297 1 3771 8 7 11 9
39950 0 2362 4 4 12 10
16469 0 178 17 16 219 208
34721 0 178 30 29 1259 1247
9225 0 178 58 58 4582 4569
31063 0 2110 9 9 362 171
38241 0 2110 5 5 208 21
31237 0 2110 24 24 328 138
5590 0 2110 3405 3405 11855 11661
7272 1 33016 2 2 3 2
17837 0 7272 47 47 343 342
36109 1 33016 2 2 4 2
33016 1 33015 4 2 2 2
39272 0 12035 2 2 57 48
11022 6 27914 50 43 8 8
40787 0 5243 12197 12197 21896 21891
3741 1 18271 2 2 2 2
40788 2 593 28 28 13902 13875
27944 2 593 97 96 489 464
9102 2 593 72 70 43 19
40548 0 16045 2386 2385 644 643
758 1 10360 4 2 7 2
10360 1 10359 7 2 2 2
3223 0 3161 12 12 2819 2783
5881 1 18355 6 5 2 2
38969 0 16196 17 17 165 164
29347 0 1461 454 454 7497 7484
1650 1 16394 22448 22440 13441 13441
1650 1 16302 7 2 2 2
40174 1 1650 1728 1728 7435 7428
9952 1 37466 16 8 2 2
2245 0 2918 152 152 2584 2507
2245 1 2244 7 5 16 13
14233 0 2918 2269 2269 22588 22507
1079 0 2918 141 141 5531 5453
32727 1 24872 3 2 3 2
39701 0 5987 28235 28235 29426 29426
15176 1 18854 8 2 9 7
18854 0 7016 1588 1588 9200 9198
24327 0 3027 4 4 1342 1291
14366 0 24327 3246 3246 37895 37895
23190 1 13002 5 4 28 24
5729 1 20226 5 5 3 2
20226 0 13887 416 416 4491 4486
8274 1 8999 9 7 12 8
18181 1 8274 5 3 6 4
9428 1 8999 9 8 14 9
8511 1 31347 3 2 3 3
21811 0 278 4 4 203 27
33666 0 278 5 5 197 24
21874 0 278 6 6 276 96
29143 0 278 5 5 245 66
18106 0 278 2 2 196 24
39291 0 278 2 2 657 476
37756 0 278 4 4 202 27
511 0 15897 96 96 69 66
15736 0 1677 13 13 5854 5797
829 0 1677 2 2 94 40
27621 0 1677 2574 2574 18126 18068
29445 1 1550 4 3 8 5
18936 4 39578 48 47 12 12
34932 2 14540 8 7 19 15
647 1 6311 71 64 40 40
33210 6 17250 788 788 22635 22635
9637 5 1981 1 1 139 87
21619 5 1981 30 30 5365 5311
11643 3 3908 19543 19542 2273 2273
30998 1 7774 3 2 5 4
30998 1 2447 2 2 3 2
16669 2 916 2 1 222 83
8577 2 916 2 1 391 247
18018 2 916 2 1 256 114
35944 2 916 2 1 408 262
9258 2 916 2 1 232 92
34189 2 916 2 1 397 252
21737 0 2589 303 303 27727 27710
40303 0 2589 293 293 30073 30055
3167 1 6502 9 4 8 5
17014 2 3167 16 15 113 92
7204 1 3167 6 4 8 3
32383 0 427 2 2 71 2
13521 0 427 2 2 85 15
11437 0 427 74 74 1685 1613
16023 0 4958 192 192 119 117
5777 4 4318 7 2 2 1
5144 4 4318 9 6 5 3
4318 6 27523 622 618 665 665
19086 6 12484 4 1 4 1
12201 4 22304 87 82 9 9
10786 1 14577 8 6 10 8
20175 0 7143 53 53 1478 1472
1205 1 23424 6 4 5 4
35226 0 37189 27 25 49 47
19169 1 25362 3 2 5 4
14940 1 12227 18 17 12 10
12227 1 13800 9 7 45 43
2813 0 3170 18 18 503 503
3170 1 3169 7 4 3 3
35238 1 8601 2 2 6 4
36661 1 39486 3 2 2 2
17745 5 774 40 40 7073 6934
17745 2 1137 8 8 1843 1736
37417 5 774 1 1 141 4
29963 5 774 1 1 138 2
40735 5 774 240 240 28424 28284
23613 4 28865 18 14 2 2
24660 4 23613 295 292 27 27
6782 5 5167 3748 3748 40813 40793
34227 5 5167 184 184 17287 17268
5167 6 27267 7692 7691 3774 3774
40789 0 25921 12778 12778 38874 38874
18492 6 36549 3 2 2 2
864 1 14562 7 3 4 3
32699 0 14562 462 462 15394 15384
4521 1 25708 13 9 13 12
10559 1 10558 2 2 2 2
3083 0 26431 2768 2768 15506 15501
5974 0 9758 1230 1230 12647 12625
4522 0 9758 44 44 1507 1489
12683 0 9758 213 213 6217 6196
19 0 29519 5 5 11 9
38094 4 40790 19039 19039 15240 15240
36200 0 5055 10711 10710 13398 13398
204 1 3048 10 5 3 3
32488 1 204 10 9 55 50
40791 0 11084 13619 13619 39817 39799
33754 1 5275 3 3 3 2
32 4 32392 202 185 14 14
32 4 24489 177 162 12 12
12319 4 14836 115 110 5 5
27811 2 10916 12 11 24 19
30475 0 10916 15998 15998 19162 19162
15792 0 3763 36 36 7793 7788
8019 1 30805 11 7 3 2
2949 1 8019 8 5 9 5
30805 1 16646 11 9 10 6
35060 0 5892 2 2 13 6
11125 4 10606 2 2 2 2
25276 1 3926 5 4 17 12
13830 1 6490 8878 8872 3690 3690
13830 1 7308 6 2 5 4
6490 1 13830 5254 5254 8090 8084
1366 0 29 3 2 11 4
29 1 11186 4 2 3 2
6226 1 29 2 2 5 3
19987 4 11397 385 383 31 31
4506 1 9454 10 7 11 9
6037 0 39187 2260 2260 14313 14311
39187 0 11100 1104 1104 40100 40082
2381 2 12273 1 1 62 13
7324 2 12273 1 1 60 12
6513 0 650 2780 2780 4435 4393
37308 0 650 4 4 333 292
40792 0 9525 1925 1925 26085 26081
30839 1 10851 4 4 3 2
21181 5 232 12 11 70 61
11205 5 232 94 94 17370 17360
24984 0 232 1164 1164 13489 13483
38752 0 728 21 21 3897 3890
8716 6 31315 7 7 2 2
24013 1 23715 20 18 13 10
36734 5 985 2 2 843 775
7458 5 985 1 1 122 57
12641 0 39 2 2 231 27
7396 0 39 2 2 211 10
21862 0 39 2 2 242 35
21561 0 39 2 2 198 3
13466 0 39 2 2 226 23
17532 0 39 2 2 203 7
18621 0 39 2 2 240 35
1398 0 19101 184 184 18047 18045
13758 1 29291 5 4 7 4
4555 0 1115 302 302 7372 7363
39750 6 18050 694 694 22826 22825
11789 1 24319 1135 1135 461 460
24319 1 11789 199 198 57 57
7072 1 9237 89 83 50 49
13503 1 7072 4 3 8 3
25660 5 4520 5 5 185 181
38151 0 7155 467 467 5491 5485
4453 6 7580 3076 3070 54 54
7580 0 34614 34 34 317 316
26183 0 11186 5993 5993 29367 29364
35764 0 14617 7 7 81 80
4608 0 3699 10 10 756 736
40827 0 3699 3793 3793 28940 28919
8852 0 7403 4153 4153 32038 32033
8176 1 8852 6 4 3 2
193 6 27058 73 20 6 6
193 6 11869 58 6 2 2
193 6 18878 88 34 9 9
19842 4 22836 425 420 5 5
21930 1 21045 2 2 3 2
21930 0 12252 16 16 949 943
5745 1 14074 4 3 3 2
26613 1 9037 3 2 4 2
9037 0 3099 955 955 5180 5179
7396 4 28775 188 173 2 2
24578 3 23111 21 18 4 4
21061 1 25626 2 2 2 2
24011 0 12474 37201 37201 36832 36830
13829 1 16710 4 2 2 2
4185 1 13829 3 2 6 4
13829 3 25284 8 6 4 2
12211 0 6042 495 495 20786 20775
13978 1 2276 2 2 5 2
39294 4 26572 36940 36940 11725 11725
33294 0 3229 3 3 15 6
8108 0 3229 743 743 25845 25835
3229 1 22044 5 2 4 2
6633 7 40129 9581 9570 2 2
6633 7 12050 2425 2415 1 1
16200 0 1852 20 20 474 426
16201 1 16200 6 3 6 4
19710 6 10760 10 9 30 25
32734 1 3419 3 3 4 2
4779 1 14955 3 2 3 2
3716 1 1998 4 4 9 5
40577 0 3716 3154 3154 36020 36006
31620 0 3716 278 278 6063 6051
28941 0 3716 12370 12370 28885 28872
17519 0 3716 9 9 69 58
9620 0 3716 10 10 41 31
2915 1 12159 52 38 13 9
522 1 21041 9 6 10 8
522 1 13953 6 4 10 4
522 0 16646 1701 1701 37467 37467
32701 0 522 1611 1611 7015 7003
31153 0 36722 16966 16966 33399 33397
36722 0 1474 998 998 39426 39411
7592 1 9560 9 6 2 2
2035 1 8589 19 15 13 10
25494 1 8589 3 3 7 5
4666 1 4665 10 7 2 2
4665 0 6717 3 3 65 63
6144 1 19664 2 2 4 2
28456 2 1773 1 1 51 12
28456 6 22320 497 495 561 561
5443 2 1773 1 1 46 8
18213 1 18982 4 3 4 3
18716 0 37537 753 753 33300 33298
6882 9 10563 3 3 3 3
40794 0 32275 4206 4206 32486 32485
19296 1 6611 3 2 3 2
16065 0 36140 6 6 9 6
40829 0 16065 27804 27804 37668 37667
32071 1 23898 4 3 3 2
37285 0 184 6 6 337 39
39009 0 184 129 129 12355 12052
3395 0 184 2 2 301 9
32164 0 184 15 15 737 436
34310 0 184 2 2 292 4
39279 0 184 8 8 315 19
11281 0 184 3 3 295 6
30773 0 184 4 4 298 8
15734 0 184 2 2 313 18
5209 0 184 6 6 626 326
16507 0 184 2 2 322 25
40030 0 184 3 3 299 8
1190 6 31657 60 47 4 4
1190 6 39319 44 32 3 3
17492 1 20700 6 5 2 2
16074 0 18268 3 3 9 3
21289 0 18268 3 3 7 2
14746 1 23603 2621 2620 1805 1803
7078 6 36019 4 4 2 2
7486 0 7078 108 108 327 319
4225 1 13633 9 5 8 5
4225 1 11780 12 7 8 6
754 1 2375 5 2 3 2
1823 7 36030 44 43 1120 1119
6054 0 4123 5 5 3232 3198
6054 3 1296 84 82 211 210
3215 0 7911 4 4 32 29
6678 1 7911 4 3 8 6
16802 1 8850 10 6 7 5
1076 1 1075 10 2 3 2
1076 1 27277 8 2 4 4
18470 1 18469 2 2 2 2
7673 1 10866 3 2 4 4
7673 1 8629 4 2 3 2
8644 1 14101 4 2 2 2
493 0 1629 31 31 354 342
2736 4 26470 79 32 2 2
2736 4 34726 61 16 1 1
2736 4 35146 189 141 4 4
2736 4 33515 69 23 2 2
35179 0 19119 27 27 228 227
13379 4 19119 116 113 10 10
28508 2 3843 5 3 30 2
40099 2 3843 16 15 224 195
9537 1 3843 2 2 6 2
25746 0 11870 21626 21626 9459 9459
26637 6 24424 16 16 67 67
15305 5 2978 1 1 139 71
10135 5 2978 1 1 281 212
14631 0 3275 384 384 10209 10203
1043 1 14631 7 4 21 15
39736 1 21554 2 2 5 4
39736 0 4427 5 5 490 468
8260 0 7895 5 5 69 65
16624 0 8260 1522 1522 11064 11062
36792 1 37816 2 2 2 2
40796 2 3317 208 208 26161 26128
11856 1 2643 2 2 4 2
8104 1 4274 6 2 2 2
8104 1 12438 5 2 2 2
9749 1 13574 86 84 40 39
40797 0 19420 17877 17877 38025 38023
24056 0 9777 11204 11204 39285 39284
12866 6 7036 3 3 2 2
19409 4 36350 25436 25436 196 196
28857 0 706 7 7 22 9
19163 0 18538 7 7 159 156
16614 1 25570 4 2 2 2
16614 1 8351 6 3 4 4
24052 1 24051 2 2 2 2
29706 4 499 2 2 2 2
34810 0 17502 39988 39988 27569 27569
40798 0 38876 25807 25807 11318 11318
26283 6 40443 16906 16906 29461 29461
32794 0 18895 2 2 161 153
3034 2 1137 1 1 103 2
19442 2 1137 1 1 106 3
26122 4 31544 48 42 3 3
17880 1 20417 4 3 2 2
3499 1 20417 3 2 3 2
20434 0 21190 1822 1822 321 320
13327 6 22210 2 2 10 10
40799 0 5636 33034 33034 31725 31725
14768 6 24252 5 4 6 4
9578 0 473 911 911 7418 7415
20196 1 21248 3 2 4 3
21248 9 11908 8 7 6 6
6765 1 27335 4 2 3 2
37410 0 27335 9038 9038 34153 34152
12725 1 21889 3 3 3 2
19754 0 4059 3 3 25 22
9461 4 12081 2 1 4 3
8574 0 5381 15 15 882 871
8574 1 8573 12 9 5 4
29585 1 8574 4 3 11 8
13699 0 5381 446 446 16250 16238
36608 0 123 2397 2397 17212 17204
24094 0 123 2689 2689 23325 23316
516 0 292 2 2 236 2
31393 0 292 6 6 341 96
14242 0 292 10 10 1111 860
33413 0 292 963 963 12025 11773
15177 0 292 6 6 306 64
39499 0 292 6 6 253 13
13524 0 292 3 3 240 4
31996 0 292 4 4 249 10
26845 0 292 26 26 979 729
14814 0 292 12 12 331 87
13283 1 2720 4 2 4 2
2720 1 5598 4 2 9 5
34387 1 26855 2 2 2 2
26856 1 26855 2 2 3 2
37173 4 10091 6915 6915 16143 16143
19951 0 20010 194 193 3422 3415
40800 0 28344 13329 13329 32141 32140
24652 0 26678 5120 5120 14673 14669
27632 0 31556 2 2 109 107
8336 6 2824 1302 1302 981 981
14255 1 19144 3 2 4 2
20014 0 14262 828 828 35231 35226
40801 0 16573 21558 21558 30439 30435
2360 1 4933 10 9 9 5
40802 0 39415 15312 15312 32359 32359
30541 0 22903 3468 3468 5642 5641
20618 1 9942 7 5 8 5
38150 0 712 193 193 8285 8280
25109 0 7757 54 54 15 13
40803 0 5646 4303 4303 30519 30515
1003 1 5646 4 2 6 2
35081 1 28378 2 2 2 2
11590 1 29649 4 2 2 2
39026 0 29817 785 785 32467 32465
13903 6 32368 2910 2906 41 41
30745 1 37402 5 4 2 2
10159 1 38458 15 12 2 2
27696 1 6690 2 2 9 2
28744 1 6690 2 2 11 3
20852 1 6690 2 2 12 3
40885 0 6690 2352 2352 29482 29474
16732 0 10532 902 902 25558 25553
6916 0 19429 24402 24402 35061 35061
10276 1 9887 12 8 11 8
4800 1 9900 4 2 8 6
19570 1 4800 4 2 4 2
17182 1 2190 2 2 2 2
4461 0 19310 40 40 356 348
1046 7 18091 10714 10593 2 2
1046 7 18788 12417 12295 1 1
1046 7 39181 8033 7915 1 1
37226 0 11964 1019 1019 21422 21420
11632 9 24469 18 17 4 4
40699 0 12729 11482 11482 37538 37523
14428 0 772 922 922 6235 6226
19055 0 772 6924 6924 36082 36072
40710 0 31312 4394 4394 31379 31377
11686 1 5336 13 8 11 7
30852 1 3198 2 2 4 2
29243 0 26808 7811 7811 22272 22272
21449 0 12858 2 2 6 2
12857 1 21449 9 5 3 2
3233 1 4145 8 6 22 20
19055 1 19054 2 2 2 2
8310 6 12531 10 1 3 1
7557 1 7633 6 4 7 6
17844 0 7120 6761 6761 19152 19149
1269 1 11040 17 16 49 45
11040 1 14848 15 11 4 2
26676 0 8201 246 246 14480 14467
28241 1 7436 2 2 3 2
18458 9 31641 7 7 4 3
31641 3 37842 8 7 4 4
25873 0 2795 24160 24160 11151 11150
17430 1 14006 5 4 7 5
13991 0 6823 2 2 84 78
19570 1 23428 3 2 4 2
8288 4 37118 83 81 5 5
40805 0 33924 5430 5430 33889 33888
25230 0 6253 14 14 55 50
15292 3 10198 12 12 5 3
39489 0 11666 13616 13616 31261 31243
39489 1 15557 2 2 4 2
37831 2 11666 33979 33979 12667 12667
15516 1 12820 4 2 2 2
34071 1 12820 7 5 8 6
4175 4 8602 10 4 1 1
24042 1 5537 2 2 2 2
19211 0 4744 31 31 86 83
31371 0 7474 996 996 37347 37339
27812 0 7474 2369 2369 12283 12276
28947 4 15200 403 403 37 37
18660 6 21000 12203 12203 11278 11278
15472 0 25385 13304 13304 35894 35890
12507 0 13404 1975 1975 37105 37100
26342 1 17895 5 3 4 2
2152 1 8496 2 2 6 3
39760 0 574 4 4 73 30
40877 0 574 933 933 17192 17147
35412 5 11510 13 13 2299 2280
2085 6 10383 11 5 1 1
14202 1 14201 3 3 7 3
1043 1 20085 4 2 3 2
40806 0 6850 499 499 18046 18021
40503 0 9914 7000 7000 19282 19280
14770 1 14307 3 2 4 2
32716 1 17183 2 2 3 2
35390 1 3256 2 2 3 2
4482 4 9719 343 339 21 21
20428 0 3527 265 265 4317 4300
3527 6 20663 323 323 15 15
30409 2 35441 125 125 29 29
11083 1 5302 17 17 3 2
23196 1 10129 2 2 7 4
1066 1 29752 4 2 2 2
40807 0 3538 209 209 10128 10115
22793 0 3538 2 2 23 11
6768 6 24640 3545 3542 5373 5371
6768 6 10205 39380 39376 15519 15519
2869 1 15125 6 4 16 14
29302 0 15125 3436 3436 25228 25226
9588 0 1406 541 541 16384 16373
18159 0 17493 311 311 7548 7542
21497 1 33875 7 5 3 3
20938 1 22485 3 2 5 3
13056 6 39139 455 453 38 38
23942 0 26928 2 2 29 27
28004 0 6478 3014 3014 3691 3689
4747 0 22951 2 2 6 2
20860 5 2566 223 223 29467 29450
7590 5 2566 137 137 22393 22377
20768 0 17402 96 96 271 269
35193 1 20768 2 2 3 2
8572 0 5856 74 74 4006 3980
17370 0 5856 233 233 19737 19709
31972 0 5856 16 16 8476 8449
17380 1 15779 4 3 4 3
27964 0 16186 12 12 985 979
15981 0 1328 4 4 21 8
26071 1 9303 4 3 9 6
9303 9 21981 8 8 2 2
38768 0 29318 32 32 6161 6157
36229 0 18254 164 164 16446 16429
1019 4 596 73 50 5 5
1019 4 8780 46 24 4 4
23239 1 15927 10 7 7 6
30477 1 23239 3 2 3 2
21996 6 20017 816 814 1423 1423
21996 6 11995 2479 2476 499 499
25766 0 22616 1786 1786 19597 19594
9455 0 23399 711 711 14839 14833
23000 6 39446 568 568 4026 4026
122 1 7516 15 9 11 6
11412 1 19152 5 4 2 2
8803 1 27429 3 2 3 3
15261 0 14295 14186 14186 35709 35708
25268 4 21905 34 32 3 3
15504 1 8591 9 5 5 2
8591 1 16989 5 2 3 3
15601 10 15600 7 7 5 5
31927 1 15601 2 2 6 5
34363 5 8522 33298 33298 40858 40858
33641 0 19894 32742 32742 27458 27457
33826 1 19127 3 3 3 2
39523 0 2723 35 35 7358 7321
39523 1 21345 2 2 5 4
7540 0 2723 47 47 5952 5916
4541 0 2723 49 49 15515 15477
28671 0 7444 14 13 43 40
40808 0 40809 5275 5275 29683 29683
26933 0 1475 411 411 6196 6176
35848 0 18654 2178 2178 33639 33634
19162 0 18654 4 4 40 36
29185 6 40731 27625 27624 34809 34809
3467 1 3466 6 4 4 3
15345 5 4450 1678 1678 34965 34959
7117 1 7049 3 2 6 4
32624 6 26608 1839 1838 10202 10202
2269 1 2268 6 4 5 3
30613 0 6961 4 4 6 4
2956 4 29945 45 41 10 10
40706 0 10059 10931 10931 35392 35389
3866 4 38485 78 70 33 33
3866 4 24189 30 23 2 2
9119 0 21826 36174 36174 38795 38795
18389 3 999 7 5 5 3
999 3 18389 7 5 5 3
35808 1 32154 40394 40394 32226 32226
37756 4 40810 26755 26755 25571 25571
20583 1 27612 2 2 2 2
1020 0 3141 2 2 51 2
28305 0 3141 8 8 881 829
6564 0 11337 114 114 12 11
23511 0 15656 2 2 136 110
5394 1 2601 2 2 3 2
19679 0 5394 7 7 17 10
2004 1 24164 14 9 2 2
2004 0 30642 6211 6211 10149 10148
25774 1 12289 6 3 10 4
24676 0 24224 19 19 13 12
23848 1 8714 6 5 9 5
17814 4 3175 5323 5322 21 21
17465 1 17464 3 2 2 2
22570 1 22569 2 2 3 2
6630 0 4722 12 12 64 56
1142 0 4722 299 299 3905 3896
23700 1 24343 3 2 2 2
9573 6 3123 32 32 387 364
15354 6 3123 11 11 281 259
14853 6 3123 7 6 154 133
6067 1 28605 2 2 2 2
8474 4 17327 8042 8042 471 471
30941 1 3753 7 5 5 2
30941 1 33174 4 3 4 3
11546 0 4442 15 15 2017 1983
6865 4 2298 71 67 2 2
1021 1 207 10 7 4 2
2872 0 17555 725 724 37489 37482
268 0 17555 723 723 17843 17838
40811 0 2664 7354 7354 24354 24338
40871 0 2664 6502 6502 32308 32291
2664 0 2624 107 107 455 448
35435 0 12605 23 23 37 34
29862 1 29861 3 3 3 2
31789 0 494 7284 7284 32602 32590
22923 0 28916 20 20 38 37
27985 1 27484 2 2 5 4
29410 0 16944 1479 1479 6662 6658
11888 0 36918 1026 1026 29921 29918
37558 2 741 1 1 56 10
28640 2 741 1 1 48 4
9021 2 741 1 1 45 2
22157 3 1791 4 3 8 5
22158 3 1791 4 2 4 2
8471 1 6302 6 5 2 2
32069 0 19823 1692 1692 5631 5629
38790 0 13 7956 7956 35022 35008
19437 1 22294 3 2 3 2
25022 1 32013 2 2 5 4
39553 0 4628 182 182 43 34
40833 0 4628 32110 32110 38173 38163
11144 1 2617 2 2 4 3
38399 1 1022 2 2 6 3
10536 1 36694 2 2 2 2
40178 1 1578 11337 11337 31652 31650
40864 0 1578 7997 7997 36131 36125
22410 1 37961 4 2 2 2
15647 4 32971 28 28 107 107
1708 0 8438 98 98 25481 25480
6124 1 5907 13 11 18 13
8270 1 6124 25 16 8 6
5826 1 10722 3 2 4 2
21697 0 2070 2465 2465 2946 2946
6530 1 22543 12 10 6 4
5932 1 21935 7 3 4 3
28875 3 5192 5 4 3 2
28676 3 28875 7 4 5 4
5178 1 14819 11 5 6 5
21092 0 5178 1124 1124 39490 39458
16318 0 5178 1690 1690 7964 7936
40918 0 5178 4855 4855 39437 39406
31349 1 5178 4 4 10 4
27341 1 31627 5 3 2 2
912 0 7047 25 25 3493 3480
739 0 912 62 62 728 717
24031 0 7047 46 46 7633 7619
30204 1 7047 19 15 15 13
40812 0 17281 13585 13585 27013 27013
9906 1 36905 7 3 4 4
6743 0 8355 23 23 240 218
1538 0 8355 1256 1256 28181 28157
35277 1 27784 2 2 2 2
5869 1 26782 9 4 2 2
40813 0 19386 11504 11504 24427 24425
38378 1 22534 3 3 11 7
31576 0 30844 38080 38080 5121 5121
10205 1 10204 9 7 5 4
11177 1 37094 16 12 2 2
7045 1 2382 5 5 12 8
21977 5 16419 41 41 5851 5844
3364 1 3363 5 4 13 11
3528 0 10834 17 17 39 36
17960 4 24312 60 56 6 6
27223 1 20426 2 2 4 3
24636 1 6535 3 2 3 2
23949 5 212 1 1 87 59
27657 5 828 5 4 46 32
1410 1 24564 3692 3692 1608 1607
3066 0 8076 7337 7337 34460 34452
18215 1 1414 3 2 14 4
10895 1 13973 9 4 14 14
3239 4 39144 282 231 24 24
3239 4 27881 112 63 18 18
3239 4 36428 133 83 25 25
18904 3 17353 3 2 3 2
7935 1 2201 9 6 4 2
17190 1 757 5 3 3 3
1415 1 32170 13 9 2 2
23786 1 2902 3 3 21 13
2029 1 18094 7 3 2 2
553 1 13871 17 15 36 34
24179 1 10508 5 4 3 2
25575 1 10508 2 2 2 2
27360 6 36837 2 2 29 29
31841 0 19545 916 916 3892 3891
33840 0 1754 3675 3675 25967 25955
40875 2 1754 214 214 25942 25936
38079 2 1754 38 37 176 171
40815 0 39071 15069 15069 34590 34588
29342 0 8978 1790 1790 21214 21198
6890 0 36281 3757 3757 21469 21469
8040 1 21358 15 11 4 3
10520 0 24854 12330 12330 31915 31915
28943 1 243 6 5 2 2
20030 0 13734 8556 8556 36110 36108
4563 0 12505 6 6 21 15
37725 0 23377 1 1 6 1
26865 1 19204 11 9 10 7
20288 6 29915 3 1 2 1
24515 2 20288 39 39 6954 6949
18855 0 2060 6 6 49 36
26308 5 18855 414 414 39967 39953
24430 0 2060 262 262 2234 2220
11475 1 13563 824 821 639 635
13563 1 11475 523 519 472 469
14231 0 7944 64 64 3202 3201
36007 6 17148 2860 2860 25791 25791
13350 0 29456 5 5 2 2
36696 5 9528 2 1 10 1
19256 5 9528 2 1 8 1
30889 0 33367 3963 3962 162 162
26734 0 2288 125 125 63 61
16979 4 35069 127 127 4 4
23628 0 2614 113 113 370 366
39567 0 4694 4 4 76 62
6695 0 32813 28902 28902 33047 33047
15469 0 6418 7 7 533 509
34418 1 25064 3 2 6 5
8727 1 8726 4 2 2 2
14189 1 23592 6 2 2 2
35545 1 14189 3 3 6 2
10877 1 11728 9 5 12 6
32814 0 4976 12 12 44 41
4165 3 25845 30 27 4 4
20625 1 7778 4 3 3 2
30076 0 10715 294 294 3391 3388
40816 0 14697 5156 5156 22859 22859
14697 1 31992 11 7 2 2
19191 1 27971 2 2 3 2
13842 0 11910 27806 27806 31882 31881
5985 6 10735 10 3 11 4
12732 3 28417 5 4 14 13
12732 1 26677 3 2 2 2
6204 1 6203 2 2 2 2
40817 0 19840 7287 7287 38771 38769
3387 0 19840 4573 4573 40535 40532
6550 1 2423 4 3 10 3
2423 1 24830 22 13 15 12
2924 4 30666 73 2 2 2
2924 4 2659 128 54 2 2
2924 4 29020 112 39 2 2
2924 4 36766 183 108 3 3
1379 1 25548 5 3 4 3
6265 1 1379 8 6 6 4
18135 3 294 36262 36259 21976 21976
2209 1 24141 9 5 3 2
15500 1 4546 2 2 5 2
15500 1 7996 3 2 5 3
31596 6 8773 1902 1902 6229 6229
40818 0 35587 25087 25087 27649 27649
34338 1 9890 4 4 11 3
14748 1 9890 3 3 12 3
9890 1 12054 12 3 3 2
40819 0 15962 25911 25911 35122 35121
16130 0 10326 12744 12744 29402 29400
40820 0 20319 16449 16449 34239 34238
11212 0 1856 46 46 3252 3238
14579 1 1856 4 3 6 2
28303 3 9776 3 3 16 14
9776 1 9775 3 2 3 3
561 0 5278 38 38 135 126
13724 4 995 25238 25237 681 681
154 1 153 3 3 10 7
5791 1 11553 12 10 10 8
24115 1 18755 3 2 3 2
28674 0 3041 213 213 3517 3510
40821 0 14864 10251 10251 31265 31260
17883 0 18836 10888 10888 21515 21512
40822 0 9367 207 207 9034 9012
40930 0 9367 524 524 12015 11992
7005 0 9367 37 37 1922 1902
26765 1 9367 4 3 6 2
2151 0 4180 2047 2046 1838 1836
40823 0 11638 1991 1991 27203 27186
18175 1 18573 13 11 4 2
24724 1 3969 17 14 14 12
3969 0 3582 260 260 3921 3894
17345 0 3969 1925 1925 15064 15060
34877 1 6582 4 2 11 5
6582 1 16956 22 14 18 14
26100 1 28248 3 3 6 4
33245 0 3980 4 4 6 4
4106 1 4105 7 5 2 2
584 1 28894 919 917 40 40
35143 1 33405 3 3 3 2
17003 0 479 2 2 137 127
9877 5 6166 1 1 19 1
30263 1 25760 3 3 3 2
30656 1 25760 3 3 2 2
1999 4 17069 106 99 4 4
18272 1 19427 5 3 5 3
29081 1 13187 2 2 8 5
16522 0 3780 4 4 488 452
26742 0 15839 4 4 14 11
1918 6 39340 1320 1313 340 340
11624 1 20815 4 3 5 3
13939 0 7027 47 47 62 57
5788 0 7027 64 64 117 111
40824 0 2657 5922 5922 35599 35592
1294 0 25140 1029 1029 8293 8290
21281 0 428 774 774 22073 22046
40911 0 428 410 410 12541 12515
39800 1 30816 2 2 5 4
12660 0 1095 15 14 178 167
17450 0 1095 431 431 19348 19336
11922 0 14898 1142 1142 9686 9668
23590 0 12772 1398 1398 8060 8057
3072 1 15159 7 3 9 6
24523 0 8582 182 182 1652 1645
188 6 29407 9 6 11 7
39603 4 27065 364 364 314 314
4691 1 14239 4 3 2 2
36188 1 4691 5 4 4 3
36501 0 4902 7544 7544 17790 17790
40022 0 6784 2 2 15 10
4121 1 17988 4 2 4 3
34845 5 10076 3 1 7 2
19999 4 35620 19 10 2 2
25642 0 31168 40 39 161 160
28192 2 3865 3 2 90 72
25039 0 2409 1526 1526 17108 17084
34598 0 2409 3 3 170 147
40825 0 22386 37250 37250 28741 28740
15804 0 10824 52 52 187 182
40826 0 30737 22866 22866 33976 33975
11678 4 24132 1249 1249 3929 3929
11178 1 14178 20 13 2 2
19319 1 11039 5 4 8 3
23526 0 9730 7219 7219 11234 11232
12960 0 23054 26239 26238 24220 24220
18237 1 14439 7 6 8 4
17375 6 39568 8 6 2 2
6955 0 2697 2 2 5 3
16533 0 2697 3 3 18 15
27268 1 11354 5 4 6 2
1968 1 1967 6 3 5 2
20914 0 1967 1 1 5 1
23271 0 7641 14 14 7 7
19684 3 19683 28 27 3 3
4983 6 33006 2 2 2 2
17534 9 12584 3 2 2 2
6871 1 18043 23 21 19 18
5628 7 18994 23111 23078 6 6
2502 1 20104 6 3 5 4
15657 0 4985 13950 13950 19836 19834
34914 1 6434 2 2 5 2
39981 0 306 119 119 35593 35576
21026 0 306 5 5 66 50
37154 5 9269 6324 6324 32472 32469
9073 1 5502 4 3 4 2
30127 0 1623 842 842 39968 39965
16304 0 30127 14121 14121 22403 22403
16980 1 4548 5 3 18 15
469 0 14498 22 22 2095 2084
9243 6 35214 21 17 2 2
36148 4 23121 1083 1082 1254 1254
3358 1 4743 21 14 28 26
9720 0 4743 11 11 64 54
40888 0 4743 7927 7927 37900 37889
2064 1 2154 2 2 3 2
22278 1 35919 2 2 2 2
36060 0 14935 962 962 15592 15583
27146 5 11426 1 1 14 5
3169 0 3813 25 25 877 859
3823 1 3813 3 3 7 2
20664 4 26988 437 435 3 3
6374 1 11133 3 2 5 3
33074 2 7 11 11 703 666
18961 2 7 1 1 36 1
17395 0 7902 560 560 728 725
22908 1 5606 9 6 4 2
10254 1 10253 4 3 3 2
40906 0 10253 634 634 5157 5143
14113 1 5076 2 2 6 3
36403 1 10838 2 2 3 2
14974 0 14973 55 55 301 293
14973 3 19845 62 60 7 7
40831 0 4593 28480 28480 35225 35225
31084 1 27014 2 2 6 4
12467 4 39860 7 2 2 2
40832 0 6630 12479 12479 33164 33160
26778 4 2803 622 622 379 379
3765 1 28497 3 2 2 2
20691 1 4936 2 2 10 7
7886 0 12463 4488 4488 34059 34053
14999 4 31316 9245 9245 12314 12314
22172 0 11068 13 13 217 203
454 3 16514 14 12 21 19
3025 1 16514 5 4 4 3
29578 0 15788 8163 8163 23336 23335
23802 0 21987 396 396 36059 36056
21987 0 20963 1253 1253 38245 38244
11759 2 10987 9 9 21 20
38689 0 12894 1111 1111 36513 36503
40834 0 14087 36491 36491 36770 36770
14853 1 5935 2 2 5 3
4044 4 31152 199 199 15 15
29372 0 24630 13 13 761 756
24630 0 22399 7736 7736 38453 38452
19479 5 4701 1 1 24 1
8240 5 4701 1 1 21 1
33163 5 4554 3 2 8 1
29553 1 26733 2 2 2 2
29553 0 8837 9940 9940 28071 28069
6792 1 14058 4 3 5 3
21282 0 15062 21064 21064 34009 34009
23036 4 36472 1119 1113 120 120
5783 4 23036 213 204 4 4
40835 0 40836 4463 4463 27299 27299
18778 6 32930 1499 1498 95 95
18778 0 5314 2 2 134 107
24621 2 17930 4 1 9 1
27989 2 17930 5 3 26 16
26041 0 4289 3 3 2 2
16899 4 24507 607 607 281 281
14917 3 17826 10 7 3 2
30990 9 28312 2 2 7 7
8980 1 3552 6 5 3 2
33079 0 3582 61 61 3457 3431
16497 1 26305 6 3 2 2
26368 1 8799 3 2 3 2
4480 1 32602 6 2 7 7
35059 0 27412 36 36 1911 1908
2645 4 29221 242 234 11 11
23462 0 5675 1719 1719 10328 10319
40853 0 23462 13858 13858 36200 36195
25133 5 5012 2 1 10 4
14927 4 5288 204 200 16 16
11058 2 6577 1 1 92 41
60 2 6577 2 2 196 143
7534 9 18226 5 4 2 2
10204 1 10208 3 2 3 2
5031 1 28475 2 2 4 2
15312 0 12860 8006 8006 17104 17104
21401 1 1933 3 3 13 6
12469 1 1992 15 10 11 10
18451 5 1238 2 1 8 1
37552 0 2655 164 164 198 194
2655 0 9806 128 128 3630 3624
40284 0 6614 14684 14684 34340 34315
3130 1 27019 8 4 5 4
23982 0 37653 1710 1710 5504 5502
20447 1 9918 4 2 3 2
15028 1 16314 8 6 13 8
15028 1 5116 10 7 14 8
40628 0 33021 9238 9237 30322 30322
3648 1 3647 4 3 6 3
19317 0 1107 7654 7654 27535 27525
830 1 21753 26 22 5 4
8270 1 9886 17 9 8 5
14780 1 6419 8 4 4 3
40837 0 15224 16714 16714 33540 33528
7188 0 11737 2 2 34 24
10277 1 32396 2 2 3 2
10277 1 2951 3 2 18 14
15054 1 2951 15 10 22 17
25047 0 19223 4227 4227 34331 34331
23871 0 918 2 2 53 46
40840 0 918 2477 2477 20423 20415
8168 0 13192 6253 6253 31101 31101
10293 1 12214 2 2 3 2
23642 0 26543 490 490 2518 2518
26543 1 12312 7 5 7 4
4913 4 20284 84 53 2 2
3331 5 16655 1 1 6 4
3331 1 35484 7 4 2 2
16739 1 16646 2 2 8 5
6726 1 5782 7 3 2 2
6726 3 6725 423 421 4 4
11335 1 6726 4 4 7 4
5491 1 1201 3 2 7 2
6549 1 14425 7 4 5 3
5544 1 3327 4 3 12 6
3403 1 6328 3 3 3 2
7229 4 37460 5766 5749 72 72
20544 1 28902 15 13 5 4
3291 1 20544 6 2 9 7
530 1 21170 6 2 2 2
9371 1 9370 3 2 5 3
26061 0 9371 847 847 4213 4210
9371 0 5623 577 577 16085 16083
21518 1 29527 2 2 9 7
35181 0 21518 2821 2821 39818 39815
36581 0 16397 1963 1962 189 189
3972 7 37089 25552 25473 5 5
8883 0 5790 4355 4355 4683 4683
38389 0 7334 3030 3030 8668 8666
27814 0 9178 1094 1094 5138 5136
10855 1 19155 2 2 3 2
10855 1 31116 36 35 374 373
1431 4 27265 42 27 3 3
27563 1 35599 2 2 2 2
1193 4 39361 18 7 2 2
39975 0 7068 13678 13678 14376 14368
3855 0 3909 6 6 32 25
28703 0 3909 31802 31802 39110 39102
11573 1 13583 5 4 9 6
40841 0 16266 782 782 17837 17814
2434 0 16266 3 2 24 3
40842 0 67 566 566 8872 8863
1154 0 18959 2347 2347 36948 36946
32397 0 13044 710 710 15932 15923
17819 1 653 3 2 4 3
37840 0 313 9 9 73 65
40843 0 3679 6734 6734 33287 33276
40843 4 5346 40796 40796 28752 28752
13988 0 168 23 23 488 483
38754 2 10661 6 5 7 4
29501 0 6358 4593 4593 40929 40927
29860 0 18587 14425 14425 23620 23620
33438 1 36858 2 2 3 2
36858 1 35629 3 2 2 2
12381 0 1474 522 522 6715 6701
2863 0 6499 3083 3083 1969 1968
7328 0 5714 26784 26784 29974 29973
14412 0 20621 3897 3897 40195 40194
35316 5 38173 9 7 5 4
20490 1 7847 4 3 4 3
21077 4 10657 289 288 50 50
10380 0 1964 18 18 24 22
17802 1 3847 11 10 10 9
29031 4 40721 31166 31165 11253 11253
29630 5 22311 1 1 8 4
14888 4 21122 218 209 45 45
14888 0 2518 3 3 186 118
819 1 7732 8 4 8 4
7100 4 29718 414 412 71 71
8077 1 7192 2 2 3 2
16136 1 39043 4 2 2 2
13225 1 15253 3 2 7 4
40844 0 6467 2890 2890 32949 32942
6069 0 37345 384 384 79 78
4895 0 8093 120 120 13236 13209
21558 1 13645 7 7 5 4
10544 6 38325 146 130 15 15
23888 0 1730 6 6 264 164
33667 0 1730 2 2 166 67
22133 0 1730 2 2 100 3
19623 0 1730 155 155 2420 2319
28603 4 38563 22 21 5 5
16620 1 2522 4 3 15 9
24900 3 5965 4 4 8 7
3989 4 18951 215 208 9 9
22965 1 167 7 4 6 4
35645 0 7367 13408 13408 8900 8900
36255 0 10055 1 1 8 2
1574 1 8899 11 6 5 3
21174 5 2295 383 383 39781 39678
34328 5 2295 23 23 8458 8357
28418 5 2295 8 8 16781 16679
34439 5 2295 1 1 152 53
40845 0 32455 10257 10257 39295 39294
35000 0 9668 1 1 21 5
32116 0 21176 597 597 7847 7845
23390 0 40586 6826 6826 40295 40295
40848 0 23390 260 260 1818 1815
19903 4 29357 522 522 133 133
35177 0 14481 2 2 12 12
12330 0 11599 246 246 3182 3176
3579 1 19372 3 2 4 2
9842 0 3579 577 577 40051 40038
22422 1 9505 4 3 6 2
15330 1 28910 4 3 4 4
22889 0 11852 195 195 16017 16008
29771 9 3592 3 3 6 6
25748 1 34204 2 2 2 2
1772 6 37182 50 46 13 13
15158 0 40846 6752 6752 34495 34495
40847 0 8407 19642 19642 40179 40179
35466 0 11507 18 18 38 35
12327 0 411 84 84 4735 4712
21952 4 9376 30 30 8 8
4177 6 5022 44 29 4 4
5040 0 220 5 5 154 145
20777 0 30968 24127 24127 24432 24431
17995 1 415 5 3 12 4
6540 0 6677 162 162 337 335
30360 1 7239 2 2 8 4
1226 4 33413 9111 9087 117 117
36259 5 860 48 48 21991 21918
30840 5 860 1 1 94 25
39831 1 4370 4 4 9 4
17244 1 15986 4 4 11 8
9116 4 34497 10 8 3 3
4771 4 11796 110 58 2 2
18918 0 15687 159 159 1662 1659
18918 6 31983 2510 2501 8 8
29544 0 6411 7397 7397 16619 16612
13258 1 515 2 2 16 9
7665 4 11919 284 279 14 14
8356 1 22637 15 8 6 3
17180 1 8356 2 2 10 3
39574 0 13157 9318 9318 40355 40352
20711 1 1090 4 3 8 4
32427 0 24062 22303 22303 32036 32035
40849 0 13412 2664 2664 21653 21648
4316 0 1500 2 2 69 43
29122 0 1500 3 3 94 67
29916 0 33246 54 54 6 6
33246 0 425 926 925 6344 6325
3714 1 3991 2 2 2 2
6702 1 4469 4 2 9 5
20629 0 10089 1100 1100 2035 2035
18423 1 20629 11 8 12 11
4855 1 19562 7 2 5 2
11423 1 4213 12 8 7 3
10241 0 10481 5285 5285 40409 40407
27097 0 10241 2 2 28 18
5125 6 35244 2 2 5 5
10842 1 11135 3 2 4 3
3451 1 3450 2 2 12 7
3450 1 6752 7 3 5 3
26219 0 15966 62 62 194 191
20729 0 30962 7013 7013 13977 13976
31196 0 30962 7320 7320 3852 3852
36881 0 119 2 2 117 80
119 0 2748 77 76 3207 3197
2323 1 23181 3 2 2 2
14339 9 16095 13 12 3 3
32957 0 5195 18 18 1383 1377
32623 1 5195 3 2 5 2
32917 0 9489 1908 1908 25939 25935
40688 0 3489 1681 1681 28300 28239
13220 2 6815 4 3 31 27
5097 1 27076 8 5 2 2
17030 1 2573 5 4 9 4
2573 1 9486 8 3 3 2
37807 1 30144 2 2 2 2
2521 1 38597 5 2 2 2
6946 1 8731 4 3 6 3
9873 9 35523 5 5 2 2
1071 6 14854 121 115 4 4
3398 4 14735 81 64 5 5
5855 1 7329 6 2 4 2
3929 1 27247 20 9 2 2
16292 1 29803 9 7 3 3
6578 0 5973 1907 1907 12475 12471
40850 0 1543 646 646 8641 8584
37429 1 32885 2 2 2 2
5932 1 5931 10 4 2 2
14336 1 2808 2 2 4 2
23816 0 13145 10 10 6 6
16675 0 11522 8390 8390 1579 1579
40851 0 14187 13856 13856 34225 34221
10755 4 22444 36 35 3 3
11129 1 13730 14 8 13 8
25343 1 13730 8 5 7 4
8639 0 3289 8 8 290 267
3289 6 36920 11782 11765 77 77
8776 1 1347 3 2 6 3
1347 1 4276 7 4 5 3
39300 0 1590 36 36 20675 20651
37068 1 22654 2 2 2 2
1801 1 21363 3 2 2 2
31983 0 35119 5340 5340 11454 11453
31983 6 2119 7215 7213 6383 6383
19488 0 3006 5350 5350 28583 28573
19488 1 38649 31006 31006 32735 32735
40852 0 6747 5625 5625 19012 19010
28133 0 18038 47 47 840 837
8634 9 19910 7 6 10 9
11304 0 19910 3 3 13 12
20413 0 1973 25 25 12128 12072
26353 1 4814 6 5 10 6
22355 0 11595 91 91 7593 7587
1588 1 19716 7 6 4 3
11612 1 21343 3 2 3 2
5569 1 10107 15 11 9 4
5923 1 5569 6 4 13 9
24840 0 14776 16 16 12 12
24031 4 32273 26803 26803 9612 9612
12006 1 23328 4 3 2 2
15403 4 40478 87 87 127 127
16346 0 16005 1382 1382 27538 27536
7668 1 35530 535 532 9 9
9434 4 40717 26129 26126 4723 4723
22914 1 3088 3 2 4 2
2945 9 2944 2 2 2 2
24743 1 24742 2 2 3 2
31284 1 19047 2 2 4 3
1664 1 16927 5 2 5 4
40307 0 4362 4610 4610 36341 36334
29218 1 4362 3 2 5 5
4362 0 8787 17 17 67 60
17040 8 37417 109 108 3 3
39206 0 12650 3 3 25 5
29976 5 5742 3 3 555 533
15635 5 5742 45 45 1118 1095
903 5 5742 2 2 36 15
17663 4 9378 43 40 3 3
20364 1 26993 8 7 5 5
27150 0 3232 6386 6386 37478 37471
40854 0 14981 12112 12112 24816 24812
40855 0 25028 23612 23612 35672 35672
40678 5 5841 148 148 21510 21497
26893 3 11921 25801 25799 2601 2601
38438 0 24102 5326 5326 38756 38752
22467 0 22049 7056 7056 37357 37352
15542 0 22049 1761 1761 6768 6765
40856 0 8153 370 370 10648 10630
36147 0 8153 157 157 12668 12649
10925 1 8153 5 3 5 3
34372 4 36708 4 4 4 4
7489 6 35302 113 108 30 29
9267 0 1292 51 51 3046 3041
5975 0 8327 517 517 15834 15825
112 6 23406 54 9 2 2
6559 1 18773 6 5 3 2
13687 1 7279 2 2 4 2
37981 0 904 41 41 56 45
15563 1 17861 7 4 12 9
24736 1 14901 3 2 2 2
7506 1 27215 14 6 2 2
28486 1 28485 2 2 2 2
22848 1 33665 3 2 3 2
15952 0 3163 2 2 42 2
9298 0 3163 2 2 41 2
28717 0 3163 1 1 39 1
17876 3 17875 2 2 2 2
22196 1 22195 2 2 2 2
13637 1 27685 6 3 2 2
10125 4 13911 130 128 2 2
4146 0 37135 85 85 384 382
31487 4 8818 1380 1380 2017 2017
36976 0 4550 5687 5687 15441 15343
24513 0 4550 4 4 546 449
27936 0 4550 10 10 153 57
12322 0 4550 6 6 142 47
40857 0 2021 457 457 14330 14276
27575 0 6658 4216 4216 19574 19562
19537 9 28961 5 5 6 6
1070 0 17546 61 61 326 322
9755 1 9754 2 2 5 2
769 1 9754 3 3 4 2
40381 0 34906 2254 2254 55 55
15427 0 134 1702 1702 17282 17268
134 1 2633 6 3 2 2
1511 0 15914 1124 1124 251 248
5005 1 28613 11 4 3 3
18503 1 5005 3 2 10 3
40140 0 27752 4 3 7 4
16225 4 4698 402 399 11 11
40858 0 15284 11436 11436 38806 38800
628 1 627 4 3 5 4
16800 4 32120 121 121 232 232
25305 0 2099 2 2 29 2
13821 1 13530 4 3 4 3
16002 1 36632 10 7 5 4
40859 0 37052 4 4 2415 2414
6188 4 24112 69 51 3 3
6188 4 24347 40 23 2 2
15067 0 18496 15757 15757 36244 36244
29361 1 18956 2 2 3 2
10119 1 25492 12 7 4 2
28682 1 6956 2 2 2 2
22077 5 6956 1 1 20 1
720 9 26603 3 2 6 5
18029 0 8812 2 2 51 50
36166 1 16798 2 2 2 2
30646 4 33263 280 280 14 14
10063 0 8348 18602 18602 34856 34849
28320 1 27155 5 4 3 2
27155 1 29136 4 3 8 7
737 0 704 8852 8852 15419 15418
16207 1 16206 2 2 4 4
37148 0 23650 8412 8412 29068 29068
33954 1 14292 3 3 6 5
29886 1 28685 3 2 3 2
9855 6 33387 65 41 13 9
3785 0 28084 35485 35485 9143 9142
20088 5 3785 10 10 3410 3394
32514 5 3785 154 154 15311 15294
6922 1 6921 7 3 11 5
6921 1 7885 16 10 21 16
7656 1 11492 3 2 4 3
16454 1 15118 12 7 8 5
27917 0 8192 27 27 100 97
27917 1 5927 10 9 21 16
5927 1 27917 19 14 9 8
4197 0 8050 422 422 25 22
4197 1 37513 8 3 3 3
25431 1 5635 2 2 9 5
15018 1 18772 4 2 2 2
9762 6 8948 7870 7866 2642 2642
30927 6 25532 11898 11898 9263 9263
19315 1 39214 3 2 2 2
39214 0 32965 2 2 4 4
18563 0 4302 30 30 1151 1149
21993 1 19504 11 6 2 2
9794 0 26796 105 104 14 14
40860 0 1945 1240 1240 36402 36378
13748 1 11108 9 7 4 3
4384 1 24793 6 5 5 4
10633 4 19550 3866 3866 18766 18766
27322 1 37139 2 2 2 2
40383 0 38168 5 5 31 31
7362 4 32362 32 19 2 2
22231 1 8513 2 2 4 3
40692 0 8924 4552 4552 16798 16789
1685 1 12089 6 3 2 2
450 4 4488 93 76 6 6
39094 5 3918 1444 1444 35595 35576
40914 5 3918 197 197 32211 32193
2315 0 3918 727 727 27386 27378
40869 0 3918 7074 7074 38221 38212
39375 4 35988 5 5 5 5
33362 0 724 682 682 19393 19374
4388 4 38068 30 19 3 3
24592 0 13837 2963 2963 8598 8594
4109 6 1349 28 24 2 1
20971 4 929 8835 8835 18645 18644
23939 0 929 2 2 62 51
2108 1 23830 5 2 3 2
137 1 39790 2 2 2 2
14471 4 26704 201 197 60 60
38379 0 2037 2611 2611 16705 16702
3297 1 2037 4 2 2 2
19597 1 29925 6 4 2 2
9472 3 9553 27035 27035 39681 39679
24002 1 31718 2 2 3 2
13378 4 37002 19 11 3 3
18672 8 18729 7 7 14 11
23066 0 10976 22999 22999 38178 38178
37193 0 36623 26241 26241 28553 28553
35461 0 15432 6411 6411 13126 13124
6086 1 37968 70 70 165 165
39988 0 6132 2643 2643 32914 32908
27635 0 6879 3067 3067 37251 37251
12792 1 18251 3 3 3 2
25299 0 17090 3506 3506 9698 9696
22804 0 9256 6 6 22 19
22046 1 449 2 2 3 2
26701 5 39164 2883 2883 10029 10029
33010 4 37752 408 407 72 72
17564 4 28570 234 234 186 186
14394 1 27202 2 2 3 2
40861 0 35307 40210 40210 37810 37810
36533 1 31832 2 2 5 4
1421 1 13698 4 2 2 2
1421 1 1420 10 7 2 2
15918 1 8898 3 2 3 3
39681 2 3869 1 1 120 90
13147 2 3869 2 2 157 125
29520 1 38175 2 2 2 2
7705 4 29204 466 459 40 40
31945 1 533 2 2 3 2
20267 1 11332 3 2 3 2
40862 0 6138 4238 4238 33718 33703
12405 1 2536 2 2 9 4
22145 0 267 152 152 12750 12727
12466 4 38408 178 157 3 3
12466 4 38825 110 90 2 2
16552 1 10073 3 2 2 2
31672 0 16442 247 247 21 21
34829 0 34921 3 3 22 20
6539 1 27537 469 464 38 38
24829 0 20017 104 104 5435 5430
28048 0 20017 439 439 32119 32113
40863 0 22831 9003 9003 38374 38369
9658 0 22831 4643 4642 8729 8725
17365 6 1148 2407 2407 4393 4393
11735 1 13906 3 2 2 2
10734 0 10886 3 3 71 57
1494 0 15383 28661 28661 30075 30073
31725 6 3983 168 168 181 180
3023 1 19162 2 2 5 3
28499 0 2833 1219 1219 16193 16177
4250 3 26422 3 2 5 3
14121 1 5862 4 2 8 3
1002 0 15449 6522 6522 2200 2195
14237 9 14236 2 2 3 3
40286 1 14159 2 2 3 2
1432 4 24308 27 12 1 1
29759 0 21793 11 11 13 12
40 0 9353 1902 1902 16463 16455
36532 1 36531 2 2 5 5
4832 1 7867 9 5 5 5
27716 6 14968 258 258 150 150
304 0 25231 14534 14534 20000 19999
8542 1 19421 6 2 2 2
30629 1 15712 2 2 3 2
20027 2 9746 2 2 23 12
26019 0 4682 2 2 27 23
15092 4 32205 13784 13780 537 537
13106 4 30126 149 138 57 57
7451 0 9653 6 6 3 3
14198 1 7551 2 2 10 2
19206 1 11656 18 15 22 18
938 1 29478 4 2 2 2
19923 0 13346 3 3 4318 4309
40895 0 13346 5489 5489 37743 37733
8767 0 2776 55 55 656 632
17206 0 4193 3529 3529 5077 5075
9026 1 21448 3 3 9 5
10884 1 23870 4 3 4 2
10884 0 12402 765 765 459 458
33656 0 17442 944 944 27885 27881
29844 1 36062 5 4 2 2
39433 6 40246 4 3 4 4
13370 4 32777 144 143 57 57
40865 0 34557 25013 25013 40864 40863
12307 1 5388 2 2 7 4
8628 3 1186 77 76 7 7
4299 0 1562 18 18 68 61
18208 6 35649 6661 6661 13776 13776
12758 0 980 9951 9951 18220 18219
26577 4 38800 18 18 9 9
40866 0 8678 9188 9188 32857 32854
32294 0 1897 183 183 34531 34455
6937 1 1897 9 6 17 10
9481 9 158 4 3 5 2
13100 9 9481 4 3 3 2
15588 1 15587 11 7 7 6
13773 0 27141 3 3 172 169
25916 0 16303 4 4 45 36
36297 0 16303 2 2 54 44
20354 1 18989 2 2 2 2
973 1 13336 9 7 13 7
5185 0 13336 94 94 2750 2746
9012 5 7786 1 1 32 13
33237 1 410 2 2 2 2
14633 6 31433 10404 10403 2143 2143
14633 6 8142 4 4 28 28
40867 0 339 4821 4821 35178 35175
3453 1 18417 10 4 3 3
8951 1 28285 4 2 3 2
1460 1 8951 2 2 5 3
8222 1 6150 7 3 9 8
8054 3 25795 277 275 15 15
6845 1 2779 3 2 2 2
19202 0 12252 6 6 1213 1206
20124 1 18592 3 3 9 6
20124 0 14100 321 321 9444 9440
30846 0 2941 5 5 253 252
39027 0 9415 3691 3691 39185 39173
23350 1 17390 3 3 3 2
8558 1 7530 4 3 5 3
40868 0 5700 35249 35249 29041 29041
32469 0 324 59 59 9547 9527
8545 0 324 115 115 4327 4308
25032 1 25031 3 2 2 2
38057 9 30720 2 2 2 2
2030 0 1832 8 8 24 14
1637 0 5616 2 2 38 30
9928 0 5616 2 2 58 49
1702 4 29665 175 171 10 10
36951 4 24229 215 213 28 28
6008 1 1041 2 2 3 2
14647 0 13213 37 36 6 6
699 1 22618 2 2 2 2
35907 4 37894 10 10 6 6
13383 1 2789 10 6 7 6
2713 6 7645 36 1 3 2
11577 1 7731 3 2 4 2
40870 0 1335 39339 39339 33241 33240
24483 1 12798 5 4 5 3
17309 0 30810 161 159 116 114
10156 1 963 7 4 5 3
2452 1 3976 8 5 11 7
2452 1 7086 15 11 23 16
40905 0 3387 2263 2263 14034 14020
7217 1 3387 3 2 5 5
8525 4 37769 31 29 11 11
35828 0 1364 54 54 14929 14899
26559 6 35828 40629 40629 4496 4496
16493 1 19237 4 3 17 11
2933 1 7202 6 3 8 3
6048 9 22594 7 6 3 3
29003 1 35415 6 3 2 2
20788 1 10332 8 5 3 2
5707 1 5706 6 5 5 3
29609 1 29608 2 2 2 2
22190 1 35891 5 3 5 4
22190 1 11262 8 5 25 22
9192 1 19649 7 2 3 2
26202 0 7136 5 5 28 27
36138 0 7877 10 7 48 45
23317 0 6977 1597 1597 25423 25388
40920 0 6977 3191 3191 28238 28202
36948 1 27706 11610 11610 14812 14811
34777 1 14753 2 2 3 2
1620 4 23845 22 7 11 11
12071 1 18026 12 8 2 2
8848 5 14818 1 1 17 3
11500 6 11034 10 4 3 1
16013 1 5367 18 15 9 7
10574 6 36868 27 23 7 6
18072 0 1880 5 5 91 76
7031 1 26802 6 3 7 6
32487 1 10667 4 2 4 2
28680 1 10686 3 3 3 2
9031 4 20091 112 94 14 14
37696 0 13023 683 683 21477 21469
5434 1 5433 6 3 4 3
24552 2 8531 112 111 1425 1422
35789 5 3276 4 4 3455 3424
31511 5 3276 5 5 13996 13964
39401 0 24275 25 24 389 377
27408 0 4448 3 2 15 7
13163 1 17198 19 17 10 9
8664 1 2489 4 3 12 7
2489 1 15398 7 2 2 2
25485 2 3943 1 1 33 4
38545 2 3943 1 1 34 4
36055 6 19589 873 873 18728 18728
19768 0 5156 91 91 6122 6090
26405 0 5156 60 60 2642 2611
17022 6 35666 1423 1420 625 625
17022 6 3619 1219 1217 134 134
4621 1 88 3 2 6 4
40873 0 28355 14734 14734 33641 33639
2460 9 9748 6 6 7 7
36214 0 573 14 14 557 518
40874 0 22716 29916 29916 27698 27698
25322 4 40518 618 618 594 594
2760 0 11134 199 199 19250 19244
4446 9 1807 14 11 6 6
11636 0 4446 627 627 6336 6335
36303 1 2876 2 2 2 2
37244 1 21630 2 2 5 3
38942 1 2626 94 94 2566 2563
31471 0 2626 3 3 3 2
3018 0 27173 80 80 14 14
26985 0 7600 96 96 2597 2591
37635 0 7600 5 5 28 23
8617 6 7587 739 728 1325 1325
24972 0 1142 5339 5339 31539 31537
680 7 38698 27264 27202 1 1
680 7 40901 39810 39747 6 6
6028 0 29623 31266 31266 32023 32023
29623 0 33835 7844 7844 23559 23556
36506 4 25083 148 148 26 26
7152 1 4236 4 3 5 3
22504 0 7152 62 62 3089 3084
40876 0 1295 16107 16107 33641 33635
21646 1 1295 5 4 7 3
22690 0 9531 2 2 54 50
34554 0 9531 4 4 121 116
701 1 25692 3 3 6 3
14347 1 5567 9 6 7 5
22500 1 15849 4 3 4 3
24584 6 29929 2 2 2 2
18192 4 1499 4 4 2 2
17820 1 654 15 12 18 13
23192 1 654 2 2 6 2
34164 0 21362 7938 7938 36440 36435
23961 0 6776 20 20 2827 2817
14951 5 6776 275 275 32709 32704
2111 1 35677 5 3 3 3
32320 1 16031 12324 12324 17893 17893
31261 4 13766 895 895 2739 2739
38116 9 9 3 3 6 5
40068 0 28942 25676 25676 8719 8719
21724 1 8592 21 17 9 7
4229 1 37036 4985 4981 508 508
29447 0 15913 8 8 54 49
16697 4 31051 62 57 3 3
5443 6 33646 20 2 9 8
13087 1 36310 5 4 3 2
22927 4 27025 3160 3160 90 90
24129 1 15215 7 6 5 4
24953 0 13135 4045 4045 23672 23663
22068 0 29955 40337 40337 5037 5037
6111 0 23960 1131 1131 866 864
6111 1 11198 9 5 3 3
2003 0 4127 446 446 16259 16255
40878 0 34399 13449 13449 35405 35401
26349 1 19291 3 2 3 2
15641 1 5982 13 8 5 3
21253 0 5982 7501 7501 39482 39482
3948 3 25669 26481 26477 2406 2406
40879 0 39495 40787 40787 31247 31247
10738 0 8594 5366 5366 37428 37421
40612 0 8594 4101 4101 20924 20918
12395 0 4161 2 2 48 21
40942 0 4161 7961 7961 38887 38857
26530 0 25605 1151 1151 2033 2032
25576 0 19971 2506 2506 26045 26039
3574 6 39280 50 46 3 3
35051 1 36988 2 2 2 2
19269 6 3870 314 313 38 38
26457 1 21879 2 2 4 3
16049 4 31756 99 97 24 24
26279 5 6146 1 1 112 101
31974 5 6146 8 8 8189 8177
22137 5 3531 1 1 39 17
15837 1 15836 2 2 2 2
3895 0 3721 91 91 260 225
23820 6 25420 10 5 3 2
23820 6 11103 6 2 2 1
28203 4 29473 467 463 108 108
2999 1 36067 6 3 2 2
11766 5 10754 1 1 24 5
40880 0 10330 6793 6793 30254 30249
29695 1 25945 2 2 3 3
15242 6 5534 7 5 5 3
16017 3 30757 649 647 258 257
9486 3 6190 44 40 12 12
10504 6 36780 1286 1279 950 950
31226 0 17728 77 77 1341 1332
8734 1 1538 3 2 2 2
29667 0 249 17 17 971 926
7681 0 249 27 27 1941 1895
1196 5 12328 355 355 33162 33145
29190 5 2139 7 7 3840 3814
9335 5 2139 1 1 57 33
13338 1 18054 7 5 4 4
19110 4 40436 60 60 34 34
1935 0 7945 30 30 2750 2727
1104 0 7945 7 6 154 133
32001 2 3539 1004 1004 15268 15267
7118 0 3978 3 3 26 5
27765 0 206 197 197 4332 4302
16624 9 15794 3 3 3 3
1966 4 24890 12056 12054 491 491
31338 0 8266 6 6 310 306
40221 5 73 1 1 90 35
3410 4 40221 441 440 20 20
29650 5 73 21 21 28044 27985
4984 0 73 2 2 22 11
7890 1 8556 7 3 6 4
32343 0 7890 4389 4389 30697 30680
4686 0 9935 482 482 8802 8786
1690 1 5111 16 3 6 5
23282 0 1690 322 321 1476 1466
10335 1 2363 2 2 18 11
19856 1 15917 3 2 4 3
15168 1 35514 2 2 2 2
40881 0 9334 9668 9668 31423 31418
28253 1 28252 5 5 4 3
11736 1 678 4 2 4 2
12371 1 20336 8 4 4 3
26039 1 31200 14538 14538 17385 17385
39168 1 23614 2 2 4 4
20692 1 21524 3 2 2 2
24359 1 36592 2 2 3 2
6740 1 6335 5 3 3 2
38194 0 6335 27383 27383 28491 28491
5315 0 18408 5 5 4 4
11605 4 40002 94 94 58 58
12921 1 24570 17 7 9 7
21374 1 12921 8 7 13 3
5134 2 4633 1 1 11 1
35877 0 85 3 3 268 35
23185 0 85 36 36 6777 6532
40756 0 85 1974 1974 29901 29653
26136 1 26135 2 2 2 2
37633 0 20754 8729 8729 18561 18560
40883 0 1222 3348 3348 22440 22426
40904 0 1222 5406 5406 21689 21676
19190 1 22874 7 6 18 15
14563 2 35454 40943 40941 2226 2226
12530 1 5329 2 2 3 2
37793 0 425 1192 1192 11935 11915
7112 1 21005 2 2 6 2
13785 6 30026 4523 4522 25221 25221
30892 1 27200 2 2 2 2
22309 1 11345 4 3 12 5
652 1 11489 8 3 3 2
21523 0 5914 12204 12204 25554 25550
19459 1 8641 2 2 6 2
103 0 9917 5087 5087 20414 20413
34367 1 30925 2 2 3 2
39210 0 36049 6113 6113 26626 26625
27244 6 22681 73 72 5 5
12608 4 21734 48 45 4 4
31281 1 6359 2 2 9 4
40153 0 6359 7465 7465 36522 36514
28257 1 28256 4 3 7 6
3741 6 11977 3 1 7 4
8455 0 14334 86 86 44 43
11170 1 606 8 2 5 3
9097 4 33963 173 172 32 32
15436 1 15435 4 3 2 2
9201 1 9200 7 5 3 3
6058 0 5378 3 3 52 38
5378 1 9054 5 2 14 9
24455 0 7235 397 397 26742 26737
40886 0 36491 38245 38245 30311 30310
27948 0 29072 5597 5597 40471 40467
2574 1 10949 14 10 13 9
15184 1 36822 6 6 4 3
17033 1 208 2 2 3 2
5633 0 4663 46 46 3586 3570
23779 0 17423 10309 10309 30171 30167
31140 0 1615 41 41 299 294
25999 1 31140 2 2 4 3
29071 0 25203 1257 1257 8180 8177
4929 4 37085 1190 1184 286 286
11962 4 5667 58 54 7 7
14732 6 18907 15365 15364 102 102
4582 0 23340 8311 8311 23912 23908
2940 0 23340 2 2 13 10
6093 10 24981 3 2 5 5
14001 0 36202 5 5 43 43
37407 0 19919 3068 3068 40779 40776
28934 0 6210 73 72 45 42
13298 1 26814 8 6 5 4
12356 1 20726 3 2 2 2
11679 7 15652 187 181 9 8
18992 0 780 35 35 1006 998
12696 0 1750 6341 6341 15626 15624
22477 1 2282 8 3 2 2
17701 4 36065 191 191 11 11
20641 0 36866 14203 14203 37525 37524
31601 0 1352 3325 3325 39880 39874
36144 0 28533 6443 6443 6304 6304
22400 2 2183 1 1 49 18
39117 2 5348 6 5 4 2
12905 1 5832 5 3 8 7
16355 1 22399 561 556 248 248
8334 2 35737 21 21 109 108
13347 0 26570 45 45 37 35
40889 0 34949 9297 9297 28422 28422
12551 0 7485 576 576 2847 2846
3154 1 27514 4 2 2 2
35950 0 20760 3 3 21 16
20760 0 25127 3248 3248 18634 18633
23933 1 23098 27 26 31 28
12685 6 19180 26138 26132 634 634
12358 2 4168 1 1 11 1
7700 2 4168 1 1 10 1
35674 0 16517 9580 9580 9939 9939
6813 1 5175 4 2 3 3
7375 1 7374 5 3 3 2
40890 2 23906 6617 6617 33005 33005
21948 4 38918 1167 1167 3808 3808
17500 9 17499 2 2 2 2
6759 1 21078 6 3 3 2
11196 0 24534 2203 2203 2767 2764
16734 7 13678 11717 11714 10 10
865 1 17946 16 7 2 2
1821 6 39122 637 623 21 21
11630 1 31896 5 2 3 3
7284 1 17756 3 2 2 2
26770 5 6829 1 1 7 1
37565 1 22789 6 4 4 3
11926 1 11925 6 2 5 4
27446 1 22702 10 8 7 5
13999 0 37238 43 43 222 221
2050 6 30438 16542 16542 23037 23037
21493 0 24309 6903 6903 27897 27897
40891 0 13449 7779 7779 22688 22687
15390 1 38904 24452 24451 5143 5143
33146 1 2101 5 4 12 4
17987 3 17986 50 48 5 4
29746 3 17987 4 4 84 82
2692 0 10487 42 42 47 44
32902 1 29338 2 2 2 2
14511 6 11512 689 682 25 25
6117 1 683 2 2 11 5
25817 0 40019 30504 30504 34250 34250
39730 4 31900 2505 2505 10016 10016
14912 3 19439 40 37 3 3
34332 4 1842 132 128 9 9
29957 5 8285 23 23 12521 12517
8398 4 40398 578 578 1199 1199
13141 4 36356 145 133 6 6
24146 1 36079 3 2 2 2
12197 1 24146 5 2 3 2
8973 0 15567 1877 1877 4970 4969
2840 1 18631 5 4 2 2
4993 1 4648 3 2 16 7
15543 4 26788 3764 3764 24006 24006
9926 1 1976 107 105 16 14
40893 0 10088 3813 3813 32950 32945
18632 0 15264 1612 1611 9362 9359
25930 4 9684 478 472 419 419
39714 5 5407 1 1 29 5
31612 1 9688 4 4 5 4
1782 1 1781 3 2 15 12
34009 6 39128 595 592 915 914
25597 0 4132 1793 1793 39406 39396
16378 0 2054 3 3 55 39
12541 0 2054 6 6 61 44
2054 1 17904 666 666 905 904
18557 9 18725 3 3 2 2
40453 1 28165 2 2 5 3
7231 0 16733 38747 38747 33061 33061
17867 1 14085 3 2 5 4
36201 4 39259 4211 4210 89 89
17202 0 12720 11 11 197 188
28053 0 4049 1209 1209 26525 26511
25593 0 4049 1430 1430 36950 36935
4049 1 28361 3 3 4 2
22873 1 37187 11 4 2 2
37187 0 3391 5615 5615 28086 28082
30984 1 6485 4 2 4 2
12052 1 6794 8 7 11 8
6371 6 13857 636 632 142 141
1675 3 3261 13 9 7 6
32329 0 39076 23700 23700 9785 9785
1788 0 22163 2 2 14 10
8791 1 15310 3 2 17 11
13863 1 15310 17 9 12 7
3838 1 15310 6 4 24 17
36716 0 15310 216 216 4055 4055
23303 1 6584 3 2 16 10
9014 0 13840 14 14 3946 3941
9501 1 16279 3 2 5 4
9412 1 35482 6 2 3 3
26517 1 352 18 16 27 19
30651 1 30650 3 2 2 2
13606 0 5759 5 5 51 36
24242 4 40495 1495 1495 6035 6035
3024 1 8489 3 2 11 5
4914 4 5471 121 116 3 3
16649 0 11808 6 6 35 30
16580 1 16649 4 3 6 4
8882 1 30608 7 5 2 2
24380 6 4034 11 11 29 27
20967 1 38940 129 126 14 14
38940 1 20967 27 27 852 849
12345 4 32572 139 138 24 24
17336 1 6811 3 3 4 2
4393 0 21188 57 57 900 898
16082 0 19592 18484 18484 38639 38638
13599 4 38034 125 125 42 42
2399 3 852 6 4 2 2
26551 1 17969 5 3 5 3
19862 1 25685 10 6 2 2
33100 0 23835 109 109 468 462
38732 1 16818 2 2 4 2
30257 4 39983 167 167 84 84
2097 1 9439 9 5 6 2
8891 1 8890 2 2 7 4
10946 1 16189 12 9 4 3
23311 5 666 1 1 46 18
7605 1 16736 3 2 3 2
40896 0 23801 9544 9544 23369 23367
3152 1 34834 5 3 24 24
8027 0 17129 10089 10089 27828 27827
18036 1 23414 4 2 3 2
10896 1 5187 2 2 2 2
29378 0 14065 2 2 151 149
11268 1 18820 34 33 526 523
10603 3 7644 3 2 4 3
28163 6 33290 26 26 61 61
26372 1 2839 7 5 6 4
13731 1 3340 7 5 9 5
30635 1 27499 3 2 5 3
19561 2 12788 20 18 29 27
6316 1 14884 20 18 19 18
14884 1 6316 10 9 17 15
40071 0 542 17 17 1100 1087
24433 1 24432 3 2 2 2
8518 8 19686 61 56 16 16
36028 1 13581 2 2 4 2
23015 1 39472 3 2 2 2
29941 0 8121 67 67 69 64
11007 0 39628 1180 1180 3826 3825
38483 1 35975 2 2 2 2
27069 0 17594 269 269 4257 4256
31414 0 21528 490 490 465 462
10966 0 6448 217 217 1443 1439
7275 0 36151 13265 13265 29680 29679
10347 0 12311 65 65 372 361
40897 0 15992 377 377 23313 23308
29348 1 9181 2 2 12 7
181 4 20452 103 98 6 6
30056 0 13450 764 763 5758 5752
13510 0 34706 2595 2595 37393 37391
9041 1 8986 7 3 10 6
33052 1 6521 4 3 12 8
26934 4 36843 318 318 238 238
2778 1 2777 7 4 2 2
28399 9 24687 4 4 4 4
28399 0 7125 3 3 4 2
163 1 9522 6 2 3 2
38964 6 15538 4 2 3 1
36295 6 20656 14417 14417 33702 33702
7947 1 3044 5 2 11 4
24577 0 6103 5400 5400 17654 17651
39447 2 955 30 29 537 524
27080 0 35724 892 892 13894 13894
18317 0 16471 2048 2048 33839 33836
40899 0 1371 1888 1888 17824 17801
35847 0 1371 10 10 5633 5611
32447 6 14556 77 75 5 4
5046 5 5363 50 50 29910 29895
31855 0 1378 2 2 128 66
19994 0 1378 4 4 82 22
25740 0 1378 126 126 105 44
40676 0 1378 2396 2396 28135 28072
20832 0 2453 3353 3353 29613 29559
38637 0 35536 152 152 4632 4632
29542 6 38922 16 16 8 8
17578 1 8885 13 12 7 5
40900 0 3668 1349 1349 25703 25695
38879 4 40465 93 93 144 144
23645 1 3271 4 3 3 2
10717 1 23392 3 2 5 3
7129 6 37636 324 304 2 2
7129 6 39342 28 9 12 9
22752 1 11603 6 4 6 4
13171 0 2104 41 41 11618 11602
3840 4 25993 44 43 3 3
6976 1 6542 2 2 2 2
6504 0 17314 6 6 158 151
1218 1 18913 7 3 2 2
23637 1 22005 2 2 2 2
12259 4 40042 849 849 2516 2516
29053 0 31232 33 33 514 510
14841 1 11642 4 2 4 2
12434 1 11406 4 3 5 2
4571 1 19807 3 2 2 2
12516 1 16943 2 2 6 4
9471 1 28564 7 3 2 2
40902 0 30686 25163 25163 25027 25026
215 1 13069 9 4 4 3
28342 4 21955 357 357 83 83
4050 1 5908 3 2 2 2
10960 0 16571 9986 9986 39293 39292
3343 1 1512 8 4 9 8
15421 1 7039 9 4 5 4
40903 0 23890 14910 14910 33910 33909
18173 1 23932 9 7 8 6
26645 1 11702 2 2 3 2
15117 1 11702 2 2 2 2
7241 1 9423 4 2 2 2
15866 1 20662 3 2 5 2
308 1 23762 7 3 2 2
1602 1 20590 5 2 3 2
7541 1 7540 4 3 3 2
4015 0 32323 38284 38284 11043 11043
36003 2 3957 4 3 7 3
11479 0 4865 115 115 6507 6501
1202 0 14475 1161 1161 10002 9999
14612 1 19739 10 8 11 9
7024 0 6752 5 5 43 29
32853 0 5203 2858 2858 19026 19024
37253 0 40396 23475 23475 36527 36525
34648 0 16831 23 23 437 436
1613 1 3914 8 6 6 3
10826 0 26562 1557 1557 13264 13259
23101 1 12527 3 2 4 2
27830 0 8061 409 408 7397 7395
20864 1 6464 2 2 9 7
5262 6 29332 4121 4118 7103 7103
35821 0 16863 11347 11347 32955 32949
13407 1 4967 5 4 5 3
9713 1 18011 3 2 2 2
31393 4 27927 5821 5821 20732 20732
12347 1 13214 11 8 2 2
22063 1 36525 2 2 2 2
37425 0 4766 9518 9518 34036 34036
27152 4 38832 65 64 2 2
31830 5 24055 184 184 82 82
15799 6 17609 12 1 1 1
38974 0 621 211 211 4897 4896
17241 0 17150 1 1 3 2
2858 4 33960 78 46 2 2
26230 0 10765 2 2 73 66
19752 1 19897 14 10 15 13
38731 0 10922 13 13 358 355
30909 6 31031 7668 7668 33430 33430
40907 0 25161 34040 34040 28978 28976
36978 0 692 19 19 948 923
29708 0 692 6 6 425 402
20476 1 6724 329 328 737 735
40908 0 7921 21242 21242 36254 36254
2443 9 5163 7 6 2 2
12141 1 2443 3 3 5 2
7159 4 32394 141 139 64 64
9995 0 1520 4 4 116 106
3657 1 11758 36 36 1029 1025
687 6 27283 5249 5228 419 419
8662 0 716 4 4 50 12
7974 1 3145 8 5 8 6
24517 1 9302 3 3 4 2
7449 0 7095 8182 8181 5020 5020
31989 4 40175 79 79 25 25
40909 0 3338 19666 19666 38687 38679
19172 0 15730 12 11 13 12
15433 6 23550 13117 13114 433 433
15869 1 9418 7 5 7 6
27694 3 13419 4 4 5 4
21543 0 14367 8304 8304 21024 21018
5015 4 5256 29 22 5 5
16016 1 10865 4 3 2 2
2379 0 14652 32255 32255 38978 38978
40910 0 10662 2468 2468 32731 32723
13388 1 17572 3 2 3 2
38526 0 17405 5323 5323 19622 19614
9889 0 38560 12289 12289 37707 37706
11600 0 13047 9 9 39 31
40912 0 9931 14523 14523 34981 34981
36575 0 34172 9577 9577 9573 9570
19960 6 20910 26437 26436 6612 6612
10868 1 6529 4 2 13 10
25398 1 30292 2 2 5 3
13664 1 23487 5 3 3 2
40913 2 1214 2100 2100 36962 36943
13094 2 1214 6 4 23 5
16437 0 26208 6079 6079 8444 8442
22757 1 22756 3 2 3 3
40260 0 26108 2 2 21 19
32735 0 5654 2 2 10 7
3447 1 9780 9 4 5 4
14404 1 3447 5 4 9 4
7985 1 4209 3 3 7 4
40915 0 10407 11753 11753 28959 28959
6851 1 6468 4 3 7 3
15604 3 4192 13 13 8 8
9074 0 2243 5 5 69 68
16945 1 27937 2 2 2 2
37937 2 17319 4 3 7 4
17444 1 7040 2 2 3 2
24542 0 21434 1175 1175 704 703
19654 0 38248 19495 19495 2229 2229
40916 0 25194 4742 4742 31262 31261
3512 1 1507 14 11 2 2
35515 4 5683 153 153 20 20
26598 1 13630 2 2 2 2
3815 1 39428 6 4 6 6
4037 0 16708 2 2 11 7
29698 0 8868 23556 23555 29011 29010
15051 1 14230 2 2 17 13
1006 3 17460 6 5 72 68
20944 1 2415 4 2 8 4
9847 3 11802 1734 1727 312 312
19964 4 40677 19286 19283 3661 3661
23100 1 23574 4 3 4 3
21645 1 16026 12 10 8 6
3046 0 140 2320 2320 14761 14755
1732 6 23260 14 2 1 1
29279 4 22476 293 293 81 81
21641 0 8412 8177 8177 4567 4566
40283 0 13935 592 592 844 841
20075 1 5623 4 2 4 3
32173 0 25942 16 16 661 658
17114 1 9438 2 2 3 2
33419 4 28271 90 88 13 13
40917 0 5681 24246 24246 39238 39237
15907 1 15906 5 4 5 3
15906 1 26088 37 34 11 10
14098 4 39569 274 272 22 22
4725 1 3135 3 2 3 2
24645 1 21259 3 2 4 3
22111 1 25386 2 2 2 2
11499 1 5619 4 3 5 2
3068 1 3431 8 4 5 4
7765 1 7764 4 2 3 2
11813 1 30361 9 2 2 2
13330 1 4080 3 2 3 2
40919 0 27595 919 919 13886 13886
26579 0 27595 1342 1341 31103 31102
20569 1 7364 10 9 12 6
27835 1 30774 2 2 2 2
2212 6 39573 28744 28744 9201 9201
29644 1 22647 4 4 12 11
28102 1 13943 9 9 4 3
39806 0 4094 6141 6141 18545 18545
11333 0 1873 155 155 11171 11162
7708 1 7707 6 5 4 3
20826 6 37122 113 112 239 239
35116 1 2058 2 2 9 5
4697 1 3858 3 2 4 2
11455 4 7090 120 116 2 2
40921 0 10175 1428 1428 18113 18107
38431 1 28014 2 2 2 2
12033 1 19844 3 2 3 2
5245 0 33893 6422 6422 22291 22291
34222 0 38513 5555 5555 18279 18278
8695 1 8694 2 2 5 2
3104 1 3103 3 3 5 4
15438 1 11384 3 3 4 2
31721 1 24228 3 2 2 2
2370 4 3245 25 6 2 2
8754 1 6098 8 6 4 3
8754 1 4244 11 8 10 8
18988 0 27345 18 18 620 619
40923 0 13663 1772 1772 23990 23969
11049 0 722 3 3 176 168
38784 0 6570 2 2 598 583
16141 4 16183 28 26 7 7
496 1 32512 4 2 2 2
37743 1 14493 3 3 14 11
5090 1 38941 3 2 2 2
34217 1 30032 3 2 3 2
16865 1 8774 3 3 3 2
26008 1 24248 1369 1367 221 221
37763 1 3707 2 2 2 2
22457 6 34682 4115 4115 17376 17376
33138 1 11811 2 2 2 2
25767 4 33687 190 190 26 26
13958 4 28025 31 23 2 2
656 1 37010 4 2 2 2
10583 1 2117 7 3 15 8
20736 1 17537 12226 12226 10037 10036
10184 0 28333 194 194 184 180
38142 0 26564 24773 24773 13866 13866
3096 4 25112 157 149 5 5
15613 0 15381 269 269 29222 29218
22584 1 12684 2 2 6 4
10350 1 13671 4 2 2 2
7514 1 25165 4 2 4 3
25852 1 20593 3 3 3 2
14893 0 27550 1350 1350 21372 21372
22787 1 22786 2 2 3 2
5300 0 27067 279 278 1067 1067
622 0 8078 2 2 52 40
24444 8 33475 775 775 13771 13771
35002 0 19318 2946 2946 26943 26941
5466 0 115 1008 1008 18608 18592
19843 0 2682 3 3 7 6
22395 0 5140 2289 2289 7970 7966
20504 0 11647 6 6 6196 6187
11184 4 27448 2526 2517 22 22
33563 0 18375 27008 27008 3221 3221
19846 1 18645 7763 7761 757 756
23722 0 20561 5316 5316 7787 7787
36869 1 18872 2 2 9 4
1358 1 1357 7 5 3 3
13443 1 1717 4 2 4 2
9968 1 13305 3 3 7 3
6222 1 29825 5 4 4 3
19156 0 89 34 34 8086 8069
28882 9 3696 4 4 2 2
40924 0 22072 13683 13683 36653 36649
30066 1 7387 2 2 4 2
15533 0 7387 904 904 6192 6186
6506 6 39335 217 210 45 45
29368 0 40057 39154 39154 30986 30986
27225 6 33459 27 20 3 3
34773 0 34386 7633 7633 39769 39767
40449 0 1803 5937 5937 25466 25458
21774 6 9252 12717 12717 32384 32384
18483 1 17730 4 3 6 4
18247 1 33545 2 2 2 2
38623 0 5839 6007 6007 36394 36389
4359 1 29197 3 2 7 3
29197 1 13612 11 7 14 11
27198 1 6242 2 2 7 2
27447 1 4053 4 3 6 6
13806 1 28087 3 3 3 2
40925 0 19888 11469 11469 20407 20407
9983 4 21913 105 103 21 21
20348 0 11447 3 3 8 8
38036 0 1666 2348 2348 17776 17765
32679 0 34089 21832 21832 20700 20700
35965 4 17251 55 55 19 19
18481 6 27900 21693 21693 10738 10738
37628 1 32564 10 10 5 4
4466 1 21189 6 5 6 3
640 1 7220 3 2 3 2
24070 0 18975 22107 22107 27241 27239
2758 1 22165 2 2 4 3
4556 1 9927 7 5 10 6
40353 0 10745 7394 7394 28420 28415
19632 1 35311 2 2 2 2
39784 1 31199 2 2 2 2
4594 0 5891 41 41 1013 1009
4491 0 19288 234 234 2427 2425
30729 4 33668 252 252 447 447
34985 0 3925 466 466 4542 4538
28487 1 7168 2 2 7 3
26416 1 36198 4 2 3 3
34811 0 1272 150 150 8379 8362
3263 1 2390 4 2 6 3
11689 0 15537 3 3 20 17
28752 0 4416 96 96 345 344
27422 0 8663 996 996 11335 11333
5643 1 3754 4 3 3 2
11366 1 26527 12 8 6 3
24792 1 893 3 3 3 2
6657 1 21399 3 2 2 2
18566 1 6657 5 5 4 3
39413 0 5325 45 45 20946 20920
11969 1 26616 15489 15489 20100 20099
36488 1 6245 10 10 73 69
11151 1 17991 5 4 5 3
3136 1 16161 3 2 3 2
30980 0 3884 49 48 1476 1471
30250 1 32816 5 3 2 2
4638 1 29948 2 2 2 2
27855 0 9636 1676 1676 2300 2300
22777 1 35880 5 3 2 2
3901 1 1387 3 2 3 3
22243 0 13777 240 240 2407 2398
5542 1 30223 16 12 6 5
38033 0 20954 18769 18769 39570 39570
29753 0 15565 987 987 12139 12131
29266 4 13537 3816 3816 715 715
1937 6 25054 4367 4364 9902 9902
21124 0 14843 2467 2467 39799 39796
40927 0 290 1531 1531 22192 22146
31744 4 8674 450 449 148 148
40127 0 2558 161 160 838 823
2529 4 12558 3841 3834 75 75
7694 1 33571 5 2 2 2
22610 0 27194 58 57 186 181
30249 0 6066 23529 23529 40459 40458
658 0 13432 1951 1951 28656 28650
40928 0 9369 34775 34775 38246 38245
38434 0 9010 1015 1015 3758 3757
30241 6 28445 36 33 2 2
35998 1 12005 3 3 7 4
37809 2 18294 2477 2476 2128 2126
11424 1 34792 11 4 3 3
35840 0 11072 1580 1580 38976 38971
28978 1 22902 2 2 2 2
11576 6 38596 53 51 4 4
1930 4 36216 1135 1128 11 11
7939 1 10211 5 2 3 2
28794 4 27413 42 42 9 9
5741 0 1817 1605 1605 198 198
5741 6 31343 5 2 2 2
19214 6 3845 1848 1844 29 28
23468 1 1116 15 13 6 4
19251 1 13436 6 5 9 5
30832 0 17008 17193 17192 3501 3501
10086 1 10085 3 3 6 3
20123 1 21785 4 3 5 2
29801 1 16682 3 3 6 3
2714 6 17927 58 14 15 11
3544 6 29062 32 21 10 9
16737 0 2582 794 794 16921 16917
37791 0 27732 5 5 326 321
17526 4 11245 963 961 41 41
1533 0 604 6755 6755 10954 10943
39727 1 9142 2 2 12 6
13018 3 4849 8 6 8 7
32445 0 36854 105 105 35357 35355
30065 6 21979 29 29 274 271
1742 6 21979 608 608 13476 13472
23039 1 22926 4 2 2 2
32339 1 27741 3 2 4 2
17262 4 33581 1677 1676 193 193
26419 1 3896 2 2 3 2
2404 6 17683 52 50 46 46
33189 0 14812 2863 2863 10819 10815
26452 9 7754 1374 1374 11585 11584
19015 1 28438 7 4 6 3
12913 1 9397 2 2 4 2
40931 0 27727 11568 11568 36529 36528
1419 1 22014 4 2 4 3
22075 4 35020 185 184 37 37
14470 4 37913 68 67 22 22
28719 0 7960 4679 4679 22683 22683
8597 1 843 2 2 2 2
14278 0 7240 290 290 11013 10996
2970 0 8651 626 626 6225 6224
17407 6 4098 2082 2081 1184 1184
15599 5 6014 5447 5447 17119 17116
23298 0 37796 2 2 4 2
23743 4 1839 355 351 92 92
9242 1 9241 2 2 8 6
40932 0 8840 2383 2383 23473 23466
20097 1 39891 9 6 4 4
28366 1 34247 3 2 2 2
23644 0 37462 24698 24698 6611 6611
9572 9 9571 6 6 2 2
30724 1 28310 2 2 3 2
18933 4 6687 363 361 7 7
17759 0 2861 995 995 24398 24390
40933 0 15371 7378 7378 19083 19079
38707 1 6267 3 3 4 3
4208 1 4207 3 2 4 3
15219 1 38553 3 2 2 2
23158 4 15716 884 884 905 905
21950 1 27256 8 6 4 3
34499 0 3934 2211 2211 34440 34437
35578 1 3227 2 2 5 3
7908 1 6243 63 56 15 14
1914 6 14604 643 619 378 378
38010 0 30717 1520 1520 9655 9654
40934 0 22330 7541 7541 38042 38042
36509 0 1481 11896 11896 31054 31053
17630 1 5576 4 3 5 4
16260 4 1174 414 408 29 29
8162 2 27707 1536 1536 8577 8577
28523 9 16965 2 2 3 3
40935 0 16658 2016 2016 27412 27409
25614 0 86 201 201 4076 4073
18620 3 6300 3 2 8 7
10303 0 1380 12 12 59 44
37033 0 20187 4373 4373 32339 32338
26386 0 18443 4516 4516 2334 2334
38926 0 5480 15551 15551 26573 26572
29831 0 12577 7 6 34 27
15782 0 21097 8660 8660 37624 37621
22438 1 8094 4 4 41 39
40936 2 3999 153 153 19470 19433
1838 0 11464 2085 2085 11455 11453
14405 6 31106 3395 3392 2483 2483
38576 6 23883 106 106 356 356
17088 4 35425 16223 16223 581 581
849 10 13402 5 5 4 4
31905 1 5241 4 3 8 6
5409 0 9991 4 4 15 13
7245 0 31986 3468 3468 9957 9956
34983 1 16742 2 2 4 2
10762 1 12714 4 2 3 3
10953 0 273 255 255 7904 7889
26769 0 1194 3 3 17 15
12790 6 38666 34 33 9 8
20833 0 14547 1012 1012 6807 6807
31477 0 20633 2 2 13 11
25922 1 17748 6 4 3 2
35874 0 3549 10 10 333 318
24436 1 2798 2 2 3 2
25966 1 11230 2 2 6 4
16275 1 18980 5 3 8 4
7862 4 17841 510 507 300 300
12959 0 12265 302 302 10964 10964
40938 0 25310 37095 37095 36569 36567
35627 0 3269 2 2 27 24
18098 1 22245 11 5 2 2
35614 0 5846 2 2 32 2
29207 1 24456 11 10 9 7
1048 1 24443 4 3 4 3
22767 5 6095 4 4 121 118
12231 0 16476 1 1 11 5
19496 1 30112 2 2 7 4
40940 0 7382 4511 4511 23505 23502
8838 1 20614 5 2 3 2
30101 1 30632 5 3 5 3
9830 1 34527 4 3 3 2
40941 0 13946 11488 11488 36580 36578
28643 0 11339 3 3 887 883
13847 1 14386 5 4 7 5
27260 1 35256 6 5 3 2
35120 4 33416 81 79 3 3
6728 1 6727 17 7 6 4
