1678 7 40551 419 181 1 1
1678 7 18056 387 151 1 1
1678 7 30089 423 184 1 1
1678 7 36781 299 67 1 1
1678 7 18000 249 20 1 1
1678 7 9202 337 102 1 1
1678 7 26036 15584 15342 4 4
1678 7 35669 325 92 1 1
1678 7 40887 40866 40623 1976 1976
1678 7 38204 2589 2348 4 4
17935 9 35175 5 5 2 2
785 8 10116 5382 4935 6 6
785 8 37575 1649 1204 1 1
785 8 21817 32923 32452 54 54
785 8 18729 444 2 3 1
785 8 12268 9817 9367 2 2
785 8 29200 32191 31721 48 48
785 8 23537 25889 25427 4 4
785 8 6770 3841 3395 3 3
785 8 1493 8381 7932 9 9
785 8 28822 28519 28052 16 16
785 8 15703 13877 13424 7 7
785 8 8245 12914 12462 3 3
785 8 36761 19760 19303 15 15
785 8 155 28131 27665 7 7
785 8 39420 22571 22113 3 3
785 8 38749 18910 18455 5 5
785 7 11761 7526 7512 34 34
16176 4 33688 3911 3909 1296 1296
18671 0 11241 5 5 26 11
19621 0 11241 2 2 16 2
15582 0 4030 27 27 452 423
25033 0 4030 1 1 36 10
31351 0 4030 6 6 276 248
19165 0 2969 31 31 408 399
21012 1 19165 6 3 3 2
16748 6 29001 9 8 9 7
31740 0 1183 2 2 200 157
26184 1 32091 20352 20349 4683 4683
32091 1 26184 8361 8361 26681 26678
4194 1 6975 2 2 4 3
6975 1 3569 4 3 9 4
15602 0 4367 664 664 16916 16887
6546 0 4367 8 8 958 930
24512 1 24859 2 2 3 2
33182 0 5053 4037 4037 25974 25971
5945 6 10270 20 17 82 81
5109 0 22368 1706 1706 37373 37368
20774 0 8060 263 263 78 78
12274 1 9268 2 2 3 2
12842 1 15886 6 2 4 3
13394 1 3789 4 2 2 2
13394 0 3459 202 202 2433 2424
38200 3 8055 4 3 17 15
36698 0 586 11 11 658 581
13143 0 586 26 26 3573 3494
7684 1 586 4 3 9 3
586 3 772 29 19 6 5
586 3 3510 40 29 5 5
586 1 11276 11 4 4 2
38212 2 121 9 9 1242 745
34053 2 121 23 23 1603 1102
21130 2 121 1 1 574 91
22680 2 121 2 1 486 6
33440 2 121 5 5 1207 711
37929 2 121 4 4 815 327
25514 2 121 6 6 953 464
31531 2 121 5 5 1669 1167
15287 2 121 21 21 2200 1695
30007 2 121 2 1 478 3
33594 2 121 2 2 643 159
31050 2 121 31 31 2014 1511
10443 2 121 2 1 473 2
13776 2 121 2 1 480 3
28371 2 121 6 6 1076 584
25046 2 121 1 1 665 179
29285 2 121 5 5 1193 698
29029 2 121 20 20 2515 2008
39017 2 121 2 2 720 233
36587 2 121 43 43 3482 2974
29042 2 121 33 33 2338 1832
20341 2 121 4 4 1043 552
33915 2 121 15 15 1246 748
14588 2 121 2 1 479 3
121 6 39924 12 8 7 7
40757 0 1311 15935 15935 40897 40879
40804 0 1311 5596 5596 40695 40678
1311 0 896 195 195 900 895
18270 1 18269 4 2 2 2
13049 0 4990 37 37 2104 2085
36351 0 4990 23 23 2894 2874
29179 1 10971 2 2 2 2
23886 0 6769 7 7 3 2
30612 0 4411 4391 4391 19055 19054
14866 0 3633 292 292 6224 6219
35748 0 11399 14842 14842 38590 38583
31413 0 15186 6 6 11 9
20145 0 11015 2942 2942 22367 22366
40728 5 914 825 825 40601 40308
28450 5 914 681 681 20446 20155
7848 5 914 2 2 435 153
35945 5 914 1 1 307 28
25546 5 914 4 4 5093 4806
38155 5 914 1 1 312 32
36490 5 914 5 5 9510 9220
31958 5 914 1 1 353 72
16022 5 914 36 35 1287 1002
1595 5 914 7 7 1893 1607
5734 1 377 4 2 3 2
22785 0 5734 120 120 213 212
1255 6 24915 12432 12432 38512 38512
14244 1 11981 2 2 6 3
19390 0 4369 7 7 59 40
15364 0 4369 344 344 10552 10530
6533 0 4369 14492 14492 32129 32106
20079 0 4369 822 822 10507 10486
3634 1 4369 6 3 2 2
10990 1 4301 7 2 3 2
16398 1 2783 5 4 8 3
2783 1 1316 12 5 7 3
31737 0 16660 2 1 14 1
40758 0 6286 8191 8191 40352 40340
36771 0 6286 33 33 206 195
23301 0 6286 24 24 19 9
6286 1 7865 2 2 3 2
40759 0 45 14630 14630 40549 40546
45 1 44 14 3 3 3
30663 4 40225 194 193 39 39
14235 0 20549 362 362 27446 27441
20549 1 8731 3 2 6 2
15727 0 20842 11 11 15 14
28017 0 10090 944 944 32325 32311
40795 0 10090 11674 11674 40564 40549
32851 1 11382 4 4 34 33
21858 0 14369 2 2 38 34
34003 0 20650 432 432 60 59
5656 1 624 5 4 8 3
624 1 34337 8 3 3 3
32035 1 33317 2 2 2 2
6074 0 11052 10328 10328 18262 18262
6074 1 6073 3 2 8 8
31355 4 35983 20 17 5 5
10203 0 23680 13872 13872 32241 32241
34114 4 1598 67 66 2 2
15430 4 617 15 3 3 1
617 6 23164 724 709 69 69
40760 0 3796 7310 7310 40651 40640
40898 0 3796 19434 19434 40686 40674
27089 0 25460 1 1 9 1
38920 0 20791 475 475 783 783
26740 0 15987 3 3 28 23
26740 5 4475 1 1 27 7
33592 0 3640 7 7 624 555
21749 0 16741 3 3 10 6
40287 6 21134 6 6 6 6
14022 1 6297 8 4 2 2
14504 1 14022 3 3 8 4
40761 0 448 5288 5288 40674 40649
23685 1 146 3 2 4 3
24780 0 39997 20674 20674 3121 3121
40762 0 1763 8767 8767 40562 40557
6572 1 6944 7 3 4 2
6944 0 1701 326 326 4362 4355
4031 1 9327 10 2 7 4
37067 1 10473 2 2 3 2
23647 0 1338 14 13 128 101
23277 0 13709 130 130 6797 6778
3947 0 12235 5 5 1526 1517
12250 1 12717 2 2 2 2
271 6 40026 1280 1253 762 762
14931 1 36099 84 82 510 509
36099 1 14931 467 466 108 106
36099 1 27949 2 2 3 2
14576 5 2971 1 1 103 39
13484 5 2971 1 1 68 6
7443 1 25067 6 3 3 2
16880 0 18633 4069 4069 10644 10637
16881 1 16880 3 2 4 2
17282 0 228 10 10 3935 3860
33871 0 228 2 2 2623 2549
40763 0 987 665 665 39245 39240
20046 0 4696 537 537 16178 16171
8415 2 7033 6 4 6 1
15870 1 18392 3 2 5 4
25017 9 18392 2 2 4 3
3787 1 8742 3 2 9 5
23980 0 3787 691 691 4340 4323
8742 1 19068 10 6 8 3
11482 1 10803 4 3 2 2
2901 0 30222 14432 14432 15697 15697
10757 0 3459 7 7 551 544
26302 0 3459 36 36 595 587
10581 4 27666 3507 3507 8596 8596
11449 2 6220 10671 10670 11837 11830
258 6 35861 17626 17622 2489 2489
25183 3 11235 327 327 3015 3014
15107 1 15106 2 2 2 2
20809 4 32820 2728 2709 356 356
20809 4 32206 1481 1463 128 128
4981 1 17073 5 3 3 2
16542 0 4523 25 24 64 62
40894 0 16542 18396 18396 40027 40025
10161 1 10160 3 2 5 2
10160 0 15134 1233 1233 8810 8803
26185 1 15249 2 2 2 2
1771 1 1770 25 19 4 3
1771 1 9610 8 4 6 3
1771 1 36226 14 9 3 3
24128 0 8842 836 836 12960 12957
26157 1 31405 3 2 3 2
31405 1 31404 3 2 2 2
6096 1 29574 5 2 2 2
31306 6 34770 467 467 4266 4266
65 9 439 2 2 2 2
9078 1 23938 4 3 3 2
10215 0 5164 1007 1006 6370 6360
1559 8 14508 44 26 2 1
1559 8 25902 36361 36342 43 43
23501 0 1668 554 554 25214 25142
20112 1 27611 2 2 2 2
29717 0 30926 9778 9778 39385 39384
40020 0 17095 5898 5898 32013 32012
23138 0 1929 4 4 446 218
38723 0 1929 1 1 235 10
27757 0 1929 1 1 220 1
35086 0 1929 1 1 228 4
20750 0 1929 1 1 221 1
38906 0 1929 2 2 226 3
18333 0 1929 4 4 529 300
15970 1 3369 3 2 4 2
8306 2 25327 2 1 11 4
25327 5 3250 70 70 2155 2143
32633 1 5596 4 3 7 3
30166 0 5644 35 35 5657 5639
3771 0 5644 12 12 497 480
36968 0 18425 566 566 4074 4071
4765 1 4764 3 2 7 3
17970 0 4765 831 831 7494 7489
13604 2 251 1 1 48 39
37309 0 30216 14 14 584 584
38488 0 19873 14870 14870 11217 11216
21703 2 1136 3 2 333 263
37709 2 1136 3 2 255 186
29422 2 1136 3 2 94 26
34900 2 1136 3 2 71 4
4319 2 1136 5 5 480 409
35289 1 33808 2 2 3 2
7560 1 5488 3 2 6 2
40937 0 5488 6187 6187 39539 39536
13163 0 5488 5210 5210 12680 12678
3087 1 18847 3 2 3 3
27819 0 3087 2758 2758 18785 18770
29206 1 25712 3 2 3 3
4485 0 608 15 15 669 306
4485 1 4213 5 2 6 2
2562 0 608 4642 4642 15144 14767
20006 0 608 1504 1504 15094 14718
40838 0 608 28415 28415 40684 40286
40777 0 608 21926 21926 40606 40210
39245 0 608 34657 34657 35288 34902
40814 0 608 28130 28130 40438 40045
14223 0 608 164 164 4432 4066
1328 0 608 9 9 8499 8128
40785 0 608 24533 24533 40542 40148
40830 0 608 22845 22845 40303 39911
28595 0 608 17004 17004 26596 26211
7793 0 608 3931 3931 15626 15247
40884 0 608 21495 21495 40236 39845
30256 0 608 11 11 5158 4791
33590 0 608 5342 5342 15366 14988
40793 0 608 18021 18021 40220 39830
37242 0 608 37409 37409 36003 35615
9757 0 608 623 623 6133 5764
21406 0 608 886 886 14975 14600
40764 0 29777 5956 5956 40478 40476
13128 0 959 4 4 2227 2197
35052 0 959 10892 10892 23282 23250
14092 1 7130 4 3 4 2
40765 0 18 7186 7186 40835 40835
37609 0 25129 5836 5836 24291 24287
3268 1 10028 3 2 5 3
40766 0 35564 7193 7193 37989 37988
15729 1 12999 30 27 14 12
12999 1 15729 16 14 36 33
35258 4 25396 61 61 36 36
38187 1 29741 2 2 4 3
38187 0 2275 130 130 5917 5885
40767 0 15247 4513 4513 39901 39898
27131 1 17012 2 2 2 2
15936 0 23068 6 6 8 6
7803 1 13968 5 3 17 15
13968 1 7803 24 22 8 6
40572 0 32910 34913 34913 40740 40737
39830 0 32910 2 2 8 6
14004 0 25065 4 4 49 46
25065 0 4789 112 112 5693 5691
32733 0 248 14 14 170 161
10121 0 248 131 131 1700 1690
30194 0 7722 2 2 20 8
23606 0 4877 15 15 837 826
32247 0 4877 1 1 40 30
30622 0 2318 1 1 143 22
26982 0 2318 68 68 1272 1143
9320 0 2318 5 5 398 274
26224 0 2318 793 793 4834 4703
18713 0 2318 8 8 493 366
38875 0 2318 20 20 764 636
3443 1 12083 3 2 3 2
13887 0 3443 843 843 29135 29123
18271 0 3443 6 6 55 45
4423 0 24850 1 1 3 2
1038 4 13190 274 107 8 8
1038 4 40447 252 87 9 9
1038 4 33781 377 204 13 13
1038 4 31677 253 87 11 11
1038 4 7455 351 179 16 16
23751 4 8080 36 32 2 2
8080 4 23312 166 163 13 13
25625 5 2176 6 6 2252 2147
24036 5 2176 1 1 375 273
18415 5 2176 3 3 671 568
29637 0 28168 309 308 569 564
17924 0 7315 2678 2678 19778 19773
13300 0 11301 164 164 2755 2746
13300 6 14769 6538 6535 10063 10062
25115 0 11301 472 472 3766 3756
20438 0 11301 538 538 5093 5082
37862 0 11301 337 337 12054 12042
34851 4 31118 9 8 7 7
40242 0 24346 1856 1856 9943 9940
26644 1 4985 4 3 3 2
26644 1 16054 3 3 3 2
8110 0 12168 4 4 353 318
36165 0 12168 3632 3632 19624 19587
22455 6 27199 477 477 6421 6421
7288 1 36878 2 2 2 2
19322 5 7288 115 115 5440 5425
40768 0 1784 10334 10334 40460 40413
15769 0 1784 17 17 3100 3055
40438 0 1784 1084 1084 24380 24334
40839 0 1784 16937 16937 40619 40571
27441 0 25270 24484 24484 29093 29092
25270 0 6354 201 201 2289 2286
12380 1 20717 5 2 3 2
3729 0 20717 1318 1318 32703 32692
176 1 25906 21 20 4078 4075
25906 1 176 4082 4079 25 24
40769 0 10981 5533 5533 40590 40589
24894 0 7247 6 6 13 4
27000 0 7247 641 641 28449 28439
17047 0 13439 23946 23946 37598 37598
40770 0 3005 8906 8906 40594 40580
12076 1 3005 3 2 9 3
12740 4 40747 40647 40647 33279 33279
16545 1 14634 3 3 10 3
4313 1 3457 9 3 7 3
1482 0 13752 330 330 86 86
1482 1 35255 6 2 3 2
11251 1 13752 3 2 3 2
28721 1 22741 2 2 2 2
28721 0 15897 2 2 24 22
3761 0 8987 19284 19284 23656 23656
8987 3 23784 24261 24261 15412 15412
7280 1 26118 3 2 2 2
28912 1 26118 4 3 4 3
38386 0 1904 1 1 3 1
6607 1 11157 5 2 3 2
637 6 31616 1293 1250 292 292
637 6 39715 1611 1566 719 719
637 6 14054 110 71 2 2
637 6 39536 959 917 83 83
637 6 23571 1358 1314 860 860
637 6 40404 805 764 394 394
637 6 29851 472 432 21 21
5767 4 21704 1744 1726 9 9
3432 4 7926 45 43 2 2
3509 0 3407 6 6 35 32
13238 0 3407 8 8 52 48
26647 1 3407 4 3 7 2
24287 1 17938 4 3 7 5
36533 9 24287 3 3 14 13
17939 1 17938 2 2 3 2
9673 1 8487 6 3 6 3
7998 1 9673 5 2 4 2
8487 1 7998 4 2 5 2
3814 1 3548 5 2 2 2
23744 0 296 1178 1178 7564 7413
21505 0 296 1031 1031 9628 9476
7397 0 296 2 2 141 1
10506 0 296 3 3 148 7
38028 0 296 7 7 226 82
12013 0 296 17 17 453 306
15119 0 296 3 3 196 53
36945 0 296 16 16 1430 1281
36798 0 51 229 229 2367 2171
38369 0 51 5 5 912 718
40705 0 51 25626 25626 40662 40460
20387 0 51 9 9 596 403
40810 0 51 34538 34538 40760 40557
27837 0 51 1 1 198 6
5886 0 51 19 19 2682 2485
20051 1 20050 3 2 4 2
20861 1 5558 3 2 7 5
26868 0 6233 4 4 489 480
26868 1 5872 4 2 5 2
37434 0 917 15 15 3040 3037
25228 0 917 3756 3755 455 453
20402 0 16155 3651 3651 15867 15866
30004 0 2482 161 161 26392 26383
18986 0 2482 311 311 28805 28795
39024 0 29467 940 939 1016 1015
38724 0 29467 8506 8506 29592 29590
36561 5 129 2 2 978 933
1583 0 129 42 42 8774 8765
406 1 1287 6 4 14 5
23997 1 406 3 2 5 3
18173 1 1287 5 3 21 11
40882 0 1287 3754 3754 40553 40513
332 0 1287 50 50 1177 1139
18612 4 33576 40 20 1 1
18612 4 19325 29 10 1 1
12266 4 18612 10 3 1 1
5940 0 532 1 1 75 2
1521 0 532 2 2 87 10
40279 0 532 2 2 100 22
30426 0 532 1 1 78 3
15231 0 532 1 1 82 6
40771 0 10613 2493 2493 37893 37882
29184 1 22723 3 2 3 2
29184 1 30903 5 3 2 2
6386 0 26454 4349 4349 27153 27149
3277 1 37105 4 4 3 2
31630 0 33081 2696 2696 38372 38371
33081 0 3606 1387 1387 4875 4862
1354 1 1353 6 5 12 7
4940 6 40772 40685 40683 3294 3294
4385 0 4940 64 64 8815 8805
29446 0 4940 714 714 32701 32690
24366 1 7539 2 2 2 2
9683 6 40773 40341 40340 75 75
40773 0 2732 20584 20584 40653 40650
33864 0 13576 7 7 79 74
28351 1 685 2 2 2 2
35900 3 685 4 4 37 34
8053 1 32295 9 3 3 2
35212 0 8053 10 10 120 118
8643 0 1819 3 2 20 14
7117 1 8643 4 3 4 2
24594 5 1819 1 1 179 139
3210 5 1819 1 1 43 4
27467 0 31416 6169 6169 39944 39942
464 1 3675 2 2 9 3
3675 1 12232 8 3 3 2
3675 1 19310 9 3 4 3
4006 1 7203 5 2 3 2
1307 1 11050 3 2 14 5
10097 6 15251 6818 6818 9229 9229
21168 1 10097 5 4 4 2
23083 0 26718 23722 23722 31420 31420
21673 0 26120 4865 4865 10083 10082
26120 0 6426 1 1 24 16
24650 0 27939 12755 12755 31880 31876
38457 1 9568 2 2 3 2
27178 0 2497 4 4 6803 6705
31174 0 2497 3 3 1108 1014
19058 0 2497 41 41 1349 1254
23035 0 2497 6 6 859 766
5147 0 2497 4306 4306 22494 22394
5305 1 1 8 5 3 2
29442 1 5305 5 3 7 4
12784 4 1630 103 97 1 1
12784 4 5463 51 46 2 2
25315 1 20655 6 3 4 3
8198 0 20655 2486 2486 14948 14944
20655 1 5129 4 3 8 4
931 0 2275 3739 3739 17399 17365
11433 0 2275 165 165 7468 7435
14758 0 9787 7 7 1137 1118
36898 0 1686 1412 1412 23671 23664
40774 0 16369 2898 2898 38020 38015
17226 1 10110 3 3 4 3
27870 2 2023 7 7 556 505
18478 2 2023 26 26 2186 2132
11490 2 2023 8 8 1191 1138
20278 2 2023 9 9 1163 1111
16554 1 29212 4 2 3 2
29212 0 34093 2634 2634 773 773
36825 0 20796 1 1 6 1
5335 5 9988 7253 7253 31968 31965
29725 5 9988 498 498 29734 29732
1864 4 39744 235 154 5 5
1864 4 12986 218 140 5 5
1864 4 9221 222 143 4 4
1864 0 1703 1 1 33 1
12378 1 3604 3 2 6 2
9895 1 13428 6 2 2 2
15667 1 15666 2 2 4 2
2507 3 4435 4288 4287 3875 3875
6789 9 2507 3 3 10 9
16918 1 2507 7 3 12 5
20071 4 20803 20 15 2 2
20849 1 14778 5 3 3 3
13053 1 24622 2 2 6 2
40284 1 24622 2 2 5 2
19366 0 20234 5569 5569 27709 27707
26315 0 19366 2 2 9 2
35882 2 2524 6020 6019 14840 14796
33234 2 2524 2 1 52 10
40939 2 2524 283 283 40529 40484
8199 0 15331 35 35 17 15
19502 1 12706 3 2 3 3
11732 1 7659 3 2 6 2
29649 0 11732 16498 16498 30289 30281
7659 1 7279 6 2 4 2
12815 4 27688 226 203 9 9
12815 4 20570 214 192 9 9
26871 0 2084 246 246 158 158
4955 6 15531 2 1 4 1
8178 1 11153 2 2 2 2
2181 6 20785 1106 1089 854 854
2181 6 11583 1239 1221 620 620
23792 0 30977 1970 1970 18333 18328
4102 4 38587 88 78 3 3
40775 0 35896 21634 21634 39400 39399
6696 1 21296 4 2 3 2
21295 1 6696 2 2 4 2
8023 1 21296 4 3 5 3
3303 0 10707 3094 3094 8637 8611
17408 0 4099 1084 1084 12008 12007
23226 0 34449 18350 18350 35012 35011
4136 1 4135 5 2 3 3
39465 0 16668 16381 16381 29426 29422
16257 0 23562 4529 4529 5782 5777
4227 6 32367 15809 15806 407 407
40607 0 4227 6133 6133 40582 40579
16679 1 16678 2 2 3 2
1122 9 23212 10 9 3 3
23212 0 2918 29 29 2310 2233
7532 1 7531 7 3 3 2
29273 1 14570 2 2 6 3
5949 0 3779 7 7 1389 1335
8913 0 3779 88 88 3629 3574
23795 2 2580 1 1 51 13
9939 2 2580 1 1 58 17
20115 2 2580 1 1 47 11
36622 2 2580 1 1 54 14
15250 5 2644 1 1 27 11
4951 1 5069 3 2 5 2
7948 1 8993 4 2 2 2
3755 1 18943 4 2 3 2
18943 1 30961 3 2 3 2
17857 1 11523 3 2 4 2
6924 4 37669 95 81 2 2
6924 4 25551 236 221 3 3
30696 4 40310 282 282 149 149
5259 0 9217 33 33 805 797
28032 0 5259 1753 1753 11021 11013
20159 4 23395 200 199 8 8
17347 4 20159 708 704 15 15
3882 4 10151 34 34 32 32
8811 0 2340 288 288 20630 20628
32387 0 8811 1675 1675 9444 9441
35192 0 2340 806 806 39381 39378
19066 6 13595 6957 6951 8009 8009
2887 0 2938 3716 3716 23873 23870
2887 1 7436 4 2 5 3
15497 1 2938 2 2 3 2
25015 4 28828 1128 1128 7349 7349
21810 4 25015 175 166 37 37
3850 0 160 47 47 2950 2908
15553 0 160 12 12 1527 1487
17933 0 160 14 14 956 918
30234 0 2731 3 3 134 107
46 0 14274 1216 1216 4027 4022
14834 1 16497 12 9 5 2
14834 1 8390 4 3 6 2
14834 1 5110 5 3 13 4
40922 0 14834 21323 21323 40882 40877
11673 1 5110 2 2 11 3
29358 0 2687 1 1 34 1
8288 0 2687 1 1 36 1
33791 0 2687 1 1 37 1
33543 0 40596 40747 40746 5038 5038
172 4 7119 15835 15834 6298 6298
35331 5 172 1 1 390 45
28580 5 172 3 3 802 452
18603 5 172 6 6 7226 6870
36972 5 172 1 1 389 45
78 5 172 1 1 359 18
33614 5 172 1 1 513 165
35822 5 172 1 1 382 39
39121 5 172 2 2 2328 1974
22074 5 172 29 29 8029 7672
20314 5 172 16 16 8706 8347
1118 5 172 1 1 502 155
21326 1 23555 6 2 4 2
2173 6 38083 18 7 2 1
2173 6 18659 289 277 351 351
33947 4 39713 167 167 163 163
18377 3 4166 5 4 6 3
34858 0 18783 5986 5986 35622 35621
3968 1 5813 3 2 7 2
11261 1 5813 2 2 9 3
5813 1 31835 11 4 12 11
36714 0 38851 34966 34965 5880 5880
30857 0 30511 3432 3432 23872 23871
1365 1 15439 3 2 5 3
39987 0 81 2 2 115 68
36104 0 81 2 2 56 10
5785 0 26217 30 30 29 25
19380 0 26217 1 1 11 8
6787 1 26217 6 3 3 2
16634 0 9747 4 4 116 100
36078 1 7833 2 2 3 3
32975 0 9558 853 853 6140 6140
32975 1 32002 2 2 3 3
22353 1 15922 4 2 2 2
1604 1 6991 3 2 6 3
2547 1 14925 3 3 4 2
14212 0 14737 2 2 15 4
4130 0 3621 15 15 36 29
24323 0 3621 611 611 3419 3411
3621 0 9758 38 38 772 754
10319 4 33522 255 239 52 52
27683 1 39142 2 2 2 2
16503 1 110 2 2 6 2
40776 0 5310 2869 2869 40343 40333
25496 0 5310 5 4 159 150
1913 6 25274 154 149 17 16
33711 5 19257 2 1 8 1
32197 1 22383 2 2 4 4
23062 1 12031 2 2 4 3
26578 0 239 36 36 6727 6475
19936 0 239 382 382 16367 16108
40929 0 239 39468 39468 40899 40632
24226 0 239 2179 2179 12609 12353
20767 0 239 10285 10285 19544 19284
19429 0 239 252 252 7791 7537
32842 0 239 12942 12942 25046 24785
34670 0 239 15069 15069 25790 25527
23758 0 239 860 860 14034 13776
13023 0 239 21 21 2804 2555
16182 0 239 395 395 5762 5511
17401 0 239 217 217 12881 12624
34239 0 239 82 82 8802 8547
2069 1 15760 16 6 4 3
22182 1 3014 3 2 2 2
31096 1 15639 5 3 8 3
15639 1 29383 7 3 3 2
15639 1 207 8 3 4 2
13398 0 71 54 54 546 483
2736 4 13398 942 893 2 2
13398 4 7720 19 12 23 23
20939 0 2215 2095 2095 15411 15406
7946 1 1765 3 2 3 2
1947 0 1249 5 5 596 551
22728 1 16506 3 3 4 2
34810 9 22728 2 2 2 2
3254 0 2886 246 246 1670 1662
18890 4 37812 349 346 24 24
18890 4 28071 78 76 16 16
24803 4 28831 115 114 13 13
12939 1 23279 7 5 2 2
13702 1 12070 6 2 5 4
27600 0 7589 4 4 486 477
24117 1 1225 3 3 2 2
1110 0 20337 111 111 1177 1172
40926 0 20337 30351 30351 40828 40821
354 4 36395 179 176 3 3
24159 0 12803 6287 6287 19868 19868
26948 2 3620 9 9 564 539
37272 0 7800 1688 1688 25213 25202
23037 4 3762 278 276 12 12
33783 2 1326 134 134 2500 2363
22501 2 1326 1 1 347 212
31495 2 1326 2 2 273 139
19086 2 1326 2 2 393 257
38740 2 1326 1 1 239 106
38719 2 1326 541 541 27765 27627
36238 0 1326 37 37 4743 4729
18160 0 1200 5217 5217 4347 4347
23552 1 10327 4 2 5 3
40037 0 19153 500 500 4080 4078
33552 0 40037 22726 22725 37678 37678
7751 0 3712 347 347 33997 33988
7196 0 3712 43 43 1175 1168
28826 1 3712 7 5 14 6
26351 6 25426 1418 1418 1314 1314
17946 0 26351 78 78 5678 5674
10124 0 25426 29 29 218 214
6974 6 17672 108 107 6 6
19506 1 15393 3 2 3 2
32325 0 17590 373 373 16340 16332
40778 2 26169 19076 19076 40794 40794
36197 4 29170 1653 1653 243 243
1264 1 22448 6 3 4 3
40779 2 1646 601 601 36449 36407
40782 2 1646 195 195 39031 38988
40780 0 379 9857 9857 40424 40406
40828 0 379 5071 5071 40266 40249
14490 1 12757 3 3 6 3
34243 0 1244 2 2 340 56
12545 0 1244 2 2 289 10
28964 0 1244 4 4 643 354
4871 0 1244 2 2 298 17
17807 0 1244 3 3 321 39
14487 0 1244 2 2 292 12
40781 0 4921 12739 12739 40459 40456
9372 1 1508 3 2 4 3
2261 4 19476 33 18 1 1
2261 4 18565 47 31 3 3
5771 4 39949 32 24 1 1
13951 1 3521 8 4 7 3
18299 1 274 3 2 8 3
15954 1 34113 5 2 2 2
17141 0 21055 1 1 5 2
13878 1 26428 5 2 4 3
35918 0 391 4 4 85 82
39002 1 39001 2 2 2 2
4532 1 26446 2 2 2 2
11891 5 16320 147 147 25442 25429
13955 1 11289 5 3 6 3
1592 1 17240 7 2 2 2
15523 0 2604 122 122 1004 968
36776 0 2604 7790 7790 40458 40416
40872 0 2604 30941 30941 40805 40762
6989 0 2604 2350 2350 6795 6758
38136 0 2604 9 9 70 35
31426 1 2604 4 3 11 3
12623 1 6107 2 2 5 2
22297 1 8322 4 2 4 3
21592 1 22297 4 3 4 2
4547 1 21674 11 3 6 3
32040 1 4547 3 2 11 3
7982 1 20572 3 3 5 2
7983 3 7982 3 2 3 2
31376 2 743 1 1 158 54
32748 2 743 5 5 1246 1138
36118 2 743 17 17 1230 1123
743 6 9450 8 7 15 15
39780 0 2807 14246 14246 26510 26505
4722 0 2807 65 65 4547 4544
35415 0 2807 34852 34852 35472 35466
15011 0 1542 68 68 863 843
10421 1 10420 6 3 3 2
26009 0 265 2 2 281 27
9536 0 265 3 3 293 37
15205 0 265 1 1 253 3
36270 0 265 4 4 641 380
39375 0 265 2 2 304 46
12974 0 265 84 84 2147 1885
25076 0 265 5 5 364 105
19351 0 265 1 1 252 3
11480 2 1534 4 3 8 1
40783 0 4407 23194 23194 38765 38765
4407 1 39995 11 4 2 2
8464 1 8424 6 3 4 2
23763 1 3300 2 2 9 3
24479 1 23586 6 3 3 2
28656 0 21 4 4 102 35
38617 0 21 1 1 67 1
39259 0 21 101 101 4132 4063
6493 0 3567 55 55 164 162
21912 0 22347 46 46 190 189
24178 1 9908 7 2 3 3
22121 0 351 1 1 123 1
25316 1 746 5 3 3 2
3063 1 4791 13 8 11 8
11495 0 4791 117 117 5424 5410
36889 0 883 10 10 810 588
22017 0 883 3 3 273 59
39078 0 883 8 8 626 405
7495 0 883 6 6 395 176
7498 0 883 59 59 523 303
36527 0 883 3 3 257 45
31583 0 883 3 3 298 82
40784 0 14144 5181 5181 40544 40526
3408 6 8243 70 2 2 1
3408 6 8940 3794 3718 725 725
3408 8 38801 36773 36707 43 43
3408 8 28506 265 200 10 9
10233 4 38705 903 889 28 28
36048 6 18704 267 267 2801 2801
1046 7 36048 1179 1063 1 1
1962 1 1961 7 2 7 4
11585 3 21329 14 11 9 8
32391 1 11972 2 2 2 2
31739 4 18679 374 372 85 85
26785 1 7703 2 2 7 2
20520 1 6788 4 2 3 2
11565 1 37185 10 2 3 3
11565 1 12441 9 2 2 2
29689 1 11565 2 2 10 2
19922 0 8858 4 4 530 519
15795 6 39521 908 908 22058 22058
840 8 19493 16 4 9 7
840 8 36647 91 78 14 14
840 6 30428 1585 1572 314 314
26662 0 7523 3276 3276 30633 30630
26756 0 9311 189 189 2319 2308
12636 1 24788 7 3 2 2
20784 1 387 22449 22448 7004 7004
387 1 20784 7151 7151 19382 19381
12153 3 19756 12 11 2 2
13239 0 284 3 3 247 25
34758 0 284 1 1 233 13
35142 0 284 1 1 227 8
33324 0 284 1 1 219 3
24884 0 284 2 2 258 34
39131 0 284 2 2 266 41
26984 1 38840 4 2 2 2
9435 1 13227 6 3 11 4
5449 0 9435 22 22 64 63
31592 1 13227 2 2 12 4
23798 1 23297 3737 3734 11578 11577
21935 1 23297 3 2 2 2
4425 0 9880 2 2 16 7
17011 3 17169 5 3 12 8
7442 1 23836 3 2 4 2
7442 0 12505 2632 2632 6513 6505
23836 1 3274 4 2 4 2
17432 1 30826 2 2 2 2
11988 4 31236 4063 4062 133 133
31236 4 34496 29 28 3 3
1444 0 9048 1 1 58 43
5768 0 1444 16513 16513 21432 21396
39440 0 1444 173 173 2605 2570
20898 0 9048 23 23 9883 9864
2408 0 9048 449 449 4966 4950
33742 0 9048 14770 14770 22297 22276
38351 0 9048 3387 3387 16532 16512
6375 1 8324 3 2 2 2
37317 0 6230 9446 9446 28591 28590
10713 4 2207 222 217 19 19
40786 0 1672 4626 4626 40537 40502
40892 0 1672 23265 23265 40848 40812
28472 5 10737 34 34 3070 3067
10737 6 27038 208 204 3 3
21537 0 1027 2 2 178 26
35194 0 1027 3 3 940 787
39579 4 25695 661 661 56 56
12699 0 2137 5 5 36 24
27906 0 19986 25100 25100 39103 39100
19986 1 16852 4 2 4 2
30297 1 3771 3 2 4 2
39950 0 2362 5 5 56 54
16469 0 178 20 19 3133 3121
34721 0 178 124 123 6787 6774
9225 0 178 65 65 2235 2224
31063 0 2110 5 5 257 69
38241 0 2110 6 6 287 98
31237 0 2110 5 5 289 99
5590 0 2110 294 294 3562 3368
7272 1 33016 2 2 4 2
17837 0 7272 110 110 557 556
36109 1 33016 2 2 3 2
33016 1 33015 4 2 2 2
39272 0 12035 1 1 29 20
11022 6 27914 40 33 8 8
40787 0 5243 15648 15648 39931 39926
3741 1 18271 3 3 2 2
40788 2 593 12940 12940 40735 40708
27944 2 593 227 226 2238 2213
9102 2 593 14 12 28 4
40548 0 16045 7471 7470 5273 5272
758 1 10360 5 3 7 2
10360 1 10359 8 3 2 2
3223 0 3161 1 1 253 217
5881 1 18355 5 4 2 2
38969 0 16196 3 3 35 34
29347 0 1461 11176 11176 24211 24198
1650 1 16394 18958 18951 6674 6674
1650 1 16302 7 2 3 3
40174 1 1650 11520 11520 26644 26636
9952 1 37466 13 5 3 3
2245 0 2918 17 17 548 472
2245 1 2244 5 3 5 3
14233 0 2918 443 443 9802 9723
1079 0 2918 170 170 5304 5226
32727 1 24872 3 2 3 2
39701 0 5987 38733 38733 12984 12984
15176 1 18854 8 2 6 4
18854 0 7016 2088 2088 10450 10448
24327 0 3027 36422 36422 35987 35933
14366 0 24327 35518 35518 40814 40814
23190 1 13002 4 3 7 3
5729 1 20226 2 2 3 2
20226 0 13887 25137 25137 31811 31806
8274 1 8999 20 18 12 7
18181 1 8274 4 2 4 3
9428 1 8999 3 2 9 5
8511 1 31347 3 2 2 2
21811 0 278 1 1 176 1
33666 0 278 1 1 171 1
21874 0 278 2 2 186 8
29143 0 278 1 1 175 1
18106 0 278 1 1 173 1
39291 0 278 1 1 178 2
37756 0 278 2 2 225 44
511 0 15897 85 85 66 63
15736 0 1677 31725 31725 34918 34860
829 0 1677 4 4 185 130
27621 0 1677 37967 37967 36394 36335
29445 1 1550 4 3 7 4
18936 4 39578 40 39 16 16
34932 2 14540 15 14 127 123
647 1 6311 9 2 2 2
33210 6 17250 7629 7629 32248 32247
9637 5 1981 10 10 2397 2344
21619 5 1981 3 3 929 877
11643 3 3908 19658 19657 5156 5156
30998 1 7774 3 2 3 2
30998 1 2447 2 2 3 2
16669 2 916 2 1 173 35
8577 2 916 2 1 331 187
18018 2 916 2 1 313 170
35944 2 916 2 1 306 164
9258 2 916 2 1 177 38
34189 2 916 2 1 164 27
21737 0 2589 58 58 7599 7582
40303 0 2589 2223 2223 36518 36500
3167 1 6502 7 2 6 4
17014 2 3167 2 1 36 15
7204 1 3167 4 2 7 2
32383 0 427 2 2 80 10
13521 0 427 2 2 186 115
11437 0 427 2 2 77 8
16023 0 4958 2 2 13 11
5777 4 4318 15 3 2 1
5144 4 4318 9 6 4 2
4318 6 27523 843 839 668 668
19086 6 12484 4 1 4 1
12201 4 22304 220 215 19 19
10786 1 14577 5 3 5 3
20175 0 7143 4 4 14 8
1205 1 23424 4 2 3 2
35226 0 37189 37 35 76 74
19169 1 25362 3 2 3 2
14940 1 12227 3 2 4 2
12227 1 13800 4 2 4 2
2813 0 3170 553 553 1945 1945
3170 1 3169 6 3 4 4
35238 1 8601 2 2 4 2
36661 1 39486 3 2 2 2
17745 5 774 13 13 2262 2124
17745 2 1137 2 2 1657 1550
37417 5 774 2 2 202 65
29963 5 774 1 1 137 2
40735 5 774 157 157 40593 40453
23613 4 28865 305 301 2 2
24660 4 23613 224 221 3 3
6782 5 5167 310 310 34688 34668
34227 5 5167 103 103 8997 8978
5167 6 27267 1556 1555 102 102
40789 0 25921 2488 2488 40544 40544
18492 6 36549 2 1 1 1
864 1 14562 7 3 4 3
32699 0 14562 282 282 10981 10971
4521 1 25708 7 3 4 3
10559 1 10558 2 2 2 2
3083 0 26431 628 628 4451 4446
5974 0 9758 2977 2977 14056 14034
4522 0 9758 44 44 1698 1679
12683 0 9758 138 138 3155 3134
19 0 29519 71 71 29 27
38094 4 40790 40810 40810 36495 36495
36200 0 5055 11851 11850 21480 21480
204 1 3048 8 3 3 3
32488 1 204 3 2 10 5
40791 0 11084 14865 14865 40869 40851
33754 1 5275 2 2 3 2
32 4 32392 236 219 42 42
32 4 24489 81 66 5 5
12319 4 14836 189 184 7 7
27811 2 10916 93 92 173 168
30475 0 10916 20079 20079 29261 29261
15792 0 3763 2 2 319 314
8019 1 30805 6 2 3 2
2949 1 8019 6 3 7 3
30805 1 16646 12 10 11 7
35060 0 5892 3 3 41 33
11125 4 10606 10 10 3 3
25276 1 3926 5 4 8 3
13830 1 6490 184 178 600 600
13830 1 7308 7 2 4 3
6490 1 13830 134 134 45 39
1366 0 29 17 16 57 50
29 1 11186 4 2 4 3
6226 1 29 2 2 5 3
19987 4 11397 1215 1213 144 144
4506 1 9454 5 2 4 2
6037 0 39187 1031 1031 1577 1575
39187 0 11100 175 175 23064 23046
2381 2 12273 1 1 48 1
7324 2 12273 1 1 51 3
6513 0 650 1929 1929 4551 4510
37308 0 650 556 556 7777 7735
40792 0 9525 9908 9908 40813 40809
30839 1 10851 2 2 2 2
21181 5 232 15 14 381 372
11205 5 232 135 135 15852 15842
24984 0 232 885 885 16743 16737
38752 0 728 654 654 21269 21262
8716 6 31315 126 126 32 32
24013 1 23715 4 2 7 4
36734 5 985 2 2 135 71
7458 5 985 5 5 420 354
12641 0 39 8 8 718 508
7396 0 39 1 1 199 2
21862 0 39 3 3 214 12
21561 0 39 1 1 213 12
13466 0 39 1 1 201 3
17532 0 39 2 2 236 33
18621 0 39 1 1 202 3
1398 0 19101 11663 11663 31653 31651
13758 1 29291 3 2 5 2
4555 0 1115 2644 2644 22927 22918
39750 6 18050 98 98 6704 6703
11789 1 24319 5 5 3 2
24319 1 11789 3 2 3 3
7072 1 9237 10 4 3 2
13503 1 7072 3 2 10 4
25660 5 4520 1 1 9 5
38151 0 7155 20938 20938 37698 37692
4453 6 7580 9191 9185 268 268
7580 0 34614 119 119 1777 1776
26183 0 11186 83 83 13570 13567
35764 0 14617 3 3 202 201
4608 0 3699 9 9 539 520
40827 0 3699 15749 15749 40758 40737
8852 0 7403 7489 7489 19261 19256
8176 1 8852 4 2 3 2
193 6 27058 333 279 21 21
193 6 11869 62 9 1 1
193 6 18878 52 1 1 1
19842 4 22836 73 68 10 10
21930 1 21045 2 2 4 2
21930 0 12252 33 33 945 939
5745 1 14074 3 2 3 2
26613 1 9037 4 3 4 2
9037 0 3099 802 802 1381 1380
7396 4 28775 145 130 2 2
24578 3 23111 29 26 6 6
21061 1 25626 2 2 2 2
24011 0 12474 37702 37702 35269 35267
13829 1 16710 6 4 3 3
4185 1 13829 3 2 7 5
13829 3 25284 5 3 5 3
12211 0 6042 137 137 9039 9028
13978 1 2276 2 2 5 2
39294 4 26572 2311 2311 687 687
33294 0 3229 1 1 11 2
8108 0 3229 3697 3697 22854 22844
3229 1 22044 5 2 4 2
6633 7 40129 15317 15305 8 8
6633 7 12050 133 123 1 1
16200 0 1852 31 31 1328 1281
16201 1 16200 5 2 5 3
19710 6 10760 3 2 11 6
32734 1 3419 2 2 4 2
4779 1 14955 3 2 3 2
3716 1 1998 3 3 8 4
40577 0 3716 1294 1294 40585 40571
31620 0 3716 726 726 6938 6926
28941 0 3716 34459 34459 39606 39593
17519 0 3716 1846 1846 5054 5043
9620 0 3716 92 92 70 60
2915 1 12159 16 3 10 6
522 1 21041 6 3 4 2
522 1 13953 5 3 9 3
522 0 16646 3002 3002 38846 38846
32701 0 522 5 5 33 21
31153 0 36722 28864 28864 13578 13576
36722 0 1474 4619 4619 39995 39980
7592 1 9560 5 2 2 2
2035 1 8589 6 2 4 2
25494 1 8589 2 2 5 2
4666 1 4665 5 2 2 2
4665 0 6717 11 11 140 138
6144 1 19664 2 2 4 2
28456 2 1773 2 2 102 63
28456 6 22320 808 806 560 560
5443 2 1773 1 1 95 57
18213 1 18982 4 3 3 2
18716 0 37537 449 449 19431 19429
6882 9 10563 3 3 3 3
40794 0 32275 1511 1511 40375 40374
19296 1 6611 4 3 3 2
16065 0 36140 51 51 912 909
40829 0 16065 5838 5838 31956 31955
32071 1 23898 5 4 3 2
37285 0 184 1 1 293 4
39009 0 184 2 2 1340 1037
3395 0 184 1 1 302 5
32164 0 184 1 1 286 2
34310 0 184 1 1 297 4
39279 0 184 1 1 303 5
11281 0 184 1 1 300 5
30773 0 184 1 1 287 2
15734 0 184 1 1 298 4
5209 0 184 2 2 314 14
16507 0 184 1 1 301 5
40030 0 184 1 1 292 4
1190 6 31657 32 20 3 3
1190 6 39319 47 34 8 8
17492 1 20700 3 2 2 2
16074 0 18268 1 1 7 1
21289 0 18268 2 2 6 1
14746 1 23603 272 271 1444 1442
7078 6 36019 43 43 19 19
7486 0 7078 22 22 31 23
4225 1 13633 8 4 6 3
4225 1 11780 9 4 5 3
754 1 2375 5 2 3 2
1823 7 36030 25 24 59 58
6054 0 4123 5 5 754 720
6054 3 1296 12164 12162 14052 14051
3215 0 7911 7 7 61 58
6678 1 7911 3 2 4 2
16802 1 8850 7 3 6 4
1076 1 1075 10 2 4 3
1076 1 27277 9 2 3 3
18470 1 18469 2 2 2 2
7673 1 10866 3 2 3 3
7673 1 8629 4 2 3 2
8644 1 14101 4 2 2 2
493 0 1629 8 8 113 102
2736 4 26470 54 9 1 1
2736 4 34726 52 8 1 1
2736 4 35146 86 38 4 4
2736 4 33515 70 23 1 1
35179 0 19119 122 122 4537 4536
13379 4 19119 125 122 44 44
28508 2 3843 5 3 30 2
40099 2 3843 83 82 1262 1233
9537 1 3843 2 2 7 3
25746 0 11870 14084 14084 27367 27367
26637 6 24424 515 515 1595 1595
15305 5 2978 1 1 128 60
10135 5 2978 1 1 138 69
14631 0 3275 1428 1428 7240 7234
1043 1 14631 4 2 8 2
39736 1 21554 2 2 3 2
39736 0 4427 50 50 6577 6555
8260 0 7895 4 4 28 24
16624 0 8260 6683 6683 17477 17475
36792 1 37816 2 2 2 2
40796 2 3317 2560 2560 40831 40798
11856 1 2643 2 2 6 4
8104 1 4274 5 2 2 2
8104 1 12438 6 2 3 3
9749 1 13574 4 2 3 2
40797 0 19420 2821 2821 40062 40060
24056 0 9777 7854 7854 30638 30637
12866 6 7036 3 3 2 2
19409 4 36350 2974 2974 11 11
28857 0 706 15 15 89 76
19163 0 18538 64 64 17057 17054
16614 1 25570 5 2 3 3
16614 1 8351 4 2 3 3
24052 1 24051 2 2 2 2
29706 4 499 178 178 523 523
34810 0 17502 34394 34394 17092 17092
40798 0 38876 30957 30957 39277 39277
26283 6 40443 3015 3015 8694 8694
32794 0 18895 607 607 15301 15293
3034 2 1137 1 1 106 1
19442 2 1137 1 1 100 1
26122 4 31544 57 51 7 7
17880 1 20417 3 2 3 2
3499 1 20417 3 2 2 2
20434 0 21190 1650 1650 631 630
13327 6 22210 4 4 8 8
40799 0 5636 32865 32865 38167 38167
14768 6 24252 16 15 116 114
9578 0 473 252 252 4468 4465
20196 1 21248 3 2 3 2
21248 9 11908 6 5 6 6
6765 1 27335 4 2 3 2
37410 0 27335 5332 5332 18869 18868
12725 1 21889 3 3 2 2
19754 0 4059 26 26 59 56
9461 4 12081 2 1 3 2
8574 0 5381 14 14 117 106
8574 1 8573 6 3 3 2
29585 1 8574 3 2 3 3
13699 0 5381 1430 1430 14239 14227
36608 0 123 11010 11010 24893 24885
24094 0 123 2677 2677 24987 24978
516 0 292 1 1 241 2
31393 0 292 2 2 935 686
14242 0 292 2 2 1717 1466
33413 0 292 61 61 2760 2508
15177 0 292 1 1 245 5
39499 0 292 2 2 271 25
13524 0 292 1 1 237 1
31996 0 292 2 2 254 11
26845 0 292 1 1 232 1
14814 0 292 1 1 246 5
13283 1 2720 5 3 5 3
2720 1 5598 5 3 18 14
34387 1 26855 2 2 3 2
26856 1 26855 2 2 2 2
37173 4 10091 728 728 2265 2265
19951 0 20010 1337 1336 7199 7192
40800 0 28344 20961 20961 39816 39815
24652 0 26678 4320 4320 8301 8297
27632 0 31556 20 20 1484 1482
8336 6 2824 431 431 210 210
14255 1 19144 3 2 5 3
20014 0 14262 879 879 32392 32387
40801 0 16573 19685 19685 39748 39744
2360 1 4933 3 2 6 2
40802 0 39415 14212 14212 40670 40670
30541 0 22903 5759 5759 6739 6738
20618 1 9942 5 3 8 5
38150 0 712 1010 1010 14773 14768
25109 0 7757 2733 2733 1595 1593
40803 0 5646 17477 17477 40335 40331
1003 1 5646 4 2 7 3
35081 1 28378 2 2 2 2
11590 1 29649 4 2 2 2
39026 0 29817 1494 1494 30763 30761
13903 6 32368 5023 5019 123 123
30745 1 37402 3 2 3 3
10159 1 38458 5 2 2 2
27696 1 6690 2 2 13 4
28744 1 6690 2 2 10 3
20852 1 6690 3 3 11 3
40885 0 6690 30969 30969 40102 40094
16732 0 10532 1084 1084 20890 20885
6916 0 19429 12934 12934 18405 18405
10276 1 9887 7 3 6 3
4800 1 9900 4 2 4 2
19570 1 4800 4 2 4 2
17182 1 2190 2 2 2 2
4461 0 19310 1997 1997 12177 12169
1046 7 18091 2976 2859 1 1
1046 7 18788 17816 17697 1 1
1046 7 39181 28508 28387 3 3
37226 0 11964 105 105 4232 4230
11632 9 24469 22 21 6 6
40699 0 12729 1533 1533 40491 40476
14428 0 772 2203 2203 2718 2709
19055 0 772 6920 6920 28462 28452
40710 0 31312 793 793 40455 40453
11686 1 5336 8 2 9 5
30852 1 3198 2 2 4 2
29243 0 26808 22696 22696 21067 21067
21449 0 12858 140 140 393 389
12857 1 21449 6 3 4 3
3233 1 4145 5 3 4 2
19055 1 19054 2 2 2 2
8310 6 12531 9 2 3 1
7557 1 7633 5 3 3 2
17844 0 7120 5496 5496 13610 13607
1269 1 11040 3 2 5 2
11040 1 14848 6 2 3 2
26676 0 8201 821 821 23197 23184
28241 1 7436 2 2 3 2
18458 9 31641 8 8 5 4
31641 3 37842 3 2 2 2
25873 0 2795 20293 20293 35777 35776
17430 1 14006 3 2 5 2
13991 0 6823 19 19 889 883
19570 1 23428 3 2 4 2
8288 4 37118 89 87 30 30
40805 0 33924 8847 8847 40545 40544
25230 0 6253 9 9 250 245
15292 3 10198 8 8 6 4
39489 0 11666 38193 38193 28696 28678
39489 1 15557 2 2 4 2
37831 2 11666 30395 30395 5483 5483
15516 1 12820 6 4 3 2
34071 1 12820 5 3 5 3
4175 4 8602 55 49 2 2
24042 1 5537 2 2 2 2
19211 0 4744 84 84 717 714
31371 0 7474 3531 3531 40306 40298
27812 0 7474 15905 15905 33800 33793
28947 4 15200 74 74 8 8
18660 6 21000 40587 40587 39441 39441
15472 0 25385 15098 15098 33549 33546
12507 0 13404 1842 1842 19002 18997
26342 1 17895 4 2 5 3
2152 1 8496 2 2 5 2
39760 0 574 23 23 1296 1253
40877 0 574 2357 2357 40556 40510
35412 5 11510 37 37 6050 6031
2085 6 10383 7 1 1 1
14202 1 14201 2 2 6 2
1043 1 20085 5 2 6 5
40806 0 6850 24691 24691 40828 40803
40503 0 9914 6676 6676 9440 9438
14770 1 14307 3 2 4 2
32716 1 17183 2 2 3 2
35390 1 3256 2 2 3 2
4482 4 9719 607 603 26 26
20428 0 3527 1873 1873 23539 23522
3527 6 20663 152 152 20 20
30409 2 35441 31 31 46 46
11083 1 5302 2 2 3 2
23196 1 10129 2 2 4 2
1066 1 29752 4 2 2 2
40807 0 3538 10593 10593 40691 40678
22793 0 3538 1 1 18 6
6768 6 24640 10 7 16 14
6768 6 10205 25974 25970 8232 8232
2869 1 15125 4 2 5 3
29302 0 15125 1148 1148 17271 17269
9588 0 1406 10 10 1572 1562
18159 0 17493 232 232 246 240
21497 1 33875 7 4 2 2
20938 1 22485 3 2 5 3
13056 6 39139 75 73 7 7
23942 0 26928 865 865 36007 36004
28004 0 6478 139 139 70 68
4747 0 22951 3 3 8 4
20860 5 2566 2844 2844 35583 35566
7590 5 2566 176 176 16326 16310
20768 0 17402 65 65 74 72
35193 1 20768 2 2 3 2
8572 0 5856 6 6 140 115
17370 0 5856 1257 1257 10410 10382
31972 0 5856 34 34 4109 4082
17380 1 15779 3 2 4 3
27964 0 16186 46 46 7386 7380
15981 0 1328 41 41 100 87
26071 1 9303 3 2 6 3
9303 9 21981 9 9 4 4
38768 0 29318 5 5 2947 2943
36229 0 18254 828 828 13999 13982
1019 4 596 41 19 1 1
1019 4 8780 47 24 1 1
23239 1 15927 6 3 3 2
30477 1 23239 3 2 5 3
21996 6 20017 507 504 858 858
21996 6 11995 275 273 244 244
25766 0 22616 1519 1519 15894 15891
9455 0 23399 440 440 4451 4445
23000 6 39446 797 797 646 646
122 1 7516 11 5 9 4
11412 1 19152 4 3 2 2
8803 1 27429 2 2 2 2
15261 0 14295 18722 18722 35104 35103
25268 4 21905 124 122 2 2
15504 1 8591 7 3 5 2
8591 1 16989 3 2 3 3
15601 10 15600 3 3 3 3
31927 1 15601 2 2 3 2
34363 5 8522 2779 2779 28490 28490
33641 0 19894 32696 32696 14474 14473
33826 1 19127 2 2 3 2
39523 0 2723 202 202 15716 15678
39523 1 21345 2 2 3 2
7540 0 2723 126 126 13214 13178
4541 0 2723 123 123 15167 15130
28671 0 7444 704 703 1769 1766
40808 0 40809 40579 40579 38306 38306
26933 0 1475 2358 2358 21454 21434
35848 0 18654 330 330 13752 13747
19162 0 18654 8 8 106 102
29185 6 40731 40530 40529 28849 28849
3467 1 3466 3 2 3 2
15345 5 4450 28 28 4723 4717
7117 1 7049 5 3 4 2
32624 6 26608 879 878 745 745
2269 1 2268 4 2 4 2
30613 0 6961 4 4 13 11
2956 4 29945 138 134 14 14
40706 0 10059 23510 23510 40710 40707
3866 4 38485 173 166 31 31
3866 4 24189 324 316 20 20
9119 0 21826 1314 1314 23809 23809
18389 3 999 6 4 6 4
999 3 18389 9 7 6 4
35808 1 32154 12648 12648 1266 1266
37756 4 40810 40795 40795 37591 37591
20583 1 27612 2 2 2 2
1020 0 3141 1 1 52 2
28305 0 3141 1 1 49 1
6564 0 11337 378 378 53 52
23511 0 15656 4 4 331 305
5394 1 2601 5 5 3 2
19679 0 5394 17 17 47 40
2004 1 24164 7 2 2 2
2004 0 30642 16535 16535 25779 25778
25774 1 12289 5 2 10 4
24676 0 24224 404 404 1142 1141
23848 1 8714 3 2 5 2
17814 4 3175 20503 20502 1280 1280
17465 1 17464 3 2 2 2
22570 1 22569 2 2 3 2
6630 0 4722 127 127 2487 2479
1142 0 4722 195 195 6409 6400
23700 1 24343 3 2 2 2
9573 6 3123 143 143 981 958
15354 6 3123 25 25 469 447
14853 6 3123 11 10 327 306
6067 1 28605 2 2 2 2
8474 4 17327 13447 13447 1217 1217
30941 1 3753 4 2 6 3
30941 1 33174 3 2 3 2
11546 0 4442 8103 8103 19356 19322
6865 4 2298 259 255 11 11
1021 1 207 6 3 6 3
2872 0 17555 625 624 39662 39655
268 0 17555 258 258 16605 16600
40811 0 2664 3657 3657 40724 40708
40871 0 2664 7296 7296 40727 40710
2664 0 2624 3 3 45 38
35435 0 12605 13 13 200 197
29862 1 29861 2 2 3 2
31789 0 494 35423 35423 38369 38357
22923 0 28916 6 6 13 12
27985 1 27484 2 2 4 3
29410 0 16944 664 664 12478 12474
11888 0 36918 2276 2276 20288 20285
37558 2 741 1 1 44 1
28640 2 741 1 1 46 2
9021 2 741 1 1 43 1
22157 3 1791 4 3 6 4
22158 3 1791 4 2 3 2
8471 1 6302 3 2 2 2
32069 0 19823 2058 2058 7579 7577
38790 0 13 9897 9897 39185 39171
19437 1 22294 3 2 3 2
25022 1 32013 2 2 4 3
39553 0 4628 136 136 24 15
40833 0 4628 194 194 31211 31201
11144 1 2617 2 2 3 2
38399 1 1022 2 2 5 2
10536 1 36694 2 2 3 3
40178 1 1578 6428 6428 34723 34721
40864 0 1578 13172 13172 40708 40702
22410 1 37961 4 2 2 2
15647 4 32971 1170 1170 432 432
1708 0 8438 100 100 30164 30163
6124 1 5907 4 2 6 3
8270 1 6124 13 5 4 2
5826 1 10722 3 2 6 4
21697 0 2070 2990 2990 8908 8908
6530 1 22543 3 2 3 2
5932 1 21935 7 3 3 2
28875 3 5192 3 2 3 2
28676 3 28875 5 2 4 3
5178 1 14819 9 3 4 3
21092 0 5178 1037 1037 33636 33607
16318 0 5178 863 863 5359 5331
40918 0 5178 32601 32601 40858 40827
31349 1 5178 3 3 10 4
27341 1 31627 4 2 2 2
912 0 7047 4 4 158 145
739 0 912 580 580 1336 1325
24031 0 7047 41 41 3153 3139
30204 1 7047 7 3 8 6
40812 0 17281 12398 12398 40611 40611
9906 1 36905 6 2 3 3
6743 0 8355 95 95 784 762
1538 0 8355 2451 2451 34087 34063
35277 1 27784 2 2 2 2
5869 1 26782 7 2 2 2
40813 0 19386 2782 2782 39067 39065
38378 1 22534 2 2 6 2
31576 0 30844 40798 40798 20053 20053
10205 1 10204 4 2 3 2
11177 1 37094 6 2 2 2
7045 1 2382 2 2 6 2
21977 5 16419 13 13 510 503
3364 1 3363 3 2 4 3
3528 0 10834 331 331 2163 2160
17960 4 24312 23 19 4 4
27223 1 20426 2 2 3 2
24636 1 6535 3 2 3 2
23949 5 212 1 1 45 17
27657 5 828 5 4 111 97
1410 1 24564 8790 8790 12002 12001
3066 0 8076 1022 1022 5574 5566
18215 1 1414 3 2 16 6
10895 1 13973 9 4 8 8
3239 4 39144 119 70 6 6
3239 4 27881 129 79 17 17
3239 4 36428 173 122 16 16
18904 3 17353 5 4 3 2
7935 1 2201 5 2 5 3
17190 1 757 4 2 2 2
1415 1 32170 6 2 3 3
23786 1 2902 2 2 11 3
2029 1 18094 6 2 3 3
553 1 13871 4 2 5 3
24179 1 10508 3 2 2 2
25575 1 10508 2 2 3 2
27360 6 36837 38 38 86 86
31841 0 19545 697 697 36930 36929
33840 0 1754 3230 3230 20327 20315
40875 2 1754 1282 1282 40664 40658
38079 2 1754 271 270 8048 8043
40815 0 39071 33621 33621 40811 40809
29342 0 8978 3570 3570 17205 17189
6890 0 36281 3661 3661 4801 4801
8040 1 21358 169 165 28 27
10520 0 24854 12403 12403 33339 33339
28943 1 243 3 2 2 2
20030 0 13734 3421 3421 25715 25713
4563 0 12505 5 5 14 8
37725 0 23377 1 1 6 1
26865 1 19204 5 3 5 2
20288 6 29915 3 1 3 2
24515 2 20288 2 2 46 41
18855 0 2060 2 2 38 25
26308 5 18855 519 519 37325 37311
24430 0 2060 177 177 3918 3904
11475 1 13563 179 176 55 51
13563 1 11475 39 35 183 180
14231 0 7944 1026 1026 6969 6968
36007 6 17148 8125 8125 27378 27378
13350 0 29456 141 141 154 154
36696 5 9528 2 1 10 1
19256 5 9528 2 1 9 1
30889 0 33367 17130 17129 3513 3513
26734 0 2288 6 6 91 89
16979 4 35069 122 122 5 5
23628 0 2614 53 53 162 158
39567 0 4694 8 8 225 211
6695 0 32813 38054 38054 29785 29785
15469 0 6418 6 6 410 386
34418 1 25064 3 2 3 2
8727 1 8726 4 2 2 2
14189 1 23592 6 2 2 2
35545 1 14189 3 3 6 2
10877 1 11728 7 3 8 3
32814 0 4976 119 119 1139 1136
4165 3 25845 22 19 3 3
20625 1 7778 3 2 3 2
30076 0 10715 3627 3627 13703 13700
40816 0 14697 20323 20323 40147 40147
14697 1 31992 8 4 2 2
19191 1 27971 3 3 3 2
13842 0 11910 19448 19448 27440 27439
5985 6 10735 8 1 13 6
12732 3 28417 4 3 11 10
12732 1 26677 3 2 2 2
6204 1 6203 2 2 2 2
40817 0 19840 2919 2919 40259 40256
3387 0 19840 4444 4444 39743 39741
6550 1 2423 4 3 12 3
2423 1 24830 11 3 5 2
2924 4 30666 78 7 1 1
2924 4 2659 154 81 2 2
2924 4 29020 107 35 1 1
2924 4 36766 170 96 1 1
1379 1 25548 6 4 4 3
6265 1 1379 4 2 6 4
18135 3 294 34887 34884 28198 28198
2209 1 24141 8 4 3 2
15500 1 4546 3 2 5 2
15500 1 7996 2 2 4 2
31596 6 8773 2223 2223 7073 7073
40818 0 35587 35802 35802 39779 39779
34338 1 9890 2 2 11 2
14748 1 9890 2 2 10 2
9890 1 12054 12 3 3 2
40819 0 15962 13770 13770 39806 39805
16130 0 10326 3296 3296 10321 10319
40820 0 20319 1578 1578 39310 39309
11212 0 1856 141 141 4291 4277
14579 1 1856 4 3 6 2
28303 3 9776 4 4 26 24
9776 1 9775 4 3 2 2
561 0 5278 2290 2290 2147 2138
13724 4 995 355 354 160 160
154 1 153 2 2 6 3
5791 1 11553 4 2 3 2
24115 1 18755 4 3 4 2
28674 0 3041 580 580 7390 7383
40821 0 14864 2090 2090 39993 39988
17883 0 18836 2447 2447 11006 11004
40822 0 9367 28953 28953 40901 40878
40930 0 9367 13543 13543 40740 40718
7005 0 9367 15 15 2775 2755
26765 1 9367 4 3 7 3
2151 0 4180 8236 8235 9667 9665
40823 0 11638 4371 4371 40642 40625
18175 1 18573 4 2 4 2
24724 1 3969 6 3 5 3
3969 0 3582 256 256 4879 4852
17345 0 3969 133 133 82 78
34877 1 6582 4 2 5 2
6582 1 16956 12 5 10 6
26100 1 28248 2 2 7 5
33245 0 3980 4 4 12 10
4106 1 4105 6 4 2 2
584 1 28894 10997 10995 17092 17092
35143 1 33405 2 2 3 2
17003 0 479 2 2 22 12
9877 5 6166 1 1 14 1
30263 1 25760 3 3 3 2
30656 1 25760 3 3 2 2
1999 4 17069 119 112 1 1
18272 1 19427 4 2 4 2
29081 1 13187 2 2 6 3
16522 0 3780 4 4 197 161
26742 0 15839 13 13 2362 2359
1918 6 39340 1021 1014 100 100
11624 1 20815 3 2 4 2
13939 0 7027 141 141 121 116
5788 0 7027 747 747 150 144
40824 0 2657 6403 6403 40123 40116
1294 0 25140 461 461 2775 2772
21281 0 428 2552 2552 17797 17771
40911 0 428 26141 26141 40892 40865
39800 1 30816 2 2 3 2
12660 0 1095 22 21 67 56
17450 0 1095 643 643 8877 8865
11922 0 14898 58 58 765 747
23590 0 12772 1968 1968 6640 6637
3072 1 15159 7 3 6 3
24523 0 8582 18 18 254 247
188 6 29407 4 1 5 1
39603 4 27065 1090 1090 1649 1649
4691 1 14239 3 2 2 2
36188 1 4691 3 2 3 2
36501 0 4902 10684 10684 4179 4179
40022 0 6784 2 2 13 8
4121 1 17988 4 2 3 2
34845 5 10076 8 6 9 4
19999 4 35620 18 9 1 1
25642 0 31168 166 165 1765 1764
28192 2 3865 2 1 85 67
25039 0 2409 7 7 106 85
34598 0 2409 32 32 9635 9611
40825 0 22386 19639 19639 32188 32187
15804 0 10824 8 8 23 18
40826 0 30737 13961 13961 40314 40313
11678 4 24132 682 682 886 886
11178 1 14178 9 2 3 3
19319 1 11039 8 7 9 4
23526 0 9730 5645 5645 27145 27143
12960 0 23054 33070 33069 12251 12251
18237 1 14439 4 3 7 2
17375 6 39568 9 7 4 4
6955 0 2697 28 28 1629 1627
16533 0 2697 2385 2385 7168 7165
27268 1 11354 4 3 6 2
1968 1 1967 6 3 7 5
20914 0 1967 4 4 16 8
23271 0 7641 37 37 8 8
19684 3 19683 9 8 3 3
4983 6 33006 2 2 3 3
17534 9 12584 3 2 2 2
6871 1 18043 5279 5277 810 809
5628 7 18994 37828 37795 15 15
2502 1 20104 5 2 4 3
15657 0 4985 23103 23103 19211 19209
34914 1 6434 2 2 5 2
39981 0 306 1529 1529 39813 39796
21026 0 306 50 50 1136 1120
37154 5 9269 999 999 32962 32959
9073 1 5502 3 2 7 5
30127 0 1623 510 510 26537 26534
16304 0 30127 7325 7325 6343 6343
16980 1 4548 4 2 5 2
469 0 14498 10 10 86 75
9243 6 35214 15 11 2 2
36148 4 23121 322 321 268 268
3358 1 4743 10 3 6 4
9720 0 4743 122 122 171 161
40888 0 4743 16534 16534 40651 40640
2064 1 2154 2 2 3 2
22278 1 35919 2 2 2 2
36060 0 14935 5729 5729 39642 39633
27146 5 11426 2 2 310 300
3169 0 3813 7 7 62 44
3823 1 3813 3 3 8 3
20664 4 26988 1473 1471 117 117
6374 1 11133 3 2 4 2
33074 2 7 4 4 493 456
18961 2 7 1 1 39 3
17395 0 7902 296 296 1308 1305
22908 1 5606 6 3 4 2
10254 1 10253 4 3 3 2
40906 0 10253 3587 3587 40413 40399
14113 1 5076 2 2 5 2
36403 1 10838 2 2 3 2
14974 0 14973 403 403 938 930
14973 3 19845 52 50 9 9
40831 0 4593 8787 8787 39335 39335
31084 1 27014 2 2 4 2
12467 4 39860 6 1 1 1
40832 0 6630 1185 1185 39372 39368
26778 4 2803 499 499 287 287
3765 1 28497 3 2 3 3
20691 1 4936 2 2 5 2
7886 0 12463 81 81 9555 9549
14999 4 31316 1262 1262 143 143
22172 0 11068 29 29 84 71
454 3 16514 6 4 9 7
3025 1 16514 3 2 3 2
29578 0 15788 7197 7197 15181 15180
23802 0 21987 2020 2020 40342 40339
21987 0 20963 873 873 25850 25849
11759 2 10987 16 16 279 278
38689 0 12894 1658 1658 37915 37905
40834 0 14087 33756 33756 40071 40071
14853 1 5935 2 2 4 2
4044 4 31152 1092 1092 11 11
29372 0 24630 546 546 9243 9238
24630 0 22399 9724 9724 39911 39910
19479 5 4701 1 1 24 2
8240 5 4701 2 2 80 57
33163 5 4554 2 1 9 2
29553 1 26733 2 2 2 2
29553 0 8837 7840 7840 35737 35735
6792 1 14058 3 2 5 3
21282 0 15062 7090 7090 6901 6901
23036 4 36472 93 87 6 6
5783 4 23036 260 251 2 2
40835 0 40836 40564 40564 34793 34793
18778 6 32930 1259 1258 49 49
18778 0 5314 21 21 1413 1386
24621 2 17930 3 1 7 1
27989 2 17930 3 1 15 5
26041 0 4289 16 16 2 2
16899 4 24507 1082 1082 1053 1053
14917 3 17826 7 4 3 2
30990 9 28312 2 2 2 2
8980 1 3552 4 3 3 2
33079 0 3582 537 537 10768 10740
16497 1 26305 5 2 2 2
26368 1 8799 2 2 3 2
4480 1 32602 6 2 2 2
35059 0 27412 14 14 751 748
2645 4 29221 864 856 28 28
23462 0 5675 15172 15172 29423 29414
40853 0 23462 11490 11490 40633 40628
25133 5 5012 2 1 8 2
14927 4 5288 648 644 40 40
11058 2 6577 1 1 64 13
60 2 6577 4 4 200 148
7534 9 18226 3 2 2 2
10204 1 10208 3 2 3 2
5031 1 28475 3 3 4 2
15312 0 12860 11167 11167 11846 11846
21401 1 1933 2 2 12 5
12469 1 1992 6 2 3 2
18451 5 1238 2 1 41 34
37552 0 2655 26 26 736 732
2655 0 9806 4830 4830 21193 21187
40284 0 6614 5180 5180 22161 22138
3130 1 27019 3 2 3 2
23982 0 37653 606 606 20506 20504
20447 1 9918 4 2 3 2
15028 1 16314 5 2 10 5
15028 1 5116 4 2 11 5
40628 0 33021 8117 8117 40051 40051
3648 1 3647 3 2 6 3
19317 0 1107 6678 6678 29228 29218
830 1 21753 14 10 5 4
8270 1 9886 15 6 6 3
14780 1 6419 7 3 3 2
40837 0 15224 5446 5446 39851 39839
7188 0 11737 111 111 4822 4812
10277 1 32396 2 2 3 2
10277 1 2951 3 2 10 5
15054 1 2951 8 3 8 4
25047 0 19223 6124 6124 38425 38425
23871 0 918 47 47 1794 1787
40840 0 918 11210 11210 40751 40743
8168 0 13192 21194 21194 18537 18537
10293 1 12214 2 2 3 2
23642 0 26543 809 809 6208 6208
26543 1 12312 4 2 6 3
4913 4 20284 36 6 1 1
3331 5 16655 104 104 2133 2131
3331 1 35484 5 2 2 2
16739 1 16646 4 4 5 2
6726 1 5782 6 2 2 2
6726 3 6725 23 21 5 5
11335 1 6726 2 2 6 3
5491 1 1201 3 2 7 2
6549 1 14425 6 3 5 3
5544 1 3327 4 3 8 2
3403 1 6328 3 3 3 2
7229 4 37460 603 586 36 36
20544 1 28902 5 3 3 2
3291 1 20544 7 3 5 3
530 1 21170 6 2 2 2
9371 1 9370 3 2 4 2
26061 0 9371 1041 1041 6427 6424
9371 0 5623 1324 1324 27016 27014
21518 1 29527 2 2 5 3
35181 0 21518 3687 3687 40145 40142
36581 0 16397 809 808 428 428
3972 7 37089 31960 31881 31 31
8883 0 5790 21174 21174 6766 6766
38389 0 7334 11421 11421 24464 24462
27814 0 9178 8 8 57 55
10855 1 19155 2 2 3 2
10855 1 31116 15 14 55 54
1431 4 27265 68 52 4 4
27563 1 35599 2 2 2 2
1193 4 39361 16 5 1 1
39975 0 7068 6799 6799 20189 20181
3855 0 3909 2 2 14 7
28703 0 3909 39870 39870 40315 40307
11573 1 13583 4 3 6 3
40841 0 16266 25748 25748 40911 40888
2434 0 16266 2 1 26 5
40842 0 67 9920 9920 40671 40662
1154 0 18959 13844 13844 39617 39615
32397 0 13044 1162 1162 25207 25198
17819 1 653 3 2 4 3
37840 0 313 311 311 16521 16513
40843 0 3679 38838 38838 40842 40831
40843 4 5346 39446 39446 39625 39625
13988 0 168 510 510 6872 6867
38754 2 10661 13 12 250 247
29501 0 6358 7638 7638 40779 40777
29860 0 18587 14340 14340 5017 5017
33438 1 36858 2 2 3 2
36858 1 35629 3 2 2 2
12381 0 1474 1087 1087 8771 8757
2863 0 6499 1755 1755 527 526
7328 0 5714 23929 23929 25029 25028
14412 0 20621 313 313 13725 13724
35316 5 38173 19 17 8 7
20490 1 7847 4 3 4 3
21077 4 10657 235 234 46 46
10380 0 1964 5 5 9 7
17802 1 3847 3 2 3 2
29031 4 40721 40905 40904 17587 17587
29630 5 22311 1 1 26 22
14888 4 21122 4777 4768 386 386
14888 0 2518 1 1 68 1
819 1 7732 8 3 9 5
7100 4 29718 577 575 124 124
8077 1 7192 2 2 6 3
16136 1 39043 4 2 2 2
13225 1 15253 3 2 7 4
40844 0 6467 1983 1983 40582 40575
6069 0 37345 252 252 26 25
4895 0 8093 23156 23156 39383 39356
21558 1 13645 2 2 3 2
10544 6 38325 3404 3388 135 135
23888 0 1730 233 233 2624 2523
33667 0 1730 2 2 289 189
22133 0 1730 1 1 108 9
19623 0 1730 2 2 99 2
28603 4 38563 75 74 3 3
16620 1 2522 7 6 9 3
24900 3 5965 4 4 4 3
3989 4 18951 103 96 8 8
22965 1 167 6 3 7 5
35645 0 7367 22305 22305 11111 11111
36255 0 10055 1 1 7 1
1574 1 8899 9 4 4 2
21174 5 2295 97 97 20722 20620
34328 5 2295 649 649 27490 27387
28418 5 2295 164 164 18639 18538
34439 5 2295 4 4 282 182
40845 0 32455 2401 2401 40519 40518
35000 0 9668 1 1 46 30
32116 0 21176 2017 2017 12812 12810
23390 0 40586 39359 39359 36328 36328
40848 0 23390 954 954 39941 39938
19903 4 29357 326 326 105 105
35177 0 14481 8347 8347 28249 28249
12330 0 11599 362 362 10193 10187
3579 1 19372 3 2 4 2
9842 0 3579 383 383 27453 27440
22422 1 9505 3 2 6 2
15330 1 28910 3 2 3 3
22889 0 11852 1148 1148 21771 21762
29771 9 3592 6 6 10 10
25748 1 34204 2 2 2 2
1772 6 37182 192 188 62 62
15158 0 40846 40655 40655 24035 24035
40847 0 8407 21702 21702 40742 40742
35466 0 11507 23 23 35 32
12327 0 411 170 170 4300 4277
21952 4 9376 78 78 16 16
4177 6 5022 69 54 2 2
5040 0 220 1 1 10 1
20777 0 30968 30157 30157 29741 29740
17995 1 415 6 4 11 3
6540 0 6677 351 351 875 873
30360 1 7239 2 2 6 2
1226 4 33413 416 392 6 6
36259 5 860 782 782 31763 31690
30840 5 860 2 2 2051 1982
39831 1 4370 2 2 7 2
17244 1 15986 3 3 6 3
9116 4 34497 89 87 3 3
4771 4 11796 85 33 1 1
18918 0 15687 127 127 167 164
18918 6 31983 193 184 3 3
29544 0 6411 844 844 3335 3328
13258 1 515 2 2 9 2
7665 4 11919 39 35 8 8
8356 1 22637 9 2 5 2
17180 1 8356 2 2 11 4
39574 0 13157 11446 11446 40291 40288
20711 1 1090 4 3 6 2
32427 0 24062 11032 11032 30655 30654
40849 0 13412 19585 19585 40772 40767
4316 0 1500 1 1 40 14
29122 0 1500 38 38 209 182
29916 0 33246 54 54 3 3
33246 0 425 93 92 2772 2753
3714 1 3991 2 2 2 2
6702 1 4469 5 3 10 6
20629 0 10089 15 15 34 34
18423 1 20629 6 3 3 2
4855 1 19562 7 2 6 3
11423 1 4213 7 3 8 3
10241 0 10481 3669 3669 37977 37975
27097 0 10241 9 9 127 117
5125 6 35244 96 96 68 68
10842 1 11135 3 2 3 2
3451 1 3450 2 2 8 3
3450 1 6752 8 3 5 3
26219 0 15966 147 147 111 108
20729 0 30962 5172 5172 16569 16569
31196 0 30962 15460 15460 35300 35299
36881 0 119 5 5 130 92
119 0 2748 156 155 1971 1961
2323 1 23181 3 2 2 2
14339 9 16095 8 7 2 2
32957 0 5195 3 3 13 7
32623 1 5195 4 3 5 2
32917 0 9489 3249 3249 26648 26644
40688 0 3489 8368 8368 39953 39892
13220 2 6815 4 3 16 12
5097 1 27076 5 2 2 2
17030 1 2573 3 2 11 6
2573 1 9486 7 2 3 2
37807 1 30144 2 2 2 2
2521 1 38597 7 4 2 2
6946 1 8731 3 2 5 2
9873 9 35523 6 6 3 3
1071 6 14854 192 186 6 6
3398 4 14735 27 10 2 2
5855 1 7329 7 3 5 3
3929 1 27247 16 5 2 2
16292 1 29803 4 2 2 2
6578 0 5973 3435 3435 14169 14165
40850 0 1543 35948 35948 40874 40817
37429 1 32885 6 6 2 2
5932 1 5931 9 4 2 2
14336 1 2808 2 2 4 2
23816 0 13145 3 3 9 9
16675 0 11522 37243 37243 11007 11007
40851 0 14187 8137 8137 40381 40377
10755 4 22444 8 7 1 1
11129 1 13730 10 4 9 4
25343 1 13730 7 4 8 4
8639 0 3289 3 3 127 104
3289 6 36920 2608 2591 10 10
8776 1 1347 3 2 6 3
1347 1 4276 5 2 4 2
39300 0 1590 53 53 15951 15927
37068 1 22654 2 2 2 2
1801 1 21363 3 2 2 2
31983 0 35119 179 179 775 774
31983 6 2119 514 512 1167 1167
19488 0 3006 15733 15733 30435 30425
19488 1 38649 32778 32778 35709 35709
40852 0 6747 11968 11968 40570 40568
28133 0 18038 13 13 426 423
8634 9 19910 7 6 5 4
11304 0 19910 4 4 230 229
20413 0 1973 4 4 405 350
26353 1 4814 9 8 12 8
22355 0 11595 13246 13246 24711 24705
1588 1 19716 3 2 3 2
11612 1 21343 3 2 3 2
5569 1 10107 10 6 9 4
5923 1 5569 4 2 7 3
24840 0 14776 2175 2175 563 563
24031 4 32273 31472 31472 36997 36997
12006 1 23328 3 2 2 2
15403 4 40478 48 48 13 13
16346 0 16005 24 24 519 517
7668 1 35530 5 2 2 2
9434 4 40717 40800 40797 18861 18861
22914 1 3088 3 2 4 2
2945 9 2944 2 2 2 2
24743 1 24742 2 2 3 2
31284 1 19047 2 2 3 2
1664 1 16927 6 3 3 2
40307 0 4362 39609 39609 39480 39473
29218 1 4362 3 2 5 5
4362 0 8787 3 3 41 34
17040 8 37417 178 177 29 29
39206 0 12650 1 1 21 1
29976 5 5742 2 2 82 62
15635 5 5742 21 21 814 791
903 5 5742 5 5 183 161
17663 4 9378 545 541 44 44
20364 1 26993 2 2 2 2
27150 0 3232 3549 3549 30951 30944
40854 0 14981 35277 35277 39486 39482
40855 0 25028 4609 4609 40112 40112
40678 5 5841 569 569 40573 40560
26893 3 11921 37088 37086 20426 20426
38438 0 24102 2214 2214 26468 26464
22467 0 22049 829 829 4892 4888
15542 0 22049 422 422 1306 1303
40856 0 8153 22049 22049 40649 40630
36147 0 8153 309 309 8245 8227
10925 1 8153 5 3 5 3
34372 4 36708 484 484 248 248
7489 6 35302 474 469 32 31
9267 0 1292 967 967 34673 34668
5975 0 8327 1527 1527 16821 16812
112 6 23406 81 36 1 1
6559 1 18773 3 2 4 3
13687 1 7279 3 3 5 2
37981 0 904 23 23 101 90
15563 1 17861 6 3 7 4
24736 1 14901 3 2 2 2
7506 1 27215 8 2 2 2
28486 1 28485 2 2 2 2
22848 1 33665 3 2 3 2
15952 0 3163 8 8 490 450
9298 0 3163 1 1 41 2
28717 0 3163 1 1 40 2
17876 3 17875 3 3 2 2
22196 1 22195 2 2 2 2
13637 1 27685 5 2 2 2
10125 4 13911 1077 1075 22 22
4146 0 37135 15 15 42 40
31487 4 8818 3184 3184 1217 1217
36976 0 4550 3526 3526 9809 9712
24513 0 4550 4 4 226 131
27936 0 4550 50 50 10695 10597
12322 0 4550 1 1 94 1
40857 0 2021 25693 25693 40653 40600
27575 0 6658 38886 38886 16977 16965
19537 9 28961 2 2 3 3
1070 0 17546 710 710 6298 6294
9755 1 9754 3 3 5 2
769 1 9754 3 3 4 2
40381 0 34906 692 692 273 273
15427 0 134 680 680 8247 8233
134 1 2633 5 2 2 2
1511 0 15914 10545 10545 2246 2243
5005 1 28613 10 3 2 2
18503 1 5005 3 2 11 4
40140 0 27752 2 1 7 4
16225 4 4698 109 106 8 8
40858 0 15284 24716 24716 40656 40650
628 1 627 3 2 2 2
16800 4 32120 154 154 120 120
25305 0 2099 2 2 39 12
13821 1 13530 3 2 3 2
16002 1 36632 5 2 3 2
40859 0 37052 10283 10283 40718 40717
6188 4 24112 47 31 1 1
6188 4 24347 68 51 1 1
15067 0 18496 8812 8812 37350 37350
29361 1 18956 2 2 4 3
10119 1 25492 8 3 5 3
28682 1 6956 2 2 2 2
22077 5 6956 1 1 20 1
720 9 26603 3 2 4 3
18029 0 8812 44 44 415 414
36166 1 16798 2 2 2 2
30646 4 33263 1127 1127 20 20
10063 0 8348 40680 40680 39274 39267
28320 1 27155 3 2 3 2
27155 1 29136 3 2 3 2
737 0 704 12686 12686 18299 18298
16207 1 16206 2 2 4 4
37148 0 23650 6152 6152 9716 9716
33954 1 14292 2 2 3 2
29886 1 28685 3 2 4 2
9855 6 33387 39 15 10 6
3785 0 28084 36572 36572 30447 30447
20088 5 3785 47 47 3493 3477
32514 5 3785 2310 2310 33174 33156
6922 1 6921 7 3 9 3
6921 1 7885 10 4 9 4
7656 1 11492 3 2 3 2
16454 1 15118 8 3 7 4
27917 0 8192 4 4 14 11
27917 1 5927 18 17 25 20
5927 1 27917 22 17 16 15
4197 0 8050 5 5 12 9
4197 1 37513 6 2 2 2
25431 1 5635 2 2 14 10
15018 1 18772 4 2 2 2
9762 6 8948 20286 20282 6398 6398
30927 6 25532 1434 1434 686 686
19315 1 39214 3 2 2 2
39214 0 32965 4 4 2 2
18563 0 4302 14 14 177 175
21993 1 19504 9 4 2 2
9794 0 26796 2 1 4 4
40860 0 1945 13036 13036 40863 40839
13748 1 11108 4 2 3 2
4384 1 24793 3 2 3 2
10633 4 19550 1244 1244 1775 1775
27322 1 37139 2 2 2 2
40383 0 38168 22 22 75 75
7362 4 32362 16 3 1 1
22231 1 8513 2 2 5 4
40692 0 8924 14421 14421 40589 40580
1685 1 12089 5 2 2 2
450 4 4488 168 150 41 41
39094 5 3918 277 277 25079 25061
40914 5 3918 854 854 40770 40751
2315 0 3918 46 46 5755 5747
40869 0 3918 7182 7182 40850 40841
39375 4 35988 12 12 17 17
33362 0 724 1171 1171 12313 12296
4388 4 38068 45 33 2 2
24592 0 13837 7415 7415 22770 22766
4109 6 1349 72 68 2 1
20971 4 929 31625 31625 11525 11524
23939 0 929 70 70 3463 3452
2108 1 23830 5 2 3 2
137 1 39790 2 2 2 2
14471 4 26704 252 248 46 46
38379 0 2037 3739 3739 14301 14298
3297 1 2037 4 2 2 2
19597 1 29925 4 2 3 3
9472 3 9553 10112 10112 24525 24523
24002 1 31718 2 2 2 2
13378 4 37002 60 52 2 2
18672 8 18729 26 26 12 9
23066 0 10976 18440 18440 33449 33449
37193 0 36623 27816 27816 33372 33372
35461 0 15432 15293 15293 31658 31656
6086 1 37968 602 602 3127 3127
39988 0 6132 14820 14820 29721 29715
27635 0 6879 3045 3045 35107 35107
12792 1 18251 4 4 3 2
25299 0 17090 3576 3576 12579 12577
22804 0 9256 40 40 225 222
22046 1 449 2 2 4 2
26701 5 39164 3357 3357 4910 4910
33010 4 37752 793 792 186 186
17564 4 28570 4661 4661 3451 3451
14394 1 27202 2 2 3 2
40861 0 35307 38595 38595 35557 35557
36533 1 31832 2 2 3 2
1421 1 13698 4 2 2 2
1421 1 1420 6 3 3 3
15918 1 8898 3 2 3 3
39681 2 3869 21 21 774 742
13147 2 3869 3 3 109 78
29520 1 38175 2 2 2 2
7705 4 29204 642 635 31 31
31945 1 533 3 3 3 2
20267 1 11332 3 2 3 2
40862 0 6138 31944 31944 40745 40730
12405 1 2536 2 2 11 6
22145 0 267 10343 10343 10268 10244
12466 4 38408 65 46 2 2
12466 4 38825 78 56 2 2
16552 1 10073 3 2 2 2
31672 0 16442 11099 11099 1123 1123
34829 0 34921 20 20 261 259
6539 1 27537 7 3 2 2
24829 0 20017 197 197 3001 2996
28048 0 20017 1228 1228 34987 34981
40863 0 22831 5895 5895 40470 40465
9658 0 22831 12095 12094 9068 9064
17365 6 1148 16698 16698 24774 24774
11735 1 13906 3 2 4 4
10734 0 10886 2 2 32 18
1494 0 15383 36011 36011 37318 37316
31725 6 3983 22 22 127 126
3023 1 19162 2 2 5 3
28499 0 2833 435 435 5726 5711
4250 3 26422 3 2 5 3
14121 1 5862 6 4 8 3
1002 0 15449 3754 3754 3264 3259
14237 9 14236 5 5 4 4
40286 1 14159 2 2 3 2
1432 4 24308 23 7 1 1
29759 0 21793 5 5 8 7
40 0 9353 1088 1088 5804 5796
36532 1 36531 2 2 2 2
4832 1 7867 7 3 2 2
27716 6 14968 6035 6035 192 192
304 0 25231 10365 10365 7385 7384
8542 1 19421 6 2 2 2
30629 1 15712 2 2 3 2
20027 2 9746 1 1 12 1
26019 0 4682 4 4 17 13
15092 4 32205 17782 17778 2259 2259
13106 4 30126 75 64 4 4
7451 0 9653 6 6 4 4
14198 1 7551 4 4 10 2
19206 1 11656 6 3 7 3
938 1 29478 4 2 3 3
19923 0 13346 2 2 1106 1097
40895 0 13346 16768 16768 40824 40814
8767 0 2776 749 749 16667 16643
17206 0 4193 9799 9799 15677 15675
9026 1 21448 2 2 6 2
10884 1 23870 4 3 8 6
10884 0 12402 2274 2274 3291 3290
33656 0 17442 3558 3558 36137 36133
29844 1 36062 3 2 2 2
39433 6 40246 4 3 13 13
13370 4 32777 79 78 25 25
40865 0 34557 20489 20489 37770 37769
12307 1 5388 2 2 6 3
8628 3 1186 24 23 22 22
4299 0 1562 35 35 255 248
18208 6 35649 2428 2428 12642 12642
12758 0 980 13893 13893 33768 33767
26577 4 38800 74 74 28 28
40866 0 8678 10358 10358 39887 39884
32294 0 1897 118 118 11439 11367
6937 1 1897 5 2 10 3
9481 9 158 6 5 10 7
13100 9 9481 3 2 4 3
15588 1 15587 7 3 4 3
13773 0 27141 4 4 237 234
25916 0 16303 2 2 14 5
36297 0 16303 3 3 107 97
20354 1 18989 2 2 2 2
973 1 13336 6 4 10 4
5185 0 13336 301 301 2259 2255
9012 5 7786 1 1 101 82
33237 1 410 2 2 2 2
14633 6 31433 3005 3004 509 509
14633 6 8142 25 25 144 144
40867 0 339 3659 3659 40545 40542
3453 1 18417 9 3 2 2
8951 1 28285 3 2 3 2
1460 1 8951 3 3 4 2
8222 1 6150 5 2 3 2
8054 3 25795 7 5 3 3
6845 1 2779 3 2 3 3
19202 0 12252 82 82 3212 3205
20124 1 18592 2 2 5 2
20124 0 14100 272 272 17333 17329
30846 0 2941 5 5 174 173
39027 0 9415 6776 6776 32658 32646
23350 1 17390 2 2 5 4
8558 1 7530 5 4 4 2
40868 0 5700 29800 29800 38516 38516
32469 0 324 30 30 9207 9187
8545 0 324 339 339 4243 4224
25032 1 25031 3 2 2 2
38057 9 30720 2 2 2 2
2030 0 1832 4332 4332 11641 11631
1637 0 5616 14 14 155 147
9928 0 5616 34 34 1307 1298
1702 4 29665 115 111 6 6
36951 4 24229 42 40 6 6
6008 1 1041 2 2 3 2
14647 0 13213 19 18 6 6
699 1 22618 2 2 2 2
35907 4 37894 156 156 11 11
13383 1 2789 6 2 3 2
2713 6 7645 32 2 2 1
11577 1 7731 3 2 4 2
40870 0 1335 4151 4151 33677 33676
24483 1 12798 3 2 4 2
17309 0 30810 71 69 62 60
10156 1 963 6 3 4 2
2452 1 3976 6 3 8 4
2452 1 7086 8 4 10 3
40905 0 3387 22325 22325 40627 40613
7217 1 3387 3 2 3 3
8525 4 37769 5297 5295 89 89
35828 0 1364 48 48 11302 11272
26559 6 35828 40814 40814 10479 10479
16493 1 19237 3 2 12 5
2933 1 7202 5 2 8 3
6048 9 22594 5 4 2 2
29003 1 35415 5 2 2 2
20788 1 10332 4 2 3 2
5707 1 5706 2 2 5 3
29609 1 29608 2 2 2 2
22190 1 35891 4 2 3 2
22190 1 11262 5 2 8 5
9192 1 19649 5 2 3 2
26202 0 7136 4 4 9 8
36138 0 7877 17 14 108 105
23317 0 6977 1940 1940 34831 34796
40920 0 6977 17109 17109 40725 40689
36948 1 27706 7506 7506 23678 23677
34777 1 14753 2 2 3 2
1620 4 23845 28 13 5 5
12071 1 18026 6 2 2 2
8848 5 14818 1 1 16 2
11500 6 11034 20 14 8 6
16013 1 5367 6 3 5 3
10574 6 36868 14 10 9 8
18072 0 1880 26 26 1761 1746
7031 1 26802 6 3 3 2
32487 1 10667 5 3 4 2
28680 1 10686 3 3 3 2
9031 4 20091 66 48 2 2
37696 0 13023 382 382 6865 6857
5434 1 5433 6 3 3 2
24552 2 8531 113 112 3538 3535
35789 5 3276 7 7 6041 6010
31511 5 3276 12 12 24683 24651
39401 0 24275 12 11 529 517
27408 0 4448 2 1 14 6
13163 1 17198 4 2 3 2
8664 1 2489 3 2 7 2
2489 1 15398 7 2 2 2
25485 2 3943 1 1 33 1
38545 2 3943 1 1 31 1
36055 6 19589 691 691 7770 7770
19768 0 5156 69 69 6947 6915
26405 0 5156 1 1 51 20
17022 6 35666 1977 1974 1074 1074
17022 6 3619 601 599 99 99
4621 1 88 3 2 4 2
40873 0 28355 415 415 38773 38771
2460 9 9748 4 4 3 3
36214 0 573 2 2 143 104
40874 0 22716 34620 34620 36050 36050
25322 4 40518 187 187 180 180
2760 0 11134 76 76 670 664
4446 9 1807 9 6 3 3
11636 0 4446 39 39 2906 2905
36303 1 2876 2 2 2 2
37244 1 21630 2 2 5 3
38942 1 2626 42 42 1743 1740
31471 0 2626 538 538 4529 4528
3018 0 27173 1 1 2 2
26985 0 7600 423 423 7521 7515
37635 0 7600 149 149 199 194
8617 6 7587 654 643 660 660
24972 0 1142 6002 6002 18182 18180
680 7 38698 28432 28371 2 2
680 7 40901 40676 40613 121 121
6028 0 29623 14103 14103 6616 6616
29623 0 33835 2877 2877 15137 15134
36506 4 25083 263 263 52 52
7152 1 4236 3 2 4 2
22504 0 7152 133 133 1216 1211
40876 0 1295 3778 3778 38976 38970
21646 1 1295 3 2 7 3
22690 0 9531 4 4 13 9
34554 0 9531 300 300 8284 8279
701 1 25692 2 2 5 2
14347 1 5567 5 2 5 3
22500 1 15849 3 2 3 2
24584 6 29929 1 1 1 1
18192 4 1499 4 4 1 1
17820 1 654 5 2 7 2
23192 1 654 2 2 6 2
34164 0 21362 16088 16088 34203 34198
23961 0 6776 2 2 72 64
14951 5 6776 476 476 31791 31786
2111 1 35677 5 3 4 4
32320 1 16031 12945 12945 29570 29570
31261 4 13766 1013 1013 533 533
38116 9 9 4 4 6 5
40068 0 28942 17838 17838 32414 32414
21724 1 8592 11 7 7 5
4229 1 37036 24136 24132 11715 11715
29447 0 15913 6 6 48 43
16697 4 31051 47 43 5 5
5443 6 33646 36 18 4 3
13087 1 36310 4 3 3 2
22927 4 27025 278 278 33 33
24129 1 15215 3 2 3 2
24953 0 13135 181 181 12339 12330
22068 0 29955 40091 40091 3346 3346
6111 0 23960 297 297 118 116
6111 1 11198 7 3 2 2
2003 0 4127 783 783 22436 22432
40878 0 34399 2716 2716 38936 38932
26349 1 19291 3 2 3 2
15641 1 5982 7 2 4 2
21253 0 5982 9472 9472 39873 39873
3948 3 25669 6994 6990 505 505
40879 0 39495 40642 40642 30488 30488
10738 0 8594 1903 1903 1025 1019
40612 0 8594 1199 1199 39778 39771
12395 0 4161 3 3 182 154
40942 0 4161 30370 30370 40871 40841
26530 0 25605 119 119 24 23
25576 0 19971 5819 5819 34057 34051
3574 6 39280 32 28 1 1
35051 1 36988 2 2 2 2
19269 6 3870 907 906 50 50
26457 1 21879 2 2 3 2
16049 4 31756 185 183 52 52
26279 5 6146 3 3 2989 2977
31974 5 6146 3 3 924 913
22137 5 3531 2 2 85 63
15837 1 15836 2 2 2 2
3895 0 3721 417 417 1376 1341
23820 6 25420 5 1 3 2
23820 6 11103 11 6 4 3
28203 4 29473 286 282 47 47
2999 1 36067 5 2 2 2
11766 5 10754 2 2 53 34
40880 0 10330 13831 13831 40696 40691
29695 1 25945 2 2 2 2
15242 6 5534 4 2 5 3
16017 3 30757 638 636 225 224
9486 3 6190 126 122 42 42
10504 6 36780 1191 1184 765 765
31226 0 17728 691 691 13018 13009
8734 1 1538 3 2 2 2
29667 0 249 32 32 3641 3595
7681 0 249 3 3 519 475
1196 5 12328 262 262 35780 35763
29190 5 2139 36 36 15411 15384
9335 5 2139 3 3 903 879
13338 1 18054 4 2 4 4
19110 4 40436 45 45 15 15
1935 0 7945 6 6 2151 2129
1104 0 7945 2 1 36 15
32001 2 3539 1331 1331 18689 18688
7118 0 3978 19 19 56 35
27765 0 206 1108 1108 7120 7090
16624 9 15794 3 3 3 3
1966 4 24890 4770 4768 387 387
31338 0 8266 2 2 260 256
40221 5 73 2 2 160 104
3410 4 40221 1224 1223 48 48
29650 5 73 107 107 33957 33899
4984 0 73 2 2 22 12
7890 1 8556 6 2 4 2
32343 0 7890 12986 12986 24922 24905
4686 0 9935 10673 10673 27604 27588
1690 1 5111 15 3 3 2
23282 0 1690 34 33 532 522
10335 1 2363 3 3 9 2
19856 1 15917 3 2 3 2
15168 1 35514 2 2 2 2
40881 0 9334 28100 28100 40858 40853
28253 1 28252 2 2 3 2
11736 1 678 4 2 4 2
12371 1 20336 6 2 3 2
26039 1 31200 15135 15135 29231 29231
39168 1 23614 2 2 4 4
20692 1 21524 3 2 2 2
24359 1 36592 2 2 3 2
6740 1 6335 4 2 3 2
38194 0 6335 3264 3264 5194 5194
5315 0 18408 4 4 2 2
11605 4 40002 138 138 66 66
12921 1 24570 17 7 5 3
21374 1 12921 2 2 15 5
5134 2 4633 1 1 11 1
35877 0 85 9 9 773 540
23185 0 85 24 24 2249 2009
40756 0 85 17682 17682 40567 40320
26136 1 26135 2 2 2 2
37633 0 20754 4953 4953 22667 22666
40883 0 1222 872 872 40467 40454
40904 0 1222 32786 32786 40904 40890
19190 1 22874 3 2 5 2
14563 2 35454 40943 40941 3376 3376
12530 1 5329 2 2 3 2
37793 0 425 97 97 9028 9008
7112 1 21005 2 2 7 3
13785 6 30026 10761 10760 36427 36427
30892 1 27200 2 2 2 2
22309 1 11345 4 3 10 3
652 1 11489 5 3 3 2
21523 0 5914 2687 2687 20420 20416
19459 1 8641 2 2 9 5
103 0 9917 381 381 2915 2914
34367 1 30925 2 2 3 2
39210 0 36049 4004 4004 36806 36805
27244 6 22681 710 709 32 32
12608 4 21734 36 33 2 2
31281 1 6359 2 2 8 3
40153 0 6359 2999 2999 40064 40056
28257 1 28256 4 3 4 3
3741 6 11977 3 1 4 1
8455 0 14334 1147 1147 207 206
11170 1 606 7 2 4 2
9097 4 33963 142 141 170 170
15436 1 15435 3 2 2 2
9201 1 9200 4 2 2 2
6058 0 5378 28 28 5621 5607
5378 1 9054 6 3 8 3
24455 0 7235 68 68 13186 13181
40886 0 36491 16627 16627 34971 34970
27948 0 29072 4030 4030 36069 36065
2574 1 10949 9 5 8 4
15184 1 36822 2 2 3 2
17033 1 208 2 2 3 2
5633 0 4663 7831 7831 26820 26804
23779 0 17423 1720 1720 6087 6083
31140 0 1615 9 9 378 373
25999 1 31140 2 2 3 2
29071 0 25203 1883 1883 9038 9035
4929 4 37085 165 159 22 22
11962 4 5667 77 73 9 9
14732 6 18907 37896 37895 1481 1481
4582 0 23340 5490 5490 6265 6261
2940 0 23340 121 121 98 95
6093 10 24981 49 48 5 5
14001 0 36202 877 877 3044 3044
37407 0 19919 206 206 29678 29675
28934 0 6210 99 98 117 114
13298 1 26814 5 3 3 2
12356 1 20726 3 2 4 3
11679 7 15652 476 470 16 15
18992 0 780 6 6 72 64
12696 0 1750 12344 12344 18727 18725
22477 1 2282 7 2 2 2
17701 4 36065 233 233 8 8
20641 0 36866 12925 12924 33620 33619
31601 0 1352 211 211 6204 6198
36144 0 28533 23605 23605 23448 23448
22400 2 2183 2 2 239 208
39117 2 5348 5 4 3 1
12905 1 5832 3 2 4 3
16355 1 22399 1485 1480 1696 1696
8334 2 35737 82 82 1142 1141
13347 0 26570 14214 14214 13669 13667
40889 0 34949 26981 26981 40810 40809
12551 0 7485 24 24 358 357
3154 1 27514 4 2 2 2
35950 0 20760 3 3 51 46
20760 0 25127 5531 5531 15972 15971
23933 1 23098 4 3 5 2
12685 6 19180 6923 6917 117 117
12358 2 4168 1 1 12 2
7700 2 4168 1 1 11 2
35674 0 16517 21195 21195 30929 30928
6813 1 5175 4 2 2 2
7375 1 7374 4 2 3 2
40890 2 23906 85 85 39418 39418
21948 4 38918 4785 4785 8765 8765
17500 9 17499 3 3 4 4
6759 1 21078 4 3 3 2
11196 0 24534 15953 15953 10603 10600
16734 7 13678 6801 6797 22 22
865 1 17946 12 3 3 3
1821 6 39122 217 203 8 8
11630 1 31896 6 3 2 2
7284 1 17756 3 2 2 2
26770 5 6829 1 1 7 1
37565 1 22789 3 2 4 3
11926 1 11925 5 2 3 2
27446 1 22702 5 3 5 3
13999 0 37238 6527 6527 9191 9190
2050 6 30438 3952 3952 1457 1457
21493 0 24309 3445 3445 40125 40125
40891 0 13449 30289 30289 40609 40608
15390 1 38904 15180 15179 2309 2309
33146 1 2101 9 8 18 10
17987 3 17986 9 7 5 4
29746 3 17987 3 3 11 9
2692 0 10487 14448 14448 13368 13365
32902 1 29338 3 3 3 3
14511 6 11512 885 878 16 16
6117 1 683 2 2 8 2
25817 0 40019 22614 22614 30501 30501
39730 4 31900 1987 1987 14020 14020
14912 3 19439 29 26 4 4
34332 4 1842 146 142 7 7
29957 5 8285 281 281 16766 16762
8398 4 40398 991 991 40 40
13141 4 36356 73 61 11 11
24146 1 36079 3 2 2 2
12197 1 24146 6 3 3 2
8973 0 15567 465 465 262 261
2840 1 18631 4 3 2 2
4993 1 4648 3 2 12 3
15543 4 26788 2813 2813 12570 12570
9926 1 1976 4 2 5 3
40893 0 10088 15406 15406 40677 40672
18632 0 15264 2571 2570 11018 11015
25930 4 9684 59 54 11 11
39714 5 5407 1 1 100 75
31612 1 9688 3 3 3 2
1782 1 1781 3 2 7 3
34009 6 39128 158 155 58 57
25597 0 4132 8576 8576 38450 38440
16378 0 2054 21 21 1609 1592
12541 0 2054 2 2 22 6
2054 1 17904 14265 14265 28317 28316
18557 9 18725 2 2 2 2
40453 1 28165 2 2 5 3
7231 0 16733 36683 36683 23025 23025
17867 1 14085 3 2 4 3
36201 4 39259 4000 3999 12 12
17202 0 12720 17 17 29 20
28053 0 4049 705 705 24343 24329
25593 0 4049 3541 3541 28167 28152
4049 1 28361 2 2 5 3
22873 1 37187 9 2 2 2
37187 0 3391 3261 3261 22234 22230
30984 1 6485 5 3 5 3
12052 1 6794 3 2 5 2
6371 6 13857 10563 10558 1292 1291
1675 3 3261 6 2 3 2
32329 0 39076 1186 1186 1395 1395
1788 0 22163 1 1 7 3
8791 1 15310 3 2 10 5
13863 1 15310 15 7 11 5
3838 1 15310 4 2 12 5
36716 0 15310 2073 2073 5767 5767
23303 1 6584 3 2 20 14
9014 0 13840 1023 1023 9745 9740
9501 1 16279 4 3 3 2
9412 1 35482 6 2 2 2
26517 1 352 17 15 50 41
30651 1 30650 3 2 2 2
13606 0 5759 59 59 888 873
24242 4 40495 1449 1449 6492 6492
3024 1 8489 3 2 10 4
4914 4 5471 176 171 5 5
16649 0 11808 5 5 55 50
16580 1 16649 3 2 5 3
8882 1 30608 6 4 2 2
24380 6 4034 131 131 845 843
20967 1 38940 581 578 28 28
38940 1 20967 35 35 989 986
12345 4 32572 37 36 3 3
17336 1 6811 2 2 4 2
4393 0 21188 98 98 984 982
16082 0 19592 10897 10897 38354 38353
13599 4 38034 47 47 17 17
2399 3 852 6 4 4 4
26551 1 17969 4 2 6 4
19862 1 25685 7 3 3 3
33100 0 23835 26 26 205 199
38732 1 16818 2 2 4 2
30257 4 39983 2993 2993 159 159
2097 1 9439 8 4 7 3
8891 1 8890 2 2 7 4
10946 1 16189 10 7 4 3
23311 5 666 2 2 386 358
7605 1 16736 3 2 3 2
40896 0 23801 14170 14170 39922 39920
3152 1 34834 4 2 2 2
8027 0 17129 24222 24222 38609 38608
18036 1 23414 4 2 4 3
10896 1 5187 2 2 2 2
29378 0 14065 25 25 447 445
11268 1 18820 18 17 684 681
10603 3 7644 4 3 5 4
28163 6 33290 98 98 110 110
26372 1 2839 4 2 4 2
13731 1 3340 6 4 6 3
30635 1 27499 3 2 4 2
19561 2 12788 5 3 18 16
6316 1 14884 7 5 6 5
14884 1 6316 8 7 9 7
40071 0 542 82 82 2396 2383
24433 1 24432 3 2 2 2
8518 8 19686 49 44 7 7
36028 1 13581 2 2 4 2
23015 1 39472 3 2 2 2
29941 0 8121 359 359 1015 1010
11007 0 39628 3594 3594 4899 4898
38483 1 35975 2 2 2 2
27069 0 17594 2 2 108 107
31414 0 21528 68 68 171 168
10966 0 6448 609 609 3048 3044
7275 0 36151 32529 32529 29144 29143
10347 0 12311 18 18 809 798
40897 0 15992 27277 27277 40696 40691
29348 1 9181 2 2 7 2
181 4 20452 368 363 10 10
30056 0 13450 2327 2326 5341 5335
13510 0 34706 2334 2334 33895 33893
9041 1 8986 8 4 7 2
33052 1 6521 3 2 6 2
26934 4 36843 1084 1084 444 444
2778 1 2777 5 2 2 2
28399 9 24687 16 16 6 6
28399 0 7125 11 11 13 11
163 1 9522 6 2 3 2
38964 6 15538 4 2 4 2
36295 6 20656 39621 39621 37870 37870
7947 1 3044 5 2 9 2
24577 0 6103 3721 3721 30214 30211
39447 2 955 5 4 92 79
27080 0 35724 91 91 453 453
18317 0 16471 1681 1681 24693 24690
40899 0 1371 986 986 40483 40460
35847 0 1371 7 7 12701 12679
32447 6 14556 342 340 6 5
5046 5 5363 109 109 32290 32275
31855 0 1378 3 3 97 38
19994 0 1378 120 120 421 360
25740 0 1378 356 356 715 653
40676 0 1378 3884 3884 40632 40569
20832 0 2453 125 125 7179 7127
38637 0 35536 204 204 6773 6773
29542 6 38922 71 71 58 58
17578 1 8885 3 2 4 2
40900 0 3668 1810 1810 40439 40431
38879 4 40465 76 76 107 107
23645 1 3271 3 2 4 3
10717 1 23392 3 2 5 3
7129 6 37636 309 289 2 2
7129 6 39342 69 50 11 8
22752 1 11603 5 3 4 2
13171 0 2104 1021 1021 5268 5252
3840 4 25993 92 91 6 6
6976 1 6542 2 2 2 2
6504 0 17314 32 32 190 183
1218 1 18913 6 2 2 2
23637 1 22005 2 2 2 2
12259 4 40042 1731 1731 1397 1397
29053 0 31232 2 2 12 8
14841 1 11642 4 2 4 2
12434 1 11406 3 2 6 3
4571 1 19807 3 2 2 2
12516 1 16943 2 2 5 3
9471 1 28564 7 3 2 2
40902 0 30686 7398 7398 37295 37294
215 1 13069 9 4 3 2
28342 4 21955 304 304 104 104
4050 1 5908 5 4 3 3
10960 0 16571 14401 14401 20446 20445
3343 1 1512 6 2 4 3
15421 1 7039 7 2 4 3
40903 0 23890 13346 13346 40547 40546
18173 1 23932 3 2 4 2
26645 1 11702 2 2 2 2
15117 1 11702 2 2 3 2
7241 1 9423 4 2 2 2
15866 1 20662 3 2 5 2
308 1 23762 6 2 3 3
1602 1 20590 5 2 3 2
7541 1 7540 3 2 3 2
4015 0 32323 33960 33960 7729 7729
36003 2 3957 6 5 6 2
11479 0 4865 405 405 16150 16144
1202 0 14475 6555 6555 32653 32650
14612 1 19739 4 2 4 2
7024 0 6752 33 33 2603 2587
32853 0 5203 304 304 6990 6988
37253 0 40396 1135 1135 378 377
34648 0 16831 9 9 16 15
1613 1 3914 4 2 6 3
10826 0 26562 6422 6422 26932 26927
23101 1 12527 3 2 4 2
27830 0 8061 2110 2109 13167 13165
20864 1 6464 2 2 3 2
5262 6 29332 1330 1327 3045 3045
35821 0 16863 32532 32532 39648 39642
13407 1 4967 4 3 4 2
9713 1 18011 3 2 2 2
31393 4 27927 2963 2963 2153 2153
12347 1 13214 5 2 2 2
22063 1 36525 2 2 2 2
37425 0 4766 8847 8847 15000 15000
27152 4 38832 56 55 4 4
31830 5 24055 171 171 2007 2007
15799 6 17609 12 1 1 1
38974 0 621 6 6 1176 1175
17241 0 17150 2 2 5 4
2858 4 33960 57 25 1 1
26230 0 10765 2 2 430 423
19752 1 19897 7 3 4 2
38731 0 10922 183 183 4886 4883
30909 6 31031 31310 31310 38049 38049
40907 0 25161 9686 9686 36940 36938
36978 0 692 14 14 9585 9561
29708 0 692 2 2 456 433
20476 1 6724 11965 11964 12442 12440
40908 0 7921 2648 2648 40294 40294
2443 9 5163 7 6 2 2
12141 1 2443 2 2 6 3
7159 4 32394 263 260 54 54
9995 0 1520 13 13 152 142
3657 1 11758 33 33 4381 4377
687 6 27283 40393 40372 28445 28445
8662 0 716 26 26 4402 4364
7974 1 3145 6 3 5 3
24517 1 9302 3 3 4 2
7449 0 7095 16364 16363 6949 6949
31989 4 40175 120 120 10 10
40909 0 3338 16684 16684 40168 40160
19172 0 15730 29 28 30 29
15433 6 23550 16462 16459 119 119
15869 1 9418 5 3 5 4
27694 3 13419 3 3 3 2
21543 0 14367 6884 6884 9498 9492
5015 4 5256 11 4 2 2
16016 1 10865 4 3 2 2
2379 0 14652 7042 7042 15753 15753
40910 0 10662 14813 14813 40628 40620
13388 1 17572 3 2 3 2
38526 0 17405 19973 19973 32464 32456
9889 0 38560 10861 10861 26240 26239
11600 0 13047 1 1 19 11
40912 0 9931 15454 15454 40607 40607
36575 0 34172 31785 31785 37344 37341
19960 6 20910 23818 23817 13728 13728
10868 1 6529 4 2 5 2
25398 1 30292 2 2 4 2
13664 1 23487 4 2 3 2
40913 2 1214 4948 4948 40696 40677
13094 2 1214 3 1 19 1
16437 0 26208 3564 3564 8949 8947
22757 1 22756 3 2 2 2
40260 0 26108 1 1 8 6
32735 0 5654 3 3 64 61
3447 1 9780 9 4 4 3
14404 1 3447 3 2 9 4
7985 1 4209 2 2 5 2
40915 0 10407 34771 34771 40906 40906
6851 1 6468 4 3 7 3
15604 3 4192 6 6 7 7
9074 0 2243 5 5 44 43
16945 1 27937 2 2 2 2
37937 2 17319 4 3 15 11
17444 1 7040 2 2 3 2
24542 0 21434 4383 4383 33353 33352
19654 0 38248 16211 16211 21462 21462
40916 0 25194 18441 18441 40780 40779
3512 1 1507 6 3 3 3
35515 4 5683 1029 1029 774 774
26598 1 13630 2 2 2 2
3815 1 39428 4 2 2 2
4037 0 16708 2 2 205 201
29698 0 8868 27956 27955 21898 21897
15051 1 14230 2 2 7 3
1006 3 17460 5 4 14 10
20944 1 2415 4 2 7 3
9847 3 11802 15523 15516 5678 5678
19964 4 40677 40537 40534 6889 6889
23100 1 23574 3 2 2 2
21645 1 16026 5 3 4 2
3046 0 140 13702 13702 36294 36288
1732 6 23260 13 1 1 1
29279 4 22476 250 250 7 7
21641 0 8412 4944 4944 1738 1737
40283 0 13935 26 26 138 135
20075 1 5623 5 3 2 2
32173 0 25942 31 31 2093 2090
17114 1 9438 2 2 3 2
33419 4 28271 99 97 3 3
40917 0 5681 8667 8667 39426 39425
15907 1 15906 4 3 5 2
15906 1 26088 5 2 5 4
14098 4 39569 274 272 42 42
4725 1 3135 3 2 3 2
24645 1 21259 3 2 3 2
22111 1 25386 2 2 3 2
11499 1 5619 3 2 6 3
3068 1 3431 6 2 4 3
7765 1 7764 4 2 3 2
11813 1 30361 9 2 2 2
13330 1 4080 3 2 5 4
40919 0 27595 32571 32571 40903 40902
26579 0 27595 766 765 11074 11074
20569 1 7364 6 5 10 4
27835 1 30774 2 2 2 2
2212 6 39573 40465 40465 8753 8753
29644 1 22647 2 2 2 2
28102 1 13943 2 2 4 3
39806 0 4094 5918 5918 5307 5307
11333 0 1873 92 92 4150 4141
7708 1 7707 3 2 3 2
20826 6 37122 579 578 209 209
35116 1 2058 2 2 6 2
4697 1 3858 3 2 4 2
11455 4 7090 162 158 4 4
40921 0 10175 1619 1619 40459 40453
38431 1 28014 2 2 2 2
12033 1 19844 4 3 4 2
5245 0 33893 9891 9891 37314 37314
34222 0 38513 1530 1530 3583 3582
8695 1 8694 2 2 5 2
3104 1 3103 2 2 3 2
15438 1 11384 3 3 3 2
31721 1 24228 3 2 2 2
2370 4 3245 28 8 1 1
8754 1 6098 7 4 4 3
8754 1 4244 5 3 4 2
18988 0 27345 420 420 26535 26534
40923 0 13663 3567 3567 40674 40653
11049 0 722 50 50 17995 17987
38784 0 6570 228 228 18473 18458
16141 4 16183 35 33 11 11
496 1 32512 4 2 2 2
37743 1 14493 2 2 7 4
5090 1 38941 3 2 2 2
34217 1 30032 3 2 3 2
16865 1 8774 2 2 3 2
26008 1 24248 1274 1272 403 403
37763 1 3707 2 2 2 2
22457 6 34682 37905 37905 39653 39653
33138 1 11811 2 2 2 2
25767 4 33687 141 141 11 11
13958 4 28025 37 29 2 2
656 1 37010 4 2 2 2
10583 1 2117 9 5 11 4
20736 1 17537 16469 16469 21820 21819
10184 0 28333 31 31 27 23
38142 0 26564 23161 23161 2230 2230
3096 4 25112 177 169 8 8
15613 0 15381 133 133 5557 5553
22584 1 12684 3 3 4 2
10350 1 13671 4 2 3 3
7514 1 25165 4 2 5 4
25852 1 20593 2 2 3 2
14893 0 27550 120 120 4519 4519
22787 1 22786 2 2 3 2
5300 0 27067 754 753 5163 5163
622 0 8078 1 1 26 15
24444 8 33475 32 32 17482 17482
35002 0 19318 379 379 14149 14147
5466 0 115 679 679 7552 7536
19843 0 2682 1 1 10 9
22395 0 5140 1993 1993 8742 8738
20504 0 11647 55 55 11314 11305
11184 4 27448 18058 18049 65 65
33563 0 18375 15500 15500 1414 1414
19846 1 18645 15407 15405 1732 1731
23722 0 20561 6733 6733 10345 10345
36869 1 18872 2 2 8 3
1358 1 1357 4 2 3 3
13443 1 1717 4 2 4 2
9968 1 13305 3 2 6 2
6222 1 29825 3 2 3 2
19156 0 89 4286 4286 37951 37933
28882 9 3696 2 2 2 2
40924 0 22072 3582 3582 37192 37188
30066 1 7387 2 2 5 3
15533 0 7387 123 123 2176 2170
6506 6 39335 271 264 42 42
29368 0 40057 40465 40465 29635 29635
27225 6 33459 54 47 6 6
34773 0 34386 4115 4115 39333 39331
40449 0 1803 12856 12856 24411 24403
21774 6 9252 2012 2012 8986 8986
18483 1 17730 3 2 6 4
18247 1 33545 2 2 2 2
38623 0 5839 3171 3171 30687 30682
4359 1 29197 3 2 6 2
29197 1 13612 6 2 6 3
27198 1 6242 3 3 7 2
27447 1 4053 2 2 3 3
13806 1 28087 3 3 4 3
40925 0 19888 37490 37490 40843 40843
9983 4 21913 301 299 20 20
20348 0 11447 8 8 3 3
38036 0 1666 5708 5708 24775 24764
32679 0 34089 20161 20161 13917 13917
35965 4 17251 3194 3194 844 844
18481 6 27900 20579 20579 10904 10904
37628 1 32564 2 2 3 2
4466 1 21189 5 4 5 2
640 1 7220 4 3 3 2
24070 0 18975 11934 11934 12445 12443
2758 1 22165 2 2 3 2
4556 1 9927 4 2 6 2
40353 0 10745 4017 4017 27683 27678
19632 1 35311 2 2 2 2
39784 1 31199 2 2 2 2
4594 0 5891 8 8 97 93
4491 0 19288 1445 1445 3560 3558
30729 4 33668 306 306 794 794
34985 0 3925 414 414 4696 4692
28487 1 7168 3 3 6 2
26416 1 36198 4 2 2 2
34811 0 1272 370 370 9189 9172
3263 1 2390 4 2 6 3
11689 0 15537 5 5 16 13
28752 0 4416 5 5 5 4
27422 0 8663 1664 1664 20538 20536
5643 1 3754 3 2 3 2
11366 1 26527 6 2 5 2
24792 1 893 3 3 3 2
6657 1 21399 3 2 2 2
18566 1 6657 2 2 3 2
39413 0 5325 96 96 17447 17421
11969 1 26616 15 15 5 4
36488 1 6245 2 2 6 2
11151 1 17991 3 2 4 2
3136 1 16161 3 2 3 2
30980 0 3884 25 24 2259 2254
30250 1 32816 4 2 2 2
4638 1 29948 2 2 2 2
27855 0 9636 2942 2942 5593 5593
22777 1 35880 4 2 2 2
3901 1 1387 3 2 2 2
22243 0 13777 1991 1991 11527 11518
5542 1 30223 7 3 3 2
38033 0 20954 11583 11583 36045 36045
29753 0 15565 17 17 1164 1156
29266 4 13537 315 315 901 901
1937 6 25054 7464 7461 20978 20978
21124 0 14843 4679 4679 39151 39148
40927 0 290 40359 40359 40611 40565
31744 4 8674 187 186 66 66
40127 0 2558 2154 2153 15174 15159
2529 4 12558 251 244 15 15
7694 1 33571 5 2 2 2
22610 0 27194 13 12 83 78
30249 0 6066 12719 12719 31295 31294
658 0 13432 206 206 2681 2675
40928 0 9369 7618 7618 40553 40552
38434 0 9010 7110 7110 16716 16715
30241 6 28445 23 20 3 3
35998 1 12005 2 2 5 2
37809 2 18294 4136 4135 7872 7870
11424 1 34792 11 4 3 3
35840 0 11072 104 104 33200 33195
28978 1 22902 2 2 2 2
11576 6 38596 401 399 22 22
1930 4 36216 343 336 15 15
7939 1 10211 5 2 5 4
28794 4 27413 174 174 55 55
5741 0 1817 5470 5470 340 340
5741 6 31343 6 3 2 2
19214 6 3845 902 898 29 28
23468 1 1116 4 2 4 2
19251 1 13436 4 3 13 9
30832 0 17008 23793 23792 9131 9131
10086 1 10085 2 2 5 2
20123 1 21785 3 2 6 3
29801 1 16682 2 2 6 2
2714 6 17927 71 27 13 9
3544 6 29062 14 3 2 1
16737 0 2582 2380 2380 31811 31807
37791 0 27732 126 126 5553 5548
17526 4 11245 2286 2284 87 87
1533 0 604 752 752 11184 11173
39727 1 9142 2 2 8 3
13018 3 4849 10 8 7 6
32445 0 36854 202 202 32359 32357
30065 6 21979 9 9 49 46
1742 6 21979 7524 7524 23985 23981
23039 1 22926 5 3 2 2
32339 1 27741 3 2 4 2
17262 4 33581 611 610 108 108
26419 1 3896 2 2 3 2
2404 6 17683 617 615 128 128
33189 0 14812 2654 2654 17650 17646
26452 9 7754 1100 1100 13606 13605
19015 1 28438 5 2 5 2
12913 1 9397 2 2 3 2
40931 0 27727 20661 20661 40514 40513
1419 1 22014 4 2 3 2
22075 4 35020 98 97 152 152
14470 4 37913 48 47 10 10
28719 0 7960 3918 3918 28733 28733
8597 1 843 2 2 4 2
14278 0 7240 21820 21820 30407 30390
2970 0 8651 297 297 1536 1535
17407 6 4098 18432 18431 2303 2303
15599 5 6014 194 194 1641 1638
23298 0 37796 5 5 5 3
23743 4 1839 7794 7790 528 528
9242 1 9241 2 2 8 6
40932 0 8840 19340 19340 40684 40676
20097 1 39891 5 2 2 2
28366 1 34247 22 21 3 3
23644 0 37462 7830 7830 718 718
9572 9 9571 10 10 2 2
30724 1 28310 2 2 3 2
18933 4 6687 133 131 8 8
17759 0 2861 357 357 8497 8489
40933 0 15371 25567 25567 40679 40675
38707 1 6267 2 2 3 2
4208 1 4207 4 3 3 2
15219 1 38553 3 2 2 2
23158 4 15716 870 870 396 396
21950 1 27256 4 2 3 2
34499 0 3934 14446 14446 29465 29462
35578 1 3227 2 2 4 2
7908 1 6243 42 35 20 19
1914 6 14604 1454 1430 782 782
38010 0 30717 684 684 13665 13664
40934 0 22330 14994 14994 40785 40785
36509 0 1481 8325 8325 19177 19176
17630 1 5576 3 2 3 2
16260 4 1174 1096 1090 92 92
8162 2 27707 341 341 439 439
28523 9 16965 2 2 3 3
40935 0 16658 16391 16391 40786 40783
25614 0 86 29 29 1162 1159
18620 3 6300 3 2 4 3
10303 0 1380 30 30 397 382
37033 0 20187 1978 1978 1500 1499
26386 0 18443 4562 4562 950 950
38926 0 5480 1178 1178 9614 9613
29831 0 12577 3 2 40 33
15782 0 21097 821 821 26776 26773
22438 1 8094 3 3 4 2
40936 2 3999 14139 14139 40751 40712
1838 0 11464 744 744 9265 9263
14405 6 31106 485 482 192 192
38576 6 23883 222 222 1175 1175
17088 4 35425 9426 9426 614 614
849 10 13402 4 4 5 5
31905 1 5241 4 3 4 2
5409 0 9991 950 950 3657 3655
7245 0 31986 4699 4699 13181 13180
34983 1 16742 2 2 4 2
10762 1 12714 4 2 5 5
10953 0 273 1 1 90 76
26769 0 1194 3 3 7 5
12790 6 38666 3 2 2 1
20833 0 14547 1148 1148 12918 12918
31477 0 20633 572 572 5358 5356
25922 1 17748 4 2 3 2
35874 0 3549 16 16 127 112
24436 1 2798 2 2 2 2
25966 1 11230 2 2 3 2
16275 1 18980 4 2 6 2
7862 4 17841 277 274 135 135
12959 0 12265 830 830 15306 15306
40938 0 25310 21137 21137 37920 37918
35627 0 3269 4 4 13 10
18098 1 22245 9 3 2 2
35614 0 5846 1 1 31 2
29207 1 24456 3 2 6 3
1048 1 24443 3 2 3 2
22767 5 6095 1 1 4 1
12231 0 16476 3 3 46 40
19496 1 30112 2 2 5 2
40940 0 7382 7933 7933 40517 40514
8838 1 20614 5 2 3 2
30101 1 30632 4 2 4 2
9830 1 34527 3 2 2 2
40941 0 13946 35560 35560 40431 40429
28643 0 11339 10 10 1987 1983
13847 1 14386 3 2 4 2
27260 1 35256 4 3 4 3
35120 4 33416 111 109 6 6
6728 1 6727 12 2 4 2
