33512 0 4410 6 6 130 94
16031 1 32320 33522 33522 26759 26759
40543 5 172 3 3 3951 3595
40543 0 2607 4 4 1630 1610
33473 5 172 1 1 338 2
9179 5 172 185 185 17230 16870
33575 5 172 20 19 526 177
16648 5 172 6 6 2265 1910
31526 5 172 5 5 2097 1743
6771 5 172 2 2 387 43
15476 5 172 25 25 5711 5354
29269 5 172 49 49 14253 13894
11606 5 172 3 3 683 332
2234 5 172 4 4 572 222
23355 5 172 3 3 457 110
15278 4 39692 407 401 116 116
22936 0 14838 13 13 111 111
31887 2 743 8 8 1277 1170
13265 2 743 3 3 406 302
33786 2 743 6 6 1914 1805
8790 2 743 3 3 783 677
29405 0 27360 6 6 17 15
35494 1 15192 2 2 2 2
35494 0 6837 6088 6088 18830 18829
18925 1 32325 2 2 2 2
32325 1 8085 4 2 3 2
3750 4 38184 94 65 2 2
3750 4 40324 110 80 2 2
3750 4 17381 35 7 2 2
6331 1 10283 5 4 3 2
11500 6 4785 10 4 5 3
14258 4 24038 19 9 2 2
32661 6 20759 1 1 6 5
12387 1 12386 3 2 3 2
28490 4 38427 93 92 4 4
21840 0 107 8 8 54 11
12784 4 107 329 323 32 32
107 0 5198 3 3 147 128
27747 1 27746 2 2 2 2
3916 1 27549 6 3 5 2
6527 5 2139 199 198 4741 4714
16255 5 2139 6 6 312 288
1618 4 14555 41 40 9 9
29103 1 9873 3 2 2 2
38285 0 18633 179 179 1148 1142
38285 1 26278 2 2 3 2
30253 0 18633 255 255 2998 2991
27022 1 435 2 2 2 2
32496 0 4125 1018 1018 32623 32615
24483 0 4125 12 12 627 620
15337 1 4125 5 3 3 2
4388 4 36757 22 11 1 1
30756 1 32955 3 3 3 2
30757 9 30756 2 2 2 2
16250 1 28482 3 2 3 3
39594 0 51 55 55 1077 883
13386 0 51 456 456 6458 6259
22734 0 51 13 13 3162 2965
40690 0 51 649 649 16713 16513
40660 0 51 2035 2035 19923 19722
21035 1 22109 4 2 3 2
24101 0 28349 17 17 31 21
38672 0 28349 16 16 44 33
40559 0 6722 4982 4982 34260 34256
4705 1 15839 4 2 6 4
39464 0 4705 14 14 117 90
21731 4 9107 69 67 36 36
7590 5 34746 5269 5268 5125 5125
7878 0 7590 1274 1274 5455 5455
39562 0 2740 5965 5965 38139 38139
3212 1 29129 2 2 3 3
3212 1 16271 8 3 6 5
22208 1 3212 3 2 6 2
14179 0 16065 27701 27701 5037 5037
12801 1 4187 3 2 7 2
19501 0 2021 5211 5210 16477 16425
40645 0 2021 1387 1387 23279 23226
27628 0 2021 92 92 2970 2919
23729 0 38913 187 187 329 329
8720 1 9417 4 2 4 2
32234 1 8720 2 2 2 2
12896 1 8372 3 2 2 2
1441 0 27945 7002 7002 3815 3814
4170 6 37882 458 444 452 452
2046 0 39706 1193 1193 15931 15930
14436 1 14436 1 1 1 1
38948 0 20990 14281 14281 35304 35300
20990 1 905 2 2 6 2
9769 0 8193 14 14 63 63
12450 6 8001 24 15 11 10
1031 1 12972 4 2 3 2
1031 1 1030 3 2 2 2
2604 1 6752 11 3 5 3
11156 0 2604 34138 34138 39513 39470
2427 0 2604 3644 3644 25446 25406
20604 0 2604 1875 1875 22035 21996
26334 0 2604 58 58 935 899
5353 0 6752 42 42 141 125
3451 0 6752 5 5 120 105
34042 1 10659 2 2 2 2
22643 4 31669 114 114 103 103
3358 1 24240 11 3 2 2
3358 1 4026 5 2 3 3
40560 0 3229 2013 2013 17376 17365
39572 2 121 2 1 487 12
34055 2 121 1 1 641 159
36425 2 121 5 5 1322 818
33961 2 121 25 25 1044 548
22605 2 121 6 6 737 254
34749 2 121 4 3 514 35
7185 2 121 2 1 490 14
39473 2 121 6 5 1094 595
36051 2 121 10 10 1047 550
38744 2 121 3 3 739 255
40601 2 121 4 4 14419 13910
31131 2 121 2 1 515 35
16157 2 121 7 7 1066 568
10391 1 121 2 2 2 2
13173 0 25097 4123 4123 11173 11170
1421 0 608 19 19 1428 1063
6033 0 608 641 641 24176 23782
40723 0 608 42 42 12854 12473
40732 0 608 103 103 20746 20356
31776 0 608 65 65 2222 1856
26284 0 608 15963 15963 39553 39152
40750 0 608 50 50 32176 31776
40752 0 608 489 489 15498 15114
12593 0 608 110 110 8608 8231
21041 0 608 177 177 8300 7924
36535 0 608 71 71 13039 12657
40642 0 608 144 144 11752 11372
6612 0 608 63 63 10832 10453
12763 0 608 8 8 2310 1943
38498 0 608 11 11 375 13
1763 0 608 16 16 2354 1985
35305 0 608 8 8 4241 3868
40693 0 608 4 4 5449 5075
31350 0 608 11 11 413 49
37399 2 2580 1 1 50 12
35976 2 2580 1 1 49 12
21024 2 2580 11 11 109 67
37837 2 2580 1 1 39 4
14534 0 273 10 10 94 81
3275 0 273 26 26 359 344
28793 1 273 2 2 3 2
40561 0 2759 8919 8919 31134 31134
17054 0 13663 16 16 56 36
18662 1 11511 3 2 3 2
39324 0 21892 18 18 214 212
5681 0 5376 2 2 25 5
39137 0 3699 13 13 466 447
5121 0 4055 7143 7143 39532 39529
28225 0 10933 1060 1060 15605 15596
12586 1 18347 3 2 5 4
18347 1 8083 3 3 2 2
8678 1 15844 2 2 2 2
8678 1 8677 5 3 2 2
1900 9 8459 2 2 2 2
13142 1 6617 5 2 3 2
13142 1 3658 4 2 3 2
11554 1 11553 6 2 6 4
6724 1 20476 4908 4906 4170 4169
6973 6 11688 139 123 2 2
28474 0 574 4764 4764 33415 33369
40638 0 574 297 297 10422 10378
3829 1 3828 6 3 10 6
3363 1 3828 4 2 6 3
5303 0 2409 3 3 33 12
19117 1 5303 2 2 3 2
10728 0 2409 4 4 35 13
2409 3 10728 15159 15159 545 545
20385 4 38169 1261 1261 900 900
919 0 36150 1340 1340 3224 3223
15726 1 2782 2 2 4 2
2090 1 33833 7 3 2 2
13956 1 23540 5 4 2 2
26983 0 13956 766 766 12210 12202
29443 9 7135 3 3 3 3
26279 0 10532 65 65 907 903
10532 1 11231 6 5 6 2
8610 1 16790 3 2 2 2
32576 0 296 207 207 1181 1030
32576 4 39358 997 997 3529 3529
28775 0 296 3 3 200 56
21869 0 296 9 9 155 14
40110 0 296 25 25 1064 915
5339 0 296 10 10 164 22
40350 0 296 9 9 221 76
18338 1 25376 3 2 3 3
18338 1 34572 2 2 3 3
25119 0 10706 17 17 557 545
6372 0 10706 61 60 348 337
187 1 34587 2 2 2 2
23114 0 8709 1164 1164 31855 31850
23114 9 22355 2 2 2 2
3873 1 28613 6 3 2 2
3449 1 3448 3 2 4 2
1778 1 5313 7 3 3 2
16939 1 16938 3 2 2 2
25259 1 10976 4 2 3 2
25259 0 1054 7 7 32 28
3874 0 21706 185 185 1028 1027
17484 0 2318 53 53 1167 1039
9443 0 2318 4 4 205 82
36678 0 2318 18 18 582 455
31243 0 2318 3 3 165 43
7726 0 2318 307 307 3306 3176
3353 0 2318 3 3 139 19
14943 9 14942 2 2 2 2
14943 1 16039 3 3 3 2
2677 1 13356 6 2 4 3
35968 0 32619 5898 5898 29346 29343
31267 0 265 5 5 253 4
30115 0 265 11 11 262 11
39657 0 265 5 5 258 8
39858 0 265 17 17 395 138
22580 0 265 15 15 513 253
14709 0 265 8 8 378 122
40562 0 21091 27112 27112 37004 37002
21135 1 12220 2 2 2 2
38664 0 71 2 2 63 2
30298 0 71 2 2 66 4
3066 1 3065 5 2 2 2
23421 0 13784 233 233 250 248
7620 1 21508 2 2 3 2
3069 4 14224 8899 8877 28 28
14224 4 25214 1270 1266 455 455
40563 2 6404 538 538 32226 32216
40653 2 6404 2202 2202 34457 34446
40687 2 6404 1412 1412 23305 23296
14071 0 278 4 4 187 14
13708 0 278 2 2 195 19
37453 0 278 8 8 193 19
18193 0 278 12 12 181 9
36053 0 278 3 3 205 27
40571 0 278 2722 2722 19730 19548
40564 0 12078 2384 2384 34752 34746
4462 0 12078 10 10 44 39
31848 0 10547 2 2 4 2
40565 0 6230 18086 18086 35356 35355
20013 1 1128 2 2 5 3
3348 0 20013 5877 5877 16246 16234
35716 0 21460 42 42 85 85
7754 3 1296 17 15 14 14
7754 9 26452 1417 1416 93 93
1296 9 9053 2 2 4 4
4834 1 21474 2 2 2 2
21474 0 2168 4 4 20 13
33636 0 27948 17260 17260 29160 29158
36719 1 21614 3 2 2 2
40647 0 36719 510 510 19021 19020
1594 4 35451 140 136 29 29
7059 1 37735 3 3 2 2
11387 0 1062 198 198 5103 5099
4472 1 1062 5 2 5 2
158 1 157 4 4 3 2
157 5 73 3 3 361 305
28915 0 6166 13 13 105 98
25685 0 6166 44 44 6442 6434
1741 5 6166 3 3 80 43
40566 0 3087 8460 8460 22896 22881
8935 1 20348 2 2 3 2
6215 5 8935 8 8 43 37
40567 0 5596 8758 8758 23500 23500
5596 1 2050 6 3 2 2
14614 1 632 2 2 5 3
23862 0 20853 2282 2282 12949 12948
39256 0 292 15 15 1660 1412
31751 0 292 8 8 255 16
6985 0 292 3 3 237 4
2794 0 292 17 17 295 54
17776 0 292 2 2 234 2
29809 0 292 13 13 241 7
6800 0 292 245 245 2203 1953
2388 0 292 9 9 297 55
34453 0 292 27 27 1164 917
8087 0 292 8 8 253 16
35031 0 292 278 278 5184 4933
7483 1 4704 2 2 2 2
7381 5 7483 1 1 5 1
18107 1 7419 4 2 3 2
18107 1 33365 3 2 2 2
30799 0 3068 27 27 131 117
18024 1 18023 6 3 3 2
24564 1 1410 8210 8209 3646 3646
11009 0 24586 4 4 10 8
27654 0 11009 11 11 10 10
9001 1 31090 4 2 2 2
31091 1 31090 3 2 3 2
40568 0 19619 9992 9992 31429 31426
1193 4 5665 85 73 5 5
29132 0 160 30 30 1458 1417
21888 0 160 48 48 978 939
40545 0 160 5 5 45 9
14250 0 160 5 5 183 146
7765 1 3854 4 3 6 4
3854 1 4433 12 6 4 2
10544 6 10337 31 18 3 3
10544 6 30885 83 68 35 35
10544 6 17616 19 7 2 2
10544 6 33395 12 1 1 1
10544 6 32223 61 47 7 7
2466 0 11399 588 588 13373 13367
5110 1 14834 13 5 6 3
5110 1 22509 7 3 2 2
5110 1 13199 9 3 4 2
30654 0 2915 1180 1180 30466 30462
878 1 16142 10 6 26 22
16142 1 878 26 22 10 6
12156 1 16142 3 3 4 3
1555 4 14720 66 60 6 6
1555 0 39 89 89 1263 1053
27854 6 9726 4 2 3 2
22790 1 20846 4 2 2 2
40569 0 28991 30707 30707 31311 31311
31570 1 22745 3 2 2 2
6277 4 13724 27 21 4 4
22265 1 15939 3 2 2 2
3601 4 11291 32377 32376 986 986
18464 4 28236 98 98 97 97
21200 1 24456 7 3 5 2
18828 1 21200 4 2 9 3
8407 1 5210 5 2 3 2
5210 1 9174 2 2 2 2
8298 1 8297 2 2 7 2
35442 0 21 9 9 795 727
5771 4 35442 2907 2898 25 25
16159 1 6497 8 4 5 3
1826 4 36945 230 223 2 2
15560 1 16616 4 2 4 2
5937 1 15560 3 2 3 2
16616 1 35701 3 2 3 3
24090 0 27455 110 109 755 755
3209 1 19072 3 2 4 2
3209 1 2516 2 2 3 2
6274 0 3209 5390 5390 21369 21365
32074 1 32874 4 3 3 2
1353 1 16331 7 2 6 4
11260 1 11259 2 2 4 2
21431 0 11260 11 11 25 23
5666 0 8929 2 2 39 24
21034 0 2918 1329 1329 24457 24377
31631 0 2918 200 200 11496 11417
39298 0 4365 6 6 208 193
38449 0 23581 3 3 35 32
923 0 12300 21465 21465 8488 8488
785 8 923 18128 17668 4 4
16936 0 39 4 4 206 8
6688 0 39 69 69 836 631
33920 0 39 64 64 1442 1231
16930 0 39 27 27 1018 810
16260 0 39 10 10 391 187
9285 0 39 6 6 205 8
36679 0 39 58 58 1550 1338
13037 0 39 13 13 849 643
17754 0 39 8 8 226 25
34332 0 2518 3 3 104 36
24798 0 2518 77 77 5092 5023
2518 0 4990 3 3 120 102
36326 1 67 2 2 3 2
31714 6 15538 379 378 132 129
25285 1 25279 4 3 4 2
37786 0 14737 3 3 31 19
14737 0 4030 4 4 127 100
40570 0 10106 5165 5165 27942 27942
2527 1 15676 3 2 3 2
9741 1 22270 3 2 2 2
22719 0 8583 47 47 1061 1051
680 7 39181 27346 27284 9 8
680 7 29533 2522 2462 1 1
21810 4 40571 12938 12928 3598 3598
33488 0 4931 4489 4489 24760 24755
30169 4 22524 69 69 73 73
1374 8 9876 333 331 28 28
1374 6 6774 33 18 4 2
35169 3 35168 2 2 2 2
6888 0 11405 1902 1902 10165 10159
6889 1 6888 5 2 3 2
11405 1 12069 2 2 5 2
31720 1 33038 2 2 2 2
14747 1 16665 6 3 6 2
30485 0 12240 18019 18019 36963 36962
35384 1 24098 2 2 3 2
33950 1 24098 3 2 5 2
4617 4 2317 93 86 3 3
26645 0 18798 3 3 38 34
1038 4 20161 270 102 13 13
1038 4 39009 6721 6546 205 205
1038 4 31457 449 275 77 77
1038 4 35729 254 87 10 10
1038 4 9526 442 269 53 53
1038 4 36663 282 111 15 15
1038 4 25174 178 15 2 2
1038 4 29468 275 106 43 43
1038 4 40317 201 36 9 9
13441 0 13179 1809 1809 7070 7069
31542 0 28557 35385 35385 30277 30275
5421 1 33580 2 2 3 2
8378 1 15959 2 2 2 2
35680 0 16547 54 54 363 358
4601 1 1480 4 3 3 2
23297 1 23798 5144 5143 1745 1742
36430 1 11632 2 2 4 2
7798 1 10220 3 2 2 2
23291 0 7798 12130 12130 22057 22054
9868 0 9017 2 2 15 4
14301 1 22543 2 2 4 2
9933 4 37354 185 185 477 477
12205 1 12204 2 2 4 2
24146 0 17669 8846 8846 20551 20549
28393 0 1434 10 10 195 134
18831 4 28393 1337 1335 57 57
36594 0 1434 6 6 131 71
26925 0 1434 3 3 67 8
18116 4 1434 7 2 3 3
21358 1 8040 13 12 28 24
12579 1 8040 4 2 5 2
33003 0 10761 4767 4767 1408 1408
23374 0 739 188 188 224 221
32479 1 37820 4 2 2 2
2181 8 30733 111 108 1 1
15394 1 32040 4 2 3 3
28746 1 24321 5 2 3 2
28746 1 16782 4 2 3 2
37839 0 2110 16 16 623 432
38849 0 2110 8 8 241 55
9193 0 2110 5 5 347 159
20494 0 2110 22 22 470 280
38709 0 2110 21 21 223 38
30037 0 2110 17 17 797 605
36409 0 6991 1513 1513 15274 15266
36409 1 20042 4 3 3 2
39061 0 914 10 10 24 18
24739 5 914 58 58 28619 28326
40612 5 914 19 19 21874 21582
14021 5 914 4 4 366 83
22854 5 914 2 2 374 90
40047 5 914 3 3 358 76
4847 5 914 1 1 278 3
25072 5 914 2 2 284 6
7476 5 914 37 37 6547 6257
792 5 914 1 1 264 2
914 1 19506 2 2 3 2
8543 1 28419 2 2 4 3
4324 4 13072 27 13 7 7
3407 0 643 121 121 279 273
3855 1 643 10 5 7 5
37188 1 1558 2 2 7 2
40712 0 1558 1753 1753 36235 36221
26674 0 1558 3 3 720 707
30420 0 22047 4014 4013 9024 9023
35704 4 40572 15508 15508 10821 10821
37073 2 7 1 1 38 3
8520 1 5407 3 2 2 2
30398 5 5407 2 2 68 43
11562 0 9512 10701 10701 14301 14300
40684 0 9512 2939 2939 28216 28214
11780 1 18482 3 2 3 2
2837 0 36460 57 57 512 509
33600 0 2837 1588 1588 30549 30544
40573 0 11043 2153 2153 13731 13709
40574 0 11043 3981 3981 34326 34303
21093 0 11043 41 41 917 896
40497 0 85 21 21 7409 7164
1958 0 85 9 9 1482 1242
39304 0 85 35 35 826 590
30762 0 85 11 11 987 750
8844 0 85 3 3 281 48
24944 0 85 31 31 1687 1446
40402 0 85 20 20 1398 1159
5552 0 85 19 19 2770 2528
1522 0 85 60 60 8782 8536
37844 0 85 12 12 1024 786
40665 0 85 1407 1407 24995 24748
5115 0 85 78 78 3552 3308
28159 0 85 6 6 444 209
85 0 12888 3 3 101 92
31425 1 15729 3 2 4 2
12042 1 1777 3 2 3 2
12042 0 8268 318 318 1465 1458
18518 1 14006 2 2 2 2
23766 5 7293 10 8 10 9
15279 0 23766 20 20 58 58
33175 0 5978 3273 3273 25416 25394
15358 1 15357 2 2 2 2
16701 0 1677 17 17 702 646
13 0 1677 26 26 246 191
30757 0 1677 2197 2197 15741 15682
7419 1 5076 2 2 6 2
27444 1 17724 3 2 4 3
294 1 18895 4 2 4 3
40575 0 22039 25880 25880 38715 38711
31455 0 1027 2 2 154 5
16597 0 1027 3 3 162 11
40576 0 40452 7560 7560 34475 34475
35090 0 17121 31 31 2173 2171
19086 6 21626 6 2 5 2
7887 1 7886 2 2 2 2
34521 6 37498 54 54 8 8
12662 1 40577 17115 17109 7420 7420
40577 1 12662 7656 7656 14936 14930
39496 1 16365 14238 14238 19270 19270
16365 1 39496 19811 19811 15437 15437
11479 1 5180 4 3 4 2
956 1 5180 3 2 7 2
12458 6 16563 25 22 8 7
12921 1 25846 11 3 4 3
36880 4 37832 1979 1979 1330 1330
877 1 14090 69 64 10 9
14090 1 877 10 9 71 66
8082 0 81 2 2 47 2
2497 1 13459 2 2 2 2
31712 0 2497 81 81 2539 2443
25460 0 2497 15 15 3849 3752
30267 0 2497 33 33 2376 2281
14684 0 2497 11 11 2280 2186
15327 0 284 19 19 224 7
32738 0 284 65 65 255 33
7747 0 284 12 12 222 6
23048 0 284 4 4 241 22
36041 0 284 11 11 250 29
38651 0 284 5 5 368 144
13843 1 13842 2 2 2 2
38649 1 19488 27093 27093 27548 27548
21810 0 2687 2 2 36 3
5646 1 5645 6 3 7 3
5184 1 28989 3 2 2 2
16262 0 16080 7 7 167 164
16080 0 314 3 3 45 39
38255 0 18636 22 22 26 25
16914 1 1218 2 2 4 2
11597 1 2084 3 2 3 2
26872 0 11597 2 2 5 4
38264 0 1629 4 4 24 14
15932 0 1629 3 3 31 20
14940 0 1629 5061 5061 9931 9918
23686 1 7865 2 2 4 2
40578 0 971 2008 2008 18451 18447
4933 0 1287 35 35 326 287
17077 1 1287 3 2 6 3
21855 1 1287 3 3 5 3
2477 9 9034 2 2 5 4
9035 1 9034 3 2 4 2
9452 0 16895 1680 1680 2587 2586
15534 4 27189 844 843 1045 1045
15549 0 5198 9 9 679 659
29419 1 23228 5 2 4 2
29419 1 16566 4 2 3 2
29983 1 29419 2 2 3 2
8761 0 9048 4 4 197 182
16341 0 9048 55 55 10814 10794
18043 1 6871 131 130 493 491
14676 1 15857 3 2 3 2
4402 1 31378 2 2 2 2
1144 1 9716 2 2 2 2
20128 4 19080 23 19 2 2
20128 4 32553 6 3 2 2
40579 0 33801 24693 24693 39861 39861
39697 0 33801 13310 13310 40266 40265
10515 1 20545 5 2 3 3
10515 1 23161 2 2 3 3
20152 1 10916 6 3 3 2
15078 0 1542 75 75 6993 6972
3408 6 8332 90 15 2 2
3408 6 33157 84 10 3 2
3408 8 40605 34520 34453 11 11
3408 4 1256 10 10 8 8
22973 6 8518 361 361 160 159
15512 6 8518 27 24 2 2
37981 1 37980 2 2 2 2
36402 6 38419 68 68 96 96
35889 0 1222 141 141 251 239
1630 4 3954 46 41 5 5
27378 5 2295 3 3 116 18
16787 5 2295 4 4 203 104
2295 0 20085 44 44 40 38
2674 1 25490 6 2 2 2
2674 1 37183 8 2 2 2
31859 5 11873 1084 1084 20217 20213
18301 1 11873 3 2 4 2
3961 4 38195 22 20 2 2
10495 0 65 10 10 83 72
19204 0 65 4 4 33 23
29854 0 65 3 3 21 12
4387 0 16744 65 65 142 139
14355 2 1137 1 1 101 2
31617 2 1137 1 1 106 2
10756 2 1137 1 1 99 2
23780 2 1137 1 1 108 3
19983 2 1137 1 1 105 2
20239 2 1137 1 1 129 23
40735 2 1137 302 302 22806 22698
3870 6 7609 29 23 4 4
12556 0 3870 646 646 1013 1007
1226 4 6870 42 19 7 7
23617 4 1226 231 229 5 5
6870 4 29653 1677 1677 1038 1038
2536 1 11404 11 6 3 2
2536 0 5973 885 885 1743 1739
12282 1 7778 2 2 2 2
40580 0 22983 24001 24001 39165 39163
12754 0 184 40 40 327 33
2752 0 184 9 9 298 10
30560 0 184 9 9 302 13
31172 0 184 19 19 439 143
36649 0 184 38 38 610 312
39598 0 184 29 29 387 92
29336 0 184 8 8 680 381
3249 1 9317 4 2 2 2
20805 0 11858 5171 5171 11036 11029
40593 0 11858 8654 8654 29758 29750
11617 1 36457 4 3 2 2
11617 1 3182 5 3 2 2
3060 0 11617 2 2 9 4
40581 0 12650 4643 4643 9636 9615
11149 6 40581 16469 16445 2568 2568
785 8 11138 8028 7576 11 11
785 8 40710 39131 38660 61 61
785 8 36327 35630 35161 79 79
785 8 39015 36752 36282 26 26
785 8 38312 6833 6383 42 42
785 8 27403 4903 4455 3 3
785 8 1422 529 86 1 1
785 8 22169 29909 29444 93 93
785 8 30680 11334 10878 5 5
785 8 37209 32606 32139 4 4
785 8 24124 10580 10125 3 3
785 8 25693 8263 7810 13 13
785 8 446 902 458 1 1
785 8 21727 6330 5881 7 7
19992 0 27240 103 103 82 80
6448 0 20717 7 7 27 17
5058 1 6448 2 2 2 2
21155 1 6448 2 2 3 2
40663 0 6448 2818 2818 10452 10447
40582 0 6644 2152 2152 33473 33463
35177 1 298 2 2 2 2
6700 0 2052 7 7 27 25
15310 1 13032 8 2 4 2
20936 1 17024 5 2 2 2
7054 0 20936 22976 22976 36331 36330
39068 0 5731 37076 37076 40118 40118
40583 0 290 1459 1459 30065 30019
8787 0 290 30 30 1428 1384
28170 5 290 6 5 34 11
27556 5 290 58 58 5011 4987
4123 1 290 4 2 3 2
2858 4 290 1230 1197 237 237
38753 0 16960 16 16 281 276
29292 1 20260 3 2 3 2
7491 1 3611 2 2 2 2
10450 4 40584 10310 10304 8014 8014
40584 0 427 4462 4462 30475 30402
7966 0 9605 9 9 79 76
32027 0 12798 992 992 546 546
32795 1 1063 2 2 2 2
2920 1 17874 6 6 2 2
2920 1 4427 7 6 5 3
129 1 4427 4 3 8 3
32885 0 13252 426 426 3239 3235
16493 0 20467 27 27 57 57
40585 0 38674 12513 12513 36159 36159
34 3 10832 37 37 40 40
8982 1 26420 2 2 4 3
2675 0 965 12 12 286 254
16821 0 965 2 2 33 2
17630 0 9068 157 157 16512 16509
18501 6 11746 78 78 102 102
18495 0 17922 5929 5929 33055 33054
17278 2 7488 4 2 7 4
2499 1 13511 2 2 2 2
36662 1 17710 2 2 2 2
36331 1 19237 2 2 5 2
18045 1 1998 7 5 8 3
3130 1 4954 7 4 9 2
13102 0 24336 3 3 8 6
271 8 28240 284 273 25 25
271 6 40624 31586 31558 2894 2894
12111 0 13254 116 116 3657 3647
19649 0 13254 301 301 7857 7846
10494 0 20781 16120 16120 40521 40518
5360 1 23897 2 2 3 2
23898 1 23897 2 2 2 2
17935 1 2212 9 5 2 2
9847 3 26719 25082 25074 7613 7613
33866 9 23829 2 2 2 2
40586 0 19015 795 795 19775 19761
40713 0 19015 639 639 11424 11411
22702 0 16200 8 8 11 9
3541 1 20787 2 2 4 2
6267 1 20787 2 2 3 2
24216 1 1742 2 2 3 2
1742 0 2571 1089 1089 1080 1078
9291 0 4466 13 13 512 511
3600 0 2216 4 4 15 9
29682 1 6044 4 2 4 2
40587 0 17191 10905 10905 36389 36386
16309 3 31279 8 3 3 3
40588 0 10342 37096 37096 18063 18062
15741 5 2786 19 19 593 581
2786 1 31467 2 2 2 2
22083 6 37406 772 771 145 145
27641 1 17450 2 2 2 2
5520 1 6140 3 2 4 3
37977 0 4550 7 7 131 37
22986 0 4550 23 23 695 598
13964 4 20032 423 410 5 5
20032 4 22514 239 235 380 380
5289 1 2452 5 2 8 4
6078 0 5289 1676 1676 16651 16639
32 4 22428 184 167 70 70
25738 1 1502 4 2 3 2
27499 1 25738 4 2 3 2
11607 6 9604 9059 9058 1465 1465
383 9 6658 3 3 3 2
6658 1 382 3 3 4 2
16197 1 6658 3 2 7 3
24259 0 16169 2078 2078 23276 23241
22335 0 16169 704 704 24576 24540
25952 4 36629 1064 1064 328 328
32112 4 37795 16 16 7 7
20499 0 1592 6 6 23 18
19836 0 4030 3 3 110 84
3908 1 31477 3 2 2 2
7874 4 13716 550 522 26 26
10974 4 38608 233 231 27 27
1018 1 7659 2 2 6 2
7144 4 24030 127 125 24 24
12048 4 7144 34 27 3 3
5500 1 21297 8 3 4 3
5500 0 9200 205 205 52 52
27615 0 5220 5 5 37 25
19850 1 2151 4 2 3 2
16779 1 16998 2 2 2 2
10771 4 10410 126 122 9 9
10771 4 21127 108 105 19 19
12627 0 21127 6 6 99 96
40589 2 1646 6495 6495 40335 40292
32664 5 774 1 1 134 2
30156 5 774 1 1 139 2
27981 5 774 1 1 136 2
13550 5 774 1 1 123 1
21966 5 774 1 1 120 1
19088 5 774 4 4 201 63
27383 5 774 1 1 127 1
17731 0 774 26 26 47 37
21818 6 37463 7811 7809 194 194
10205 0 11093 2924 2924 29529 29506
36918 0 11093 95 95 10943 10922
2974 0 11093 1432 1432 19983 19961
13543 0 11093 12 12 303 283
14057 0 7284 4567 4566 1969 1969
7284 1 1156 5 3 6 2
3972 7 20913 9518 9440 2 2
3972 7 40458 3615 3538 2 2
36867 0 8952 20436 20436 6615 6615
39341 4 7922 2483 2483 97 97
9031 4 34522 126 107 11 11
9031 4 36372 27 10 2 2
9031 4 22734 244 224 21 21
40590 0 27411 27695 27695 38816 38814
5334 0 8355 52 52 13440 13416
8355 0 37159 842 842 806 806
29370 0 32370 245 244 206 205
38392 0 2833 963 963 16775 16759
17123 1 22282 2 2 3 2
11931 1 23210 3 2 2 2
3929 1 6637 11 2 3 2
39809 0 15772 2 2 7 7
3014 1 16068 2 2 2 2
5872 1 17690 4 2 3 3
38213 0 13538 1735 1735 13848 13842
15641 1 27635 4 2 3 3
33238 2 955 17 16 134 122
5920 0 30694 3343 3343 4438 4437
14280 1 5920 7 2 9 3
15530 0 4225 38 38 75 75
28112 0 19783 19 19 45 42
31385 0 19783 26 26 172 168
1220 0 19783 1150 1150 3428 3423
15603 1 15 5 2 3 2
15 1 5976 4 3 3 2
4744 1 27814 6 2 3 2
26459 0 12430 429 429 2964 2961
12430 1 4066 5 2 3 2
9361 1 26566 3 2 3 3
4323 1 10025 5 2 5 3
30746 0 4323 2994 2994 28475 28474
21869 4 16617 83 82 34 34
26942 1 31134 2 2 2 2
12877 0 4127 14 14 44 41
9331 0 9481 2431 2431 15168 15167
11045 1 10096 5 3 3 2
18526 1 6001 2 2 2 2
6002 1 6001 2 2 3 2
4984 1 3637 3 2 2 2
33272 5 4984 37 37 581 575
40591 0 2215 3471 3471 34338 34332
26189 0 15682 2154 2153 1602 1601
8657 6 18527 8693 8693 12880 12880
2095 0 4792 22 22 40 36
17447 0 4792 20 20 13 10
32551 0 7192 3372 3372 34226 34206
727 1 7192 6 3 4 2
38904 1 15390 73 73 2157 2156
38713 1 6445 3 2 5 3
36718 0 38713 82 82 305 305
21331 0 14398 210 210 227 226
1671 0 8078 3 3 32 20
16941 6 5249 1 1 2 1
34019 0 7149 1053 1053 14794 14756
18807 1 18806 6 3 2 2
16369 1 3715 2 2 3 3
18079 1 16369 2 2 4 2
26616 0 24680 319 319 2195 2193
26616 1 11969 4 3 5 5
36080 0 34647 12546 12545 1502 1502
9970 1 22186 5 3 3 2
21084 4 35872 7 5 2 2
38715 0 5011 2 2 29 20
4226 0 11100 171 171 5232 5215
18612 4 33719 239 218 38 38
40592 0 3742 9722 9722 40581 40558
40481 0 4992 1435 1435 39590 39588
39479 0 28777 318 318 681 681
1650 1 40174 15474 15467 6659 6659
1650 1 1311 7 2 3 2
1650 0 21879 9921 9921 37452 37452
16394 1 1650 24382 24382 33176 33168
9761 0 1650 13 13 57 53
7968 0 239 46 46 2748 2496
7968 1 11878 2 2 2 2
3491 0 239 47 47 529 283
40419 0 239 116 116 4091 3837
17572 0 239 90 90 2187 1937
134 0 239 9 9 395 150
40620 0 239 779 779 28828 28564
5037 0 239 119 119 2359 2108
23341 0 239 1204 1204 22948 22685
30294 0 239 7 7 1229 982
11839 0 239 16885 16885 36958 36691
38423 0 5720 21858 21857 36477 36469
36383 0 6139 7801 7801 39727 39720
23143 1 19335 6 2 2 2
6619 1 23143 2 2 4 2
2002 0 19290 2179 2179 21762 21762
2033 1 10164 3 2 2 2
34032 0 13475 113 113 809 807
34006 1 34291 2 2 2 2
1920 4 13057 58 5 1 1
1920 4 14332 89 35 2 2
1920 4 17214 133 77 2 2
1920 4 20671 122 67 2 2
4419 1 1849 8 3 2 2
4419 1 8002 7 3 4 2
32151 5 11426 2 2 17 7
18951 4 31532 355 347 68 68
18951 4 32437 36 29 4 4
30591 0 49 2 2 16 5
3608 4 24144 728 702 30 30
3608 4 19987 227 203 5 5
3608 4 751 580 555 27 27
17073 1 4982 2 2 4 2
30457 0 3668 530 529 12053 12046
13681 4 18265 51 45 19 19
13681 4 39987 79 72 3 3
18301 5 1981 10 10 2622 2568
40455 0 26054 9489 9489 40823 40821
9094 1 352 3 3 5 2
352 1 26517 46 37 26 24
18661 1 12085 3 2 2 2
15620 4 22311 269 263 27 27
33409 0 22311 58 57 306 305
1258 1 1257 2 2 3 2
1258 1 7835 3 2 4 3
7440 9 35492 2 2 2 2
40594 0 32069 38904 38904 40150 40150
4292 1 4291 7 2 2 2
13227 1 13641 6 4 6 5
13227 1 540 4 3 7 5
12002 1 7957 4 3 4 3
40595 0 26503 23552 23552 36906 36906
40596 0 16944 6701 6701 37526 37521
16944 1 16943 2 2 5 3
13138 1 13137 4 3 4 2
23155 0 3062 15 15 63 52
40600 0 3062 1880 1880 24265 24253
13408 5 2064 4 4 64 40
2652 1 15263 5 2 3 2
606 1 31605 2 2 2 2
27110 0 11322 858 858 485 482
9199 1 6691 5 4 5 2
6691 1 35867 2 2 2 2
15253 1 22571 3 2 4 2
22571 1 16934 8 4 2 2
12011 0 9758 20 20 850 831
12011 1 4723 2 2 4 2
27410 0 9758 47 47 1653 1633
11818 1 12928 3 2 3 3
14656 1 11818 3 2 4 2
16439 0 3281 4739 4739 11350 11347
3281 1 5769 4 2 5 2
23498 1 35393 2 2 2 2
12469 0 15650 6 6 6 5
19415 4 36359 34 29 2 2
19415 4 9039 106 100 7 7
15564 1 25098 4 3 3 2
29421 2 28324 40521 40520 13879 13879
4753 0 1271 16 16 85 77
403 1 1271 4 2 6 4
26741 1 17064 5 2 3 3
31116 1 29683 2 2 3 2
31116 1 10855 8 7 9 8
11565 0 19217 36 36 201 200
10666 1 2269 2 2 4 3
38441 0 610 6 6 48 14
40747 0 610 12469 12469 39775 39738
38589 0 610 33 33 2141 2105
39062 0 610 61 61 299 264
8986 1 27775 6 2 3 2
40597 0 1285 43 43 7058 7051
14201 1 22872 5 2 3 2
14201 1 22141 2 2 3 3
17803 0 34579 3 3 7 5
37095 0 34579 2 2 5 4
11611 1 4777 6 4 6 3
20848 1 4777 4 3 7 3
11687 0 11199 15 15 219 201
14407 1 11687 3 2 4 2
2991 1 29472 2 2 2 2
13950 0 13637 6 6 18 13
21726 0 13637 5 5 13 9
23452 0 27533 10841 10841 28884 28882
6739 1 1414 3 2 4 2
11097 1 1414 4 4 13 2
1379 9 8161 2 2 2 2
35420 1 23199 2 2 4 2
23199 1 8758 2 2 3 2
39781 4 29034 33 33 5 5
24328 1 26984 2 2 4 2
27592 0 883 40 40 789 566
26057 0 883 70 70 589 369
35017 0 883 27 27 740 518
31955 0 883 7 7 249 35
14966 0 883 14 14 487 269
11358 1 11357 3 2 2 2
21577 1 19963 3 2 4 3
28849 6 1609 213 210 24 23
1609 6 8263 40 34 6 6
8531 0 14081 61 61 382 371
28503 1 28407 2 2 2 2
39294 0 17478 206 206 6625 6621
40598 0 2348 8999 8999 23174 23172
23960 0 13199 175 175 1320 1317
399 1 398 5 2 3 2
24160 0 6684 19 19 47 44
40599 0 11712 37385 37385 36968 36967
18982 0 5876 30 30 70 68
18213 1 5876 31 29 27 27
5876 1 18213 28 28 31 29
34510 4 19961 5 3 2 2
30259 1 21208 5 2 2 2
17577 4 34771 11 11 6 6
30657 1 2445 3 2 2 2
19374 4 10501 1718 1718 65 65
26690 6 38361 69 68 42 42
5142 6 18018 561 546 231 231
8335 6 5142 93 82 10 9
7831 0 21055 23 23 147 143
27907 1 14404 9650 9649 23228 23226
14404 1 27907 23371 23369 9632 9631
1175 0 14404 32 32 35 33
25106 0 38339 31847 31847 40504 40504
7779 1 33053 3 2 2 2
4104 1 7779 2 2 2 2
7006 0 36034 352 351 477 475
35113 9 26863 2 2 3 3
12815 4 20100 51 30 2 2
9564 1 1329 2 2 6 3
21276 0 3984 11477 11477 40880 40870
1652 0 3984 953 953 28903 28894
3625 0 4435 61 61 207 204
31367 0 4435 9 9 192 190
30581 1 16682 2 2 3 2
36064 5 2176 346 346 26998 26893
99 5 2176 2 2 159 60
9641 5 2176 6 6 275 173
16171 5 2176 129 129 30877 30771
26128 5 2176 1869 1869 38308 38201
1908 5 2176 3 3 143 45
10424 5 2176 5 5 260 159
2176 1 11120 2 2 2 2
10 4 8672 106 101 5 5
4643 6 5961 194 188 70 70
16211 1 18929 2 2 2 2
4844 1 15639 3 2 8 3
21835 1 36257 2 2 2 2
32931 2 5970 518 517 851 846
19745 1 2237 5 2 3 2
10276 0 5907 9 9 21 18
20837 1 9151 2 2 3 2
15147 0 1938 2 2 28 22
18040 0 11068 44 44 33 20
5173 4 23709 325 320 32 32
15430 6 9646 899 898 19 19
15430 4 3544 33 17 4 2
1388 1 20463 2 2 2 2
39201 0 10557 3 3 14 6
4701 6 6142 167 167 37 37
39620 5 4701 1 1 23 1
17538 5 1819 6 6 601 560
14012 1 8954 5 2 5 2
5148 4 21781 1435 1435 1534 1534
22752 1 11878 6 3 4 2
26368 1 8800 2 2 2 2
24546 9 793 2 2 2 2
33697 0 1749 22 22 855 841
12548 1 7959 2 2 2 2
2170 6 36952 521 493 14 14
2170 6 1435 192 166 5 5
2170 6 17789 419 392 33 33
40628 0 2170 4967 4967 34083 34061
11745 1 17019 3 2 4 2
1914 6 18394 84 61 110 110
1914 8 19753 1513 1503 168 168
4058 0 9924 60 60 1385 1378
37876 0 4058 38 38 73 63
8628 0 14367 141 141 496 491
8628 3 14961 8246 8244 983 983
39060 0 9003 5186 5186 8020 8020
23809 0 3362 719 719 30765 30712
18746 0 3362 1492 1492 12983 12931
34253 0 3362 76 76 5152 5101
29236 1 35973 4 3 2 2
29236 1 29751 3 3 2 2
1764 1 26830 38 34 9 8
26830 1 1764 8 7 37 33
40262 4 38717 11 11 16 16
22671 0 21247 2816 2815 5047 5047
9129 4 26293 239 229 6 6
20158 1 33956 2 2 2 2
35386 0 2558 11 10 32 19
35386 1 4810 2 2 3 2
34559 0 2558 9 8 55 41
2101 1 33146 17 9 9 8
2101 1 20147 9 3 3 2
2101 1 15727 4 2 2 2
34312 6 40486 3581 3581 2266 2266
2381 6 39759 540 534 29 29
34198 0 4847 30 30 4604 4574
38741 0 4847 13 13 54 25
26334 1 17027 5 2 2 2
26334 1 11324 4 2 3 2
4277 0 4056 430 430 3662 3659
11573 0 4056 1797 1797 15310 15306
24326 1 19636 5 3 3 2
37944 0 6042 5 5 2290 2280
6042 0 11666 2 2 19 2
40749 0 24944 36503 36503 31649 31648
8498 1 7256 5 3 4 2
16881 1 9338 3 2 5 3
25360 1 30394 2 2 2 2
16533 1 457 2 2 3 2
16533 1 5139 6 3 6 2
5139 1 20874 5 2 2 2
113 6 26801 31 29 9 8
18225 4 31949 87 85 6 6
31096 0 26764 27010 27010 29926 29926
23445 1 20144 2 2 2 2
1322 6 37390 468 457 146 146
35223 0 31661 114 114 2156 2152
6083 4 7925 87 87 17 17
36842 0 4161 3 3 198 171
40673 0 4161 16856 16856 36075 36046
17498 1 21619 4 2 2 2
17498 1 1654 5 2 3 2
39970 0 3052 55 55 3616 3615
25857 0 28155 3 3 8 8
35205 0 10662 4 4 16 10
3104 0 10662 1844 1844 3370 3363
27896 6 40601 13917 13916 10800 10800
4359 1 21993 4 2 5 2
28307 0 21993 64 64 480 479
40602 0 300 270 270 14471 14366
21701 0 300 167 167 4215 4112
18354 0 300 415 415 23082 22976
7446 0 300 112 112 6638 6534
40703 0 300 8970 8970 36871 36764
21213 1 25178 3 2 2 2
11884 9 3041 5 4 3 2
9796 4 30359 74 71 6 6
4764 1 21744 6 3 2 2
13887 1 1866 4 2 2 2
13675 1 13726 3 2 2 2
27185 1 27184 2 2 3 2
29913 0 959 4 4 70 40
21128 0 959 4 4 37 8
30482 5 985 9 9 415 348
6067 5 985 4 4 142 77
12898 5 985 10 10 715 647
33867 0 985 102 102 1051 1046
19990 0 985 11 11 73 69
6754 1 35743 2 2 2 2
12952 0 38827 93 93 44 44
16576 1 38827 4 2 3 3
1678 7 27909 266 35 1 1
1678 7 17606 321 83 1 1
1678 7 34411 271 39 1 1
1678 7 38159 275 42 1 1
1678 7 33433 317 80 1 1
10710 1 38566 2 2 2 2
23757 2 2023 1 1 70 21
8705 2 2023 9 9 1069 1016
2286 2 2023 2 2 49 1
7964 3 1791 6 5 7 4
5580 0 3139 9646 9646 25533 25525
19705 6 7282 2772 2771 2916 2916
11170 1 15337 6 2 4 3
22652 4 28628 39 39 11 11
40603 0 5178 1105 1105 30935 30904
40753 0 5178 2964 2964 22937 22908
5607 1 5839 3 2 4 2
27112 0 5607 1623 1623 12647 12641
40604 0 3773 13623 13623 16065 16065
23502 0 3591 26 26 1813 1807
3591 1 23828 5 2 6 4
3591 1 4974 4 2 8 5
13512 1 11627 2 2 3 2
11627 0 32691 4283 4283 20102 20102
40605 0 7851 11143 11143 35288 35288
40536 0 2861 5757 5757 24922 24913
18541 6 29772 39 39 37 37
17171 1 14314 3 3 3 2
6430 1 1025 6 2 4 2
33808 0 12168 51 51 395 359
4680 3 30046 800 799 1519 1519
4680 1 4679 2 2 2 2
26874 1 21974 4 2 3 2
40606 2 9677 4022 4022 25693 25693
13297 4 19277 367 367 27 27
871 1 6778 3 2 6 2
6778 1 18012 7 2 4 2
3278 1 37105 2 2 3 2
40607 6 7316 5677 5677 22142 22141
40607 6 2974 23269 23268 26922 26922
39590 2 17930 4 1 8 1
35134 1 29177 2 2 2 2
37759 4 33633 122 122 19 19
18141 0 20337 2782 2782 17750 17744
25756 0 18141 39667 39667 21976 21976
31924 0 2137 3 3 55 43
16768 1 3527 4 3 2 2
15053 1 25331 6 4 4 2
2951 1 25331 4 2 2 2
26706 8 17041 94 86 81 78
26404 4 38397 367 367 233 233
40608 0 11269 8407 8407 29330 29328
570 4 37732 205 203 228 228
9157 2 17319 5 4 12 8
16875 1 3343 4 2 6 2
9424 9 9423 3 3 2 2
9424 9 30295 6 5 6 5
30295 9 9424 6 5 7 6
28528 2 1425 77 76 177 156
40661 2 1425 495 495 25422 25400
16252 0 2071 10 10 105 84
8344 1 23341 2 2 2 2
23784 1 34483 2 2 2 2
7763 1 7762 4 2 2 2
30165 5 860 1 1 72 3
17944 5 860 112 112 13675 13602
9290 5 860 13 13 7136 7065
15462 1 30636 2 2 2 2
35232 1 35821 2 2 2 2
25564 0 8404 7 7 1546 1528
33907 0 24173 5587 5587 39172 39171
26592 0 8194 3 3 8 6
483 0 8194 214 214 1040 1037
9566 1 3309 3 2 2 2
40609 0 27148 6488 6488 34868 34864
40718 0 2951 20342 20342 38852 38851
11761 1 12999 6 3 3 2
26237 1 26236 3 2 2 2
24009 6 38249 2 2 8 8
38964 6 24009 38 35 4 4
3708 0 9694 1128 1128 8302 8299
40610 0 22619 10982 10982 37349 37343
25185 1 32634 2 2 2 2
40611 0 12710 2330 2330 35121 35118
5005 9 12710 7 6 6 5
7711 4 13896 349 341 39 39
21444 0 1668 32 32 181 112
17426 0 1668 27 27 555 485
38358 0 1668 125 125 8911 8839
5746 1 1668 3 2 3 2
26493 0 228 10 10 1192 1119
40675 0 228 46 46 5433 5357
22038 0 228 160 160 9300 9223
12895 4 10906 1383 1381 45 45
40453 0 10316 2 2 33 25
112 6 11189 59 13 2 2
3830 1 905 2 2 2 2
708 1 707 4 3 3 2
22664 1 9804 2 2 3 2
36523 0 4686 5009 5009 32369 32369
35422 0 10385 24311 24311 37245 37243
30775 4 5073 7956 7956 5680 5680
5073 1 5072 2 2 2 2
10680 6 18425 294 293 982 982
15029 1 11029 4 2 4 2
38345 0 7537 25941 25941 36967 36966
350 4 38228 167 164 122 122
10620 0 1244 11 11 301 20
40677 0 1244 7795 7795 38797 38505
33735 0 1244 16 16 405 119
15016 0 1244 19 19 447 160
29065 0 1244 5 5 572 282
15149 0 1244 11 11 477 188
16145 0 1244 9 9 377 92
10903 0 1244 6 6 281 4
4345 0 1244 4 4 278 2
30266 0 1244 21 21 363 80
36703 0 1244 11 11 290 10
19553 4 9540 55 55 28 28
450 4 20276 237 219 65 65
21982 4 450 102 96 3 3
37161 1 14121 2 2 5 4
20816 1 14121 3 2 4 4
11305 0 14274 28 28 359 353
12347 9 39027 2 2 2 2
17462 6 8373 1238 1222 422 422
17462 6 38751 1067 1052 102 102
11067 1 10029 2 2 3 2
5221 1 11848 2 2 2 2
6901 1 3580 3 3 2 2
15047 9 3513 7 4 10 8
3513 1 12072 8 4 7 3
19227 0 8492 26551 26551 39952 39949
12728 4 4840 1610 1601 23 23
12728 4 40336 2133 2123 117 117
1053 1 5405 2 2 2 2
1053 0 507 2085 2085 26178 26161
523 6 11110 31 4 21 20
34511 0 17252 17 17 67 55
11212 1 11211 3 2 2 2
8644 1 17442 5 2 2 2
40700 0 8644 108 108 15160 15148
19547 0 23405 143 142 1068 1058
3994 1 3993 10 5 5 2
31541 0 27211 34316 34316 36870 36868
36276 0 3679 3 3 23 13
40613 0 3721 3052 3052 11721 11685
14007 0 34084 29 29 83 79
26371 0 12250 9 8 16 14
28054 5 12250 123 123 5954 5941
39517 2 40614 32828 32827 1873 1873
40614 0 621 15856 15856 38396 38394
6014 0 1641 449 449 6027 6021
4778 0 1641 119 119 1470 1465
12527 1 31620 3 2 3 3
24997 4 4731 6889 6889 20434 20434
36026 0 2392 18807 18807 24735 24734
37802 0 2392 152 151 116 116
4182 4 2884 21 10 2 2
4182 4 36637 110 98 12 12
36637 0 1378 4 4 68 9
38852 1 36779 2 2 3 2
7696 0 251 2 2 202 148
28258 0 251 4 4 205 150
39711 0 251 3 3 1401 1345
24111 1 24110 2 2 2 2
40306 0 18126 406 406 40902 40893
12124 1 12123 3 3 3 2
15913 5 4475 2 1 18 1
19517 0 15913 6 6 36 32
4475 0 3779 68 68 1004 951
39636 0 19687 25762 25762 36623 36622
11271 1 27213 3 2 4 3
11271 1 32517 9 2 3 2
32517 1 8906 3 2 8 3
24608 4 30747 19 17 4 4
23217 1 24399 2 2 2 2
29094 0 19267 47 47 617 615
3498 1 449 2 2 2 2
449 0 18847 7554 7554 11701 11701
17435 1 8639 4 3 3 2
37239 2 1136 2 2 670 599
40615 0 34949 9310 9310 34004 34003
36310 0 13741 37 37 1268 1261
36310 1 33374 2 2 2 2
19988 0 5541 148 148 1606 1595
3478 1 3477 2 2 2 2
39338 0 2342 90 90 162 158
37502 2 2524 21 20 128 85
38205 2 2524 3 2 43 2
2714 8 39449 59 41 1 1
2714 8 36914 34016 33996 140 140
2714 8 10915 24881 24862 84 84
10239 1 23646 4 3 4 2
6491 4 33367 805 803 50 50
8572 1 2319 3 2 8 3
2203 1 3505 7 3 6 4
2203 1 2202 8 3 4 3
7534 1 2203 4 3 5 3
4312 9 1881 2 2 2 2
1881 1 32034 3 3 3 2
22224 2 6577 9 9 316 263
37828 2 6577 10 10 2326 2271
34631 2 6577 7 7 429 375
18135 3 961 20 18 26 25
18135 3 20631 4 3 3 2
20631 10 24127 2 2 3 3
26739 0 18996 119 119 6152 6144
26740 1 26739 2 2 2 2
40616 0 37405 14569 14569 14680 14679
32555 1 16514 2 2 3 3
57 1 14678 8 2 4 3
1750 1 14678 5 2 2 2
14678 3 3713 4 2 4 2
14678 3 24654 7 4 10 5
40617 0 20218 26247 26247 38518 38513
13411 1 23555 6 3 5 3
5505 0 11298 735 735 3137 3134
5505 3 11131 4 2 8 4
19316 0 4045 4361 4361 14945 14944
4899 1 9805 4 2 3 2
21273 4 25459 9 1 1 1
30787 0 1897 493 493 24392 24317
30787 1 8109 3 3 3 2
40728 0 1897 916 916 35887 35811
17481 0 1897 601 601 20359 20286
40740 0 1897 466 466 22306 22232
4621 1 4620 2 2 5 2
14843 0 23268 5 5 215 211
12016 1 12015 2 2 2 2
19364 1 19363 2 2 2 2
40432 0 5164 116 115 1415 1406
34663 2 34482 3996 3996 1843 1843
4270 7 27605 826 787 1 1
4270 7 39989 112 74 1 1
24865 1 29189 2 2 2 2
10074 0 7611 20 20 175 165
30125 4 21696 2127 2126 139 139
5262 6 1060 6315 6312 15727 15727
4252 1 4251 2 2 5 2
22399 1 16355 272 272 363 358
40351 0 23777 1926 1926 17689 17689
28134 0 25797 2 2 2 2
36095 0 17496 1457 1457 1305 1304
40618 0 20146 37729 37729 38476 38475
11641 3 6465 29513 29508 9418 9418
17723 1 36872 4 3 2 2
40243 0 9712 776 776 252 248
31655 6 23676 8 5 2 2
7363 1 9383 2 2 5 2
927 1 19126 3 2 2 2
18550 1 11874 6 2 6 2
6872 1 17571 4 2 3 2
22182 1 3015 5 3 4 3
31726 0 2708 2 2 47 21
10510 1 31299 4 2 3 2
10510 1 11468 3 2 2 2
5637 0 14019 135 135 794 782
37295 0 5637 1137 1137 7144 7126
40651 0 14019 980 980 26410 26397
19127 0 32193 18078 18078 36710 36708
40619 0 17352 6758 6758 23461 23461
18931 1 7658 3 2 2 2
24917 1 24916 2 2 2 2
14958 0 8926 18664 18664 40756 40753
2199 0 12062 20 19 105 101
37781 4 33570 24 24 7 7
2638 1 13670 6 2 5 2
4988 6 37733 56 55 57 57
7538 0 2453 26 26 6467 6416
6470 0 2453 358 358 10311 10258
3450 0 2453 186 186 7755 7703
23404 1 36206 2 2 2 2
18078 1 18077 2 2 2 2
12966 4 7733 4 3 3 2
2725 6 35944 292 289 414 414
2725 6 38746 1823 1819 276 276
6374 1 6373 4 2 3 3
18028 4 23156 17 15 3 3
27874 1 9022 3 3 3 2
7520 0 6342 9 9 10 9
26885 1 36088 6 2 3 2
40337 0 3712 991 991 26422 26414
11866 0 2723 134 134 4187 4152
40672 0 2723 117 117 22081 22044
19663 5 5949 80 80 27616 27609
10405 4 39191 106 103 26 26
31833 0 2612 10651 10651 35986 35984
27749 0 2612 3161 3161 20119 20118
36563 6 10574 3 1 1 1
40621 0 17882 27990 27990 31488 31487
6572 1 34940 52 47 5 5
2450 1 6572 3 2 7 3
34940 1 6572 5 5 55 50
11303 0 16874 56 56 956 954
3894 6 39306 258 250 13 12
38351 1 38350 2 2 2 2
221 3 8712 5 3 8 4
8712 3 2533 7 3 3 2
40622 0 140 4096 4096 5061 5055
16189 1 10946 6 5 23 20
22380 1 29033 4 2 3 2
33769 1 969 3 3 2 2
21347 6 28199 442 442 715 715
5013 4 21215 39 38 4 4
40623 0 9319 8374 8374 37176 37174
9319 6 20165 23 19 13 12
22384 1 2522 3 2 4 2
30132 1 32978 2 2 3 3
28058 6 25609 32 26 12 11
4994 1 4993 2 2 2 2
515 0 2507 6 6 29 24
515 1 25909 5 2 3 2
2739 1 8642 3 3 2 2
8991 0 10772 241 241 15734 15722
1796 0 10772 137 137 5701 5691
28422 0 10772 86 86 10342 10331
21206 0 10772 12 12 1615 1606
3799 0 507 4481 4481 23819 23803
3335 4 15150 6185 6181 77 77
28623 1 16535 3 3 3 2
2736 4 39631 114 67 18 18
30472 0 13465 77 77 3866 3865
33343 1 22 2 2 6 4
10950 1 13236 5 2 6 3
2967 1 2966 2 2 6 2
39937 0 7513 1651 1650 373 373
9419 1 9418 3 2 4 2
39013 1 36698 2 2 2 2
29610 1 10919 2 2 2 2
4538 3 20612 24052 24052 2793 2793
30780 0 35793 9519 9519 40060 40059
24724 0 8582 578 578 12692 12684
8582 3 31244 37695 37695 34304 34304
32853 1 1076 2 2 5 2
16397 1 1054 10 6 15 9
1054 1 16397 15 9 11 7
20574 1 20573 2 2 2 2
17492 1 25092 3 2 4 2
38372 5 9152 5842 5842 7980 7976
20274 0 9152 310 310 5265 5264
20264 1 24542 2 2 4 2
18955 0 7329 28 28 161 154
23987 0 4369 38 38 1609 1589
4369 0 3 11 11 276 263
2124 1 1068 4 2 10 8
33595 0 1068 7163 7163 38240 38223
5628 7 37755 136 104 4 3
5628 7 12647 33 2 2 1
3996 1 6728 3 2 9 2
40624 2 8477 21 21 20469 20450
40625 2 1565 51 51 18335 18318
36784 2 1565 22 21 181 165
2962 4 22234 67 37 6 6
2962 4 29412 41 12 6 6
6633 7 36193 3421 3409 2 2
40626 0 614 17407 17407 32322 32319
31835 1 5813 7 6 12 5
25903 0 9834 324 324 19871 19866
16418 0 8858 8356 8356 33383 33371
32204 1 21012 2 2 7 4
36815 4 18543 1418 1418 756 756
5960 1 5959 2 2 4 2
5959 1 20633 3 2 2 2
3186 0 19366 3 3 15 9
34490 0 19366 2 2 7 2
9285 4 3566 90 87 7 7
28491 0 21937 19702 19702 21638 21638
14560 0 3579 63 63 3275 3263
1548 0 13970 33 33 342 335
24781 0 9745 5584 5584 34052 34049
37605 1 10437 2 2 3 2
21783 4 36057 76 70 4 4
39777 0 28386 5 5 2 2
12874 0 25149 16 16 111 106
34886 0 19548 788 788 17312 17311
38549 0 3218 6863 6862 19312 19305
6806 0 3218 11 11 66 60
5707 1 9142 3 2 9 3
21471 0 21813 7 7 44 41
3766 8 8009 65 59 12 9
13145 1 9402 3 2 2 2
17843 0 28399 2648 2648 527 527
40627 0 1666 2737 2737 36717 36706
1666 0 8325 2 2 13 4
654 0 412 15 15 35 28
14956 2 12037 2536 2535 15954 15949
617 6 6774 49 35 14 11
9968 1 9967 4 3 2 2
27085 0 35359 5 5 21 21
1637 1 34420 6 4 3 2
5730 0 36803 2514 2514 6043 6041
838 6 32152 22 14 2 2
23103 0 3276 19 19 182 165
35721 0 3276 28 28 264 246
18987 1 3276 5 2 4 3
40629 0 36565 21077 21077 24397 24396
1164 6 6638 17 12 4 2
34239 9 18569 2 2 3 2
11837 4 28447 13 6 3 3
28130 0 12447 26171 26171 37256 37252
3649 1 31930 3 2 2 2
11584 0 5856 66 66 1285 1259
15608 0 11584 5 5 22 19
33433 0 9304 71 70 510 500
11509 6 13575 5 4 4 4
3459 1 18716 37 26 6 6
28208 1 3459 2 2 10 3
18716 1 3459 6 6 36 25
33370 4 36554 1316 1316 31 31
36554 4 19332 3 3 3 3
28158 1 24705 3 2 2 2
3450 1 13968 4 2 4 4
32129 0 885 11 11 217 210
23550 0 341 9 9 91 85
20836 1 23921 6 2 3 2
23921 1 19782 2 2 2 2
20335 0 25270 2251 2251 2188 2188
32163 4 27952 24 23 9 9
22393 0 1973 17 17 504 449
40727 0 1973 1502 1502 23017 22960
25244 0 1945 10313 10313 37739 37716
33880 0 1945 11862 11861 39440 39416
24265 1 658 2 2 3 2
8592 1 8591 4 2 5 2
799 6 14682 410 392 376 375
799 6 23999 25 8 6 5
36839 0 32330 24 24 29 29
9877 9 17446 3 3 5 4
9284 6 40237 1160 1160 2327 2327
8440 0 10175 13 13 94 89
15799 6 17610 15 3 4 4
1955 1 12334 2 2 2 2
15612 1 33784 2 2 4 2
26154 6 29880 8 5 1 1
27300 1 30734 5 2 2 2
27525 0 3582 234 234 4198 4171
30440 0 27525 10 10 19 18
11629 1 3582 6 2 2 2
3325 0 31371 602 602 9472 9469
8222 0 5081 17 17 47 45
9760 1 9759 2 2 2 2
1709 1 2722 3 2 4 4
12888 6 33923 5 4 5 4
23634 0 4578 3641 3641 24850 24848
3258 9 23634 2 2 2 2
17187 1 13864 3 2 3 2
17187 1 11812 4 2 5 2
17187 1 6726 5 2 6 2
9561 4 39738 399 394 37 37
40630 0 4049 2368 2368 22439 22423
23531 0 4049 1161 1161 6282 6269
19 1 6484 8 2 4 2
19331 0 6850 17 16 81 57
27088 1 9828 2 2 2 2
35702 0 15222 6 6 6 4
20635 6 21042 364 362 56 56
22261 1 13269 2 2 4 2
22970 1 22969 5 2 2 2
18827 4 15294 128 128 29 29
9782 1 3951 2 2 3 3
35390 0 7258 9190 9190 36772 36772
36733 6 32656 14 14 21 21
38009 0 28740 72 72 7330 7329
26011 2 4090 403 401 454 424
36107 2 4090 4 3 36 7
33747 1 4090 2 2 3 2
36531 2 499 1 1 74 41
24281 1 11177 2 2 6 2
1223 7 34593 385 372 8 8
24757 1 2423 3 3 7 2
2423 1 2422 10 2 3 3
22776 1 9885 3 2 8 4
15285 1 9885 2 2 2 2
9885 1 28854 6 3 3 2
10713 4 34491 11377 11371 243 243
21164 0 1390 583 583 4612 4601
32940 0 30056 228 228 7800 7799
21775 0 25753 333 333 13150 13149
33648 1 6674 2 2 4 2
2761 0 4715 6 6 21 8
6696 0 4715 31 31 502 488
17030 9 4295 2 2 3 3
13412 0 21233 82 82 717 715
28826 1 6595 7 5 4 2
20832 1 11711 4 2 4 2
14280 1 11926 6 2 6 2
29160 1 15901 2 2 5 3
16032 6 33387 13 3 14 10
11676 0 14498 4 4 49 39
16565 2 11676 3 3 1550 1549
31288 6 28201 94 94 219 219
40631 0 12856 30538 30538 35751 35749
24723 1 5785 5 2 5 2
4523 1 5616 4 2 4 2
12257 3 13172 7 3 7 5
12257 3 535 6 3 4 3
26683 0 5772 105 105 982 950
336 1 17653 6 4 4 2
1046 7 15073 355 239 1 1
1046 7 30406 12236 12116 1 1
1046 7 27214 115 1 1 1
1046 7 33079 21608 21487 3 3
1046 7 5787 143 28 1 1
2624 1 19875 4 3 5 2
19876 1 19875 2 2 4 2
15802 0 7902 3366 3366 27285 27281
9265 0 3141 6 6 190 138
12722 0 3141 15 15 96 45
10103 0 3141 438 438 3309 3256
7145 5 1658 1 1 12 1
7145 0 1669 511 511 8294 8288
12738 5 1658 21 21 313 301
17951 0 1658 29 29 233 227
27703 9 34293 3 2 2 2
29800 4 28661 29 28 9 9
6381 1 190 4 2 2 2
859 9 12748 2 2 2 2
30017 1 859 3 2 3 3
18820 1 11268 20 17 6 5
1823 0 4690 10482 10482 6998 6998
21777 0 6768 9701 9701 5795 5794
6768 6 21336 6 4 3 2
40091 0 4569 132 132 15445 15428
14867 2 741 1 1 81 35
14867 4 4956 49 49 113 111
12851 2 741 1 1 49 6
20925 1 20924 4 2 2 2
1674 1 931 2 2 2 2
34244 0 32041 3 3 22 22
40632 0 7551 1924 1924 28146 28113
14712 0 7551 30 30 247 215
2716 1 35898 5 2 3 3
40633 0 13777 7619 7619 33336 33326
37358 1 31163 2 2 3 2
11679 7 23483 802 795 2 2
7229 4 27626 61 45 4 4
22653 0 16517 9449 9449 10489 10489
16217 0 5288 10 10 1828 1824
2278 6 26447 1131 1122 64 64
24890 4 33643 50 49 126 126
32433 0 15559 1831 1831 29378 29376
22947 3 32423 8653 8651 3206 3206
23487 9 11721 3 3 3 3
15940 1 23487 3 2 3 2
23487 0 13665 4 4 9 7
18752 1 299 5 2 4 2
18752 0 8047 504 504 5726 5719
15683 6 19775 5 3 2 1
39821 0 33635 436 436 536 534
12743 1 17790 3 2 2 2
40634 0 28094 514 514 7165 7160
2256 1 14167 2 2 2 2
18933 4 20525 193 191 16 16
17224 1 10004 6 2 5 3
37117 0 6089 139 139 2242 2231
3733 1 37117 2 2 3 2
2521 0 8501 122 122 1725 1720
16781 1 14407 7 2 4 2
14716 0 14407 3388 3388 15756 15754
8270 0 36693 54 54 22 21
6368 5 4264 3 1 7 1
35387 1 19174 2 2 3 2
13187 1 18773 5 2 5 3
10051 0 11733 69 69 56 49
26059 4 39209 313 312 11 11
11003 1 3102 6 2 2 2
10718 1 11003 4 3 5 2
11003 0 12665 2584 2584 9633 9632
3102 0 37135 6 6 5 4
18521 1 21925 2 2 2 2
8854 1 7411 4 3 2 2
16381 0 23939 25 25 80 80
451 0 1929 15 15 314 92
33456 0 1929 11 11 2101 1872
24694 0 1929 8 8 784 557
39387 0 1929 11 11 2371 2141
7613 1 12661 4 2 3 3
7197 1 15448 3 2 2 2
17662 1 15448 2 2 3 2
37672 0 16158 5204 5204 36 36
21547 1 21546 2 2 2 2
10702 1 23017 3 2 2 2
438 1 34948 3 2 2 2
18006 4 18624 30 30 7 7
9736 0 18836 22 22 2275 2273
26667 1 37019 2 2 2 2
2440 0 6281 9 9 305 297
26061 1 34300 3 2 2 2
7854 1 4665 2 2 3 2
4819 4 14283 3 1 1 1
38806 0 30214 6074 6074 40846 40846
8314 1 16121 5 2 4 2
39546 0 27758 12 11 16 11
19102 2 1216 17 16 15 13
29584 1 17589 3 3 4 3
23903 0 2218 99 99 6349 6341
10504 6 23689 88 82 24 23
21753 1 24319 2 2 2 2
27512 2 9554 54 54 6884 6882
33772 0 18060 3953 3953 25396 25395
40635 0 11401 3144 3144 34292 34284
37827 0 12143 266 266 17531 17528
10219 1 15914 2 2 4 2
40636 0 10144 11998 11998 32629 32623
25012 1 28395 3 3 2 2
10163 1 36165 3 2 2 2
13634 1 16425 5 3 2 2
10718 1 3101 5 3 3 2
32269 4 13378 35 34 6 6
132 6 7098 1242 1215 39 39
132 8 30058 49 22 3 2
24046 2 7098 1 1 28 26
34096 2 6504 8 7 12 9
16928 1 39641 5 2 2 2
10361 0 11019 120 119 163 162
31941 1 1800 411 411 798 796
1800 1 31941 1141 1139 555 555
15215 0 10045 717 717 711 711
13118 4 38898 458 452 26 26
32650 1 7755 4 3 3 2
12467 4 34649 7 2 2 2
9896 1 18285 2 2 2 2
7667 1 12425 3 2 6 3
13792 1 1506 5 3 3 2
27011 1 15878 5 3 6 3
29234 0 35329 18 18 28 28
7943 0 10653 23 23 428 422
17967 0 7943 11 11 30 25
27950 1 7080 2 2 4 2
32191 0 30183 3 3 4 4
8067 4 31485 78 78 89 89
40637 2 3638 732 732 29895 29892
3845 0 33389 4 4 36 29
34507 0 1864 331 330 178 178
1864 4 25736 84 6 2 2
1864 4 34970 153 73 7 7
9467 1 9580 3 2 3 2
13612 1 17386 2 2 2 2
13700 1 35600 2 2 2 2
4329 0 8286 22 22 107 103
32613 1 25386 2 2 2 2
5658 1 17587 4 2 8 4
5658 1 6582 3 2 9 4
39787 0 127 3 3 199 162
14136 0 127 50 50 4287 4249
13276 1 13275 2 2 3 2
40639 0 13366 23828 23828 24306 24306
13367 1 13366 2 2 2 2
40275 5 7288 3 3 29 15
1302 0 875 10160 10160 25117 25117
1302 1 25385 4 2 3 2
875 1 12410 4 2 3 2
4494 1 89 2 2 2 2
18990 0 89 483 483 9455 9438
40640 0 24053 30322 30322 31085 31084
18859 1 233 2 2 7 2
12436 0 233 2202 2202 11297 11297
7065 1 30772 2 2 2 2
934 0 7065 33 33 26 26
2370 4 38227 28 9 2 2
2370 4 36484 75 55 9 9
25146 1 23224 2 2 4 2
30650 5 5167 25 25 350 332
4399 0 17631 5486 5485 160 158
4487 1 23828 3 2 8 5
40641 0 6889 813 813 11772 11768
14877 0 673 243 243 144 125
11236 1 11235 2 2 2 2
18886 1 5777 3 2 3 3
23603 1 14746 27 25 17 16
38534 6 21834 4 4 5 5
29015 4 35243 431 431 224 224
5305 9 11107 2 2 2 2
1754 1 11107 5 2 4 3
4526 0 16078 10 10 139 126
33020 0 17455 188 188 135 130
11439 0 3779 53 53 5297 5243
11995 6 27315 6185 6175 292 292
4069 1 10264 4 2 4 2
16543 2 7941 748 748 37942 37941
30820 4 40098 28 28 5 5
7608 6 17250 69 69 10669 10669
34850 0 14755 367 367 176 174
29978 0 14755 204 204 41 40
1608 0 27044 3 3 14 11
21522 0 4706 84 84 1725 1725
21523 1 21522 2 2 3 2
18705 1 10129 4 2 5 2
4870 4 23128 236 218 50 50
7327 1 28238 2 2 2 2
34202 0 26992 132 132 112 112
36557 0 6350 4 4 92 86
35418 1 29484 3 2 2 2
7541 0 4367 802 802 25275 25246
11932 4 32067 43 29 2 2
10275 0 17996 1468 1468 16128 16125
39456 1 19704 2 2 2 2
18323 0 586 17 17 610 532
13562 0 586 191 191 5691 5611
4417 1 586 4 3 8 2
7278 1 586 3 3 7 2
27593 1 12739 2 2 3 3
12739 1 21738 5 3 4 2
12654 0 8574 3 3 10 9
9238 1 23492 5 2 3 2
31611 0 7155 190 190 46 41
7156 1 7155 4 3 3 2
7155 0 32985 28 28 925 923
16869 0 14047 9 9 53 50
2512 1 11785 3 3 3 2
11088 1 10937 4 3 5 2
28051 4 23671 270 270 172 172
20731 0 20684 3742 3742 4488 4487
4385 1 3236 2 2 3 3
9432 9 1667 4 2 3 2
9432 0 10503 34979 34979 26527 26527
40643 2 3999 410 410 19264 19228
40646 2 3999 4081 4081 35494 35453
40743 2 3999 1766 1766 33460 33421
40711 2 3999 334 334 28559 28522
40755 2 3999 1599 1599 35361 35321
12237 1 7953 4 3 5 2
25278 1 37411 2 2 2 2
408 4 23469 24 22 2 2
1148 0 17366 6382 6382 27629 27621
7956 0 627 8 8 7 7
9729 1 6968 2 2 6 2
24511 0 1344 6 6 8 8
27740 0 26327 4 4 44 39
7986 8 7255 4173 4167 8 8
7381 1 25502 6 3 2 2
2902 1 11262 10 3 5 3
9042 1 10887 2 2 3 3
9043 1 9042 5 3 5 2
6541 9 6540 2 2 5 5
40644 0 9111 1639 1639 27786 27780
26375 1 21045 3 3 4 2
1257 1 11847 3 2 3 2
19650 1 21679 3 2 2 2
4031 1 5234 10 2 4 3
40645 5 20085 309 309 19936 19935
12097 1 7899 3 2 6 2
12097 1 15381 4 2 3 2
15381 6 27596 8 6 26 25
3911 1 3910 2 2 3 2
6582 1 4443 12 4 9 5
16646 1 30805 6 2 9 7
37036 1 4229 7316 7316 28363 28359
12072 6 37740 39 36 8 8
2007 2 12273 1 1 71 25
11567 0 73 12 12 48 37
10875 0 11567 1953 1952 10036 10036
18947 5 73 423 423 15544 15486
40724 5 73 3 3 5453 5396
27976 1 38676 2 2 2 2
33023 4 28124 182 181 31 31
21030 1 8155 2 2 2 2
27238 5 13249 2 2 38 23
5870 1 5622 19 17 19 17
5622 1 5870 20 18 21 19
27901 0 19859 183 183 968 967
40662 0 19859 22467 22467 39355 39353
31613 0 29521 1147 1147 5659 5658
17378 0 6050 35 35 964 963
40155 5 4554 284 284 23766 23758
40527 0 7268 202 202 14439 14431
14066 1 11728 2 2 8 3
26527 1 20615 5 2 4 2
33593 9 20131 2 2 3 2
27280 1 21426 2 2 3 2
3040 1 17693 4 3 2 2
25658 0 485 26396 26396 13188 13187
18469 5 129 17 17 244 200
28264 2 19665 5 4 3 1
27241 5 5742 3 3 35 15
5026 0 25220 4 4 8 5
11821 0 23942 7 7 18 17
28145 0 21469 9682 9682 40294 40294
36421 0 23934 12884 12884 22053 22053
5784 1 37926 2 2 2 2
10931 6 4938 20 19 12 12
1857 6 34576 441 408 141 141
1857 8 29220 1740 1729 109 109
11116 1 11115 4 3 2 2
3144 1 34206 2 2 2 2
29262 1 30989 2 2 2 2
1904 0 13709 42 42 7462 7442
10949 1 12159 4 3 5 3
10852 1 10851 2 2 3 2
38604 0 9315 18820 18820 34808 34806
40648 0 20404 9851 9851 35828 35826
455 10 12842 2 2 4 4
5537 6 32458 472 472 343 342
3621 1 28895 7 2 2 2
4946 9 20388 5 5 3 3
37381 5 2404 4 4 242 179
18509 5 2404 27 27 5263 5199
34190 0 4417 18 18 810 806
7826 1 7825 2 2 2 2
7825 1 29516 3 2 2 2
10788 1 10787 2 2 2 2
13090 1 23239 4 2 5 2
21630 1 3350 2 2 3 2
40681 0 21630 27033 27033 36901 36900
40020 1 27893 2 2 2 2
192 0 3182 302 302 8081 8034
40659 0 3182 3364 3364 23955 23907
25380 1 34263 4 2 2 2
40649 0 16215 27314 27314 39788 39787
40446 1 23732 33 33 176 173
23732 1 40446 160 157 33 33
34086 6 5206 10 10 10 10
2858 0 20996 5 5 61 58
18116 0 20996 5 5 72 68
10925 1 12946 2 2 5 3
29210 0 28005 337 337 36633 36630
27124 0 25522 35 35 277 274
12679 0 25522 325 325 4771 4767
40650 0 7972 4975 4975 28589 28572
637 8 34610 336 313 60 60
8063 1 12534 7 3 2 2
18731 1 18730 3 3 2 2
20947 2 909 23 22 11 5
1431 4 36937 47 31 3 3
15092 4 39339 4773 4768 203 203
8626 1 17737 5 4 2 2
8142 0 267 18 18 1138 1116
13601 0 267 23 23 1340 1317
4749 1 3012 3 2 2 2
34451 0 4286 39 39 367 359
19033 0 4286 85 85 977 968
4562 1 2073 5 2 7 2
2073 0 12505 5 5 35 28
31431 0 724 290 290 14972 14954
38103 0 724 93 93 6681 6664
40654 0 724 1184 1184 24577 24558
16201 1 29447 3 2 2 2
5631 1 37242 3 2 2 2
8758 0 904 9303 9303 26457 26444
4273 0 20274 25 25 7 6
7509 1 28460 2 2 2 2
24248 1 26008 114 114 109 107
16580 0 4596 1220 1220 21642 21569
31450 0 4596 181 181 8829 8757
26018 2 7003 3273 3273 12974 12973
27767 0 33139 7 6 7 7
11803 1 3063 8 4 5 2
40671 0 11803 1385 1385 32958 32957
8515 0 9557 2 2 139 119
30217 4 31100 8 1 1 1
149 0 8325 35 35 1637 1627
16886 0 8325 7821 7821 38483 38472
6021 3 6419 478 478 294 294
8937 1 15399 4 2 5 3
15399 0 15413 5 4 4 3
16850 0 2816 15 15 466 455
1495 1 1496 4 2 2 2
22266 1 13419 4 2 5 5
4036 6 25770 3 1 2 1
9661 1 35820 3 2 2 2
33793 5 226 363 363 12550 12540
7617 0 3106 83 83 30 30
25454 0 8768 14369 14369 39510 39510
40652 0 19798 27615 27615 29557 29555
12951 1 6835 4 2 7 5
13042 1 35270 2 2 2 2
22965 1 29226 4 2 2 2
27680 4 33739 16 15 4 4
1899 1 12199 4 2 3 2
28178 1 1166 3 2 4 3
7900 0 1166 39 39 934 924
23262 6 32818 7 6 1 1
5593 6 11394 3646 3643 58 58
8267 1 5593 2 2 3 3
3044 1 2035 9 2 7 3
3044 1 16109 6 2 4 3
21419 4 26177 457 455 388 388
21419 4 31110 427 426 13 13
13244 1 13243 3 2 2 2
29344 0 8327 7 7 906 897
33450 4 37712 259 259 87 87
35194 4 34100 37 35 22 22
40655 0 9708 27368 27368 30984 30975
11987 1 24184 2 2 4 3
40067 0 28616 22245 22245 13873 13873
11962 0 5446 2 2 20 2
40656 0 23923 16014 16014 36837 36835
17906 1 39780 2 2 2 2
12010 0 12867 7 7 25 25
27741 0 9592 698 698 4466 4456
31815 0 20618 327 327 504 503
36783 1 30240 2 2 3 2
18655 0 7908 2694 2694 4334 4332
6243 1 7908 19 18 49 42
24740 1 21889 3 3 3 2
4775 1 10634 2 2 2 2
25665 0 1971 8515 8515 5687 5676
1669 3 13851 164 159 48 48
2025 6 7292 2528 2526 428 428
14912 1 32715 8 5 4 4
12038 0 38396 7982 7982 23113 23113
35926 5 7786 406 406 16205 16185
825 4 18445 31 20 2 2
40657 2 26386 2706 2706 18258 18258
20788 1 2698 5 3 5 2
11974 1 28533 2 2 3 2
40658 0 20524 23444 23444 37325 37323
30364 0 7177 540 540 21867 21861
17270 0 3160 7 7 335 319
29793 0 3160 121 121 16681 16664
23134 2 3167 3933 3932 9503 9481
11450 0 3167 30 30 175 164
12666 8 16098 3403 3395 87 87
12666 8 36039 12410 12401 243 243
31571 0 30708 4 4 390 388
5912 1 2368 4 2 5 3
31386 1 8649 2 2 2 2
982 1 215 4 2 6 2
33373 0 6364 136 136 4919 4915
13857 6 25567 20294 20294 28487 28487
13500 0 351 9 9 330 206
22904 0 351 3 3 130 8
28665 0 351 49 49 995 870
40717 0 351 4018 4018 29769 29643
18938 0 5892 11 11 23 15
16099 1 26369 2 2 2 2
2721 9 2720 3 3 3 3
24582 0 15825 260 260 260 255
32819 1 28176 2 2 3 2
36852 4 37506 57 57 10 10
2214 0 15911 6479 6479 12564 12564
4259 1 4258 2 2 3 2
257 1 24309 4 3 2 2
4917 0 9090 8 8 18 17
9090 1 14439 3 2 5 2
20691 0 1251 7 7 27 23
27447 1 14144 3 2 3 2
40664 0 2231 2608 2608 19848 19820
16037 0 2231 230 230 20704 20675
13008 1 27465 2 2 3 2
11452 0 25129 643 643 1287 1283
231 0 1467 8979 8979 35702 35659
3531 0 28084 37223 37223 6561 6561
3531 1 4181 3 2 4 3
6594 1 4528 2 2 2 2
19437 0 14525 797 797 9094 9059
8031 0 14791 22 22 250 239
31367 1 1787 2 2 2 2
9853 1 760 6 2 3 2
27431 0 39165 40707 40707 35589 35589
36977 0 5846 3 3 66 36
3013 0 40092 385 384 165 164
2724 4 36323 50 20 12 12
7159 4 9738 23 21 6 6
38226 0 6849 5 4 10 5
4087 3 16968 4 2 6 3
4087 3 4129 7 2 6 2
31274 1 31273 2 2 2 2
5582 1 25676 4 2 2 2
25982 1 16758 2 2 2 2
16758 1 25203 4 2 3 2
1131 4 12184 114 65 2 2
22246 0 24779 2057 2057 16082 16080
15361 6 28949 2 2 6 5
36223 0 8406 710 710 31816 31806
1772 8 35641 1069 1068 151 151
1772 8 37471 819 819 384 384
8336 2 1773 1 1 28 1
19749 1 22236 2 2 2 2
36152 0 33158 20 20 152 151
9803 4 33158 104 101 11 11
31178 6 27506 27 25 10 9
19480 0 22889 5 5 3 3
1803 1 3108 9 2 5 2
3108 0 30670 547 547 312 310
23633 1 27801 3 2 3 2
10997 5 6030 7 7 59 57
10997 1 30683 3 2 2 2
4151 6 35893 56 47 5 5
21421 3 7727 3 2 3 2
8947 4 25382 34 32 10 10
28887 1 2749 3 2 5 2
30602 0 7963 439 439 10538 10533
28803 1 7236 2 2 2 2
17376 6 18797 13 1 1 1
18797 6 7347 48 44 15 15
4486 1 6243 10 2 2 2
38461 0 30319 322 321 543 539
10089 1 7989 2 2 2 2
12058 1 2312 2 2 13 4
8268 1 5633 3 2 2 2
40666 0 16421 25301 25301 36480 36480
18179 9 5219 3 3 2 2
10733 1 1830 6 2 5 2
433 1 15766 3 2 3 2
30942 1 704 2 2 2 2
11977 0 6276 270 270 9487 9481
40667 0 25385 16910 16910 38193 38189
17801 0 24596 143 143 272 271
36884 0 4188 2909 2908 7272 7272
10301 0 9082 111 111 872 870
15234 6 20190 13 13 27 24
31040 1 34714 2 2 3 2
23336 0 36235 1929 1929 1983 1983
33510 1 34163 3 2 2 2
14971 1 14960 2 2 2 2
17273 0 4918 11241 11241 25655 25654
30507 0 542 4 4 21 9
30659 0 542 10 10 134 121
21349 4 34315 88 88 28 28
7012 1 7012 1 1 1 1
6351 0 5112 13 13 33 32
29074 1 29073 2 2 2 2
21454 1 39437 2 2 2 2
4178 6 21454 255 254 67 67
33809 1 29402 2 2 2 2
24898 0 7415 52 52 811 791
808 1 807 2 2 2 2
22710 0 22555 15445 15445 23309 23308
10110 1 18587 3 2 4 2
18587 0 20875 626 626 3859 3851
16329 1 3909 6 3 4 3
1432 4 8490 71 55 27 27
16905 1 10533 3 2 3 3
9956 1 2505 2 2 3 2
22993 1 6303 3 2 2 2
17529 1 8542 4 2 6 2
18744 0 6242 4 4 82 77
40668 0 881 3247 3247 23280 23276
23982 1 23981 2 2 2 2
40669 0 14189 9571 9571 20971 20969
5759 1 26443 2 2 2 2
24585 2 10398 12 12 873 848
14448 1 10398 3 2 4 3
28412 0 37012 25020 25020 37608 37607
6886 1 32873 3 2 3 2
9765 0 19420 32 32 62 61
1752 1 9904 3 3 4 3
20473 1 13402 2 2 4 2
39769 1 25538 24 24 12 12
25538 1 39769 13 13 24 24
21180 6 11296 3 2 3 2
4128 1 25065 4 4 2 2
40670 0 14798 14854 14854 33285 33283
40670 6 40706 21008 21008 21718 21718
6066 0 11939 1057 1057 22707 22698
24884 4 6439 37 37 16 16
26927 1 4813 3 2 5 3
12620 6 33079 9375 9375 1486 1486
23142 1 23141 2 2 2 2
2112 1 15204 4 2 3 2
31063 4 40391 5 5 31 31
23817 1 38036 3 2 2 2
35101 0 20547 9 9 62 60
34252 0 7906 22535 22535 11166 11165
6576 6 15513 2117 2117 1455 1454
2696 1 307 5 2 3 2
2831 0 2696 11 11 38 27
1570 1 15541 5 2 5 2
2232 0 35643 29645 29645 39819 39819
4771 4 1369 276 223 126 126
4771 4 10898 1833 1779 327 327
25079 0 1369 2790 2790 20463 20461
19764 0 29317 965 965 577 576
30894 0 2657 5 5 11 5
30894 1 30893 2 2 2 2
35465 2 9450 8 8 251 241
27198 0 19507 4 4 16 10
9577 1 18755 4 3 4 2
9577 1 2300 2 2 6 2
6591 1 15671 2 2 3 2
40674 0 19768 30899 30899 25429 25428
2835 1 10762 3 2 4 2
40036 0 8241 2837 2837 784 784
15566 4 17079 153 148 2 2
38115 1 37110 2 2 2 2
35182 1 26668 2 2 4 2
8887 0 10579 960 960 2598 2597
39995 0 13740 26 26 102 98
5336 1 2296 4 2 2 2
1528 1 2296 5 2 4 2
34557 0 26 31963 31963 39580 39578
12745 1 18647 3 2 5 3
7997 1 15740 3 2 4 3
7489 6 25346 424 418 322 322
22264 0 6890 57 57 38 37
21341 1 26384 3 2 3 2
130 5 1981 102 102 17193 17138
18980 1 21881 4 2 4 2
18980 1 12859 6 2 4 3
40438 4 2459 150 149 109 109
2459 0 22692 4 4 5 4
32399 6 35294 36 36 15 15
16433 0 15675 245 245 106 104
18645 1 19846 240 239 1243 1241
1831 1 13620 2 2 2 2
27640 0 35564 9349 9349 3573 3573
28049 2 12715 906 906 32726 32710
34427 0 119 5 5 117 79
38238 0 119 5 4 41 5
14129 1 14128 2 2 2 2
16455 0 30527 550 550 1685 1683
22880 0 2807 217 217 6236 6230
5517 1 8571 2 2 4 2
31628 0 6776 169 169 2597 2587
14732 0 6776 16 16 566 557
1395 1 10603 6 3 3 3
26249 1 1851 2 2 3 2
21189 1 25948 5 2 3 2
30647 0 1326 9 9 1657 1642
10370 0 1326 431 431 10346 10330
25930 4 10103 130 124 2 2
39271 2 916 2 1 385 242
39473 2 916 2 2 600 453
33293 2 916 4 3 393 249
13451 2 25375 4 4 160 158
1346 1 6170 6 3 4 2
2261 4 14320 88 71 11 11
1705 6 39241 18 11 2 2
858 4 23688 15 14 2 2
11337 0 13858 3499 3499 2062 2056
36322 0 427 17 17 1037 965
28974 0 4885 40 40 327 317
23365 6 15758 7 7 12 12
11547 1 11546 2 2 2 2
32755 0 697 2 2 9 4
7568 1 7567 2 2 2 2
21710 0 5678 3 3 10 6
33405 0 5891 4 4 11 8
19993 6 40676 9156 9153 1558 1558
8878 1 6111 3 3 4 2
11299 0 8050 939 939 18949 18945
6501 1 6500 2 2 2 2
9095 0 6138 186 186 4449 4435
29324 0 5429 82 82 68 68
28608 4 27634 420 420 24 24
25947 1 30204 3 2 5 2
8835 6 24716 929 920 226 226
31000 4 5709 116 113 12 12
14357 0 30076 62 62 86 86
15636 1 14742 3 3 4 2
8343 1 5855 3 2 4 2
13930 0 14302 2 1 7 2
6188 4 19609 31 15 2 2
30806 1 21229 2 2 3 2
21465 1 2680 2 2 4 2
5567 0 3263 5558 5558 18025 18014
1114 0 3263 406 406 5869 5859
15163 1 28250 4 2 4 4
24491 0 21806 15 15 8 8
13957 0 21517 299 299 249 248
26206 0 1852 262 262 12306 12256
31320 0 1852 11 11 381 334
35402 0 1852 1674 1674 32882 32831
17351 0 1852 61 61 2636 2587
12201 4 35651 95 90 22 22
26615 1 23283 2 2 3 2
38530 0 8201 551 551 22972 22959
26273 0 19179 3 3 6 6
31727 0 26208 13 13 25 24
14610 4 22269 231 229 259 259
6596 1 29722 3 2 2 2
35251 4 10622 454 454 2522 2522
33036 1 22694 2 2 2 2
9486 3 22694 16749 16744 5553 5553
7279 1 30681 11 7 11 8
30681 1 7279 11 8 12 8
35732 0 7738 5 4 6 5
6160 1 6159 3 2 2 2
40678 0 38900 32778 32778 40314 40314
12283 1 12051 4 2 2 2
20982 0 18646 13 13 7 5
9855 6 9449 359 334 25 24
8464 1 26186 5 2 2 2
36328 0 27331 178 178 184 178
28307 1 1781 2 2 2 2
22552 0 40034 8684 8684 5839 5839
40679 0 762 786 786 10062 10059
40680 0 38335 39698 39698 30756 30756
8103 1 9200 3 2 3 3
22832 5 2978 2 2 81 14
14475 5 2978 3 3 321 251
30111 0 9494 16 16 243 233
29085 1 18188 3 2 3 2
16374 0 151 490 490 5376 5369
40682 0 8093 450 450 10924 10897
7574 4 40009 329 327 165 165
40683 0 17911 24435 24435 33537 33534
7705 4 24544 203 196 8 8
31888 0 115 1499 1499 39968 39951
115 1 10641 8 2 4 3
9351 1 17202 4 3 5 2
728 1 727 5 2 5 3
31869 5 18855 237 237 8297 8284
38772 5 18855 4 3 18 6
33573 1 10115 2 2 3 2
6813 1 5176 5 2 6 4
30270 1 25946 2 2 2 2
23870 1 10884 5 3 4 3
40110 4 30283 11 11 11 11
39171 0 8786 8 8 145 141
13098 1 17229 5 2 2 2
9972 0 7945 20 20 235 212
2006 0 13976 2554 2554 6612 6610
21615 1 20726 5 2 4 3
35582 4 39566 1638 1638 16577 16577
14559 1 1815 7 6 4 2
35120 4 2143 12 10 10 10
15991 1 12504 2 2 2 2
6429 1 22011 2 2 2 2
5547 0 10707 2 2 120 95
11434 0 10707 4 4 68 44
8030 1 4592 5 3 2 2
19180 0 7178 166 166 59 57
20863 1 24708 3 2 2 2
32763 0 11178 15 15 16 16
20883 2 3869 1 1 29 2
35373 2 3869 1 1 39 9
20259 1 28121 3 2 4 2
1015 1 24451 3 3 3 2
3316 2 13606 27 26 29 26
24587 2 13606 58 55 47 43
36313 1 28400 2 2 2 2
4016 1 4015 2 2 2 2
6051 1 9303 3 2 6 4
22179 0 25743 14112 14112 40696 40693
37112 0 3027 1011 1011 26803 26749
16612 0 3027 209 209 6006 5955
23303 0 3027 459 459 14745 14692
40685 0 14898 6169 6169 36928 36909
3073 1 5623 2 2 2 2
40686 0 15810 18345 18345 33127 33127
30554 1 16575 2 2 2 2
5024 1 5023 3 3 4 2
5023 1 14075 2 2 2 2
10386 0 32386 111 111 121 121
7372 1 7371 3 2 2 2
5715 1 7372 5 3 2 2
29949 1 15424 2 2 3 2
5878 6 40688 18300 18300 188 188
4191 5 15351 58 58 2178 2172
2940 1 4191 5 2 7 3
25827 1 12437 2 2 2 2
1272 3 28165 16069 16069 6998 6998
14132 0 1272 45 45 9425 9407
4011 1 4010 3 2 4 3
4845 1 28045 5 3 3 2
5366 1 30121 5 3 3 2
4481 0 726 32175 32175 34474 34472
40457 0 20078 2 2 4 2
30688 0 343 72 72 253 252
18211 1 9926 3 2 4 2
2626 1 38942 55 52 11 11
40689 0 5724 1527 1527 17357 17353
37366 5 7581 18 18 1656 1641
11382 1 32851 9 8 5 5
5088 1 16447 3 2 2 2
17053 4 35164 41 40 2 2
31043 0 2411 3 3 18 4
14198 9 19677 2 2 4 2
16831 1 10331 4 2 7 4
21138 1 1713 6 5 3 2
3171 1 5790 5 2 3 2
21991 1 8254 5 2 3 2
35908 0 25798 7 6 15 12
12857 1 5476 6 2 6 2
35252 0 17711 5573 5573 11656 11653
28389 0 14982 24 24 1425 1414
31024 4 31588 51 46 9 9
9654 1 29009 3 2 2 2
4563 1 25251 3 2 2 2
18116 4 20686 28 21 2 2
16060 0 3587 850 850 19960 19958
3587 4 8188 450 445 22 22
27481 1 2605 5 2 2 2
15624 0 36918 9409 9409 19279 19277
1577 1 15781 11 2 2 2
15666 1 17997 4 2 2 2
28302 4 39471 65 63 4 4
33415 5 5247 156 156 22511 22504
3684 6 39371 2281 2253 914 914
25710 1 27965 2 2 3 2
7053 1 421 3 2 4 3
40691 0 15594 23013 23013 25020 25020
32417 0 5874 11 11 485 474
11643 1 2947 4 3 4 2
10227 0 3024 2994 2994 22447 22444
27766 1 28521 3 2 2 2
38480 1 3659 2 2 2 2
9606 4 26316 984 984 3276 3276
29309 4 40692 16737 16737 17998 17998
14773 1 27094 2 2 4 2
22485 1 22609 5 3 4 2
30461 1 30460 2 2 2 2
12623 6 21249 29893 29891 16812 16812
26639 1 20503 2 2 3 2
33655 1 17423 2 2 2 2
19226 0 11808 14 14 50 45
26110 0 11232 5 5 96 91
40694 2 593 57 57 25078 25051
21150 0 15854 43 43 410 391
28268 0 11999 41 41 279 271
17580 0 904 24 24 142 130
40695 0 14893 30124 30124 38002 37998
34842 4 40695 34261 34261 25850 25850
14185 1 14184 4 3 3 2
8884 1 14612 9 3 5 3
16510 1 200 4 2 6 2
15432 1 18001 2 2 3 2
32997 1 13791 2 2 2 2
303 0 17950 35119 35119 5555 5555
33519 0 27346 8 8 16 16
15824 1 15823 2 2 3 2
14165 0 3327 79 79 796 794
14338 1 7944 3 2 3 2
37789 0 249 136 136 1484 1439
35878 0 20973 332 332 330 327
4738 4 12512 680 680 957 957
35985 0 8123 17 17 257 250
5272 0 10613 3 3 19 9
40696 0 8840 4006 4006 25404 25396
16619 1 25469 3 2 4 4
3348 5 666 1 1 27 1
2132 1 13176 3 2 4 3
34276 0 2321 8 8 40 40
19794 1 2321 3 2 5 2
9342 1 14083 4 2 2 2
30825 0 38668 117 117 34 33
6424 6 12616 50 42 52 52
21004 0 4962 10905 10905 39688 39662
22132 0 4962 207 207 16750 16725
40697 0 11827 4483 4483 9417 9415
30574 4 31725 1338 1337 721 721
12558 4 21580 22 19 4 4
37995 5 5095 1 1 4 1
24376 1 9395 4 2 4 3
39499 4 35831 521 521 797 797
11463 0 14752 12 12 131 119
33818 0 14752 22 22 346 333
22715 4 4266 1609 1609 114 114
12505 0 4123 35 35 2658 2623
33279 0 5569 25 25 58 58
9991 0 34008 500 500 82 82
4175 4 38868 7 2 2 2
35323 0 27596 116 116 4762 4758
631 1 24226 2 2 2 2
14963 1 13720 2 2 2 2
17000 1 13720 5 3 15 8
39297 0 2168 6 6 23 15
16002 1 2168 5 2 5 2
29934 4 38843 216 216 50 50
33092 1 31136 2 2 2 2
27031 1 13986 3 2 4 3
35263 0 1655 8325 8325 27121 27120
2450 0 4469 12 12 106 93
1578 1 40178 37444 37442 16613 16613
26605 6 3123 126 126 5001 4977
11250 0 7751 30 30 810 799
20723 1 6065 5 2 10 6
12012 4 26621 70 65 12 12
20541 1 6096 2 2 4 2
10408 1 6096 4 2 5 2
33794 1 19512 2 2 3 2
13633 0 19626 15 15 38 38
1586 0 13633 12085 12085 31972 31970
24020 1 24180 2 2 2 2
20628 0 13346 992 991 14029 14020
40698 0 2446 1828 1828 13089 13084
21278 1 21277 2 2 2 2
25474 4 40699 38567 38566 24820 24820
19291 0 8918 2977 2977 17075 17071
31396 0 14136 108 108 1482 1473
28894 1 584 10 10 130 128
8779 1 8778 2 2 2 2
29462 1 21665 3 2 3 2
8023 1 11230 5 3 4 2
20159 4 19474 146 144 35 35
21179 1 22813 4 3 3 3
35310 0 20208 279 279 8769 8760
9322 1 30070 4 3 3 2
10417 1 2419 5 2 3 2
22334 0 18443 13003 13002 5649 5648
14787 0 3443 19 19 920 908
16795 0 14750 38 38 142 132
40701 0 16348 38224 38224 39160 39159
40702 0 33675 8460 8460 39072 39071
6409 0 21362 82 82 964 960
623 1 17904 4 2 2 2
17904 1 2054 212 211 479 479
9574 1 9573 2 2 2 2
15060 1 20539 3 2 3 2
6048 0 5381 2 2 50 40
23163 0 30710 140 140 643 642
29611 1 5237 5 3 3 2
1028 0 8309 12 12 48 43
23172 1 8309 2 2 12 4
14353 1 19003 5 3 7 3
22019 0 2903 6 6 84 73
20023 0 1165 8 7 18 15
34338 0 36445 2131 2131 5222 5221
5001 0 17736 8515 8515 6697 6697
36419 1 3674 2 2 4 2
11263 1 23301 6 3 2 2
29082 0 26351 10 10 641 637
21660 1 26299 2 2 2 2
39966 0 18719 24 24 415 411
18720 1 18719 2 2 2 2
2930 6 272 12 4 3 1
3518 4 27027 139 124 14 14
36416 1 20761 13428 13428 23306 23304
20761 1 36416 23935 23933 15368 15368
33109 0 24935 16 16 47 46
6793 1 10304 2 2 2 2
40704 0 6614 761 761 10823 10800
40751 0 6614 1204 1204 21062 21038
16139 0 4350 1137 1137 17735 17730
21940 1 23937 2 2 2 2
19960 0 16266 2476 2476 18253 18231
1845 1 8269 4 3 3 2
232 0 2648 8 8 16 13
232 6 17789 1934 1928 131 130
34270 0 18015 20911 20911 11436 11436
24712 1 7631 2 2 2 2
3631 0 37202 33 33 362 361
18106 4 23302 772 772 1452 1452
3465 3 3464 4 2 7 5
9643 1 9642 3 2 3 3
34133 1 9643 2 2 2 2
670 1 2513 2 2 4 2
37205 0 39503 18096 18096 5904 5904
28259 0 36836 9156 9156 19614 19614
20126 1 16918 3 2 5 3
40272 0 692 116 116 4991 4966
17173 1 12824 3 2 3 2
7115 1 24859 2 2 3 2
11393 0 1590 340 340 12011 11988
37412 0 7056 385 385 5957 5942
36021 1 20995 2 2 4 3
10424 1 10423 4 4 3 2
33501 1 10423 4 3 2 2
29780 6 3760 6 5 5 5
7736 1 25350 2 2 2 2
12655 1 815 9 3 8 5
31370 1 144 3 2 2 2
1978 0 3730 7 7 5 4
32261 0 11924 191 191 11918 11918
8487 1 9673 6 3 6 3
33428 0 37409 6185 6184 7165 7165
23396 4 40705 34309 34308 20870 20870
29953 1 14896 3 3 4 2
14276 1 38742 3 2 2 2
7473 0 19431 14 14 9 9
5693 1 7319 2 2 3 2
22815 1 22814 2 2 2 2
34547 0 3323 1289 1289 20196 20187
4061 1 5748 3 2 3 3
20917 0 2366 7 7 40 40
7818 4 6043 36 18 2 2
6955 1 1022 6 4 2 2
7183 1 7182 3 2 3 3
12394 4 39269 830 829 356 356
27586 1 5584 2 2 3 2
18452 4 28455 84 84 18 18
4573 1 32597 2 2 2 2
15943 0 16708 9 9 147 142
8780 4 40707 31547 31547 32899 32899
40707 0 6292 14726 14726 37313 37303
27923 4 37614 360 360 219 219
26268 4 38287 360 359 322 322
28859 0 2729 37 37 953 949
23556 0 15588 725 725 3616 3616
844 1 6913 6 3 3 2
3714 3 3713 5 3 7 4
40708 0 33878 28676 28676 38844 38842
3153 1 37241 2 2 3 3
17086 1 12044 2 2 2 2
30713 0 4685 15 15 10 8
40709 0 1639 13002 13002 38646 38638
38976 0 16196 3 3 26 25
26147 0 11192 8 8 1766 1751
19874 0 11192 4 4 4791 4775
37730 0 19526 3 3 45 43
39748 1 19526 2 2 2 2
10389 4 6632 305 303 60 60
27700 1 2941 3 2 5 2
32864 0 15383 805 805 13898 13896
7665 4 35503 336 331 44 44
25037 0 18558 9131 9131 10145 10145
37968 1 6086 246 246 232 232
6703 0 23635 4128 4128 34784 34784
38553 0 1373 496 496 1774 1773
22107 6 36069 23 15 4 3
11759 6 5497 19 8 2 2
466 6 30194 15 6 3 3
7675 1 17823 7 3 4 3
17457 1 2429 4 2 5 3
37969 0 15954 4 4 10 8
4042 6 39726 778 775 874 874
19544 3 34567 3 2 2 2
31729 1 3925 2 2 4 3
40714 0 39507 28786 28786 36483 36483
13043 2 3943 1 1 37 5
39320 5 3785 3983 3983 35462 35445
5403 0 4108 686 685 12456 12454
31478 0 40396 10561 10561 15645 15644
40715 0 1096 6907 6907 33024 33014
2298 4 26266 6 2 3 3
40716 2 475 3 3 5385 5315
40733 2 475 65 65 18397 18326
25107 0 30236 25734 25734 29388 29387
10318 4 6623 37 33 2 2
21098 1 21097 2 2 2 2
34757 4 36292 187 185 33 33
19146 6 27617 5 5 5 4
27617 6 21541 25665 25664 16053 16053
14760 4 27348 10 9 5 5
10785 1 16980 3 2 4 2
1004 0 1686 118 118 9867 9860
13693 1 30628 3 2 4 2
31488 0 7029 3813 3813 33342 33339
16602 0 35398 4 4 19 17
7891 6 22902 106 102 8 8
5150 2 2183 1 1 36 6
21014 4 39330 46 46 30 30
16843 0 9525 7 7 91 88
30301 1 6458 2 2 3 2
5932 1 19763 9 3 2 2
34016 0 13638 8600 8600 19632 19632
14792 6 38688 17734 17734 18110 18110
11527 1 2829 4 3 2 2
13560 3 17390 6 3 4 2
40719 0 25292 18952 18952 26769 26767
11686 1 38080 8 3 2 2
15813 1 17303 3 3 3 2
40720 0 23562 19191 19191 32128 32122
19157 1 25047 2 2 2 2
11385 6 39678 158 152 32 32
4598 1 20481 4 2 4 2
26627 1 1342 4 2 5 3
14695 1 32594 3 2 2 2
31643 0 31691 1061 1061 21000 20999
16937 1 1926 3 2 2 2
40258 5 3918 1024 1024 19942 19925
33104 0 26721 6 5 2 2
27613 1 9676 3 2 4 2
6220 1 1968 3 3 4 2
26510 0 2560 6742 6742 24405 24396
19107 0 2131 9 9 29 27
1756 0 28697 5 5 2 2
12466 4 10233 115 94 4 4
28212 0 14013 7 7 47 41
34431 4 11843 192 191 19 19
3493 1 22156 7 2 3 2
40721 0 716 5460 5460 38734 38695
29284 0 1288 468 468 8036 8012
7360 1 28378 3 2 2 2
767 0 17590 15 15 201 194
6412 1 5869 5 3 4 2
15973 1 13531 4 3 3 2
35747 2 24388 293 293 2695 2695
25937 5 17856 15 15 512 504
14618 1 12003 4 4 2 2
35356 6 34036 10113 10113 17513 17513
1617 1 1616 3 2 4 3
1616 1 8901 3 3 2 2
17153 4 23170 29 29 15 15
24509 1 3374 2 2 5 2
31535 0 7656 1453 1453 27193 27177
37264 0 6538 4 4 51 47
20946 0 6538 1308 1308 8940 8935
2893 1 11706 10 4 5 3
40722 0 28479 6289 6289 30866 30866
14723 1 19646 4 2 4 3
39290 4 23003 96 96 58 58
9441 1 1130 7 4 3 2
37823 0 4500 2933 2933 3075 3073
37109 0 38181 2863 2863 9510 9509
31981 4 38538 185 184 351 351
29529 1 32020 2 2 2 2
32020 1 15386 3 2 3 2
2228 1 13955 6 3 5 3
17896 4 37233 54 53 3 3
29893 4 38282 184 183 82 82
38316 0 23713 3 3 4 3
25374 0 17209 1174 1174 115 113
11080 0 12720 24 24 83 74
32958 1 4855 3 2 5 2
1278 0 34927 10 10 112 110
37041 0 26960 4026 4026 30333 30331
3705 1 3704 5 2 2 2
30370 5 12413 2 1 4 1
13830 1 35079 6 2 2 2
35283 0 30108 26844 26844 1987 1986
5914 0 16686 5 5 20 18
14389 1 3261 3 2 3 3
21961 1 1473 3 2 2 2
13380 0 19861 39 39 71 67
7110 0 11813 2063 2063 2693 2690
11813 1 1114 6 3 3 3
23228 1 34145 3 2 2 2
2147 0 3510 18 18 79 77
35350 4 39634 235 235 360 360
35857 1 7386 3 3 4 2
6371 6 37307 317 313 121 121
18800 0 13840 71 71 2329 2325
5481 1 6581 6 2 8 3
14376 6 28764 340 337 66 66
13409 1 18792 6 5 3 2
1232 1 5716 6 2 4 2
5716 0 4961 7 7 54 48
10095 5 241 1065 1065 23768 23763
30274 0 27395 13321 13321 20978 20978
4092 1 3142 3 2 6 2
38217 0 998 8837 8837 36515 36512
16820 4 37663 316 310 8 8
15209 1 21887 4 3 2 2
26585 0 6289 2877 2877 11592 11588
26965 5 4450 1 1 7 2
1009 1 11417 4 2 2 2
16697 4 70 33 28 4 4
27038 0 732 15 15 239 236
17663 4 23020 179 175 10 10
7732 1 35326 2 2 2 2
19563 0 10026 4 4 30 23
2356 0 3805 6841 6841 33806 33800
23441 0 34078 1662 1662 7571 7570
37070 0 27913 28322 28322 17259 17259
3289 6 38527 63 47 2 2
2980 1 2979 3 2 2 2
30536 0 5049 1512 1512 14096 14092
16915 1 26031 2 2 4 2
19167 1 19166 2 2 2 2
8110 9 4565 2 2 4 3
25148 1 16759 2 2 5 3
9665 0 14373 728 728 331 330
30114 1 33583 38022 38022 18322 18322
33583 1 30114 18680 18680 38155 38155
10388 4 3586 213 206 14 14
27188 3 20283 3 2 4 3
24932 1 6602 3 2 5 3
35150 1 33029 2 2 3 2
10137 4 11961 229 226 79 79
4469 0 10488 8 8 341 335
18360 9 1757 2 2 4 4
27706 1 36948 508 507 279 279
19784 2 14738 6050 6050 18239 18239
4426 2 4633 1 1 21 10
1167 6 4633 52 41 3 3
9882 4 22784 1 1 1 1
22411 1 4534 3 2 4 2
14116 1 20160 6 3 3 2
39583 0 12239 1 1 4 2
31548 0 26062 636 635 3327 3324
26063 1 1962 3 2 5 3
34604 0 2888 6 6 7 5
29514 1 7486 2 2 10 3
4354 0 17938 115 115 2245 2241
3583 1 6233 2 2 5 2
5695 4 28664 222 222 105 105
2185 1 14535 2 2 2 2
25866 0 2185 16 16 146 126
1327 1 36228 2 2 3 2
2831 1 23698 3 2 4 2
21070 0 14562 4055 4055 40730 40719
10242 2 953 16 16 1029 1019
24520 1 11590 2 2 4 2
32447 6 8162 18 17 11 9
10857 1 10856 4 3 2 2
29541 1 32791 2 2 4 2
14418 3 22928 12 10 10 10
25235 0 11991 7 7 26 26
19649 1 3414 3 2 2 2
11061 9 11060 2 2 2 2
5834 1 16298 3 2 3 2
16564 5 2060 87 86 551 523
30585 0 324 8 8 121 103
21674 1 21673 4 2 3 2
16327 0 36920 13270 13270 32485 32485
31764 0 40725 9949 9949 36626 36626
20117 1 5297 5 2 2 2
40726 0 21345 9757 9757 39431 39423
23392 1 8395 6 4 4 2
15466 0 34493 138 138 400 400
32154 1 35808 4310 4310 21096 21096
30878 2 21391 10 9 92 82
414 9 3242 2 2 2 2
21497 1 25620 5 3 2 2
18780 0 1703 2 2 32 2
36989 2 22747 3188 3188 6327 6327
4814 1 26353 10 6 9 8
34514 4 16712 181 181 31 31
5463 4 9443 421 414 5 5
9443 4 37702 799 794 131 131
28035 1 17572 2 2 3 2
4816 1 19142 2 2 2 2
23070 1 16815 3 3 4 4
33617 1 10553 2 2 2 2
40729 0 25425 33901 33901 37556 37556
3378 0 2767 138 138 158 157
40730 0 8815 4906 4906 36968 36958
12960 0 8815 3075 3075 19743 19734
4376 1 37 5 2 8 2
39757 0 5605 5 4 23 7
18600 1 19016 4 2 3 2
3467 1 385 4 2 5 2
14223 1 6848 4 3 4 3
25195 0 11431 971 970 1827 1821
40731 2 35244 197 197 5632 5631
6940 1 22487 13 5 2 2
18458 1 13073 2 2 2 2
13073 6 447 8 8 3 3
7113 4 35455 2 2 3 3
16734 7 3856 26315 26311 97 97
30190 1 22568 2 2 3 3
25889 0 13000 3 3 9 8
13181 9 17866 2 2 4 4
5492 6 19902 180 178 23 23
39381 2 736 2 2 11 10
2369 1 6578 3 3 2 2
29844 0 16328 10 10 5 5
2758 1 2757 3 2 3 2
38222 2 33300 17 15 13 12
18743 6 13906 3969 3968 491 491
31229 4 1517 193 193 104 104
21203 4 76 124 122 36 36
40016 0 7096 2 2 31 30
19031 0 10895 146 146 260 260
40734 0 4733 17924 17924 34868 34866
28029 6 13250 31 30 8 8
31942 0 731 16263 16263 32831 32830
24476 1 37343 2 2 3 2
30608 0 10938 38 38 215 214
9857 1 21026 9 6 3 2
31786 1 2390 3 2 7 3
20366 0 40022 35247 35247 33027 33027
25016 0 6037 28 28 635 633
6866 1 25441 4 2 3 2
11006 1 11005 2 2 2 2
40736 0 39315 37277 37277 39755 39755
40737 0 4415 757 757 18421 18413
34827 4 25838 48 48 6 6
20641 0 19592 14287 14287 25034 25034
19844 1 36475 4 2 2 2
5620 1 14606 2 2 3 2
4942 1 35741 3 2 2 2
12702 0 16539 100 100 172 170
16398 5 1361 1 1 19 4
40738 0 10135 10648 10648 21410 21410
819 1 20330 7 2 3 2
20681 3 25789 40132 40132 34760 34760
2173 6 12317 14 4 3 2
29181 1 6432 2 2 3 3
346 1 6498 3 3 2 2
9709 1 9837 5 3 3 2
5266 1 5265 3 2 3 3
30985 0 17910 12665 12664 808 808
21628 1 16687 6 3 2 2
39393 0 5540 62 61 247 240
16844 0 34093 26393 26393 20995 20994
10330 0 5598 5 5 253 237
22052 1 12989 5 3 4 2
11758 1 3657 119 115 10 10
33720 0 1406 877 877 26406 26395
40739 0 14015 33533 33533 38919 38913
40298 0 8495 3 3 8 4
5116 1 10792 10 4 5 2
33694 0 26952 2 2 29 28
36765 0 5101 9243 9242 20361 20360
27226 4 35331 202 202 312 312
16221 1 30101 2 2 5 3
32010 5 16320 57 57 20184 20171
16385 4 39672 57 51 14 14
26422 3 4250 5 3 3 2
2924 4 31881 113 41 2 2
23932 1 406 4 2 4 3
40741 0 10133 13726 13726 35444 35437
1478 4 38462 106 85 6 6
15891 0 14046 2 2 12 2
25424 0 17555 1260 1260 5323 5318
13797 4 32300 367 367 48 48
405 1 404 3 2 2 2
37796 0 5866 8 8 241 236
2634 0 13504 516 515 1391 1386
26727 4 28774 171 168 100 100
26243 0 39695 13927 13927 8731 8730
3948 1 32711 4 2 3 2
4019 6 21073 26 18 7 5
1187 1 20711 5 3 3 2
36443 0 26928 3096 3096 10925 10922
29481 0 10355 4 4 75 73
1476 0 25435 6451 6451 17821 17820
38542 0 22631 2 2 5 3
39106 0 14148 1569 1569 162 162
28771 1 27460 5 3 3 2
16045 1 24249 2 2 2 2
16468 0 12729 5 5 36 23
24561 0 12729 3 3 41 27
40742 0 11685 15250 15250 35325 35318
15794 0 288 8520 8520 36821 36815
17369 4 28877 82 77 31 31
4197 1 13361 2 2 3 2
1566 1 31545 7 2 2 2
20016 4 29851 305 292 115 115
21241 1 21240 2 2 4 2
21240 1 17480 3 2 2 2
4088 0 9256 1226 1226 3909 3905
21664 0 31614 65 65 10 10
20867 6 22620 37023 37022 30156 30155
6116 3 12878 3 3 2 2
31524 1 6685 2 2 2 2
31665 1 11001 2 2 2 2
4541 1 14758 2 2 2 2
38652 3 11896 2 2 2 2
29789 4 11615 101 94 106 106
40744 0 26617 23560 23560 36271 36271
6122 4 39635 93 88 29 29
4953 0 10842 397 397 3620 3613
38322 0 11870 17345 17345 30171 30170
10438 0 1730 134 134 1685 1585
32068 0 9304 198 197 368 359
40745 0 7189 12976 12976 39219 39209
30521 1 1450 3 2 5 2
14974 1 22486 3 2 3 3
24396 1 14974 2 2 6 2
26467 1 15256 2 2 5 3
15469 1 9188 7 3 5 2
3672 4 34478 496 495 42 42
23086 0 9505 3923 3923 27667 27667
11105 6 34671 16676 16674 43 43
31200 1 26039 8858 8858 10229 10229
33187 0 8237 5054 5053 30236 30229
30483 1 21607 2 2 2 2
14260 0 14310 3137 3137 7340 7337
15924 0 9367 83 83 978 958
19959 6 17574 16 10 7 6
24704 0 18355 13049 13049 40892 40892
31678 4 25631 409 407 327 327
39728 1 18568 2 2 3 2
6336 4 34815 33 20 5 5
18894 0 12741 638 638 215 210
31814 0 15640 189 189 24921 24917
31718 1 31717 2 2 2 2
3495 1 37604 3 2 2 2
33838 0 15312 2296 2296 9931 9929
38175 10 30680 2 2 2 2
11923 1 29297 4 2 2 2
17682 4 16176 313 311 15 15
40746 0 15865 37155 37155 38040 38039
17989 1 45 2 2 3 2
162 1 161 6 3 5 4
1070 1 31232 4 3 3 2
11915 1 11914 2 2 2 2
17597 1 1779 2 2 4 4
33223 0 35286 375 375 2463 2462
17231 0 11078 3 3 41 38
9415 1 8217 4 3 3 2
9822 0 532 18 18 93 16
25559 0 7427 12 12 4 4
35901 1 18889 2 2 2 2
5032 1 9078 3 2 3 2
280 0 12443 36362 36362 40871 40870
3547 0 16302 982 982 11304 11291
37263 0 33813 13920 13920 37048 37047
40748 0 206 882 882 19567 19537
2410 6 36725 33 33 67 67
29420 1 33730 2 2 2 2
20556 0 268 116 116 247 243
25280 5 2971 2 2 74 11
10990 1 27947 2 2 2 2
22682 0 15763 2 2 5 2
10975 1 35401 2 2 2 2
11252 6 6012 30 22 3 2
13074 5 14951 4 4 39 37
24987 0 33083 18483 18483 22891 22890
32258 0 30454 3 3 7 7
20630 1 11278 2 2 4 2
375 1 374 3 2 3 3
24087 1 34222 2 2 2 2
22866 1 930 6 6 3 2
26540 0 19984 3736 3736 29010 29008
1203 1 11625 3 2 5 2
2995 1 16224 6 2 2 2
39628 0 35692 161 161 3302 3302
12922 3 16574 8 4 6 4
13536 9 7072 2 2 2 2
17977 0 6556 1873 1873 19977 19966
14591 1 20529 2 2 2 2
17537 1 20736 1257 1256 1174 1174
22994 0 1953 16142 16142 31795 31779
28203 4 15915 5 2 2 2
20040 1 11683 4 2 2 2
22766 0 15613 4023 4023 11905 11904
3681 1 20829 2 2 2 2
9952 1 17840 7 2 3 2
8561 8 9939 212 212 30 30
26904 1 34013 3 2 3 2
30218 6 33864 379 377 314 314
19855 4 40081 70 70 108 108
7107 1 4018 4 2 3 2
14459 4 30600 9 9 5 5
31262 0 19491 2 2 12 10
3049 0 13373 30609 30609 30607 30607
18036 1 21116 2 2 2 2
4102 4 26935 19 9 2 2
4051 1 4050 2 2 2 2
32772 5 5042 3 3 75 69
18593 1 8011 2 2 3 3
3037 1 458 4 2 3 2
11489 1 19752 2 2 3 3
7408 1 2641 4 3 4 2
30952 0 4379 718 718 16113 16102
19369 1 11046 2 2 6 2
40754 0 5844 2487 2487 14496 14495
13702 0 9051 5648 5648 6938 6938
14342 0 16213 1107 1107 8381 8380
38142 1 9549 2 2 2 2
22223 1 17536 3 2 4 3
2364 1 22225 6 2 3 2
27307 2 23001 616 616 32383 32383
2159 1 6296 6 3 2 2
3441 3 8470 4 2 4 3
11504 1 11503 2 2 2 2
28552 0 35437 1946 1946 4623 4622
32595 0 22049 1001 1001 5929 5924
34018 4 40756 22730 22730 15734 15734
12675 1 12674 3 2 5 4
22838 1 8225 2 2 5 2
9602 0 32242 37060 37060 17865 17865
