33512 0 4410 5 5 64 28
16031 1 32320 18662 18662 8459 8459
40543 5 172 2 2 2010 1654
40543 0 2607 4 4 1036 1016
33473 5 172 1 1 396 50
9179 5 172 71 71 32293 31932
33575 5 172 2 1 344 5
16648 5 172 3 3 835 483
31526 5 172 1 1 443 95
6771 5 172 1 1 348 7
15476 5 172 14 14 9582 9225
29269 5 172 27 27 12150 11791
11606 5 172 2 2 980 627
2234 5 172 2 2 659 309
23355 5 172 2 2 720 369
15278 4 39692 23 17 33 33
22936 0 14838 5 5 4 4
31887 2 743 4 4 965 858
13265 2 743 3 3 930 824
33786 2 743 2 2 1066 958
8790 2 743 1 1 427 323
29405 0 27360 31 31 19 17
35494 1 15192 2 2 3 2
35494 0 6837 11859 11859 36703 36702
18925 1 32325 2 2 2 2
32325 1 8085 4 2 3 2
3750 4 38184 137 109 58 58
3750 4 40324 973 943 373 373
3750 4 17381 309 280 186 186
6331 1 10283 4 3 3 2
11500 6 4785 19 12 6 4
14258 4 24038 334 324 32 32
32661 6 20759 8 8 17 16
12387 1 12386 3 2 5 2
28490 4 38427 40 39 8 8
21840 0 107 1 1 46 3
12784 4 107 305 298 63 63
107 0 5198 2 2 50 31
27747 1 27746 3 3 2 2
3916 1 27549 14 7 5 2
6527 5 2139 35 34 2536 2511
16255 5 2139 8 8 7278 7252
1618 4 14555 26 25 14 14
29103 1 9873 3 2 2 2
38285 0 18633 287 287 807 802
38285 1 26278 2 2 3 2
30253 0 18633 468 468 3732 3725
27022 1 435 2 2 2 2
32496 0 4125 1767 1767 29375 29367
24483 0 4125 14 14 129 122
15337 1 4125 4 2 4 2
4388 4 36757 32 20 4 4
30756 1 32955 3 3 3 2
30757 9 30756 2 2 2 2
16250 1 28482 6 3 2 2
39594 0 51 26 26 2170 1976
13386 0 51 99 99 3129 2934
22734 0 51 46 46 8579 8381
40690 0 51 1534 1534 39927 39726
40660 0 51 2800 2800 39943 39740
21035 1 22109 5 3 3 2
24101 0 28349 31 31 85 75
38672 0 28349 88 88 388 377
40559 0 6722 17808 17808 40791 40787
4705 1 15839 6 3 6 3
39464 0 4705 12 12 437 410
21731 4 9107 67 65 36 36
7590 5 34746 171 170 14038 14038
7878 0 7590 820 820 2680 2680
39562 0 2740 5003 5003 40347 40347
3212 1 29129 10 3 2 2
3212 1 16271 8 3 5 5
22208 1 3212 3 2 10 3
14179 0 16065 15543 15543 1212 1212
12801 1 4187 3 2 7 2
19501 0 2021 1445 1444 9716 9664
40645 0 2021 2915 2915 40037 39984
27628 0 2021 57 57 1605 1554
23729 0 38913 3254 3254 3691 3691
8720 1 9417 4 2 4 2
32234 1 8720 2 2 2 2
12896 1 8372 5 2 2 2
1441 0 27945 8589 8589 1774 1773
4170 6 37882 898 884 213 213
2046 0 39706 3019 3019 28012 28011
14436 1 14436 1 1 1 1
38948 0 20990 1315 1315 6765 6761
20990 1 905 2 2 8 3
9769 0 8193 11 11 19 19
12450 6 8001 15 6 9 8
1031 1 12972 5 2 4 2
1031 1 1030 6 2 5 5
2604 1 6752 11 3 4 3
11156 0 2604 26684 26684 35769 35728
2427 0 2604 1939 1939 27930 27890
20604 0 2604 137 137 9058 9020
26334 0 2604 1944 1944 25553 25514
5353 0 6752 10 10 100 85
3451 0 6752 17 17 329 313
34042 1 10659 2 2 6 2
22643 4 31669 90 90 16 16
3358 1 24240 9 2 3 3
3358 1 4026 8 2 7 5
40560 0 3229 8817 8817 40572 40561
39572 2 121 2 1 469 4
34055 2 121 5 5 1342 849
36425 2 121 4 4 1003 517
33961 2 121 4 4 779 296
22605 2 121 13 13 1682 1182
34749 2 121 2 1 489 13
7185 2 121 2 1 475 6
39473 2 121 6 6 1733 1232
36051 2 121 17 17 2928 2420
38744 2 121 3 3 1586 1090
40601 2 121 324 324 40633 40124
31131 2 121 2 1 480 8
16157 2 121 2 2 1195 706
10391 1 121 2 2 4 4
13173 0 25097 5717 5717 26115 26112
1421 0 608 4 4 438 75
6033 0 608 1524 1524 21132 20747
40723 0 608 2633 2633 39323 38932
40732 0 608 1191 1191 39024 38636
31776 0 608 530 530 12604 12226
26284 0 608 39531 39531 39164 38775
40750 0 608 2255 2255 39420 39027
40752 0 608 7903 7903 40147 39748
12593 0 608 142 142 12140 11763
21041 0 608 9 9 4205 3838
36535 0 608 89 89 11023 10648
40642 0 608 2279 2279 39890 39496
6612 0 608 144 144 13881 13501
12763 0 608 7 7 7003 6631
38498 0 608 111 111 4253 3885
1763 0 608 6 6 4741 4372
35305 0 608 12 12 18168 17785
40693 0 608 11472 11472 40405 40004
31350 0 608 146 146 6033 5662
37399 2 2580 3 3 83 43
35976 2 2580 1 1 43 6
21024 2 2580 2 2 100 59
37837 2 2580 1 1 42 6
14534 0 273 3 3 39 26
3275 0 273 32 32 358 343
28793 1 273 2 2 3 2
40561 0 2759 20145 20145 40773 40773
17054 0 13663 6 6 44 24
18662 1 11511 3 2 3 2
39324 0 21892 7 7 55 53
5681 0 5376 1 1 23 3
39137 0 3699 22 22 1839 1819
5121 0 4055 117 117 1883 1880
28225 0 10933 2148 2148 26622 26613
12586 1 18347 3 2 4 3
18347 1 8083 4 3 2 2
8678 1 15844 6 3 4 3
8678 1 8677 7 3 3 3
1900 9 8459 2 2 2 2
13142 1 6617 5 2 3 2
13142 1 3658 4 2 3 2
11554 1 11553 8 3 8 6
6724 1 20476 8408 8406 6996 6995
6973 6 11688 357 341 3 3
28474 0 574 793 793 26934 26890
40638 0 574 2277 2277 40524 40478
3829 1 3828 5 2 6 2
3363 1 3828 4 2 2 2
5303 0 2409 1 1 35 14
19117 1 5303 3 2 3 2
10728 0 2409 11 11 77 55
2409 3 10728 922 922 32 32
20385 4 38169 1164 1164 370 370
919 0 36150 5490 5490 13343 13342
15726 1 2782 2 2 4 2
2090 1 33833 7 3 2 2
13956 1 23540 8 4 2 2
26983 0 13956 1704 1704 13167 13159
29443 9 7135 2 2 3 3
26279 0 10532 235 235 9545 9541
10532 1 11231 5 3 4 2
8610 1 16790 4 2 2 2
32576 0 296 26 26 2094 1942
32576 4 39358 1739 1739 3781 3781
28775 0 296 2 2 200 52
21869 0 296 1 1 142 2
40110 0 296 2 2 143 2
5339 0 296 2 2 147 4
40350 0 296 1 1 140 1
18338 1 25376 3 2 3 3
18338 1 34572 4 2 3 3
25119 0 10706 60 60 4150 4138
6372 0 10706 771 770 2105 2094
187 1 34587 4 2 2 2
23114 0 8709 74 74 6098 6093
23114 9 22355 2 2 2 2
3873 1 28613 9 4 3 2
3449 1 3448 3 2 6 2
1778 1 5313 8 4 3 2
16939 1 16938 3 2 2 2
25259 1 10976 5 2 3 2
25259 0 1054 4 4 17 13
3874 0 21706 423 423 1147 1146
17484 0 2318 9 9 487 362
9443 0 2318 2 2 220 97
36678 0 2318 2 2 121 1
31243 0 2318 6 6 444 320
7726 0 2318 111 111 1330 1201
3353 0 2318 1 1 167 45
14943 9 14942 2 2 3 3
14943 1 16039 3 3 3 2
2677 1 13356 6 2 4 3
35968 0 32619 3649 3649 1336 1333
31267 0 265 2 2 255 5
30115 0 265 10 10 831 572
39657 0 265 6 6 794 536
39858 0 265 4 4 257 6
22580 0 265 15 15 513 257
14709 0 265 6 6 409 154
40562 0 21091 12654 12654 39330 39328
21135 1 12220 2 2 4 3
38664 0 71 1 1 63 2
30298 0 71 1 1 64 2
3066 1 3065 5 2 2 2
23421 0 13784 217 217 55 53
7620 1 21508 2 2 3 2
3069 4 14224 971 949 7 7
14224 4 25214 227 223 28 28
40563 2 6404 946 946 40514 40503
40653 2 6404 1373 1373 40498 40488
40687 2 6404 581 581 39990 39981
14071 0 278 3 3 214 34
13708 0 278 3 3 180 7
37453 0 278 5 5 183 8
18193 0 278 15 15 185 9
36053 0 278 2 2 175 3
40571 0 278 4726 4726 40534 40352
40564 0 12078 1705 1705 40361 40355
4462 0 12078 47 47 347 342
31848 0 10547 2 2 7 5
40565 0 6230 8881 8881 40260 40258
20013 1 1128 3 2 7 3
3348 0 20013 10891 10891 27113 27101
35716 0 21460 152 152 207 207
7754 3 1296 33 31 23 23
7754 9 26452 6220 6219 454 454
1296 9 9053 3 3 5 5
4834 1 21474 2 2 2 2
21474 0 2168 1 1 13 6
33636 0 27948 3181 3181 14546 14544
36719 1 21614 5 2 2 2
40647 0 36719 16131 16131 40721 40720
1594 4 35451 28 24 3 3
7059 1 37735 7 3 2 2
11387 0 1062 617 617 9919 9915
4472 1 1062 5 2 6 3
158 1 157 4 4 3 2
157 5 73 3 3 206 151
28915 0 6166 7 7 82 75
25685 0 6166 262 262 12580 12572
1741 5 6166 1 1 58 21
40566 0 3087 29 29 38967 38951
8935 1 20348 2 2 3 2
6215 5 8935 243 243 15730 15724
40567 0 5596 19811 19811 40791 40791
5596 1 2050 6 3 4 2
14614 1 632 3 2 5 3
23862 0 20853 16184 16184 31792 31791
39256 0 292 2 2 497 248
31751 0 292 4 4 273 26
6985 0 292 2 2 269 23
2794 0 292 1 1 234 2
17776 0 292 1 1 243 5
29809 0 292 2 2 252 9
6800 0 292 175 175 7112 6860
2388 0 292 1 1 238 4
34453 0 292 1 1 240 5
8087 0 292 3 3 265 20
35031 0 292 1 1 247 5
7483 1 4704 2 2 3 2
7381 5 7483 1 1 6 2
18107 1 7419 3 2 3 2
18107 1 33365 4 2 2 2
30799 0 3068 36 36 411 397
18024 1 18023 6 3 3 2
24564 1 1410 37424 37423 24131 24131
11009 0 24586 14 14 82 80
27654 0 11009 8 8 5 5
9001 1 31090 4 2 2 2
31091 1 31090 3 2 3 2
40568 0 19619 10324 10324 40831 40828
1193 4 5665 57 46 5 5
29132 0 160 5 5 230 192
21888 0 160 622 622 11013 10971
40545 0 160 7 7 178 141
14250 0 160 4 4 79 43
7765 1 3854 3 2 7 4
3854 1 4433 11 5 4 2
10544 6 10337 20 7 2 2
10544 6 30885 656 641 931 931
10544 6 17616 14 2 2 2
10544 6 33395 12 1 1 1
10544 6 32223 98 84 9 9
2466 0 11399 584 584 6482 6476
5110 1 14834 12 3 9 6
5110 1 22509 6 3 3 2
5110 1 13199 10 3 4 2
30654 0 2915 2520 2520 30957 30953
878 1 16142 25 21 26 22
16142 1 878 24 20 25 21
12156 1 16142 4 3 5 2
1555 4 14720 805 799 254 254
1555 0 39 3 3 482 273
27854 6 9726 4 2 2 1
22790 1 20846 4 2 3 3
40569 0 28991 39915 39915 40381 40381
31570 1 22745 3 2 2 2
6277 4 13724 308 302 20 20
22265 1 15939 3 2 2 2
3601 4 11291 281 280 40 40
18464 4 28236 80 80 61 61
21200 1 24456 9 3 7 4
18828 1 21200 4 2 11 5
8407 1 5210 6 3 5 3
5210 1 9174 4 2 2 2
8298 1 8297 2 2 9 2
35442 0 21 9 9 1328 1260
5771 4 35442 2280 2271 151 151
16159 1 6497 7 3 5 3
1826 4 36945 141 134 2 2
15560 1 16616 5 3 5 3
5937 1 15560 4 2 3 2
16616 1 35701 7 5 3 3
24090 0 27455 4371 4370 11273 11273
3209 1 19072 3 2 4 2
3209 1 2516 2 2 3 2
6274 0 3209 1292 1292 30837 30833
32074 1 32874 5 4 3 2
1353 1 16331 7 2 5 3
11260 1 11259 3 3 4 2
21431 0 11260 7 7 38 36
5666 0 8929 2 2 152 137
21034 0 2918 6934 6934 22173 22093
31631 0 2918 12830 12830 25520 25439
39298 0 4365 7 7 2257 2242
38449 0 23581 2 2 39 36
923 0 12300 18933 18933 4604 4604
785 8 923 2534 2087 3 3
16936 0 39 3 3 204 8
6688 0 39 13 13 800 588
33920 0 39 4 4 590 379
16930 0 39 4 4 266 62
16260 0 39 3 3 252 50
9285 0 39 2 2 226 27
36679 0 39 3 3 497 287
13037 0 39 3 3 257 54
17754 0 39 4 4 241 40
34332 0 2518 1 1 72 4
24798 0 2518 12 12 1329 1260
2518 0 4990 5 5 160 142
36326 1 67 2 2 3 2
31714 6 15538 16714 16713 5402 5399
25285 1 25279 3 2 4 2
37786 0 14737 9 9 42 30
14737 0 4030 6 6 221 193
40570 0 10106 22889 22889 40585 40585
2527 1 15676 3 2 3 2
9741 1 22270 4 3 3 2
22719 0 8583 137 137 1169 1159
680 7 39181 21771 21710 10 9
680 7 29533 20738 20678 24 24
21810 4 40571 40206 40196 6349 6349
33488 0 4931 2347 2347 14312 14307
30169 4 22524 83 83 205 205
1374 8 9876 14088 14086 176 176
1374 6 6774 21 6 9 7
35169 3 35168 2 2 3 3
6888 0 11405 7612 7612 13184 13178
6889 1 6888 6 3 3 2
11405 1 12069 2 2 6 2
31720 1 33038 2 2 2 2
14747 1 16665 5 3 6 2
30485 0 12240 21053 21053 38985 38984
35384 1 24098 2 2 3 2
33950 1 24098 3 2 5 2
4617 4 2317 262 255 6 6
26645 0 18798 2 2 22 18
1038 4 20161 3933 3767 711 711
1038 4 39009 30650 30475 6379 6379
1038 4 31457 8186 8018 1979 1979
1038 4 35729 4646 4479 1200 1200
1038 4 9526 11206 11036 1435 1435
1038 4 36663 21501 21328 4942 4942
1038 4 25174 737 573 250 250
1038 4 29468 18677 18505 5498 5498
1038 4 40317 514 351 189 189
13441 0 13179 153 153 806 805
31542 0 28557 25340 25340 37634 37632
5421 1 33580 2 2 3 2
8378 1 15959 2 2 4 2
35680 0 16547 16 16 472 467
4601 1 1480 3 2 7 3
23297 1 23798 53 52 35 32
36430 1 11632 2 2 9 3
7798 1 10220 3 2 4 3
23291 0 7798 5200 5200 14779 14776
9868 0 9017 1 1 13 2
14301 1 22543 2 2 4 2
9933 4 37354 547 547 510 510
12205 1 12204 2 2 4 2
24146 0 17669 2039 2039 5963 5961
28393 0 1434 2 2 205 145
18831 4 28393 8096 8094 316 316
36594 0 1434 8 8 1925 1864
26925 0 1434 1 1 60 1
18116 4 1434 8 2 2 2
21358 1 8040 5 4 18 14
12579 1 8040 4 2 5 2
33003 0 10761 15800 15800 3674 3674
23374 0 739 58 58 286 283
32479 1 37820 4 2 2 2
2181 8 30733 52 49 3 3
15394 1 32040 3 2 2 2
28746 1 24321 6 3 5 4
28746 1 16782 5 3 4 3
37839 0 2110 6 6 546 354
38849 0 2110 2 2 193 8
9193 0 2110 3 3 331 141
20494 0 2110 3 3 219 32
38709 0 2110 7 7 284 95
30037 0 2110 2 2 527 336
36409 0 6991 14483 14483 37104 37096
36409 1 20042 5 4 4 2
39061 0 914 7 7 27 21
24739 5 914 489 489 38534 38242
40612 5 914 143 143 40619 40326
14021 5 914 1 1 297 18
22854 5 914 1 1 325 44
40047 5 914 1 1 428 144
4847 5 914 1 1 278 2
25072 5 914 1 1 287 9
7476 5 914 4 4 6888 6599
792 5 914 1 1 279 2
914 1 19506 3 2 3 2
8543 1 28419 2 2 3 2
4324 4 13072 15 2 4 4
3407 0 643 229 229 741 735
3855 1 643 9 4 5 3
37188 1 1558 2 2 9 3
40712 0 1558 2182 2182 39968 39954
26674 0 1558 4 4 463 450
30420 0 22047 786 785 3296 3295
35704 4 40572 39518 39518 5689 5689
37073 2 7 1 1 39 3
8520 1 5407 3 2 2 2
30398 5 5407 1 1 28 4
11562 0 9512 455 455 423 422
40684 0 9512 1792 1792 40288 40286
11780 1 18482 4 3 3 2
2837 0 36460 99 99 433 430
33600 0 2837 947 947 36638 36633
40573 0 11043 7803 7803 40689 40667
40574 0 11043 7933 7933 40795 40772
21093 0 11043 9 9 50 29
40497 0 85 2 2 330 97
1958 0 85 12 12 3665 3422
39304 0 85 12 12 1439 1199
30762 0 85 5 5 636 401
8844 0 85 37 37 1150 911
24944 0 85 67 67 4562 4318
40402 0 85 2 2 351 117
5552 0 85 7 7 9524 9279
1522 0 85 14 14 19973 19727
37844 0 85 10 10 922 685
40665 0 85 191 191 39732 39485
5115 0 85 19 19 3093 2852
28159 0 85 10 10 1078 840
85 0 12888 2 2 42 33
31425 1 15729 3 2 4 2
12042 1 1777 5 3 3 2
12042 0 8268 14 14 52 45
18518 1 14006 4 2 3 2
23766 5 7293 4 2 5 4
15279 0 23766 6 6 14 14
33175 0 5978 26045 26045 35318 35296
15358 1 15357 2 2 2 2
16701 0 1677 5 5 163 109
13 0 1677 13 13 205 150
30757 0 1677 4368 4368 12994 12936
7419 1 5076 3 2 6 2
27444 1 17724 3 2 4 3
294 1 18895 4 2 3 2
40575 0 22039 14202 14202 40621 40617
31455 0 1027 3 3 226 74
16597 0 1027 3 3 164 13
40576 0 40452 26922 26922 40837 40837
35090 0 17121 16774 16774 35092 35090
19086 6 21626 5 1 4 1
7887 1 7886 3 2 2 2
34521 6 37498 34 34 3 3
12662 1 40577 40342 40336 3175 3175
40577 1 12662 1965 1965 40300 40294
39496 1 16365 36777 36777 14522 14522
16365 1 39496 18323 18323 37320 37320
11479 1 5180 3 3 3 2
956 1 5180 4 3 7 2
12458 6 16563 49 46 9 8
12921 1 25846 10 3 3 2
36880 4 37832 2139 2139 1186 1186
877 1 14090 410 405 43 42
14090 1 877 35 34 359 354
8082 0 81 1 1 47 2
2497 1 13459 2 2 2 2
31712 0 2497 515 515 10846 10746
25460 0 2497 4 4 6088 5989
30267 0 2497 2 2 1157 1063
14684 0 2497 2 2 668 576
15327 0 284 32 32 6146 5920
32738 0 284 36 36 244 25
7747 0 284 3 3 232 15
23048 0 284 6 6 273 52
36041 0 284 3 3 224 8
38651 0 284 5 5 1277 1053
13843 1 13842 3 2 2 2
38649 1 19488 23084 23084 32484 32484
21810 0 2687 1 1 41 5
5646 1 5645 7 3 7 3
5184 1 28989 4 2 3 2
16262 0 16080 551 551 39690 39687
16080 0 314 4 4 52 46
38255 0 18636 20 20 12 11
16914 1 1218 2 2 5 2
11597 1 2084 7 3 3 2
26872 0 11597 3 3 7 6
38264 0 1629 3 3 15 5
15932 0 1629 5 5 84 73
14940 0 1629 4441 4441 18782 18769
23686 1 7865 2 2 4 2
40578 0 971 1787 1787 40474 40470
4933 0 1287 19 19 244 205
17077 1 1287 3 2 14 5
21855 1 1287 2 2 13 5
2477 9 9034 2 2 5 4
9035 1 9034 3 2 6 3
9452 0 16895 12608 12608 36126 36125
15534 4 27189 928 927 645 645
15549 0 5198 4 4 1594 1574
29419 1 23228 4 2 5 3
29419 1 16566 5 2 3 2
29983 1 29419 2 2 3 2
8761 0 9048 5 5 1762 1746
16341 0 9048 6 6 1860 1843
18043 1 6871 70 69 2459 2457
14676 1 15857 3 2 5 2
4402 1 31378 5 2 3 3
1144 1 9716 2 2 2 2
20128 4 19080 25 21 2 2
20128 4 32553 5 2 3 3
40579 0 33801 23567 23567 40278 40277
39697 0 33801 16683 16683 39852 39852
10515 1 20545 5 2 2 2
10515 1 23161 4 2 3 3
20152 1 10916 6 3 3 2
15078 0 1542 474 474 34528 34507
3408 6 8332 138 63 5 5
3408 6 33157 75 2 4 3
3408 8 40605 40846 40779 1480 1480
3408 4 1256 37 37 8 8
22973 6 8518 168 168 64 63
15512 6 8518 20 17 2 2
37981 1 37980 2 2 2 2
36402 6 38419 64 64 25 25
35889 0 1222 62 62 12904 12892
1630 4 3954 51 46 4 4
27378 5 2295 1 1 131 33
16787 5 2295 2 2 318 218
2295 0 20085 24 24 23 21
2674 1 25490 9 3 2 2
2674 1 37183 7 2 2 2
31859 5 11873 1416 1416 13241 13237
18301 1 11873 3 2 4 2
3961 4 38195 32 30 4 4
10495 0 65 8 8 82 72
19204 0 65 8 8 101 90
29854 0 65 1 1 26 17
4387 0 16744 2795 2795 20827 20824
14355 2 1137 1 1 111 6
31617 2 1137 1 1 109 5
10756 2 1137 1 1 99 2
23780 2 1137 1 1 100 2
19983 2 1137 1 1 107 4
20239 2 1137 1 1 113 7
40735 2 1137 183 183 40390 40282
3870 6 7609 24 18 4 4
12556 0 3870 185 185 214 208
1226 4 6870 33090 33066 20213 20213
23617 4 1226 167 165 3 3
6870 4 29653 191 191 627 627
2536 1 11404 7 5 3 2
2536 0 5973 6183 6183 17659 17656
12282 1 7778 2 2 3 2
40580 0 22983 23899 23899 40765 40763
12754 0 184 1 1 291 2
2752 0 184 3 3 304 8
30560 0 184 2 2 301 7
31172 0 184 2 2 313 13
36649 0 184 1 1 287 2
39598 0 184 1 1 292 2
29336 0 184 2 2 300 7
3249 1 9317 5 3 3 2
20805 0 11858 7857 7857 10534 10527
40593 0 11858 8725 8725 40344 40336
11617 1 36457 4 3 2 2
11617 1 3182 5 3 3 3
3060 0 11617 2 2 9 4
40581 0 12650 7401 7401 40614 40593
11149 6 40581 40836 40812 10071 10071
785 8 11138 2052 1607 2 2
785 8 40710 40835 40363 1002 1002
785 8 36327 26879 26413 32 32
785 8 39015 27763 27296 19 19
785 8 38312 7401 6950 15 15
785 8 27403 11869 11416 4 4
785 8 1422 1506 1063 4 4
785 8 22169 20923 20463 171 171
785 8 30680 19700 19241 30 30
785 8 37209 21493 21031 4 4
785 8 24124 17615 17158 3 3
785 8 25693 12257 11803 21 21
785 8 446 5762 5313 21 21
785 8 21727 7345 6895 3 3
19992 0 27240 178 178 63 61
6448 0 20717 14 14 94 84
5058 1 6448 2 2 5 2
21155 1 6448 3 2 7 2
40663 0 6448 5767 5767 40577 40572
40582 0 6644 27149 27149 40819 40809
35177 1 298 2 2 3 2
6700 0 2052 5 5 28 26
15310 1 13032 10 3 6 4
20936 1 17024 5 2 2 2
7054 0 20936 37650 37650 34361 34360
39068 0 5731 36716 36716 38673 38673
40583 0 290 17645 17645 38019 37974
8787 0 290 3 3 258 214
28170 5 290 8 7 68 45
27556 5 290 36 36 2061 2037
4123 1 290 5 3 4 3
2858 4 290 935 902 46 46
38753 0 16960 6 6 73 68
29292 1 20260 4 3 3 2
7491 1 3611 6 2 2 2
10450 4 40584 40379 40373 17105 17105
40584 0 427 17518 17518 40871 40798
7966 0 9605 10 10 150 147
32027 0 12798 926 926 288 288
32795 1 1063 2 2 3 2
2920 1 17874 2 2 3 2
2920 1 4427 5 4 6 2
129 1 4427 3 2 8 3
32885 0 13252 6608 6608 36208 36204
16493 0 20467 38 38 21 21
40585 0 38674 2883 2883 40320 40320
34 3 10832 646 646 758 758
8982 1 26420 2 2 4 3
2675 0 965 1 1 37 6
16821 0 965 1 1 40 8
17630 0 9068 294 294 7906 7903
18501 6 11746 490 490 620 620
18495 0 17922 31169 31169 38142 38141
17278 2 7488 3 1 10 7
2499 1 13511 3 2 2 2
36662 1 17710 2 2 2 2
36331 1 19237 2 2 8 2
18045 1 1998 7 5 8 3
3130 1 4954 8 4 9 2
13102 0 24336 5 5 13 11
271 8 28240 583 572 105 105
271 6 40624 40867 40839 30807 30807
12111 0 13254 29 29 495 485
19649 0 13254 4063 4063 24022 24011
10494 0 20781 2826 2826 39838 39835
5360 1 23897 2 2 3 2
23898 1 23897 3 2 2 2
17935 1 2212 9 5 2 2
9847 3 26719 25432 25424 6470 6470
33866 9 23829 2 2 2 2
40586 0 19015 4443 4443 40502 40488
40713 0 19015 5979 5979 40357 40344
22702 0 16200 7 7 13 11
3541 1 20787 2 2 4 2
6267 1 20787 2 2 3 2
24216 1 1742 4 2 3 2
1742 0 2571 2495 2495 1533 1531
9291 0 4466 573 573 12673 12672
3600 0 2216 3 3 12 6
29682 1 6044 4 2 4 2
40587 0 17191 25112 25112 40074 40071
16309 3 31279 9 4 3 3
40588 0 10342 33480 33480 35550 35549
15741 5 2786 3 3 3048 3036
2786 1 31467 2 2 3 2
22083 6 37406 16959 16958 443 443
27641 1 17450 2 2 2 2
5520 1 6140 2 2 4 3
37977 0 4550 3 3 120 27
22986 0 4550 3 3 182 86
13964 4 20032 3135 3122 30 30
20032 4 22514 4242 4238 23628 23628
5289 1 2452 5 2 7 3
6078 0 5289 620 620 7809 7797
32 4 22428 29153 29136 8176 8176
25738 1 1502 4 2 4 2
27499 1 25738 4 2 4 2
11607 6 9604 28133 28132 17777 17777
383 9 6658 4 4 5 4
6658 1 382 8 3 5 3
16197 1 6658 3 2 8 3
24259 0 16169 3807 3807 26043 26007
22335 0 16169 3 3 8476 8441
25952 4 36629 100 100 51 51
32112 4 37795 3637 3637 172 172
20499 0 1592 5 5 18 13
19836 0 4030 3 3 53 28
3908 1 31477 3 2 4 3
7874 4 13716 498 470 55 55
10974 4 38608 104 102 25 25
1018 1 7659 2 2 6 2
7144 4 24030 28 26 50 50
12048 4 7144 112 105 3 3
5500 1 21297 9 3 4 3
5500 0 9200 3532 3532 533 533
27615 0 5220 2 2 26 14
19850 1 2151 4 2 5 2
16779 1 16998 3 2 2 2
10771 4 10410 4056 4052 1185 1185
10771 4 21127 1337 1334 1045 1045
12627 0 21127 3 3 42 39
40589 2 1646 80 80 39802 39761
32664 5 774 1 1 138 2
30156 5 774 1 1 125 1
27981 5 774 1 1 139 2
13550 5 774 1 1 129 2
21966 5 774 1 1 133 2
19088 5 774 2 2 1274 1136
27383 5 774 1 1 132 2
17731 0 774 5 5 110 100
21818 6 37463 21792 21790 1991 1991
10205 0 11093 377 377 5372 5351
36918 0 11093 202 202 20195 20172
2974 0 11093 107 107 10159 10137
13543 0 11093 13 13 245 225
14057 0 7284 35016 35015 7482 7482
7284 1 1156 5 3 6 2
3972 7 20913 19275 19197 3 3
3972 7 40458 7496 7419 4 4
36867 0 8952 28391 28391 2816 2816
39341 4 7922 272 272 30 30
9031 4 34522 1639 1619 436 436
9031 4 36372 68 50 12 12
9031 4 22734 234 215 12 12
40590 0 27411 31701 31701 40905 40903
5334 0 8355 27 27 21314 21290
8355 0 37159 4188 4188 32431 32431
29370 0 32370 392 391 280 279
38392 0 2833 1957 1957 39015 38999
17123 1 22282 2 2 3 2
11931 1 23210 4 3 2 2
3929 1 6637 16 5 4 3
39809 0 15772 20 20 52 52
3014 1 16068 2 2 2 2
5872 1 17690 6 3 2 2
38213 0 13538 15 15 12099 12093
15641 1 27635 6 2 3 3
33238 2 955 9 8 84 72
5920 0 30694 27179 27179 32772 32771
14280 1 5920 7 2 9 3
15530 0 4225 2828 2828 34948 34948
28112 0 19783 6 6 55 52
31385 0 19783 124 124 796 792
1220 0 19783 1249 1249 7988 7983
15603 1 15 5 2 5 4
15 1 5976 4 3 4 3
4744 1 27814 7 2 3 2
26459 0 12430 2007 2007 7179 7176
12430 1 4066 6 2 4 3
9361 1 26566 5 2 2 2
4323 1 10025 5 2 3 2
30746 0 4323 611 611 21704 21703
21869 4 16617 45 44 31 31
26942 1 31134 2 2 2 2
12877 0 4127 21 21 124 121
9331 0 9481 2535 2535 17153 17152
11045 1 10096 7 3 4 2
18526 1 6001 2 2 4 2
6002 1 6001 2 2 3 2
4984 1 3637 2 2 2 2
33272 5 4984 74 74 4742 4736
40591 0 2215 21837 21837 40815 40809
26189 0 15682 459 458 844 843
8657 6 18527 19501 19501 8160 8160
2095 0 4792 135 135 51 48
17447 0 4792 84 84 131 127
32551 0 7192 1690 1690 26094 26074
727 1 7192 6 3 5 2
38904 1 15390 41 41 2300 2299
38713 1 6445 3 2 8 3
36718 0 38713 1154 1154 6987 6987
21331 0 14398 766 766 1493 1492
1671 0 8078 3 3 15 4
16941 6 5249 2 2 3 2
34019 0 7149 33 33 5277 5239
18807 1 18806 9 5 2 2
16369 1 3715 3 2 3 3
18079 1 16369 2 2 6 2
26616 0 24680 5018 5018 29232 29230
26616 1 11969 4 3 5 5
36080 0 34647 25233 25232 6997 6997
9970 1 22186 6 4 4 3
21084 4 35872 22 20 4 4
38715 0 5011 3 3 18 9
4226 0 11100 128 128 5042 5025
18612 4 33719 95 74 22 22
40592 0 3742 1813 1813 40294 40271
40481 0 4992 2179 2179 40718 40716
39479 0 28777 2245 2245 1525 1525
1650 1 40174 8823 8816 2150 2150
1650 1 1311 8 3 5 2
1650 0 21879 3751 3751 9565 9565
16394 1 1650 5092 5092 26797 26789
9761 0 1650 16 16 31 27
7968 0 239 313 313 9023 8768
7968 1 11878 3 2 3 2
3491 0 239 19 19 1115 868
40419 0 239 1104 1104 9770 9513
17572 0 239 48 48 3111 2862
134 0 239 9 9 732 486
40620 0 239 1726 1726 39354 39087
5037 0 239 67 67 3686 3436
23341 0 239 81 81 9999 9741
30294 0 239 134 134 10442 10183
11839 0 239 31005 31005 35438 35174
38423 0 5720 38306 38305 40647 40639
36383 0 6139 3434 3434 39880 39873
23143 1 19335 6 2 5 5
6619 1 23143 3 2 4 2
2002 0 19290 16344 16344 32313 32313
2033 1 10164 7 3 2 2
34032 0 13475 318 318 2623 2621
34006 1 34291 3 2 2 2
1920 4 13057 396 341 61 61
1920 4 14332 616 560 143 143
1920 4 17214 104 51 3 3
1920 4 20671 361 307 39 39
4419 1 1849 7 2 2 2
4419 1 8002 6 2 5 3
32151 5 11426 2 2 36 26
18951 4 31532 37436 37428 37401 37401
18951 4 32437 1011 1004 1396 1396
30591 0 49 21 21 120 109
3608 4 24144 364 339 8 8
3608 4 19987 461 435 13 13
3608 4 751 356 332 6 6
17073 1 4982 3 2 4 2
30457 0 3668 868 867 12175 12168
13681 4 18265 69 63 36 36
13681 4 39987 313 306 39 39
18301 5 1981 7 7 8264 8210
40455 0 26054 20151 20151 40829 40827
9094 1 352 3 3 10 2
352 1 26517 54 45 24 22
18661 1 12085 3 2 2 2
15620 4 22311 653 647 65 65
33409 0 22311 72 71 1840 1839
1258 1 1257 2 2 4 3
1258 1 7835 3 2 4 3
7440 9 35492 2 2 2 2
40594 0 32069 39782 39782 38385 38385
4292 1 4291 9 2 2 2
13227 1 13641 8 3 6 5
13227 1 540 6 3 6 4
12002 1 7957 4 3 3 2
40595 0 26503 20863 20863 40729 40729
40596 0 16944 6212 6212 40614 40609
16944 1 16943 3 2 4 3
13138 1 13137 4 3 4 2
23155 0 3062 15 15 62 51
40600 0 3062 8481 8481 40633 40621
13408 5 2064 5 5 150 126
2652 1 15263 6 3 3 2
606 1 31605 5 3 2 2
27110 0 11322 1814 1814 2599 2596
9199 1 6691 8 7 5 2
6691 1 35867 4 2 3 3
15253 1 22571 7 4 6 3
22571 1 16934 7 3 2 2
12011 0 9758 38 38 1024 1004
12011 1 4723 2 2 4 2
27410 0 9758 5 5 290 273
11818 1 12928 4 2 4 3
14656 1 11818 3 2 4 2
16439 0 3281 11429 11429 34955 34952
3281 1 5769 5 3 6 2
23498 1 35393 2 2 2 2
12469 0 15650 4 4 2 1
19415 4 36359 550 544 138 138
19415 4 9039 283 278 43 43
15564 1 25098 4 3 3 2
29421 2 28324 40368 40367 22179 22179
4753 0 1271 7 7 51 43
403 1 1271 4 2 8 4
26741 1 17064 6 3 3 2
31116 1 29683 2 2 3 2
31116 1 10855 14 13 9 8
11565 0 19217 1001 1001 892 891
10666 1 2269 3 2 5 3
38441 0 610 7 7 103 68
40747 0 610 2063 2063 40093 40056
38589 0 610 4 4 1513 1477
39062 0 610 3 3 44 10
8986 1 27775 8 3 4 3
40597 0 1285 21972 21972 40637 40630
14201 1 22872 6 2 3 2
14201 1 22141 5 2 2 2
17803 0 34579 5 5 8 7
37095 0 34579 39 39 137 135
11611 1 4777 5 3 7 3
20848 1 4777 3 2 6 3
11687 0 11199 77 77 10524 10506
14407 1 11687 3 2 3 2
2991 1 29472 3 2 3 2
13950 0 13637 6 6 15 11
21726 0 13637 11 11 150 145
23452 0 27533 1344 1344 32856 32854
6739 1 1414 4 3 14 3
11097 1 1414 4 4 11 2
1379 9 8161 3 3 3 3
35420 1 23199 2 2 4 2
23199 1 8758 4 2 3 2
39781 4 29034 47 47 3 3
24328 1 26984 4 3 4 2
27592 0 883 18 18 884 662
26057 0 883 12 12 422 204
35017 0 883 5 5 678 458
31955 0 883 6 6 1199 976
14966 0 883 5 5 266 51
11358 1 11357 3 2 2 2
21577 1 19963 4 2 6 5
28849 6 1609 375 372 59 58
1609 6 8263 23 17 3 3
8531 0 14081 119 119 861 850
28503 1 28407 2 2 2 2
39294 0 17478 114 114 434 430
40598 0 2348 11987 11987 38601 38599
23960 0 13199 1075 1075 34876 34873
399 1 398 5 2 4 3
24160 0 6684 85 85 301 298
40599 0 11712 18860 18860 36626 36625
18982 0 5876 57 57 269 267
18213 1 5876 33 31 25 25
5876 1 18213 21 21 31 29
34510 4 19961 6 4 2 2
30259 1 21208 6 2 3 2
17577 4 34771 10 10 6 6
30657 1 2445 3 2 2 2
19374 4 10501 11457 11457 273 273
26690 6 38361 1454 1453 136 136
5142 6 18018 15245 15230 1218 1218
8335 6 5142 95 84 28 27
7831 0 21055 471 471 5083 5079
27907 1 14404 20369 20368 34174 34172
14404 1 27907 31726 31724 21748 21747
1175 0 14404 23 23 14 12
25106 0 38339 27470 27470 37258 37258
7779 1 33053 3 2 2 2
4104 1 7779 3 2 3 2
7006 0 36034 452 451 719 717
35113 9 26863 2 2 3 3
12815 4 20100 32 11 3 3
9564 1 1329 2 2 6 2
21276 0 3984 10723 10723 40322 40312
1652 0 3984 130 130 34979 34970
3625 0 4435 45 45 178 176
31367 0 4435 1636 1636 12528 12525
30581 1 16682 2 2 5 2
36064 5 2176 34 34 13855 13749
99 5 2176 1 1 188 89
9641 5 2176 1 1 228 127
16171 5 2176 8 8 1613 1509
26128 5 2176 265 265 18803 18696
1908 5 2176 1 1 197 97
10424 5 2176 2 2 404 302
2176 1 11120 4 3 2 2
10 4 8672 40 35 7 7
4643 6 5961 140 134 6 6
16211 1 18929 2 2 2 2
4844 1 15639 3 2 8 3
21835 1 36257 2 2 2 2
32931 2 5970 306 305 723 718
19745 1 2237 5 2 4 2
10276 0 5907 31 31 27 24
20837 1 9151 2 2 5 2
15147 0 1938 14 14 786 780
18040 0 11068 4 4 41 28
5173 4 23709 257 252 31 31
15430 6 9646 835 834 190 190
15430 4 3544 60 44 6 4
1388 1 20463 2 2 2 2
39201 0 10557 3 3 15 7
4701 6 6142 21 21 9 9
39620 5 4701 1 1 22 1
17538 5 1819 5 5 7043 7002
14012 1 8954 7 3 5 2
5148 4 21781 220 220 122 122
22752 1 11878 6 3 4 2
26368 1 8800 2 2 3 2
24546 9 793 2 2 6 6
33697 0 1749 32 32 176 162
12548 1 7959 2 2 2 2
2170 6 36952 1555 1527 15 15
2170 6 1435 659 632 9 9
2170 6 17789 356 330 61 60
40628 0 2170 2489 2489 39996 39974
11745 1 17019 4 3 5 2
1914 6 18394 10506 10482 423 423
1914 8 19753 253 243 39 39
4058 0 9924 5 5 49 42
37876 0 4058 21 21 31 21
8628 0 14367 142 142 675 670
8628 3 14961 14599 14597 1672 1672
39060 0 9003 12155 12155 23403 23403
23809 0 3362 7 7 13684 13631
18746 0 3362 164 164 7977 7925
34253 0 3362 79 79 5535 5484
29236 1 35973 4 2 2 2
29236 1 29751 3 2 2 2
1764 1 26830 14 10 9 8
26830 1 1764 9 8 19 15
40262 4 38717 2 2 4 4
22671 0 21247 16626 16625 27695 27695
9129 4 26293 180 170 49 49
20158 1 33956 3 2 2 2
35386 0 2558 7 6 41 28
35386 1 4810 2 2 3 2
34559 0 2558 9 8 114 100
2101 1 33146 11 3 13 12
2101 1 20147 9 2 4 3
2101 1 15727 7 2 2 2
34312 6 40486 418 418 289 289
2381 6 39759 958 952 78 78
34198 0 4847 175 175 21192 21162
38741 0 4847 176 176 428 399
26334 1 17027 5 2 2 2
26334 1 11324 4 2 3 2
4277 0 4056 2767 2767 21265 21262
11573 0 4056 6284 6284 39299 39295
24326 1 19636 5 3 3 2
37944 0 6042 4 4 3204 3194
6042 0 11666 1 1 15 1
40749 0 24944 6047 6047 38527 38526
8498 1 7256 4 2 4 2
16881 1 9338 2 2 5 3
25360 1 30394 4 2 2 2
16533 1 457 6 4 4 2
16533 1 5139 7 4 6 2
5139 1 20874 6 2 2 2
113 6 26801 285 283 60 59
18225 4 31949 177 175 11 11
31096 0 26764 30992 30992 17936 17936
23445 1 20144 2 2 3 2
1322 6 37390 869 858 625 625
35223 0 31661 4 4 343 339
6083 4 7925 21 21 4 4
36842 0 4161 4 4 134 107
40673 0 4161 8448 8448 40439 40409
17498 1 21619 4 2 2 2
17498 1 1654 5 2 4 3
39970 0 3052 2433 2433 32384 32383
25857 0 28155 2 2 7 7
35205 0 10662 53 53 14071 14064
3104 0 10662 961 961 1779 1773
27896 6 40601 40831 40830 26252 26252
4359 1 21993 3 2 5 2
28307 0 21993 504 504 1288 1287
40602 0 300 5136 5136 40633 40526
21701 0 300 15 15 783 680
18354 0 300 369 369 19398 19294
7446 0 300 5099 5099 30945 30840
40703 0 300 1024 1024 40297 40191
21213 1 25178 3 2 2 2
11884 9 3041 12 11 4 3
9796 4 30359 10 7 5 5
4764 1 21744 7 3 2 2
13887 1 1866 4 2 2 2
13675 1 13726 3 2 2 2
27185 1 27184 2 2 3 2
29913 0 959 2 2 413 383
21128 0 959 4 4 78 49
30482 5 985 3 3 255 189
6067 5 985 3 3 155 91
12898 5 985 4 4 330 263
33867 0 985 72 72 2013 2008
19990 0 985 8 8 87 83
6754 1 35743 4 2 3 3
12952 0 38827 1422 1422 954 954
16576 1 38827 4 2 2 2
1678 7 27909 513 276 2 2
1678 7 17606 1381 1141 5 5
1678 7 34411 616 377 2 2
1678 7 38159 292 61 1 1
1678 7 33433 341 108 1 1
10710 1 38566 2 2 2 2
23757 2 2023 2 2 223 172
8705 2 2023 1 1 58 10
2286 2 2023 3 3 73 24
7964 3 1791 5 4 6 3
5580 0 3139 2332 2332 8587 8579
19705 6 7282 1184 1183 181 181
11170 1 15337 6 2 4 2
22652 4 28628 87 87 23 23
40603 0 5178 13194 13194 40751 40719
40753 0 5178 7005 7005 40539 40508
5607 1 5839 3 2 4 2
27112 0 5607 2133 2133 20998 20992
40604 0 3773 5491 5491 39566 39566
23502 0 3591 22 22 290 284
3591 1 23828 7 4 6 4
3591 1 4974 6 4 6 4
13512 1 11627 2 2 3 2
11627 0 32691 10142 10142 40085 40085
40605 0 7851 36281 36281 40510 40510
40536 0 2861 605 605 2328 2319
18541 6 29772 111 111 25 25
17171 1 14314 10 10 6 4
6430 1 1025 5 2 5 2
33808 0 12168 10 10 172 136
4680 3 30046 78 77 169 169
4680 1 4679 2 2 2 2
26874 1 21974 4 2 3 2
40606 2 9677 5168 5168 40490 40490
13297 4 19277 30 30 10 10
871 1 6778 3 2 7 2
6778 1 18012 7 2 7 5
3278 1 37105 2 2 3 2
40607 6 7316 11736 11736 40776 40775
40607 6 2974 19925 19924 40439 40439
39590 2 17930 3 1 12 3
35134 1 29177 2 2 3 2
37759 4 33633 237 237 58 58
18141 0 20337 71 71 11214 11208
25756 0 18141 36731 36731 10644 10644
31924 0 2137 1 1 13 1
16768 1 3527 4 3 2 2
15053 1 25331 6 3 3 2
2951 1 25331 11 6 4 2
26706 8 17041 53 45 106 103
26404 4 38397 32 32 16 16
40608 0 11269 37259 37259 40729 40727
570 4 37732 174 172 61 61
9157 2 17319 4 3 5 2
16875 1 3343 4 2 6 2
9424 9 9423 2 2 2 2
9424 9 30295 65 64 161 160
30295 9 9424 97 96 70 69
28528 2 1425 269 268 3742 3721
40661 2 1425 4968 4968 40717 40695
16252 0 2071 4 4 64 43
8344 1 23341 3 2 2 2
23784 1 34483 2 2 2 2
7763 1 7762 5 3 2 2
30165 5 860 7 7 3721 3651
17944 5 860 301 301 19200 19127
9290 5 860 14 14 9232 9161
15462 1 30636 5 3 2 2
35232 1 35821 2 2 2 2
25564 0 8404 61 61 6042 6024
33907 0 24173 2924 2924 40016 40015
26592 0 8194 4 4 32 30
483 0 8194 262 262 566 563
9566 1 3309 5 2 2 2
40609 0 27148 2993 2993 37058 37054
40718 0 2951 13828 13828 40195 40194
11761 1 12999 6 3 4 3
26237 1 26236 3 2 2 2
24009 6 38249 3 3 2 2
38964 6 24009 44 41 6 6
3708 0 9694 681 681 3808 3805
40610 0 22619 5251 5251 40485 40479
25185 1 32634 3 2 2 2
40611 0 12710 3010 3010 40439 40436
5005 9 12710 8 7 6 5
7711 4 13896 41 33 4 4
21444 0 1668 8 8 427 358
17426 0 1668 10 10 2330 2260
38358 0 1668 1604 1604 27632 27560
5746 1 1668 3 2 4 2
26493 0 228 5 5 3364 3290
40675 0 228 13356 13356 40153 40076
22038 0 228 5 5 3256 3183
12895 4 10906 9381 9379 44 44
40453 0 10316 4 4 23 15
112 6 11189 79 33 2 2
3830 1 905 2 2 3 2
708 1 707 5 3 3 2
22664 1 9804 2 2 3 2
36523 0 4686 3684 3684 9864 9864
35422 0 10385 3053 3053 6886 6884
30775 4 5073 12605 12605 9790 9790
5073 1 5072 3 3 2 2
10680 6 18425 384 383 481 481
15029 1 11029 4 2 4 2
38345 0 7537 8389 8389 14654 14653
350 4 38228 1961 1958 1707 1707
10620 0 1244 13 13 405 121
40677 0 1244 8673 8673 40690 40398
33735 0 1244 11 11 338 56
15016 0 1244 7 7 404 121
29065 0 1244 2 2 304 23
15149 0 1244 2 2 284 7
16145 0 1244 7 7 741 452
10903 0 1244 21 21 5419 5128
4345 0 1244 13 13 287 9
30266 0 1244 3 3 280 4
36703 0 1244 11 11 431 144
19553 4 9540 113 113 4 4
450 4 20276 56 38 13 13
21982 4 450 135 129 10 10
37161 1 14121 6 6 8 6
20816 1 14121 4 3 6 6
11305 0 14274 13 13 78 73
12347 9 39027 3 3 2 2
17462 6 8373 496 481 80 80
17462 6 38751 638 622 51 51
11067 1 10029 2 2 3 2
5221 1 11848 2 2 2 2
6901 1 3580 8 4 4 2
15047 9 3513 6 3 13 11
3513 1 12072 10 4 9 4
19227 0 8492 9037 9037 30185 30182
12728 4 4840 151 142 6 6
12728 4 40336 189 179 15 15
1053 1 5405 4 2 2 2
1053 0 507 1001 1001 2672 2656
523 6 11110 33 6 36 35
34511 0 17252 1 1 14 2
11212 1 11211 3 2 4 2
8644 1 17442 6 3 2 2
40700 0 8644 3523 3523 40342 40330
19547 0 23405 90 89 641 631
3994 1 3993 49 44 27 24
31541 0 27211 24769 24769 25777 25775
36276 0 3679 4 4 46 36
40613 0 3721 13009 13009 40364 40328
14007 0 34084 6 6 11 7
26371 0 12250 9 8 17 15
28054 5 12250 1279 1279 22759 22746
39517 2 40614 40459 40458 9590 9590
40614 0 621 15858 15858 40620 40618
6014 0 1641 452 452 9868 9862
4778 0 1641 713 713 4447 4442
12527 1 31620 3 2 3 3
24997 4 4731 728 728 1030 1030
36026 0 2392 19251 19251 27663 27662
37802 0 2392 41 40 46 46
4182 4 2884 17 6 3 3
4182 4 36637 333 321 28 28
36637 0 1378 13 13 87 27
38852 1 36779 3 2 3 2
7696 0 251 1 1 55 1
28258 0 251 4 4 71 16
39711 0 251 847 847 26516 26460
24111 1 24110 2 2 2 2
40306 0 18126 463 463 40666 40657
12124 1 12123 3 3 2 2
15913 5 4475 2 1 23 4
19517 0 15913 11 11 40 36
4475 0 3779 1013 1013 6490 6436
39636 0 19687 36863 36863 16783 16782
11271 1 27213 3 2 5 4
11271 1 32517 8 2 6 5
32517 1 8906 3 2 7 2
24608 4 30747 57 55 11 11
23217 1 24399 2 2 3 3
29094 0 19267 40 40 521 519
3498 1 449 2 2 2 2
449 0 18847 8588 8588 37755 37755
17435 1 8639 4 3 3 2
37239 2 1136 6 6 1247 1175
40615 0 34949 29013 29013 40791 40790
36310 0 13741 580 580 24169 24162
36310 1 33374 2 2 2 2
19988 0 5541 48 48 1736 1725
3478 1 3477 2 2 2 2
39338 0 2342 104 104 224 220
37502 2 2524 25 24 224 181
38205 2 2524 4 3 48 6
2714 8 39449 121 103 2 2
2714 8 36914 20538 20518 550 550
2714 8 10915 7848 7829 19 19
10239 1 23646 4 3 4 2
6491 4 33367 184 182 7 7
8572 1 2319 4 2 8 4
2203 1 3505 7 2 5 3
2203 1 2202 5 2 4 3
7534 1 2203 4 3 5 2
4312 9 1881 3 3 3 3
1881 1 32034 2 2 3 2
22224 2 6577 5 5 242 188
37828 2 6577 3 3 228 175
34631 2 6577 4 4 1351 1296
18135 3 961 8 6 41 40
18135 3 20631 3 2 3 2
20631 10 24127 2 2 2 2
26739 0 18996 1790 1790 30213 30205
26740 1 26739 4 3 2 2
40616 0 37405 26263 26263 40365 40364
32555 1 16514 2 2 4 4
57 1 14678 9 2 4 3
1750 1 14678 6 3 3 3
14678 3 3713 8 5 8 5
14678 3 24654 7 5 10 5
40617 0 20218 12775 12775 40431 40426
13411 1 23555 7 3 7 4
5505 0 11298 19651 19651 24945 24942
5505 3 11131 5 2 4 2
19316 0 4045 8072 8072 25613 25612
4899 1 9805 7 3 4 3
21273 4 25459 11 2 8 8
30787 0 1897 26088 26088 38430 38356
30787 1 8109 3 3 3 2
40728 0 1897 6611 6611 40543 40467
17481 0 1897 526 526 19420 19348
40740 0 1897 5310 5310 40499 40424
4621 1 4620 3 2 6 2
14843 0 23268 9 9 241 237
12016 1 12015 2 2 5 3
19364 1 19363 4 2 2 2
40432 0 5164 110 109 1094 1085
34663 2 34482 2418 2418 1649 1649
4270 7 27605 429 390 2 2
4270 7 39989 332 294 2 2
24865 1 29189 3 2 3 2
10074 0 7611 4 4 88 78
30125 4 21696 225 224 51 51
5262 6 1060 3948 3945 656 656
4252 1 4251 2 2 5 2
22399 1 16355 1289 1289 1002 997
40351 0 23777 3807 3807 15665 15665
28134 0 25797 2 2 2 2
36095 0 17496 2888 2888 1129 1128
40618 0 20146 24343 24343 39869 39868
11641 3 6465 15696 15691 261 261
17723 1 36872 4 3 2 2
40243 0 9712 78 78 66 62
31655 6 23676 450 447 77 77
7363 1 9383 3 2 7 2
927 1 19126 3 2 2 2
18550 1 11874 8 4 6 2
6872 1 17571 4 2 3 2
22182 1 3015 3 3 3 2
31726 0 2708 1 1 27 1
10510 1 31299 4 2 3 2
10510 1 11468 3 2 3 2
5637 0 14019 38 38 180 168
37295 0 5637 511 511 1855 1837
40651 0 14019 15212 15212 40732 40719
19127 0 32193 17692 17692 40103 40101
40619 0 17352 11111 11111 40699 40699
18931 1 7658 4 2 2 2
24917 1 24916 2 2 2 2
14958 0 8926 16194 16194 40617 40614
2199 0 12062 10 9 152 148
37781 4 33570 38 38 12 12
2638 1 13670 9 4 7 3
4988 6 37733 8564 8563 8127 8127
7538 0 2453 185 185 10417 10364
6470 0 2453 50 50 3444 3393
3450 0 2453 119 119 4359 4307
23404 1 36206 2 2 2 2
18078 1 18077 2 2 2 2
12966 4 7733 6 5 3 2
2725 6 35944 727 723 503 503
2725 6 38746 315 312 32 32
6374 1 6373 4 3 5 3
18028 4 23156 121 119 3 3
27874 1 9022 2 2 4 2
7520 0 6342 7 7 11 10
26885 1 36088 7 3 3 2
40337 0 3712 112 112 15813 15805
11866 0 2723 2 2 91 56
40672 0 2723 731 731 39869 39830
19663 5 5949 19 19 3903 3896
10405 4 39191 88 85 70 70
31833 0 2612 1348 1348 3466 3465
27749 0 2612 1456 1456 17784 17782
36563 6 10574 24 22 13 12
40621 0 17882 16997 16997 38008 38007
6572 1 34940 18 13 3 3
2450 1 6572 3 2 7 3
34940 1 6572 3 3 14 9
11303 0 16874 154 154 2642 2640
3894 6 39306 69 61 4 3
38351 1 38350 2 2 2 2
221 3 8712 4 2 8 4
8712 3 2533 7 3 5 3
40622 0 140 17033 17033 40737 40730
16189 1 10946 4 3 14 11
22380 1 29033 8 4 3 2
33769 1 969 2 2 2 2
21347 6 28199 11061 11061 428 428
5013 4 21215 112 111 11 11
40623 0 9319 14921 14921 40017 40015
9319 6 20165 81 77 20 19
22384 1 2522 3 2 9 2
30132 1 32978 2 2 2 2
28058 6 25609 31 25 18 17
4994 1 4993 2 2 3 2
515 0 2507 4 4 28 23
515 1 25909 9 2 3 2
2739 1 8642 9 3 2 2
8991 0 10772 335 335 13887 13875
1796 0 10772 249 249 9219 9209
28422 0 10772 154 154 9351 9340
21206 0 10772 11 11 2277 2268
3799 0 507 705 705 21333 21316
3335 4 15150 1050 1046 42 42
28623 1 16535 3 3 3 2
2736 4 39631 134 88 32 32
30472 0 13465 55 55 2102 2101
33343 1 22 2 2 5 4
10950 1 13236 8 4 6 3
2967 1 2966 2 2 6 2
39937 0 7513 3829 3828 2297 2297
9419 1 9418 3 2 3 3
39013 1 36698 2 2 2 2
29610 1 10919 2 2 2 2
4538 3 20612 15502 15502 2813 2813
30780 0 35793 12592 12592 38959 38958
24724 0 8582 1558 1558 17321 17313
8582 3 31244 30804 30804 23106 23106
32853 1 1076 2 2 10 2
16397 1 1054 6 2 9 4
1054 1 16397 8 3 6 2
20574 1 20573 2 2 2 2
17492 1 25092 4 2 4 2
38372 5 9152 1660 1660 18175 18171
20274 0 9152 347 347 1634 1633
20264 1 24542 4 3 4 3
18955 0 7329 14 14 154 147
23987 0 4369 15 15 763 743
4369 0 3 53 53 685 672
2124 1 1068 5 2 5 3
33595 0 1068 3612 3612 37832 37815
5628 7 37755 93 61 4 3
5628 7 12647 45 14 3 2
3996 1 6728 7 6 16 6
40624 2 8477 91 91 40683 40664
40625 2 1565 2592 2592 40682 40665
36784 2 1565 149 148 1850 1834
2962 4 22234 57 28 6 6
2962 4 29412 89 59 24 24
6633 7 36193 14835 14823 11 11
40626 0 614 9574 9574 40538 40535
31835 1 5813 19 18 19 12
25903 0 9834 1489 1489 36633 36628
16418 0 8858 4260 4260 32534 32522
32204 1 21012 3 2 13 10
36815 4 18543 909 909 1664 1664
5960 1 5959 2 2 4 3
5959 1 20633 15 13 6 5
3186 0 19366 1 1 7 1
34490 0 19366 1 1 5 1
9285 4 3566 12 9 3 3
28491 0 21937 25807 25807 3177 3177
14560 0 3579 40 40 2446 2434
1548 0 13970 211 211 1075 1068
24781 0 9745 1459 1459 10861 10858
37605 1 10437 2 2 3 2
21783 4 36057 52 46 3 3
39777 0 28386 2 2 8 8
12874 0 25149 6 6 54 49
34886 0 19548 1257 1257 31182 31181
38549 0 3218 32500 32499 38147 38140
6806 0 3218 5 5 33 28
5707 1 9142 4 3 7 2
21471 0 21813 1 1 4 1
3766 8 8009 31 25 16 13
13145 1 9402 6 3 3 2
17843 0 28399 4531 4531 2395 2395
40627 0 1666 8969 8969 40657 40645
1666 0 8325 1 1 10 1
654 0 412 11 11 97 90
14956 2 12037 2625 2624 13519 13514
617 6 6774 19 5 54 51
9968 1 9967 4 3 3 2
27085 0 35359 17 17 46 46
1637 1 34420 5 3 3 2
5730 0 36803 5126 5126 38762 38760
838 6 32152 130 122 20 20
23103 0 3276 17 17 258 241
35721 0 3276 31 31 1209 1191
18987 1 3276 5 2 4 3
40629 0 36565 18947 18947 39225 39224
1164 6 6638 11 6 8 6
34239 9 18569 3 3 4 3
11837 4 28447 199 192 20 20
28130 0 12447 1196 1196 1475 1471
3649 1 31930 3 2 2 2
11584 0 5856 79 79 3116 3090
15608 0 11584 51 51 743 740
33433 0 9304 73 72 1361 1351
11509 6 13575 9 8 4 4
3459 1 18716 52 41 12 12
28208 1 3459 2 2 16 7
18716 1 3459 12 12 59 48
33370 4 36554 46 46 8 8
36554 4 19332 3 3 3 3
28158 1 24705 3 2 2 2
3450 1 13968 7 3 6 5
32129 0 885 50 50 2497 2490
23550 0 341 7 7 194 188
20836 1 23921 7 4 3 2
23921 1 19782 3 2 2 2
20335 0 25270 8413 8413 987 987
32163 4 27952 11 10 2 2
22393 0 1973 25 25 2413 2357
40727 0 1973 1526 1526 40061 40004
25244 0 1945 652 652 25294 25272
33880 0 1945 18994 18993 39429 39406
24265 1 658 2 2 3 2
8592 1 8591 7 5 5 3
799 6 14682 11290 11272 11693 11692
799 6 23999 95 78 49 48
36839 0 32330 38 38 47 47
9877 9 17446 6 6 5 4
9284 6 40237 3795 3795 1819 1819
8440 0 10175 4 4 170 165
15799 6 17610 13 1 1 1
1955 1 12334 3 3 2 2
15612 1 33784 2 2 4 2
26154 6 29880 60 57 3 3
27300 1 30734 6 2 2 2
27525 0 3582 29 29 681 655
30440 0 27525 268 268 506 505
11629 1 3582 6 2 2 2
3325 0 31371 571 571 3192 3189
8222 0 5081 6 6 18 16
9760 1 9759 2 2 2 2
1709 1 2722 6 2 3 3
12888 6 33923 9 8 6 5
23634 0 4578 5104 5104 21544 21542
3258 9 23634 3 3 3 3
17187 1 13864 4 3 4 3
17187 1 11812 6 3 7 3
17187 1 6726 5 3 7 3
9561 4 39738 148 143 16 16
40630 0 4049 5301 5301 40676 40660
23531 0 4049 1277 1277 4238 4225
19 1 6484 9 2 6 3
19331 0 6850 13 12 52 28
27088 1 9828 2 2 2 2
35702 0 15222 13 13 8 6
20635 6 21042 59 57 4 4
22261 1 13269 6 6 4 2
22970 1 22969 5 2 2 2
18827 4 15294 142 142 44 44
9782 1 3951 2 2 4 4
35390 0 7258 8842 8842 39695 39695
36733 6 32656 48 48 614 614
38009 0 28740 116 116 7507 7506
26011 2 4090 1570 1568 4530 4500
36107 2 4090 3 2 31 2
33747 1 4090 2 2 2 2
36531 2 499 1 1 64 31
24281 1 11177 2 2 5 2
1223 7 34593 118 105 2 2
24757 1 2423 3 2 6 2
2423 1 2422 10 2 2 2
22776 1 9885 3 2 7 4
15285 1 9885 3 2 8 4
9885 1 28854 8 4 4 3
10713 4 34491 1050 1044 176 176
21164 0 1390 1906 1906 14921 14910
32940 0 30056 2616 2616 27961 27960
21775 0 25753 1493 1493 35269 35268
33648 1 6674 2 2 5 2
2761 0 4715 408 408 32863 32849
6696 0 4715 10 10 63 50
17030 9 4295 4 4 10 10
13412 0 21233 264 264 4442 4440
28826 1 6595 4 3 5 2
20832 1 11711 5 3 8 3
14280 1 11926 5 2 6 2
29160 1 15901 4 2 6 3
16032 6 33387 15 5 34 30
11676 0 14498 5 5 64 54
16565 2 11676 10 10 137 136
31288 6 28201 5974 5974 19394 19394
40631 0 12856 36979 36979 40613 40611
24723 1 5785 5 2 5 2
4523 1 5616 4 2 4 2
12257 3 13172 7 3 5 3
12257 3 535 6 3 7 6
26683 0 5772 1 1 36 4
336 1 17653 6 4 5 3
1046 7 15073 6156 6038 2 2
1046 7 30406 37571 37449 17 17
1046 7 27214 117 3 1 1
1046 7 33079 15862 15741 11 11
1046 7 5787 254 139 1 1
2624 1 19875 4 3 4 2
19876 1 19875 2 2 5 2
15802 0 7902 6604 6604 33489 33485
9265 0 3141 2 2 67 16
12722 0 3141 4 4 68 16
10103 0 3141 3 3 538 485
7145 5 1658 1 1 13 2
7145 0 1669 1213 1213 11164 11158
12738 5 1658 48 48 19590 19578
17951 0 1658 121 121 2576 2570
27703 9 34293 4 3 2 2
29800 4 28661 109 108 60 60
6381 1 190 5 2 2 2
859 9 12748 2 2 3 3
30017 1 859 3 2 3 3
18820 1 11268 12 9 5 4
1823 0 4690 10633 10633 3937 3937
21777 0 6768 34084 34084 7524 7523
6768 6 21336 6 4 3 2
40091 0 4569 1467 1467 12181 12164
14867 2 741 1 1 50 6
14867 4 4956 4 4 36 34
12851 2 741 1 1 46 4
20925 1 20924 4 2 6 6
1674 1 931 3 3 3 3
34244 0 32041 8 8 22 22
40632 0 7551 8092 8092 40521 40488
14712 0 7551 36 36 162 130
2716 1 35898 5 2 3 3
40633 0 13777 10122 10122 40681 40671
37358 1 31163 2 2 3 2
11679 7 23483 735 728 8 8
7229 4 27626 47 31 5 5
22653 0 16517 8852 8852 5776 5776
16217 0 5288 15 15 1097 1093
2278 6 26447 650 641 93 93
24890 4 33643 6 5 7 7
32433 0 15559 673 673 37910 37908
22947 3 32423 22900 22898 12586 12586
23487 9 11721 2 2 3 3
15940 1 23487 3 2 2 2
23487 0 13665 2 2 11 9
18752 1 299 5 2 7 3
18752 0 8047 76 76 754 747
15683 6 19775 3 1 2 1
39821 0 33635 138 138 49 47
12743 1 17790 4 3 8 2
40634 0 28094 1596 1596 40349 40344
2256 1 14167 4 2 2 2
18933 4 20525 446 443 8 8
17224 1 10004 7 3 4 2
37117 0 6089 592 592 7454 7443
3733 1 37117 3 2 3 2
2521 0 8501 311 311 13398 13393
16781 1 14407 7 2 4 2
14716 0 14407 284 284 1553 1551
8270 0 36693 5020 5020 490 489
6368 5 4264 3 1 7 1
35387 1 19174 2 2 4 2
13187 1 18773 5 2 5 3
10051 0 11733 78 78 34 27
26059 4 39209 2371 2370 230 230
11003 1 3102 6 2 3 2
10718 1 11003 5 3 6 2
11003 0 12665 2382 2382 10559 10558
3102 0 37135 5 5 26 25
18521 1 21925 2 2 3 2
8854 1 7411 3 2 3 2
16381 0 23939 209 209 14387 14387
451 0 1929 9 9 310 81
33456 0 1929 6 6 306 78
24694 0 1929 3 3 223 1
39387 0 1929 1 1 221 1
7613 1 12661 6 3 3 3
7197 1 15448 5 3 3 2
17662 1 15448 2 2 2 2
37672 0 16158 29877 29877 754 754
21547 1 21546 2 2 3 2
10702 1 23017 4 2 3 3
438 1 34948 4 3 2 2
18006 4 18624 55 55 9 9
9736 0 18836 24 24 1128 1126
26667 1 37019 3 3 2 2
2440 0 6281 3 3 128 120
26061 1 34300 3 2 2 2
7854 1 4665 4 2 2 2
4819 4 14283 9 7 4 4
38806 0 30214 7428 7428 40885 40885
8314 1 16121 5 2 3 2
39546 0 27758 7 6 19 14
19102 2 1216 9 8 9 7
29584 1 17589 6 4 4 3
23903 0 2218 244 244 3618 3610
10504 6 23689 478 472 267 266
21753 1 24319 4 3 2 2
27512 2 9554 11 11 764 762
33772 0 18060 8205 8205 24180 24179
40635 0 11401 5143 5143 40123 40115
37827 0 12143 1988 1988 35678 35675
10219 1 15914 4 3 7 4
40636 0 10144 25632 25632 40535 40529
25012 1 28395 3 3 2 2
10163 1 36165 2 2 3 2
13634 1 16425 5 3 4 4
10718 1 3101 4 3 4 2
32269 4 13378 739 738 22 22
132 6 7098 160 133 6 6
132 8 30058 136 109 17 16
24046 2 7098 27 27 776 774
34096 2 6504 6 5 13 10
16928 1 39641 7 2 2 2
10361 0 11019 293 292 365 364
31941 1 1800 4261 4261 17855 17853
1800 1 31941 19781 19779 7629 7629
15215 0 10045 4387 4387 12398 12398
13118 4 38898 400 394 13 13
32650 1 7755 3 2 4 2
12467 4 34649 8 3 3 3
9896 1 18285 2 2 2 2
7667 1 12425 3 2 5 2
13792 1 1506 6 4 3 2
27011 1 15878 5 2 4 2
29234 0 35329 11 11 23 23
7943 0 10653 5 5 98 92
17967 0 7943 2 2 10 5
27950 1 7080 2 2 4 2
32191 0 30183 8 8 17 17
8067 4 31485 52 52 103 103
40637 2 3638 2273 2273 40013 40010
3845 0 33389 5 5 37 30
34507 0 1864 190 189 196 196
1864 4 25736 271 191 55 55
1864 4 34970 99 21 5 5
9467 1 9580 2 2 4 2
13612 1 17386 12 9 2 2
13700 1 35600 4 2 2 2
4329 0 8286 232 232 8913 8909
32613 1 25386 2 2 2 2
5658 1 17587 3 2 8 4
5658 1 6582 4 2 10 3
39787 0 127 66 66 1420 1383
14136 0 127 44 44 6868 6830
13276 1 13275 3 3 3 2
40639 0 13366 6870 6870 40025 40025
13367 1 13366 3 2 2 2
40275 5 7288 1 1 27 13
1302 0 875 9421 9421 9909 9909
1302 1 25385 6 3 3 2
875 1 12410 6 3 3 2
4494 1 89 3 2 4 2
18990 0 89 446 446 18238 18221
40640 0 24053 29162 29162 39142 39141
18859 1 233 2 2 7 2
12436 0 233 2607 2607 10618 10618
7065 1 30772 5 2 2 2
934 0 7065 6 6 5 5
2370 4 38227 186 166 68 68
2370 4 36484 50 31 6 6
25146 1 23224 2 2 4 2
30650 5 5167 5 5 676 658
4399 0 17631 864 863 19 17
4487 1 23828 3 2 8 5
40641 0 6889 20014 20014 40865 40861
14877 0 673 8 8 32 13
11236 1 11235 2 2 5 3
18886 1 5777 3 2 4 4
23603 1 14746 779 777 373 372
38534 6 21834 15 15 11 11
29015 4 35243 98 98 60 60
5305 9 11107 2 2 2 2
1754 1 11107 6 2 4 3
4526 0 16078 31 31 462 449
33020 0 17455 236 236 154 149
11439 0 3779 20 20 2701 2648
11995 6 27315 1119 1109 68 68
4069 1 10264 5 3 4 2
16543 2 7941 3554 3554 39398 39397
30820 4 40098 40 40 5 5
7608 6 17250 152 152 8589 8589
34850 0 14755 238 238 66 65
29978 0 14755 174 174 69 67
1608 0 27044 14 14 20 17
21522 0 4706 27 27 5161 5161
21523 1 21522 2 2 4 2
18705 1 10129 5 3 5 2
4870 4 23128 1593 1575 1333 1333
7327 1 28238 2 2 2 2
34202 0 26992 132 132 376 376
36557 0 6350 12 12 90 84
35418 1 29484 3 2 2 2
7541 0 4367 117 117 3858 3830
11932 4 32067 132 118 27 27
10275 0 17996 6213 6213 22356 22353
39456 1 19704 2 2 3 2
18323 0 586 131 131 2082 2005
13562 0 586 8194 8194 26231 26151
4417 1 586 3 2 5 2
7278 1 586 2 2 13 6
27593 1 12739 2 2 5 3
12739 1 21738 5 3 4 2
12654 0 8574 2 2 19 18
9238 1 23492 4 2 3 2
31611 0 7155 27685 27685 35075 35069
7156 1 7155 4 3 3 2
7155 0 32985 13 13 673 671
16869 0 14047 7 7 138 135
2512 1 11785 3 3 4 2
11088 1 10937 4 3 4 2
28051 4 23671 553 553 70 70
20731 0 20684 614 614 7847 7846
4385 1 3236 2 2 4 3
9432 9 1667 5 3 3 2
9432 0 10503 29452 29452 23885 23885
40643 2 3999 2637 2637 40825 40785
40646 2 3999 2503 2503 40593 40555
40743 2 3999 519 519 40338 40301
40711 2 3999 1165 1165 40295 40259
40755 2 3999 13253 13253 40820 40781
12237 1 7953 5 3 6 3
25278 1 37411 3 2 3 2
408 4 23469 450 448 255 255
1148 0 17366 1211 1211 19472 19464
7956 0 627 6 6 10 10
9729 1 6968 2 2 9 2
24511 0 1344 5 5 8 8
27740 0 26327 4 4 74 69
7986 8 7255 27392 27386 472 472
7381 1 25502 7 3 2 2
2902 1 11262 9 2 4 3
9042 1 10887 6 2 8 4
9043 1 9042 6 4 7 3
6541 9 6540 3 3 8 8
40644 0 9111 2409 2409 40468 40462
26375 1 21045 2 2 4 2
1257 1 11847 4 3 3 2
19650 1 21679 4 2 2 2
4031 1 5234 9 2 4 3
40645 5 20085 2384 2384 40488 40487
12097 1 7899 3 2 6 2
12097 1 15381 4 2 3 2
15381 6 27596 16 14 68 67
3911 1 3910 2 2 3 2
6582 1 4443 12 4 8 4
16646 1 30805 6 2 8 6
37036 1 4229 7626 7626 28128 28124
12072 6 37740 2779 2776 122 122
2007 2 12273 1 1 60 11
11567 0 73 5 5 36 25
10875 0 11567 451 450 30066 30066
18947 5 73 289 289 16278 16221
40724 5 73 11663 11663 40734 40675
27976 1 38676 2 2 2 2
33023 4 28124 85 84 14 14
21030 1 8155 3 2 2 2
27238 5 13249 1 1 19 4
5870 1 5622 9 7 8 6
5622 1 5870 10 8 11 9
27901 0 19859 11 11 42 41
40662 0 19859 29562 29562 40743 40741
31613 0 29521 3376 3376 5086 5085
17378 0 6050 19 19 617 616
40155 5 4554 594 594 10701 10693
40527 0 7268 936 936 35752 35744
14066 1 11728 2 2 9 3
26527 1 20615 5 2 4 2
33593 9 20131 8 8 9 8
27280 1 21426 2 2 3 2
3040 1 17693 4 3 3 2
25658 0 485 29179 29179 3867 3866
18469 5 129 4 4 822 777
28264 2 19665 3 2 3 1
27241 5 5742 1 1 30 10
5026 0 25220 14 14 30 27
11821 0 23942 9 9 24 23
28145 0 21469 3277 3277 39815 39815
36421 0 23934 25582 25582 40431 40431
5784 1 37926 7 2 2 2
10931 6 4938 34 33 14 14
1857 6 34576 974 941 202 202
1857 8 29220 387 376 128 128
11116 1 11115 4 3 2 2
3144 1 34206 4 3 2 2
29262 1 30989 2 2 2 2
1904 0 13709 5 5 4271 4251
10949 1 12159 8 4 6 4
10852 1 10851 2 2 2 2
38604 0 9315 15612 15612 29795 29793
40648 0 20404 4129 4129 40445 40443
455 10 12842 2 2 4 4
5537 6 32458 180 180 278 277
3621 1 28895 14 2 2 2
4946 9 20388 3 3 2 2
37381 5 2404 2 2 678 615
18509 5 2404 13 13 12217 12153
34190 0 4417 32 32 1422 1418
7826 1 7825 2 2 3 2
7825 1 29516 3 2 2 2
10788 1 10787 4 3 2 2
13090 1 23239 5 3 6 3
21630 1 3350 4 2 4 3
40681 0 21630 9835 9835 39593 39592
40020 1 27893 2 2 2 2
192 0 3182 914 914 33380 33333
40659 0 3182 1037 1037 40256 40208
25380 1 34263 4 2 2 2
40649 0 16215 22374 22374 40254 40253
40446 1 23732 112 112 863 860
23732 1 40446 1875 1872 101 101
34086 6 5206 14 14 9 9
2858 0 20996 6 6 157 153
18116 0 20996 3 3 91 88
10925 1 12946 3 2 5 3
29210 0 28005 253 253 26642 26639
27124 0 25522 394 394 3611 3608
12679 0 25522 2276 2276 12618 12614
40650 0 7972 3069 3069 40288 40271
637 8 34610 299 276 89 89
8063 1 12534 8 3 2 2
18731 1 18730 3 2 2 2
20947 2 909 6 5 16 10
1431 4 36937 75 59 7 7
15092 4 39339 16621 16617 639 639
8626 1 17737 5 4 2 2
8142 0 267 3 3 112 90
13601 0 267 13 13 533 510
4749 1 3012 4 2 5 2
34451 0 4286 9 9 352 344
19033 0 4286 23 23 15099 15090
4562 1 2073 6 3 7 2
2073 0 12505 5 5 36 29
31431 0 724 100 100 9343 9325
38103 0 724 154 154 13102 13083
40654 0 724 7821 7821 40786 40766
16201 1 29447 3 2 2 2
5631 1 37242 4 2 2 2
8758 0 904 5121 5121 21716 21703
4273 0 20274 312 312 53 52
7509 1 28460 3 2 2 2
24248 1 26008 215 215 476 474
16580 0 4596 4665 4665 27232 27159
31450 0 4596 139 139 8762 8690
26018 2 7003 1110 1110 7346 7345
27767 0 33139 9 8 1 1
11803 1 3063 9 4 7 3
40671 0 11803 13392 13392 40420 40419
8515 0 9557 2 2 51 31
30217 4 31100 161 154 30 30
149 0 8325 50 50 808 798
16886 0 8325 29023 29023 37870 37859
6021 3 6419 8951 8951 4217 4217
8937 1 15399 4 2 4 2
15399 0 15413 2 1 2 1
16850 0 2816 4 4 133 122
1495 1 1496 4 2 2 2
22266 1 13419 6 4 5 5
4036 6 25770 3 1 2 1
9661 1 35820 9 3 2 2
33793 5 226 1422 1422 35932 35922
7617 0 3106 15 15 7 7
25454 0 8768 3002 3002 32521 32521
40652 0 19798 19680 19680 39689 39687
12951 1 6835 4 2 5 4
13042 1 35270 3 2 2 2
22965 1 29226 5 3 2 2
27680 4 33739 11 10 4 4
1899 1 12199 4 2 3 2
28178 1 1166 3 2 5 4
7900 0 1166 464 464 8250 8240
23262 6 32818 15 14 8 8
5593 6 11394 37303 37300 17696 17696
8267 1 5593 2 2 3 3
3044 1 2035 9 2 12 8
3044 1 16109 4 2 4 3
21419 4 26177 112 111 48 48
21419 4 31110 635 633 14 14
13244 1 13243 3 2 2 2
29344 0 8327 642 642 24088 24078
33450 4 37712 121 121 34 34
35194 4 34100 4 2 3 3
40655 0 9708 5230 5230 36875 36866
11987 1 24184 3 2 4 3
40067 0 28616 17338 17338 5666 5666
11962 0 5446 1 1 19 1
40656 0 23923 1599 1599 38413 38411
17906 1 39780 2 2 2 2
12010 0 12867 3 3 7 7
27741 0 9592 1130 1130 6534 6524
31815 0 20618 2453 2453 3425 3424
36783 1 30240 2 2 3 2
18655 0 7908 5777 5777 20723 20721
6243 1 7908 17 16 63 56
24740 1 21889 3 3 2 2
4775 1 10634 2 2 4 2
25665 0 1971 5884 5884 11908 11897
1669 3 13851 266 261 81 81
2025 6 7292 1128 1126 217 217
14912 1 32715 5 2 2 2
12038 0 38396 23603 23603 33048 33048
35926 5 7786 978 978 24602 24582
825 4 18445 110 99 37 37
40657 2 26386 28614 28614 40403 40403
20788 1 2698 6 3 5 2
11974 1 28533 3 2 3 2
40658 0 20524 33137 33137 40424 40422
30364 0 7177 1462 1462 37268 37262
17270 0 3160 13 13 295 279
29793 0 3160 105 105 16242 16225
23134 2 3167 609 608 8993 8971
11450 0 3167 8 8 115 104
12666 8 16098 27080 27072 504 504
12666 8 36039 34570 34561 698 698
31571 0 30708 35 35 4331 4329
5912 1 2368 4 2 6 3
31386 1 8649 2 2 2 2
982 1 215 5 3 8 3
33373 0 6364 541 541 18061 18057
13857 6 25567 966 966 17926 17926
13500 0 351 1 1 127 3
22904 0 351 3 3 409 284
28665 0 351 1 1 122 1
40717 0 351 4023 4023 40433 40307
18938 0 5892 8 8 17 10
16099 1 26369 3 2 2 2
2721 9 2720 3 3 2 2
24582 0 15825 486 486 439 434
32819 1 28176 2 2 3 2
36852 4 37506 66 66 12 12
2214 0 15911 18058 18058 24020 24020
4259 1 4258 2 2 4 2
257 1 24309 3 2 2 2
4917 0 9090 2 2 6 5
9090 1 14439 5 4 3 2
20691 0 1251 8 8 9 5
27447 1 14144 2 2 3 2
40664 0 2231 7888 7888 40431 40402
16037 0 2231 6 6 364 336
13008 1 27465 4 2 3 2
11452 0 25129 404 404 1482 1478
231 0 1467 14992 14992 27864 27821
3531 0 28084 37621 37621 6708 6708
3531 1 4181 3 2 5 4
6594 1 4528 3 3 21 18
19437 0 14525 1802 1802 9947 9912
8031 0 14791 8 8 104 93
31367 1 1787 2 2 2 2
9853 1 760 8 2 3 2
27431 0 39165 35105 35105 35144 35144
36977 0 5846 2 2 43 13
3013 0 40092 25 24 22 21
2724 4 36323 114 84 12 12
7159 4 9738 205 202 66 66
38226 0 6849 3 2 22 17
4087 3 16968 6 3 6 3
4087 3 4129 10 5 10 6
31274 1 31273 2 2 2 2
5582 1 25676 11 2 2 2
25982 1 16758 2 2 3 2
16758 1 25203 5 2 4 3
1131 4 12184 192 143 21 21
22246 0 24779 5279 5279 15184 15182
15361 6 28949 2 2 4 3
36223 0 8406 3246 3246 33324 33314
1772 8 35641 1305 1305 712 712
1772 8 37471 12750 12749 8608 8608
8336 2 1773 1 1 39 3
19749 1 22236 2 2 2 2
36152 0 33158 14 14 114 113
9803 4 33158 337 334 8 8
31178 6 27506 14 12 6 5
19480 0 22889 4 4 2 2
1803 1 3108 11 2 6 3
3108 0 30670 449 449 695 693
23633 1 27801 4 2 3 2
10997 5 6030 6 6 69 67
10997 1 30683 3 2 2 2
4151 6 35893 22 13 5 5
21421 3 7727 5 4 6 5
8947 4 25382 35 33 12 12
28887 1 2749 3 2 3 2
30602 0 7963 19 19 1998 1993
28803 1 7236 2 2 2 2
17376 6 18797 16 4 5 5
18797 6 7347 85 81 285 285
4486 1 6243 10 2 2 2
38461 0 30319 2889 2888 2609 2605
10089 1 7989 2 2 4 2
12058 1 2312 2 2 13 4
8268 1 5633 4 2 3 2
40666 0 16421 2419 2419 36867 36867
18179 9 5219 2 2 2 2
10733 1 1830 8 2 5 2
433 1 15766 3 2 4 2
30942 1 704 2 2 2 2
11977 0 6276 129 129 1501 1495
40667 0 25385 6777 6777 39888 39884
17801 0 24596 1975 1975 2683 2682
36884 0 4188 12004 12003 19655 19655
10301 0 9082 59 59 160 158
15234 6 20190 17 17 16 13
31040 1 34714 3 2 3 2
23336 0 36235 28858 28858 32569 32569
33510 1 34163 3 2 2 2
14971 1 14960 2 2 2 2
17273 0 4918 3523 3523 4970 4969
30507 0 542 5 5 37 25
30659 0 542 14 14 7844 7830
21349 4 34315 102 102 14 14
7012 1 7012 1 1 1 1
6351 0 5112 7 7 10 9
29074 1 29073 4 2 2 2
21454 1 39437 2 2 2 2
4178 6 21454 840 839 129 129
33809 1 29402 2 2 3 2
24898 0 7415 164 164 1690 1670
808 1 807 3 2 3 3
22710 0 22555 17407 17407 30414 30413
10110 1 18587 3 2 4 2
18587 0 20875 1342 1342 9889 9881
16329 1 3909 6 3 4 3
1432 4 8490 29 14 9 9
16905 1 10533 3 2 3 2
9956 1 2505 3 3 3 2
22993 1 6303 5 3 4 3
17529 1 8542 4 2 6 2
18744 0 6242 8 8 60 55
40668 0 881 1700 1700 40271 40267
23982 1 23981 2 2 2 2
40669 0 14189 25358 25358 39071 39069
5759 1 26443 4 2 2 2
24585 2 10398 22 22 1740 1715
14448 1 10398 3 2 3 2
28412 0 37012 27970 27970 37986 37985
6886 1 32873 4 3 3 2
9765 0 19420 21 21 10 9
1752 1 9904 11 5 7 4
20473 1 13402 4 3 4 2
39769 1 25538 10 10 14 14
25538 1 39769 18 18 14 14
21180 6 11296 2 1 2 1
4128 1 25065 5 5 2 2
40670 0 14798 2801 2801 39228 39226
40670 6 40706 36273 36273 37436 37436
6066 0 11939 95 95 4425 4416
24884 4 6439 43 43 12 12
26927 1 4813 5 2 4 2
12620 6 33079 18326 18326 20967 20967
23142 1 23141 3 2 2 2
2112 1 15204 4 2 4 3
31063 4 40391 7 7 6 6
23817 1 38036 3 2 3 3
35101 0 20547 2144 2144 11303 11301
34252 0 7906 8376 8376 4041 4040
6576 6 15513 2395 2395 744 743
2696 1 307 7 3 4 3
2831 0 2696 10 10 31 20
1570 1 15541 5 2 6 3
2232 0 35643 12973 12973 28058 28058
4771 4 1369 141 88 74 74
4771 4 10898 721 667 295 295
25079 0 1369 1172 1172 20943 20941
19764 0 29317 5396 5396 762 761
30894 0 2657 6 6 19 13
30894 1 30893 2 2 2 2
35465 2 9450 11 11 431 421
27198 0 19507 2 2 7 1
9577 1 18755 2 2 3 2
9577 1 2300 3 2 8 2
6591 1 15671 2 2 3 2
40674 0 19768 15135 15135 40146 40145
2835 1 10762 6 4 4 2
40036 0 8241 745 745 60 60
15566 4 17079 2120 2115 555 555
38115 1 37110 3 3 3 3
35182 1 26668 2 2 4 2
8887 0 10579 4 4 3 2
39995 0 13740 141 141 1114 1110
5336 1 2296 7 3 3 2
1528 1 2296 8 5 4 2
34557 0 26 12260 12260 39617 39615
12745 1 18647 4 2 5 3
7997 1 15740 4 2 3 2
7489 6 25346 526 520 127 127
22264 0 6890 7 7 8 7
21341 1 26384 3 2 3 2
130 5 1981 71 71 24366 24311
18980 1 21881 7 3 4 2
18980 1 12859 5 2 2 2
40438 4 2459 508 507 218 218
2459 0 22692 3 3 5 4
32399 6 35294 1377 1377 30 30
16433 0 15675 820 820 2712 2710
18645 1 19846 18575 18574 32700 32698
1831 1 13620 2 2 2 2
27640 0 35564 35031 35031 20744 20744
28049 2 12715 83 83 3244 3228
34427 0 119 5 5 126 88
38238 0 119 5 4 48 12
14129 1 14128 2 2 2 2
16455 0 30527 82 82 48 46
22880 0 2807 61 61 4049 4044
5517 1 8571 3 2 3 2
31628 0 6776 30 30 470 461
14732 0 6776 73 73 1379 1369
1395 1 10603 6 3 3 3
26249 1 1851 2 2 3 2
21189 1 25948 5 2 3 2
30647 0 1326 20 20 2806 2792
10370 0 1326 347 347 7989 7973
25930 4 10103 126 120 2 2
39271 2 916 2 1 263 121
39473 2 916 8 7 1799 1652
33293 2 916 2 1 505 359
13451 2 25375 6 6 20 18
1346 1 6170 6 3 7 3
2261 4 14320 19294 19277 4176 4176
1705 6 39241 284 277 30 30
858 4 23688 3 2 2 2
11337 0 13858 269 269 359 353
36322 0 427 2 2 144 72
28974 0 4885 23 23 129 119
23365 6 15758 4 4 5 5
11547 1 11546 6 3 2 2
32755 0 697 1 1 9 4
7568 1 7567 3 3 2 2
21710 0 5678 3 3 17 13
33405 0 5891 1 1 7 4
19993 6 40676 40485 40482 15353 15353
8878 1 6111 3 3 5 2
11299 0 8050 2019 2019 38802 38798
6501 1 6500 2 2 2 2
9095 0 6138 547 547 13455 13441
29324 0 5429 267 267 265 265
28608 4 27634 168 168 44 44
25947 1 30204 3 2 7 3
8835 6 24716 737 728 74 74
31000 4 5709 267 264 121 121
14357 0 30076 1011 1011 727 727
15636 1 14742 10 9 6 4
8343 1 5855 4 3 5 2
13930 0 14302 2 1 7 2
6188 4 19609 92 75 47 47
30806 1 21229 2 2 3 2
21465 1 2680 2 2 4 2
5567 0 3263 90 90 390 380
1114 0 3263 1420 1420 14823 14812
15163 1 28250 5 2 5 5
24491 0 21806 6 6 5 5
13957 0 21517 4419 4419 3436 3435
26206 0 1852 450 450 16899 16849
31320 0 1852 11 11 484 436
35402 0 1852 448 448 23050 22999
17351 0 1852 127 127 3326 3277
12201 4 35651 20 15 9 9
26615 1 23283 3 2 3 2
38530 0 8201 347 347 39342 39328
26273 0 19179 6 6 5 5
31727 0 26208 11 11 13 12
14610 4 22269 220 218 52 52
6596 1 29722 3 2 2 2
35251 4 10622 381 381 1532 1532
33036 1 22694 3 2 5 2
9486 3 22694 1550 1545 555 555
7279 1 30681 13 9 14 11
30681 1 7279 14 11 13 9
35732 0 7738 4 3 7 6
6160 1 6159 3 2 2 2
40678 0 38900 11887 11887 38005 38005
12283 1 12051 4 2 3 2
20982 0 18646 2 2 4 2
9855 6 9449 224 199 46 45
8464 1 26186 5 2 2 2
36328 0 27331 134 134 41 35
28307 1 1781 2 2 6 2
22552 0 40034 308 308 917 917
40679 0 762 1345 1345 40516 40513
40680 0 38335 40904 40904 18493 18493
8103 1 9200 7 2 4 3
22832 5 2978 1 1 70 4
14475 5 2978 29 29 3800 3730
30111 0 9494 8 8 32 22
29085 1 18188 3 2 3 2
16374 0 151 239 239 4169 4162
40682 0 8093 28552 28552 40613 40585
7574 4 40009 18362 18360 5985 5985
40683 0 17911 5057 5057 38326 38323
7705 4 24544 26 20 4 4
31888 0 115 867 867 28850 28833
115 1 10641 10 3 4 3
9351 1 17202 7 6 5 2
728 1 727 6 3 6 3
31869 5 18855 395 395 23992 23979
38772 5 18855 4 3 23 11
33573 1 10115 2 2 3 2
6813 1 5176 5 2 6 4
30270 1 25946 2 2 4 3
23870 1 10884 4 2 4 3
40110 4 30283 18 18 5 5
39171 0 8786 90 90 5080 5076
13098 1 17229 10 3 4 3
9972 0 7945 127 127 3088 3065
2006 0 13976 465 465 457 455
21615 1 20726 5 2 3 2
35582 4 39566 569 569 375 375
14559 1 1815 5 4 6 4
35120 4 2143 16 14 19 19
15991 1 12504 2 2 5 2
6429 1 22011 4 2 2 2
5547 0 10707 1 1 42 17
11434 0 10707 3 3 29 5
8030 1 4592 5 2 4 3
19180 0 7178 3868 3868 210 208
20863 1 24708 4 2 3 3
32763 0 11178 32 32 12 12
20883 2 3869 1 1 44 15
35373 2 3869 1 1 87 57
20259 1 28121 2 2 3 2
1015 1 24451 4 3 3 2
3316 2 13606 50 49 192 188
24587 2 13606 34 31 23 20
36313 1 28400 2 2 2 2
4016 1 4015 2 2 2 2
6051 1 9303 3 2 6 3
22179 0 25743 21418 21418 40082 40079
37112 0 3027 485 485 26439 26385
16612 0 3027 12 12 901 850
23303 0 3027 1729 1729 21224 21172
40685 0 14898 11741 11741 40581 40562
3073 1 5623 4 2 3 3
40686 0 15810 5811 5811 40400 40400
30554 1 16575 3 2 3 3
5024 1 5023 2 2 6 2
5023 1 14075 7 3 2 2
10386 0 32386 52 52 14 14
7372 1 7371 3 2 2 2
5715 1 7372 5 3 3 2
29949 1 15424 2 2 4 3
5878 6 40688 40808 40808 11324 11324
4191 5 15351 121 121 3376 3370
2940 1 4191 5 2 5 3
25827 1 12437 2 2 2 2
1272 3 28165 3281 3281 3727 3727
14132 0 1272 14161 14161 32339 32321
4011 1 4010 3 2 4 3
4845 1 28045 4 3 3 2
5366 1 30121 5 3 3 2
4481 0 726 10918 10918 5850 5848
40457 0 20078 2 2 9 7
30688 0 343 16 16 30 29
18211 1 9926 3 2 5 3
2626 1 38942 39 36 9 9
40689 0 5724 10352 10352 40692 40688
37366 5 7581 5 5 1925 1910
11382 1 32851 9 8 4 4
5088 1 16447 3 2 3 2
17053 4 35164 6 5 3 3
31043 0 2411 4 4 36 22
14198 9 19677 5 5 5 3
16831 1 10331 5 3 11 6
21138 1 1713 4 3 4 2
3171 1 5790 8 2 4 3
21991 1 8254 6 3 3 2
35908 0 25798 9 8 7 4
12857 1 5476 6 2 7 3
35252 0 17711 11684 11684 4411 4408
28389 0 14982 4 4 44 33
31024 4 31588 22 17 9 9
9654 1 29009 6 3 2 2
4563 1 25251 7 2 3 3
18116 4 20686 14 7 4 4
16060 0 3587 103 103 16732 16730
3587 4 8188 75 70 4 4
27481 1 2605 7 4 2 2
15624 0 36918 176 176 2273 2271
1577 1 15781 14 5 2 2
15666 1 17997 4 2 2 2
28302 4 39471 76 74 31 31
33415 5 5247 55 55 21472 21465
3684 6 39371 9715 9687 907 907
25710 1 27965 4 2 3 2
7053 1 421 4 2 4 3
40691 0 15594 16620 16620 40763 40763
32417 0 5874 7 7 18 7
11643 1 2947 3 3 5 2
10227 0 3024 1845 1845 24857 24854
27766 1 28521 3 2 2 2
38480 1 3659 2 2 2 2
9606 4 26316 1720 1720 1992 1992
29309 4 40692 40483 40483 11071 11071
14773 1 27094 2 2 4 2
22485 1 22609 5 3 5 2
30461 1 30460 2 2 2 2
12623 6 21249 38694 38692 31234 31234
26639 1 20503 2 2 3 2
33655 1 17423 2 2 2 2
19226 0 11808 17 17 163 158
26110 0 11232 6 6 1829 1824
40694 2 593 5709 5709 40920 40893
21150 0 15854 5 5 129 110
28268 0 11999 270 270 3097 3089
17580 0 904 21 21 135 124
40695 0 14893 3256 3256 40009 40005
34842 4 40695 40154 40154 5586 5586
14185 1 14184 4 3 3 2
8884 1 14612 13 5 5 3
16510 1 200 4 2 6 2
15432 1 18001 2 2 3 2
32997 1 13791 2 2 2 2
303 0 17950 39571 39571 8668 8668
33519 0 27346 39 39 26 26
15824 1 15823 3 3 3 2
14165 0 3327 600 600 5147 5145
14338 1 7944 3 2 4 3
37789 0 249 51 51 671 626
35878 0 20973 10391 10391 6513 6510
4738 4 12512 8798 8798 9145 9145
35985 0 8123 12 12 154 147
5272 0 10613 3 3 20 10
40696 0 8840 14356 14356 40655 40648
16619 1 25469 3 2 4 4
3348 5 666 1 1 28 1
2132 1 13176 3 2 5 3
34276 0 2321 28 28 76 76
19794 1 2321 3 2 6 3
9342 1 14083 6 3 4 3
30825 0 38668 1942 1942 21461 21460
6424 6 12616 33 25 18 18
21004 0 4962 26408 26408 39910 39884
22132 0 4962 447 447 18989 18964
40697 0 11827 34463 34463 40840 40838
30574 4 31725 67 66 104 104
12558 4 21580 1190 1187 249 249
37995 5 5095 1 1 5 2
24376 1 9395 4 2 4 3
39499 4 35831 925 925 2647 2647
11463 0 14752 42 42 460 448
33818 0 14752 50 50 9799 9786
22715 4 4266 902 902 181 181
12505 0 4123 24 24 2940 2906
33279 0 5569 30 30 73 73
9991 0 34008 2693 2693 28083 28083
4175 4 38868 26 20 4 4
35323 0 27596 16 16 769 765
631 1 24226 7 3 5 3
14963 1 13720 3 3 8 3
17000 1 13720 5 3 9 3
39297 0 2168 4 4 26 18
16002 1 2168 4 2 3 2
29934 4 38843 220 220 13 13
33092 1 31136 2 2 3 2
27031 1 13986 3 2 4 3
35263 0 1655 10765 10765 23893 23892
2450 0 4469 2 2 27 14
1578 1 40178 36812 36810 11587 11587
26605 6 3123 167 167 6161 6137
11250 0 7751 28 28 2682 2671
20723 1 6065 6 3 14 10
12012 4 26621 79 74 17 17
20541 1 6096 2 2 4 2
10408 1 6096 5 3 6 3
33794 1 19512 2 2 4 3
13633 0 19626 23 23 144 144
1586 0 13633 7888 7888 35742 35740
24020 1 24180 2 2 4 3
20628 0 13346 837 836 4693 4684
40698 0 2446 9086 9086 40669 40664
21278 1 21277 2 2 2 2
25474 4 40699 40834 40833 13354 13354
19291 0 8918 15151 15151 33151 33147
31396 0 14136 9 9 57 48
28894 1 584 8 8 47 45
8779 1 8778 2 2 2 2
29462 1 21665 5 2 3 2
8023 1 11230 3 3 4 2
20159 4 19474 294 292 53 53
21179 1 22813 5 3 4 3
35310 0 20208 183 183 5974 5965
9322 1 30070 3 2 3 2
10417 1 2419 5 2 4 3
22334 0 18443 6019 6018 12699 12698
14787 0 3443 32 32 3703 3691
16795 0 14750 41 41 431 421
40701 0 16348 24409 24409 40365 40364
40702 0 33675 3391 3391 40481 40480
6409 0 21362 937 937 16090 16086
623 1 17904 4 2 2 2
17904 1 2054 298 297 565 565
9574 1 9573 3 2 2 2
15060 1 20539 3 2 3 2
6048 0 5381 3 3 36 26
23163 0 30710 155 155 111 110
29611 1 5237 3 2 3 2
1028 0 8309 17 17 64 59
23172 1 8309 2 2 13 3
14353 1 19003 5 3 8 4
22019 0 2903 5 5 24 13
20023 0 1165 15 14 178 175
34338 0 36445 26582 26582 33949 33948
5001 0 17736 1970 1970 3197 3197
36419 1 3674 2 2 7 2
11263 1 23301 6 3 2 2
29082 0 26351 7 7 2152 2148
21660 1 26299 2 2 2 2
39966 0 18719 54 54 465 461
18720 1 18719 2 2 3 2
2930 6 272 11 3 3 1
3518 4 27027 34 19 9 9
36416 1 20761 15113 15113 17881 17879
20761 1 36416 17639 17637 14345 14345
33109 0 24935 105 105 171 170
6793 1 10304 2 2 2 2
40704 0 6614 1202 1202 39313 39288
40751 0 6614 14 14 37978 37954
16139 0 4350 1021 1021 33344 33339
21940 1 23937 2 2 2 2
19960 0 16266 230 230 4520 4498
1845 1 8269 3 2 3 2
232 0 2648 32 32 52 49
232 6 17789 102 96 22 22
34270 0 18015 31110 31110 23514 23514
24712 1 7631 2 2 2 2
3631 0 37202 291 291 613 612
18106 4 23302 10553 10553 25492 25492
3465 3 3464 4 2 11 9
9643 1 9642 4 2 5 4
34133 1 9643 2 2 2 2
670 1 2513 3 3 5 2
37205 0 39503 18026 18026 870 870
28259 0 36836 19174 19174 28037 28037
20126 1 16918 5 3 6 3
40272 0 692 7 7 1510 1485
17173 1 12824 3 2 4 3
7115 1 24859 2 2 2 2
11393 0 1590 921 921 20479 20455
37412 0 7056 312 312 6041 6026
36021 1 20995 2 2 3 2
10424 1 10423 4 4 5 2
33501 1 10423 4 3 2 2
29780 6 3760 5 4 4 4
7736 1 25350 2 2 3 2
12655 1 815 7 2 7 4
31370 1 144 3 2 3 2
1978 0 3730 4 4 4 3
32261 0 11924 157 157 5834 5834
8487 1 9673 9 6 8 5
33428 0 37409 9719 9718 21899 21899
23396 4 40705 39261 39260 10960 10960
29953 1 14896 3 3 7 2
14276 1 38742 3 2 2 2
7473 0 19431 23 23 11 11
5693 1 7319 2 2 3 2
22815 1 22814 2 2 2 2
34547 0 3323 15630 15630 36131 36122
4061 1 5748 3 2 6 3
20917 0 2366 4 4 6 6
7818 4 6043 61 43 7 7
6955 1 1022 6 4 5 2
7183 1 7182 3 2 3 3
12394 4 39269 256 255 213 213
27586 1 5584 3 3 3 2
18452 4 28455 77 77 27 27
4573 1 32597 2 2 2 2
15943 0 16708 35 35 466 461
8780 4 40707 40489 40489 24767 24767
40707 0 6292 19129 19129 40703 40693
27923 4 37614 7089 7089 14410 14410
26268 4 38287 41 40 10 10
28859 0 2729 1680 1680 22352 22348
23556 0 15588 5314 5314 14904 14904
844 1 6913 6 3 3 2
3714 3 3713 5 3 7 5
40708 0 33878 26835 26835 39519 39517
3153 1 37241 3 2 3 3
17086 1 12044 2 2 4 3
30713 0 4685 9 9 6 4
40709 0 1639 11216 11216 40631 40623
38976 0 16196 5 5 556 555
26147 0 11192 4 4 385 370
19874 0 11192 10 10 24930 24914
37730 0 19526 3 3 101 99
39748 1 19526 2 2 2 2
10389 4 6632 154 152 18 18
27700 1 2941 3 2 5 2
32864 0 15383 133 133 4412 4411
7665 4 35503 170 166 50 50
25037 0 18558 4501 4501 20392 20392
37968 1 6086 228 228 159 159
6703 0 23635 1035 1035 15316 15316
38553 0 1373 6651 6651 23604 23603
22107 6 36069 40 32 5 4
11759 6 5497 49 38 32 32
466 6 30194 22 13 8 8
7675 1 17823 6 3 3 2
17457 1 2429 5 2 10 4
37969 0 15954 2 2 7 5
4042 6 39726 7992 7989 166 166
19544 3 34567 3 2 2 2
31729 1 3925 2 2 4 3
40714 0 39507 27753 27753 38836 38836
13043 2 3943 1 1 32 1
39320 5 3785 36 36 4211 4195
5403 0 4108 1423 1422 16208 16206
31478 0 40396 26222 26222 29761 29759
40715 0 1096 12143 12143 40630 40620
2298 4 26266 6 2 5 5
40716 2 475 3 3 40033 39963
40733 2 475 163 163 40670 40599
25107 0 30236 26703 26703 29319 29318
10318 4 6623 32 28 7 7
21098 1 21097 2 2 2 2
34757 4 36292 134 132 18 18
19146 6 27617 5 5 3 2
27617 6 21541 23748 23747 5267 5267
14760 4 27348 55 54 16 16
10785 1 16980 3 2 4 2
1004 0 1686 260 260 27736 27728
13693 1 30628 3 2 4 2
31488 0 7029 1021 1021 30439 30436
16602 0 35398 6 6 9 7
7891 6 22902 1432 1428 40 40
5150 2 2183 1 1 37 7
21014 4 39330 42 42 8 8
16843 0 9525 9 9 25 22
30301 1 6458 2 2 3 2
5932 1 19763 9 4 2 2
34016 0 13638 23432 23432 37129 37129
14792 6 38688 40434 40434 15300 15300
11527 1 2829 5 3 3 2
13560 3 17390 6 3 4 2
40719 0 25292 34887 34887 40809 40807
11686 1 38080 11 5 3 3
15813 1 17303 3 3 3 2
40720 0 23562 19232 19232 40231 40225
19157 1 25047 3 2 3 3
11385 6 39678 313 307 46 46
4598 1 20481 4 2 7 5
26627 1 1342 5 3 3 2
14695 1 32594 3 2 2 2
31643 0 31691 1425 1425 7988 7987
16937 1 1926 4 3 3 2
40258 5 3918 24 24 15546 15529
33104 0 26721 3 2 2 2
27613 1 9676 3 2 2 2
6220 1 1968 2 2 5 2
26510 0 2560 1324 1324 9019 9010
19107 0 2131 581 581 230 228
1756 0 28697 3 3 4 4
12466 4 10233 27 7 2 2
28212 0 14013 5 5 34 28
34431 4 11843 1024 1023 457 457
3493 1 22156 10 4 3 2
40721 0 716 541 541 40261 40222
29284 0 1288 174 174 6487 6463
7360 1 28378 5 2 3 2
767 0 17590 9 9 144 137
6412 1 5869 4 3 7 2
15973 1 13531 4 3 3 2
35747 2 24388 104 104 4988 4988
25937 5 17856 6 6 631 623
14618 1 12003 7 6 2 2
35356 6 34036 12189 12189 12355 12355
1617 1 1616 3 2 4 3
1616 1 8901 4 3 2 2
17153 4 23170 42 42 26 26
24509 1 3374 2 2 5 2
31535 0 7656 10332 10332 34089 34073
37264 0 6538 1 1 6 2
20946 0 6538 823 823 1597 1592
2893 1 11706 12 6 5 3
40722 0 28479 23718 23718 40861 40861
14723 1 19646 5 3 4 3
39290 4 23003 227 227 115 115
9441 1 1130 5 3 4 3
37823 0 4500 2199 2199 1706 1704
37109 0 38181 105 105 605 604
31981 4 38538 493 492 803 803
29529 1 32020 2 2 3 2
32020 1 15386 3 2 3 2
2228 1 13955 8 4 5 3
17896 4 37233 29 28 3 3
29893 4 38282 216 215 127 127
38316 0 23713 2 2 5 4
25374 0 17209 195 195 29 27
11080 0 12720 9 9 31 22
32958 1 4855 3 2 7 2
1278 0 34927 2792 2792 32498 32496
37041 0 26960 1375 1375 2583 2581
3705 1 3704 7 2 2 2
30370 5 12413 2 1 4 1
13830 1 35079 8 3 2 2
35283 0 30108 33934 33934 8188 8187
5914 0 16686 2357 2357 764 762
14389 1 3261 3 2 2 2
21961 1 1473 3 2 3 2
13380 0 19861 3 3 8 4
7110 0 11813 2049 2049 1776 1773
11813 1 1114 10 3 3 3
23228 1 34145 5 3 2 2
2147 0 3510 70 70 182 180
35350 4 39634 161 161 59 59
35857 1 7386 3 2 3 2
6371 6 37307 14285 14280 1803 1803
18800 0 13840 365 365 6270 6266
5481 1 6581 7 2 10 3
14376 6 28764 5627 5624 2487 2487
13409 1 18792 6 5 3 2
1232 1 5716 6 2 4 2
5716 0 4961 4 4 65 59
10095 5 241 23 23 934 929
30274 0 27395 22017 22017 32986 32986
4092 1 3142 3 2 6 2
38217 0 998 1027 1027 12587 12584
16820 4 37663 34 28 10 10
15209 1 21887 4 3 2 2
26585 0 6289 6015 6015 23774 23770
26965 5 4450 1 1 7 2
1009 1 11417 5 2 2 2
16697 4 70 33 28 7 7
27038 0 732 552 552 7687 7684
17663 4 23020 31 28 5 5
7732 1 35326 9 5 2 2
19563 0 10026 4 4 21 14
2356 0 3805 11593 11593 39964 39958
23441 0 34078 234 234 893 892
37070 0 27913 10552 10552 12753 12753
3289 6 38527 2925 2908 236 236
2980 1 2979 3 2 2 2
30536 0 5049 585 585 12472 12468
16915 1 26031 2 2 4 2
19167 1 19166 3 2 2 2
8110 9 4565 3 3 10 9
25148 1 16759 2 2 6 4
9665 0 14373 14 14 9 8
30114 1 33583 27330 27330 24572 24572
33583 1 30114 26052 26052 27524 27524
10388 4 3586 74 67 10 10
27188 3 20283 3 2 4 3
24932 1 6602 4 3 5 3
35150 1 33029 2 2 3 2
10137 4 11961 159 156 76 76
4469 0 10488 2 2 53 47
18360 9 1757 3 3 4 4
27706 1 36948 7087 7086 1333 1333
19784 2 14738 1000 1000 7094 7094
4426 2 4633 1 1 6 1
1167 6 4633 279 268 29 29
9882 4 22784 1 1 1 1
22411 1 4534 3 2 4 2
14116 1 20160 6 3 3 2
39583 0 12239 5 5 19 17
31548 0 26062 289 288 803 800
26063 1 1962 3 2 8 3
34604 0 2888 12 12 9 7
29514 1 7486 2 2 13 4
4354 0 17938 2471 2471 37999 37995
3583 1 6233 2 2 7 2
5695 4 28664 395 395 112 112
2185 1 14535 10 4 2 2
25866 0 2185 13 13 404 384
1327 1 36228 2 2 4 2
2831 1 23698 3 2 4 2
21070 0 14562 3109 3109 40278 40267
10242 2 953 4 4 1389 1379
24520 1 11590 2 2 4 2
32447 6 8162 86 84 23 21
10857 1 10856 4 3 3 3
29541 1 32791 2 2 4 2
14418 3 22928 5 3 6 6
25235 0 11991 10 10 8 8
19649 1 3414 3 2 4 2
11061 9 11060 3 2 4 4
5834 1 16298 4 3 5 2
16564 5 2060 35 34 1351 1323
30585 0 324 8 8 107 89
21674 1 21673 6 3 4 2
16327 0 36920 24173 24173 20955 20955
31764 0 40725 38249 38249 26346 26346
20117 1 5297 6 3 2 2
40726 0 21345 82 82 40053 40045
23392 1 8395 5 3 4 2
15466 0 34493 105 105 831 831
32154 1 35808 507 507 14210 14210
30878 2 21391 10 9 71 61
414 9 3242 2 2 2 2
21497 1 25620 6 4 2 2
18780 0 1703 1 1 32 1
36989 2 22747 3245 3245 12364 12364
4814 1 26353 10 6 6 5
34514 4 16712 330 330 38 38
5463 4 9443 536 529 9 9
9443 4 37702 8 3 2 2
28035 1 17572 2 2 4 2
4816 1 19142 3 2 3 2
23070 1 16815 3 3 4 4
33617 1 10553 3 3 3 2
40729 0 25425 37646 37646 35845 35845
3378 0 2767 2040 2040 12717 12716
40730 0 8815 25322 25322 40858 40848
12960 0 8815 1066 1066 3807 3798
4376 1 37 5 2 7 2
39757 0 5605 2 1 17 1
18600 1 19016 4 2 3 2
3467 1 385 4 2 5 2
14223 1 6848 4 3 5 3
25195 0 11431 1208 1207 860 854
40731 2 35244 15496 15496 40447 40446
6940 1 22487 13 5 2 2
18458 1 13073 4 2 5 2
13073 6 447 10 10 8 8
7113 4 35455 2 2 3 3
16734 7 3856 14559 14555 195 195
30190 1 22568 2 2 2 2
25889 0 13000 5 5 29 28
13181 9 17866 2 2 2 2
5492 6 19902 24 22 4 4
39381 2 736 2 2 13 12
2369 1 6578 4 3 2 2
29844 0 16328 3 3 3 3
2758 1 2757 3 2 3 2
38222 2 33300 52 50 13 12
18743 6 13906 24 23 13 13
31229 4 1517 4 4 3 3
21203 4 76 60 58 15 15
40016 0 7096 28 28 32 31
19031 0 10895 882 882 313 313
40734 0 4733 24187 24187 40492 40490
28029 6 13250 23 22 15 15
31942 0 731 2363 2363 24098 24097
24476 1 37343 2 2 4 2
30608 0 10938 27 27 779 778
9857 1 21026 5 2 2 2
31786 1 2390 3 2 5 3
20366 0 40022 38821 38821 25406 25406
25016 0 6037 75 75 680 678
6866 1 25441 6 3 3 2
11006 1 11005 2 2 2 2
40736 0 39315 36272 36272 37669 37669
40737 0 4415 2064 2064 40496 40488
34827 4 25838 86 86 7 7
20641 0 19592 22298 22298 38704 38704
19844 1 36475 4 2 3 3
5620 1 14606 2 2 3 2
4942 1 35741 3 2 4 4
12702 0 16539 27 27 25 23
16398 5 1361 1 1 18 3
40738 0 10135 30510 30510 40248 40248
819 1 20330 8 3 4 2
20681 3 25789 32644 32644 34191 34191
2173 6 12317 14 3 4 3
29181 1 6432 2 2 3 3
346 1 6498 4 3 2 2
9709 1 9837 5 3 9 4
5266 1 5265 3 2 4 3
30985 0 17910 14905 14904 2264 2264
21628 1 16687 6 2 3 3
39393 0 5540 33 32 468 461
16844 0 34093 36454 36454 32625 32624
10330 0 5598 4 4 106 90
22052 1 12989 6 4 5 2
11758 1 3657 141 137 14 14
33720 0 1406 537 537 6867 6856
40739 0 14015 972 972 39645 39639
40298 0 8495 3 3 9 5
5116 1 10792 12 6 6 2
33694 0 26952 20 20 131 130
36765 0 5101 7782 7781 25546 25545
27226 4 35331 1354 1354 2681 2681
16221 1 30101 2 2 5 3
32010 5 16320 116 116 33843 33829
16385 4 39672 58 52 10 10
26422 3 4250 5 3 3 2
2924 4 31881 1227 1155 374 374
23932 1 406 4 2 3 3
40741 0 10133 4226 4226 38994 38987
1478 4 38462 1532 1511 1015 1015
15891 0 14046 1 1 14 4
25424 0 17555 826 826 4866 4861
13797 4 32300 326 326 113 113
405 1 404 4 3 2 2
37796 0 5866 179 179 30722 30717
2634 0 13504 20 19 294 289
26727 4 28774 95 92 45 45
26243 0 39695 12229 12229 8950 8949
3948 1 32711 6 3 3 2
4019 6 21073 14 7 7 5
1187 1 20711 5 3 5 4
36443 0 26928 997 997 1271 1268
29481 0 10355 6 6 146 144
1476 0 25435 15783 15783 36760 36759
38542 0 22631 2 2 8 6
39106 0 14148 11507 11507 28894 28894
28771 1 27460 5 3 3 2
16045 1 24249 2 2 2 2
16468 0 12729 6 6 157 143
24561 0 12729 3 3 153 140
40742 0 11685 10532 10532 40199 40192
15794 0 288 2861 2861 22628 22622
17369 4 28877 1247 1242 69 69
4197 1 13361 6 2 4 3
1566 1 31545 8 3 2 2
20016 4 29851 609 596 115 115
21241 1 21240 3 2 4 2
21240 1 17480 6 3 4 4
4088 0 9256 1935 1935 3094 3090
21664 0 31614 18 18 11 11
20867 6 22620 6487 6486 2334 2333
6116 3 12878 2 2 4 2
31524 1 6685 2 2 3 2
31665 1 11001 2 2 5 2
4541 1 14758 2 2 2 2
38652 3 11896 3 3 5 3
29789 4 11615 174 167 252 252
40744 0 26617 149 149 38748 38748
6122 4 39635 269 264 162 162
4953 0 10842 184 184 447 440
38322 0 11870 14153 14153 17787 17787
10438 0 1730 3 3 106 9
32068 0 9304 109 108 205 196
40745 0 7189 4258 4258 40517 40507
30521 1 1450 3 2 5 2
14974 1 22486 7 2 3 3
24396 1 14974 2 2 7 2
26467 1 15256 2 2 6 4
15469 1 9188 8 4 7 3
3672 4 34478 25 24 6 6
23086 0 9505 4645 4645 27367 27367
11105 6 34671 32613 32611 3687 3687
31200 1 26039 18682 18682 12287 12287
33187 0 8237 6692 6691 25644 25637
30483 1 21607 2 2 2 2
14260 0 14310 1359 1359 842 839
15924 0 9367 859 859 5666 5645
19959 6 17574 16 10 7 6
24704 0 18355 16107 16107 40838 40838
31678 4 25631 160 158 66 66
39728 1 18568 2 2 3 2
6336 4 34815 101 88 78 78
18894 0 12741 2 2 32 27
31814 0 15640 15 15 1197 1193
31718 1 31717 3 2 2 2
3495 1 37604 3 2 2 2
33838 0 15312 404 404 29457 29455
38175 10 30680 2 2 2 2
11923 1 29297 5 2 4 3
17682 4 16176 452 450 29 29
40746 0 15865 37892 37892 40597 40596
17989 1 45 3 3 7 2
162 1 161 9 4 5 4
1070 1 31232 4 2 4 2
11915 1 11914 2 2 2 2
17597 1 1779 2 2 2 2
33223 0 35286 331 331 6576 6575
17231 0 11078 31 31 12739 12736
9415 1 8217 6 3 3 2
9822 0 532 4 4 91 14
25559 0 7427 20248 20248 5945 5945
35901 1 18889 2 2 2 2
5032 1 9078 4 2 3 2
280 0 12443 37839 37839 40760 40759
3547 0 16302 868 868 13774 13761
37263 0 33813 31840 31840 37748 37747
40748 0 206 330 330 40198 40167
2410 6 36725 18414 18414 26705 26705
29420 1 33730 3 2 2 2
20556 0 268 209 209 1298 1294
25280 5 2971 2 2 107 43
10990 1 27947 6 2 2 2
22682 0 15763 1 1 4 1
10975 1 35401 2 2 3 2
11252 6 6012 17 9 10 9
13074 5 14951 54 54 332 330
24987 0 33083 27301 27301 37749 37748
32258 0 30454 4 4 8 8
20630 1 11278 2 2 4 2
375 1 374 3 2 3 3
24087 1 34222 5 3 2 2
22866 1 930 7 7 4 3
26540 0 19984 562 562 19703 19701
1203 1 11625 3 2 5 2
2995 1 16224 7 2 2 2
39628 0 35692 1568 1568 37695 37695
12922 3 16574 8 4 8 6
13536 9 7072 5 5 10 10
17977 0 6556 4244 4244 4509 4498
14591 1 20529 3 2 2 2
17537 1 20736 9137 9136 13664 13664
22994 0 1953 5348 5348 17051 17035
28203 4 15915 5 2 4 4
20040 1 11683 4 2 3 2
22766 0 15613 9031 9031 18332 18331
3681 1 20829 4 2 3 2
9952 1 17840 10 3 3 2
8561 8 9939 1413 1413 610 610
26904 1 34013 3 2 3 2
30218 6 33864 6 4 4 4
19855 4 40081 29 29 28 28
7107 1 4018 3 2 3 2
14459 4 30600 206 206 117 117
31262 0 19491 2 2 9 7
3049 0 13373 14077 14077 27535 27535
18036 1 21116 3 2 3 3
4102 4 26935 23 13 4 4
4051 1 4050 2 2 5 4
32772 5 5042 4 4 17 11
18593 1 8011 2 2 3 2
3037 1 458 4 2 3 2
11489 1 19752 2 2 3 3
7408 1 2641 4 3 4 2
30952 0 4379 153 153 14972 14961
19369 1 11046 2 2 6 2
40754 0 5844 23105 23105 40600 40599
13702 0 9051 1356 1356 139 139
14342 0 16213 3925 3925 37120 37119
38142 1 9549 2 2 2 2
22223 1 17536 3 2 4 3
2364 1 22225 6 2 4 3
27307 2 23001 33130 33130 36026 36026
2159 1 6296 6 3 2 2
3441 3 8470 6 2 4 3
11504 1 11503 2 2 3 2
28552 0 35437 2011 2011 3875 3874
32595 0 22049 601 601 3279 3275
34018 4 40756 40845 40845 35888 35888
12675 1 12674 4 2 4 4
22838 1 8225 3 3 4 2
9602 0 32242 40741 40741 10274 10274
