1678 7 40551 365 127 1 1
1678 7 18056 368 129 1 1
1678 7 30089 311 79 1 1
1678 7 36781 258 28 1 1
1678 7 18000 270 39 1 1
1678 7 9202 346 109 1 1
1678 7 26036 26062 25820 35 35
1678 7 35669 252 23 1 1
1678 7 40887 40758 40515 925 925
1678 7 38204 23846 23605 25 25
17935 9 35175 3 3 2 2
785 8 10116 9479 9027 7 7
785 8 37575 1028 583 1 1
785 8 21817 37331 36860 156 156
785 8 18729 445 3 5 3
785 8 12268 3241 2794 3 3
785 8 29200 19643 19182 9 9
785 8 23537 25468 25004 39 39
785 8 6770 26229 25764 48 48
785 8 1493 19497 19037 34 34
785 8 28822 30177 29710 53 53
785 8 15703 5703 5255 28 28
785 8 8245 9226 8775 4 4
785 8 36761 30842 30374 8 8
785 8 155 15017 14561 17 17
785 8 39420 24471 24008 7 7
785 8 38749 27318 26852 182 182
785 7 11761 26824 26810 62 62
16176 4 33688 658 656 104 104
18671 0 11241 6 6 28 13
19621 0 11241 1 1 15 1
15582 0 4030 25 25 501 472
25033 0 4030 1 1 33 7
31351 0 4030 5 5 329 301
19165 0 2969 28 28 125 116
21012 1 19165 5 3 2 2
16748 6 29001 11 10 8 6
31740 0 1183 2 2 111 68
26184 1 32091 13 10 4 4
32091 1 26184 4 4 14 11
4194 1 6975 2 2 3 3
6975 1 3569 4 3 7 2
15602 0 4367 2332 2332 16659 16630
6546 0 4367 21 21 1076 1048
24512 1 24859 2 2 2 2
33182 0 5053 475 475 2605 2602
5945 6 10270 7 4 11 10
5109 0 22368 1907 1907 21338 21333
20774 0 8060 6 6 2 2
12274 1 9268 2 2 3 2
12842 1 15886 6 2 3 2
13394 1 3789 3 2 2 2
13394 0 3459 1818 1818 18791 18782
38200 3 8055 3 2 4 2
36698 0 586 195 195 2600 2522
13143 0 586 802 802 15713 15633
7684 1 586 4 3 8 3
586 3 772 46 35 12 11
586 3 3510 41 31 8 8
586 1 11276 2 2 4 2
38212 2 121 7 7 1104 613
34053 2 121 11 11 893 407
21130 2 121 3 3 904 417
22680 2 121 2 1 502 21
33440 2 121 3 3 851 366
37929 2 121 10 10 1180 686
25514 2 121 16 16 1088 598
31531 2 121 7 7 1289 793
15287 2 121 53 53 1700 1197
30007 2 121 2 1 481 8
33594 2 121 4 4 830 347
31050 2 121 14 14 1680 1178
10443 2 121 2 1 474 4
13776 2 121 2 1 475 4
28371 2 121 28 28 1428 928
25046 2 121 1 1 580 98
29285 2 121 22 22 2299 1792
29029 2 121 10 10 1380 881
39017 2 121 6 6 835 351
36587 2 121 19 19 2706 2198
29042 2 121 37 37 2064 1558
20341 2 121 15 15 1349 851
33915 2 121 5 5 928 439
14588 2 121 2 1 495 17
121 6 39924 36 32 9 9
40757 0 1311 1409 1409 40616 40599
40804 0 1311 4680 4680 40823 40805
1311 0 896 4 4 18 13
18270 1 18269 4 2 2 2
13049 0 4990 185 185 6600 6580
36351 0 4990 100 100 3389 3370
29179 1 10971 2 2 2 2
23886 0 6769 8 8 9 8
30612 0 4411 2543 2543 7107 7106
14866 0 3633 5 5 27 22
35748 0 11399 17844 17844 39831 39824
31413 0 15186 5 5 4 2
20145 0 11015 1538 1538 6690 6689
40728 5 914 7097 7097 40909 40615
28450 5 914 876 876 28446 28155
7848 5 914 34 34 956 670
35945 5 914 1 1 279 3
25546 5 914 5 5 2515 2226
38155 5 914 1 1 294 15
36490 5 914 11 11 12648 12358
31958 5 914 11 11 478 195
16022 5 914 52 51 617 333
1595 5 914 9 9 846 561
5734 1 377 4 2 3 2
22785 0 5734 29 29 68 67
1255 6 24915 14 14 774 774
14244 1 11981 2 2 3 3
19390 0 4369 14 14 49 30
15364 0 4369 67 67 1970 1950
6533 0 4369 20110 20110 28724 28701
20079 0 4369 230 230 10455 10433
3634 1 4369 5 3 2 2
10990 1 4301 7 2 3 2
16398 1 2783 6 5 7 2
2783 1 1316 9 2 6 2
31737 0 16660 2 1 14 1
40758 0 6286 22690 22690 40665 40653
36771 0 6286 3 3 15 5
23301 0 6286 18 18 66 55
6286 1 7865 7 7 3 2
40759 0 45 14749 14749 40628 40625
45 1 44 14 3 2 2
30663 4 40225 236 235 104 104
14235 0 20549 52 52 1203 1198
20549 1 8731 3 2 6 2
15727 0 20842 3 3 4 3
28017 0 10090 775 775 27224 27210
40795 0 10090 22516 22516 40627 40612
32851 1 11382 2 2 12 11
21858 0 14369 5 5 582 578
34003 0 20650 10 10 13 12
5656 1 624 3 2 7 2
624 1 34337 2 2 2 2
32035 1 33317 2 2 2 2
6074 0 11052 8121 8121 13244 13244
6074 1 6073 2 2 2 2
31355 4 35983 616 613 258 258
10203 0 23680 2839 2839 19328 19328
34114 4 1598 60 59 4 4
15430 4 617 13 2 3 1
617 6 23164 1746 1731 447 447
40760 0 3796 12941 12941 40730 40719
40898 0 3796 12581 12581 40785 40773
27089 0 25460 2 2 10 2
38920 0 20791 988 988 1596 1596
26740 0 15987 15 15 238 233
26740 5 4475 2 2 37 17
33592 0 3640 2 2 77 8
21749 0 16741 40 40 45 41
40287 6 21134 5 5 7 7
14022 1 6297 2 2 2 2
14504 1 14022 2 2 7 3
40761 0 448 12806 12806 40818 40793
23685 1 146 3 2 4 3
24780 0 39997 14455 14455 23929 23929
40762 0 1763 18485 18485 40742 40737
6572 1 6944 2 2 4 2
6944 0 1701 82 82 737 730
4031 1 9327 7 2 7 4
37067 1 10473 2 2 3 2
23647 0 1338 31 30 138 111
23277 0 13709 9 9 3556 3537
3947 0 12235 13 13 1184 1175
12250 1 12717 2 2 2 2
271 6 40026 726 699 284 284
14931 1 36099 22 20 36 35
36099 1 14931 40 39 22 20
36099 1 27949 2 2 2 2
14576 5 2971 2 2 83 19
13484 5 2971 1 1 65 3
7443 1 25067 3 2 2 2
16880 0 18633 4591 4591 11334 11327
16881 1 16880 2 2 5 3
17282 0 228 24 24 3864 3789
33871 0 228 4 4 5045 4969
40763 0 987 25658 25658 40865 40860
20046 0 4696 7 7 67 60
8415 2 7033 10 8 28 23
15870 1 18392 3 2 4 3
25017 9 18392 2 2 3 2
3787 1 8742 3 2 6 3
23980 0 3787 748 748 4988 4971
8742 1 19068 7 3 8 3
11482 1 10803 2 2 2 2
2901 0 30222 18144 18144 20999 20999
10757 0 3459 79 79 4134 4126
26302 0 3459 26 26 866 859
10581 4 27666 1639 1639 1526 1526
11449 2 6220 30 29 40 33
258 6 35861 16958 16954 5902 5902
25183 3 11235 19515 19515 26068 26067
15107 1 15106 2 2 2 2
20809 4 32820 632 614 116 116
20809 4 32206 4448 4429 611 611
4981 1 17073 4 3 3 2
16542 0 4523 28 27 72 70
40894 0 16542 2434 2434 39733 39731
10161 1 10160 3 2 5 2
10160 0 15134 114 114 1980 1973
26185 1 15249 2 2 2 2
1771 1 1770 6 3 3 2
1771 1 9610 11 5 4 2
1771 1 36226 4 2 2 2
24128 0 8842 387 387 9218 9215
26157 1 31405 3 2 3 2
31405 1 31404 2 2 2 2
6096 1 29574 3 2 2 2
31306 6 34770 65 65 627 627
65 9 439 2 2 2 2
9078 1 23938 3 2 3 2
10215 0 5164 150 149 2738 2728
1559 8 14508 246 228 11 10
1559 8 25902 24577 24558 73 73
23501 0 1668 27480 27480 39311 39239
20112 1 27611 2 2 2 2
29717 0 30926 1937 1937 24011 24010
40020 0 17095 18976 18976 37759 37758
23138 0 1929 3 3 507 279
38723 0 1929 2 2 273 49
27757 0 1929 2 2 222 2
35086 0 1929 4 4 570 341
20750 0 1929 2 2 223 2
38906 0 1929 9 9 261 38
18333 0 1929 4 4 473 246
15970 1 3369 3 2 4 2
8306 2 25327 10 9 23 16
25327 5 3250 70 70 810 798
32633 1 5596 5 4 5 3
30166 0 5644 7 7 165 148
3771 0 5644 57 57 1602 1584
36968 0 18425 4888 4888 26378 26375
4765 1 4764 3 2 7 3
17970 0 4765 9 9 121 116
13604 2 251 1 1 10 1
37309 0 30216 978 978 4220 4220
38488 0 19873 15573 15573 27571 27570
21703 2 1136 3 2 82 15
37709 2 1136 3 2 441 371
29422 2 1136 3 2 280 211
34900 2 1136 3 2 117 49
4319 2 1136 50 50 2320 2248
35289 1 33808 2 2 3 2
7560 1 5488 2 2 5 2
40937 0 5488 1690 1690 34084 34081
13163 0 5488 374 374 46 44
3087 1 18847 3 2 2 2
27819 0 3087 8722 8722 30091 30076
29206 1 25712 2 2 2 2
4485 0 608 11 11 532 168
4485 1 4213 5 3 4 2
2562 0 608 58 58 6316 5945
20006 0 608 503 503 25886 25504
40838 0 608 8578 8578 40279 39890
40777 0 608 20053 20053 40589 40196
39245 0 608 40048 40048 38583 38195
40814 0 608 37876 37876 40831 40433
14223 0 608 317 317 6307 5937
1328 0 608 541 541 18569 18189
40785 0 608 34112 34112 40736 40340
40830 0 608 18877 18877 40431 40039
28595 0 608 38043 38043 36368 35981
7793 0 608 32278 32278 32804 32419
40884 0 608 18866 18866 40590 40196
30256 0 608 4 4 1709 1344
33590 0 608 9 9 400 37
40793 0 608 37262 37262 40838 40439
37242 0 608 33740 33740 34584 34198
9757 0 608 2799 2799 10804 10429
21406 0 608 980 980 13452 13075
40764 0 29777 15758 15758 40655 40653
13128 0 959 5 5 1410 1379
35052 0 959 33599 33599 34620 34588
14092 1 7130 3 2 3 2
40765 0 18 22076 22076 40854 40854
37609 0 25129 1264 1264 13119 13115
3268 1 10028 2 2 5 3
40766 0 35564 13890 13890 39812 39811
15729 1 12999 19 16 17 15
12999 1 15729 17 15 21 18
35258 4 25396 57 57 26 26
38187 1 29741 2 2 4 3
38187 0 2275 4471 4471 15478 15445
40767 0 15247 34596 34596 40795 40792
27131 1 17012 2 2 2 2
15936 0 23068 4 4 7 5
7803 1 13968 19 17 20 18
13968 1 7803 19 17 19 17
40572 0 32910 6003 6003 40555 40552
39830 0 32910 2 2 14 12
14004 0 25065 2 2 12 9
25065 0 4789 14 14 551 549
32733 0 248 4 4 45 36
10121 0 248 6 6 160 150
30194 0 7722 8 8 77 65
23606 0 4877 7 7 506 495
32247 0 4877 5 5 176 166
30622 0 2318 3 3 152 30
26982 0 2318 114 114 1329 1201
9320 0 2318 70 70 1199 1072
26224 0 2318 144 144 2092 1962
18713 0 2318 27 27 783 657
38875 0 2318 164 164 2769 2638
3443 1 12083 4 3 2 2
13887 0 3443 519 519 7149 7137
18271 0 3443 17 17 219 209
4423 0 24850 8 8 10 9
1038 4 13190 198 29 2 2
1038 4 40447 275 103 5 5
1038 4 33781 183 17 4 4
1038 4 31677 185 18 5 5
1038 4 7455 414 240 8 8
23751 4 8080 18 14 2 2
8080 4 23312 202 199 50 50
25625 5 2176 698 698 29175 29068
24036 5 2176 13 13 2536 2433
18415 5 2176 758 758 24938 24832
29637 0 28168 166 165 261 256
17924 0 7315 794 794 10163 10158
13300 0 11301 892 892 4564 4552
13300 6 14769 1516 1513 2886 2885
25115 0 11301 1707 1707 4431 4420
20438 0 11301 257 257 385 376
37862 0 11301 185 185 2460 2450
34851 4 31118 38 37 24 24
40242 0 24346 692 692 14939 14936
26644 1 4985 3 3 2 2
26644 1 16054 4 3 2 2
8110 0 12168 6 6 72 37
36165 0 12168 19503 19503 34634 34597
22455 6 27199 510 510 9339 9339
7288 1 36878 2 2 2 2
19322 5 7288 91 91 2329 2314
40768 0 1784 16899 16899 40609 40562
15769 0 1784 9 9 296 251
40438 0 1784 679 679 24236 24190
40839 0 1784 23851 23851 40698 40650
27441 0 25270 19432 19432 17017 17016
25270 0 6354 1603 1603 4680 4677
12380 1 20717 4 2 3 2
3729 0 20717 244 244 10142 10131
176 1 25906 9 8 44 41
25906 1 176 41 38 9 8
40769 0 10981 33435 33435 40923 40922
24894 0 7247 16 16 32 23
27000 0 7247 689 689 38190 38180
17047 0 13439 10161 10161 9793 9793
40770 0 3005 33762 33762 40910 40896
12076 1 3005 3 2 11 5
12740 4 40747 40558 40558 13980 13980
16545 1 14634 2 2 2 2
4313 1 3457 8 3 5 4
1482 0 13752 38 38 60 60
1482 1 35255 5 2 3 2
11251 1 13752 2 2 2 2
28721 1 22741 2 2 2 2
28721 0 15897 4 4 10 7
3761 0 8987 8183 8183 12527 12527
8987 3 23784 25537 25537 13307 13307
7280 1 26118 3 2 2 2
28912 1 26118 2 2 3 2
38386 0 1904 1 1 3 1
6607 1 11157 5 2 3 2
637 6 31616 561 521 92 92
637 6 39715 7609 7564 855 855
637 6 14054 178 139 243 243
637 6 39536 1671 1629 252 252
637 6 23571 7221 7177 946 946
637 6 40404 578 537 370 370
637 6 29851 1867 1824 692 692
5767 4 21704 21 3 2 2
3432 4 7926 58 56 14 14
3509 0 3407 11 11 50 46
13238 0 3407 4 4 22 19
26647 1 3407 4 3 4 2
24287 1 17938 3 2 7 5
36533 9 24287 2 2 2 2
17939 1 17938 2 2 3 2
9673 1 8487 8 5 7 4
7998 1 9673 5 2 4 2
8487 1 7998 4 2 4 2
3814 1 3548 5 2 2 2
23744 0 296 633 633 3494 3344
21505 0 296 10087 10087 34727 34575
7397 0 296 3 3 148 8
10506 0 296 3 3 177 35
38028 0 296 3 3 144 5
12013 0 296 316 316 2961 2812
15119 0 296 39 39 573 427
36945 0 296 1988 1988 15921 15770
36798 0 51 40 40 924 729
38369 0 51 91 91 1271 1074
40705 0 51 15864 15864 40623 40422
20387 0 51 12 12 215 23
40810 0 51 17262 17262 40677 40475
27837 0 51 3 3 259 66
5886 0 51 9 9 1164 968
20051 1 20050 2 2 4 2
20861 1 5558 3 2 4 2
26868 0 6233 4 4 36 27
26868 1 5872 4 2 4 2
37434 0 917 4 4 17 15
25228 0 917 349 348 56 53
20402 0 16155 1656 1656 11471 11470
30004 0 2482 10 10 604 594
18986 0 2482 10 10 74 65
39024 0 29467 8180 8179 5074 5072
38724 0 29467 258 258 244 243
36561 5 129 4 4 224 180
1583 0 129 14 14 5391 5382
406 1 1287 5 3 13 3
23997 1 406 3 2 4 3
18173 1 1287 4 2 7 2
40882 0 1287 3685 3685 40565 40525
332 0 1287 45 45 260 222
18612 4 33576 21 2 5 5
18612 4 19325 92 71 23 23
12266 4 18612 23 16 2 2
5940 0 532 1 1 76 2
1521 0 532 1 1 75 2
40279 0 532 5 5 95 18
30426 0 532 25 25 1322 1244
15231 0 532 3 3 89 13
40771 0 10613 14337 14337 40338 40327
29184 1 22723 4 2 3 2
29184 1 30903 2 2 2 2
6386 0 26454 511 511 9261 9257
3277 1 37105 3 3 3 2
31630 0 33081 28508 28508 40726 40725
33081 0 3606 11346 11346 7558 7545
1354 1 1353 2 2 4 2
4940 6 40772 40728 40726 10328 10328
4385 0 4940 13 13 483 473
29446 0 4940 472 472 19851 19840
24366 1 7539 2 2 2 2
9683 6 40773 40808 40807 16930 16930
40773 0 2732 11742 11742 40797 40794
33864 0 13576 5 5 11 6
28351 1 685 2 2 2 2
35900 3 685 2 2 5 2
8053 1 32295 4 2 3 2
35212 0 8053 7 7 32 30
8643 0 1819 6 5 57 51
7117 1 8643 4 3 2 2
24594 5 1819 5 5 197 157
3210 5 1819 4 4 80 41
27467 0 31416 759 759 28289 28287
464 1 3675 3 3 6 2
3675 1 12232 6 2 3 2
3675 1 19310 9 3 3 2
4006 1 7203 5 2 3 2
1307 1 11050 3 2 11 2
10097 6 15251 178 178 266 266
21168 1 10097 2 2 4 2
23083 0 26718 10877 10877 30737 30737
21673 0 26120 4760 4760 7342 7341
26120 0 6426 4 4 43 35
24650 0 27939 7947 7947 14086 14082
38457 1 9568 2 2 3 2
27178 0 2497 24 24 2744 2646
31174 0 2497 3 3 1729 1632
19058 0 2497 37 37 999 906
23035 0 2497 11 11 1100 1006
5147 0 2497 576 576 4496 4396
5305 1 1 5 3 3 2
29442 1 5305 4 2 4 3
12784 4 1630 222 217 5 5
12784 4 5463 278 272 5 5
25315 1 20655 5 2 4 3
8198 0 20655 2409 2409 4058 4054
20655 1 5129 2 2 6 3
931 0 2275 161 161 4722 4690
11433 0 2275 493 493 24397 24363
14758 0 9787 9 9 622 603
36898 0 1686 146 146 3489 3482
40774 0 16369 21866 21866 40712 40707
17226 1 10110 2 2 3 2
27870 2 2023 59 59 2733 2679
18478 2 2023 40 40 1413 1362
11490 2 2023 23 23 1466 1414
20278 2 2023 59 59 1926 1873
16554 1 29212 2 2 2 2
29212 0 34093 136 136 100 100
36825 0 20796 4 4 13 8
5335 5 9988 2308 2308 27856 27853
29725 5 9988 13 13 287 285
1864 4 39744 163 85 7 7
1864 4 12986 307 226 7 7
1864 4 9221 105 28 5 5
1864 0 1703 2 2 38 6
12378 1 3604 3 2 5 2
9895 1 13428 6 2 2 2
15667 1 15666 2 2 3 2
2507 3 4435 190 189 259 259
6789 9 2507 3 3 6 6
16918 1 2507 3 3 3 2
20071 4 20803 41 36 8 8
20849 1 14778 2 2 2 2
13053 1 24622 2 2 6 2
40284 1 24622 2 2 3 2
19366 0 20234 1161 1161 1256 1254
26315 0 19366 3 3 11 5
35882 2 2524 1805 1804 5567 5523
33234 2 2524 6 5 43 2
40939 2 2524 22 22 40778 40733
8199 0 15331 7 7 14 12
19502 1 12706 2 2 3 3
11732 1 7659 3 2 6 2
29649 0 11732 27899 27899 39224 39216
7659 1 7279 5 2 5 2
12815 4 27688 124 102 3 3
12815 4 20570 102 81 4 4
26871 0 2084 11 11 8 8
4955 6 15531 2 1 4 1
8178 1 11153 2 2 2 2
2181 6 20785 2423 2405 349 349
2181 6 11583 1265 1248 186 186
23792 0 30977 1314 1314 4179 4174
4102 4 38587 156 145 122 122
40775 0 35896 33627 33627 40769 40768
6696 1 21296 2 2 2 2
21295 1 6696 2 2 4 2
8023 1 21296 4 3 4 2
3303 0 10707 3879 3879 11056 11030
17408 0 4099 215 215 886 885
23226 0 34449 11059 11059 37860 37859
4136 1 4135 3 2 2 2
39465 0 16668 3106 3106 33846 33842
16257 0 23562 1377 1377 831 826
4227 6 32367 6841 6838 271 271
40607 0 4227 21699 21699 40806 40803
16679 1 16678 2 2 2 2
1122 9 23212 3 2 2 2
23212 0 2918 4 4 269 193
7532 1 7531 6 2 4 3
29273 1 14570 2 2 6 3
5949 0 3779 4 4 672 620
8913 0 3779 72 72 3146 3091
23795 2 2580 1 1 36 1
9939 2 2580 1 1 51 12
20115 2 2580 2 2 153 111
36622 2 2580 1 1 44 8
15250 5 2644 2 2 32 16
4951 1 5069 3 2 5 2
7948 1 8993 2 2 2 2
3755 1 18943 4 2 3 2
18943 1 30961 2 2 3 2
17857 1 11523 4 3 3 2
6924 4 37669 670 655 311 311
6924 4 25551 409 395 139 139
30696 4 40310 864 864 910 910
5259 0 9217 6 6 181 173
28032 0 5259 22 22 257 249
20159 4 23395 57 56 27 27
17347 4 20159 69 65 3 3
3882 4 10151 31 31 29 29
8811 0 2340 43 43 812 810
32387 0 8811 648 648 8870 8867
35192 0 2340 237 237 17228 17225
19066 6 13595 32584 32578 3519 3519
2887 0 2938 8 8 19 16
2887 1 7436 3 2 2 2
15497 1 2938 2 2 3 2
25015 4 28828 1843 1843 8195 8195
21810 4 25015 257 248 75 75
3850 0 160 20 20 1141 1101
15553 0 160 78 78 1392 1351
17933 0 160 35 35 985 947
30234 0 2731 3 3 56 29
46 0 14274 186 186 707 701
14834 1 16497 4 2 5 2
14834 1 8390 2 2 8 4
14834 1 5110 5 2 11 4
40922 0 14834 36471 36471 40861 40856
11673 1 5110 3 2 12 4
29358 0 2687 1 1 31 1
8288 0 2687 1 1 35 1
33791 0 2687 2 2 41 5
33543 0 40596 40725 40724 4191 4191
172 4 7119 8229 8228 1871 1871
35331 5 172 3 3 443 96
28580 5 172 2 2 974 623
18603 5 172 23 23 5316 4959
36972 5 172 1 1 345 4
78 5 172 1 1 343 3
33614 5 172 3 3 417 72
35822 5 172 3 3 876 526
39121 5 172 3 3 4669 4313
22074 5 172 406 406 12578 12219
20314 5 172 9 9 1571 1218
1118 5 172 4 4 428 82
21326 1 23555 5 2 3 2
2173 6 38083 15 5 2 1
2173 6 18659 276 264 127 127
33947 4 39713 354 354 539 539
18377 3 4166 4 3 4 2
34858 0 18783 6952 6952 35645 35644
3968 1 5813 3 2 8 3
11261 1 5813 2 2 2 2
5813 1 31835 11 4 7 6
36714 0 38851 1926 1925 333 333
30857 0 30511 630 630 3225 3224
1365 1 15439 2 2 4 2
39987 0 81 34 34 2854 2807
36104 0 81 44 44 2647 2601
5785 0 26217 70 70 100 96
19380 0 26217 3 3 11 8
6787 1 26217 6 3 3 2
16634 0 9747 63 63 366 350
36078 1 7833 2 2 2 2
32975 0 9558 3851 3851 29847 29847
32975 1 32002 2 2 2 2
22353 1 15922 2 2 2 2
1604 1 6991 4 2 4 3
2547 1 14925 3 3 4 2
14212 0 14737 9 9 56 45
4130 0 3621 2 2 21 14
24323 0 3621 3664 3664 14917 14909
3621 0 9758 30 30 223 205
10319 4 33522 75 59 42 42
27683 1 39142 2 2 2 2
16503 1 110 2 2 4 2
40776 0 5310 9708 9708 40751 40741
25496 0 5310 7 6 67 58
1913 6 25274 122 117 12 11
33711 5 19257 2 1 8 1
32197 1 22383 3 3 4 4
23062 1 12031 2 2 3 2
26578 0 239 2705 2705 13962 13703
19936 0 239 22013 22013 35221 34957
40929 0 239 27624 27624 40766 40500
24226 0 239 780 780 8226 7974
20767 0 239 1176 1176 10057 9802
19429 0 239 6512 6512 24218 23956
32842 0 239 6241 6241 17074 16814
34670 0 239 25999 25999 35823 35558
23758 0 239 10 10 8302 8049
13023 0 239 31 31 4246 3996
16182 0 239 2803 2803 10734 10478
17401 0 239 123 123 12077 11819
34239 0 239 70 70 7120 6869
2069 1 15760 14 4 4 3
22182 1 3014 2 2 3 2
31096 1 15639 5 3 5 3
15639 1 29383 8 3 3 2
15639 1 207 6 3 4 2
13398 0 71 40 40 367 304
2736 4 13398 229 180 2 2
13398 4 7720 28 21 53 53
20939 0 2215 5 5 14 9
7946 1 1765 3 2 3 2
1947 0 1249 7 7 811 766
22728 1 16506 3 3 2 2
34810 9 22728 2 2 2 2
3254 0 2886 2835 2835 4327 4319
18890 4 37812 67 64 14 14
18890 4 28071 25 23 18 18
24803 4 28831 157 156 15 15
12939 1 23279 5 3 2 2
13702 1 12070 5 2 3 2
27600 0 7589 3 3 158 149
24117 1 1225 3 3 2 2
1110 0 20337 6 6 23 18
40926 0 20337 25442 25442 40852 40845
354 4 36395 10 7 5 5
24159 0 12803 672 672 2622 2622
26948 2 3620 8 8 912 887
37272 0 7800 106 106 1087 1076
23037 4 3762 535 533 51 51
33783 2 1326 22 22 1396 1259
22501 2 1326 1 1 178 45
31495 2 1326 2 2 254 119
19086 2 1326 3 3 264 128
38740 2 1326 1 1 197 63
38719 2 1326 62 62 9839 9701
36238 0 1326 19 19 278 264
18160 0 1200 44 44 24 24
23552 1 10327 4 2 3 2
40037 0 19153 4646 4646 22439 22437
33552 0 40037 899 898 5920 5920
7751 0 3712 126 126 8685 8677
7196 0 3712 6 6 184 177
28826 1 3712 6 4 6 3
26351 6 25426 333 333 559 559
17946 0 26351 17 17 429 425
10124 0 25426 6 6 138 134
6974 6 17672 199 198 8 8
19506 1 15393 3 2 3 2
32325 0 17590 1144 1144 17113 17105
40778 2 26169 3752 3752 40836 40836
36197 4 29170 31 31 16 16
1264 1 22448 3 2 2 2
40779 2 1646 1288 1288 39479 39437
40782 2 1646 464 464 40267 40224
40780 0 379 23298 23298 40821 40803
40828 0 379 14040 14040 40765 40748
14490 1 12757 2 2 5 2
34243 0 1244 8 8 373 90
12545 0 1244 25 25 861 574
28964 0 1244 24 24 1251 962
4871 0 1244 3 3 281 2
17807 0 1244 68 68 1202 914
14487 0 1244 7 7 280 2
40781 0 4921 2851 2851 40393 40390
9372 1 1508 3 2 4 3
2261 4 19476 16 1 1 1
2261 4 18565 39 23 2 2
5771 4 39949 27 19 1 1
13951 1 3521 6 2 5 2
18299 1 274 3 2 9 3
15954 1 34113 4 2 2 2
17141 0 21055 3 3 7 4
13878 1 26428 4 2 3 2
35918 0 391 5 5 37 34
39002 1 39001 2 2 2 2
4532 1 26446 2 2 2 2
11891 5 16320 448 448 19310 19297
13955 1 11289 2 2 6 4
1592 1 17240 7 2 2 2
15523 0 2604 12 12 81 46
36776 0 2604 9338 9338 38326 38284
40872 0 2604 28337 28337 40821 40778
6989 0 2604 594 594 4041 4004
38136 0 2604 227 227 1145 1109
31426 1 2604 3 2 7 3
12623 1 6107 2 2 4 2
22297 1 8322 4 2 3 2
21592 1 22297 3 2 3 2
4547 1 21674 10 3 5 2
32040 1 4547 4 3 7 2
7982 1 20572 3 3 5 2
7983 3 7982 2 2 2 2
31376 2 743 2 2 121 18
32748 2 743 4 4 1340 1231
36118 2 743 5 5 930 823
743 6 9450 3 2 2 2
39780 0 2807 4491 4491 22420 22415
4722 0 2807 22 22 442 439
35415 0 2807 36731 36731 37122 37116
15011 0 1542 158 158 847 827
10421 1 10420 5 2 3 2
26009 0 265 3 3 260 7
9536 0 265 4 4 256 5
15205 0 265 3 3 253 3
36270 0 265 2 2 332 75
39375 0 265 71 71 1538 1279
12974 0 265 537 537 10245 9983
25076 0 265 135 135 4396 4135
19351 0 265 13 13 331 75
11480 2 1534 11 10 52 45
40783 0 4407 20728 20728 40645 40645
4407 1 39995 2 2 2 2
8464 1 8424 5 2 4 2
23763 1 3300 2 2 9 3
24479 1 23586 2 2 3 2
28656 0 21 5 5 69 2
38617 0 21 1 1 67 1
39259 0 21 218 218 8196 8127
6493 0 3567 42 42 14 12
21912 0 22347 6 6 28 27
24178 1 9908 2 2 2 2
22121 0 351 2 2 127 4
25316 1 746 5 3 3 2
3063 1 4791 7 2 5 2
11495 0 4791 55 55 1799 1785
36889 0 883 24 24 994 773
22017 0 883 7 7 751 531
39078 0 883 32 32 1154 932
7495 0 883 4 4 254 39
7498 0 883 10 10 218 4
36527 0 883 15 15 368 151
31583 0 883 4 4 573 354
40784 0 14144 646 646 40521 40503
3408 6 8243 72 2 3 2
3408 6 8940 1998 1922 8 8
3408 8 38801 21854 21788 33 33
3408 8 28506 83 18 11 10
10233 4 38705 102 88 11 11
36048 6 18704 148 148 497 497
1046 7 36048 136 21 1 1
1962 1 1961 4 2 6 3
11585 3 21329 5 2 3 2
32391 1 11972 2 2 2 2
31739 4 18679 255 253 86 86
26785 1 7703 2 2 4 2
20520 1 6788 4 2 3 2
11565 1 37185 2 2 4 4
11565 1 12441 6 2 2 2
29689 1 11565 2 2 8 3
19922 0 8858 7 7 166 155
15795 6 39521 29 29 212 212
840 8 19493 34 22 11 9
840 8 36647 43 30 4 4
840 6 30428 4331 4318 359 359
26662 0 7523 726 726 10497 10494
26756 0 9311 31 31 331 320
12636 1 24788 6 2 2 2
20784 1 387 7547 7546 5859 5859
387 1 20784 5524 5524 7184 7183
12153 3 19756 2 2 2 2
13239 0 284 35 35 1525 1299
34758 0 284 5 5 279 58
35142 0 284 3 3 224 7
33324 0 284 6 6 300 78
24884 0 284 12 12 251 33
39131 0 284 7 7 371 148
26984 1 38840 3 2 2 2
9435 1 13227 7 4 3 2
5449 0 9435 14 14 27 26
31592 1 13227 2 2 9 3
23798 1 23297 48 45 76 75
21935 1 23297 2 2 2 2
4425 0 9880 8 8 17 8
17011 3 17169 5 3 7 3
7442 1 23836 3 2 2 2
7442 0 12505 75 75 691 683
23836 1 3274 4 2 2 2
17432 1 30826 2 2 2 2
11988 4 31236 202 201 70 70
31236 4 34496 4 3 4 4
1444 0 9048 3 3 182 167
5768 0 1444 13533 13533 19785 19749
39440 0 1444 374 374 5545 5510
20898 0 9048 11 11 2122 2105
2408 0 9048 12 12 1388 1372
33742 0 9048 12371 12371 24656 24635
38351 0 9048 29 29 7367 7348
6375 1 8324 2 2 2 2
37317 0 6230 7664 7664 28332 28331
10713 4 2207 18 13 3 3
40786 0 1672 29098 29098 40838 40802
40892 0 1672 26545 26545 40830 40795
28472 5 10737 16 16 1523 1520
10737 6 27038 69 65 2 2
21537 0 1027 3 3 172 22
35194 0 1027 4 4 249 98
39579 4 25695 212 212 7 7
12699 0 2137 1 1 12 1
27906 0 19986 9692 9692 29983 29980
19986 1 16852 3 2 4 2
30297 1 3771 2 2 2 2
39950 0 2362 3 3 13 11
16469 0 178 12 11 171 160
34721 0 178 12 11 192 180
9225 0 178 18 18 354 341
31063 0 2110 5 5 222 34
38241 0 2110 25 25 375 184
31237 0 2110 3 3 207 21
5590 0 2110 62 62 1458 1264
7272 1 33016 2 2 3 2
17837 0 7272 71 71 222 221
36109 1 33016 2 2 2 2
33016 1 33015 3 2 2 2
39272 0 12035 4 4 37 28
11022 6 27914 62 55 15 15
40787 0 5243 32378 32378 40839 40834
3741 1 18271 2 2 2 2
40788 2 593 938 938 40619 40592
27944 2 593 225 224 902 877
9102 2 593 23 21 33 9
40548 0 16045 86 85 20 19
758 1 10360 5 3 7 2
10360 1 10359 5 2 2 2
3223 0 3161 2 2 86 50
5881 1 18355 3 3 2 2
38969 0 16196 14 14 41 40
29347 0 1461 37825 37825 39725 39712
1650 1 16394 27516 27508 9138 9138
1650 1 16302 8 2 3 3
40174 1 1650 1024 1024 10166 10159
9952 1 37466 4 2 2 2
2245 0 2918 38 38 552 475
2245 1 2244 4 3 2 2
14233 0 2918 468 468 8822 8743
1079 0 2918 113 113 4871 4793
32727 1 24872 3 2 3 2
39701 0 5987 23601 23601 6297 6297
15176 1 18854 7 2 3 2
18854 0 7016 292 292 2825 2823
24327 0 3027 7294 7294 30397 30344
14366 0 24327 16689 16689 29412 29412
23190 1 13002 3 2 7 3
5729 1 20226 2 2 3 2
20226 0 13887 8553 8553 20131 20126
8274 1 8999 4 2 6 2
18181 1 8274 4 2 2 2
9428 1 8999 3 2 8 3
8511 1 31347 2 2 2 2
21811 0 278 3 3 276 98
33666 0 278 4 4 184 11
21874 0 278 5 5 302 123
29143 0 278 1 1 170 1
18106 0 278 4 4 257 80
39291 0 278 7 7 306 126
37756 0 278 2 2 176 5
511 0 15897 6 6 8 6
15736 0 1677 47 47 8704 8647
829 0 1677 11 11 344 288
27621 0 1677 6064 6064 15200 15141
29445 1 1550 3 2 5 3
18936 4 39578 14 13 5 5
34932 2 14540 4 3 6 2
647 1 6311 9 2 2 2
33210 6 17250 5449 5449 25790 25789
9637 5 1981 6 6 113 61
21619 5 1981 11 11 1627 1573
11643 3 3908 14148 14147 5507 5507
30998 1 7774 3 2 3 2
30998 1 2447 2 2 3 2
16669 2 916 2 1 154 14
8577 2 916 2 1 385 239
18018 2 916 2 1 237 95
35944 2 916 2 1 291 147
9258 2 916 2 1 255 112
34189 2 916 2 1 142 3
21737 0 2589 29 29 2130 2113
40303 0 2589 1894 1894 39487 39469
3167 1 6502 5 2 7 5
17014 2 3167 3 2 32 11
7204 1 3167 4 2 8 3
32383 0 427 2 2 80 10
13521 0 427 2 2 74 5
11437 0 427 14 14 180 109
16023 0 4958 1 1 8 6
5777 4 4318 28 14 2 1
5144 4 4318 37 34 5 3
4318 6 27523 695 691 169 169
19086 6 12484 4 1 4 1
12201 4 22304 205 199 90 90
10786 1 14577 4 2 3 2
20175 0 7143 3 3 13 7
1205 1 23424 4 2 3 2
35226 0 37189 54 52 103 101
19169 1 25362 3 2 3 2
14940 1 12227 2 2 3 2
12227 1 13800 4 2 4 2
2813 0 3170 34 34 84 84
3170 1 3169 3 2 3 3
35238 1 8601 2 2 4 2
36661 1 39486 2 2 2 2
17745 5 774 26 26 4634 4495
17745 2 1137 2 2 343 236
37417 5 774 2 2 221 84
29963 5 774 1 1 136 1
40735 5 774 23719 23719 40941 40801
23613 4 28865 57 53 3 3
24660 4 23613 610 607 94 94
6782 5 5167 3721 3721 40369 40349
34227 5 5167 306 306 7986 7967
5167 6 27267 1994 1993 70 70
40789 0 25921 13207 13207 40721 40721
18492 6 36549 3 2 2 2
864 1 14562 12 8 5 4
32699 0 14562 51 51 1137 1127
4521 1 25708 6 3 4 3
10559 1 10558 2 2 2 2
3083 0 26431 5725 5725 39499 39494
5974 0 9758 1212 1212 9433 9412
4522 0 9758 2 2 143 126
12683 0 9758 8211 8211 13973 13951
19 0 29519 45 45 41 39
38094 4 40790 40551 40551 29902 29902
36200 0 5055 14121 14120 24395 24395
204 1 3048 7 2 2 2
32488 1 204 4 3 5 2
40791 0 11084 100 100 40505 40487
33754 1 5275 2 2 3 2
32 4 32392 56 40 5 5
32 4 24489 70 53 11 11
12319 4 14836 93 88 13 13
27811 2 10916 4 3 20 15
30475 0 10916 407 407 3046 3046
15792 0 3763 2 2 36 31
8019 1 30805 3 2 3 2
2949 1 8019 5 2 5 2
30805 1 16646 10 8 7 3
35060 0 5892 5 5 27 19
11125 4 10606 1 1 1 1
25276 1 3926 3 2 7 2
13830 1 6490 32 26 36 36
13830 1 7308 7 2 3 2
6490 1 13830 32 32 27 21
1366 0 29 15 14 49 42
29 1 11186 4 2 3 2
6226 1 29 2 2 2 2
19987 4 11397 254 252 151 151
4506 1 9454 5 2 4 2
6037 0 39187 2166 2166 8395 8393
39187 0 11100 315 315 20167 20150
2381 2 12273 1 1 44 3
7324 2 12273 1 1 69 20
6513 0 650 579 579 1339 1297
37308 0 650 13 13 327 286
40792 0 9525 815 815 40541 40537
30839 1 10851 2 2 2 2
21181 5 232 8 7 38 29
11205 5 232 20 20 8007 7997
24984 0 232 667 667 13910 13904
38752 0 728 224 224 20973 20966
8716 6 31315 5 5 2 2
24013 1 23715 4 2 7 4
36734 5 985 4 4 1121 1054
7458 5 985 2 2 129 64
12641 0 39 8 8 482 273
7396 0 39 5 5 229 30
21862 0 39 14 14 375 168
21561 0 39 3 3 202 6
13466 0 39 2 2 208 10
17532 0 39 5 5 233 33
18621 0 39 5 5 258 56
1398 0 19101 35155 35155 40243 40241
13758 1 29291 3 3 4 2
4555 0 1115 545 545 2702 2693
39750 6 18050 97 97 1707 1706
11789 1 24319 3 3 3 2
24319 1 11789 3 2 3 3
7072 1 9237 6 3 3 2
13503 1 7072 3 2 9 3
25660 5 4520 3 3 27 23
38151 0 7155 9380 9380 26515 26509
4453 6 7580 1653 1647 80 80
7580 0 34614 346 346 2781 2780
26183 0 11186 891 891 21925 21922
35764 0 14617 4 4 51 50
4608 0 3699 2 2 41 22
40827 0 3699 11895 11895 40698 40677
8852 0 7403 690 690 7731 7726
8176 1 8852 4 2 3 2
193 6 27058 124 70 2 2
193 6 11869 56 4 1 1
193 6 18878 60 7 9 9
19842 4 22836 158 153 14 14
21930 1 21045 2 2 4 2
21930 0 12252 30 30 365 359
5745 1 14074 3 2 3 2
26613 1 9037 3 2 4 2
9037 0 3099 82 82 393 392
7396 4 28775 163 148 3 3
24578 3 23111 7 4 3 3
21061 1 25626 2 2 2 2
24011 0 12474 39601 39601 31924 31922
13829 1 16710 2 2 2 2
4185 1 13829 3 2 5 3
13829 3 25284 6 4 5 3
12211 0 6042 412 412 10518 10507
13978 1 2276 2 2 5 2
39294 4 26572 15337 15337 28156 28156
33294 0 3229 2 2 110 101
8108 0 3229 193 193 5055 5045
3229 1 22044 6 3 4 2
6633 7 40129 23346 23334 40 40
6633 7 12050 2700 2690 2 2
16200 0 1852 89 89 2236 2188
16201 1 16200 5 2 4 2
19710 6 10760 2 1 9 4
32734 1 3419 2 2 4 2
4779 1 14955 2 2 3 2
3716 1 1998 2 2 7 3
40577 0 3716 14885 14885 40837 40823
31620 0 3716 1163 1163 25374 25362
28941 0 3716 36760 36760 40406 40393
17519 0 3716 20 20 109 98
9620 0 3716 5 5 51 41
2915 1 12159 16 3 9 5
522 1 21041 4 3 4 2
522 1 13953 5 3 7 2
522 0 16646 17273 17273 39747 39747
32701 0 522 20 20 135 123
31153 0 36722 39648 39648 29412 29410
36722 0 1474 1833 1833 40318 40303
7592 1 9560 3 2 2 2
2035 1 8589 5 2 5 2
25494 1 8589 2 2 2 2
4666 1 4665 4 2 3 2
4665 0 6717 22 22 99 97
6144 1 19664 2 2 3 2
28456 2 1773 1 1 58 20
28456 6 22320 1123 1121 226 226
5443 2 1773 1 1 92 53
18213 1 18982 2 2 2 2
18716 0 37537 398 398 6832 6830
6882 9 10563 3 3 2 2
40794 0 32275 21416 21416 40754 40753
19296 1 6611 3 2 2 2
16065 0 36140 9 9 10 7
40829 0 16065 3542 3542 37904 37904
32071 1 23898 3 2 3 2
37285 0 184 2 2 344 50
39009 0 184 993 993 18071 17768
3395 0 184 2 2 291 3
32164 0 184 1 1 283 1
34310 0 184 2 2 293 4
39279 0 184 21 21 653 355
11281 0 184 8 8 346 51
30773 0 184 23 23 1123 823
15734 0 184 10 10 545 248
5209 0 184 15 15 1431 1130
16507 0 184 2 2 328 35
40030 0 184 70 70 1915 1613
1190 6 31657 27 15 1 1
1190 6 39319 53 40 20 20
17492 1 20700 2 2 2 2
16074 0 18268 2 2 7 2
21289 0 18268 6 6 9 3
14746 1 23603 24 23 66 64
7078 6 36019 9 9 6 6
7486 0 7078 29 29 60 52
4225 1 13633 6 2 6 3
4225 1 11780 5 2 4 2
754 1 2375 5 2 2 2
1823 7 36030 4 3 20 19
6054 0 4123 15 15 1123 1088
6054 3 1296 15105 15103 23066 23065
3215 0 7911 6 6 7 4
6678 1 7911 3 2 2 2
16802 1 8850 7 4 6 4
1076 1 1075 8 2 3 2
1076 1 27277 10 2 5 5
18470 1 18469 2 2 2 2
7673 1 10866 3 2 3 3
7673 1 8629 4 2 3 2
8644 1 14101 2 2 2 2
493 0 1629 7 7 175 164
2736 4 26470 53 8 1 1
2736 4 34726 69 22 2 2
2736 4 35146 89 41 5 5
2736 4 33515 55 9 1 1
35179 0 19119 7 7 84 83
13379 4 19119 68 65 9 9
28508 2 3843 6 4 31 3
40099 2 3843 69 68 375 346
9537 1 3843 2 2 5 2
25746 0 11870 10926 10926 8038 8038
26637 6 24424 1045 1045 856 856
15305 5 2978 1 1 68 1
10135 5 2978 3 3 230 161
14631 0 3275 68 68 133 127
1043 1 14631 5 2 8 2
39736 1 21554 2 2 3 2
39736 0 4427 14 14 314 292
8260 0 7895 6 6 21 17
16624 0 8260 17609 17609 34496 34494
36792 1 37816 2 2 2 2
40796 2 3317 197 197 40736 40703
11856 1 2643 2 2 3 3
8104 1 4274 5 2 2 2
8104 1 12438 3 2 2 2
9749 1 13574 3 2 3 2
40797 0 19420 7860 7860 40752 40750
24056 0 9777 3607 3607 17915 17914
12866 6 7036 109 109 585 585
19409 4 36350 1008 1008 6 6
28857 0 706 17 17 100 87
19163 0 18538 9 9 33 30
16614 1 25570 5 2 2 2
16614 1 8351 2 2 2 2
24052 1 24051 2 2 2 2
29706 4 499 10 10 29 29
34810 0 17502 26733 26733 23957 23957
40798 0 38876 2356 2356 39571 39571
26283 6 40443 3165 3165 3288 3288
32794 0 18895 2 2 87 79
3034 2 1137 1 1 106 2
19442 2 1137 1 1 73 1
26122 4 31544 102 96 19 19
17880 1 20417 3 2 2 2
3499 1 20417 3 2 3 2
20434 0 21190 2198 2198 1591 1590
13327 6 22210 5 5 26 26
40799 0 5636 15721 15721 37756 37756
14768 6 24252 5 4 5 3
9578 0 473 7153 7153 29270 29267
20196 1 21248 4 3 2 2
21248 9 11908 3 2 2 2
6765 1 27335 2 2 2 2
37410 0 27335 9355 9355 21485 21484
12725 1 21889 3 3 3 2
19754 0 4059 1 1 5 2
9461 4 12081 3 2 5 4
8574 0 5381 10 10 36 25
8574 1 8573 6 3 2 2
29585 1 8574 2 2 3 3
13699 0 5381 286 286 8045 8033
36608 0 123 7042 7042 16813 16805
24094 0 123 2275 2275 20816 20807
516 0 292 2 2 250 10
31393 0 292 4 4 262 20
14242 0 292 3 3 274 31
33413 0 292 12 12 1838 1587
15177 0 292 7 7 559 314
39499 0 292 13 13 852 604
13524 0 292 2 2 238 3
31996 0 292 7 7 672 426
26845 0 292 1 1 233 1
14814 0 292 1 1 230 1
13283 1 2720 4 2 3 2
2720 1 5598 5 3 6 2
34387 1 26855 2 2 3 2
26856 1 26855 2 2 2 2
37173 4 10091 2828 2828 8643 8643
19951 0 20010 497 496 2178 2171
40800 0 28344 9064 9064 40293 40292
24652 0 26678 1220 1220 2979 2975
27632 0 31556 3 3 173 171
8336 6 2824 1672 1672 90 90
14255 1 19144 3 2 3 2
20014 0 14262 348 348 16333 16328
40801 0 16573 28178 28178 40830 40826
2360 1 4933 3 2 6 2
40802 0 39415 19223 19223 40864 40864
30541 0 22903 123 123 265 264
20618 1 9942 4 2 3 2
38150 0 712 4 4 398 393
25109 0 7757 256 256 285 283
40803 0 5646 18280 18280 40762 40758
1003 1 5646 4 2 4 2
35081 1 28378 2 2 3 2
11590 1 29649 2 2 2 2
39026 0 29817 810 810 16774 16772
13903 6 32368 506 502 46 46
30745 1 37402 3 2 2 2
10159 1 38458 3 2 2 2
27696 1 6690 2 2 2 2
28744 1 6690 2 2 8 2
20852 1 6690 2 2 3 2
40885 0 6690 24848 24848 40788 40780
16732 0 10532 90 90 1843 1839
6916 0 19429 13667 13667 6126 6126
10276 1 9887 8 4 4 2
4800 1 9900 4 2 4 2
19570 1 4800 3 2 2 2
17182 1 2190 2 2 2 2
4461 0 19310 8669 8669 20099 20091
1046 7 18091 5288 5169 2 2
1046 7 18788 2600 2483 1 1
1046 7 39181 17554 17433 5 5
37226 0 11964 127 127 5391 5389
11632 9 24469 7 6 2 2
40699 0 12729 18111 18111 40819 40804
14428 0 772 33 33 107 98
19055 0 772 2248 2248 32373 32363
40710 0 31312 21931 21931 40880 40878
11686 1 5336 7 2 7 3
30852 1 3198 2 2 3 2
29243 0 26808 9449 9449 12741 12741
21449 0 12858 6 6 13 9
12857 1 21449 5 2 4 3
3233 1 4145 4 2 4 2
19055 1 19054 2 2 2 2
8310 6 12531 5 1 3 1
7557 1 7633 3 2 3 2
17844 0 7120 8734 8734 23155 23152
1269 1 11040 3 2 2 2
11040 1 14848 4 2 4 2
26676 0 8201 7527 7527 36512 36499
28241 1 7436 2 2 5 3
18458 9 31641 2 2 4 3
31641 3 37842 6 5 6 6
25873 0 2795 27626 27626 30003 30002
17430 1 14006 3 2 4 2
13991 0 6823 8 8 215 209
19570 1 23428 4 2 4 2
8288 4 37118 43 41 2 2
40805 0 33924 21818 21818 40661 40660
25230 0 6253 10 10 191 186
15292 3 10198 3 3 4 2
39489 0 11666 15687 15687 22306 22288
39489 1 15557 2 2 2 2
37831 2 11666 28397 28397 15235 15235
15516 1 12820 5 3 4 3
34071 1 12820 5 3 5 3
4175 4 8602 9 4 2 2
24042 1 5537 2 2 2 2
19211 0 4744 23 23 43 40
31371 0 7474 1690 1690 31654 31646
27812 0 7474 4770 4770 22343 22336
28947 4 15200 18 18 8 8
18660 6 21000 38945 38945 18578 18578
15472 0 25385 5298 5298 12565 12562
12507 0 13404 1366 1366 3064 3059
26342 1 17895 2 2 4 2
2152 1 8496 2 2 5 2
39760 0 574 29 29 240 197
40877 0 574 36322 36322 40926 40880
35412 5 11510 4 4 264 245
2085 6 10383 8 2 1 1
14202 1 14201 2 2 2 2
1043 1 20085 4 2 3 2
40806 0 6850 29193 29193 40865 40840
40503 0 9914 6050 6050 6508 6506
14770 1 14307 3 2 4 2
32716 1 17183 2 2 3 2
35390 1 3256 2 2 2 2
4482 4 9719 172 168 26 26
20428 0 3527 16003 16003 34367 34350
3527 6 20663 2259 2259 182 182
30409 2 35441 55 55 93 93
11083 1 5302 2 2 3 2
23196 1 10129 2 2 5 2
1066 1 29752 4 2 2 2
40807 0 3538 17716 17716 40733 40720
22793 0 3538 2 2 24 12
6768 6 24640 175 172 421 419
6768 6 10205 5519 5515 3183 3183
2869 1 15125 4 2 4 2
29302 0 15125 5941 5941 28182 28180
9588 0 1406 10 10 267 257
18159 0 17493 69 69 83 77
21497 1 33875 5 3 2 2
20938 1 22485 2 2 4 3
13056 6 39139 233 231 112 112
23942 0 26928 65 65 4752 4750
28004 0 6478 142 142 83 81
4747 0 22951 1 1 6 2
20860 5 2566 44 44 18773 18756
7590 5 2566 431 431 10292 10276
20768 0 17402 1480 1480 4071 4069
35193 1 20768 2 2 3 2
8572 0 5856 21 21 333 308
17370 0 5856 9898 9898 15779 15751
31972 0 5856 10 10 790 764
17380 1 15779 4 3 3 2
27964 0 16186 13 13 340 334
15981 0 1328 55 55 117 104
26071 1 9303 3 2 3 2
9303 9 21981 2 2 3 3
38768 0 29318 11 11 709 705
36229 0 18254 403 403 13240 13223
1019 4 596 28 5 2 2
1019 4 8780 22 1 1 1
23239 1 15927 4 2 3 2
30477 1 23239 3 2 3 2
21996 6 20017 470 468 174 174
21996 6 11995 3434 3431 1738 1738
25766 0 22616 257 257 5427 5424
9455 0 23399 151 151 2275 2269
23000 6 39446 706 706 381 381
122 1 7516 5 2 8 3
11412 1 19152 2 2 2 2
8803 1 27429 3 2 2 2
15261 0 14295 20829 20829 35505 35504
25268 4 21905 17 15 2 2
15504 1 8591 5 2 5 2
8591 1 16989 2 2 2 2
15601 10 15600 2 2 2 2
31927 1 15601 2 2 2 2
34363 5 8522 29611 29611 33120 33120
33641 0 19894 27049 27049 14442 14441
33826 1 19127 2 2 3 2
39523 0 2723 19 19 4000 3964
39523 1 21345 2 2 2 2
7540 0 2723 141 141 11482 11444
4541 0 2723 124 124 8036 7999
28671 0 7444 16 15 44 41
40808 0 40809 39269 39269 36650 36650
26933 0 1475 337 337 10354 10334
35848 0 18654 55 55 2932 2927
19162 0 18654 31 31 1147 1143
29185 6 40731 40792 40791 35608 35608
3467 1 3466 2 2 3 2
15345 5 4450 26101 26101 39330 39324
7117 1 7049 5 3 2 2
32624 6 26608 39535 39534 23016 23016
2269 1 2268 4 3 4 2
30613 0 6961 3 3 4 2
2956 4 29945 21 17 9 9
40706 0 10059 21878 21878 40894 40891
3866 4 38485 203 195 104 104
3866 4 24189 8 1 1 1
9119 0 21826 7060 7060 9195 9195
18389 3 999 7 5 5 3
999 3 18389 5 3 6 4
35808 1 32154 23820 23820 629 629
37756 4 40810 40863 40863 31601 31601
20583 1 27612 2 2 2 2
1020 0 3141 1 1 48 1
28305 0 3141 1 1 49 1
6564 0 11337 1233 1233 149 148
23511 0 15656 2 2 58 32
5394 1 2601 2 2 3 2
19679 0 5394 6 6 27 20
2004 1 24164 3 2 2 2
2004 0 30642 482 482 762 761
25774 1 12289 4 2 6 2
24676 0 24224 18 18 28 27
23848 1 8714 2 2 4 2
17814 4 3175 11948 11947 417 417
17465 1 17464 3 2 2 2
22570 1 22569 2 2 2 2
6630 0 4722 2 2 32 24
1142 0 4722 353 353 1279 1270
23700 1 24343 3 2 2 2
9573 6 3123 81 81 251 230
15354 6 3123 4733 4733 13356 13333
14853 6 3123 11262 11261 13109 13087
6067 1 28605 2 2 2 2
8474 4 17327 868 868 369 369
30941 1 3753 4 2 5 2
30941 1 33174 2 2 3 2
11546 0 4442 7386 7386 23082 23048
6865 4 2298 18 14 2 2
1021 1 207 6 3 5 2
2872 0 17555 808 807 36172 36165
268 0 17555 165 165 4844 4839
40811 0 2664 122 122 40435 40419
40871 0 2664 3819 3819 40602 40585
2664 0 2624 2 2 25 18
35435 0 12605 25 25 39 36
29862 1 29861 3 3 3 2
31789 0 494 13627 13627 32671 32659
22923 0 28916 14 14 26 25
27985 1 27484 2 2 3 2
29410 0 16944 317 317 3676 3672
11888 0 36918 5646 5646 15102 15099
37558 2 741 1 1 62 16
28640 2 741 1 1 51 6
9021 2 741 1 1 48 5
22157 3 1791 4 3 4 2
22158 3 1791 4 2 3 2
8471 1 6302 2 2 2 2
32069 0 19823 1323 1323 5540 5538
38790 0 13 18279 18279 40478 40464
19437 1 22294 3 2 3 2
25022 1 32013 2 2 3 2
39553 0 4628 594 594 1774 1765
40833 0 4628 4031 4031 39546 39536
11144 1 2617 2 2 2 2
38399 1 1022 2 2 6 2
10536 1 36694 2 2 2 2
40178 1 1578 16652 16652 37107 37105
40864 0 1578 7866 7866 40658 40652
22410 1 37961 4 2 2 2
15647 4 32971 1433 1433 9179 9179
1708 0 8438 24 24 2853 2852
6124 1 5907 4 2 6 4
8270 1 6124 9 6 3 2
5826 1 10722 3 2 5 3
21697 0 2070 259 259 391 391
6530 1 22543 3 2 2 2
5932 1 21935 7 3 3 2
28875 3 5192 4 3 5 4
28676 3 28875 5 2 3 3
5178 1 14819 3 2 3 2
21092 0 5178 1174 1174 28516 28488
16318 0 5178 37036 37036 39405 39376
40918 0 5178 26944 26944 40784 40754
31349 1 5178 3 3 5 2
27341 1 31627 4 2 2 2
912 0 7047 2 2 84 71
739 0 912 56 56 180 169
24031 0 7047 30 30 1152 1138
30204 1 7047 6 2 4 2
40812 0 17281 30921 30921 40891 40891
9906 1 36905 3 2 3 3
6743 0 8355 57 57 126 104
1538 0 8355 1014 1014 8614 8591
35277 1 27784 2 2 2 2
5869 1 26782 7 2 2 2
40813 0 19386 33266 33266 40717 40715
38378 1 22534 2 2 4 2
31576 0 30844 37760 37760 10657 10657
10205 1 10204 4 2 3 2
11177 1 37094 4 2 2 2
7045 1 2382 2 2 2 2
21977 5 16419 28 28 5349 5342
3364 1 3363 3 2 2 2
3528 0 10834 39 39 185 182
17960 4 24312 19 15 1 1
27223 1 20426 2 2 2 2
24636 1 6535 3 2 3 2
23949 5 212 2 2 59 31
27657 5 828 6 5 32 18
1410 1 24564 1743 1743 2087 2086
3066 0 8076 525 525 1954 1946
18215 1 1414 3 2 11 2
10895 1 13973 8 3 2 2
3239 4 39144 103 53 6 6
3239 4 27881 209 158 44 44
3239 4 36428 67 18 4 4
18904 3 17353 3 2 3 2
7935 1 2201 5 3 5 3
17190 1 757 2 2 2 2
1415 1 32170 5 2 2 2
23786 1 2902 2 2 10 3
2029 1 18094 4 2 2 2
553 1 13871 4 2 4 2
24179 1 10508 3 2 3 2
25575 1 10508 2 2 2 2
27360 6 36837 2 2 10 10
31841 0 19545 8116 8116 40277 40276
33840 0 1754 518 518 16402 16390
40875 2 1754 220 220 40603 40597
38079 2 1754 1279 1278 6537 6532
40815 0 39071 18183 18183 40709 40707
29342 0 8978 14202 14202 32164 32148
6890 0 36281 6522 6522 33535 33535
8040 1 21358 27 23 7 6
10520 0 24854 8303 8303 34801 34801
28943 1 243 3 2 2 2
20030 0 13734 2402 2402 18724 18722
4563 0 12505 9 9 18 12
37725 0 23377 1 1 6 1
26865 1 19204 6 4 5 2
20288 6 29915 4 2 3 2
24515 2 20288 3 3 30 25
18855 0 2060 2 2 42 29
26308 5 18855 463 463 29510 29496
24430 0 2060 129 129 2321 2307
11475 1 13563 82 79 39 35
13563 1 11475 40 36 82 79
14231 0 7944 600 600 4587 4586
36007 6 17148 1293 1293 3492 3492
13350 0 29456 7 7 31 31
36696 5 9528 2 1 9 1
19256 5 9528 2 1 10 1
30889 0 33367 7141 7140 1073 1073
26734 0 2288 33 33 25 23
16979 4 35069 34 34 11 11
23628 0 2614 71 71 163 159
39567 0 4694 44 44 575 561
6695 0 32813 38188 38188 28387 28387
15469 0 6418 30 30 331 307
34418 1 25064 3 2 3 2
8727 1 8726 4 2 2 2
14189 1 23592 6 2 2 2
35545 1 14189 3 3 4 2
10877 1 11728 6 3 8 3
32814 0 4976 11 11 26 23
4165 3 25845 7 4 2 2
20625 1 7778 3 2 2 2
30076 0 10715 15 15 135 132
40816 0 14697 25680 25680 40766 40766
14697 1 31992 2 2 2 2
19191 1 27971 2 2 3 2
13842 0 11910 5452 5452 16312 16311
5985 6 10735 13 6 27 20
12732 3 28417 3 2 3 2
12732 1 26677 3 2 2 2
6204 1 6203 2 2 2 2
40817 0 19840 8214 8214 40745 40742
3387 0 19840 7267 7267 39868 39866
6550 1 2423 3 2 8 2
2423 1 24830 13 4 5 2
2924 4 30666 81 10 3 3
2924 4 2659 267 194 149 149
2924 4 29020 287 213 138 138
2924 4 36766 97 25 11 11
1379 1 25548 2 2 2 2
6265 1 1379 5 3 5 3
18135 3 294 1659 1656 2392 2392
2209 1 24141 7 3 3 2
15500 1 4546 2 2 6 3
15500 1 7996 3 2 4 2
31596 6 8773 11792 11792 24880 24880
40818 0 35587 30747 30747 40608 40608
34338 1 9890 2 2 6 2
14748 1 9890 2 2 10 2
9890 1 12054 9 2 3 2
40819 0 15962 39539 39539 40921 40920
16130 0 10326 255 255 1939 1937
40820 0 20319 24117 24117 40789 40788
11212 0 1856 121 121 2403 2389
14579 1 1856 3 2 5 2
28303 3 9776 3 3 5 3
9776 1 9775 3 2 2 2
561 0 5278 133 133 235 226
13724 4 995 533 532 169 169
154 1 153 3 3 5 2
5791 1 11553 4 2 2 2
24115 1 18755 3 2 3 2
28674 0 3041 105 105 2080 2073
40821 0 14864 11307 11307 40513 40508
17883 0 18836 2633 2633 7108 7105
40822 0 9367 5843 5843 40705 40683
40930 0 9367 19316 19316 40860 40837
7005 0 9367 26 26 2773 2753
26765 1 9367 3 2 4 2
2151 0 4180 11947 11946 9117 9115
40823 0 11638 9120 9120 40741 40724
18175 1 18573 2 2 4 2
24724 1 3969 6 3 3 2
3969 0 3582 24 24 645 619
17345 0 3969 189 189 1110 1106
34877 1 6582 2 2 4 3
6582 1 16956 8 3 8 4
26100 1 28248 2 2 4 2
33245 0 3980 3 3 4 2
4106 1 4105 2 2 2 2
584 1 28894 55 53 17 17
35143 1 33405 2 2 2 2
17003 0 479 3 3 29 19
9877 5 6166 1 1 24 2
30263 1 25760 3 3 2 2
30656 1 25760 3 3 3 2
1999 4 17069 154 147 6 6
18272 1 19427 3 2 4 2
29081 1 13187 2 2 2 2
16522 0 3780 10 10 835 799
26742 0 15839 204 204 3058 3055
1918 6 39340 1500 1493 456 456
11624 1 20815 2 2 2 2
13939 0 7027 1971 1971 12992 12986
5788 0 7027 277 277 335 330
40824 0 2657 24082 24082 40890 40883
1294 0 25140 306 306 15534 15531
21281 0 428 5351 5351 19321 19295
40911 0 428 11394 11394 40730 40703
39800 1 30816 2 2 2 2
12660 0 1095 33 32 91 80
17450 0 1095 1396 1396 15146 15134
11922 0 14898 113 113 572 554
23590 0 12772 4310 4310 21808 21805
3072 1 15159 7 3 6 3
24523 0 8582 20 20 35 28
188 6 29407 4 1 6 2
39603 4 27065 1490 1490 1635 1635
4691 1 14239 4 3 2 2
36188 1 4691 3 2 2 2
36501 0 4902 20 20 2 2
40022 0 6784 2 2 10 5
4121 1 17988 4 2 3 2
34845 5 10076 10 8 14 9
19999 4 35620 10 1 1 1
25642 0 31168 34 33 295 294
28192 2 3865 2 1 73 55
25039 0 2409 3 3 72 51
34598 0 2409 9 9 431 407
40825 0 22386 20075 20075 38872 38871
15804 0 10824 64 64 232 227
40826 0 30737 9972 9972 40307 40306
11678 4 24132 4082 4082 4718 4718
11178 1 14178 5 3 2 2
19319 1 11039 4 3 6 2
23526 0 9730 1041 1041 10630 10628
12960 0 23054 27781 27780 7770 7770
18237 1 14439 3 2 5 2
17375 6 39568 76 74 15 15
6955 0 2697 16 16 25 23
16533 0 2697 143 143 104 101
27268 1 11354 2 2 6 2
1968 1 1967 6 3 6 4
20914 0 1967 9 9 39 31
23271 0 7641 4 4 5 5
19684 3 19683 3 2 2 2
4983 6 33006 2 2 3 3
17534 9 12584 2 2 2 2
6871 1 18043 393 391 91 90
5628 7 18994 22321 22288 12 12
2502 1 20104 5 2 3 2
15657 0 4985 25082 25082 26688 26686
34914 1 6434 2 2 2 2
39981 0 306 9 9 13247 13230
21026 0 306 2 2 18 2
37154 5 9269 11660 11660 36313 36310
9073 1 5502 3 2 3 2
30127 0 1623 151 151 8730 8727
16304 0 30127 12563 12563 8354 8354
16980 1 4548 3 2 4 2
469 0 14498 31 31 659 648
9243 6 35214 15 11 3 3
36148 4 23121 353 352 205 205
3358 1 4743 9 2 4 2
9720 0 4743 30 30 142 132
40888 0 4743 11115 11115 40761 40750
2064 1 2154 2 2 3 2
22278 1 35919 2 2 2 2
36060 0 14935 142 142 7078 7069
27146 5 11426 2 2 20 11
3169 0 3813 4 4 32 14
3823 1 3813 3 3 4 2
20664 4 26988 1424 1422 130 130
6374 1 11133 7 5 4 2
33074 2 7 8 8 838 801
18961 2 7 1 1 44 8
17395 0 7902 1197 1197 9680 9677
22908 1 5606 5 2 4 2
10254 1 10253 4 3 3 2
40906 0 10253 7771 7771 40605 40591
14113 1 5076 2 2 2 2
36403 1 10838 2 2 3 2
14974 0 14973 24 24 454 446
14973 3 19845 101 99 20 20
40831 0 4593 29433 29433 40752 40752
31084 1 27014 2 2 2 2
12467 4 39860 14 9 2 2
40832 0 6630 11733 11733 40760 40756
26778 4 2803 320 320 509 509
3765 1 28497 2 2 2 2
20691 1 4936 2 2 2 2
7886 0 12463 171 171 3841 3835
14999 4 31316 481 481 210 210
22172 0 11068 153 153 149 136
454 3 16514 4 2 7 5
3025 1 16514 3 2 3 2
29578 0 15788 5311 5311 26320 26319
23802 0 21987 944 944 38319 38316
21987 0 20963 851 851 18072 18071
11759 2 10987 3 3 10 9
38689 0 12894 5325 5325 38883 38873
40834 0 14087 31896 31896 40830 40830
14853 1 5935 2 2 4 2
4044 4 31152 584 584 121 121
29372 0 24630 209 209 13378 13373
24630 0 22399 12833 12833 33592 33591
19479 5 4701 1 1 21 1
8240 5 4701 1 1 23 1
33163 5 4554 2 1 10 3
29553 1 26733 2 2 2 2
29553 0 8837 3314 3314 21471 21469
6792 1 14058 3 2 5 3
21282 0 15062 16416 16416 14799 14799
23036 4 36472 144 138 16 16
5783 4 23036 88 79 2 2
40835 0 40836 22951 22951 17281 17281
18778 6 32930 2679 2678 72 72
18778 0 5314 4 4 142 115
24621 2 17930 2 1 7 1
27989 2 17930 5 3 21 11
26041 0 4289 8 8 2 2
16899 4 24507 700 700 936 936
14917 3 17826 9 6 4 3
30990 9 28312 2 2 2 2
8980 1 3552 3 2 3 2
33079 0 3582 136 136 3987 3959
16497 1 26305 2 2 2 2
26368 1 8799 3 2 3 2
4480 1 32602 5 2 2 2
35059 0 27412 6 6 113 110
2645 4 29221 606 598 28 28
23462 0 5675 896 896 2309 2300
40853 0 23462 15101 15101 40825 40820
25133 5 5012 2 1 9 3
14927 4 5288 69 65 3 3
11058 2 6577 2 2 95 44
60 2 6577 4 4 224 172
7534 9 18226 3 2 2 2
10204 1 10208 2 2 3 2
5031 1 28475 2 2 4 2
15312 0 12860 8155 8155 18933 18933
21401 1 1933 3 3 13 6
12469 1 1992 7 3 2 2
18451 5 1238 1 1 4 1
37552 0 2655 10 10 40 36
2655 0 9806 549 549 5260 5254
40284 0 6614 4473 4473 17355 17332
3130 1 27019 6 3 3 2
23982 0 37653 21 21 152 150
20447 1 9918 4 2 3 2
15028 1 16314 8 5 4 2
15028 1 5116 7 5 7 3
40628 0 33021 23693 23692 40769 40769
3648 1 3647 4 3 6 3
19317 0 1107 3394 3394 20232 20222
830 1 21753 3 2 4 3
8270 1 9886 12 7 4 2
14780 1 6419 7 3 4 3
40837 0 15224 16456 16456 40679 40667
7188 0 11737 37 37 1037 1027
10277 1 32396 4 3 3 2
10277 1 2951 3 3 7 4
15054 1 2951 4 3 5 3
25047 0 19223 33080 33080 40568 40568
23871 0 918 2 2 89 82
40840 0 918 14332 14332 40697 40689
8168 0 13192 21275 21275 29353 29353
10293 1 12214 2 2 2 2
23642 0 26543 3682 3682 11237 11237
26543 1 12312 4 2 5 2
4913 4 20284 47 16 2 2
3331 5 16655 12 12 42 40
3331 1 35484 3 3 3 3
16739 1 16646 2 2 4 2
6726 1 5782 8 4 2 2
6726 3 6725 96 94 8 8
11335 1 6726 3 3 4 2
5491 1 1201 2 2 7 2
6549 1 14425 8 5 5 3
5544 1 3327 3 2 7 2
3403 1 6328 3 3 2 2
7229 4 37460 102 85 14 14
20544 1 28902 3 3 3 2
3291 1 20544 4 2 4 3
530 1 21170 2 2 2 2
9371 1 9370 3 2 4 2
26061 0 9371 765 765 5031 5028
9371 0 5623 206 206 10262 10260
21518 1 29527 2 2 4 2
35181 0 21518 657 657 10301 10298
36581 0 16397 367 366 198 198
3972 7 37089 35334 35255 16 16
8883 0 5790 833 833 534 534
38389 0 7334 5 5 41 39
27814 0 9178 81 81 285 283
10855 1 19155 2 2 3 2
10855 1 31116 12 11 19 18
1431 4 27265 38 22 2 2
27563 1 35599 2 2 2 2
1193 4 39361 16 5 1 1
39975 0 7068 73 73 2946 2938
3855 0 3909 3 3 15 8
28703 0 3909 39646 39646 40458 40450
11573 1 13583 3 2 5 2
40841 0 16266 18417 18417 40664 40641
2434 0 16266 7 6 27 6
40842 0 67 34049 34049 40867 40858
1154 0 18959 7588 7588 39268 39266
32397 0 13044 305 305 8947 8938
17819 1 653 2 2 3 2
37840 0 313 32 32 108 100
40843 0 3679 16926 16926 40579 40568
40843 4 5346 40643 40643 40603 40603
13988 0 168 142 142 439 434
38754 2 10661 4 3 7 4
29501 0 6358 8134 8134 40198 40196
29860 0 18587 3082 3082 759 759
33438 1 36858 2 2 2 2
36858 1 35629 3 2 2 2
12381 0 1474 124 124 7130 7116
2863 0 6499 109 109 66 65
7328 0 5714 36469 36469 26953 26952
14412 0 20621 280 280 18069 18068
35316 5 38173 9 7 13 12
20490 1 7847 3 2 3 2
21077 4 10657 113 112 35 35
10380 0 1964 4 4 7 5
17802 1 3847 3 2 5 4
29031 4 40721 40838 40837 22375 22375
29630 5 22311 1 1 8 4
14888 4 21122 333 324 161 161
14888 0 2518 1 1 71 4
819 1 7732 8 3 6 3
7100 4 29718 729 727 120 120
8077 1 7192 2 2 2 2
16136 1 39043 4 2 2 2
13225 1 15253 3 2 6 3
40844 0 6467 16592 16592 40735 40728
6069 0 37345 130 130 66 65
4895 0 8093 248 248 37805 37778
21558 1 13645 2 2 2 2
10544 6 38325 1936 1920 295 295
23888 0 1730 50 50 1249 1148
33667 0 1730 28 28 723 623
22133 0 1730 2 2 99 2
19623 0 1730 1 1 97 1
28603 4 38563 48 47 7 7
16620 1 2522 4 3 4 2
24900 3 5965 3 3 4 3
3989 4 18951 558 551 30 30
22965 1 167 5 2 4 2
35645 0 7367 1167 1167 91 91
36255 0 10055 1 1 7 1
1574 1 8899 5 2 4 2
21174 5 2295 61 61 20775 20673
34328 5 2295 1020 1020 20016 19915
28418 5 2295 2374 2374 31786 31683
34439 5 2295 13 13 222 122
40845 0 32455 5642 5642 40565 40564
35000 0 9668 3 3 54 38
32116 0 21176 621 621 5378 5376
23390 0 40586 39430 39430 25592 25592
40848 0 23390 14091 14091 40596 40593
19903 4 29357 237 237 55 55
35177 0 14481 5 5 10 10
12330 0 11599 110 110 2739 2733
3579 1 19372 3 2 4 2
9842 0 3579 353 353 16246 16233
22422 1 9505 4 3 5 2
15330 1 28910 2 2 2 2
22889 0 11852 390 390 23373 23364
29771 9 3592 2 2 2 2
25748 1 34204 2 2 2 2
1772 6 37182 42 38 11 11
15158 0 40846 40422 40422 8165 8165
40847 0 8407 17883 17883 40709 40709
35466 0 11507 3 3 7 4
12327 0 411 71 71 3736 3713
21952 4 9376 19 19 7 7
4177 6 5022 38 23 3 3
5040 0 220 1 1 11 2
20777 0 30968 15836 15836 16991 16990
17995 1 415 4 2 8 3
6540 0 6677 99 99 137 135
30360 1 7239 2 2 5 2
1226 4 33413 3595 3571 171 171
36259 5 860 1734 1734 22703 22630
30840 5 860 1 1 70 1
39831 1 4370 3 3 4 2
17244 1 15986 2 2 3 2
9116 4 34497 8 6 4 4
4771 4 11796 53 1 1 1
18918 0 15687 27 27 48 45
18918 6 31983 1410 1401 10 10
29544 0 6411 105 105 1801 1794
13258 1 515 2 2 6 2
7665 4 11919 138 134 15 15
8356 1 22637 9 2 5 2
17180 1 8356 2 2 4 2
39574 0 13157 12338 12338 40411 40408
20711 1 1090 4 3 6 2
32427 0 24062 28151 28151 38410 38409
40849 0 13412 15043 15043 40790 40785
4316 0 1500 2 2 44 18
29122 0 1500 25 25 155 128
29916 0 33246 69 69 3 3
33246 0 425 44 43 899 880
3714 1 3991 2 2 2 2
6702 1 4469 5 3 5 2
20629 0 10089 3 3 3 3
18423 1 20629 2 2 3 2
4855 1 19562 6 2 5 2
11423 1 4213 8 4 5 2
10241 0 10481 4479 4479 23637 23635
27097 0 10241 12531 12531 22470 22460
5125 6 35244 2 2 5 5
10842 1 11135 3 2 2 2
3451 1 3450 2 2 4 2
3450 1 6752 7 2 4 3
26219 0 15966 180 180 134 131
20729 0 30962 2315 2315 3448 3448
31196 0 30962 8297 8297 24999 24998
36881 0 119 48 48 542 504
119 0 2748 18 17 276 266
2323 1 23181 3 2 2 2
14339 9 16095 2 2 2 2
32957 0 5195 6 6 69 63
32623 1 5195 2 2 5 2
32917 0 9489 989 989 32598 32594
40688 0 3489 10201 10201 40396 40335
13220 2 6815 9 8 16 12
5097 1 27076 3 2 2 2
17030 1 2573 3 2 8 3
2573 1 9486 6 2 3 2
37807 1 30144 2 2 2 2
2521 1 38597 2 2 2 2
6946 1 8731 2 2 4 2
9873 9 35523 2 2 2 2
1071 6 14854 87 81 3 3
3398 4 14735 37 20 3 3
5855 1 7329 6 2 6 4
3929 1 27247 12 2 2 2
16292 1 29803 4 2 2 2
6578 0 5973 5380 5380 27860 27856
40850 0 1543 36221 36221 40823 40766
37429 1 32885 2 2 2 2
5932 1 5931 4 3 2 2
14336 1 2808 2 2 2 2
23816 0 13145 8 8 16 16
16675 0 11522 25697 25697 4190 4190
40851 0 14187 7036 7036 40585 40581
10755 4 22444 144 143 28 28
11129 1 13730 9 3 12 7
25343 1 13730 6 4 7 3
8639 0 3289 13 13 200 177
3289 6 36920 642 626 14 14
8776 1 1347 2 2 5 3
1347 1 4276 4 2 3 2
39300 0 1590 7 7 2054 2031
37068 1 22654 2 2 2 2
1801 1 21363 3 2 2 2
31983 0 35119 249 249 263 262
31983 6 2119 191 189 462 462
19488 0 3006 4534 4534 12906 12896
19488 1 38649 34876 34876 21620 21620
40852 0 6747 6738 6738 40261 40259
28133 0 18038 11 11 43 40
8634 9 19910 3 2 2 2
11304 0 19910 11 11 48 47
20413 0 1973 2 2 295 240
26353 1 4814 10 9 12 8
22355 0 11595 13912 13912 29244 29238
1588 1 19716 2 2 3 2
11612 1 21343 3 2 3 2
5569 1 10107 6 2 9 4
5923 1 5569 5 3 4 2
24840 0 14776 620 620 51 51
24031 4 32273 26271 26271 12969 12969
12006 1 23328 3 2 2 2
15403 4 40478 25 25 13 13
16346 0 16005 3 3 37 35
7668 1 35530 2 2 2 2
9434 4 40717 40497 40494 1268 1268
22914 1 3088 3 2 4 2
2945 9 2944 2 2 2 2
24743 1 24742 2 2 2 2
31284 1 19047 3 3 3 2
1664 1 16927 5 2 3 2
40307 0 4362 4071 4071 31069 31062
29218 1 4362 2 2 2 2
4362 0 8787 3 3 22 15
17040 8 37417 178 177 9 9
39206 0 12650 3 3 22 2
29976 5 5742 14 14 522 499
15635 5 5742 23 23 208 186
903 5 5742 10 10 52 31
17663 4 9378 413 409 71 71
20364 1 26993 2 2 3 3
27150 0 3232 2503 2503 25039 25032
40854 0 14981 30655 30655 39255 39251
40855 0 25028 26952 26952 40814 40814
40678 5 5841 7480 7480 40729 40716
26893 3 11921 39825 39823 20362 20362
38438 0 24102 2880 2880 26020 26016
22467 0 22049 13 13 96 93
15542 0 22049 9694 9694 24073 24068
40856 0 8153 33190 33190 40905 40886
36147 0 8153 224 224 8153 8135
10925 1 8153 4 2 4 2
34372 4 36708 268 268 179 179
7489 6 35302 193 188 18 17
9267 0 1292 333 333 2806 2801
5975 0 8327 255 255 6180 6171
112 6 23406 47 2 1 1
6559 1 18773 3 2 3 2
13687 1 7279 4 4 4 2
37981 0 904 91 91 298 286
15563 1 17861 3 2 5 3
24736 1 14901 3 2 2 2
7506 1 27215 6 3 2 2
28486 1 28485 2 2 2 2
22848 1 33665 3 2 3 2
15952 0 3163 275 275 2106 2066
9298 0 3163 17 17 848 809
28717 0 3163 2 2 41 3
17876 3 17875 2 2 2 2
22196 1 22195 2 2 2 2
13637 1 27685 3 2 2 2
10125 4 13911 175 173 14 14
4146 0 37135 120 120 233 231
31487 4 8818 2647 2647 3704 3704
36976 0 4550 340 340 3426 3328
24513 0 4550 7 7 96 2
27936 0 4550 4 4 141 45
12322 0 4550 4 4 95 2
40857 0 2021 23563 23563 40794 40741
27575 0 6658 31804 31804 12035 12023
19537 9 28961 3 3 3 3
1070 0 17546 629 629 3890 3886
9755 1 9754 2 2 2 2
769 1 9754 2 2 4 2
40381 0 34906 12 12 10 10
15427 0 134 4732 4732 15735 15721
134 1 2633 4 2 2 2
1511 0 15914 1091 1091 588 585
5005 1 28613 8 3 3 2
18503 1 5005 3 2 10 3
40140 0 27752 4 3 11 8
16225 4 4698 72 69 15 15
40858 0 15284 14582 14582 40754 40748
628 1 627 3 2 4 3
16800 4 32120 60 60 121 121
25305 0 2099 2 2 54 27
13821 1 13530 3 2 3 2
16002 1 36632 3 2 3 2
40859 0 37052 2695 2695 40558 40557
6188 4 24112 55 38 4 4
6188 4 24347 58 40 2 2
15067 0 18496 16671 16671 30284 30284
29361 1 18956 2 2 4 3
10119 1 25492 6 3 5 3
28682 1 6956 2 2 2 2
22077 5 6956 1 1 13 1
720 9 26603 3 2 3 2
18029 0 8812 2 2 15 14
36166 1 16798 2 2 2 2
30646 4 33263 971 971 63 63
10063 0 8348 40669 40669 39813 39806
28320 1 27155 2 2 3 2
27155 1 29136 2 2 2 2
737 0 704 3293 3293 12031 12030
16207 1 16206 2 2 4 4
37148 0 23650 349 349 308 308
33954 1 14292 2 2 3 2
29886 1 28685 3 2 4 2
9855 6 33387 44 20 20 16
3785 0 28084 38409 38409 7770 7769
20088 5 3785 40 40 2667 2651
32514 5 3785 5033 5033 33391 33373
6922 1 6921 7 3 4 2
6921 1 7885 7 2 8 3
7656 1 11492 3 2 3 2
16454 1 15118 7 4 5 3
27917 0 8192 2 2 13 10
27917 1 5927 15 14 29 24
5927 1 27917 31 26 15 14
4197 0 8050 3 3 9 6
4197 1 37513 7 2 2 2
25431 1 5635 2 2 6 2
15018 1 18772 3 2 2 2
9762 6 8948 9615 9611 2820 2820
30927 6 25532 17356 17356 20523 20523
19315 1 39214 2 2 2 2
39214 0 32965 6 6 3 3
18563 0 4302 506 506 12782 12780
21993 1 19504 2 2 2 2
9794 0 26796 9 8 6 6
40860 0 1945 688 688 40524 40500
13748 1 11108 5 3 3 2
4384 1 24793 3 2 3 2
10633 4 19550 3941 3941 20009 20009
27322 1 37139 2 2 3 3
40383 0 38168 4 4 16 16
7362 4 32362 19 6 2 2
22231 1 8513 2 2 2 2
40692 0 8924 34021 34021 40847 40838
1685 1 12089 5 2 2 2
450 4 4488 39 22 10 10
39094 5 3918 1111 1111 36459 36441
40914 5 3918 522 522 40633 40614
2315 0 3918 4 4 251 243
40869 0 3918 25576 25576 40897 40888
39375 4 35988 6 6 7 7
33362 0 724 1927 1927 19684 19665
4388 4 38068 34 23 2 2
24592 0 13837 5011 5011 23575 23571
4109 6 1349 61 57 4 3
20971 4 929 7383 7383 10450 10449
23939 0 929 10 10 696 685
2108 1 23830 5 2 3 2
137 1 39790 2 2 2 2
14471 4 26704 153 149 26 26
38379 0 2037 8182 8182 35593 35590
3297 1 2037 4 2 2 2
19597 1 29925 2 2 2 2
9472 3 9553 2410 2410 9465 9463
24002 1 31718 2 2 2 2
13378 4 37002 28 20 3 3
18672 8 18729 2 2 6 3
23066 0 10976 5218 5218 14914 14914
37193 0 36623 32484 32484 37929 37929
35461 0 15432 2226 2226 10133 10131
6086 1 37968 132 132 280 280
39988 0 6132 15048 15048 37640 37634
27635 0 6879 1736 1736 9663 9663
12792 1 18251 2 2 3 2
25299 0 17090 3011 3011 4387 4385
22804 0 9256 8 8 28 25
22046 1 449 2 2 4 2
26701 5 39164 8637 8637 2076 2076
33010 4 37752 831 830 571 571
17564 4 28570 397 397 52 52
14394 1 27202 2 2 2 2
40861 0 35307 37623 37623 39222 39222
36533 1 31832 2 2 3 2
1421 1 13698 2 2 2 2
1421 1 1420 3 2 2 2
15918 1 8898 3 2 3 3
39681 2 3869 2 2 107 76
13147 2 3869 4 4 175 143
29520 1 38175 2 2 3 3
7705 4 29204 199 192 28 28
31945 1 533 2 2 2 2
20267 1 11332 3 2 3 2
40862 0 6138 35605 35605 40902 40887
12405 1 2536 2 2 5 4
22145 0 267 19768 19768 24128 24104
12466 4 38408 170 150 7 7
12466 4 38825 289 268 7 7
16552 1 10073 3 2 2 2
31672 0 16442 192 192 10 10
34829 0 34921 4 4 16 14
6539 1 27537 8 3 2 2
24829 0 20017 140 140 2340 2335
28048 0 20017 321 321 10745 10739
40863 0 22831 24002 24002 40884 40879
9658 0 22831 9049 9048 15887 15883
17365 6 1148 19394 19394 21574 21574
11735 1 13906 2 2 2 2
10734 0 10886 3 3 22 8
1494 0 15383 32483 32483 38979 38977
31725 6 3983 179 179 57 56
3023 1 19162 2 2 4 2
28499 0 2833 3909 3909 10116 10101
4250 3 26422 3 2 5 3
14121 1 5862 6 4 6 2
1002 0 15449 2318 2318 788 783
14237 9 14236 2 2 2 2
40286 1 14159 2 2 3 2
1432 4 24308 39 23 3 3
29759 0 21793 3 3 4 3
40 0 9353 63 63 160 152
36532 1 36531 2 2 2 2
4832 1 7867 5 2 2 2
27716 6 14968 775 775 553 553
304 0 25231 23827 23827 19189 19188
8542 1 19421 3 2 2 2
30629 1 15712 2 2 3 2
20027 2 9746 1 1 23 12
26019 0 4682 181 181 191 187
15092 4 32205 27545 27540 2006 2006
13106 4 30126 170 159 94 94
7451 0 9653 7 7 3 3
14198 1 7551 2 2 10 2
19206 1 11656 4 3 7 3
938 1 29478 4 2 2 2
19923 0 13346 2 2 857 849
40895 0 13346 9721 9721 40752 40742
8767 0 2776 252 252 1963 1939
17206 0 4193 193 193 1153 1151
9026 1 21448 2 2 6 2
10884 1 23870 4 3 4 2
10884 0 12402 52 52 216 215
33656 0 17442 576 576 10413 10409
29844 1 36062 3 2 2 2
39433 6 40246 6 5 10 10
13370 4 32777 112 111 288 288
40865 0 34557 22322 22322 40309 40308
12307 1 5388 2 2 3 2
8628 3 1186 118 117 81 81
4299 0 1562 24 24 54 47
18208 6 35649 5083 5083 16240 16240
12758 0 980 1797 1797 8230 8229
26577 4 38800 16 16 24 24
40866 0 8678 32830 32830 40877 40874
32294 0 1897 8991 8991 39233 39159
6937 1 1897 4 2 10 3
9481 9 158 4 3 5 2
13100 9 9481 3 2 2 2
15588 1 15587 3 3 3 2
13773 0 27141 2 2 75 72
25916 0 16303 1 1 10 1
36297 0 16303 18 18 188 178
20354 1 18989 2 2 2 2
973 1 13336 4 2 7 2
5185 0 13336 1247 1247 9359 9355
9012 5 7786 1 1 24 5
33237 1 410 2 2 2 2
14633 6 31433 17832 17831 15176 15176
14633 6 8142 1260 1260 1738 1738
40867 0 339 483 483 40475 40472
3453 1 18417 5 3 2 2
8951 1 28285 3 2 2 2
1460 1 8951 2 2 4 2
8222 1 6150 2 2 3 2
8054 3 25795 4 2 2 2
6845 1 2779 2 2 2 2
19202 0 12252 47 47 1089 1082
20124 1 18592 2 2 5 2
20124 0 14100 85 85 2379 2375
30846 0 2941 9 9 39 38
39027 0 9415 64 64 28770 28758
23350 1 17390 2 2 5 4
8558 1 7530 4 3 3 2
40868 0 5700 21980 21980 40654 40654
32469 0 324 85 85 12896 12877
8545 0 324 3847 3847 13474 13454
25032 1 25031 3 2 2 2
38057 9 30720 2 2 2 2
2030 0 1832 12 12 38 28
1637 0 5616 3 3 27 19
9928 0 5616 321 321 3540 3531
1702 4 29665 58 54 13 13
36951 4 24229 26 24 7 7
6008 1 1041 2 2 3 2
14647 0 13213 11 10 2 2
699 1 22618 2 2 2 2
35907 4 37894 10 10 6 6
13383 1 2789 6 2 2 2
2713 6 7645 52 11 2 1
11577 1 7731 3 2 4 2
40870 0 1335 34630 34630 40322 40321
24483 1 12798 3 2 2 2
17309 0 30810 57 55 72 70
10156 1 963 6 3 3 2
2452 1 3976 7 3 9 5
2452 1 7086 4 3 11 4
40905 0 3387 9273 9273 40580 40566
7217 1 3387 3 2 3 3
8525 4 37769 20 18 10 10
35828 0 1364 9 9 56 26
26559 6 35828 40356 40356 2960 2960
16493 1 19237 3 2 7 2
2933 1 7202 6 3 7 3
6048 9 22594 5 4 2 2
29003 1 35415 2 2 2 2
20788 1 10332 3 2 3 2
5707 1 5706 2 2 4 2
29609 1 29608 2 2 2 2
22190 1 35891 3 2 3 2
22190 1 11262 5 2 5 2
9192 1 19649 2 2 3 2
26202 0 7136 7 7 11 10
36138 0 7877 7 4 125 122
23317 0 6977 243 243 6043 6008
40920 0 6977 7520 7520 40600 40564
36948 1 27706 4606 4606 10096 10095
34777 1 14753 2 2 3 2
1620 4 23845 18 3 2 2
12071 1 18026 3 2 2 2
8848 5 14818 1 1 25 11
11500 6 11034 8 2 3 1
16013 1 5367 5 2 5 3
10574 6 36868 5 1 3 2
18072 0 1880 14 14 999 984
7031 1 26802 5 3 3 2
32487 1 10667 4 2 4 3
28680 1 10686 3 3 4 3
9031 4 20091 139 122 40 40
37696 0 13023 2179 2179 9473 9465
5434 1 5433 5 2 3 2
24552 2 8531 1417 1416 14552 14549
35789 5 3276 18 18 3979 3948
31511 5 3276 137 137 18694 18662
39401 0 24275 26 25 226 214
27408 0 4448 3 2 15 7
13163 1 17198 4 2 3 2
8664 1 2489 3 2 4 2
2489 1 15398 5 2 2 2
25485 2 3943 1 1 35 4
38545 2 3943 1 1 36 4
36055 6 19589 366 366 8110 8110
19768 0 5156 21 21 1004 972
26405 0 5156 2 2 52 21
17022 6 35666 1748 1746 350 350
17022 6 3619 2367 2364 33 33
4621 1 88 3 2 3 2
40873 0 28355 11254 11254 40676 40674
2460 9 9748 2 2 2 2
36214 0 573 5 5 290 251
40874 0 22716 31626 31626 40613 40613
25322 4 40518 791 791 432 432
2760 0 11134 17 17 91 85
4446 9 1807 6 3 2 2
11636 0 4446 104 104 1287 1286
36303 1 2876 2 2 2 2
37244 1 21630 2 2 2 2
38942 1 2626 89 89 1752 1749
31471 0 2626 16 16 34 33
3018 0 27173 5 5 3 3
26985 0 7600 116 116 973 968
37635 0 7600 1121 1121 3298 3292
8617 6 7587 1071 1060 853 853
24972 0 1142 2775 2775 14310 14308
680 7 38698 35897 35835 15 15
680 7 40901 40559 40496 232 232
6028 0 29623 11750 11750 13123 13123
29623 0 33835 2909 2909 17719 17716
36506 4 25083 366 366 53 53
7152 1 4236 3 2 4 2
22504 0 7152 733 733 1784 1779
40876 0 1295 17692 17692 40372 40366
21646 1 1295 3 2 4 2
22690 0 9531 4 4 47 43
34554 0 9531 5 5 68 63
701 1 25692 2 2 4 2
14347 1 5567 4 2 3 2
22500 1 15849 3 2 2 2
24584 6 29929 2 2 3 3
18192 4 1499 3 3 1 1
17820 1 654 6 3 7 2
23192 1 654 2 2 6 2
34164 0 21362 5063 5063 23050 23045
23961 0 6776 4 4 22 14
14951 5 6776 43 43 1706 1701
2111 1 35677 2 2 2 2
32320 1 16031 12426 12426 29117 29117
31261 4 13766 619 619 497 497
38116 9 9 3 3 4 3
40068 0 28942 32203 32203 12497 12497
21724 1 8592 8 4 3 2
4229 1 37036 14372 14368 2702 2702
29447 0 15913 21 21 74 69
16697 4 31051 76 71 9 9
5443 6 33646 22 4 6 5
13087 1 36310 4 3 3 2
22927 4 27025 46 46 20 20
24129 1 15215 2 2 3 2
24953 0 13135 293 293 14537 14528
22068 0 29955 21496 21496 1001 1001
6111 0 23960 20 20 35 33
6111 1 11198 4 2 2 2
2003 0 4127 506 506 16042 16038
40878 0 34399 29085 29085 40873 40869
26349 1 19291 2 2 2 2
15641 1 5982 7 2 4 2
21253 0 5982 6631 6631 39456 39456
3948 3 25669 400 396 60 60
40879 0 39495 16621 16621 30611 30611
10738 0 8594 2010 2010 587 581
40612 0 8594 28469 28469 40897 40890
12395 0 4161 2 2 39 12
40942 0 4161 26682 26682 40773 40743
26530 0 25605 6 6 9 8
25576 0 19971 3617 3617 39350 39344
3574 6 39280 87 83 2 2
35051 1 36988 2 2 2 2
19269 6 3870 311 310 156 156
26457 1 21879 2 2 3 2
16049 4 31756 11 9 2 2
26279 5 6146 4 4 100 89
31974 5 6146 236 236 8160 8148
22137 5 3531 14 14 383 361
15837 1 15836 2 2 2 2
3895 0 3721 114 114 274 239
23820 6 25420 9 5 3 2
23820 6 11103 10 5 5 4
28203 4 29473 214 210 52 52
2999 1 36067 5 2 2 2
11766 5 10754 29 29 4509 4490
40880 0 10330 3939 3939 40550 40545
29695 1 25945 2 2 2 2
15242 6 5534 4 2 9 7
16017 3 30757 4447 4445 2303 2302
9486 3 6190 179 175 145 145
10504 6 36780 742 735 260 260
31226 0 17728 238 238 4308 4299
8734 1 1538 3 2 2 2
29667 0 249 13 13 1465 1419
7681 0 249 20 20 379 335
1196 5 12328 117 117 35864 35847
29190 5 2139 63 63 11163 11136
9335 5 2139 3 3 875 850
13338 1 18054 4 2 2 2
19110 4 40436 100 100 6 6
1935 0 7945 60 60 6283 6260
1104 0 7945 3 2 26 6
32001 2 3539 114 114 1791 1790
7118 0 3978 38 38 103 82
27765 0 206 1404 1404 9809 9779
16624 9 15794 2 2 2 2
1966 4 24890 5906 5904 521 521
31338 0 8266 2 2 23 19
40221 5 73 1 1 57 4
3410 4 40221 71 70 10 10
29650 5 73 143 143 25948 25890
4984 0 73 7 7 38 28
7890 1 8556 8 4 4 2
32343 0 7890 827 827 26793 26776
4686 0 9935 1882 1882 8102 8086
1690 1 5111 10 4 3 2
23282 0 1690 59 58 317 307
10335 1 2363 3 3 4 2
19856 1 15917 3 2 3 2
15168 1 35514 2 2 2 2
40881 0 9334 3510 3510 40717 40712
28253 1 28252 2 2 3 2
11736 1 678 3 2 4 2
12371 1 20336 7 3 3 2
26039 1 31200 1525 1525 6731 6731
39168 1 23614 2 2 3 3
20692 1 21524 2 2 2 2
24359 1 36592 2 2 3 2
6740 1 6335 4 2 3 2
38194 0 6335 17528 17528 25260 25260
5315 0 18408 3 3 2 2
11605 4 40002 20 20 22 22
12921 1 24570 10 2 4 2
21374 1 12921 3 2 9 2
5134 2 4633 1 1 10 1
35877 0 85 14 14 737 501
23185 0 85 22 22 2176 1936
40756 0 85 23577 23577 40784 40536
26136 1 26135 2 2 2 2
37633 0 20754 1614 1614 11423 11422
40883 0 1222 30516 30516 40894 40880
40904 0 1222 16372 16372 40792 40779
19190 1 22874 3 2 4 2
14563 2 35454 40943 40941 4269 4269
12530 1 5329 2 2 3 2
37793 0 425 48 48 12361 12341
7112 1 21005 2 2 3 2
13785 6 30026 868 867 1333 1333
30892 1 27200 2 2 2 2
22309 1 11345 5 4 10 3
652 1 11489 5 3 3 2
21523 0 5914 33 33 1819 1815
19459 1 8641 4 4 9 5
103 0 9917 143 143 562 561
34367 1 30925 2 2 3 2
39210 0 36049 6080 6080 35971 35970
27244 6 22681 49 48 6 6
12608 4 21734 49 46 3 3
31281 1 6359 2 2 5 2
40153 0 6359 11105 11105 40094 40086
28257 1 28256 3 2 2 2
3741 6 11977 3 1 4 1
8455 0 14334 240 240 181 180
11170 1 606 4 2 4 2
9097 4 33963 226 225 132 132
15436 1 15435 2 2 2 2
9201 1 9200 2 2 4 3
6058 0 5378 15 15 86 72
5378 1 9054 4 2 9 4
24455 0 7235 2 2 699 694
40886 0 36491 18757 18757 38436 38435
27948 0 29072 3376 3376 30895 30891
2574 1 10949 3 2 7 3
15184 1 36822 2 2 3 2
17033 1 208 2 2 3 2
5633 0 4663 1531 1531 16504 16488
23779 0 17423 2531 2531 12634 12630
31140 0 1615 9 9 92 87
25999 1 31140 2 2 3 2
29071 0 25203 632 632 3074 3071
4929 4 37085 268 262 56 56
11962 4 5667 19 15 2 2
14732 6 18907 4487 4486 43 43
4582 0 23340 3410 3410 4875 4871
2940 0 23340 15 15 13 10
6093 10 24981 3 2 2 2
14001 0 36202 3816 3816 29041 29041
37407 0 19919 30 30 12897 12894
28934 0 6210 38 37 51 48
13298 1 26814 4 2 2 2
12356 1 20726 3 2 4 3
11679 7 15652 422 416 13 12
18992 0 780 10 10 201 193
12696 0 1750 8140 8140 10563 10561
22477 1 2282 2 2 2 2
17701 4 36065 10 10 8 8
20641 0 36866 14791 14790 16790 16789
31601 0 1352 160 160 3548 3542
36144 0 28533 1287 1287 791 791
22400 2 2183 1 1 36 6
39117 2 5348 9 8 4 2
12905 1 5832 5 3 3 2
16355 1 22399 468 463 391 391
8334 2 35737 127 127 971 970
13347 0 26570 39 39 48 46
40889 0 34949 4552 4552 40440 40439
12551 0 7485 648 648 4046 4045
3154 1 27514 4 2 2 2
35950 0 20760 6 6 42 37
20760 0 25127 590 590 1679 1678
23933 1 23098 3 2 5 2
12685 6 19180 266 260 15 15
12358 2 4168 6 6 16 6
7700 2 4168 3 3 12 3
35674 0 16517 7575 7575 19524 19523
6813 1 5175 2 2 3 3
7375 1 7374 4 2 3 2
40890 2 23906 3984 3984 40796 40796
21948 4 38918 8393 8393 12050 12050
17500 9 17499 2 2 2 2
6759 1 21078 2 2 2 2
11196 0 24534 12365 12365 5550 5547
16734 7 13678 1434 1431 14 14
865 1 17946 10 2 2 2
1821 6 39122 159 145 15 15
11630 1 31896 4 2 2 2
7284 1 17756 3 2 2 2
26770 5 6829 1 1 9 3
37565 1 22789 3 3 3 2
11926 1 11925 2 2 2 2
27446 1 22702 4 3 4 2
13999 0 37238 112 112 266 265
2050 6 30438 3442 3442 1018 1018
21493 0 24309 3220 3220 30578 30578
40891 0 13449 38567 38567 40935 40934
15390 1 38904 3589 3588 111 111
33146 1 2101 10 9 16 8
17987 3 17986 7 5 4 3
29746 3 17987 2 2 8 6
2692 0 10487 59 59 262 259
32902 1 29338 2 2 3 3
14511 6 11512 9324 9317 2212 2212
6117 1 683 2 2 6 2
25817 0 40019 15466 15466 16754 16754
39730 4 31900 6340 6340 15126 15126
14912 3 19439 6 3 3 3
34332 4 1842 171 167 13 13
29957 5 8285 42 42 368 364
8398 4 40398 797 797 468 468
13141 4 36356 64 52 5 5
24146 1 36079 3 2 3 3
12197 1 24146 4 3 2 2
8973 0 15567 340 340 314 313
2840 1 18631 3 2 2 2
4993 1 4648 2 2 6 2
15543 4 26788 504 504 1179 1179
9926 1 1976 3 2 4 3
40893 0 10088 1492 1492 40541 40536
18632 0 15264 2169 2168 13646 13643
25930 4 9684 76 71 10 10
39714 5 5407 2 2 304 279
31612 1 9688 2 2 2 2
1782 1 1781 3 2 6 2
34009 6 39128 1621 1618 3033 3032
25597 0 4132 1695 1695 37187 37177
16378 0 2054 2 2 66 49
12541 0 2054 2 2 39 23
2054 1 17904 28385 28385 23756 23755
18557 9 18725 2 2 2 2
40453 1 28165 2 2 2 2
7231 0 16733 35197 35197 13206 13206
17867 1 14085 3 2 4 3
36201 4 39259 24107 24106 2248 2248
17202 0 12720 20 20 76 67
28053 0 4049 256 256 14192 14179
25593 0 4049 1420 1420 29825 29810
4049 1 28361 2 2 5 3
22873 1 37187 2 2 2 2
37187 0 3391 9808 9808 28913 28909
30984 1 6485 3 2 2 2
12052 1 6794 3 2 3 2
6371 6 13857 1043 1039 235 234
1675 3 3261 6 2 3 2
32329 0 39076 5932 5932 11292 11292
1788 0 22163 3 3 21 17
8791 1 15310 3 2 9 2
13863 1 15310 8 3 7 2
3838 1 15310 4 2 8 2
36716 0 15310 45 45 509 509
23303 1 6584 3 2 8 4
9014 0 13840 304 304 7565 7561
9501 1 16279 4 3 3 2
9412 1 35482 5 2 2 2
26517 1 352 13 11 29 20
30651 1 30650 3 2 2 2
13606 0 5759 7 7 74 59
24242 4 40495 781 781 2263 2263
3024 1 8489 3 2 9 3
4914 4 5471 172 167 10 10
16649 0 11808 53 53 735 729
16580 1 16649 3 3 4 2
8882 1 30608 2 2 2 2
24380 6 4034 30 30 90 88
20967 1 38940 12950 12947 2968 2968
38940 1 20967 2783 2783 12962 12959
12345 4 32572 101 100 6 6
17336 1 6811 2 2 2 2
4393 0 21188 226 226 3540 3538
16082 0 19592 11259 11259 36366 36365
13599 4 38034 108 108 44 44
2399 3 852 4 2 2 2
26551 1 17969 4 2 6 4
19862 1 25685 5 2 3 3
33100 0 23835 38 38 129 123
38732 1 16818 2 2 3 2
30257 4 39983 261 261 296 296
2097 1 9439 5 2 6 2
8891 1 8890 2 2 4 2
10946 1 16189 22 19 7 6
23311 5 666 12 12 224 196
7605 1 16736 3 2 3 2
40896 0 23801 24986 24986 40669 40667
3152 1 34834 3 2 2 2
8027 0 17129 22601 22601 39138 39137
18036 1 23414 3 2 4 3
10896 1 5187 2 2 2 2
29378 0 14065 4 4 12 10
11268 1 18820 5 4 8 5
10603 3 7644 3 2 3 2
28163 6 33290 21 21 11 11
26372 1 2839 4 2 3 2
13731 1 3340 6 4 7 3
30635 1 27499 3 2 3 2
19561 2 12788 4 2 17 15
6316 1 14884 7 5 6 5
14884 1 6316 6 5 7 5
40071 0 542 19 19 444 431
24433 1 24432 2 2 2 2
8518 8 19686 31 26 12 12
36028 1 13581 2 2 4 2
23015 1 39472 3 2 2 2
29941 0 8121 1925 1925 1581 1576
11007 0 39628 1357 1357 778 777
38483 1 35975 2 2 2 2
27069 0 17594 3 3 619 618
31414 0 21528 84 84 111 108
10966 0 6448 272 272 3395 3391
7275 0 36151 182 182 347 346
10347 0 12311 5 5 104 93
40897 0 15992 10835 10835 40631 40626
29348 1 9181 2 2 7 2
181 4 20452 265 260 4 4
30056 0 13450 67 66 242 236
13510 0 34706 3538 3538 18298 18296
9041 1 8986 7 3 7 2
33052 1 6521 3 2 6 3
26934 4 36843 509 509 371 371
2778 1 2777 4 2 2 2
28399 9 24687 3 3 3 3
28399 0 7125 37 37 25 23
163 1 9522 6 2 2 2
38964 6 15538 4 2 4 2
36295 6 20656 27561 27561 19992 19992
7947 1 3044 3 2 6 2
24577 0 6103 1394 1394 3053 3050
39447 2 955 7 6 46 34
27080 0 35724 183 183 942 942
18317 0 16471 1254 1254 26315 26312
40899 0 1371 157 157 40507 40484
35847 0 1371 2 2 103 81
32447 6 14556 16 15 5 4
5046 5 5363 3556 3556 39642 39627
31855 0 1378 3 3 66 7
19994 0 1378 78 78 172 111
25740 0 1378 690 690 518 456
40676 0 1378 1014 1014 40577 40514
20832 0 2453 371 371 10056 10003
38637 0 35536 52 52 232 232
29542 6 38922 26 26 8 8
17578 1 8885 3 2 4 2
40900 0 3668 10762 10762 40704 40696
38879 4 40465 35 35 43 43
23645 1 3271 3 2 3 2
10717 1 23392 3 2 3 3
7129 6 37636 1195 1175 2 2
7129 6 39342 32 13 33 30
22752 1 11603 3 3 3 2
13171 0 2104 17665 17665 16957 16941
3840 4 25993 88 87 4 4
6976 1 6542 2 2 2 2
6504 0 17314 27 27 236 229
1218 1 18913 6 2 2 2
23637 1 22005 2 2 3 3
12259 4 40042 1085 1085 1285 1285
29053 0 31232 3 3 60 56
14841 1 11642 4 2 4 2
12434 1 11406 3 2 5 2
4571 1 19807 2 2 2 2
12516 1 16943 2 2 4 3
9471 1 28564 3 2 2 2
40902 0 30686 8040 8040 40469 40468
215 1 13069 5 2 3 2
28342 4 21955 93 93 106 106
4050 1 5908 4 3 2 2
10960 0 16571 8455 8455 9917 9916
3343 1 1512 6 2 4 3
15421 1 7039 5 2 2 2
40903 0 23890 26500 26500 40776 40775
18173 1 23932 3 2 2 2
26645 1 11702 2 2 2 2
15117 1 11702 2 2 3 2
7241 1 9423 3 2 3 3
15866 1 20662 3 2 5 2
308 1 23762 3 2 2 2
1602 1 20590 3 2 3 2
7541 1 7540 3 2 2 2
4015 0 32323 4077 4077 425 425
36003 2 3957 4 3 7 3
11479 0 4865 723 723 11074 11068
1202 0 14475 1102 1102 6648 6645
14612 1 19739 2 2 4 3
7024 0 6752 27 27 714 699
32853 0 5203 1239 1239 15492 15490
37253 0 40396 12365 12365 9780 9778
34648 0 16831 2523 2523 2183 2182
1613 1 3914 5 3 6 3
10826 0 26562 1368 1368 15788 15783
23101 1 12527 3 2 4 2
27830 0 8061 2603 2602 17317 17315
20864 1 6464 3 3 4 2
5262 6 29332 6883 6880 2634 2634
35821 0 16863 36353 36353 40309 40303
13407 1 4967 2 2 2 2
9713 1 18011 2 2 2 2
31393 4 27927 5841 5841 2581 2581
12347 1 13214 4 2 2 2
22063 1 36525 2 2 2 2
37425 0 4766 4602 4602 12113 12113
27152 4 38832 81 80 3 3
31830 5 24055 236 236 1552 1552
15799 6 17609 12 1 1 1
38974 0 621 4 4 47 46
17241 0 17150 5 5 5 4
2858 4 33960 103 71 2 2
26230 0 10765 3 3 9 2
19752 1 19897 6 3 3 2
38731 0 10922 22 22 352 349
30909 6 31031 14136 14136 30051 30051
40907 0 25161 10360 10360 39182 39180
36978 0 692 51 51 5248 5223
29708 0 692 2 2 57 34
20476 1 6724 3342 3341 7257 7255
40908 0 7921 28211 28211 40923 40923
2443 9 5163 8 7 2 2
12141 1 2443 4 4 4 2
7159 4 32394 9 7 2 2
9995 0 1520 67 67 677 667
3657 1 11758 12 12 94 90
687 6 27283 39355 39334 1519 1519
8662 0 716 2 2 63 25
7974 1 3145 4 3 4 2
24517 1 9302 2 2 4 2
7449 0 7095 9487 9486 7673 7673
31989 4 40175 175 175 24 24
40909 0 3338 18847 18847 40728 40720
19172 0 15730 38 37 20 19
15433 6 23550 17634 17631 1657 1657
15869 1 9418 4 2 5 4
27694 3 13419 2 2 3 2
21543 0 14367 4821 4821 12435 12429
5015 4 5256 10 3 2 2
16016 1 10865 4 3 2 2
2379 0 14652 3057 3057 5559 5559
40910 0 10662 18339 18339 40677 40669
13388 1 17572 2 2 2 2
38526 0 17405 1465 1465 15246 15238
9889 0 38560 9332 9332 39099 39098
11600 0 13047 12 12 93 85
40912 0 9931 28428 28428 40783 40783
36575 0 34172 23229 23229 22128 22125
19960 6 20910 28791 28790 22356 22356
10868 1 6529 4 2 5 2
25398 1 30292 2 2 3 2
13664 1 23487 4 2 3 2
40913 2 1214 79 79 40191 40172
13094 2 1214 5 3 25 7
16437 0 26208 6373 6373 15057 15055
22757 1 22756 3 2 3 3
40260 0 26108 2 2 5 3
32735 0 5654 3 3 21 18
3447 1 9780 7 2 4 3
14404 1 3447 2 2 4 2
7985 1 4209 2 2 6 3
40915 0 10407 24847 24847 40732 40732
6851 1 6468 3 2 5 2
15604 3 4192 17 17 11 11
9074 0 2243 107 107 1639 1638
16945 1 27937 2 2 2 2
37937 2 17319 4 3 7 3
17444 1 7040 2 2 2 2
24542 0 21434 1066 1066 1389 1388
19654 0 38248 26057 26057 6360 6360
40916 0 25194 30378 30378 40859 40858
3512 1 1507 4 2 3 3
35515 4 5683 853 853 1250 1250
26598 1 13630 2 2 2 2
3815 1 39428 2 2 2 2
4037 0 16708 7 7 62 58
29698 0 8868 37364 37363 38823 38822
15051 1 14230 2 2 2 2
1006 3 17460 4 3 6 2
20944 1 2415 3 2 6 2
9847 3 11802 24840 24833 17050 17050
19964 4 40677 40622 40619 18031 18031
23100 1 23574 2 2 2 2
21645 1 16026 5 3 3 2
3046 0 140 2536 2536 21389 21383
1732 6 23260 13 1 1 1
29279 4 22476 44 44 6 6
21641 0 8412 4790 4790 5573 5572
40283 0 13935 1138 1138 558 555
20075 1 5623 4 2 3 2
32173 0 25942 10 10 48 45
17114 1 9438 2 2 3 2
33419 4 28271 7 5 2 2
40917 0 5681 34923 34923 40853 40852
15907 1 15906 3 2 3 2
15906 1 26088 5 2 3 2
14098 4 39569 309 307 76 76
4725 1 3135 4 3 5 4
24645 1 21259 3 2 2 2
22111 1 25386 2 2 2 2
11499 1 5619 3 2 5 2
3068 1 3431 5 2 3 2
7765 1 7764 4 2 2 2
11813 1 30361 9 2 2 2
13330 1 4080 3 2 3 2
40919 0 27595 6827 6827 40579 40578
26579 0 27595 211 210 3796 3796
20569 1 7364 3 2 8 2
27835 1 30774 2 2 2 2
2212 6 39573 40492 40492 23263 23263
29644 1 22647 2 2 2 2
28102 1 13943 2 2 3 2
39806 0 4094 23962 23962 24553 24553
11333 0 1873 139 139 4475 4466
7708 1 7707 2 2 2 2
20826 6 37122 8 7 13 13
35116 1 2058 2 2 5 2
4697 1 3858 3 2 3 2
11455 4 7090 2956 2952 31 31
40921 0 10175 13352 13352 40822 40816
38431 1 28014 2 2 2 2
12033 1 19844 2 2 4 2
5245 0 33893 22270 22270 27334 27334
34222 0 38513 37 37 263 262
8695 1 8694 2 2 5 2
3104 1 3103 2 2 3 2
15438 1 11384 2 2 2 2
31721 1 24228 2 2 2 2
2370 4 3245 24 3 8 8
8754 1 6098 6 4 3 2
8754 1 4244 7 4 4 2
18988 0 27345 5 5 13 12
40923 0 13663 4620 4620 40733 40712
11049 0 722 102 102 7451 7443
38784 0 6570 9 9 272 257
16141 4 16183 21 19 3 3
496 1 32512 4 2 2 2
37743 1 14493 2 2 6 3
5090 1 38941 4 3 2 2
34217 1 30032 3 2 3 2
16865 1 8774 2 2 2 2
26008 1 24248 144 142 99 99
37763 1 3707 2 2 2 2
22457 6 34682 19752 19752 16762 16762
33138 1 11811 2 2 2 2
25767 4 33687 179 179 6 6
13958 4 28025 44 36 2 2
656 1 37010 4 2 2 2
10583 1 2117 5 3 8 3
20736 1 17537 3706 3706 1415 1414
10184 0 28333 435 435 407 403
38142 0 26564 35700 35700 19160 19160
3096 4 25112 182 174 23 23
15613 0 15381 3 3 35 31
22584 1 12684 3 3 5 3
10350 1 13671 2 2 3 3
7514 1 25165 4 3 2 2
25852 1 20593 2 2 3 2
14893 0 27550 47 47 3320 3320
22787 1 22786 2 2 3 2
5300 0 27067 43 42 438 438
622 0 8078 2 2 18 7
24444 8 33475 2498 2498 20575 20575
35002 0 19318 1159 1159 8826 8824
5466 0 115 60 60 1253 1237
19843 0 2682 2 2 34 33
22395 0 5140 486 486 3272 3268
20504 0 11647 2 2 295 286
11184 4 27448 2320 2311 19 19
33563 0 18375 11335 11335 101 101
19846 1 18645 17859 17857 11783 11782
23722 0 20561 34369 34369 39365 39365
36869 1 18872 2 2 7 3
1358 1 1357 4 2 2 2
13443 1 1717 4 2 4 2
9968 1 13305 4 3 5 2
6222 1 29825 2 2 3 2
19156 0 89 438 438 39473 39455
28882 9 3696 2 2 2 2
40924 0 22072 10474 10474 40762 40758
30066 1 7387 2 2 4 2
15533 0 7387 120 120 826 820
6506 6 39335 724 717 273 273
29368 0 40057 40045 40045 28289 28289
27225 6 33459 13 6 1 1
34773 0 34386 5587 5587 39306 39304
40449 0 1803 12369 12369 22082 22074
21774 6 9252 2684 2684 35952 35952
18483 1 17730 3 2 3 2
18247 1 33545 2 2 2 2
38623 0 5839 4611 4611 30402 30397
4359 1 29197 4 2 4 2
29197 1 13612 6 2 9 6
27198 1 6242 3 3 2 2
27447 1 4053 3 2 2 2
13806 1 28087 2 2 2 2
40925 0 19888 22262 22262 40830 40830
9983 4 21913 140 138 8 8
20348 0 11447 6 6 5 5
38036 0 1666 5086 5086 18490 18479
32679 0 34089 23615 23615 33455 33455
35965 4 17251 123 123 179 179
18481 6 27900 28068 28068 18971 18971
37628 1 32564 2 2 3 2
4466 1 21189 2 2 2 2
640 1 7220 3 2 2 2
24070 0 18975 9138 9138 15133 15131
2758 1 22165 2 2 3 2
4556 1 9927 4 2 6 2
40353 0 10745 2475 2475 18984 18979
19632 1 35311 2 2 2 2
39784 1 31199 2 2 2 2
4594 0 5891 29 29 1219 1215
4491 0 19288 3003 3003 23738 23736
30729 4 33668 170 170 53 53
34985 0 3925 231 231 1434 1430
28487 1 7168 2 2 6 2
26416 1 36198 4 2 2 2
34811 0 1272 145 145 5486 5469
3263 1 2390 3 2 5 2
11689 0 15537 18 18 21 18
28752 0 4416 4 4 11 10
27422 0 8663 50 50 797 795
5643 1 3754 3 2 2 2
11366 1 26527 6 2 4 2
24792 1 893 3 3 3 2
6657 1 21399 3 2 2 2
18566 1 6657 2 2 3 2
39413 0 5325 57 57 10621 10595
11969 1 26616 3 3 3 2
36488 1 6245 2 2 5 2
11151 1 17991 3 2 2 2
3136 1 16161 3 2 3 2
30980 0 3884 20 19 306 301
30250 1 32816 4 2 3 3
4638 1 29948 2 2 2 2
27855 0 9636 711 711 651 651
22777 1 35880 2 2 2 2
3901 1 1387 3 2 2 2
22243 0 13777 647 647 1446 1437
5542 1 30223 2 2 2 2
38033 0 20954 12129 12129 28414 28414
29753 0 15565 2220 2220 15072 15064
29266 4 13537 308 308 59 59
1937 6 25054 1986 1983 1274 1274
21124 0 14843 3212 3212 28970 28967
40927 0 290 24997 24997 40563 40517
31744 4 8674 199 198 4 4
40127 0 2558 49 48 583 568
2529 4 12558 87 80 7 7
7694 1 33571 5 2 2 2
22610 0 27194 8 7 59 54
30249 0 6066 23175 23175 30268 30267
658 0 13432 88 88 1410 1404
40928 0 9369 6050 6050 40382 40381
38434 0 9010 1483 1483 7500 7499
30241 6 28445 14 11 2 2
35998 1 12005 2 2 5 2
37809 2 18294 2308 2307 4803 4801
11424 1 34792 5 2 2 2
35840 0 11072 1997 1997 40414 40409
28978 1 22902 2 2 2 2
11576 6 38596 137 135 4 4
1930 4 36216 65 58 5 5
7939 1 10211 5 2 3 2
28794 4 27413 26 26 4 4
5741 0 1817 7970 7970 2260 2260
5741 6 31343 5 2 2 2
19214 6 3845 203 199 7 6
23468 1 1116 4 2 4 2
19251 1 13436 3 2 7 4
30832 0 17008 17051 17050 13825 13825
10086 1 10085 2 2 4 2
20123 1 21785 7 6 9 6
29801 1 16682 2 2 2 2
2714 6 17927 50 6 12 8
3544 6 29062 34 23 14 13
16737 0 2582 233 233 8940 8936
37791 0 27732 516 516 12706 12701
17526 4 11245 243 241 20 20
1533 0 604 679 679 5315 5304
39727 1 9142 2 2 7 2
13018 3 4849 5 3 4 3
32445 0 36854 20 20 719 717
30065 6 21979 72 72 1814 1811
1742 6 21979 6372 6372 20693 20689
23039 1 22926 4 2 2 2
32339 1 27741 3 2 3 2
17262 4 33581 1015 1014 145 145
26419 1 3896 2 2 2 2
2404 6 17683 74 72 4 4
33189 0 14812 62 62 249 245
26452 9 7754 346 346 4668 4667
19015 1 28438 2 2 3 2
12913 1 9397 2 2 3 2
40931 0 27727 35798 35798 40888 40887
1419 1 22014 5 3 3 2
22075 4 35020 302 301 115 115
14470 4 37913 106 105 11 11
28719 0 7960 41 41 868 868
8597 1 843 2 2 4 2
14278 0 7240 13043 13043 25142 25125
2970 0 8651 691 691 4228 4227
17407 6 4098 20127 20126 1329 1329
15599 5 6014 59 59 296 293
23298 0 37796 3 3 7 5
23743 4 1839 393 389 63 63
9242 1 9241 2 2 3 2
40932 0 8840 9108 9108 40601 40594
20097 1 39891 5 3 2 2
28366 1 34247 3 2 2 2
23644 0 37462 510 510 29 29
9572 9 9571 2 2 2 2
30724 1 28310 2 2 3 2
18933 4 6687 15 13 2 2
17759 0 2861 5 5 54 46
40933 0 15371 22374 22374 40837 40833
38707 1 6267 2 2 2 2
4208 1 4207 4 3 3 2
15219 1 38553 2 2 2 2
23158 4 15716 522 522 168 168
21950 1 27256 2 2 3 2
34499 0 3934 8388 8388 26852 26849
35578 1 3227 2 2 2 2
7908 1 6243 30 23 15 14
1914 6 14604 4094 4070 222 222
38010 0 30717 338 338 921 920
40934 0 22330 32549 32549 40912 40912
36509 0 1481 8082 8082 25416 25415
17630 1 5576 2 2 2 2
16260 4 1174 313 307 58 58
8162 2 27707 769 769 778 778
28523 9 16965 2 2 3 3
40935 0 16658 10762 10762 40544 40541
25614 0 86 36 36 591 588
18620 3 6300 3 2 3 2
10303 0 1380 23 23 43 28
37033 0 20187 259 259 3618 3617
26386 0 18443 12910 12910 10664 10663
38926 0 5480 4298 4298 18918 18917
29831 0 12577 5 4 42 35
15782 0 21097 8937 8937 40398 40395
22438 1 8094 2 2 4 2
40936 2 3999 3300 3300 40704 40666
1838 0 11464 902 902 4719 4717
14405 6 31106 4107 4104 610 610
38576 6 23883 561 561 2565 2565
17088 4 35425 1038 1038 175 175
849 10 13402 3 3 3 3
31905 1 5241 3 2 6 4
5409 0 9991 77 77 346 344
7245 0 31986 3224 3224 8009 8008
34983 1 16742 2 2 2 2
10762 1 12714 3 2 3 3
10953 0 273 387 387 3616 3601
26769 0 1194 3 3 11 9
12790 6 38666 21 20 24 23
20833 0 14547 79 79 663 663
31477 0 20633 13 13 68 66
25922 1 17748 4 2 3 2
35874 0 3549 107 107 2935 2920
24436 1 2798 2 2 2 2
25966 1 11230 2 2 2 2
16275 1 18980 3 2 4 2
7862 4 17841 269 266 11 11
12959 0 12265 646 646 6982 6982
40938 0 25310 28461 28461 40482 40480
35627 0 3269 5 5 20 17
18098 1 22245 10 4 2 2
35614 0 5846 2 2 37 7
29207 1 24456 3 2 5 2
1048 1 24443 3 2 3 2
22767 5 6095 2 2 7 4
12231 0 16476 1 1 2 1
19496 1 30112 2 2 5 2
40940 0 7382 22643 22643 40875 40872
8838 1 20614 3 2 3 2
30101 1 30632 4 2 4 2
9830 1 34527 2 2 3 2
40941 0 13946 8731 8731 39344 39342
28643 0 11339 6 6 249 245
13847 1 14386 3 2 5 3
27260 1 35256 3 2 3 2
35120 4 33416 9 7 2 2
6728 1 6727 15 6 4 2
