1678 7 40551 286 55 1 1
1678 7 18056 354 116 1 1
1678 7 30089 351 114 1 1
1678 7 36781 302 69 1 1
1678 7 18000 241 12 1 1
1678 7 9202 308 74 1 1
1678 7 26036 15536 15294 28 28
1678 7 35669 433 193 1 1
1678 7 40887 40743 40500 1521 1521
1678 7 38204 6750 6509 15 15
17935 9 35175 6 6 2 2
785 8 10116 15698 15241 10 10
785 8 37575 1806 1362 2 2
785 8 21817 27698 27228 96 96
785 8 18729 446 4 3 1
785 8 12268 4644 4196 2 2
785 8 29200 20263 19802 8 8
785 8 23537 22636 22171 4 4
785 8 6770 20943 20480 92 92
785 8 1493 9054 8605 10 10
785 8 28822 27366 26897 10 10
785 8 15703 13538 13084 56 56
785 8 8245 9998 9548 4 4
785 8 36761 21061 20597 3 3
785 8 155 24671 24205 3 3
785 8 39420 24840 24373 12 12
785 8 38749 14641 14186 3 3
785 7 11761 16808 16794 42 42
16176 4 33688 726 724 229 229
18671 0 11241 1 1 15 1
19621 0 11241 2 2 26 11
15582 0 4030 6 6 248 219
25033 0 4030 1 1 57 31
31351 0 4030 5 5 159 131
19165 0 2969 41 41 251 242
21012 1 19165 6 3 3 2
16748 6 29001 10 9 9 7
31740 0 1183 2 2 527 484
26184 1 32091 10491 10488 99 99
32091 1 26184 159 159 11888 11885
4194 1 6975 2 2 4 3
6975 1 3569 4 3 5 2
15602 0 4367 998 998 9607 9578
6546 0 4367 110 110 8683 8655
24512 1 24859 2 2 3 2
33182 0 5053 1651 1651 7952 7949
5945 6 10270 8 5 8 7
5109 0 22368 2056 2056 26469 26464
20774 0 8060 57 57 15 15
12274 1 9268 2 2 3 2
12842 1 15886 6 2 3 2
13394 1 3789 4 2 2 2
13394 0 3459 3933 3933 36511 36502
38200 3 8055 6 5 7 5
36698 0 586 5419 5419 11151 11073
13143 0 586 1094 1094 10344 10267
7684 1 586 3 2 6 2
586 3 772 21 11 5 4
586 3 3510 71 60 8 8
586 1 11276 5 2 4 2
38212 2 121 5 5 1290 790
34053 2 121 15 15 1301 800
21130 2 121 5 5 942 451
22680 2 121 2 1 488 10
33440 2 121 2 2 854 365
37929 2 121 11 11 1246 747
25514 2 121 30 30 1536 1032
31531 2 121 2 2 828 342
15287 2 121 12 12 1385 882
30007 2 121 2 1 500 19
33594 2 121 3 3 1104 611
31050 2 121 5 5 1119 624
10443 2 121 2 1 469 2
13776 2 121 2 1 477 5
28371 2 121 17 17 1674 1168
25046 2 121 3 3 1024 532
29285 2 121 4 4 668 186
29029 2 121 5 5 1185 688
39017 2 121 3 3 839 352
36587 2 121 10 10 1305 803
29042 2 121 17 17 2005 1498
20341 2 121 6 6 1110 616
33915 2 121 3 3 882 392
14588 2 121 2 1 492 13
121 6 39924 13 9 38 38
40757 0 1311 20771 20771 40887 40869
40804 0 1311 476 476 40379 40362
1311 0 896 56 56 99 94
18270 1 18269 4 2 2 2
13049 0 4990 29 29 1206 1187
36351 0 4990 30 30 4182 4162
29179 1 10971 2 2 2 2
23886 0 6769 9 9 11 10
30612 0 4411 3997 3997 10440 10439
14866 0 3633 25 25 1101 1096
35748 0 11399 5973 5973 34878 34871
31413 0 15186 10 10 10 8
20145 0 11015 1561 1561 14678 14677
40728 5 914 14581 14581 40914 40620
28450 5 914 1055 1055 28040 27749
7848 5 914 1 1 306 24
35945 5 914 1 1 287 8
25546 5 914 8 8 5491 5203
38155 5 914 1 1 294 14
36490 5 914 6 6 5597 5308
31958 5 914 2 2 387 104
16022 5 914 93 92 1078 793
1595 5 914 3 3 628 344
5734 1 377 4 2 3 2
22785 0 5734 99 99 257 256
1255 6 24915 1448 1448 20480 20480
14244 1 11981 2 2 6 3
19390 0 4369 11 11 42 23
15364 0 4369 7 7 226 206
6533 0 4369 18680 18680 33190 33167
20079 0 4369 513 513 11059 11037
3634 1 4369 5 2 2 2
10990 1 4301 7 2 3 2
16398 1 2783 5 4 9 3
2783 1 1316 12 5 7 3
31737 0 16660 2 1 14 1
40758 0 6286 19773 19773 40566 40554
36771 0 6286 3 3 13 3
23301 0 6286 23 23 64 53
6286 1 7865 3 3 3 2
40759 0 45 32783 32783 40924 40921
45 1 44 16 5 2 2
30663 4 40225 168 167 31 31
14235 0 20549 282 282 20214 20209
20549 1 8731 4 3 6 2
15727 0 20842 5 5 4 3
28017 0 10090 347 347 20552 20538
40795 0 10090 14686 14686 40373 40358
32851 1 11382 3 3 10 9
21858 0 14369 12 12 404 400
34003 0 20650 107 107 92 91
5656 1 624 4 3 7 2
624 1 34337 7 2 2 2
32035 1 33317 2 2 2 2
6074 0 11052 5981 5981 8086 8086
6074 1 6073 3 2 2 2
31355 4 35983 8 5 2 2
10203 0 23680 2770 2770 17745 17745
34114 4 1598 49 48 2 2
15430 4 617 25 10 3 1
617 6 23164 221 206 60 60
40760 0 3796 15865 15865 40704 40692
40898 0 3796 10180 10180 40594 40583
27089 0 25460 1 1 9 1
38920 0 20791 1373 1373 20038 20038
26740 0 15987 14 14 102 97
26740 5 4475 1 1 20 1
33592 0 3640 2 2 77 8
21749 0 16741 7 7 18 14
40287 6 21134 19 19 34 34
14022 1 6297 7 3 2 2
14504 1 14022 2 2 8 4
40761 0 448 1768 1768 40517 40492
23685 1 146 3 2 4 3
24780 0 39997 19160 19160 5455 5455
40762 0 1763 7325 7325 40528 40523
6572 1 6944 7 3 4 2
6944 0 1701 107 107 2936 2929
4031 1 9327 9 2 5 2
37067 1 10473 2 2 3 2
23647 0 1338 9 8 44 17
23277 0 13709 3 3 125 106
3947 0 12235 39 39 1296 1287
12250 1 12717 2 2 2 2
271 6 40026 1297 1270 308 308
14931 1 36099 20 18 37 36
36099 1 14931 42 41 19 17
36099 1 27949 2 2 3 2
14576 5 2971 5 5 285 221
13484 5 2971 1 1 65 3
7443 1 25067 5 2 3 2
16880 0 18633 15984 15984 23155 23148
16881 1 16880 2 2 5 3
17282 0 228 27 27 5811 5735
33871 0 228 19 19 5263 5189
40763 0 987 400 400 38699 38694
20046 0 4696 134 134 5261 5254
8415 2 7033 5 3 6 1
15870 1 18392 3 2 4 3
25017 9 18392 2 2 4 3
3787 1 8742 3 2 9 5
23980 0 3787 96 96 1036 1019
8742 1 19068 7 3 9 4
11482 1 10803 4 3 2 2
2901 0 30222 24116 24116 16755 16755
10757 0 3459 430 430 9783 9775
26302 0 3459 15 15 697 690
10581 4 27666 6559 6559 25514 25514
11449 2 6220 868 867 10791 10784
258 6 35861 10619 10615 536 536
25183 3 11235 1610 1610 6593 6592
15107 1 15106 2 2 2 2
20809 4 32820 799 781 99 99
20809 4 32206 2293 2274 548 548
4981 1 17073 5 3 3 2
16542 0 4523 31 30 168 166
40894 0 16542 30392 30392 39675 39673
10161 1 10160 2 2 5 2
10160 0 15134 290 290 6736 6729
26185 1 15249 2 2 2 2
1771 1 1770 7 2 3 2
1771 1 9610 12 6 5 2
1771 1 36226 5 2 2 2
24128 0 8842 443 443 10995 10992
26157 1 31405 3 2 3 2
31405 1 31404 3 2 2 2
6096 1 29574 5 2 2 2
31306 6 34770 92 92 1920 1920
65 9 439 2 2 2 2
9078 1 23938 3 2 3 2
10215 0 5164 266 265 6983 6973
1559 8 14508 27 9 2 1
1559 8 25902 25174 25155 22 22
23501 0 1668 154 154 10708 10638
20112 1 27611 2 2 2 2
29717 0 30926 7350 7350 36691 36690
40020 0 17095 5786 5786 29549 29548
23138 0 1929 10 10 1248 1019
38723 0 1929 2 2 395 170
27757 0 1929 1 1 221 1
35086 0 1929 3 3 266 43
20750 0 1929 1 1 226 5
38906 0 1929 6 6 687 459
18333 0 1929 4 4 424 198
15970 1 3369 3 2 4 2
8306 2 25327 3 2 22 15
25327 5 3250 22 22 388 376
32633 1 5596 4 3 7 3
30166 0 5644 21 21 1194 1176
3771 0 5644 16 16 81 64
36968 0 18425 284 284 1887 1884
4765 1 4764 3 2 6 2
17970 0 4765 87 87 4376 4371
13604 2 251 2 2 25 16
37309 0 30216 31 31 136 136
38488 0 19873 22441 22441 15406 15405
21703 2 1136 3 2 152 83
37709 2 1136 3 2 96 28
29422 2 1136 4 3 189 119
34900 2 1136 3 2 80 13
4319 2 1136 2 2 212 141
35289 1 33808 2 2 3 2
7560 1 5488 3 2 6 2
40937 0 5488 5968 5968 39193 39190
13163 0 5488 116 116 107 105
3087 1 18847 3 2 2 2
27819 0 3087 6183 6183 22045 22030
29206 1 25712 3 2 4 4
4485 0 608 25 25 997 633
4485 1 4213 6 3 7 2
2562 0 608 30315 30315 26263 25884
20006 0 608 191 191 13333 12960
40838 0 608 33698 33698 40061 39665
40777 0 608 14958 14958 39387 38997
39245 0 608 39018 39018 34263 33878
40814 0 608 31052 31052 39972 39577
14223 0 608 10519 10519 13652 13278
1328 0 608 57 57 11163 10794
40785 0 608 35378 35378 40188 39790
40830 0 608 33562 33562 40075 39678
28595 0 608 38833 38833 33084 32700
7793 0 608 38479 38479 35142 34755
40884 0 608 36354 36354 40398 39999
30256 0 608 6 6 1832 1467
33590 0 608 37899 37899 31886 31503
40793 0 608 15762 15762 39129 38740
37242 0 608 38663 38663 34612 34226
9757 0 608 1182 1182 5534 5167
21406 0 608 2964 2964 11963 11592
40764 0 29777 13339 13339 40581 40579
13128 0 959 5 5 1346 1315
35052 0 959 25151 25151 30089 30057
14092 1 7130 3 2 5 3
40765 0 18 9571 9571 40600 40600
37609 0 25129 1431 1431 14432 14427
3268 1 10028 3 2 5 3
40766 0 35564 7989 7989 38169 38168
15729 1 12999 29 26 14 12
12999 1 15729 15 13 21 18
35258 4 25396 516 516 273 273
38187 1 29741 2 2 4 3
38187 0 2275 1150 1150 7563 7531
40767 0 15247 7525 7525 36297 36294
27131 1 17012 2 2 2 2
15936 0 23068 9 9 7 5
7803 1 13968 15 13 29 27
13968 1 7803 20 18 9 7
40572 0 32910 30073 30073 40461 40458
39830 0 32910 3 3 7 5
14004 0 25065 14 14 187 184
25065 0 4789 184 184 11030 11028
32733 0 248 11 11 43 34
10121 0 248 40 40 703 693
30194 0 7722 1 1 15 3
23606 0 4877 9 9 339 329
32247 0 4877 45 45 6960 6949
30622 0 2318 5 5 230 107
26982 0 2318 74 74 728 599
9320 0 2318 23 23 717 589
26224 0 2318 1258 1258 3134 3003
18713 0 2318 28 28 585 459
38875 0 2318 13 13 557 432
3443 1 12083 3 2 3 2
13887 0 3443 102 102 542 532
18271 0 3443 105 105 2518 2507
4423 0 24850 1 1 2 1
1038 4 13190 738 564 183 183
1038 4 40447 242 77 6 6
1038 4 33781 411 238 66 66
1038 4 31677 164 2 1 1
1038 4 7455 169 6 1 1
23751 4 8080 64 60 5 5
8080 4 23312 84 81 38 38
25625 5 2176 2 2 702 599
24036 5 2176 4 4 604 503
18415 5 2176 47 47 7213 7108
29637 0 28168 67 66 59 54
17924 0 7315 7155 7155 28129 28124
13300 0 11301 140 140 1434 1424
13300 6 14769 20072 20069 24980 24979
25115 0 11301 1046 1046 4784 4772
20438 0 11301 394 394 1965 1954
37862 0 11301 29 29 555 546
34851 4 31118 48 47 12 12
40242 0 24346 2146 2146 14197 14194
26644 1 4985 3 3 3 2
26644 1 16054 4 3 3 2
8110 0 12168 4 4 70 35
36165 0 12168 17031 17031 33055 33018
22455 6 27199 3849 3849 37755 37755
7288 1 36878 2 2 2 2
19322 5 7288 53 53 2057 2042
40768 0 1784 26641 26641 40695 40647
15769 0 1784 8 8 267 222
40438 0 1784 1698 1698 21285 21239
40839 0 1784 12211 12211 40110 40063
27441 0 25270 30100 30100 26532 26531
25270 0 6354 4268 4268 3808 3805
12380 1 20717 5 2 3 2
3729 0 20717 352 352 21307 21296
176 1 25906 28 27 3463 3460
25906 1 176 4867 4864 25 24
40769 0 10981 6400 6400 40533 40532
24894 0 7247 14 14 43 34
27000 0 7247 45 45 7012 7002
17047 0 13439 12387 12387 36270 36270
40770 0 3005 21070 21070 40782 40768
12076 1 3005 3 2 11 5
12740 4 40747 40273 40273 29704 29704
16545 1 14634 2 2 9 2
4313 1 3457 5 3 6 3
1482 0 13752 2444 2444 2893 2893
1482 1 35255 6 2 3 2
11251 1 13752 3 2 3 2
28721 1 22741 2 2 2 2
28721 0 15897 3 3 25 23
3761 0 8987 13106 13106 23346 23346
8987 3 23784 14663 14663 5216 5216
7280 1 26118 3 2 3 2
28912 1 26118 3 2 2 2
38386 0 1904 1 1 3 1
6607 1 11157 5 2 3 2
637 6 31616 1197 1154 60 60
637 6 39715 704 662 35 35
637 6 14054 75 36 8 8
637 6 39536 1275 1231 54 54
637 6 23571 392 352 24 24
637 6 40404 505 464 27 27
637 6 29851 1831 1786 102 102
5767 4 21704 318 300 107 107
3432 4 7926 61 59 9 9
3509 0 3407 22 22 94 90
13238 0 3407 7 7 76 73
26647 1 3407 4 3 7 2
24287 1 17938 3 2 7 5
36533 9 24287 3 3 5 4
17939 1 17938 2 2 4 3
9673 1 8487 5 2 6 3
7998 1 9673 4 2 3 2
8487 1 7998 4 2 5 2
3814 1 3548 5 2 2 2
23744 0 296 3 3 186 41
21505 0 296 1587 1587 5193 5042
7397 0 296 1 1 141 1
10506 0 296 2 2 143 1
38028 0 296 1 1 142 1
12013 0 296 12 12 332 185
15119 0 296 9 9 302 156
36945 0 296 9 9 916 767
36798 0 51 39 39 855 661
38369 0 51 30 30 1321 1125
40705 0 51 26277 26277 40789 40587
20387 0 51 18 18 496 303
40810 0 51 26894 26894 40899 40696
27837 0 51 5 5 401 209
5886 0 51 34 34 2341 2143
20051 1 20050 3 2 4 2
20861 1 5558 3 2 4 2
26868 0 6233 5 5 83 74
26868 1 5872 4 2 5 2
37434 0 917 11 11 229 226
25228 0 917 398 397 51 49
20402 0 16155 4346 4346 12985 12984
30004 0 2482 4 4 389 379
18986 0 2482 4 4 362 353
39024 0 29467 18048 18047 12046 12044
38724 0 29467 2131 2131 2934 2933
36561 5 129 3 3 224 180
1583 0 129 90 90 5119 5110
406 1 1287 6 4 14 5
23997 1 406 3 2 3 3
18173 1 1287 4 2 15 5
40882 0 1287 7415 7415 40581 40541
332 0 1287 62 62 1420 1382
18612 4 33576 22 3 1 1
18612 4 19325 27 6 6 6
12266 4 18612 41 34 3 3
5940 0 532 1 1 76 2
1521 0 532 3 3 367 289
40279 0 532 2 2 179 102
30426 0 532 1 1 81 6
15231 0 532 1 1 74 1
40771 0 10613 1489 1489 36759 36748
29184 1 22723 4 2 3 2
29184 1 30903 3 2 2 2
6386 0 26454 3613 3613 28751 28747
3277 1 37105 3 3 3 2
31630 0 33081 9809 9809 39870 39869
33081 0 3606 2308 2308 4835 4822
1354 1 1353 3 2 7 2
4940 6 40772 40703 40701 24804 24804
4385 0 4940 162 162 3225 3215
29446 0 4940 1314 1314 35508 35497
24366 1 7539 2 2 2 2
9683 6 40773 40243 40242 374 374
40773 0 2732 6750 6750 40434 40431
33864 0 13576 19 19 396 391
28351 1 685 2 2 3 3
35900 3 685 4 4 15 12
8053 1 32295 5 2 2 2
35212 0 8053 6 6 64 62
8643 0 1819 3 2 15 9
7117 1 8643 6 4 6 4
24594 5 1819 19 19 9880 9840
3210 5 1819 1 1 35 1
27467 0 31416 2050 2050 34265 34263
464 1 3675 3 3 9 3
3675 1 12232 8 3 3 2
3675 1 19310 9 3 4 3
4006 1 7203 5 2 4 3
1307 1 11050 3 2 11 2
10097 6 15251 1932 1932 458 458
21168 1 10097 4 3 5 3
23083 0 26718 19835 19835 32810 32810
21673 0 26120 5657 5657 11133 11132
26120 0 6426 3 3 47 39
24650 0 27939 13530 13530 31787 31783
38457 1 9568 3 3 3 2
27178 0 2497 29 29 3379 3281
31174 0 2497 3 3 1525 1428
19058 0 2497 15 15 1062 968
23035 0 2497 7 7 1098 1003
5147 0 2497 3528 3528 20677 20577
5305 1 1 7 4 3 2
29442 1 5305 4 2 7 4
12784 4 1630 217 212 6 6
12784 4 5463 344 338 6 6
25315 1 20655 6 3 4 3
8198 0 20655 83 83 399 395
20655 1 5129 4 3 8 4
931 0 2275 3413 3413 13613 13579
11433 0 2275 100 100 8931 8898
14758 0 9787 11 11 1206 1187
36898 0 1686 13 13 217 210
40774 0 16369 8725 8725 38683 38678
17226 1 10110 2 2 3 2
27870 2 2023 6 6 637 585
18478 2 2023 19 19 1817 1763
11490 2 2023 17 17 1697 1644
20278 2 2023 1 1 168 117
16554 1 29212 4 2 3 2
29212 0 34093 9450 9450 5437 5437
36825 0 20796 2 2 8 3
5335 5 9988 38 38 809 807
29725 5 9988 70 70 5157 5154
1864 4 39744 384 303 161 161
1864 4 12986 200 122 6 6
1864 4 9221 298 218 30 30
1864 0 1703 1 1 36 4
12378 1 3604 3 2 6 2
9895 1 13428 6 2 2 2
15667 1 15666 2 2 4 2
2507 3 4435 2447 2446 2643 2643
6789 9 2507 4 4 5 4
16918 1 2507 7 3 10 4
20071 4 20803 54 49 3 3
20849 1 14778 4 2 2 2
13053 1 24622 2 2 6 2
40284 1 24622 2 2 5 2
19366 0 20234 2220 2220 6701 6699
26315 0 19366 2 2 10 3
35882 2 2524 627 626 1718 1674
33234 2 2524 3 2 49 8
40939 2 2524 17 17 40559 40514
8199 0 15331 1072 1072 3707 3705
19502 1 12706 3 2 3 3
11732 1 7659 3 2 5 2
29649 0 11732 15520 15520 24372 24364
7659 1 7279 7 2 5 2
12815 4 27688 158 137 6 6
12815 4 20570 269 247 6 6
26871 0 2084 14 14 4 4
4955 6 15531 2 1 5 2
8178 1 11153 2 2 2 2
2181 6 20785 3481 3463 234 234
2181 6 11583 760 743 385 385
23792 0 30977 7 7 114 109
4102 4 38587 469 458 291 291
40775 0 35896 4727 4727 36499 36498
6696 1 21296 4 2 4 2
21295 1 6696 2 2 4 2
8023 1 21296 4 3 3 2
3303 0 10707 1805 1805 7190 7164
17408 0 4099 758 758 12132 12131
23226 0 34449 10905 10905 29432 29431
4136 1 4135 4 2 2 2
39465 0 16668 5444 5444 26225 26221
16257 0 23562 3374 3374 1507 1502
4227 6 32367 6427 6424 164 164
40607 0 4227 15331 15331 39558 39555
16679 1 16678 2 2 2 2
1122 9 23212 4 3 2 2
23212 0 2918 3 3 431 355
7532 1 7531 6 2 4 3
29273 1 14570 2 2 7 4
5949 0 3779 2 2 349 297
8913 0 3779 2062 2062 7843 7788
23795 2 2580 1 1 54 17
9939 2 2580 2 2 174 133
20115 2 2580 1 1 79 40
36622 2 2580 2 2 111 71
15250 5 2644 1 1 20 4
4951 1 5069 4 3 8 5
7948 1 8993 4 2 2 2
3755 1 18943 4 2 4 3
18943 1 30961 3 2 3 2
17857 1 11523 4 3 4 2
6924 4 37669 135 120 28 28
6924 4 25551 77 63 5 5
30696 4 40310 95 95 53 53
5259 0 9217 26 26 368 360
28032 0 5259 1024 1024 7843 7835
20159 4 23395 15 14 9 9
17347 4 20159 768 764 11 11
3882 4 10151 52 52 36 36
8811 0 2340 423 423 11330 11328
32387 0 8811 15980 15980 32442 32439
35192 0 2340 1120 1120 39785 39782
19066 6 13595 22751 22745 11224 11224
2887 0 2938 3458 3458 23019 23016
2887 1 7436 4 2 5 3
15497 1 2938 2 2 3 2
25015 4 28828 794 794 1537 1537
21810 4 25015 43 34 4 4
3850 0 160 32 32 1592 1552
15553 0 160 42 42 1251 1213
17933 0 160 384 384 2653 2611
30234 0 2731 2 2 44 17
46 0 14274 68 68 821 815
14834 1 16497 6 3 5 2
14834 1 8390 3 2 6 2
14834 1 5110 4 2 11 3
40922 0 14834 27708 27708 40819 40814
11673 1 5110 3 2 9 3
29358 0 2687 1 1 33 1
8288 0 2687 1 1 35 1
33791 0 2687 1 1 41 5
33543 0 40596 40521 40520 1557 1557
172 4 7119 2800 2799 256 256
35331 5 172 2 2 547 202
28580 5 172 3 3 859 510
18603 5 172 42 42 16068 15709
36972 5 172 1 1 368 26
78 5 172 1 1 359 18
33614 5 172 8 8 778 431
35822 5 172 4 4 1078 728
39121 5 172 4 4 2701 2348
22074 5 172 247 247 12141 11784
20314 5 172 4 4 1848 1496
1118 5 172 3 3 3121 2767
21326 1 23555 6 2 4 2
2173 6 38083 14 4 2 1
2173 6 18659 696 684 47 47
33947 4 39713 261 261 147 147
18377 3 4166 6 5 5 2
34858 0 18783 8022 8022 37814 37813
3968 1 5813 3 2 7 2
11261 1 5813 2 2 2 2
5813 1 31835 10 3 18 17
36714 0 38851 22940 22939 627 627
30857 0 30511 670 670 4708 4707
1365 1 15439 3 2 5 3
39987 0 81 2 2 82 35
36104 0 81 1 1 52 6
5785 0 26217 183 183 232 228
19380 0 26217 1 1 5 2
6787 1 26217 6 3 3 2
16634 0 9747 514 514 2841 2825
36078 1 7833 2 2 2 2
32975 0 9558 13023 13023 9971 9971
32975 1 32002 2 2 2 2
22353 1 15922 3 2 2 2
1604 1 6991 5 3 5 3
2547 1 14925 2 2 4 2
14212 0 14737 7 7 121 109
4130 0 3621 1 1 15 8
24323 0 3621 463 463 2016 2008
3621 0 9758 20 20 533 514
10319 4 33522 19 3 1 1
27683 1 39142 2 2 2 2
16503 1 110 2 2 3 2
40776 0 5310 20717 20717 40557 40547
25496 0 5310 5 4 102 93
1913 6 25274 112 107 10 9
33711 5 19257 2 1 6 1
32197 1 22383 3 3 4 4
23062 1 12031 2 2 3 2
26578 0 239 8134 8134 22507 22248
19936 0 239 34802 34802 35706 35442
40929 0 239 40483 40483 40890 40623
24226 0 239 33720 33720 31610 31349
20767 0 239 11236 11236 17802 17546
19429 0 239 7318 7318 20669 20412
32842 0 239 23755 23755 26171 25911
34670 0 239 7478 7478 22328 22070
23758 0 239 1 1 274 29
13023 0 239 6 6 1180 933
16182 0 239 2467 2467 9727 9473
17401 0 239 33 33 6060 5807
34239 0 239 26 26 4603 4352
2069 1 15760 13 3 4 3
22182 1 3014 3 2 3 2
31096 1 15639 4 2 7 3
15639 1 29383 6 3 3 2
15639 1 207 8 3 4 2
13398 0 71 62 62 521 458
2736 4 13398 147 99 2 2
13398 4 7720 25 18 53 53
20939 0 2215 8 8 82 77
7946 1 1765 3 2 3 2
1947 0 1249 7 7 931 886
22728 1 16506 2 2 4 2
34810 9 22728 2 2 2 2
3254 0 2886 3679 3679 8355 8347
18890 4 37812 293 290 11 11
18890 4 28071 178 176 9 9
24803 4 28831 19 18 4 4
12939 1 23279 4 2 2 2
13702 1 12070 6 2 5 4
27600 0 7589 241 241 27728 27719
24117 1 1225 3 3 3 3
1110 0 20337 6 6 73 68
40926 0 20337 23994 23994 40817 40810
354 4 36395 10 7 1 1
24159 0 12803 4552 4552 21165 21165
26948 2 3620 12 12 870 845
37272 0 7800 200 200 1451 1440
23037 4 3762 295 293 9 9
33783 2 1326 17 17 2106 1969
22501 2 1326 2 2 248 115
31495 2 1326 2 2 290 156
19086 2 1326 2 2 466 331
38740 2 1326 4 4 719 583
38719 2 1326 172 172 19041 18903
36238 0 1326 143 143 1374 1360
18160 0 1200 7686 7686 1351 1351
23552 1 10327 4 2 4 2
40037 0 19153 650 650 8011 8009
33552 0 40037 30860 30859 37021 37021
7751 0 3712 559 559 37504 37495
7196 0 3712 170 170 9569 9562
28826 1 3712 6 4 12 4
26351 6 25426 10446 10446 17584 17584
17946 0 26351 176 176 21154 21149
10124 0 25426 10 10 24 20
6974 6 17672 77 76 7 7
19506 1 15393 3 2 3 2
32325 0 17590 68 68 6493 6485
40778 2 26169 6646 6646 40486 40486
36197 4 29170 281 281 150 150
1264 1 22448 7 4 3 2
40779 2 1646 2502 2502 40567 40525
40782 2 1646 4782 4782 40743 40700
40780 0 379 12379 12379 40700 40683
40828 0 379 22245 22245 40806 40788
14490 1 12757 3 3 3 2
34243 0 1244 3 3 399 111
12545 0 1244 6 6 300 20
28964 0 1244 14 14 1404 1114
4871 0 1244 1 1 277 1
17807 0 1244 31 31 1767 1476
14487 0 1244 1 1 279 1
40781 0 4921 10654 10654 39968 39965
9372 1 1508 3 2 4 3
2261 4 19476 34 19 2 2
2261 4 18565 46 30 2 2
5771 4 39949 27 19 1 1
13951 1 3521 6 2 6 2
18299 1 274 3 2 9 3
15954 1 34113 5 2 2 2
17141 0 21055 2 2 6 3
13878 1 26428 5 2 4 3
35918 0 391 3 3 127 124
39002 1 39001 2 2 2 2
4532 1 26446 2 2 2 2
11891 5 16320 41 41 16536 16523
13955 1 11289 5 3 7 4
1592 1 17240 7 2 2 2
15523 0 2604 192 192 1587 1551
36776 0 2604 1573 1573 29149 29109
40872 0 2604 6627 6627 40561 40518
6989 0 2604 159 159 482 447
38136 0 2604 809 809 5009 4971
31426 1 2604 4 3 11 3
12623 1 6107 2 2 5 2
22297 1 8322 4 2 3 2
21592 1 22297 3 2 4 2
4547 1 21674 12 4 6 3
32040 1 4547 3 2 6 2
7982 1 20572 3 3 5 2
7983 3 7982 2 2 2 2
31376 2 743 1 1 104 1
32748 2 743 2 2 1258 1149
36118 2 743 5 5 780 672
743 6 9450 10 9 12 12
39780 0 2807 8492 8492 20362 20357
4722 0 2807 52 52 3651 3648
35415 0 2807 38136 38136 35601 35595
15011 0 1542 222 222 1624 1604
10421 1 10420 6 3 3 2
26009 0 265 17 17 533 274
9536 0 265 7 7 474 216
15205 0 265 1 1 252 2
36270 0 265 20 20 1726 1464
39375 0 265 16 16 844 584
12974 0 265 2 2 315 59
25076 0 265 4 4 350 93
19351 0 265 2 2 269 17
11480 2 1534 5 4 14 7
40783 0 4407 16018 16018 40338 40338
4407 1 39995 7 2 2 2
8464 1 8424 6 2 4 2
23763 1 3300 2 2 10 4
24479 1 23586 6 3 4 3
28656 0 21 3 3 68 1
38617 0 21 1 1 67 1
39259 0 21 14 14 2396 2327
6493 0 3567 58 58 42 40
21912 0 22347 27 27 53 52
24178 1 9908 5 2 2 2
22121 0 351 1 1 129 4
25316 1 746 5 3 3 2
3063 1 4791 7 3 4 2
11495 0 4791 31 31 2048 2034
36889 0 883 3 3 220 8
22017 0 883 10 10 601 381
39078 0 883 4 4 230 17
7495 0 883 3 3 264 48
7498 0 883 56 56 344 126
36527 0 883 5 5 248 33
31583 0 883 4 4 723 502
40784 0 14144 6397 6397 40637 40619
3408 6 8243 56 1 2 1
3408 6 8940 1446 1370 317 317
3408 8 38801 36800 36734 37 37
3408 8 28506 81 16 8 7
10233 4 38705 145 131 5 5
36048 6 18704 2645 2645 9442 9442
1046 7 36048 155 41 1 1
1962 1 1961 5 2 7 4
11585 3 21329 10 7 14 13
32391 1 11972 2 2 2 2
31739 4 18679 694 692 88 88
26785 1 7703 2 2 7 2
20520 1 6788 4 2 3 2
11565 1 37185 8 2 3 3
11565 1 12441 10 2 2 2
29689 1 11565 2 2 10 2
19922 0 8858 2326 2326 27802 27790
15795 6 39521 121 121 2575 2575
840 8 19493 20 8 6 4
840 8 36647 33 20 4 4
840 6 30428 37795 37782 765 765
26662 0 7523 4449 4449 19558 19555
26756 0 9311 17 17 181 170
12636 1 24788 7 3 2 2
20784 1 387 7138 7137 1858 1858
387 1 20784 1288 1288 4958 4957
12153 3 19756 5 4 2 2
13239 0 284 1 1 229 10
34758 0 284 1 1 226 8
35142 0 284 7 7 1493 1269
33324 0 284 1 1 214 1
24884 0 284 8 8 479 256
39131 0 284 20 20 2564 2338
26984 1 38840 4 2 2 2
9435 1 13227 5 2 8 3
5449 0 9435 104 104 140 139
31592 1 13227 2 2 12 4
23798 1 23297 3357 3354 6344 6343
21935 1 23297 2 2 2 2
4425 0 9880 6 6 24 15
17011 3 17169 9 7 14 10
7442 1 23836 5 3 4 2
7442 0 12505 74 74 1860 1852
23836 1 3274 3 2 4 2
17432 1 30826 3 3 2 2
11988 4 31236 1050 1049 79 79
31236 4 34496 5 4 1 1
1444 0 9048 18 18 730 715
5768 0 1444 6974 6974 12698 12662
39440 0 1444 412 412 5027 4992
20898 0 9048 51 51 14157 14138
2408 0 9048 36 36 2134 2118
33742 0 9048 18099 18099 25361 25340
38351 0 9048 1201 1201 15978 15958
6375 1 8324 3 2 2 2
37317 0 6230 4567 4567 16489 16488
10713 4 2207 13956 13950 109 109
40786 0 1672 31336 31336 40859 40823
40892 0 1672 17148 17148 40591 40556
28472 5 10737 21 21 1371 1368
10737 6 27038 48 44 2 2
21537 0 1027 1 1 154 3
35194 0 1027 2 2 418 265
39579 4 25695 271 271 14 14
12699 0 2137 12 12 73 61
27906 0 19986 11484 11484 38037 38034
19986 1 16852 7 5 4 2
30297 1 3771 3 2 5 3
39950 0 2362 3 3 30 28
16469 0 178 17 16 1576 1564
34721 0 178 13 12 1609 1596
9225 0 178 64 64 1173 1162
31063 0 2110 3 3 283 93
38241 0 2110 42 42 1499 1306
31237 0 2110 4 4 282 93
5590 0 2110 4 4 251 63
7272 1 33016 2 2 4 2
17837 0 7272 4 4 5 4
36109 1 33016 2 2 3 2
33016 1 33015 4 2 2 2
39272 0 12035 1 1 20 11
11022 6 27914 192 185 17 17
40787 0 5243 1012 1012 34799 34794
3741 1 18271 3 3 2 2
40788 2 593 999 999 40712 40685
27944 2 593 65 64 767 742
9102 2 593 19 17 45 21
40548 0 16045 1585 1584 1032 1031
758 1 10360 4 2 7 2
10360 1 10359 7 2 2 2
3223 0 3161 2 2 146 110
5881 1 18355 5 4 2 2
38969 0 16196 5 5 26 26
29347 0 1461 33836 33836 37327 37314
1650 1 16394 28508 28500 10363 10363
1650 1 16302 7 2 2 2
40174 1 1650 3479 3479 10229 10222
9952 1 37466 11 3 2 2
2245 0 2918 792 792 4023 3946
2245 1 2244 6 4 5 2
14233 0 2918 2308 2308 9875 9797
1079 0 2918 3943 3943 10449 10370
32727 1 24872 3 2 3 2
39701 0 5987 34065 34065 7321 7321
15176 1 18854 8 2 5 3
18854 0 7016 156 156 1428 1426
24327 0 3027 17842 17842 31706 31652
14366 0 24327 25675 25675 40816 40816
23190 1 13002 4 3 7 3
5729 1 20226 2 2 3 2
20226 0 13887 8 8 38 33
8274 1 8999 3 2 7 4
18181 1 8274 5 3 4 2
9428 1 8999 3 2 9 4
8511 1 31347 2 2 2 2
21811 0 278 1 1 173 1
33666 0 278 1 1 178 2
21874 0 278 1 1 172 1
29143 0 278 5 5 362 181
18106 0 278 1 1 171 1
39291 0 278 1 1 176 2
37756 0 278 1 1 179 2
511 0 15897 399 399 106 103
15736 0 1677 14684 14684 19013 18956
829 0 1677 50 50 2355 2300
27621 0 1677 37036 37036 33420 33361
29445 1 1550 4 3 7 4
18936 4 39578 59 58 23 23
34932 2 14540 6 5 20 16
647 1 6311 8 2 2 2
33210 6 17250 4520 4520 24290 24289
9637 5 1981 2 2 110 58
21619 5 1981 4 4 1473 1419
11643 3 3908 28299 28298 14020 14020
30998 1 7774 2 2 3 2
30998 1 2447 3 2 3 2
16669 2 916 2 1 178 39
8577 2 916 2 1 199 58
18018 2 916 2 1 326 181
35944 2 916 3 2 451 305
9258 2 916 2 1 218 76
34189 2 916 2 1 271 127
21737 0 2589 27 27 1714 1697
40303 0 2589 183 183 27025 27007
3167 1 6502 6 3 6 4
17014 2 3167 2 1 27 6
7204 1 3167 6 4 11 6
32383 0 427 4 4 241 170
13521 0 427 1 1 74 5
11437 0 427 4 4 128 58
16023 0 4958 10 10 20 18
5777 4 4318 13 2 2 1
5144 4 4318 24 21 7 5
4318 6 27523 4552 4548 200 200
19086 6 12484 4 1 3 1
12201 4 22304 19 14 1 1
10786 1 14577 5 3 7 5
20175 0 7143 4 4 19 13
1205 1 23424 4 2 3 2
35226 0 37189 91 89 220 218
19169 1 25362 3 2 3 2
14940 1 12227 3 2 5 3
12227 1 13800 5 3 3 2
2813 0 3170 10461 10461 19399 19399
3170 1 3169 7 4 2 2
35238 1 8601 2 2 4 2
36661 1 39486 3 2 2 2
17745 5 774 22 22 3391 3252
17745 2 1137 26 26 10210 10103
37417 5 774 1 1 133 2
29963 5 774 1 1 138 3
40735 5 774 18041 18041 40892 40752
23613 4 28865 389 385 6 6
24660 4 23613 171 168 2 2
6782 5 5167 1771 1771 39514 39494
34227 5 5167 374 374 14119 14100
5167 6 27267 319 318 9 9
40789 0 25921 24760 24760 40757 40757
18492 6 36549 5 4 3 3
864 1 14562 7 3 4 3
32699 0 14562 316 316 9422 9412
4521 1 25708 5 3 3 2
10559 1 10558 2 2 2 2
3083 0 26431 5172 5172 14773 14768
5974 0 9758 578 578 5160 5139
4522 0 9758 4 4 164 147
12683 0 9758 211 211 5505 5483
19 0 29519 82 82 28 26
38094 4 40790 40154 40154 1225 1225
36200 0 5055 10467 10466 15515 15515
204 1 3048 7 2 2 2
32488 1 204 5 4 7 2
40791 0 11084 1480 1480 40500 40482
33754 1 5275 2 2 3 2
32 4 32392 469 452 123 123
32 4 24489 110 94 5 5
12319 4 14836 57 52 6 6
27811 2 10916 8 7 35 30
30475 0 10916 37215 37215 39386 39386
15792 0 3763 2 2 146 141
8019 1 30805 8 4 3 2
2949 1 8019 5 2 6 3
30805 1 16646 9 7 9 5
35060 0 5892 9 9 112 104
11125 4 10606 1 1 1 1
25276 1 3926 3 2 7 2
13830 1 6490 14793 14787 11990 11990
13830 1 7308 7 2 3 2
6490 1 13830 11309 11309 13814 13808
1366 0 29 34 33 151 144
29 1 11186 4 2 3 2
6226 1 29 2 2 4 2
19987 4 11397 87 85 25 25
4506 1 9454 5 2 4 2
6037 0 39187 443 443 478 476
39187 0 11100 120 120 12852 12835
2381 2 12273 1 1 50 1
7324 2 12273 1 1 48 1
6513 0 650 593 593 1448 1407
37308 0 650 19 19 2601 2559
40792 0 9525 2615 2615 40552 40548
30839 1 10851 2 2 3 2
21181 5 232 35 34 371 362
11205 5 232 30 30 8958 8948
24984 0 232 5007 5007 25925 25919
38752 0 728 4978 4978 25975 25968
8716 6 31315 33 33 14 14
24013 1 23715 4 2 7 4
36734 5 985 4 4 221 156
7458 5 985 9 9 459 393
12641 0 39 3 3 232 28
7396 0 39 1 1 209 9
21862 0 39 3 3 219 17
21561 0 39 1 1 196 1
13466 0 39 1 1 199 3
17532 0 39 60 60 722 510
18621 0 39 1 1 246 40
1398 0 19101 20667 20667 32422 32420
13758 1 29291 2 2 3 2
4555 0 1115 2072 2072 7705 7696
39750 6 18050 277 277 5475 5474
11789 1 24319 3 3 3 2
24319 1 11789 3 2 3 3
7072 1 9237 9 3 3 2
13503 1 7072 3 2 9 3
25660 5 4520 1 1 9 5
38151 0 7155 1755 1755 6656 6651
4453 6 7580 1364 1358 8 8
7580 0 34614 75 75 2149 2148
26183 0 11186 151 151 7913 7910
35764 0 14617 2 2 114 113
4608 0 3699 9 9 685 666
40827 0 3699 12862 12862 40645 40624
8852 0 7403 8222 8222 18070 18065
8176 1 8852 4 2 3 2
193 6 27058 54 2 1 1
193 6 11869 55 2 1 1
193 6 18878 355 301 43 43
19842 4 22836 229 224 7 7
21930 1 21045 2 2 4 2
21930 0 12252 29 29 448 442
5745 1 14074 3 2 3 2
26613 1 9037 3 2 4 2
9037 0 3099 1273 1273 6423 6422
7396 4 28775 338 323 2 2
24578 3 23111 11 8 4 4
21061 1 25626 2 2 2 2
24011 0 12474 39865 39865 32949 32947
13829 1 16710 3 2 3 3
4185 1 13829 3 2 6 4
13829 3 25284 6 4 4 2
12211 0 6042 535 535 16582 16571
13978 1 2276 2 2 5 2
39294 4 26572 13377 13377 9477 9477
33294 0 3229 2 2 10 1
8108 0 3229 1042 1042 11935 11925
3229 1 22044 6 3 4 2
6633 7 40129 10018 10007 7 7
6633 7 12050 22933 22921 11 11
16200 0 1852 1122 1122 7850 7801
16201 1 16200 5 2 5 3
19710 6 10760 2 1 7 2
32734 1 3419 2 2 4 2
4779 1 14955 3 2 3 2
3716 1 1998 2 2 8 4
40577 0 3716 14218 14218 40753 40739
31620 0 3716 107 107 1090 1078
28941 0 3716 23177 23177 37899 37886
17519 0 3716 47 47 317 306
9620 0 3716 5 5 29 19
2915 1 12159 19 5 9 5
522 1 21041 5 3 4 2
522 1 13953 6 3 9 3
522 0 16646 5774 5774 40267 40267
32701 0 522 14 14 118 106
31153 0 36722 29899 29899 39385 39383
36722 0 1474 2395 2395 39363 39348
7592 1 9560 5 2 2 2
2035 1 8589 6 2 6 3
25494 1 8589 2 2 4 2
4666 1 4665 5 2 2 2
4665 0 6717 14 14 38 36
6144 1 19664 2 2 4 2
28456 2 1773 3 3 250 211
28456 6 22320 759 757 75 75
5443 2 1773 1 1 75 37
18213 1 18982 4 3 3 2
18716 0 37537 399 399 4768 4766
6882 9 10563 2 2 2 2
40794 0 32275 27197 27197 40598 40597
19296 1 6611 4 3 3 2
16065 0 36140 12 12 79 76
40829 0 16065 33953 33953 37348 37347
32071 1 23898 3 2 3 2
37285 0 184 2 2 678 378
39009 0 184 15 15 7776 7473
3395 0 184 1 1 286 3
32164 0 184 1 1 298 6
34310 0 184 2 2 309 15
39279 0 184 2 2 305 12
11281 0 184 1 1 297 6
30773 0 184 6 6 469 170
15734 0 184 1 1 296 6
5209 0 184 22 22 3384 3083
16507 0 184 2 2 411 114
40030 0 184 4 4 423 125
1190 6 31657 25 13 1 1
1190 6 39319 34 21 4 4
17492 1 20700 3 2 2 2
16074 0 18268 1 1 6 1
21289 0 18268 11 11 21 15
14746 1 23603 14634 14633 21292 21290
7078 6 36019 1595 1595 5256 5256
7486 0 7078 26 26 25 17
4225 1 13633 8 3 6 3
4225 1 11780 6 2 4 2
754 1 2375 5 2 3 2
1823 7 36030 23 22 45 44
6054 0 4123 136 136 4430 4395
6054 3 1296 6004 6002 20096 20095
3215 0 7911 5 5 10 7
6678 1 7911 3 2 2 2
16802 1 8850 7 3 6 4
1076 1 1075 10 2 3 2
1076 1 27277 8 2 3 3
18470 1 18469 3 3 2 2
7673 1 10866 4 2 5 5
7673 1 8629 3 2 3 2
8644 1 14101 4 2 2 2
493 0 1629 15 15 310 298
2736 4 26470 64 18 3 3
2736 4 34726 51 6 1 1
2736 4 35146 181 132 9 9
2736 4 33515 49 5 1 1
35179 0 19119 10 10 227 226
13379 4 19119 138 135 13 13
28508 2 3843 5 3 30 2
40099 2 3843 345 344 2439 2410
9537 1 3843 2 2 6 2
25746 0 11870 22338 22338 23769 23768
26637 6 24424 275 275 78 78
15305 5 2978 1 1 102 35
10135 5 2978 2 2 245 177
14631 0 3275 102 102 155 149
1043 1 14631 5 2 9 3
39736 1 21554 2 2 3 2
39736 0 4427 6 6 264 242
8260 0 7895 8 8 37 33
16624 0 8260 6070 6070 33011 33009
36792 1 37816 2 2 2 2
40796 2 3317 177 177 40398 40365
11856 1 2643 2 2 6 4
8104 1 4274 5 2 2 2
8104 1 12438 6 2 2 2
9749 1 13574 4 2 3 2
40797 0 19420 10305 10305 40443 40441
24056 0 9777 5616 5616 31466 31465
12866 6 7036 788 788 2457 2457
19409 4 36350 1544 1544 11 11
28857 0 706 15 15 59 46
19163 0 18538 293 293 8601 8598
16614 1 25570 5 2 2 2
16614 1 8351 4 2 2 2
24052 1 24051 2 2 2 2
29706 4 499 6 6 25 25
34810 0 17502 21518 21518 8563 8563
40798 0 38876 37536 37536 38731 38731
26283 6 40443 1408 1408 2010 2010
32794 0 18895 3 3 17 9
3034 2 1137 1 1 105 5
19442 2 1137 1 1 106 5
26122 4 31544 79 73 18 18
17880 1 20417 3 2 2 2
3499 1 20417 3 2 3 2
20434 0 21190 859 859 531 530
13327 6 22210 5 5 251 251
40799 0 5636 40100 40100 35983 35983
14768 6 24252 2 1 3 1
9578 0 473 15207 15207 17480 17477
20196 1 21248 3 2 4 3
21248 9 11908 5 4 2 2
6765 1 27335 4 2 3 2
37410 0 27335 15985 15985 28880 28879
12725 1 21889 3 3 2 2
19754 0 4059 30 30 50 47
9461 4 12081 2 1 2 1
8574 0 5381 2 2 30 20
8574 1 8573 4 2 3 2
29585 1 8574 3 2 4 2
13699 0 5381 29099 29099 35360 35348
36608 0 123 6148 6148 8505 8497
24094 0 123 3650 3650 13898 13889
516 0 292 1 1 233 1
31393 0 292 30 30 1498 1249
14242 0 292 100 100 3845 3593
33413 0 292 5 5 883 637
15177 0 292 1 1 236 1
39499 0 292 1 1 244 5
13524 0 292 10 10 979 732
31996 0 292 21 21 2015 1764
26845 0 292 1 1 235 1
14814 0 292 1 1 245 5
13283 1 2720 4 2 3 2
2720 1 5598 4 2 6 2
34387 1 26855 2 2 2 2
26856 1 26855 2 2 3 2
37173 4 10091 2186 2186 19958 19958
19951 0 20010 4775 4774 9431 9424
40800 0 28344 16525 16525 39381 39380
24652 0 26678 4755 4755 11030 11026
27632 0 31556 3 3 455 453
8336 6 2824 564 564 101 101
14255 1 19144 3 2 4 2
20014 0 14262 177 177 13334 13329
40801 0 16573 23240 23240 39334 39330
2360 1 4933 4 3 7 3
40802 0 39415 33618 33618 40845 40845
30541 0 22903 1488 1488 688 687
20618 1 9942 5 3 8 5
38150 0 712 38 38 4678 4673
25109 0 7757 656 656 466 464
40803 0 5646 15575 15575 40319 40315
1003 1 5646 4 2 8 4
35081 1 28378 2 2 2 2
11590 1 29649 3 2 2 2
39026 0 29817 297 297 13323 13321
13903 6 32368 656 652 19 19
30745 1 37402 3 2 2 2
10159 1 38458 5 2 2 2
27696 1 6690 2 2 9 2
28744 1 6690 2 2 10 2
20852 1 6690 4 4 11 2
40885 0 6690 10732 10732 39967 39959
16732 0 10532 136 136 2266 2262
6916 0 19429 19971 19971 21382 21382
10276 1 9887 7 3 6 3
4800 1 9900 4 2 4 2
19570 1 4800 3 2 3 2
17182 1 2190 2 2 2 2
4461 0 19310 8170 8170 17573 17565
1046 7 18091 5431 5312 3 3
1046 7 18788 1192 1076 1 1
1046 7 39181 4496 4378 1 1
37226 0 11964 257 257 6651 6649
11632 9 24469 9 8 4 4
40699 0 12729 22666 22666 40819 40804
14428 0 772 64 64 288 279
19055 0 772 2003 2003 26414 26404
40710 0 31312 215 215 40040 40038
11686 1 5336 9 3 7 3
30852 1 3198 2 2 4 2
29243 0 26808 26094 26094 36181 36181
21449 0 12858 2 2 10 6
12857 1 21449 5 2 3 2
3233 1 4145 4 2 4 2
19055 1 19054 2 2 2 2
8310 6 12531 10 1 3 1
7557 1 7633 4 2 3 2
17844 0 7120 6329 6329 18347 18344
1269 1 11040 3 2 8 4
11040 1 14848 4 2 4 2
26676 0 8201 3447 3447 30707 30694
28241 1 7436 2 2 3 2
18458 9 31641 7 7 4 3
31641 3 37842 5 4 3 3
25873 0 2795 29354 29354 23109 23108
17430 1 14006 3 2 4 2
13991 0 6823 2 2 44 38
19570 1 23428 4 2 4 2
8288 4 37118 53 51 10 10
40805 0 33924 6992 6992 40577 40576
25230 0 6253 1004 1004 3733 3728
15292 3 10198 8 8 6 4
39489 0 11666 34707 34707 26811 26793
39489 1 15557 2 2 4 2
37831 2 11666 39494 39494 15082 15082
15516 1 12820 4 2 5 3
34071 1 12820 5 3 4 3
4175 4 8602 7 1 1 1
24042 1 5537 2 2 2 2
19211 0 4744 92 92 268 265
31371 0 7474 3818 3818 39954 39946
27812 0 7474 10462 10462 26201 26194
28947 4 15200 86 86 7 7
18660 6 21000 40166 40166 38468 38468
15472 0 25385 20310 20310 30287 30284
12507 0 13404 450 450 3518 3513
26342 1 17895 4 2 5 3
2152 1 8496 2 2 5 2
39760 0 574 16 16 253 210
40877 0 574 9008 9008 40722 40676
35412 5 11510 12 12 409 390
2085 6 10383 7 1 1 1
14202 1 14201 4 4 7 3
1043 1 20085 4 2 3 2
40806 0 6850 17207 17207 40407 40382
40503 0 9914 9907 9907 10334 10332
14770 1 14307 3 2 4 2
32716 1 17183 2 2 3 2
35390 1 3256 2 2 3 2
4482 4 9719 4449 4445 183 183
20428 0 3527 4076 4076 23043 23026
3527 6 20663 3829 3829 199 199
30409 2 35441 166 166 164 164
11083 1 5302 2 2 2 2
23196 1 10129 2 2 4 2
1066 1 29752 5 3 2 2
40807 0 3538 5527 5527 40474 40461
22793 0 3538 1 1 23 11
6768 6 24640 45 42 64 62
6768 6 10205 5486 5482 1233 1233
2869 1 15125 4 2 4 2
29302 0 15125 2658 2658 9980 9978
9588 0 1406 11 11 499 489
18159 0 17493 270 270 500 494
21497 1 33875 7 5 2 2
20938 1 22485 3 2 4 3
13056 6 39139 762 760 220 220
23942 0 26928 3 3 863 861
28004 0 6478 4278 4278 3146 3144
4747 0 22951 2 2 7 3
20860 5 2566 586 586 27455 27438
7590 5 2566 20 20 2053 2037
20768 0 17402 212 212 394 392
35193 1 20768 2 2 2 2
8572 0 5856 428 428 4096 4070
17370 0 5856 208 208 4645 4618
31972 0 5856 9 9 930 905
17380 1 15779 3 2 3 2
27964 0 16186 1036 1036 14233 14227
15981 0 1328 23 23 60 47
26071 1 9303 3 2 7 4
9303 9 21981 6 6 3 3
38768 0 29318 29 29 11273 11269
36229 0 18254 85 85 3930 3913
1019 4 596 50 27 1 1
1019 4 8780 28 6 1 1
23239 1 15927 6 3 3 2
30477 1 23239 3 2 5 3
21996 6 20017 658 656 1084 1084
21996 6 11995 1674 1671 783 783
25766 0 22616 369 369 4268 4265
9455 0 23399 136 136 1441 1435
23000 6 39446 1340 1340 2484 2484
122 1 7516 10 4 9 4
11412 1 19152 3 2 2 2
8803 1 27429 2 2 2 2
15261 0 14295 1998 1998 9227 9226
25268 4 21905 42 40 4 4
15504 1 8591 7 3 5 2
8591 1 16989 3 2 3 3
15601 10 15600 3 3 2 2
31927 1 15601 2 2 3 2
34363 5 8522 16600 16600 31605 31605
33641 0 19894 15190 15190 2119 2118
33826 1 19127 2 2 2 2
39523 0 2723 41 41 11902 11865
39523 1 21345 2 2 4 3
7540 0 2723 110 110 9032 8996
4541 0 2723 115 115 13201 13163
28671 0 7444 344 343 2236 2233
40808 0 40809 40556 40556 33136 33136
26933 0 1475 3827 3827 18533 18513
35848 0 18654 98 98 17381 17376
19162 0 18654 28 28 1417 1413
29185 6 40731 40544 40543 19289 19289
3467 1 3466 3 2 3 2
15345 5 4450 6005 6005 27007 27001
7117 1 7049 4 3 4 2
32624 6 26608 1588 1587 2494 2494
2269 1 2268 3 2 2 2
30613 0 6961 4 4 28 26
2956 4 29945 175 171 10 10
40706 0 10059 7469 7469 40536 40533
3866 4 38485 116 108 18 18
3866 4 24189 27 20 1 1
9119 0 21826 13152 13152 33442 33442
18389 3 999 6 4 6 4
999 3 18389 6 4 7 5
35808 1 32154 39246 39246 11774 11774
37756 4 40810 40607 40607 8196 8196
20583 1 27612 2 2 2 2
1020 0 3141 1 1 51 1
28305 0 3141 1 1 50 1
6564 0 11337 14120 14120 7133 7132
23511 0 15656 3 3 441 415
5394 1 2601 2 2 3 2
19679 0 5394 7 7 11 4
2004 1 24164 5 2 2 2
2004 0 30642 2724 2724 4867 4866
25774 1 12289 5 2 8 2
24676 0 24224 532 532 1502 1501
23848 1 8714 3 2 6 3
17814 4 3175 659 658 9 9
17465 1 17464 3 2 2 2
22570 1 22569 2 2 3 2
6630 0 4722 227 227 1469 1461
1142 0 4722 430 430 2681 2672
23700 1 24343 3 2 2 2
9573 6 3123 91 91 542 519
15354 6 3123 19 19 458 436
14853 6 3123 11 10 183 162
6067 1 28605 2 2 2 2
8474 4 17327 1154 1154 1358 1358
30941 1 3753 4 2 6 3
30941 1 33174 3 2 4 3
11546 0 4442 24517 24517 28587 28553
6865 4 2298 35 31 2 2
1021 1 207 7 4 5 2
2872 0 17555 579 578 38917 38910
268 0 17555 546 546 16869 16863
40811 0 2664 1032 1032 40517 40501
40871 0 2664 4120 4120 40586 40569
2664 0 2624 1 1 12 5
35435 0 12605 46 46 149 146
29862 1 29861 3 3 2 2
31789 0 494 40118 40118 39687 39675
22923 0 28916 220 220 99 98
27985 1 27484 2 2 3 2
29410 0 16944 194 194 812 808
11888 0 36918 1376 1376 9408 9405
37558 2 741 1 1 44 2
28640 2 741 1 1 58 12
9021 2 741 1 1 46 2
22157 3 1791 4 3 4 3
22158 3 1791 4 2 5 3
8471 1 6302 3 2 2 2
32069 0 19823 8001 8001 12180 12178
38790 0 13 1894 1894 33440 33426
19437 1 22294 3 2 3 2
25022 1 32013 2 2 4 3
39553 0 4628 141 141 20 11
40833 0 4628 2998 2998 36031 36021
11144 1 2617 2 2 2 2
38399 1 1022 2 2 6 2
10536 1 36694 2 2 3 3
40178 1 1578 17533 17533 38683 38681
40864 0 1578 3929 3929 40340 40334
22410 1 37961 4 2 2 2
15647 4 32971 639 639 1098 1098
1708 0 8438 54 54 15203 15202
6124 1 5907 4 2 8 4
8270 1 6124 13 5 4 2
5826 1 10722 3 2 5 3
21697 0 2070 231 231 394 394
6530 1 22543 3 2 3 2
5932 1 21935 10 4 3 2
28875 3 5192 4 3 4 3
28676 3 28875 5 2 4 3
5178 1 14819 2 2 3 2
21092 0 5178 1095 1095 29122 29094
16318 0 5178 38263 38263 40028 39999
40918 0 5178 35612 35612 40905 40873
31349 1 5178 4 4 11 5
27341 1 31627 4 2 2 2
912 0 7047 4 4 92 79
739 0 912 148 148 509 498
24031 0 7047 35 35 558 544
30204 1 7047 8 4 8 6
40812 0 17281 7023 7023 40392 40392
9906 1 36905 6 2 2 2
6743 0 8355 2859 2859 7114 7092
1538 0 8355 718 718 11546 11523
35277 1 27784 2 2 2 2
5869 1 26782 7 2 2 2
40813 0 19386 23511 23511 40039 40037
38378 1 22534 2 2 7 3
31576 0 30844 39268 39268 10661 10661
10205 1 10204 5 3 3 2
11177 1 37094 6 2 2 2
7045 1 2382 2 2 6 2
21977 5 16419 226 226 14712 14705
3364 1 3363 3 2 4 2
3528 0 10834 30 30 143 140
17960 4 24312 20 16 1 1
27223 1 20426 2 2 3 2
24636 1 6535 3 2 3 2
23949 5 212 3 3 133 105
27657 5 828 6 5 57 43
1410 1 24564 7888 7888 21878 21877
3066 0 8076 1714 1714 4922 4914
18215 1 1414 3 2 13 2
10895 1 13973 9 4 2 2
3239 4 39144 65 15 1 1
3239 4 27881 72 21 2 2
3239 4 36428 55 6 3 3
18904 3 17353 3 2 3 2
7935 1 2201 5 2 5 3
17190 1 757 4 2 3 3
1415 1 32170 6 2 2 2
23786 1 2902 2 2 11 3
2029 1 18094 7 3 2 2
553 1 13871 4 2 5 3
24179 1 10508 3 2 3 2
25575 1 10508 2 2 2 2
27360 6 36837 2 2 16 16
31841 0 19545 27420 27420 40249 40248
33840 0 1754 4993 4993 28294 28282
40875 2 1754 6244 6244 40912 40906
38079 2 1754 769 768 4502 4497
40815 0 39071 9255 9255 40383 40381
29342 0 8978 194 194 6239 6223
6890 0 36281 6874 6874 8527 8527
8040 1 21358 28 24 14 13
10520 0 24854 9974 9974 22335 22335
28943 1 243 3 2 2 2
20030 0 13734 2187 2187 13945 13943
4563 0 12505 3 3 11 5
37725 0 23377 1 1 6 1
26865 1 19204 4 2 5 2
20288 6 29915 3 1 3 2
24515 2 20288 2 2 19 14
18855 0 2060 4 4 30 17
26308 5 18855 19436 19436 40488 40474
24430 0 2060 924 924 8553 8539
11475 1 13563 69 66 25 21
13563 1 11475 33 29 98 95
14231 0 7944 522 522 3773 3772
36007 6 17148 4149 4149 12788 12788
13350 0 29456 2 2 1 1
36696 5 9528 2 1 10 1
19256 5 9528 2 1 9 1
30889 0 33367 6427 6426 1798 1798
26734 0 2288 19 19 13 11
16979 4 35069 164 164 55 55
23628 0 2614 149 149 212 208
39567 0 4694 8 8 770 756
6695 0 32813 38455 38455 33102 33102
15469 0 6418 17 17 386 362
34418 1 25064 3 2 2 2
8727 1 8726 4 2 2 2
14189 1 23592 6 2 2 2
35545 1 14189 3 3 6 2
10877 1 11728 7 3 8 3
32814 0 4976 8 8 40 37
4165 3 25845 13 10 4 4
20625 1 7778 3 2 2 2
30076 0 10715 416 416 641 638
40816 0 14697 11292 11292 39945 39945
14697 1 31992 7 4 2 2
19191 1 27971 2 2 3 2
13842 0 11910 10441 10441 16127 16126
5985 6 10735 10 3 18 11
12732 3 28417 5 4 7 6
12732 1 26677 4 3 2 2
6204 1 6203 2 2 2 2
40817 0 19840 2294 2294 40147 40144
3387 0 19840 6787 6787 39223 39221
6550 1 2423 3 2 8 2
2423 1 24830 11 2 5 2
2924 4 30666 145 73 6 6
2924 4 2659 73 2 1 1
2924 4 29020 316 241 51 51
2924 4 36766 191 117 28 28
1379 1 25548 3 3 3 2
6265 1 1379 4 2 5 3
18135 3 294 22583 22580 14104 14104
2209 1 24141 7 3 3 2
15500 1 4546 2 2 5 3
15500 1 7996 3 2 4 2
31596 6 8773 14927 14927 17482 17482
40818 0 35587 37010 37010 37684 37684
34338 1 9890 2 2 10 2
14748 1 9890 2 2 11 2
9890 1 12054 11 2 3 2
40819 0 15962 15863 15863 40102 40101
16130 0 10326 2499 2499 8410 8408
40820 0 20319 7988 7988 39303 39302
11212 0 1856 100 100 1771 1757
14579 1 1856 4 3 6 2
28303 3 9776 3 3 15 13
9776 1 9775 3 2 2 2
561 0 5278 105 105 135 126
13724 4 995 1142 1141 258 258
154 1 153 2 2 5 2
5791 1 11553 4 2 6 5
24115 1 18755 3 2 3 2
28674 0 3041 1703 1703 11416 11409
40821 0 14864 24632 24632 40084 40079
17883 0 18836 931 931 4113 4110
40822 0 9367 6776 6776 40595 40572
40930 0 9367 5730 5730 40575 40553
7005 0 9367 4 4 537 517
26765 1 9367 4 3 7 3
2151 0 4180 8933 8932 8334 8332
40823 0 11638 25968 25968 40899 40882
18175 1 18573 5 3 4 2
24724 1 3969 4 2 4 3
3969 0 3582 169 169 5872 5845
17345 0 3969 219 219 719 715
34877 1 6582 4 2 3 3
6582 1 16956 8 3 7 3
26100 1 28248 2 2 2 2
33245 0 3980 3 3 14 12
4106 1 4105 4 2 2 2
584 1 28894 1499 1497 102 102
35143 1 33405 2 2 3 2
17003 0 479 1 1 13 3
9877 5 6166 1 1 37 1
30263 1 25760 2 2 2 2
30656 1 25760 3 3 3 2
1999 4 17069 75 68 4 4
18272 1 19427 4 2 4 2
29081 1 13187 2 2 5 2
16522 0 3780 25 25 1019 983
26742 0 15839 7 7 224 221
1918 6 39340 875 868 180 180
11624 1 20815 4 3 4 2
13939 0 7027 242 242 428 423
5788 0 7027 6107 6107 6255 6249
40824 0 2657 9011 9011 40345 40338
1294 0 25140 898 898 18108 18105
21281 0 428 7744 7744 22793 22767
40911 0 428 11702 11702 40669 40642
39800 1 30816 2 2 3 2
12660 0 1095 11 10 56 45
17450 0 1095 2363 2363 19622 19610
11922 0 14898 52 52 205 187
23590 0 12772 3513 3513 13746 13743
3072 1 15159 7 3 5 2
24523 0 8582 61 61 1097 1090
188 6 29407 4 1 5 1
39603 4 27065 4271 4271 12016 12016
4691 1 14239 3 2 2 2
36188 1 4691 3 2 3 2
36501 0 4902 1275 1275 14 14
40022 0 6784 4 4 77 72
4121 1 17988 4 2 3 2
34845 5 10076 4 2 6 1
19999 4 35620 17 8 1 1
25642 0 31168 9 8 66 65
28192 2 3865 4 3 313 295
25039 0 2409 1 1 50 29
34598 0 2409 5 5 1453 1429
40825 0 22386 26830 26830 35139 35138
15804 0 10824 57 57 89 84
40826 0 30737 23013 23013 39990 39989
11678 4 24132 1785 1785 3098 3098
11178 1 14178 9 2 2 2
19319 1 11039 3 2 7 2
23526 0 9730 9943 9943 24277 24275
12960 0 23054 33231 33230 31319 31319
18237 1 14439 4 3 8 3
17375 6 39568 7 5 3 3
6955 0 2697 25 25 706 704
16533 0 2697 489 489 1921 1918
27268 1 11354 3 2 6 2
1968 1 1967 5 2 6 4
20914 0 1967 8 8 24 16
23271 0 7641 23 23 3 3
19684 3 19683 4 3 3 3
4983 6 33006 2 2 2 2
17534 9 12584 3 2 2 2
6871 1 18043 367 365 92 91
5628 7 18994 18678 18645 4 4
2502 1 20104 5 2 4 3
15657 0 4985 17322 17322 18817 18815
34914 1 6434 2 2 5 2
39981 0 306 1184 1184 39859 39842
21026 0 306 2 2 55 39
37154 5 9269 2053 2053 23651 23648
9073 1 5502 3 2 3 2
30127 0 1623 290 290 20453 20450
16304 0 30127 7190 7190 12154 12154
16980 1 4548 4 2 6 3
469 0 14498 12 12 374 363
9243 6 35214 13626 13622 140 140
36148 4 23121 634 633 542 542
3358 1 4743 10 2 5 3
9720 0 4743 2178 2178 10188 10178
40888 0 4743 7410 7410 40711 40700
2064 1 2154 2 2 3 2
22278 1 35919 2 2 2 2
36060 0 14935 1737 1737 18675 18666
27146 5 11426 2 2 32 22
3169 0 3813 10 10 110 92
3823 1 3813 3 3 7 2
20664 4 26988 586 584 8 8
6374 1 11133 4 2 4 2
33074 2 7 2 2 406 369
18961 2 7 1 1 51 15
17395 0 7902 7838 7838 22372 22369
22908 1 5606 7 4 4 2
10254 1 10253 3 2 4 3
40906 0 10253 22760 22760 40164 40150
14113 1 5076 2 2 6 2
36403 1 10838 2 2 3 2
14974 0 14973 205 205 1974 1966
14973 3 19845 14 12 7 7
40831 0 4593 32607 32607 39671 39671
31084 1 27014 2 2 4 2
12467 4 39860 7 1 1 1
40832 0 6630 6037 6037 40246 40242
26778 4 2803 253 253 116 116
3765 1 28497 3 2 2 2
20691 1 4936 2 2 4 2
7886 0 12463 489 489 11040 11034
14999 4 31316 1416 1416 66 66
22172 0 11068 197 197 168 155
454 3 16514 5 3 11 9
3025 1 16514 3 2 3 2
29578 0 15788 18293 18293 33336 33335
23802 0 21987 856 856 34536 34533
21987 0 20963 1290 1290 24352 24351
11759 2 10987 5 5 7 6
38689 0 12894 2674 2674 36628 36618
40834 0 14087 12424 12424 35589 35589
14853 1 5935 2 2 4 2
4044 4 31152 182 182 8 8
29372 0 24630 17 17 199 194
24630 0 22399 15085 15085 39794 39793
19479 5 4701 1 1 31 8
8240 5 4701 1 1 22 1
33163 5 4554 2 1 8 1
29553 1 26733 2 2 2 2
29553 0 8837 1037 1037 3903 3901
6792 1 14058 3 2 5 3
21282 0 15062 18447 18447 14142 14142
23036 4 36472 871 865 75 75
5783 4 23036 531 522 9 9
40835 0 40836 40636 40636 34932 34932
18778 6 32930 4312 4311 300 300
18778 0 5314 11 11 1081 1054
24621 2 17930 4 1 10 1
27989 2 17930 5 3 13 3
26041 0 4289 2 2 1 1
16899 4 24507 434 434 427 427
14917 3 17826 6 3 3 2
30990 9 28312 2 2 4 4
8980 1 3552 4 3 4 3
33079 0 3582 697 697 10957 10929
16497 1 26305 5 2 2 2
26368 1 8799 2 2 3 2
4480 1 32602 5 2 2 2
35059 0 27412 8 8 591 588
2645 4 29221 61 53 7 7
23462 0 5675 13318 13318 32684 32675
40853 0 23462 27375 27375 40869 40864
25133 5 5012 2 1 10 4
14927 4 5288 49 45 1 1
11058 2 6577 1 1 62 11
60 2 6577 7 7 212 159
7534 9 18226 4 3 2 2
10204 1 10208 3 2 3 2
5031 1 28475 2 2 4 2
15312 0 12860 18081 18081 17627 17627
21401 1 1933 2 2 13 6
12469 1 1992 9 4 4 3
18451 5 1238 1 1 4 1
37552 0 2655 26 26 88 84
2655 0 9806 869 869 15364 15358
40284 0 6614 10322 10322 18089 18066
3130 1 27019 6 3 3 2
23982 0 37653 8 8 1157 1155
20447 1 9918 4 2 3 2
15028 1 16314 4 2 10 5
15028 1 5116 5 2 11 5
40628 0 33021 19411 19410 40339 40339
3648 1 3647 4 3 6 3
19317 0 1107 3608 3608 21074 21064
830 1 21753 6 2 4 3
8270 1 9886 9 5 5 2
14780 1 6419 6 2 3 2
40837 0 15224 16448 16448 40415 40403
7188 0 11737 395 395 6391 6381
10277 1 32396 3 3 3 2
10277 1 2951 5 4 8 3
15054 1 2951 8 3 7 3
25047 0 19223 29322 29322 39944 39944
23871 0 918 100 100 887 880
40840 0 918 7683 7683 40679 40671
8168 0 13192 20459 20459 31887 31887
10293 1 12214 2 2 3 2
23642 0 26543 11130 11130 32055 32055
26543 1 12312 4 2 6 3
4913 4 20284 245 214 7 7
3331 5 16655 36 36 186 184
3331 1 35484 4 3 2 2
16739 1 16646 4 4 5 2
6726 1 5782 6 2 2 2
6726 3 6725 8 6 4 4
11335 1 6726 2 2 6 2
5491 1 1201 3 2 8 3
6549 1 14425 6 3 4 2
5544 1 3327 4 3 8 2
3403 1 6328 3 3 3 2
7229 4 37460 551 534 53 53
20544 1 28902 3 3 3 2
3291 1 20544 6 2 5 3
530 1 21170 6 2 2 2
9371 1 9370 3 2 4 2
26061 0 9371 3125 3125 10737 10734
9371 0 5623 967 967 29191 29189
21518 1 29527 2 2 4 2
35181 0 21518 1547 1547 24558 24555
36581 0 16397 1679 1678 354 354
3972 7 37089 35886 35807 31 31
8883 0 5790 233 233 88 88
38389 0 7334 642 642 1357 1355
27814 0 9178 485 485 5198 5196
10855 1 19155 2 2 3 2
10855 1 31116 112 111 1016 1015
1431 4 27265 41 25 4 4
27563 1 35599 2 2 2 2
1193 4 39361 15 4 1 1
39975 0 7068 466 466 6638 6630
3855 0 3909 2 2 12 5
28703 0 3909 40499 40499 40886 40878
11573 1 13583 3 2 6 3
40841 0 16266 14643 14643 40756 40733
2434 0 16266 2 1 23 2
40842 0 67 17173 17173 40727 40718
1154 0 18959 5311 5311 35330 35328
32397 0 13044 514 514 9460 9451
17819 1 653 3 2 4 3
37840 0 313 500 500 13780 13772
40843 0 3679 38290 38290 40724 40713
40843 4 5346 39651 39651 40059 40059
13988 0 168 463 463 5759 5754
38754 2 10661 4 3 6 3
29501 0 6358 4032 4032 40455 40453
29860 0 18587 8134 8134 6650 6650
33438 1 36858 2 2 3 2
36858 1 35629 3 2 2 2
12381 0 1474 302 302 3170 3156
2863 0 6499 561 561 66 65
7328 0 5714 36433 36433 23653 23652
14412 0 20621 1629 1629 33866 33865
35316 5 38173 39 37 22 21
20490 1 7847 3 2 3 2
21077 4 10657 824 823 321 321
10380 0 1964 5 5 11 9
17802 1 3847 3 2 3 2
29031 4 40721 40243 40242 2463 2463
29630 5 22311 1 1 18 14
14888 4 21122 63 54 6 6
14888 0 2518 1 1 64 1
819 1 7732 6 2 7 3
7100 4 29718 878 876 348 348
8077 1 7192 2 2 5 2
16136 1 39043 4 2 2 2
13225 1 15253 3 2 6 3
40844 0 6467 23821 23821 40893 40886
6069 0 37345 103 103 25 24
4895 0 8093 4319 4319 35925 35898
21558 1 13645 2 2 3 2
10544 6 38325 23419 23403 14535 14535
23888 0 1730 330 330 4176 4075
33667 0 1730 3 3 424 324
22133 0 1730 1 1 97 1
19623 0 1730 1 1 99 1
28603 4 38563 118 117 2 2
16620 1 2522 5 4 9 2
24900 3 5965 3 3 4 3
3989 4 18951 2688 2681 123 123
22965 1 167 7 4 4 2
35645 0 7367 28359 28359 8581 8581
36255 0 10055 1 1 7 1
1574 1 8899 7 3 4 2
21174 5 2295 1336 1336 33078 32976
34328 5 2295 201 201 14602 14501
28418 5 2295 3722 3722 35143 35040
34439 5 2295 5 5 169 69
40845 0 32455 16688 16688 40824 40823
35000 0 9668 1 1 32 16
32116 0 21176 82 82 1586 1584
23390 0 40586 38340 38340 34791 34791
40848 0 23390 2 2 24676 24673
19903 4 29357 46 46 38 38
35177 0 14481 13686 13686 24513 24513
12330 0 11599 49 49 3215 3209
3579 1 19372 3 2 4 2
9842 0 3579 135 135 12301 12288
22422 1 9505 4 3 8 4
15330 1 28910 3 2 3 3
22889 0 11852 190 190 21405 21396
29771 9 3592 4 4 4 4
25748 1 34204 2 2 2 2
1772 6 37182 37608 37604 6172 6172
15158 0 40846 40197 40197 35524 35524
40847 0 8407 21450 21450 40672 40672
35466 0 11507 3 3 7 4
12327 0 411 237 237 6953 6930
21952 4 9376 170 170 10 10
4177 6 5022 26 11 2 2
5040 0 220 2 2 20 11
20777 0 30968 10252 10252 6324 6323
17995 1 415 6 4 10 3
6540 0 6677 382 382 1311 1309
30360 1 7239 2 2 6 2
1226 4 33413 939 915 42 42
36259 5 860 122 122 20228 20155
30840 5 860 3 3 462 393
39831 1 4370 3 3 7 2
17244 1 15986 2 2 7 4
9116 4 34497 168 166 3 3
4771 4 11796 68 16 1 1
18918 0 15687 41 41 37 34
18918 6 31983 458 449 2 2
29544 0 6411 664 664 2618 2611
13258 1 515 2 2 8 2
7665 4 11919 40 36 11 11
8356 1 22637 9 2 5 2
17180 1 8356 2 2 9 2
39574 0 13157 11709 11709 39861 39858
20711 1 1090 4 3 6 2
32427 0 24062 38148 38148 39277 39276
40849 0 13412 3869 3869 40422 40417
4316 0 1500 1 1 70 44
29122 0 1500 31 31 159 132
29916 0 33246 128 128 4 4
33246 0 425 76 75 815 796
3714 1 3991 2 2 2 2
6702 1 4469 5 3 9 5
20629 0 10089 7 7 7 7
18423 1 20629 3 2 3 2
4855 1 19562 7 2 5 2
11423 1 4213 5 2 6 2
10241 0 10481 2112 2112 26313 26311
27097 0 10241 16449 16449 32683 32673
5125 6 35244 2 2 4 4
10842 1 11135 3 2 3 2
3451 1 3450 2 2 9 4
3450 1 6752 7 3 4 3
26219 0 15966 17 17 45 42
20729 0 30962 5577 5577 7946 7946
31196 0 30962 11182 11182 27478 27477
36881 0 119 42 42 281 244
119 0 2748 62 61 593 583
2323 1 23181 3 2 2 2
14339 9 16095 3 2 2 2
32957 0 5195 2 2 19 13
32623 1 5195 3 2 5 2
32917 0 9489 324 324 17345 17341
40688 0 3489 18756 18756 40269 40208
13220 2 6815 14 13 355 351
5097 1 27076 4 2 2 2
17030 1 2573 3 2 11 6
2573 1 9486 8 3 3 2
37807 1 30144 2 2 2 2
2521 1 38597 5 2 2 2
6946 1 8731 3 2 4 2
9873 9 35523 2 2 3 3
1071 6 14854 536 530 8 8
3398 4 14735 569 552 4 4
5855 1 7329 6 2 4 2
3929 1 27247 13 3 2 2
16292 1 29803 4 2 2 2
6578 0 5973 5484 5484 31052 31048
40850 0 1543 40438 40438 40900 40843
37429 1 32885 2 2 2 2
5932 1 5931 7 3 2 2
14336 1 2808 2 2 4 2
23816 0 13145 3 3 10 10
16675 0 11522 25108 25108 8791 8791
40851 0 14187 5845 5845 40385 40381
10755 4 22444 158 157 28 28
11129 1 13730 9 3 9 4
25343 1 13730 7 4 3 2
8639 0 3289 1 1 47 24
3289 6 36920 2172 2155 8 8
8776 1 1347 3 2 4 2
1347 1 4276 5 2 4 2
39300 0 1590 7 7 7210 7187
37068 1 22654 2 2 2 2
1801 1 21363 3 2 2 2
31983 0 35119 185 185 140 139
31983 6 2119 116 114 245 245
19488 0 3006 35248 35248 39108 39098
19488 1 38649 11231 11231 14996 14996
40852 0 6747 17621 17621 40385 40383
28133 0 18038 7 7 83 80
8634 9 19910 3 2 3 2
11304 0 19910 16 16 2948 2947
20413 0 1973 2 2 288 233
26353 1 4814 4 3 8 4
22355 0 11595 9912 9912 26686 26680
1588 1 19716 4 3 2 2
11612 1 21343 3 2 3 2
5569 1 10107 7 3 7 2
5923 1 5569 5 3 5 3
24840 0 14776 375 375 960 960
24031 4 32273 31503 31503 19724 19724
12006 1 23328 3 2 2 2
15403 4 40478 40 40 27 27
16346 0 16005 5 5 60 58
7668 1 35530 5 2 2 2
9434 4 40717 40450 40447 12218 12218
22914 1 3088 3 2 4 2
2945 9 2944 2 2 2 2
24743 1 24742 2 2 3 2
31284 1 19047 2 2 3 2
1664 1 16927 6 3 3 2
40307 0 4362 28801 28801 32822 32815
29218 1 4362 4 3 4 4
4362 0 8787 5 5 17 10
17040 8 37417 87 86 12 12
39206 0 12650 19 19 22 2
29976 5 5742 3 3 551 528
15635 5 5742 13 13 182 160
903 5 5742 2 2 57 36
17663 4 9378 393 389 98 98
20364 1 26993 3 2 3 3
27150 0 3232 3754 3754 30132 30125
40854 0 14981 35081 35081 38681 38677
40855 0 25028 160 160 39876 39876
40678 5 5841 15171 15171 40761 40748
26893 3 11921 30363 30361 13928 13928
38438 0 24102 3194 3194 34614 34610
22467 0 22049 130 130 1177 1174
15542 0 22049 1056 1056 2240 2236
40856 0 8153 11774 11774 40372 40353
36147 0 8153 3030 3030 14097 14079
10925 1 8153 4 2 4 2
34372 4 36708 139 139 57 57
7489 6 35302 89 84 10 9
9267 0 1292 603 603 14870 14865
5975 0 8327 521 521 9975 9966
112 6 23406 45 1 1 1
6559 1 18773 3 2 4 3
13687 1 7279 4 4 4 2
37981 0 904 98 98 601 589
15563 1 17861 5 2 6 3
24736 1 14901 3 2 2 2
7506 1 27215 11 3 2 2
28486 1 28485 2 2 2 2
22848 1 33665 3 2 3 2
15952 0 3163 33 33 921 881
9298 0 3163 1 1 39 1
28717 0 3163 1 1 40 1
17876 3 17875 2 2 2 2
22196 1 22195 2 2 2 2
13637 1 27685 5 2 2 2
10125 4 13911 68 66 5 5
4146 0 37135 13 13 164 162
31487 4 8818 5497 5497 12748 12748
36976 0 4550 171 171 2238 2140
24513 0 4550 13 13 949 852
27936 0 4550 3 3 443 347
12322 0 4550 1 1 94 1
40857 0 2021 18011 18011 40448 40395
27575 0 6658 40943 40943 35887 35875
19537 9 28961 2 2 2 2
1070 0 17546 413 413 2704 2700
9755 1 9754 2 2 4 2
769 1 9754 2 2 3 2
40381 0 34906 17 17 6 6
15427 0 134 572 572 4619 4605
134 1 2633 5 2 2 2
1511 0 15914 8347 8347 6709 6706
5005 1 28613 9 3 3 2
18503 1 5005 3 2 10 3
40140 0 27752 2 1 6 3
16225 4 4698 401 398 26 26
40858 0 15284 11368 11368 40432 40426
628 1 627 2 2 2 2
16800 4 32120 1262 1262 2053 2053
25305 0 2099 2 2 36 9
13821 1 13530 3 2 3 2
16002 1 36632 4 2 3 2
40859 0 37052 8493 8493 40541 40540
6188 4 24112 66 48 10 10
6188 4 24347 37 21 1 1
15067 0 18496 5722 5722 32658 32658
29361 1 18956 2 2 2 2
10119 1 25492 8 3 4 2
28682 1 6956 2 2 2 2
22077 5 6956 1 1 19 1
720 9 26603 3 2 6 5
18029 0 8812 2 2 33 32
36166 1 16798 2 2 2 2
30646 4 33263 1070 1070 20 20
10063 0 8348 40876 40876 40436 40429
28320 1 27155 4 3 3 2
27155 1 29136 3 2 3 2
737 0 704 4996 4996 18920 18919
16207 1 16206 2 2 3 3
37148 0 23650 1225 1225 1174 1174
33954 1 14292 2 2 3 2
29886 1 28685 3 2 4 2
9855 6 33387 50 26 6 2
3785 0 28084 39332 39332 23297 23296
20088 5 3785 20 20 4661 4645
32514 5 3785 2017 2017 29090 29072
6922 1 6921 7 3 7 2
6921 1 7885 9 3 8 3
7656 1 11492 3 2 3 2
16454 1 15118 9 4 6 3
27917 0 8192 5 5 21 18
27917 1 5927 37 36 162 157
5927 1 27917 152 147 33 32
4197 0 8050 7 7 11 8
4197 1 37513 7 2 2 2
25431 1 5635 2 2 6 2
15018 1 18772 4 2 2 2
9762 6 8948 9342 9338 6688 6688
30927 6 25532 1893 1893 2879 2879
19315 1 39214 3 2 2 2
39214 0 32965 4 4 2 2
18563 0 4302 1177 1177 17207 17205
21993 1 19504 6 2 2 2
9794 0 26796 2 1 3 3
40860 0 1945 13210 13210 40857 40833
13748 1 11108 4 2 3 2
4384 1 24793 3 2 3 2
10633 4 19550 1887 1887 3156 3156
27322 1 37139 2 2 2 2
40383 0 38168 84 84 353 353
7362 4 32362 14 1 1 1
22231 1 8513 2 2 4 3
40692 0 8924 9594 9594 40517 40508
1685 1 12089 5 2 2 2
450 4 4488 820 802 337 337
39094 5 3918 352 352 33091 33073
40914 5 3918 5907 5907 40839 40820
2315 0 3918 3 3 530 522
40869 0 3918 3316 3316 40538 40529
39375 4 35988 16 16 28 28
33362 0 724 204 204 6764 6747
4388 4 38068 40 28 1 1
24592 0 13837 6716 6716 18164 18160
4109 6 1349 28 24 4 3
20971 4 929 31835 31835 16755 16754
23939 0 929 2 2 185 174
2108 1 23830 5 2 3 2
137 1 39790 2 2 2 2
14471 4 26704 80 76 5 5
38379 0 2037 12194 12194 21973 21970
3297 1 2037 4 2 2 2
19597 1 29925 3 2 2 2
9472 3 9553 5552 5552 24497 24495
24002 1 31718 2 2 3 2
13378 4 37002 339 331 15 15
18672 8 18729 1 1 6 3
23066 0 10976 4592 4592 8941 8941
37193 0 36623 4512 4512 16167 16167
35461 0 15432 5760 5760 10827 10825
6086 1 37968 62 62 72 72
39988 0 6132 16818 16818 37377 37371
27635 0 6879 10516 10516 26450 26450
12792 1 18251 3 3 3 2
25299 0 17090 1809 1809 1504 1502
22804 0 9256 49 49 179 176
22046 1 449 2 2 4 2
26701 5 39164 38510 38510 26671 26671
33010 4 37752 1000 999 382 382
17564 4 28570 2402 2402 2768 2768
14394 1 27202 2 2 2 2
40861 0 35307 38973 38973 31582 31582
36533 1 31832 2 2 3 2
1421 1 13698 4 2 2 2
1421 1 1420 5 2 2 2
15918 1 8898 3 2 3 3
39681 2 3869 2 2 326 294
13147 2 3869 10 10 252 221
29520 1 38175 2 2 2 2
7705 4 29204 251 244 31 31
31945 1 533 2 2 3 2
20267 1 11332 3 2 3 2
40862 0 6138 20625 20625 40667 40652
12405 1 2536 3 3 8 3
22145 0 267 38130 38130 22083 22059
12466 4 38408 39 19 1 1
12466 4 38825 116 95 1 1
16552 1 10073 3 2 2 2
31672 0 16442 9117 9117 504 504
34829 0 34921 25 25 535 533
6539 1 27537 8 3 2 2
24829 0 20017 206 206 3389 3384
28048 0 20017 1590 1590 33121 33115
40863 0 22831 1708 1708 39889 39884
9658 0 22831 7623 7622 10903 10899
17365 6 1148 20719 20719 28829 28829
11735 1 13906 3 2 3 3
10734 0 10886 2 2 17 3
1494 0 15383 37522 37522 40343 40341
31725 6 3983 161 161 205 204
3023 1 19162 2 2 4 2
28499 0 2833 5414 5414 13071 13056
4250 3 26422 4 3 5 3
14121 1 5862 10 8 8 3
1002 0 15449 1805 1805 769 764
14237 9 14236 2 2 3 3
40286 1 14159 2 2 3 2
1432 4 24308 28 12 5 5
29759 0 21793 8 8 15 14
40 0 9353 9790 9790 38586 38578
36532 1 36531 2 2 2 2
4832 1 7867 5 2 2 2
27716 6 14968 1074 1074 263 263
304 0 25231 15269 15269 14677 14676
8542 1 19421 5 2 2 2
30629 1 15712 2 2 3 2
20027 2 9746 1 1 20 9
26019 0 4682 2 2 8 4
15092 4 32205 7379 7375 798 798
13106 4 30126 155 144 12 12
7451 0 9653 361 361 36 36
14198 1 7551 2 2 10 2
19206 1 11656 2 2 3 2
938 1 29478 4 2 2 2
19923 0 13346 3 3 2602 2593
40895 0 13346 924 924 40388 40378
8767 0 2776 466 466 5509 5485
17206 0 4193 11018 11018 25715 25713
9026 1 21448 2 2 6 2
10884 1 23870 4 3 4 2
10884 0 12402 46 46 64 63
33656 0 17442 2023 2023 18553 18549
29844 1 36062 3 2 2 2
39433 6 40246 12 11 18 18
13370 4 32777 668 667 4998 4998
40865 0 34557 6053 6053 32615 32614
12307 1 5388 2 2 6 3
8628 3 1186 61 60 35 35
4299 0 1562 27 27 327 320
18208 6 35649 10447 10447 27604 27604
12758 0 980 4170 4170 25939 25938
26577 4 38800 14 14 9 9
40866 0 8678 16440 16440 39679 39676
32294 0 1897 1467 1467 21881 21807
6937 1 1897 6 3 11 4
9481 9 158 4 3 5 2
13100 9 9481 4 3 3 2
15588 1 15587 7 3 3 2
13773 0 27141 2 2 75 72
25916 0 16303 4 4 17 8
36297 0 16303 100 100 1777 1767
20354 1 18989 2 2 2 2
973 1 13336 4 2 9 3
5185 0 13336 1888 1888 19102 19098
9012 5 7786 1 1 26 7
33237 1 410 4 4 2 2
14633 6 31433 13362 13361 3089 3089
14633 6 8142 5803 5803 1023 1023
40867 0 339 15634 15634 40722 40719
3453 1 18417 9 3 4 4
8951 1 28285 4 2 3 2
1460 1 8951 2 2 4 2
8222 1 6150 6 2 3 2
8054 3 25795 6 4 2 2
6845 1 2779 3 2 4 4
19202 0 12252 1753 1753 7019 7012
20124 1 18592 2 2 5 2
20124 0 14100 69 69 1719 1715
30846 0 2941 42 42 1037 1036
39027 0 9415 49 49 29478 29466
23350 1 17390 2 2 2 2
8558 1 7530 4 3 3 2
40868 0 5700 39230 39230 40510 40510
32469 0 324 95 95 15754 15734
8545 0 324 813 813 6301 6283
25032 1 25031 3 2 2 2
38057 9 30720 2 2 2 2
2030 0 1832 9 9 31 21
1637 0 5616 2 2 22 14
9928 0 5616 14127 14127 16082 16073
1702 4 29665 269 265 26 26
36951 4 24229 52 50 5 5
6008 1 1041 2 2 3 2
14647 0 13213 7 6 3 3
699 1 22618 2 2 2 2
35907 4 37894 257 257 242 242
13383 1 2789 6 2 4 3
2713 6 7645 44 4 3 2
11577 1 7731 3 2 4 2
40870 0 1335 22332 22332 36022 36021
24483 1 12798 3 2 4 2
17309 0 30810 43 41 60 58
10156 1 963 6 3 5 3
2452 1 3976 6 3 8 4
2452 1 7086 7 3 10 4
40905 0 3387 27358 27358 40644 40630
7217 1 3387 3 2 3 3
8525 4 37769 20 18 6 6
35828 0 1364 163 163 27483 27453
26559 6 35828 40832 40832 17513 17513
16493 1 19237 3 2 13 6
2933 1 7202 5 3 8 3
6048 9 22594 10 9 2 2
29003 1 35415 3 2 2 2
20788 1 10332 6 3 3 2
5707 1 5706 2 2 4 2
29609 1 29608 2 2 2 2
22190 1 35891 4 2 3 2
22190 1 11262 5 2 4 3
9192 1 19649 5 2 3 2
26202 0 7136 10 10 9 8
36138 0 7877 4 1 30 27
23317 0 6977 675 675 12960 12925
40920 0 6977 15799 15799 40779 40743
36948 1 27706 599 599 1996 1995
34777 1 14753 2 2 3 2
1620 4 23845 19 4 1 1
12071 1 18026 6 2 2 2
8848 5 14818 1 1 19 5
11500 6 11034 9 3 4 2
16013 1 5367 5 2 5 3
10574 6 36868 22 18 9 8
18072 0 1880 4 4 739 724
7031 1 26802 6 3 3 2
32487 1 10667 4 2 4 2
28680 1 10686 3 3 5 4
9031 4 20091 59 40 6 6
37696 0 13023 9 9 839 831
5434 1 5433 5 2 3 2
24552 2 8531 225 224 7117 7114
35789 5 3276 22 22 9006 8975
31511 5 3276 247 247 23046 23014
39401 0 24275 41 40 1793 1781
27408 0 4448 2 1 14 6
13163 1 17198 4 2 3 2
8664 1 2489 3 2 5 2
2489 1 15398 7 2 2 2
25485 2 3943 1 1 38 6
38545 2 3943 1 1 32 2
36055 6 19589 28 28 888 888
19768 0 5156 46 46 698 666
26405 0 5156 1 1 61 30
17022 6 35666 18201 18198 226 226
17022 6 3619 458 456 71 71
4621 1 88 4 3 9 7
40873 0 28355 30484 30484 40524 40522
2460 9 9748 6 6 4 4
36214 0 573 83 83 1020 981
40874 0 22716 26718 26718 37214 37214
25322 4 40518 150 150 27 27
2760 0 11134 603 603 15680 15674
4446 9 1807 10 7 2 2
11636 0 4446 73 73 963 962
36303 1 2876 2 2 2 2
37244 1 21630 2 2 2 2
38942 1 2626 24 24 935 932
31471 0 2626 4 4 51 50
3018 0 27173 6 6 2 2
26985 0 7600 329 329 7855 7849
37635 0 7600 1991 1991 5448 5443
8617 6 7587 2386 2375 611 611
24972 0 1142 469 469 4924 4922
680 7 38698 17419 17358 2 2
680 7 40901 40797 40734 2200 2200
6028 0 29623 23002 23002 28324 28324
29623 0 33835 19144 19144 33283 33280
36506 4 25083 163 163 90 90
7152 1 4236 3 2 6 4
22504 0 7152 2174 2174 21773 21768
40876 0 1295 22466 22466 39644 39638
21646 1 1295 4 3 6 2
22690 0 9531 23 23 287 283
34554 0 9531 195 195 4925 4920
701 1 25692 2 2 5 2
14347 1 5567 5 2 4 2
22500 1 15849 3 2 3 2
24584 6 29929 1 1 1 1
18192 4 1499 6 6 3 3
17820 1 654 6 3 6 2
23192 1 654 2 2 7 2
34164 0 21362 8613 8613 33682 33677
23961 0 6776 5 5 38 30
14951 5 6776 121 121 5801 5796
2111 1 35677 4 2 2 2
32320 1 16031 13887 13887 27261 27261
31261 4 13766 10746 10746 5054 5054
38116 9 9 3 3 6 5
40068 0 28942 24093 24093 38723 38723
21724 1 8592 7 3 5 3
4229 1 37036 30014 30010 11952 11952
29447 0 15913 13 13 34 29
16697 4 31051 46 42 4 4
5443 6 33646 22 4 8 7
13087 1 36310 2 2 3 2
22927 4 27025 1028 1028 268 268
24129 1 15215 3 2 3 2
24953 0 13135 143 143 8937 8928
22068 0 29955 40465 40465 3557 3557
6111 0 23960 37 37 21 19
6111 1 11198 6 2 2 2
2003 0 4127 403 403 8716 8712
40878 0 34399 354 354 37887 37883
26349 1 19291 3 2 3 2
15641 1 5982 7 2 4 2
21253 0 5982 12235 12235 38007 38007
3948 3 25669 1547 1543 209 209
40879 0 39495 40115 40115 28289 28289
10738 0 8594 8479 8479 39194 39188
40612 0 8594 5652 5652 39902 39895
12395 0 4161 4 4 154 127
40942 0 4161 7580 7580 40494 40465
26530 0 25605 8 8 6 5
25576 0 19971 9344 9344 38936 38930
3574 6 39280 42 38 1 1
35051 1 36988 2 2 2 2
19269 6 3870 1986 1985 176 176
26457 1 21879 2 2 3 2
16049 4 31756 28 26 4 4
26279 5 6146 4 4 457 446
31974 5 6146 8 8 670 658
22137 5 3531 2 2 87 65
15837 1 15836 2 2 2 2
3895 0 3721 68 68 163 128
23820 6 25420 10 6 2 1
23820 6 11103 11 6 4 3
28203 4 29473 246 242 81 81
2999 1 36067 5 2 2 2
11766 5 10754 2 2 34 15
40880 0 10330 21632 21632 40854 40849
29695 1 25945 2 2 3 3
15242 6 5534 5 3 6 4
16017 3 30757 3453 3451 654 653
9486 3 6190 40 36 26 26
10504 6 36780 686 679 75 75
31226 0 17728 448 448 7738 7729
8734 1 1538 3 2 2 2
29667 0 249 25 25 2559 2513
7681 0 249 13 13 990 946
1196 5 12328 785 785 35655 35638
29190 5 2139 176 176 22081 22054
9335 5 2139 198 198 11287 11261
13338 1 18054 5 3 2 2
19110 4 40436 35 35 64 64
1935 0 7945 4 4 295 273
1104 0 7945 2 1 27 6
32001 2 3539 26 26 5979 5978
7118 0 3978 16 16 60 39
27765 0 206 105 105 5443 5413
16624 9 15794 2 2 2 2
1966 4 24890 35117 35115 1301 1301
31338 0 8266 2 2 18 14
40221 5 73 1 1 59 4
3410 4 40221 138 137 16 16
29650 5 73 95 95 17307 17249
4984 0 73 13 13 89 78
7890 1 8556 7 3 4 2
32343 0 7890 5940 5940 28726 28709
4686 0 9935 225 225 3706 3690
1690 1 5111 13 3 3 2
23282 0 1690 441 440 2564 2554
10335 1 2363 3 3 6 2
19856 1 15917 3 2 3 2
15168 1 35514 2 2 3 3
40881 0 9334 1601 1601 40472 40467
28253 1 28252 2 2 3 2
11736 1 678 4 2 4 2
12371 1 20336 7 3 3 2
26039 1 31200 14319 14319 8830 8830
39168 1 23614 2 2 4 4
20692 1 21524 3 2 2 2
24359 1 36592 2 2 3 2
6740 1 6335 4 2 4 3
38194 0 6335 5414 5414 19559 19559
5315 0 18408 4 4 1 1
11605 4 40002 178 178 55 55
12921 1 24570 10 3 4 2
21374 1 12921 3 2 13 3
5134 2 4633 1 1 13 2
35877 0 85 11 11 583 350
23185 0 85 16 16 1936 1695
40756 0 85 30985 30985 40820 40572
26136 1 26135 2 2 2 2
37633 0 20754 1026 1026 6946 6945
40883 0 1222 10060 10060 40374 40361
40904 0 1222 29595 29595 40898 40884
19190 1 22874 3 2 5 2
14563 2 35454 40943 40941 3632 3632
12530 1 5329 2 2 3 2
37793 0 425 1590 1590 35185 35165
7112 1 21005 2 2 6 2
13785 6 30026 3326 3325 13363 13363
30892 1 27200 2 2 2 2
22309 1 11345 4 3 10 3
652 1 11489 9 4 3 2
21523 0 5914 1214 1214 6784 6780
19459 1 8641 2 2 8 4
103 0 9917 165 165 1550 1549
34367 1 30925 2 2 3 2
39210 0 36049 4154 4154 26733 26732
27244 6 22681 1179 1178 53 53
12608 4 21734 48 45 3 3
31281 1 6359 2 2 7 2
40153 0 6359 21251 21251 40704 40696
28257 1 28256 3 2 3 2
3741 6 11977 3 1 4 1
8455 0 14334 322 322 140 139
11170 1 606 7 2 4 2
9097 4 33963 335 334 515 515
15436 1 15435 3 2 2 2
9201 1 9200 4 2 6 5
6058 0 5378 7 7 351 337
5378 1 9054 6 3 9 4
24455 0 7235 113 113 14714 14709
40886 0 36491 15984 15984 36021 36020
27948 0 29072 6936 6936 40264 40260
2574 1 10949 5 2 9 5
15184 1 36822 2 2 3 2
17033 1 208 2 2 3 2
5633 0 4663 1488 1488 13734 13718
23779 0 17423 1589 1589 9374 9370
31140 0 1615 9 9 260 255
25999 1 31140 2 2 3 2
29071 0 25203 41 41 606 603
4929 4 37085 338 332 142 142
11962 4 5667 46 42 3 3
14732 6 18907 16810 16809 250 250
4582 0 23340 6457 6457 13075 13071
2940 0 23340 10 10 20 17
6093 10 24981 4 3 4 4
14001 0 36202 323 323 1816 1816
37407 0 19919 32 32 16079 16076
28934 0 6210 22 21 19 16
13298 1 26814 3 2 3 2
12356 1 20726 3 2 3 2
11679 7 15652 37 31 7 6
18992 0 780 318 318 7770 7762
12696 0 1750 20871 20871 23032 23030
22477 1 2282 8 3 2 2
17701 4 36065 177 177 9 9
20641 0 36866 15807 15806 35141 35140
31601 0 1352 271 271 8792 8786
36144 0 28533 5625 5625 9413 9413
22400 2 2183 1 1 188 157
39117 2 5348 6 5 10 8
12905 1 5832 5 3 3 2
16355 1 22399 182 177 283 283
8334 2 35737 374 374 12665 12664
13347 0 26570 7 7 9 7
40889 0 34949 23116 23116 40655 40655
12551 0 7485 78 78 2038 2037
3154 1 27514 4 2 2 2
35950 0 20760 1 1 6 1
20760 0 25127 5276 5276 22851 22850
23933 1 23098 5 4 5 2
12685 6 19180 852 846 27 27
12358 2 4168 10 10 25 15
7700 2 4168 10 10 18 9
35674 0 16517 26986 26986 30930 30929
6813 1 5175 4 2 2 2
7375 1 7374 4 2 3 2
40890 2 23906 5815 5815 40631 40631
21948 4 38918 1363 1363 1694 1694
17500 9 17499 2 2 3 3
6759 1 21078 5 3 3 2
11196 0 24534 7518 7518 5673 5670
16734 7 13678 16274 16271 19 19
865 1 17946 10 2 2 2
1821 6 39122 42 28 2 2
11630 1 31896 6 3 2 2
7284 1 17756 4 3 2 2
26770 5 6829 1 1 7 1
37565 1 22789 5 3 3 2
11926 1 11925 5 2 3 2
27446 1 22702 5 3 5 3
13999 0 37238 91 91 176 175
2050 6 30438 254 254 567 567
21493 0 24309 3948 3948 35182 35182
40891 0 13449 28450 28450 40689 40688
15390 1 38904 32505 32504 11352 11352
33146 1 2101 11 10 12 4
17987 3 17986 9 7 5 4
29746 3 17987 7 7 12 10
2692 0 10487 21012 21012 16000 15997
32902 1 29338 2 2 3 3
14511 6 11512 6847 6840 137 137
6117 1 683 2 2 5 2
25817 0 40019 28054 28054 32674 32674
39730 4 31900 638 638 4590 4590
14912 3 19439 21 18 3 3
34332 4 1842 39 35 4 4
29957 5 8285 105 105 1963 1959
8398 4 40398 1024 1024 396 396
13141 4 36356 42 30 6 6
24146 1 36079 3 2 2 2
12197 1 24146 6 3 3 2
8973 0 15567 156 156 184 183
2840 1 18631 4 3 2 2
4993 1 4648 3 2 11 2
15543 4 26788 2347 2347 9502 9502
9926 1 1976 4 2 5 3
40893 0 10088 10427 10427 40681 40676
18632 0 15264 1708 1707 9414 9411
25930 4 9684 58 53 7 7
39714 5 5407 3 3 173 148
31612 1 9688 4 4 3 2
1782 1 1781 3 2 5 2
34009 6 39128 316 313 147 146
25597 0 4132 4508 4508 39207 39197
16378 0 2054 2 2 17 1
12541 0 2054 2 2 22 5
2054 1 17904 3498 3498 4875 4874
18557 9 18725 2 2 2 2
40453 1 28165 2 2 5 3
7231 0 16733 27875 27875 2375 2375
17867 1 14085 3 2 3 2
36201 4 39259 1965 1964 9 9
17202 0 12720 27 27 84 75
28053 0 4049 310 310 17180 17167
25593 0 4049 2717 2717 32055 32040
4049 1 28361 2 2 5 3
22873 1 37187 9 2 2 2
37187 0 3391 2612 2612 18950 18946
30984 1 6485 5 3 4 2
12052 1 6794 3 2 4 2
6371 6 13857 14229 14224 3874 3873
1675 3 3261 8 4 6 5
32329 0 39076 20958 20958 12158 12158
1788 0 22163 2 2 8 4
8791 1 15310 3 2 8 2
13863 1 15310 11 3 7 2
3838 1 15310 4 2 10 3
36716 0 15310 54 54 907 907
23303 1 6584 3 2 11 5
9014 0 13840 66 66 3026 3022
9501 1 16279 4 3 3 2
9412 1 35482 6 2 2 2
26517 1 352 8 6 23 14
30651 1 30650 3 2 2 2
13606 0 5759 20 20 217 202
24242 4 40495 566 566 993 993
3024 1 8489 3 2 9 3
4914 4 5471 145 140 17 17
16649 0 11808 117 117 726 720
16580 1 16649 3 2 4 2
8882 1 30608 4 2 2 2
24380 6 4034 876 876 456 454
20967 1 38940 130 127 17 17
38940 1 20967 18 18 204 201
12345 4 32572 35 34 2 2
17336 1 6811 2 2 3 2
4393 0 21188 11 11 151 149
16082 0 19592 13526 13526 36738 36737
13599 4 38034 129 129 39 39
2399 3 852 5 3 2 2
26551 1 17969 4 2 4 2
19862 1 25685 8 4 3 3
33100 0 23835 26 26 42 36
38732 1 16818 2 2 4 2
30257 4 39983 107 107 55 55
2097 1 9439 7 3 7 3
8891 1 8890 2 2 6 3
10946 1 16189 19 16 7 6
23311 5 666 1 1 36 8
7605 1 16736 2 2 3 2
40896 0 23801 921 921 36173 36171
3152 1 34834 4 2 2 2
8027 0 17129 37135 37135 38935 38934
18036 1 23414 4 2 3 2
10896 1 5187 2 2 2 2
29378 0 14065 2 2 135 133
11268 1 18820 8 7 72 69
10603 3 7644 3 2 4 3
28163 6 33290 70 70 86 86
26372 1 2839 10 8 11 9
13731 1 3340 4 3 2 2
30635 1 27499 3 2 3 2
19561 2 12788 7 5 24 22
6316 1 14884 10 8 7 6
14884 1 6316 6 5 10 8
40071 0 542 27 27 1292 1279
24433 1 24432 2 2 2 2
8518 8 19686 58 53 21 21
36028 1 13581 2 2 4 2
23015 1 39472 3 2 2 2
29941 0 8121 635 635 302 297
11007 0 39628 2024 2024 3167 3166
38483 1 35975 2 2 2 2
27069 0 17594 5 5 918 917
31414 0 21528 451 451 269 266
10966 0 6448 703 703 2380 2376
7275 0 36151 6186 6186 9588 9587
10347 0 12311 2 2 186 175
40897 0 15992 32790 32790 40908 40903
29348 1 9181 2 2 7 2
181 4 20452 2847 2842 66 66
30056 0 13450 4359 4358 7934 7928
13510 0 34706 641 641 9927 9925
9041 1 8986 8 4 8 3
33052 1 6521 3 2 6 2
26934 4 36843 7593 7593 3291 3291
2778 1 2777 6 3 2 2
28399 9 24687 5 5 5 5
28399 0 7125 19 19 22 20
163 1 9522 6 2 3 2
38964 6 15538 3 1 3 1
36295 6 20656 37185 37185 36853 36853
7947 1 3044 5 2 9 2
24577 0 6103 2755 2755 7115 7112
39447 2 955 7 6 81 69
27080 0 35724 372 372 1537 1537
18317 0 16471 1878 1878 26546 26543
40899 0 1371 3445 3445 40527 40504
35847 0 1371 2 2 4374 4352
32447 6 14556 21 20 4 3
5046 5 5363 1847 1847 35068 35053
31855 0 1378 7 7 105 44
19994 0 1378 2 2 75 16
25740 0 1378 909 909 797 735
40676 0 1378 16301 16301 40653 40590
20832 0 2453 1989 1989 12019 11966
38637 0 35536 112 112 1487 1487
29542 6 38922 25 25 10 10
17578 1 8885 3 2 4 2
40900 0 3668 3852 3852 40427 40419
38879 4 40465 81 81 46 46
23645 1 3271 3 2 3 2
10717 1 23392 3 2 5 3
7129 6 37636 936 916 2 2
7129 6 39342 45 26 7 4
22752 1 11603 5 3 4 2
13171 0 2104 21621 21621 13724 13708
3840 4 25993 16 15 2 2
6976 1 6542 2 2 2 2
6504 0 17314 1453 1453 1924 1917
1218 1 18913 6 2 2 2
23637 1 22005 2 2 2 2
12259 4 40042 802 802 856 856
29053 0 31232 4 4 48 44
14841 1 11642 4 2 4 2
12434 1 11406 3 2 5 2
4571 1 19807 3 2 2 2
12516 1 16943 2 2 4 3
9471 1 28564 4 3 2 2
40902 0 30686 12984 12984 38809 38808
215 1 13069 8 3 3 2
28342 4 21955 503 503 303 303
4050 1 5908 4 3 2 2
10960 0 16571 8541 8541 15826 15825
3343 1 1512 6 2 4 3
15421 1 7039 7 2 4 3
40903 0 23890 20218 20218 40659 40658
18173 1 23932 3 2 4 2
26645 1 11702 2 2 2 2
15117 1 11702 2 2 3 2
7241 1 9423 3 2 2 2
15866 1 20662 3 2 5 2
308 1 23762 7 3 2 2
1602 1 20590 5 2 3 2
7541 1 7540 3 2 4 3
4015 0 32323 35499 35499 13359 13359
36003 2 3957 3 2 7 3
11479 0 4865 675 675 24346 24340
1202 0 14475 3647 3647 10773 10770
14612 1 19739 5 3 4 2
7024 0 6752 1206 1206 10666 10651
32853 0 5203 2383 2383 13215 13213
37253 0 40396 2821 2821 1546 1545
34648 0 16831 54 54 67 66
1613 1 3914 5 3 6 3
10826 0 26562 1681 1681 12684 12679
23101 1 12527 3 2 4 2
27830 0 8061 14719 14718 31083 31081
20864 1 6464 3 3 4 2
5262 6 29332 2025 2022 4888 4888
35821 0 16863 31236 31236 38646 38640
13407 1 4967 4 3 4 2
9713 1 18011 3 2 2 2
31393 4 27927 2681 2681 4893 4893
12347 1 13214 5 2 2 2
22063 1 36525 2 2 2 2
37425 0 4766 4080 4080 10237 10237
27152 4 38832 187 186 5 5
31830 5 24055 7 7 42 42
15799 6 17609 12 1 1 1
38974 0 621 2 2 999 998
17241 0 17150 1 1 3 2
2858 4 33960 320 288 19 19
26230 0 10765 2 2 22 15
19752 1 19897 3 3 3 2
38731 0 10922 104 104 9500 9497
30909 6 31031 5301 5301 26450 26450
40907 0 25161 31061 31061 32992 32990
36978 0 692 4 4 1467 1442
29708 0 692 3 3 201 178
20476 1 6724 4311 4310 8447 8445
40908 0 7921 15838 15838 40636 40636
2443 9 5163 7 6 2 2
12141 1 2443 3 3 4 2
7159 4 32394 195 193 54 54
9995 0 1520 43 43 638 628
3657 1 11758 8 8 114 110
687 6 27283 40445 40424 10664 10664
8662 0 716 15 15 1286 1248
7974 1 3145 5 2 7 5
24517 1 9302 2 2 5 3
7449 0 7095 5144 5143 2962 2962
31989 4 40175 43 43 2 2
40909 0 3338 5170 5170 38732 38724
19172 0 15730 14 13 12 11
15433 6 23550 8194 8191 199 199
15869 1 9418 4 2 4 2
27694 3 13419 2 2 4 3
21543 0 14367 7590 7590 15506 15500
5015 4 5256 12 5 1 1
16016 1 10865 3 2 2 2
2379 0 14652 5726 5726 15314 15314
40910 0 10662 18469 18469 40816 40808
13388 1 17572 3 2 3 2
38526 0 17405 36932 36932 38047 38039
9889 0 38560 8255 8255 13466 13465
11600 0 13047 4 4 18 10
40912 0 9931 29626 29626 40776 40776
36575 0 34172 18878 18878 27913 27910
19960 6 20910 26010 26009 2849 2849
10868 1 6529 4 2 5 2
25398 1 30292 2 2 4 2
13664 1 23487 4 2 4 3
40913 2 1214 2616 2616 40730 40711
13094 2 1214 3 1 19 1
16437 0 26208 956 956 2993 2991
22757 1 22756 3 2 3 3
40260 0 26108 7 7 125 123
32735 0 5654 2 2 8 5
3447 1 9780 9 4 4 3
14404 1 3447 3 2 9 4
7985 1 4209 2 2 6 3
40915 0 10407 15344 15344 40452 40452
6851 1 6468 4 3 7 3
15604 3 4192 10 10 11 11
9074 0 2243 141 141 1942 1941
16945 1 27937 2 2 2 2
37937 2 17319 4 3 8 5
17444 1 7040 2 2 3 2
24542 0 21434 19914 19914 16333 16332
19654 0 38248 20583 20583 389 389
40916 0 25194 4745 4745 40475 40474
3512 1 1507 5 2 3 3
35515 4 5683 3098 3098 2303 2303
26598 1 13630 2 2 2 2
3815 1 39428 3 2 2 2
4037 0 16708 4 4 52 48
29698 0 8868 6577 6576 13225 13224
15051 1 14230 2 2 6 2
1006 3 17460 5 4 16 12
20944 1 2415 4 2 6 2
9847 3 11802 9858 9851 2372 2372
19964 4 40677 40832 40829 35361 35361
23100 1 23574 3 2 3 2
21645 1 16026 3 2 4 2
3046 0 140 6933 6933 34352 34346
1732 6 23260 13 1 1 1
29279 4 22476 153 153 33 33
21641 0 8412 4950 4950 2411 2410
40283 0 13935 2 2 25 22
20075 1 5623 4 2 4 3
32173 0 25942 14 14 367 364
17114 1 9438 2 2 3 2
33419 4 28271 286 284 38 38
40917 0 5681 27540 27540 40283 40282
15907 1 15906 2 2 5 2
15906 1 26088 5 2 3 2
14098 4 39569 143 141 50 50
4725 1 3135 4 3 5 4
24645 1 21259 3 2 3 2
22111 1 25386 2 2 2 2
11499 1 5619 3 2 5 2
3068 1 3431 6 2 4 3
7765 1 7764 4 2 3 2
11813 1 30361 9 2 2 2
13330 1 4080 3 2 3 2
40919 0 27595 14518 14518 40674 40673
26579 0 27595 1052 1051 12137 12137
20569 1 7364 3 2 9 3
27835 1 30774 2 2 2 2
2212 6 39573 40514 40514 5613 5613
29644 1 22647 2 2 3 2
28102 1 13943 2 2 3 2
39806 0 4094 6095 6095 6217 6217
11333 0 1873 53 53 1703 1694
7708 1 7707 2 2 2 2
20826 6 37122 3688 3687 10836 10836
35116 1 2058 2 2 6 2
4697 1 3858 3 2 4 2
11455 4 7090 88 84 2 2
40921 0 10175 13664 13664 40828 40822
38431 1 28014 2 2 2 2
12033 1 19844 2 2 4 2
5245 0 33893 12897 12897 24258 24258
34222 0 38513 31 31 242 241
8695 1 8694 2 2 5 2
3104 1 3103 2 2 3 2
15438 1 11384 4 4 4 2
31721 1 24228 3 2 2 2
2370 4 3245 304 283 18 18
8754 1 6098 7 4 4 3
8754 1 4244 5 3 4 2
18988 0 27345 122 122 2069 2068
40923 0 13663 9997 9997 40746 40725
11049 0 722 19 19 4871 4863
38784 0 6570 24 24 1700 1685
16141 4 16183 10 8 5 5
496 1 32512 4 2 2 2
37743 1 14493 2 2 7 4
5090 1 38941 3 2 2 2
34217 1 30032 3 2 2 2
16865 1 8774 2 2 3 2
26008 1 24248 1355 1353 545 545
37763 1 3707 2 2 2 2
22457 6 34682 37083 37083 33040 33040
33138 1 11811 2 2 2 2
25767 4 33687 133 133 138 138
13958 4 28025 1210 1202 11 11
656 1 37010 4 2 2 2
10583 1 2117 8 4 11 5
20736 1 17537 4599 4599 1834 1833
10184 0 28333 94 94 63 59
38142 0 26564 36246 36246 21214 21214
3096 4 25112 376 368 71 71
15613 0 15381 4 4 232 228
22584 1 12684 2 2 4 2
10350 1 13671 3 2 3 3
7514 1 25165 5 3 4 3
25852 1 20593 2 2 3 2
14893 0 27550 22 22 1692 1692
22787 1 22786 2 2 3 2
5300 0 27067 26 25 147 147
622 0 8078 1 1 43 32
24444 8 33475 112 112 4229 4229
35002 0 19318 898 898 15748 15746
5466 0 115 2171 2171 18759 18743
19843 0 2682 3 3 21 20
22395 0 5140 3385 3385 11437 11433
20504 0 11647 4 4 189 180
11184 4 27448 9466 9457 70 70
33563 0 18375 19808 19808 530 530
19846 1 18645 40376 40374 32652 32651
23722 0 20561 14216 14216 29723 29723
36869 1 18872 2 2 8 3
1358 1 1357 4 2 3 3
13443 1 1717 4 2 4 2
9968 1 13305 4 3 6 2
6222 1 29825 3 2 3 2
19156 0 89 3492 3492 38796 38779
28882 9 3696 2 2 2 2
40924 0 22072 282 282 38418 38414
30066 1 7387 2 2 5 3
15533 0 7387 81 81 2981 2975
6506 6 39335 835 828 71 71
29368 0 40057 40721 40721 29961 29961
27225 6 33459 42 35 6 6
34773 0 34386 12898 12898 38103 38101
40449 0 1803 13054 13054 25666 25658
21774 6 9252 2453 2453 7573 7573
18483 1 17730 3 2 4 2
18247 1 33545 2 2 2 2
38623 0 5839 1506 1506 12550 12545
4359 1 29197 3 2 6 2
29197 1 13612 6 2 8 5
27198 1 6242 3 3 5 2
27447 1 4053 2 2 4 4
13806 1 28087 3 3 3 2
40925 0 19888 20555 20555 40617 40617
9983 4 21913 202 200 20 20
20348 0 11447 5 5 2 2
38036 0 1666 6578 6578 19552 19541
32679 0 34089 30278 30278 19271 19271
35965 4 17251 50 50 79 79
18481 6 27900 10800 10800 3266 3266
37628 1 32564 2 2 3 2
4466 1 21189 5 4 4 2
640 1 7220 3 2 3 2
24070 0 18975 5745 5745 9367 9365
2758 1 22165 2 2 3 2
4556 1 9927 4 2 6 2
40353 0 10745 3362 3362 12315 12310
19632 1 35311 2 2 2 2
39784 1 31199 2 2 2 2
4594 0 5891 112 112 5100 5096
4491 0 19288 5491 5491 34507 34505
30729 4 33668 313 313 579 579
34985 0 3925 1048 1048 13348 13344
28487 1 7168 2 2 5 2
26416 1 36198 4 2 2 2
34811 0 1272 1761 1761 12250 12232
3263 1 2390 4 2 6 3
11689 0 15537 42 42 192 189
28752 0 4416 3 3 6 5
27422 0 8663 7 7 1868 1866
5643 1 3754 3 2 3 2
11366 1 26527 8 4 5 2
24792 1 893 2 2 3 2
6657 1 21399 3 2 2 2
18566 1 6657 2 2 3 2
39413 0 5325 45 45 8919 8893
11969 1 26616 3 3 3 2
36488 1 6245 2 2 6 2
11151 1 17991 3 2 4 2
3136 1 16161 3 2 3 2
30980 0 3884 2367 2366 16207 16202
30250 1 32816 3 2 3 3
4638 1 29948 2 2 2 2
27855 0 9636 11578 11578 3875 3875
22777 1 35880 4 2 2 2
3901 1 1387 3 2 3 3
22243 0 13777 3593 3593 34322 34313
5542 1 30223 7 3 3 2
38033 0 20954 7041 7041 11519 11519
29753 0 15565 718 718 6640 6632
29266 4 13537 11466 11466 1909 1909
1937 6 25054 1671 1668 2749 2749
21124 0 14843 4647 4647 31254 31251
40927 0 290 39901 39901 39828 39782
31744 4 8674 165 164 43 43
40127 0 2558 119 118 2027 2012
2529 4 12558 1130 1123 115 115
7694 1 33571 4 2 3 3
22610 0 27194 5 4 32 27
30249 0 6066 9786 9786 18451 18450
658 0 13432 840 840 8123 8117
40928 0 9369 122 122 35490 35489
38434 0 9010 6446 6446 15910 15909
30241 6 28445 297 294 4 4
35998 1 12005 2 2 5 2
37809 2 18294 9926 9925 20502 20500
11424 1 34792 9 3 3 3
35840 0 11072 848 848 38023 38018
28978 1 22902 2 2 2 2
11576 6 38596 1676 1674 641 641
1930 4 36216 3967 3960 439 439
7939 1 10211 5 2 4 3
28794 4 27413 147 147 15 15
5741 0 1817 5583 5583 740 740
5741 6 31343 20 17 3 3
19214 6 3845 128 124 4 3
23468 1 1116 4 2 4 2
19251 1 13436 3 2 10 6
30832 0 17008 25860 25859 19352 19352
10086 1 10085 2 2 5 2
20123 1 21785 4 3 5 2
29801 1 16682 2 2 5 2
2714 6 17927 131 87 24 20
3544 6 29062 19 8 4 3
16737 0 2582 188 188 6262 6258
37791 0 27732 1219 1219 9646 9641
17526 4 11245 2299 2297 73 73
1533 0 604 1789 1789 12749 12738
39727 1 9142 2 2 6 2
13018 3 4849 7 5 8 7
32445 0 36854 156 156 29000 28998
30065 6 21979 456 456 8961 8958
1742 6 21979 15269 15269 34332 34328
23039 1 22926 4 2 2 2
32339 1 27741 3 2 4 2
17262 4 33581 450 449 75 75
26419 1 3896 2 2 3 2
2404 6 17683 431 429 90 90
33189 0 14812 266 266 1920 1916
26452 9 7754 9959 9959 18669 18668
19015 1 28438 2 2 2 2
12913 1 9397 2 2 4 2
40931 0 27727 22056 22056 40433 40432
1419 1 22014 4 2 3 2
22075 4 35020 143 142 81 81
14470 4 37913 125 124 12 12
28719 0 7960 783 783 9337 9337
8597 1 843 2 2 4 2
14278 0 7240 34331 34331 34807 34790
2970 0 8651 579 579 2832 2831
17407 6 4098 11937 11936 2905 2905
15599 5 6014 44 44 806 803
23298 0 37796 3 3 4 2
23743 4 1839 1803 1799 465 465
9242 1 9241 2 2 3 2
40932 0 8840 26386 26386 40853 40845
20097 1 39891 6 3 2 2
28366 1 34247 5 4 2 2
23644 0 37462 11499 11499 1708 1708
9572 9 9571 5 5 2 2
30724 1 28310 2 2 3 2
18933 4 6687 800 798 24 24
17759 0 2861 80 80 2729 2721
40933 0 15371 11441 11441 40625 40621
38707 1 6267 2 2 3 2
4208 1 4207 4 3 4 3
15219 1 38553 3 2 2 2
23158 4 15716 198 198 69 69
21950 1 27256 4 2 3 2
34499 0 3934 26179 26179 32848 32845
35578 1 3227 2 2 3 2
7908 1 6243 79 72 11 10
1914 6 14604 747 723 334 334
38010 0 30717 278 278 3551 3550
40934 0 22330 1982 1982 39873 39873
36509 0 1481 9229 9229 26735 26734
17630 1 5576 4 3 3 2
16260 4 1174 217 211 10 10
8162 2 27707 685 685 1638 1638
28523 9 16965 2 2 3 3
40935 0 16658 30217 30217 40768 40765
25614 0 86 154 154 995 992
18620 3 6300 3 2 4 3
10303 0 1380 7 7 45 30
37033 0 20187 57 57 17 16
26386 0 18443 12159 12159 6848 6848
38926 0 5480 844 844 12273 12272
29831 0 12577 3 2 49 42
15782 0 21097 1808 1808 18730 18727
22438 1 8094 2 2 4 2
40936 2 3999 9850 9850 40749 40710
1838 0 11464 3178 3178 33351 33349
14405 6 31106 756 753 420 420
38576 6 23883 214 214 549 549
17088 4 35425 5086 5086 1042 1042
849 10 13402 5 5 7 7
31905 1 5241 3 2 5 3
5409 0 9991 4 4 16 14
7245 0 31986 6426 6426 17842 17841
34983 1 16742 2 2 3 2
10762 1 12714 4 2 3 3
10953 0 273 245 245 2264 2249
26769 0 1194 2 2 4 2
12790 6 38666 12 11 17 16
20833 0 14547 7143 7143 22202 22202
31477 0 20633 44 44 2328 2326
25922 1 17748 4 2 3 2
35874 0 3549 8 8 49 34
24436 1 2798 2 2 3 2
25966 1 11230 2 2 2 2
16275 1 18980 4 2 7 3
7862 4 17841 187 184 6 6
12959 0 12265 4247 4247 18669 18669
40938 0 25310 22930 22930 36902 36900
35627 0 3269 2 2 6 3
18098 1 22245 8 2 2 2
35614 0 5846 1 1 31 1
29207 1 24456 3 2 5 2
1048 1 24443 3 2 3 2
22767 5 6095 1 1 4 1
12231 0 16476 1 1 9 3
19496 1 30112 2 2 5 2
40940 0 7382 89 89 39967 39964
8838 1 20614 5 2 4 3
30101 1 30632 5 3 4 2
9830 1 34527 3 2 3 2
40941 0 13946 33964 33964 37984 37982
28643 0 11339 4 4 434 430
13847 1 14386 2 2 4 2
27260 1 35256 3 2 3 2
35120 4 33416 763 760 100 100
6728 1 6727 14 4 4 2
