1678 7 40551 337 101 1 1
1678 7 18056 411 172 1 1
1678 7 30089 288 56 1 1
1678 7 36781 265 34 1 1
1678 7 18000 364 126 1 1
1678 7 9202 255 26 1 1
1678 7 26036 9546 9305 4 4
1678 7 35669 256 26 1 1
1678 7 40887 40582 40339 105 105
1678 7 38204 24910 24668 6 6
17935 9 35175 5 5 2 2
785 8 10116 32048 31582 55 55
785 8 37575 1823 1379 1 1
785 8 21817 37467 36996 89 89
785 8 18729 464 21 5 3
785 8 12268 7206 6759 2 2
785 8 29200 20574 20119 3 3
785 8 23537 28643 28181 23 23
785 8 6770 24451 23994 12 12
785 8 1493 25882 25423 7 7
785 8 28822 36469 35999 72 72
785 8 15703 8013 7565 14 14
785 8 8245 18840 18387 8 8
785 8 36761 24954 24496 3 3
785 8 155 32771 32304 14 14
785 8 39420 33062 32594 6 6
785 8 38749 28925 28461 16 16
785 7 11761 4776 4762 25 25
16176 4 33688 2062 2060 1138 1138
18671 0 11241 4 4 28 14
19621 0 11241 54 54 1109 1094
15582 0 4030 9 9 445 416
25033 0 4030 1 1 47 21
31351 0 4030 8 8 298 270
19165 0 2969 36 36 274 265
21012 1 19165 5 2 3 2
16748 6 29001 150 149 215 213
31740 0 1183 3 3 783 740
26184 1 32091 22675 22672 1186 1186
32091 1 26184 2197 2197 26250 26247
4194 1 6975 2 2 3 2
6975 1 3569 3 2 8 3
15602 0 4367 367 367 9957 9928
6546 0 4367 4 4 1777 1750
24512 1 24859 2 2 2 2
33182 0 5053 4245 4245 20795 20792
5945 6 10270 56 53 74 73
5109 0 22368 1087 1087 22979 22974
20774 0 8060 656 656 209 209
12274 1 9268 2 2 3 2
12842 1 15886 6 2 3 2
13394 1 3789 4 2 2 2
13394 0 3459 4141 4141 35320 35311
38200 3 8055 4 3 12 10
36698 0 586 71 71 3465 3387
13143 0 586 5 5 1403 1326
7684 1 586 4 3 8 3
586 3 772 198 187 26 25
586 3 3510 119 109 10 10
586 1 11276 11 4 4 2
38212 2 121 6 6 1334 838
34053 2 121 13 13 869 381
21130 2 121 2 2 742 257
22680 2 121 2 1 484 6
33440 2 121 3 3 878 389
37929 2 121 4 4 923 432
25514 2 121 17 17 1628 1126
31531 2 121 2 2 1430 932
15287 2 121 40 40 3120 2612
30007 2 121 2 1 488 9
33594 2 121 10 10 1215 720
31050 2 121 47 47 1635 1132
10443 2 121 2 1 477 3
13776 2 121 2 1 490 10
28371 2 121 13 13 1524 1024
25046 2 121 6 6 847 360
29285 2 121 2 2 645 163
29029 2 121 5 5 1062 570
39017 2 121 3 3 902 412
36587 2 121 9 9 1496 997
29042 2 121 26 26 2304 1797
20341 2 121 5 5 1140 646
33915 2 121 33 33 1978 1472
14588 2 121 2 1 481 5
121 6 39924 771 767 1011 1011
40757 0 1311 1669 1669 40619 40602
40804 0 1311 4490 4490 40800 40782
1311 0 896 294 294 1599 1594
18270 1 18269 4 2 2 2
13049 0 4990 14 14 650 631
36351 0 4990 12 12 1633 1613
29179 1 10971 2 2 2 2
23886 0 6769 5 5 17 16
30612 0 4411 3275 3275 14176 14175
14866 0 3633 13 13 1220 1215
35748 0 11399 1141 1141 35611 35604
31413 0 15186 4 4 4 2
20145 0 11015 748 748 7610 7609
40728 5 914 868 868 40659 40365
28450 5 914 2251 2251 30342 30051
7848 5 914 4 4 804 522
35945 5 914 3 3 2879 2592
25546 5 914 2 2 4170 3881
38155 5 914 3 3 1773 1488
36490 5 914 2 2 8444 8154
31958 5 914 1 1 394 114
16022 5 914 92 91 1910 1624
1595 5 914 3 3 1708 1424
5734 1 377 4 2 3 2
22785 0 5734 18 18 302 301
1255 6 24915 3027 3027 15603 15603
14244 1 11981 2 2 6 3
19390 0 4369 9 9 67 48
15364 0 4369 167 167 9787 9766
6533 0 4369 10036 10036 29737 29714
20079 0 4369 304 304 12740 12718
3634 1 4369 6 3 2 2
10990 1 4301 7 2 3 2
16398 1 2783 4 3 10 3
2783 1 1316 10 3 6 2
31737 0 16660 2 1 14 1
40758 0 6286 8744 8744 40706 40694
36771 0 6286 4 4 71 60
23301 0 6286 19 19 42 32
6286 1 7865 3 3 4 3
40759 0 45 32732 32732 40848 40845
45 1 44 14 3 2 2
30663 4 40225 35 34 16 16
14235 0 20549 682 682 32895 32890
20549 1 8731 4 3 6 2
15727 0 20842 6 6 7 6
28017 0 10090 154 154 24034 24020
40795 0 10090 12262 12262 40713 40698
32851 1 11382 2 2 5 4
21858 0 14369 10 10 364 360
34003 0 20650 18 18 41 40
5656 1 624 3 2 7 2
624 1 34337 7 2 2 2
32035 1 33317 2 2 2 2
6074 0 11052 15300 15300 14636 14636
6074 1 6073 3 2 2 2
31355 4 35983 226 223 88 88
10203 0 23680 1825 1825 8869 8869
34114 4 1598 75 74 4 4
15430 4 617 21 7 3 1
617 6 23164 1876 1861 251 251
40760 0 3796 2007 2007 40619 40608
40898 0 3796 6434 6434 40727 40715
27089 0 25460 1 1 9 1
38920 0 20791 317 317 2789 2789
26740 0 15987 9 9 354 349
26740 5 4475 1 1 77 57
33592 0 3640 4 4 541 472
21749 0 16741 7 7 78 74
40287 6 21134 6 6 5 5
14022 1 6297 7 3 2 2
14504 1 14022 2 2 7 3
40761 0 448 5928 5928 40797 40772
23685 1 146 3 2 4 3
24780 0 39997 27439 27439 27154 27154
40762 0 1763 7113 7113 40796 40791
6572 1 6944 7 3 4 2
6944 0 1701 492 492 7384 7377
4031 1 9327 9 2 5 2
37067 1 10473 2 2 3 2
23647 0 1338 16 15 124 97
23277 0 13709 35 35 4120 4101
3947 0 12235 496 496 13770 13761
12250 1 12717 2 2 2 2
271 6 40026 1383 1356 165 165
14931 1 36099 87 85 375 374
36099 1 14931 415 414 117 115
36099 1 27949 2 2 3 2
14576 5 2971 13 13 400 337
13484 5 2971 1 1 63 1
7443 1 25067 7 4 4 3
16880 0 18633 2217 2217 9549 9543
16881 1 16880 3 2 5 3
17282 0 228 27 27 5759 5684
33871 0 228 2 2 3243 3170
40763 0 987 743 743 39077 39072
20046 0 4696 157 157 3013 3006
8415 2 7033 3 1 6 1
15870 1 18392 3 2 5 4
25017 9 18392 3 3 4 3
3787 1 8742 3 2 6 2
23980 0 3787 1634 1634 5343 5326
8742 1 19068 9 5 10 5
11482 1 10803 3 2 2 2
2901 0 30222 23410 23410 28015 28015
10757 0 3459 90 90 5254 5247
26302 0 3459 1932 1932 5806 5798
10581 4 27666 11376 11376 17893 17893
11449 2 6220 25 24 446 439
258 6 35861 2239 2235 360 360
25183 3 11235 459 459 6459 6458
15107 1 15106 2 2 2 2
20809 4 32820 490 472 29 29
20809 4 32206 1098 1079 156 156
4981 1 17073 4 2 3 2
16542 0 4523 30 29 226 224
40894 0 16542 22774 22774 40073 40071
10161 1 10160 3 2 5 2
10160 0 15134 848 848 4427 4420
26185 1 15249 2 2 2 2
1771 1 1770 9 4 3 2
1771 1 9610 11 5 5 2
1771 1 36226 6 2 2 2
24128 0 8842 249 249 6381 6378
26157 1 31405 3 2 3 2
31405 1 31404 3 2 2 2
6096 1 29574 5 2 2 2
31306 6 34770 407 407 7484 7484
65 9 439 2 2 2 2
9078 1 23938 3 2 3 2
10215 0 5164 62 61 4700 4691
1559 8 14508 61 43 3 2
1559 8 25902 35281 35262 18 18
23501 0 1668 3440 3440 28407 28335
20112 1 27611 2 2 2 2
29717 0 30926 9038 9038 38450 38449
40020 0 17095 20811 20811 39880 39879
23138 0 1929 4 4 264 40
38723 0 1929 3 3 707 478
27757 0 1929 1 1 221 1
35086 0 1929 2 2 231 9
20750 0 1929 2 2 225 4
38906 0 1929 3 3 403 176
18333 0 1929 4 4 674 446
15970 1 3369 3 2 4 2
8306 2 25327 2 1 18 11
25327 5 3250 41 41 397 385
32633 1 5596 3 2 7 3
30166 0 5644 4 4 505 488
3771 0 5644 8 8 571 553
36968 0 18425 6531 6531 28506 28503
4765 1 4764 3 2 7 3
17970 0 4765 20 20 2234 2229
13604 2 251 1 1 19 10
37309 0 30216 1173 1173 2664 2664
38488 0 19873 14159 14159 8190 8189
21703 2 1136 3 2 281 211
37709 2 1136 3 2 223 154
29422 2 1136 3 2 87 20
34900 2 1136 3 2 169 101
4319 2 1136 10 10 798 727
35289 1 33808 2 2 3 2
7560 1 5488 3 2 6 2
40937 0 5488 18490 18490 40025 40022
13163 0 5488 8903 8903 21885 21883
3087 1 18847 3 2 3 3
27819 0 3087 10737 10737 34311 34296
29206 1 25712 3 2 2 2
4485 0 608 16 16 1115 752
4485 1 4213 5 2 6 2
2562 0 608 2706 2706 17109 16729
20006 0 608 602 602 17154 16773
40838 0 608 2888 2888 40180 39790
40777 0 608 18162 18162 40739 40338
39245 0 608 32451 32451 32586 32201
40814 0 608 13089 13089 40541 40144
14223 0 608 1515 1515 12186 11813
1328 0 608 131 131 20538 20155
40785 0 608 3154 3154 40201 39810
40830 0 608 8677 8677 40391 39998
28595 0 608 24088 24088 37721 37333
7793 0 608 17035 17035 32784 32398
40884 0 608 6239 6239 40433 40038
30256 0 608 3 3 2414 2049
33590 0 608 288 288 8358 7991
40793 0 608 2604 2604 40309 39917
37242 0 608 3396 3396 23949 23565
9757 0 608 808 808 8625 8257
21406 0 608 155 155 16775 16396
40764 0 29777 10186 10186 40752 40750
13128 0 959 8 8 3984 3953
35052 0 959 14856 14856 30896 30864
14092 1 7130 4 3 4 2
40765 0 18 7773 7773 40881 40881
37609 0 25129 1027 1027 14781 14776
3268 1 10028 3 2 5 3
40766 0 35564 36024 36024 40408 40407
15729 1 12999 30 27 14 12
12999 1 15729 14 12 28 25
35258 4 25396 50 50 35 35
38187 1 29741 2 2 3 2
38187 0 2275 21 21 3192 3160
40767 0 15247 16952 16952 40195 40192
27131 1 17012 2 2 2 2
15936 0 23068 14 14 7 5
7803 1 13968 24 22 45 43
13968 1 7803 32 30 18 16
40572 0 32910 16531 16531 40198 40195
39830 0 32910 3 3 8 6
14004 0 25065 5 5 19 16
25065 0 4789 42 42 387 385
32733 0 248 19 19 322 313
10121 0 248 46 46 480 470
30194 0 7722 18 18 567 555
23606 0 4877 14 14 2465 2454
32247 0 4877 4 4 208 198
30622 0 2318 1 1 146 26
26982 0 2318 11 11 746 618
9320 0 2318 7 7 467 342
26224 0 2318 126 126 1805 1675
18713 0 2318 10 10 524 398
38875 0 2318 136 136 2796 2665
3443 1 12083 3 2 3 2
13887 0 3443 609 609 19619 19607
18271 0 3443 4 4 99 89
4423 0 24850 3 3 5 4
1038 4 13190 301 135 11 11
1038 4 40447 306 137 9 9
1038 4 33781 304 136 11 11
1038 4 31677 303 136 7 7
1038 4 7455 284 119 9 9
23751 4 8080 43 39 5 5
8080 4 23312 27 24 3 3
25625 5 2176 84 84 10360 10255
24036 5 2176 10 10 6228 6124
18415 5 2176 9 9 3430 3327
29637 0 28168 192 191 828 823
17924 0 7315 2675 2675 20736 20731
13300 0 11301 758 758 3260 3248
13300 6 14769 11125 11122 14587 14586
25115 0 11301 22 22 318 309
20438 0 11301 327 327 2848 2837
37862 0 11301 73 73 2047 2037
34851 4 31118 38 37 7 7
40242 0 24346 4186 4186 27988 27985
26644 1 4985 2 2 3 2
26644 1 16054 3 2 3 2
8110 0 12168 5 5 240 204
36165 0 12168 357 357 7854 7817
22455 6 27199 379 379 22125 22125
7288 1 36878 2 2 2 2
19322 5 7288 194 194 8678 8663
40768 0 1784 14464 14464 40781 40733
15769 0 1784 16 16 947 902
40438 0 1784 230 230 23155 23109
40839 0 1784 4774 4774 40651 40604
27441 0 25270 27139 27139 35390 35389
25270 0 6354 4669 4669 8796 8793
12380 1 20717 5 2 3 2
3729 0 20717 804 804 37370 37359
176 1 25906 957 956 12428 12425
25906 1 176 6927 6924 521 520
40769 0 10981 25664 25664 40931 40930
24894 0 7247 6 6 22 13
27000 0 7247 677 677 33317 33307
17047 0 13439 5136 5136 17578 17578
40770 0 3005 546 546 40388 40374
12076 1 3005 3 2 9 3
12740 4 40747 38906 38906 3624 3624
16545 1 14634 2 2 10 3
4313 1 3457 9 4 8 4
1482 0 13752 2375 2375 832 832
1482 1 35255 6 2 3 2
11251 1 13752 3 2 3 2
28721 1 22741 2 2 2 2
28721 0 15897 2 2 156 153
3761 0 8987 4436 4436 4023 4023
8987 3 23784 7159 7159 3193 3193
7280 1 26118 3 2 3 2
28912 1 26118 3 2 2 2
38386 0 1904 1 1 3 1
6607 1 11157 5 2 3 2
637 6 31616 1282 1239 99 99
637 6 39715 850 809 66 66
637 6 14054 105 66 7 7
637 6 39536 569 529 21 21
637 6 23571 1260 1218 117 117
637 6 40404 1326 1282 131 131
637 6 29851 1845 1800 112 112
5767 4 21704 525 507 25 25
3432 4 7926 244 242 3 3
3509 0 3407 157 157 2038 2035
13238 0 3407 221 221 2885 2881
26647 1 3407 4 3 7 2
24287 1 17938 3 2 3 2
36533 9 24287 4 4 4 3
17939 1 17938 2 2 4 2
9673 1 8487 6 3 5 2
7998 1 9673 5 2 4 2
8487 1 7998 4 2 5 2
3814 1 3548 5 2 2 2
23744 0 296 6 6 784 638
21505 0 296 132 132 2135 1985
7397 0 296 1 1 142 1
10506 0 296 1 1 140 1
38028 0 296 5 5 209 66
12013 0 296 59 59 1288 1140
15119 0 296 3537 3537 6684 6532
36945 0 296 24 24 870 723
36798 0 51 13 13 892 698
38369 0 51 28 28 1218 1022
40705 0 51 16064 16064 40830 40629
20387 0 51 61 61 2317 2119
40810 0 51 20739 20739 40866 40663
27837 0 51 2 2 286 94
5886 0 51 4 4 670 477
20051 1 20050 3 2 4 2
20861 1 5558 3 2 6 4
26868 0 6233 5 5 265 256
26868 1 5872 4 2 5 2
37434 0 917 33 33 6707 6704
25228 0 917 1141 1140 67 65
20402 0 16155 13010 13010 32220 32219
30004 0 2482 614 614 39166 39156
18986 0 2482 6 6 95 86
39024 0 29467 9778 9777 4419 4418
38724 0 29467 12583 12583 25198 25196
36561 5 129 2 2 879 835
1583 0 129 919 919 29494 29485
406 1 1287 6 4 12 3
23997 1 406 3 2 3 3
18173 1 1287 7 5 14 4
40882 0 1287 8050 8050 40797 40757
332 0 1287 6 6 246 208
18612 4 33576 62 42 4 4
18612 4 19325 38 19 1 1
12266 4 18612 9 2 1 1
5940 0 532 1 1 76 2
1521 0 532 2 2 132 54
40279 0 532 1 1 77 2
30426 0 532 1 1 80 3
15231 0 532 1 1 78 2
40771 0 10613 15863 15863 39580 39569
29184 1 22723 4 2 3 2
29184 1 30903 3 2 2 2
6386 0 26454 7902 7902 35106 35102
3277 1 37105 3 3 2 2
31630 0 33081 6047 6047 40170 40169
33081 0 3606 868 868 10953 10940
1354 1 1353 3 2 7 2
4940 6 40772 40750 40748 2873 2873
4385 0 4940 42 42 7816 7806
29446 0 4940 588 588 35005 34994
24366 1 7539 2 2 2 2
9683 6 40773 40771 40770 6663 6663
40773 0 2732 23501 23501 40875 40872
33864 0 13576 2 2 14 9
28351 1 685 2 2 2 2
35900 3 685 2 2 25 22
8053 1 32295 8 2 3 2
35212 0 8053 37 37 824 822
8643 0 1819 9 8 89 83
7117 1 8643 5 3 4 2
24594 5 1819 5 5 5205 5165
3210 5 1819 1 1 38 1
27467 0 31416 2404 2404 38026 38024
464 1 3675 2 2 8 2
3675 1 12232 7 2 3 2
3675 1 19310 8 2 3 2
4006 1 7203 5 2 3 2
1307 1 11050 3 2 11 2
10097 6 15251 542 542 674 674
21168 1 10097 5 4 4 2
23083 0 26718 12270 12270 14355 14355
21673 0 26120 7571 7571 27125 27124
26120 0 6426 3 3 33 25
24650 0 27939 15404 15404 31003 30999
38457 1 9568 2 2 3 2
27178 0 2497 14 14 4725 4627
31174 0 2497 2 2 8131 8031
19058 0 2497 2 2 433 341
23035 0 2497 4 4 1773 1677
5147 0 2497 49 49 3067 2970
5305 1 1 6 3 3 2
29442 1 5305 4 2 6 3
12784 4 1630 75 70 3 3
12784 4 5463 259 253 10 10
25315 1 20655 6 3 4 3
8198 0 20655 1246 1246 5337 5333
20655 1 5129 3 2 6 2
931 0 2275 2823 2823 11818 11784
11433 0 2275 302 302 8249 8216
14758 0 9787 14 14 5174 5155
36898 0 1686 3820 3820 30242 30234
40774 0 16369 13872 13872 40410 40405
17226 1 10110 2 2 3 2
27870 2 2023 1 1 82 32
18478 2 2023 5 5 1204 1152
11490 2 2023 6 6 1246 1193
20278 2 2023 13 13 1490 1436
16554 1 29212 4 2 3 2
29212 0 34093 5425 5425 1137 1137
36825 0 20796 1 1 7 2
5335 5 9988 469 469 12721 12718
29725 5 9988 56 56 6379 6377
1864 4 39744 391 310 51 51
1864 4 12986 384 304 29 29
1864 4 9221 263 184 21 21
1864 0 1703 1 1 32 1
12378 1 3604 3 2 6 2
9895 1 13428 7 3 2 2
15667 1 15666 2 2 3 2
2507 3 4435 245 244 170 170
6789 9 2507 2 2 5 4
16918 1 2507 7 3 13 5
20071 4 20803 66 61 2 2
20849 1 14778 5 3 2 2
13053 1 24622 2 2 5 2
40284 1 24622 2 2 6 2
19366 0 20234 3831 3831 13128 13126
26315 0 19366 2 2 54 47
35882 2 2524 1800 1799 3555 3511
33234 2 2524 2 1 43 2
40939 2 2524 812 812 40769 40724
8199 0 15331 378 378 4218 4216
19502 1 12706 3 2 3 3
11732 1 7659 3 2 6 2
29649 0 11732 12095 12095 32247 32239
7659 1 7279 7 2 5 2
12815 4 27688 230 208 9 9
12815 4 20570 1432 1409 246 246
26871 0 2084 1930 1930 1679 1679
4955 6 15531 7 6 17 14
8178 1 11153 2 2 2 2
2181 6 20785 1169 1152 386 386
2181 6 11583 1251 1233 150 150
23792 0 30977 11 11 1277 1272
4102 4 38587 411 400 114 114
40775 0 35896 27562 27562 40236 40235
6696 1 21296 4 2 3 2
21295 1 6696 2 2 4 2
8023 1 21296 4 3 4 2
3303 0 10707 12145 12145 22854 22828
17408 0 4099 7702 7702 33720 33719
23226 0 34449 6630 6630 31973 31972
4136 1 4135 5 2 2 2
39465 0 16668 629 629 13368 13364
16257 0 23562 665 665 510 505
4227 6 32367 3500 3497 81 81
40607 0 4227 21450 21450 40905 40902
16679 1 16678 2 2 3 2
1122 9 23212 6 5 3 3
23212 0 2918 6 6 628 551
7532 1 7531 7 3 4 3
29273 1 14570 2 2 7 4
5949 0 3779 5 5 628 575
8913 0 3779 607 607 10178 10123
23795 2 2580 1 1 49 10
9939 2 2580 11 11 1415 1373
20115 2 2580 1 1 82 42
36622 2 2580 1 1 47 10
15250 5 2644 48 48 4958 4942
4951 1 5069 3 2 5 2
7948 1 8993 2 2 2 2
3755 1 18943 4 2 3 2
18943 1 30961 3 2 3 2
17857 1 11523 3 2 4 2
6924 4 37669 147 133 25 25
6924 4 25551 167 152 14 14
30696 4 40310 297 297 59 59
5259 0 9217 9 9 463 455
28032 0 5259 1524 1524 15346 15338
20159 4 23395 8473 8472 319 319
17347 4 20159 1054 1050 8 8
3882 4 10151 24 24 30 30
8811 0 2340 297 297 13074 13072
32387 0 8811 9250 9250 32626 32623
35192 0 2340 368 368 26861 26858
19066 6 13595 11254 11248 2029 2029
2887 0 2938 2912 2912 20146 20143
2887 1 7436 4 2 5 3
15497 1 2938 2 2 3 2
25015 4 28828 1491 1491 11398 11398
21810 4 25015 160 151 31 31
3850 0 160 15 15 1241 1202
15553 0 160 18 18 1755 1715
17933 0 160 4 4 329 292
30234 0 2731 2 2 59 32
46 0 14274 49 49 57 52
14834 1 16497 4 3 5 2
14834 1 8390 5 3 7 3
14834 1 5110 6 3 14 5
40922 0 14834 22311 22311 40839 40834
11673 1 5110 3 2 11 3
29358 0 2687 2 2 53 17
8288 0 2687 1 1 34 1
33791 0 2687 1 1 40 5
33543 0 40596 40909 40908 15040 15040
172 4 7119 22435 22434 15594 15594
35331 5 172 2 2 2218 1872
28580 5 172 4 4 6419 6067
18603 5 172 40 40 18838 18479
36972 5 172 2 2 697 354
78 5 172 2 2 932 588
33614 5 172 2 2 532 191
35822 5 172 4 4 9692 9337
39121 5 172 3 3 11605 11248
22074 5 172 75 75 5560 5209
20314 5 172 35 35 11072 10716
1118 5 172 2 2 4071 3722
21326 1 23555 6 2 4 2
2173 6 38083 17 6 2 1
2173 6 18659 257 245 33 33
33947 4 39713 1266 1266 616 616
18377 3 4166 4 3 5 2
34858 0 18783 8936 8936 40627 40626
3968 1 5813 4 3 7 2
11261 1 5813 2 2 8 2
5813 1 31835 20 13 6 5
36714 0 38851 24211 24210 2337 2337
30857 0 30511 5195 5195 33751 33750
1365 1 15439 3 2 5 3
39987 0 81 4 4 389 342
36104 0 81 2 2 51 5
5785 0 26217 74 74 141 137
19380 0 26217 5 5 73 70
6787 1 26217 5 2 3 2
16634 0 9747 42 42 910 894
36078 1 7833 2 2 2 2
32975 0 9558 25598 25598 39529 39529
32975 1 32002 2 2 2 2
22353 1 15922 4 2 2 2
1604 1 6991 4 2 7 3
2547 1 14925 2 2 4 2
14212 0 14737 3 3 24 13
4130 0 3621 9 9 13 6
24323 0 3621 2565 2565 7551 7543
3621 0 9758 210 210 5412 5391
10319 4 33522 235 219 45 45
27683 1 39142 2 2 2 2
16503 1 110 3 3 6 2
40776 0 5310 3879 3879 40321 40311
25496 0 5310 5 4 80 71
1913 6 25274 719 714 324 323
33711 5 19257 2 1 8 1
32197 1 22383 3 3 4 4
23062 1 12031 2 2 3 2
26578 0 239 163 163 7643 7392
19936 0 239 2946 2946 26713 26449
40929 0 239 19833 19833 40826 40559
24226 0 239 3201 3201 17083 16824
20767 0 239 9008 9008 22668 22406
19429 0 239 1175 1175 12396 12141
32842 0 239 2656 2656 18238 17978
34670 0 239 11474 11474 31097 30832
23758 0 239 2 2 13712 13455
13023 0 239 126 126 11607 11353
16182 0 239 62 62 2143 1896
17401 0 239 36 36 16374 16116
34239 0 239 12 12 5643 5394
2069 1 15760 14 4 4 3
22182 1 3014 2 2 2 2
31096 1 15639 4 2 8 3
15639 1 29383 8 3 3 2
15639 1 207 7 3 4 2
13398 0 71 14 14 159 96
2736 4 13398 420 371 3 3
13398 4 7720 44 37 4 4
20939 0 2215 2 2 512 507
7946 1 1765 3 2 3 2
1947 0 1249 6 6 654 609
22728 1 16506 2 2 4 2
34810 9 22728 2 2 2 2
3254 0 2886 9955 9955 26696 26688
18890 4 37812 335 332 25 25
18890 4 28071 94 92 12 12
24803 4 28831 228 227 37 37
12939 1 23279 6 4 2 2
13702 1 12070 6 2 4 3
27600 0 7589 29 29 15578 15569
24117 1 1225 2 2 2 2
1110 0 20337 16 16 128 123
40926 0 20337 8953 8953 40630 40623
354 4 36395 515 512 3 3
24159 0 12803 5978 5978 25042 25042
26948 2 3620 3 3 383 358
37272 0 7800 693 693 14762 14751
23037 4 3762 971 969 38 38
33783 2 1326 392 392 6909 6772
22501 2 1326 1 1 338 204
31495 2 1326 9 9 809 673
19086 2 1326 16 16 600 465
38740 2 1326 1 1 169 36
38719 2 1326 115 115 15537 15399
36238 0 1326 194 194 5294 5279
18160 0 1200 119 119 81 81
23552 1 10327 4 2 4 2
40037 0 19153 3529 3529 19685 19683
33552 0 40037 5822 5821 38419 38419
7751 0 3712 277 277 32075 32066
7196 0 3712 48 48 3771 3764
28826 1 3712 4 3 9 3
26351 6 25426 1000 1000 4883 4883
17946 0 26351 129 129 5253 5249
10124 0 25426 35 35 104 100
6974 6 17672 638 637 21 21
19506 1 15393 3 2 3 2
32325 0 17590 133 133 15697 15689
40778 2 26169 22809 22809 40855 40855
36197 4 29170 2033 2033 2496 2496
1264 1 22448 5 2 3 2
40779 2 1646 3991 3991 40803 40760
40782 2 1646 588 588 40350 40308
40780 0 379 11966 11966 40688 40670
40828 0 379 8246 8246 40648 40631
14490 1 12757 2 2 5 2
34243 0 1244 2 2 289 11
12545 0 1244 2 2 278 2
28964 0 1244 3 3 428 142
4871 0 1244 2 2 313 31
17807 0 1244 14 14 627 337
14487 0 1244 2 2 298 18
40781 0 4921 10547 10547 40395 40392
9372 1 1508 3 2 4 3
2261 4 19476 38 22 2 2
2261 4 18565 35 20 1 1
5771 4 39949 161 153 22 22
13951 1 3521 6 2 7 3
18299 1 274 3 2 9 3
15954 1 34113 5 2 2 2
17141 0 21055 3 3 11 8
13878 1 26428 5 2 3 2
35918 0 391 11 11 2570 2567
39002 1 39001 2 2 2 2
4532 1 26446 2 2 2 2
11891 5 16320 6 6 7810 7797
13955 1 11289 2 2 6 3
1592 1 17240 7 2 2 2
15523 0 2604 11 11 101 65
36776 0 2604 2334 2334 36865 36823
40872 0 2604 11371 11371 40781 40738
6989 0 2604 1020 1020 12086 12049
38136 0 2604 6 6 81 46
31426 1 2604 3 2 11 3
12623 1 6107 3 3 5 2
22297 1 8322 4 2 3 2
21592 1 22297 3 2 4 2
4547 1 21674 11 3 5 2
32040 1 4547 3 2 10 2
7982 1 20572 3 3 5 2
7983 3 7982 3 2 3 2
31376 2 743 1 1 130 27
32748 2 743 38 38 2469 2360
36118 2 743 36 36 1420 1312
743 6 9450 10 9 19 19
39780 0 2807 180 180 14736 14731
4722 0 2807 66 66 7450 7446
35415 0 2807 22449 22449 30614 30608
15011 0 1542 4 4 74 54
10421 1 10420 6 3 3 2
26009 0 265 3 3 313 59
9536 0 265 2 2 261 12
15205 0 265 2 2 268 18
36270 0 265 2 2 284 31
39375 0 265 2 2 484 228
12974 0 265 3 3 276 24
25076 0 265 3 3 993 732
19351 0 265 4 4 735 476
11480 2 1534 9 8 96 89
40783 0 4407 30275 30275 40589 40589
4407 1 39995 9 2 2 2
8464 1 8424 6 2 4 2
23763 1 3300 2 2 7 2
24479 1 23586 6 3 3 2
28656 0 21 39 39 3117 3050
38617 0 21 2 2 71 5
39259 0 21 441 441 13837 13769
6493 0 3567 17573 17573 27698 27696
21912 0 22347 7 7 92 91
24178 1 9908 7 2 2 2
22121 0 351 1 1 125 2
25316 1 746 4 2 3 2
3063 1 4791 11 6 12 9
11495 0 4791 24 24 3298 3284
36889 0 883 2 2 252 39
22017 0 883 13 13 2832 2610
39078 0 883 3 3 360 145
7495 0 883 4 4 495 278
7498 0 883 1 1 213 1
36527 0 883 3 3 511 292
31583 0 883 3 3 1858 1637
40784 0 14144 6279 6279 40471 40453
3408 6 8243 57 1 2 1
3408 6 8940 409 333 43 43
3408 8 38801 39099 39033 67 67
3408 8 28506 90 25 4 3
10233 4 38705 228 214 2 2
36048 6 18704 2393 2393 12766 12766
1046 7 36048 549 434 1 1
1962 1 1961 7 2 6 3
11585 3 21329 85 82 40 39
32391 1 11972 2 2 2 2
31739 4 18679 36 34 14 14
26785 1 7703 2 2 7 2
20520 1 6788 4 2 3 2
11565 1 37185 9 2 2 2
11565 1 12441 10 2 2 2
29689 1 11565 2 2 10 2
19922 0 8858 5 5 111 100
15795 6 39521 1391 1391 27569 27569
840 8 19493 39 27 8 6
840 8 36647 150 137 28 28
840 6 30428 33505 33492 776 776
26662 0 7523 2794 2794 21719 21716
26756 0 9311 95 95 1645 1634
12636 1 24788 6 2 2 2
20784 1 387 8728 8727 5106 5106
387 1 20784 4620 4620 5831 5830
12153 3 19756 11 10 2 2
13239 0 284 315 315 11055 10829
34758 0 284 6 6 2712 2487
35142 0 284 3 3 323 103
33324 0 284 1 1 216 1
24884 0 284 2 2 341 119
39131 0 284 2 2 252 33
26984 1 38840 4 2 2 2
9435 1 13227 5 2 11 4
5449 0 9435 16 16 26 25
31592 1 13227 3 3 17 9
23798 1 23297 2203 2200 2997 2996
21935 1 23297 3 2 2 2
4425 0 9880 4 4 26 17
17011 3 17169 6 4 17 13
7442 1 23836 4 2 4 2
7442 0 12505 1832 1832 9830 9822
23836 1 3274 4 2 4 2
17432 1 30826 2 2 2 2
11988 4 31236 6062 6061 77 77
31236 4 34496 112 111 38 38
1444 0 9048 31 31 1607 1592
5768 0 1444 5579 5579 11299 11263
39440 0 1444 56 56 2516 2481
20898 0 9048 27 27 17415 17395
2408 0 9048 703 703 9073 9055
33742 0 9048 1315 1315 13462 13443
38351 0 9048 1633 1633 21867 21846
6375 1 8324 3 2 2 2
37317 0 6230 3650 3650 25321 25320
10713 4 2207 2468 2463 57 57
40786 0 1672 2152 2152 40444 40409
40892 0 1672 19916 19916 40771 40735
28472 5 10737 7 7 817 814
10737 6 27038 381 377 5 5
21537 0 1027 2 2 162 12
35194 0 1027 3 3 705 552
39579 4 25695 474 474 81 81
12699 0 2137 2 2 21 9
27906 0 19986 24174 24174 38740 38737
19986 1 16852 4 2 4 2
30297 1 3771 3 2 4 2
39950 0 2362 2 2 28 26
16469 0 178 12 11 1273 1261
34721 0 178 5 4 160 149
9225 0 178 63 63 1314 1301
31063 0 2110 8 8 545 356
38241 0 2110 6 6 348 162
31237 0 2110 3 3 421 234
5590 0 2110 7 7 913 721
7272 1 33016 2 2 3 2
17837 0 7272 262 262 1565 1564
36109 1 33016 2 2 4 2
33016 1 33015 4 2 2 2
39272 0 12035 2 2 19 10
11022 6 27914 165 158 9 9
40787 0 5243 14303 14303 40018 40013
3741 1 18271 2 2 2 2
40788 2 593 744 744 40923 40896
27944 2 593 739 738 5013 4988
9102 2 593 13 11 30 6
40548 0 16045 14892 14891 10113 10112
758 1 10360 5 3 7 2
10360 1 10359 7 2 2 2
3223 0 3161 4 4 393 357
5881 1 18355 3 2 2 2
38969 0 16196 25 25 163 163
29347 0 1461 19212 19212 31213 31200
1650 1 16394 20048 20040 3845 3845
1650 1 16302 8 2 2 2
40174 1 1650 5386 5386 16114 16107
9952 1 37466 12 4 2 2
2245 0 2918 12 12 291 215
2245 1 2244 6 4 5 2
14233 0 2918 3336 3336 11384 11305
1079 0 2918 305 305 4894 4816
32727 1 24872 3 2 3 2
39701 0 5987 32137 32137 18035 18035
15176 1 18854 8 2 6 4
18854 0 7016 613 613 3763 3761
24327 0 3027 314 314 25289 25236
14366 0 24327 9750 9750 28838 28838
23190 1 13002 3 2 7 3
5729 1 20226 3 3 3 2
20226 0 13887 243 243 1828 1823
8274 1 8999 5 3 7 3
18181 1 8274 4 2 4 2
9428 1 8999 3 2 8 3
8511 1 31347 3 2 2 2
21811 0 278 2 2 189 12
33666 0 278 1 1 169 1
21874 0 278 2 2 179 4
29143 0 278 1 1 171 1
18106 0 278 1 1 172 1
39291 0 278 2 2 211 33
37756 0 278 2 2 890 709
511 0 15897 23 23 18 16
15736 0 1677 19250 19250 35654 35595
829 0 1677 6 6 489 434
27621 0 1677 13146 13146 23573 23515
29445 1 1550 4 3 5 2
18936 4 39578 45 44 12 12
34932 2 14540 7 6 34 30
647 1 6311 9 2 2 2
33210 6 17250 3834 3834 23049 23048
9637 5 1981 7 7 2171 2118
21619 5 1981 2 2 1204 1152
11643 3 3908 37110 37109 12191 12191
30998 1 7774 2 2 3 2
30998 1 2447 3 2 3 2
16669 2 916 2 1 189 49
8577 2 916 2 1 248 104
18018 2 916 2 1 226 85
35944 2 916 2 1 445 299
9258 2 916 2 1 330 185
34189 2 916 2 1 245 102
21737 0 2589 89 89 9966 9949
40303 0 2589 110 110 30159 30141
3167 1 6502 7 2 6 4
17014 2 3167 2 1 42 21
7204 1 3167 4 2 7 2
32383 0 427 2 2 117 46
13521 0 427 2 2 89 19
11437 0 427 3 3 80 11
16023 0 4958 16948 16948 10754 10752
5777 4 4318 17 4 2 1
5144 4 4318 25 22 7 5
4318 6 27523 956 952 115 115
19086 6 12484 4 1 4 1
12201 4 22304 209 203 28 28
10786 1 14577 5 3 4 2
20175 0 7143 13 13 384 378
1205 1 23424 4 2 3 2
35226 0 37189 46 44 32 30
19169 1 25362 3 2 3 2
14940 1 12227 3 2 6 4
12227 1 13800 3 2 3 2
2813 0 3170 3283 3283 9376 9376
3170 1 3169 5 2 3 3
35238 1 8601 2 2 4 2
36661 1 39486 3 2 2 2
17745 5 774 33 33 8153 8014
17745 2 1137 34 34 3412 3305
37417 5 774 3 3 195 58
29963 5 774 1 1 136 3
40735 5 774 911 911 40711 40571
23613 4 28865 861 857 3 3
24660 4 23613 424 421 47 47
6782 5 5167 72 72 30574 30554
34227 5 5167 394 394 14280 14261
5167 6 27267 561 560 7 7
40789 0 25921 842 842 40394 40394
18492 6 36549 2487 2486 11 11
864 1 14562 7 3 4 3
32699 0 14562 2611 2611 26200 26190
4521 1 25708 7 3 3 2
10559 1 10558 2 2 2 2
3083 0 26431 1186 1186 19613 19608
5974 0 9758 84 84 3972 3953
4522 0 9758 17 17 450 433
12683 0 9758 208 208 4592 4572
19 0 29519 4830 4830 26383 26381
38094 4 40790 40628 40628 25903 25903
36200 0 5055 6923 6922 11733 11733
204 1 3048 7 2 2 2
32488 1 204 4 3 7 2
40791 0 11084 5435 5435 40823 40805
33754 1 5275 2 2 3 2
32 4 32392 161 144 28 28
32 4 24489 27 11 1 1
12319 4 14836 79 74 2 2
27811 2 10916 57 56 128 123
30475 0 10916 13237 13237 27709 27709
15792 0 3763 2 2 381 376
8019 1 30805 7 3 3 2
2949 1 8019 5 2 7 3
30805 1 16646 14 12 14 10
35060 0 5892 2 2 17 10
11125 4 10606 4 4 1 1
25276 1 3926 4 3 7 2
13830 1 6490 859 853 736 736
13830 1 7308 7 2 3 2
6490 1 13830 181 181 139 133
1366 0 29 5 4 16 9
29 1 11186 4 2 3 2
6226 1 29 2 2 4 2
19987 4 11397 249 247 14 14
4506 1 9454 5 2 5 3
6037 0 39187 1437 1437 4137 4135
39187 0 11100 54 54 16239 16222
2381 2 12273 1 1 48 1
7324 2 12273 1 1 50 1
6513 0 650 1166 1166 2175 2133
37308 0 650 10 10 1267 1226
40792 0 9525 16380 16380 40848 40844
30839 1 10851 2 2 3 2
21181 5 232 7 6 76 67
11205 5 232 515 515 26856 26846
24984 0 232 1354 1354 12514 12508
38752 0 728 501 501 22478 22471
8716 6 31315 5 5 3 3
24013 1 23715 4 2 7 4
36734 5 985 6 6 3364 3296
7458 5 985 2 2 145 81
12641 0 39 13 13 757 546
7396 0 39 1 1 197 1
21862 0 39 5 5 258 55
21561 0 39 2 2 228 27
13466 0 39 1 1 201 3
17532 0 39 12 12 597 387
18621 0 39 2 2 379 173
1398 0 19101 3645 3645 25383 25381
13758 1 29291 4 3 5 2
4555 0 1115 2032 2032 18916 18907
39750 6 18050 401 401 22633 22632
11789 1 24319 3 3 4 3
24319 1 11789 3 2 3 3
7072 1 9237 9 3 3 2
13503 1 7072 3 2 9 3
25660 5 4520 3 3 10 6
38151 0 7155 366 366 933 928
4453 6 7580 3281 3275 106 106
7580 0 34614 207 207 975 974
26183 0 11186 6019 6019 37843 37840
35764 0 14617 5 5 186 185
4608 0 3699 10 10 515 496
40827 0 3699 5607 5607 40644 40623
8852 0 7403 9325 9325 25702 25697
8176 1 8852 4 2 3 2
193 6 27058 168 115 2 2
193 6 11869 53 1 1 1
193 6 18878 547 493 55 55
19842 4 22836 206 201 4 4
21930 1 21045 2 2 3 2
21930 0 12252 32 32 647 641
5745 1 14074 3 2 3 2
26613 1 9037 3 2 4 2
9037 0 3099 602 602 2363 2362
7396 4 28775 278 263 2 2
24578 3 23111 53 50 5 5
21061 1 25626 2 2 2 2
24011 0 12474 38435 38435 36483 36481
13829 1 16710 4 2 2 2
4185 1 13829 3 2 4 2
13829 3 25284 4 2 4 2
12211 0 6042 28 28 15996 15985
13978 1 2276 2 2 5 2
39294 4 26572 15315 15315 15754 15754
33294 0 3229 3 3 866 857
8108 0 3229 1448 1448 27575 27565
3229 1 22044 5 2 4 2
6633 7 40129 11854 11842 3 3
6633 7 12050 1770 1760 1 1
16200 0 1852 1150 1150 9835 9786
16201 1 16200 5 2 4 2
19710 6 10760 2 1 6 1
32734 1 3419 2 2 4 2
4779 1 14955 3 2 3 2
3716 1 1998 2 2 7 3
40577 0 3716 11253 11253 40877 40863
31620 0 3716 2051 2051 29971 29959
28941 0 3716 7576 7576 35123 35110
17519 0 3716 41 41 452 441
9620 0 3716 75 75 171 161
2915 1 12159 18 4 9 5
522 1 21041 4 2 4 2
522 1 13953 5 2 9 3
522 0 16646 3510 3510 40048 40048
32701 0 522 1684 1684 8952 8940
31153 0 36722 25824 25824 40195 40193
36722 0 1474 3753 3753 39525 39510
7592 1 9560 5 2 2 2
2035 1 8589 5 2 4 2
25494 1 8589 2 2 5 2
4666 1 4665 5 2 3 2
4665 0 6717 535 535 10918 10916
6144 1 19664 2 2 4 2
28456 2 1773 1 1 58 19
28456 6 22320 421 419 92 92
5443 2 1773 1 1 50 12
18213 1 18982 5 4 3 2
18716 0 37537 594 594 21605 21603
6882 9 10563 2 2 2 2
40794 0 32275 2063 2063 40286 40285
19296 1 6611 3 2 3 2
16065 0 36140 5686 5686 30258 30255
40829 0 16065 39960 39960 37938 37937
32071 1 23898 3 2 3 2
37285 0 184 2 2 297 8
39009 0 184 26 26 3305 3002
3395 0 184 1 1 289 3
32164 0 184 5 5 503 203
34310 0 184 2 2 298 8
39279 0 184 1 1 288 3
11281 0 184 2 2 398 101
30773 0 184 1 1 286 3
15734 0 184 2 2 300 8
5209 0 184 3 3 919 618
16507 0 184 2 2 294 6
40030 0 184 2 2 299 8
1190 6 31657 26 14 1 1
1190 6 39319 29 16 2 2
17492 1 20700 3 2 2 2
16074 0 18268 1 1 7 1
21289 0 18268 1 1 6 1
14746 1 23603 412 411 551 549
7078 6 36019 1434 1434 4398 4398
7486 0 7078 3526 3526 14855 14847
4225 1 13633 7 2 6 3
4225 1 11780 6 2 4 2
754 1 2375 5 2 3 2
1823 7 36030 6 5 23 22
6054 0 4123 117 117 8522 8487
6054 3 1296 7441 7439 13651 13650
3215 0 7911 7 7 29 26
6678 1 7911 3 2 5 3
16802 1 8850 7 3 4 2
1076 1 1075 10 2 3 2
1076 1 27277 9 2 2 2
18470 1 18469 2 2 2 2
7673 1 10866 3 2 4 4
7673 1 8629 4 2 3 2
8644 1 14101 4 2 2 2
493 0 1629 3 3 100 89
2736 4 26470 68 23 1 1
2736 4 34726 73 26 2 2
2736 4 35146 98 50 3 3
2736 4 33515 62 18 1 1
35179 0 19119 66 66 3084 3083
13379 4 19119 137 134 11 11
28508 2 3843 26 24 70 42
40099 2 3843 15 14 355 326
9537 1 3843 2 2 6 2
25746 0 11870 14577 14577 18847 18847
26637 6 24424 21 21 4 4
15305 5 2978 1 1 92 25
10135 5 2978 2 2 3242 3173
14631 0 3275 3957 3957 12559 12553
1043 1 14631 5 2 10 4
39736 1 21554 2 2 4 3
39736 0 4427 103 103 10439 10417
8260 0 7895 30 30 1986 1982
16624 0 8260 3247 3247 14455 14453
36792 1 37816 2 2 2 2
40796 2 3317 96 96 40428 40395
11856 1 2643 2 2 5 3
8104 1 4274 6 2 2 2
8104 1 12438 3 2 2 2
9749 1 13574 4 2 3 2
40797 0 19420 15909 15909 40695 40693
24056 0 9777 25615 25615 36415 36414
12866 6 7036 3 3 2 2
19409 4 36350 4226 4226 17 17
28857 0 706 32 32 2145 2132
19163 0 18538 44 44 6753 6750
16614 1 25570 5 2 3 3
16614 1 8351 4 2 2 2
24052 1 24051 2 2 2 2
29706 4 499 634 634 691 691
34810 0 17502 10189 10189 250 250
40798 0 38876 30737 30737 38864 38864
26283 6 40443 9921 9921 7946 7946
32794 0 18895 4 4 925 917
3034 2 1137 1 1 101 2
19442 2 1137 1 1 104 2
26122 4 31544 64 58 7 7
17880 1 20417 3 2 3 2
3499 1 20417 3 2 2 2
20434 0 21190 3207 3207 3255 3254
13327 6 22210 2 2 35 35
40799 0 5636 34136 34136 38030 38030
14768 6 24252 49 48 162 160
9578 0 473 221 221 12171 12168
20196 1 21248 3 2 4 3
21248 9 11908 7 6 2 2
6765 1 27335 4 2 3 2
37410 0 27335 26618 26618 40107 40106
12725 1 21889 3 3 2 2
19754 0 4059 15 15 38 35
9461 4 12081 2 1 2 1
8574 0 5381 6 6 217 206
8574 1 8573 6 3 3 2
29585 1 8574 3 2 4 3
13699 0 5381 232 232 9485 9473
36608 0 123 9668 9668 30671 30663
24094 0 123 10663 10663 37331 37322
516 0 292 2 2 459 214
31393 0 292 3 3 521 275
14242 0 292 13 13 3889 3638
33413 0 292 304 304 17331 17079
15177 0 292 2 2 242 5
39499 0 292 2 2 527 280
13524 0 292 2 2 915 666
31996 0 292 2 2 249 10
26845 0 292 2 2 244 6
14814 0 292 2 2 286 46
13283 1 2720 4 2 3 2
2720 1 5598 5 3 10 6
34387 1 26855 2 2 2 2
26856 1 26855 2 2 3 2
37173 4 10091 3852 3852 18955 18955
19951 0 20010 153 152 3416 3409
40800 0 28344 23529 23529 40455 40454
24652 0 26678 614 614 2458 2454
27632 0 31556 2 2 121 119
8336 6 2824 1015 1015 82 82
14255 1 19144 3 2 4 2
20014 0 14262 531 531 22496 22491
40801 0 16573 10792 10792 39212 39208
2360 1 4933 3 2 6 2
40802 0 39415 5393 5393 40753 40753
30541 0 22903 3637 3637 4216 4215
20618 1 9942 5 3 7 4
38150 0 712 24 24 2367 2362
25109 0 7757 983 983 534 532
40803 0 5646 3132 3132 40414 40410
1003 1 5646 5 3 7 3
35081 1 28378 2 2 2 2
11590 1 29649 4 2 2 2
39026 0 29817 1622 1622 28329 28327
13903 6 32368 1519 1515 31 31
30745 1 37402 3 2 2 2
10159 1 38458 5 2 2 2
27696 1 6690 2 2 11 2
28744 1 6690 4 4 10 2
20852 1 6690 2 2 9 2
40885 0 6690 4609 4609 40109 40101
16732 0 10532 1426 1426 38855 38850
6916 0 19429 11375 11375 27009 27009
10276 1 9887 7 3 6 3
4800 1 9900 4 2 4 2
19570 1 4800 3 2 4 2
17182 1 2190 2 2 2 2
4461 0 19310 236 236 1073 1065
1046 7 18091 19698 19578 15 15
1046 7 18788 15614 15496 4 4
1046 7 39181 18770 18651 11 10
37226 0 11964 1897 1897 19858 19856
11632 9 24469 14 13 4 4
40699 0 12729 20813 20813 40866 40851
14428 0 772 1686 1686 2746 2737
19055 0 772 11339 11339 40083 40073
40710 0 31312 1717 1717 40641 40639
11686 1 5336 7 2 7 3
30852 1 3198 2 2 4 2
29243 0 26808 19823 19823 25659 25659
21449 0 12858 20 20 183 179
12857 1 21449 6 2 3 2
3233 1 4145 5 3 4 2
19055 1 19054 2 2 2 2
8310 6 12531 13 4 3 1
7557 1 7633 5 3 3 2
17844 0 7120 3694 3694 11971 11968
1269 1 11040 3 2 6 2
11040 1 14848 6 2 4 2
26676 0 8201 119 119 19523 19510
28241 1 7436 2 2 3 2
18458 9 31641 8 8 3 2
31641 3 37842 3 2 2 2
25873 0 2795 33860 33860 34630 34629
17430 1 14006 3 2 5 2
13991 0 6823 55 55 7083 7077
19570 1 23428 4 2 4 2
8288 4 37118 29 27 7 7
40805 0 33924 23323 23323 40773 40772
25230 0 6253 36 36 246 241
15292 3 10198 7 7 4 2
39489 0 11666 15982 15982 22501 22483
39489 1 15557 2 2 4 2
37831 2 11666 40429 40429 30739 30739
15516 1 12820 4 2 4 2
34071 1 12820 4 2 3 2
4175 4 8602 79 73 2 2
24042 1 5537 2 2 2 2
19211 0 4744 63 63 312 309
31371 0 7474 2234 2234 38766 38758
27812 0 7474 1385 1385 17046 17039
28947 4 15200 517 517 71 71
18660 6 21000 34588 34588 23780 23780
15472 0 25385 17020 17020 39640 39637
12507 0 13404 1202 1202 10503 10498
26342 1 17895 4 2 5 3
2152 1 8496 2 2 5 2
39760 0 574 157 157 5075 5032
40877 0 574 18295 18295 40880 40834
35412 5 11510 2 2 164 145
2085 6 10383 8 2 1 1
14202 1 14201 2 2 6 2
1043 1 20085 4 2 3 2
40806 0 6850 13454 13454 40722 40697
40503 0 9914 2019 2019 4637 4635
14770 1 14307 3 2 4 2
32716 1 17183 2 2 4 3
35390 1 3256 2 2 3 2
4482 4 9719 1091 1087 20 20
20428 0 3527 3902 3902 32703 32686
3527 6 20663 13623 13623 1153 1153
30409 2 35441 275 275 92 92
11083 1 5302 8 8 3 2
23196 1 10129 2 2 4 2
1066 1 29752 4 2 2 2
40807 0 3538 24982 24982 40885 40872
22793 0 3538 1 1 21 9
6768 6 24640 83 80 75 73
6768 6 10205 34849 34845 14700 14700
2869 1 15125 4 2 4 2
29302 0 15125 150 150 5057 5055
9588 0 1406 29 29 2414 2404
18159 0 17493 653 653 9383 9377
21497 1 33875 6 4 2 2
20938 1 22485 3 2 4 3
13056 6 39139 67 65 7 7
23942 0 26928 292 292 17507 17505
28004 0 6478 254 254 185 183
4747 0 22951 2 2 7 3
20860 5 2566 315 315 21407 21390
7590 5 2566 22 22 5249 5233
20768 0 17402 218 218 376 374
35193 1 20768 2 2 3 2
8572 0 5856 9 9 149 124
17370 0 5856 7 7 3516 3490
31972 0 5856 24 24 6667 6639
17380 1 15779 3 2 3 2
27964 0 16186 99 99 6839 6833
15981 0 1328 3 3 35 22
26071 1 9303 3 2 7 4
9303 9 21981 5 5 3 3
38768 0 29318 12 12 2940 2936
36229 0 18254 77 77 9815 9798
1019 4 596 43 21 1 1
1019 4 8780 55 32 3 3
23239 1 15927 5 2 3 2
30477 1 23239 3 2 4 2
21996 6 20017 535 533 1021 1021
21996 6 11995 1332 1329 854 854
25766 0 22616 1028 1028 15040 15037
9455 0 23399 563 563 6785 6779
23000 6 39446 2044 2044 8344 8344
122 1 7516 8 2 8 3
11412 1 19152 3 2 2 2
8803 1 27429 3 2 2 2
15261 0 14295 4659 4659 21342 21341
25268 4 21905 34 32 2 2
15504 1 8591 7 3 4 2
8591 1 16989 3 2 2 2
15601 10 15600 4 4 2 2
31927 1 15601 2 2 3 2
34363 5 8522 10741 10741 39205 39205
33641 0 19894 18105 18105 2859 2858
33826 1 19127 2 2 3 2
39523 0 2723 5 5 9148 9112
39523 1 21345 2 2 3 2
7540 0 2723 108 108 11156 11119
4541 0 2723 171 171 21219 21181
28671 0 7444 1068 1067 3411 3408
40808 0 40809 37980 37980 38645 38645
26933 0 1475 58 58 9272 9252
35848 0 18654 451 451 25531 25526
19162 0 18654 12 12 106 102
29185 6 40731 39687 39686 4077 4077
3467 1 3466 3 2 3 2
15345 5 4450 4130 4130 25918 25912
7117 1 7049 4 3 4 2
32624 6 26608 6914 6913 5993 5993
2269 1 2268 5 3 4 2
30613 0 6961 3 3 4 2
2956 4 29945 147 143 86 86
40706 0 10059 10820 10820 40547 40544
3866 4 38485 287 279 47 47
3866 4 24189 172 165 2 2
9119 0 21826 16867 16867 30049 30049
18389 3 999 5 3 6 4
999 3 18389 5 3 5 3
35808 1 32154 38659 38659 30503 30503
37756 4 40810 40679 40679 17829 17829
20583 1 27612 2 2 2 2
1020 0 3141 1 1 50 1
28305 0 3141 1 1 51 1
6564 0 11337 1330 1330 106 105
23511 0 15656 3 3 367 341
5394 1 2601 2 2 3 2
19679 0 5394 7 7 36 29
2004 1 24164 7 2 2 2
2004 0 30642 3468 3468 23325 23324
25774 1 12289 5 2 9 3
24676 0 24224 13 13 33 32
23848 1 8714 3 2 7 3
17814 4 3175 13131 13130 991 991
17465 1 17464 3 2 2 2
22570 1 22569 2 2 3 2
6630 0 4722 835 835 2859 2851
1142 0 4722 1899 1899 5432 5423
23700 1 24343 3 2 2 2
9573 6 3123 21 21 629 607
15354 6 3123 112 112 3407 3383
14853 6 3123 7 6 251 230
6067 1 28605 2 2 2 2
8474 4 17327 3224 3224 689 689
30941 1 3753 4 2 5 2
30941 1 33174 3 2 3 2
11546 0 4442 1281 1281 14693 14659
6865 4 2298 218 214 28 28
1021 1 207 8 5 6 3
2872 0 17555 359 358 23642 23635
268 0 17555 108 108 6331 6326
40811 0 2664 4474 4474 40842 40825
40871 0 2664 3827 3827 40774 40758
2664 0 2624 25 25 390 383
35435 0 12605 275 275 4591 4588
29862 1 29861 2 2 2 2
31789 0 494 2960 2960 33978 33966
22923 0 28916 79 79 73 72
27985 1 27484 2 2 3 2
29410 0 16944 452 452 6883 6879
11888 0 36918 1802 1802 37361 37358
37558 2 741 1 1 61 15
28640 2 741 1 1 56 11
9021 2 741 1 1 43 1
22157 3 1791 4 3 6 4
22158 3 1791 4 2 3 2
8471 1 6302 3 2 2 2
32069 0 19823 11920 11920 20585 20583
38790 0 13 6544 6544 38826 38812
19437 1 22294 3 2 3 2
25022 1 32013 2 2 4 3
39553 0 4628 152 152 176 167
40833 0 4628 9553 9553 38718 38708
11144 1 2617 2 2 3 2
38399 1 1022 2 2 5 2
10536 1 36694 2 2 2 2
40178 1 1578 21104 21104 38823 38821
40864 0 1578 4729 4729 40549 40543
22410 1 37961 4 2 2 2
15647 4 32971 5094 5094 15868 15868
1708 0 8438 118 118 27062 27061
6124 1 5907 4 2 8 4
8270 1 6124 13 5 4 2
5826 1 10722 3 2 4 2
21697 0 2070 1520 1520 7985 7985
6530 1 22543 4 2 4 2
5932 1 21935 7 3 3 2
28875 3 5192 6 5 3 2
28676 3 28875 6 3 5 4
5178 1 14819 9 3 3 2
21092 0 5178 1065 1065 40180 40151
16318 0 5178 11149 11149 31515 31487
40918 0 5178 11319 11319 40896 40864
31349 1 5178 2 2 9 3
27341 1 31627 4 2 2 2
912 0 7047 15 15 1629 1615
739 0 912 2455 2455 4247 4236
24031 0 7047 16 16 889 876
30204 1 7047 9 5 5 3
40812 0 17281 1482 1482 39967 39967
9906 1 36905 6 2 2 2
6743 0 8355 127 127 971 949
1538 0 8355 516 516 5672 5649
35277 1 27784 2 2 2 2
5869 1 26782 7 2 2 2
40813 0 19386 19644 19644 40672 40670
38378 1 22534 3 3 7 3
31576 0 30844 40397 40397 18464 18464
10205 1 10204 4 2 3 2
11177 1 37094 6 2 2 2
7045 1 2382 2 2 6 2
21977 5 16419 40 40 8925 8918
3364 1 3363 4 3 6 4
3528 0 10834 10 10 130 127
17960 4 24312 44 40 4 4
27223 1 20426 2 2 3 2
24636 1 6535 3 2 3 2
23949 5 212 6 6 1594 1566
27657 5 828 2 1 32 18
1410 1 24564 574 574 194 193
3066 0 8076 205 205 4942 4934
18215 1 1414 3 2 13 2
10895 1 13973 8 3 2 2
3239 4 39144 783 733 73 73
3239 4 27881 622 573 101 101
3239 4 36428 2035 1984 198 198
18904 3 17353 3 2 3 2
7935 1 2201 5 2 5 3
17190 1 757 4 2 2 2
1415 1 32170 6 2 2 2
23786 1 2902 2 2 11 3
2029 1 18094 6 2 2 2
553 1 13871 4 2 5 3
24179 1 10508 2 2 2 2
25575 1 10508 2 2 3 2
27360 6 36837 34 34 237 237
31841 0 19545 3980 3980 37399 37398
33840 0 1754 1894 1894 27438 27426
40875 2 1754 598 598 40559 40553
38079 2 1754 1244 1243 15190 15185
40815 0 39071 36512 36512 40882 40880
29342 0 8978 1328 1328 17193 17177
6890 0 36281 6058 6058 35270 35270
8040 1 21358 45 41 12 11
10520 0 24854 10926 10926 14946 14946
28943 1 243 3 2 2 2
20030 0 13734 3626 3626 30128 30126
4563 0 12505 13 13 49 43
37725 0 23377 1 1 6 1
26865 1 19204 5 3 6 3
20288 6 29915 3 1 4 3
24515 2 20288 3 3 115 110
18855 0 2060 12 12 120 107
26308 5 18855 44 44 28146 28132
24430 0 2060 1008 1008 9090 9076
11475 1 13563 578 575 294 290
13563 1 11475 609 605 916 913
14231 0 7944 4086 4086 39740 39739
36007 6 17148 6502 6502 26847 26847
13350 0 29456 3 3 2 2
36696 5 9528 2 1 14 6
19256 5 9528 2 1 16 7
30889 0 33367 9000 8999 626 626
26734 0 2288 46 46 155 153
16979 4 35069 112 112 22 22
23628 0 2614 76 76 323 319
39567 0 4694 35 35 2619 2605
6695 0 32813 32189 32189 38435 38435
15469 0 6418 148 148 4354 4330
34418 1 25064 3 2 3 2
8727 1 8726 4 2 2 2
14189 1 23592 6 2 2 2
35545 1 14189 3 3 6 2
10877 1 11728 7 3 8 3
32814 0 4976 28 28 1258 1255
4165 3 25845 36 33 3 3
20625 1 7778 3 2 3 2
30076 0 10715 195 195 2125 2122
40816 0 14697 18624 18624 40613 40613
14697 1 31992 8 4 2 2
19191 1 27971 2 2 3 2
13842 0 11910 8811 8811 16888 16887
5985 6 10735 9 2 30 23
12732 3 28417 9 8 18 17
12732 1 26677 3 2 2 2
6204 1 6203 4 4 2 2
40817 0 19840 10922 10922 40777 40774
3387 0 19840 3393 3393 35194 35192
6550 1 2423 4 3 12 3
2423 1 24830 12 3 5 2
2924 4 30666 76 5 1 1
2924 4 2659 126 54 1 1
2924 4 29020 244 169 10 10
2924 4 36766 162 88 3 3
1379 1 25548 3 3 2 2
6265 1 1379 4 2 5 3
18135 3 294 39523 39520 19161 19161
2209 1 24141 6 2 3 2
15500 1 4546 3 2 6 3
15500 1 7996 2 2 4 2
31596 6 8773 32806 32806 28808 28808
40818 0 35587 36657 36657 40128 40128
34338 1 9890 2 2 10 2
14748 1 9890 2 2 11 2
9890 1 12054 11 2 3 2
40819 0 15962 26671 26671 40086 40085
16130 0 10326 1168 1168 13906 13904
40820 0 20319 8948 8948 40380 40379
11212 0 1856 496 496 16574 16560
14579 1 1856 4 3 6 2
28303 3 9776 3 3 9 7
9776 1 9775 3 2 3 3
561 0 5278 44 44 113 104
13724 4 995 801 800 283 283
154 1 153 2 2 6 3
5791 1 11553 4 2 3 2
24115 1 18755 3 2 3 2
28674 0 3041 4609 4609 33763 33756
40821 0 14864 4181 4181 38917 38912
17883 0 18836 1098 1098 6218 6216
40822 0 9367 3405 3405 40509 40486
40930 0 9367 2725 2725 40503 40481
7005 0 9367 478 478 32657 32636
26765 1 9367 3 2 6 2
2151 0 4180 6042 6041 7844 7842
40823 0 11638 17138 17138 40845 40828
18175 1 18573 5 3 4 2
24724 1 3969 6 3 7 5
3969 0 3582 164 164 2875 2849
17345 0 3969 2974 2974 12148 12144
34877 1 6582 4 2 9 3
6582 1 16956 11 3 8 4
26100 1 28248 2 2 5 3
33245 0 3980 4 4 11 9
4106 1 4105 6 4 2 2
584 1 28894 6193 6191 3326 3326
35143 1 33405 2 2 3 2
17003 0 479 1 1 21 11
9877 5 6166 1 1 39 3
30263 1 25760 2 2 2 2
30656 1 25760 3 3 3 2
1999 4 17069 1067 1060 60 60
18272 1 19427 4 2 4 2
29081 1 13187 2 2 5 2
16522 0 3780 14 14 1061 1025
26742 0 15839 53 53 924 921
1918 6 39340 980 973 246 246
11624 1 20815 4 3 4 2
13939 0 7027 8242 8242 39174 39168
5788 0 7027 965 965 1161 1156
40824 0 2657 9682 9682 40818 40811
1294 0 25140 2501 2501 31167 31164
21281 0 428 445 445 5144 5118
40911 0 428 7485 7485 40642 40615
39800 1 30816 2 2 3 2
12660 0 1095 30 29 72 61
17450 0 1095 206 206 10392 10380
11922 0 14898 17 17 699 681
23590 0 12772 9488 9488 30869 30866
3072 1 15159 7 3 5 2
24523 0 8582 143 143 4996 4989
188 6 29407 4 1 7 3
39603 4 27065 1946 1946 4715 4715
4691 1 14239 3 2 2 2
36188 1 4691 3 2 3 2
36501 0 4902 4233 4233 467 467
40022 0 6784 2 2 14 9
4121 1 17988 4 2 4 3
34845 5 10076 10 8 14 9
19999 4 35620 110 101 5 5
25642 0 31168 26 25 290 289
28192 2 3865 2 1 188 170
25039 0 2409 8 8 52 30
34598 0 2409 5 5 4231 4207
40825 0 22386 31402 31402 36517 36516
15804 0 10824 11 11 18 13
40826 0 30737 18014 18014 40517 40516
11678 4 24132 584 584 1483 1483
11178 1 14178 9 2 2 2
19319 1 11039 3 2 7 2
23526 0 9730 4560 4560 28914 28912
12960 0 23054 29232 29231 18377 18377
18237 1 14439 4 3 6 2
17375 6 39568 6 4 2 2
6955 0 2697 57 57 3731 3728
16533 0 2697 14 14 60 58
27268 1 11354 3 2 6 2
1968 1 1967 5 2 6 3
20914 0 1967 6 6 18 10
23271 0 7641 240 240 9 9
19684 3 19683 8 7 3 3
4983 6 33006 2 2 2 2
17534 9 12584 3 2 2 2
6871 1 18043 6680 6678 2364 2363
5628 7 18994 30218 30185 30 30
2502 1 20104 6 3 5 4
15657 0 4985 8121 8121 4448 4446
34914 1 6434 2 2 5 2
39981 0 306 889 889 40131 40114
21026 0 306 16 16 670 654
37154 5 9269 499 499 14154 14151
9073 1 5502 3 2 4 2
30127 0 1623 426 426 17289 17286
16304 0 30127 6988 6988 12646 12646
16980 1 4548 4 2 6 3
469 0 14498 1 1 34 24
9243 6 35214 57 53 3 3
36148 4 23121 463 462 209 209
3358 1 4743 9 2 5 3
9720 0 4743 309 309 625 615
40888 0 4743 14580 14580 40878 40867
2064 1 2154 2 2 3 2
22278 1 35919 2 2 2 2
36060 0 14935 6791 6791 38363 38354
27146 5 11426 2 2 36 26
3169 0 3813 5 5 32 14
3823 1 3813 3 3 8 3
20664 4 26988 1381 1379 59 59
6374 1 11133 3 2 3 2
33074 2 7 2 2 54 17
18961 2 7 1 1 36 1
17395 0 7902 594 594 3677 3674
22908 1 5606 5 2 4 2
10254 1 10253 3 2 3 2
40906 0 10253 13317 13317 40841 40827
14113 1 5076 2 2 5 2
36403 1 10838 2 2 3 2
14974 0 14973 172 172 261 253
14973 3 19845 116 114 10 10
40831 0 4593 27270 27270 40579 40579
31084 1 27014 2 2 4 2
12467 4 39860 11 6 1 1
40832 0 6630 12659 12659 40691 40687
26778 4 2803 535 535 606 606
3765 1 28497 3 2 2 2
20691 1 4936 2 2 5 2
7886 0 12463 216 216 13448 13442
14999 4 31316 701 701 371 371
22172 0 11068 44 44 139 125
454 3 16514 8 6 10 8
3025 1 16514 3 2 2 2
29578 0 15788 22978 22978 32219 32218
23802 0 21987 103 103 20597 20594
21987 0 20963 2490 2490 36127 36126
11759 2 10987 9 9 36 35
38689 0 12894 407 407 36966 36956
40834 0 14087 15493 15493 37886 37886
14853 1 5935 2 2 4 2
4044 4 31152 370 370 24 24
29372 0 24630 292 292 19212 19207
24630 0 22399 8991 8991 39928 39927
19479 5 4701 3 3 391 368
8240 5 4701 2 2 49 27
33163 5 4554 2 1 9 2
29553 1 26733 2 2 2 2
29553 0 8837 6456 6456 30999 30997
6792 1 14058 3 2 5 3
21282 0 15062 20476 20476 17720 17720
23036 4 36472 564 558 10 10
5783 4 23036 205 196 6 6
40835 0 40836 38169 38169 39207 39207
18778 6 32930 3671 3670 39 39
18778 0 5314 7 7 544 517
24621 2 17930 4 1 7 1
27989 2 17930 4 2 13 3
26041 0 4289 12 12 4 4
16899 4 24507 418 418 1411 1411
14917 3 17826 7 4 3 2
30990 9 28312 2 2 3 3
8980 1 3552 3 2 3 2
33079 0 3582 815 815 19526 19498
16497 1 26305 5 2 2 2
26368 1 8799 3 2 3 2
4480 1 32602 6 2 2 2
35059 0 27412 173 173 8650 8647
2645 4 29221 905 897 50 50
23462 0 5675 5225 5225 33853 33844
40853 0 23462 22117 22117 40886 40881
25133 5 5012 2 1 10 4
14927 4 5288 1824 1820 355 355
11058 2 6577 1 1 57 6
60 2 6577 11 11 315 263
7534 9 18226 4 3 2 2
10204 1 10208 3 2 3 2
5031 1 28475 5 5 5 3
15312 0 12860 10954 10954 37283 37283
21401 1 1933 2 2 13 6
12469 1 1992 8 3 3 2
18451 5 1238 2 1 8 1
37552 0 2655 9 9 18 14
2655 0 9806 313 313 5495 5489
40284 0 6614 6975 6975 22509 22486
3130 1 27019 6 3 3 2
23982 0 37653 8 8 3508 3506
20447 1 9918 4 2 3 2
15028 1 16314 5 2 10 5
15028 1 5116 4 2 11 5
40628 0 33021 2985 2985 40092 40092
3648 1 3647 3 2 6 3
19317 0 1107 9630 9630 33688 33678
830 1 21753 7 3 4 3
8270 1 9886 14 5 6 3
14780 1 6419 7 3 3 2
40837 0 15224 6075 6075 40257 40245
7188 0 11737 21 21 2133 2123
10277 1 32396 3 2 3 2
10277 1 2951 2 2 8 3
15054 1 2951 8 3 7 3
25047 0 19223 10861 10861 34410 34410
23871 0 918 9 9 953 946
40840 0 918 833 833 40493 40485
8168 0 13192 10756 10756 32131 32131
10293 1 12214 2 2 3 2
23642 0 26543 8120 8120 39722 39722
26543 1 12312 4 2 5 2
4913 4 20284 33 3 1 1
3331 5 16655 1 1 5 3
3331 1 35484 6 3 2 2
16739 1 16646 2 2 5 2
6726 1 5782 7 3 2 2
6726 3 6725 48 46 4 4
11335 1 6726 2 2 7 3
5491 1 1201 3 2 7 2
6549 1 14425 5 2 5 3
5544 1 3327 4 3 8 2
3403 1 6328 2 2 3 2
7229 4 37460 100 83 18 18
20544 1 28902 5 3 3 2
3291 1 20544 6 2 5 3
530 1 21170 6 2 2 2
9371 1 9370 3 2 4 2
26061 0 9371 918 918 2996 2993
9371 0 5623 674 674 34254 34252
21518 1 29527 2 2 4 2
35181 0 21518 1746 1746 26322 26319
36581 0 16397 131 130 62 62
3972 7 37089 28349 28270 13 13
8883 0 5790 18049 18049 15456 15456
38389 0 7334 4350 4350 37610 37608
27814 0 9178 58 58 1077 1075
10855 1 19155 2 2 3 2
10855 1 31116 14 13 226 225
1431 4 27265 5735 5719 251 251
27563 1 35599 2 2 2 2
1193 4 39361 21 10 1 1
39975 0 7068 40 40 2032 2024
3855 0 3909 1 1 14 7
28703 0 3909 40101 40101 39431 39423
11573 1 13583 3 2 6 3
40841 0 16266 16304 16304 40800 40777
2434 0 16266 3 2 23 2
40842 0 67 23527 23527 40875 40866
1154 0 18959 12062 12062 39716 39714
32397 0 13044 2616 2616 27002 26993
17819 1 653 3 2 3 2
37840 0 313 5242 5242 33865 33857
40843 0 3679 4268 4268 40233 40222
40843 4 5346 40674 40674 39129 39129
13988 0 168 800 800 14732 14727
38754 2 10661 59 58 2806 2803
29501 0 6358 7887 7887 40671 40669
29860 0 18587 2963 2963 3186 3186
33438 1 36858 2 2 3 2
36858 1 35629 3 2 2 2
12381 0 1474 654 654 6104 6090
2863 0 6499 4190 4190 1637 1636
7328 0 5714 13917 13917 28181 28180
14412 0 20621 502 502 22798 22797
35316 5 38173 54 52 33 32
20490 1 7847 3 2 3 2
21077 4 10657 319 318 69 69
10380 0 1964 312 312 378 376
17802 1 3847 3 2 3 2
29031 4 40721 40781 40780 12789 12789
29630 5 22311 1 1 15 11
14888 4 21122 2242 2233 356 356
14888 0 2518 1 1 69 1
819 1 7732 6 2 6 2
7100 4 29718 621 619 139 139
8077 1 7192 2 2 6 3
16136 1 39043 4 2 2 2
13225 1 15253 3 2 6 3
40844 0 6467 3534 3534 40567 40560
6069 0 37345 3905 3905 8566 8565
4895 0 8093 7156 7156 38740 38713
21558 1 13645 2 2 3 2
10544 6 38325 23223 23207 4467 4467
23888 0 1730 3 3 135 36
33667 0 1730 5 5 536 435
22133 0 1730 2 2 111 13
19623 0 1730 1 1 98 1
28603 4 38563 48 47 3 3
16620 1 2522 5 4 9 2
24900 3 5965 3 3 4 3
3989 4 18951 112 105 13 13
22965 1 167 7 4 6 4
35645 0 7367 3433 3433 2364 2364
36255 0 10055 1 1 7 1
1574 1 8899 8 3 5 3
21174 5 2295 170 170 31405 31303
34328 5 2295 504 504 30401 30300
28418 5 2295 1942 1942 37860 37757
34439 5 2295 9 9 4909 4809
40845 0 32455 2460 2460 40611 40610
35000 0 9668 2 2 47 31
32116 0 21176 571 571 10496 10494
23390 0 40586 39756 39756 18768 18768
40848 0 23390 1818 1818 38616 38613
19903 4 29357 311 311 161 161
35177 0 14481 19644 19644 34997 34997
12330 0 11599 2638 2638 14074 14068
3579 1 19372 3 2 4 2
9842 0 3579 577 577 34423 34410
22422 1 9505 3 2 6 2
15330 1 28910 3 2 2 2
22889 0 11852 284 284 19412 19403
29771 9 3592 3 3 6 6
25748 1 34204 2 2 2 2
1772 6 37182 31 27 2 2
15158 0 40846 40161 40161 17033 17033
40847 0 8407 29964 29964 40870 40870
35466 0 11507 3 3 9 6
12327 0 411 1260 1260 10828 10805
21952 4 9376 160 160 8 8
4177 6 5022 30 15 2 2
5040 0 220 2 2 14 5
20777 0 30968 14318 14318 18302 18301
17995 1 415 6 4 11 3
6540 0 6677 9456 9456 35076 35074
30360 1 7239 2 2 6 2
1226 4 33413 634 610 3 3
36259 5 860 75 75 18360 18287
30840 5 860 54 54 11846 11774
39831 1 4370 2 2 7 2
17244 1 15986 2 2 5 2
9116 4 34497 149 147 3 3
4771 4 11796 56 4 1 1
18918 0 15687 454 454 240 237
18918 6 31983 3998 3989 5 5
29544 0 6411 7086 7086 12237 12230
13258 1 515 2 2 9 2
7665 4 11919 71 67 2 2
8356 1 22637 10 3 5 2
17180 1 8356 3 3 10 3
39574 0 13157 5069 5069 40046 40043
20711 1 1090 6 5 6 2
32427 0 24062 35807 35807 37296 37295
40849 0 13412 5171 5171 40574 40569
4316 0 1500 2 2 56 30
29122 0 1500 3 3 130 103
29916 0 33246 199 199 3 3
33246 0 425 43 42 1538 1519
3714 1 3991 2 2 2 2
6702 1 4469 5 3 16 12
20629 0 10089 207 207 879 879
18423 1 20629 6 3 3 2
4855 1 19562 7 2 6 3
11423 1 4213 7 3 7 2
10241 0 10481 2453 2453 30281 30279
27097 0 10241 5 5 221 211
5125 6 35244 6 6 17 17
10842 1 11135 3 2 3 2
3451 1 3450 2 2 8 3
3450 1 6752 8 3 3 2
26219 0 15966 113 113 102 99
20729 0 30962 2937 2937 7310 7310
31196 0 30962 13142 13142 28635 28634
36881 0 119 2 2 71 33
119 0 2748 40 39 151 141
2323 1 23181 3 2 2 2
14339 9 16095 5 4 2 2
32957 0 5195 6 6 52 46
32623 1 5195 3 2 5 2
32917 0 9489 2768 2768 25394 25390
40688 0 3489 12699 12699 40413 40352
13220 2 6815 2 1 30 26
5097 1 27076 5 2 2 2
17030 1 2573 3 2 8 3
2573 1 9486 8 3 3 2
37807 1 30144 2 2 2 2
2521 1 38597 5 2 2 2
6946 1 8731 4 3 5 2
9873 9 35523 3 3 2 2
1071 6 14854 257 251 9 9
3398 4 14735 69 52 4 4
5855 1 7329 6 2 4 2
3929 1 27247 12 2 2 2
16292 1 29803 4 2 2 2
6578 0 5973 3892 3892 14006 14002
40850 0 1543 7017 7017 40464 40407
37429 1 32885 2 2 2 2
5932 1 5931 10 4 2 2
14336 1 2808 2 2 4 2
23816 0 13145 4 4 6 6
16675 0 11522 5788 5788 370 370
40851 0 14187 7359 7359 40572 40568
10755 4 22444 11 10 1 1
11129 1 13730 10 4 9 4
25343 1 13730 7 4 8 4
8639 0 3289 2 2 79 56
3289 6 36920 574 558 3 3
8776 1 1347 3 2 5 2
1347 1 4276 5 2 4 2
39300 0 1590 58 58 27965 27941
37068 1 22654 2 2 3 3
1801 1 21363 3 2 2 2
31983 0 35119 276 276 1109 1108
31983 6 2119 732 730 1336 1336
19488 0 3006 3669 3669 21089 21079
19488 1 38649 26273 26273 25445 25445
40852 0 6747 1925 1925 38289 38287
28133 0 18038 13 13 75 72
8634 9 19910 4 3 5 4
11304 0 19910 11 11 1529 1528
20413 0 1973 2 2 185 130
26353 1 4814 33 32 33 29
22355 0 11595 335 335 14123 14117
1588 1 19716 3 2 3 2
11612 1 21343 3 2 3 2
5569 1 10107 7 3 8 3
5923 1 5569 4 2 7 3
24840 0 14776 3528 3528 1132 1132
24031 4 32273 27989 27989 24558 24558
12006 1 23328 3 2 2 2
15403 4 40478 68 68 63 63
16346 0 16005 26 26 1424 1422
7668 1 35530 5 2 2 2
9434 4 40717 40870 40867 18282 18282
22914 1 3088 3 2 4 2
2945 9 2944 2 2 2 2
24743 1 24742 2 2 3 2
31284 1 19047 2 2 3 2
1664 1 16927 5 2 3 2
40307 0 4362 25473 25473 38485 38478
29218 1 4362 3 2 2 2
4362 0 8787 7 7 37 30
17040 8 37417 181 180 54 54
39206 0 12650 1 1 22 2
29976 5 5742 4 4 338 315
15635 5 5742 8 8 149 129
903 5 5742 3 3 168 147
17663 4 9378 106 103 4 4
20364 1 26993 6 5 4 4
27150 0 3232 5347 5347 38287 38280
40854 0 14981 15638 15638 38918 38914
40855 0 25028 10334 10334 40577 40577
40678 5 5841 7249 7249 40752 40739
26893 3 11921 28174 28172 9127 9127
38438 0 24102 4055 4055 32003 31999
22467 0 22049 121 121 1821 1817
15542 0 22049 2832 2832 10726 10721
40856 0 8153 9598 9598 40560 40541
36147 0 8153 214 214 30432 30414
10925 1 8153 4 2 4 2
34372 4 36708 300 300 38 38
7489 6 35302 125 120 14 13
9267 0 1292 64 64 1818 1813
5975 0 8327 630 630 18955 18946
112 6 23406 46 2 1 1
6559 1 18773 3 2 3 2
13687 1 7279 3 3 3 2
37981 0 904 55 55 137 126
15563 1 17861 5 2 6 3
24736 1 14901 3 2 2 2
7506 1 27215 10 2 2 2
28486 1 28485 2 2 2 2
22848 1 33665 3 2 3 2
15952 0 3163 87 87 1252 1212
9298 0 3163 1 1 39 1
28717 0 3163 1 1 40 1
17876 3 17875 3 3 2 2
22196 1 22195 2 2 2 2
13637 1 27685 5 2 2 2
10125 4 13911 673 671 11 11
4146 0 37135 9 9 25 24
31487 4 8818 9976 9976 8615 8615
36976 0 4550 51 51 1333 1236
24513 0 4550 30 30 2418 2320
27936 0 4550 3 3 236 141
12322 0 4550 6 6 169 75
40857 0 2021 1155 1155 40270 40217
27575 0 6658 38470 38470 25932 25920
19537 9 28961 3 3 4 4
1070 0 17546 894 894 4232 4228
9755 1 9754 2 2 4 2
769 1 9754 2 2 5 2
40381 0 34906 158 158 64 64
15427 0 134 950 950 11036 11022
134 1 2633 5 2 2 2
1511 0 15914 1533 1533 787 784
5005 1 28613 11 4 3 2
18503 1 5005 3 2 11 4
40140 0 27752 3 2 18 15
16225 4 4698 149 146 16 16
40858 0 15284 2511 2511 40648 40642
628 1 627 3 2 3 2
16800 4 32120 318 318 202 202
25305 0 2099 2 2 90 63
13821 1 13530 3 2 3 2
16002 1 36632 4 2 3 2
40859 0 37052 13220 13220 40868 40867
6188 4 24112 135 117 20 20
6188 4 24347 33 16 1 1
15067 0 18496 16984 16984 39263 39263
29361 1 18956 2 2 3 2
10119 1 25492 8 3 4 2
28682 1 6956 2 2 2 2
22077 5 6956 3 3 205 186
720 9 26603 3 2 3 2
18029 0 8812 2 2 35 34
36166 1 16798 2 2 2 2
30646 4 33263 2012 2012 65 65
10063 0 8348 35565 35565 32717 32710
28320 1 27155 3 2 3 2
27155 1 29136 3 2 3 2
737 0 704 1233 1233 2259 2258
16207 1 16206 2 2 3 3
37148 0 23650 8386 8386 5428 5428
33954 1 14292 3 3 3 2
29886 1 28685 3 2 4 2
9855 6 33387 52 28 13 9
3785 0 28084 38436 38436 22356 22356
20088 5 3785 46 46 2194 2178
32514 5 3785 937 937 24046 24028
6922 1 6921 7 3 8 2
6921 1 7885 8 2 8 3
7656 1 11492 3 2 3 2
16454 1 15118 8 3 6 3
27917 0 8192 12 12 64 61
27917 1 5927 102 101 1000 995
5927 1 27917 439 434 48 47
4197 0 8050 5541 5541 1465 1462
4197 1 37513 6 2 2 2
25431 1 5635 2 2 6 2
15018 1 18772 4 2 2 2
9762 6 8948 4444 4440 2453 2453
30927 6 25532 2771 2771 1702 1702
19315 1 39214 3 2 2 2
39214 0 32965 32 32 25 25
18563 0 4302 32 32 2799 2797
21993 1 19504 7 2 2 2
9794 0 26796 3 2 2 2
40860 0 1945 1457 1457 40733 40709
13748 1 11108 4 2 3 2
4384 1 24793 3 2 3 2
10633 4 19550 620 620 1038 1038
27322 1 37139 2 2 2 2
40383 0 38168 715 715 1160 1160
7362 4 32362 14 1 1 1
22231 1 8513 2 2 4 3
40692 0 8924 8902 8902 40449 40440
1685 1 12089 5 2 3 3
450 4 4488 99 82 45 45
39094 5 3918 628 628 38396 38378
40914 5 3918 2760 2760 40844 40825
2315 0 3918 43 43 10297 10289
40869 0 3918 7161 7161 40773 40764
39375 4 35988 112 112 434 434
33362 0 724 157 157 12902 12884
4388 4 38068 45 33 1 1
24592 0 13837 2288 2288 12457 12453
4109 6 1349 75 71 8 7
20971 4 929 26655 26655 11919 11918
23939 0 929 2 2 241 230
2108 1 23830 6 3 3 2
137 1 39790 2 2 2 2
14471 4 26704 102 98 6 6
38379 0 2037 11361 11361 37205 37202
3297 1 2037 4 2 2 2
19597 1 29925 4 2 2 2
9472 3 9553 4522 4522 20907 20905
24002 1 31718 2 2 3 2
13378 4 37002 118 110 6 6
18672 8 18729 21 21 14 11
23066 0 10976 18280 18280 34965 34965
37193 0 36623 5906 5906 7910 7910
35461 0 15432 6147 6147 19514 19512
6086 1 37968 601 601 1222 1222
39988 0 6132 4699 4699 25575 25569
27635 0 6879 1462 1462 28674 28674
12792 1 18251 3 3 3 2
25299 0 17090 1899 1899 2402 2400
22804 0 9256 34 34 344 341
22046 1 449 2 2 3 2
26701 5 39164 35262 35262 28282 28282
33010 4 37752 216 215 99 99
17564 4 28570 1374 1374 1092 1092
14394 1 27202 2 2 3 2
40861 0 35307 38880 38880 38813 38813
36533 1 31832 2 2 3 2
1421 1 13698 5 2 2 2
1421 1 1420 4 2 2 2
15918 1 8898 3 2 6 6
39681 2 3869 19 19 558 526
13147 2 3869 2 2 105 74
29520 1 38175 2 2 2 2
7705 4 29204 1173 1166 80 80
31945 1 533 2 2 3 2
20267 1 11332 3 2 3 2
40862 0 6138 18381 18381 40721 40706
12405 1 2536 2 2 10 5
22145 0 267 12111 12111 25932 25908
12466 4 38408 47 27 1 1
12466 4 38825 73 52 1 1
16552 1 10073 3 2 2 2
31672 0 16442 13804 13804 2511 2511
34829 0 34921 6 6 45 43
6539 1 27537 8 3 2 2
24829 0 20017 276 276 2027 2022
28048 0 20017 1926 1926 38285 38279
40863 0 22831 863 863 40377 40372
9658 0 22831 5813 5812 9010 9006
17365 6 1148 30253 30253 31778 31778
11735 1 13906 3 2 2 2
10734 0 10886 3 3 21 7
1494 0 15383 36512 36512 38082 38080
31725 6 3983 10 10 43 42
3023 1 19162 2 2 4 2
28499 0 2833 98 98 5540 5525
4250 3 26422 6 5 5 3
14121 1 5862 6 4 9 4
1002 0 15449 4094 4094 1674 1669
14237 9 14236 2 2 3 3
40286 1 14159 2 2 3 2
1432 4 24308 66 50 17 17
29759 0 21793 8 8 18 17
40 0 9353 408 408 11338 11330
36532 1 36531 2 2 2 2
4832 1 7867 6 2 3 3
27716 6 14968 1062 1062 292 292
304 0 25231 13544 13544 9358 9357
8542 1 19421 6 2 2 2
30629 1 15712 2 2 3 2
20027 2 9746 1 1 23 12
26019 0 4682 2 2 6 2
15092 4 32205 24432 24428 1477 1477
13106 4 30126 120 109 2 2
7451 0 9653 5 5 5 5
14198 1 7551 2 2 10 2
19206 1 11656 5 2 7 3
938 1 29478 4 2 2 2
19923 0 13346 3 3 3668 3659
40895 0 13346 712 712 40421 40411
8767 0 2776 347 347 1145 1121
17206 0 4193 4067 4067 14606 14604
9026 1 21448 2 2 6 2
10884 1 23870 4 3 7 5
10884 0 12402 1075 1075 1555 1554
33656 0 17442 2641 2641 34726 34722
29844 1 36062 3 2 2 2
39433 6 40246 6 5 7 7
13370 4 32777 605 604 1494 1494
40865 0 34557 16137 16137 40060 40059
12307 1 5388 6 6 6 3
8628 3 1186 47 46 53 53
4299 0 1562 35 35 159 152
18208 6 35649 7690 7690 23329 23329
12758 0 980 2839 2839 12468 12467
26577 4 38800 18 18 14 14
40866 0 8678 18125 18125 40500 40497
32294 0 1897 683 683 31410 31336
6937 1 1897 7 4 12 5
9481 9 158 5 4 5 2
13100 9 9481 3 2 3 2
15588 1 15587 7 3 3 2
13773 0 27141 5 5 92 89
25916 0 16303 2 2 11 2
36297 0 16303 2 2 127 117
20354 1 18989 2 2 2 2
973 1 13336 5 3 11 5
5185 0 13336 13 13 235 231
9012 5 7786 3 3 822 803
33237 1 410 2 2 2 2
14633 6 31433 17818 17817 7624 7624
14633 6 8142 324 324 628 628
40867 0 339 4745 4745 40771 40768
3453 1 18417 8 2 2 2
8951 1 28285 4 2 3 2
1460 1 8951 3 3 6 4
8222 1 6150 6 2 3 2
8054 3 25795 82 80 7 7
6845 1 2779 3 2 3 3
19202 0 12252 25 25 2179 2172
20124 1 18592 2 2 5 2
20124 0 14100 119 119 3145 3141
30846 0 2941 5 5 95 94
39027 0 9415 1202 1202 36966 36954
23350 1 17390 2 2 4 3
8558 1 7530 4 3 4 2
40868 0 5700 27551 27551 39350 39350
32469 0 324 82 82 25240 25220
8545 0 324 8442 8442 21017 20998
25032 1 25031 3 2 2 2
38057 9 30720 2 2 2 2
2030 0 1832 4 4 13 3
1637 0 5616 9 9 123 115
9928 0 5616 3 3 128 119
1702 4 29665 1839 1835 252 252
36951 4 24229 29 27 3 3
6008 1 1041 2 2 3 2
14647 0 13213 22 21 5 5
699 1 22618 2 2 2 2
35907 4 37894 107 107 8 8
13383 1 2789 6 2 3 2
2713 6 7645 42 2 3 2
11577 1 7731 3 2 4 2
40870 0 1335 30810 30810 40252 40251
24483 1 12798 3 2 4 2
17309 0 30810 690 688 408 406
10156 1 963 6 3 4 2
2452 1 3976 6 3 7 3
2452 1 7086 7 3 10 3
40905 0 3387 5383 5383 40656 40642
7217 1 3387 3 2 2 2
8525 4 37769 54 52 5 5
35828 0 1364 214 214 31555 31525
26559 6 35828 40631 40631 21697 21697
16493 1 19237 3 2 10 3
2933 1 7202 4 2 7 3
6048 9 22594 7 6 2 2
29003 1 35415 5 2 2 2
20788 1 10332 5 2 3 2
5707 1 5706 2 2 5 3
29609 1 29608 2 2 2 2
22190 1 35891 5 3 3 2
22190 1 11262 6 3 10 7
9192 1 19649 5 2 3 2
26202 0 7136 11 11 110 109
36138 0 7877 4 1 12 9
23317 0 6977 616 616 14057 14022
40920 0 6977 9960 9960 40845 40809
36948 1 27706 2033 2033 3686 3685
34777 1 14753 2 2 3 2
1620 4 23845 20 5 1 1
12071 1 18026 6 2 2 2
8848 5 14818 1 1 18 4
11500 6 11034 21 15 4 2
16013 1 5367 6 3 4 2
10574 6 36868 19 15 23 22
18072 0 1880 92 92 2941 2926
7031 1 26802 6 3 3 2
32487 1 10667 4 2 5 3
28680 1 10686 2 2 3 2
9031 4 20091 175 158 30 30
37696 0 13023 2135 2135 11655 11647
5434 1 5433 5 2 3 2
24552 2 8531 4030 4029 22946 22943
35789 5 3276 7 7 7741 7710
31511 5 3276 569 569 34986 34954
39401 0 24275 30 29 3144 3132
27408 0 4448 3 2 15 7
13163 1 17198 4 2 3 2
8664 1 2489 3 2 7 2
2489 1 15398 7 2 2 2
25485 2 3943 1 1 35 3
38545 2 3943 1 1 31 1
36055 6 19589 60 60 3581 3581
19768 0 5156 26 26 4155 4123
26405 0 5156 2 2 54 23
17022 6 35666 645 643 33 33
17022 6 3619 998 995 20 20
4621 1 88 3 2 4 2
40873 0 28355 1934 1934 39696 39694
2460 9 9748 5 5 2 2
36214 0 573 4 4 437 398
40874 0 22716 39640 39640 39067 39067
25322 4 40518 205 205 118 118
2760 0 11134 25 25 725 719
4446 9 1807 10 7 3 3
11636 0 4446 209 209 6067 6066
36303 1 2876 2 2 2 2
37244 1 21630 2 2 4 2
38942 1 2626 2581 2581 15099 15096
31471 0 2626 8 8 31 30
3018 0 27173 74 74 7 7
26985 0 7600 402 402 6191 6185
37635 0 7600 21 21 163 158
8617 6 7587 5390 5379 844 844
24972 0 1142 7393 7393 31907 31905
680 7 38698 35237 35175 18 18
680 7 40901 40593 40530 5 5
6028 0 29623 35186 35186 34011 34011
29623 0 33835 14762 14762 36456 36453
36506 4 25083 72 72 35 35
7152 1 4236 3 2 4 2
22504 0 7152 132 132 4423 4418
40876 0 1295 6323 6323 39178 39172
21646 1 1295 3 2 6 2
22690 0 9531 2 2 9 5
34554 0 9531 317 317 3343 3338
701 1 25692 2 2 5 2
14347 1 5567 5 2 4 2
22500 1 15849 3 2 3 2
24584 6 29929 1 1 1 1
18192 4 1499 3 3 1 1
17820 1 654 5 2 7 2
23192 1 654 2 2 6 2
34164 0 21362 8807 8807 33116 33111
23961 0 6776 7 7 356 347
14951 5 6776 129 129 25307 25302
2111 1 35677 4 2 2 2
32320 1 16031 2353 2353 29145 29145
31261 4 13766 871 871 813 813
38116 9 9 3 3 7 6
40068 0 28942 30747 30747 14433 14433
21724 1 8592 7 3 4 2
4229 1 37036 24029 24025 9368 9368
29447 0 15913 18 18 56 51
16697 4 31051 41 37 2 2
5443 6 33646 23 5 4 3
13087 1 36310 4 3 3 2
22927 4 27025 130 130 49 49
24129 1 15215 3 2 3 2
24953 0 13135 21 21 12958 12949
22068 0 29955 40380 40380 3538 3538
6111 0 23960 1706 1706 507 505
6111 1 11198 6 2 2 2
2003 0 4127 130 130 14159 14155
40878 0 34399 12240 12240 40697 40693
26349 1 19291 3 2 3 2
15641 1 5982 7 2 4 2
21253 0 5982 7273 7273 33643 33643
3948 3 25669 171 167 13 13
40879 0 39495 37487 37487 28789 28789
10738 0 8594 7059 7059 38650 38644
40612 0 8594 13001 13001 40702 40695
12395 0 4161 2 2 101 74
40942 0 4161 27687 27687 40914 40884
26530 0 25605 203 203 17 16
25576 0 19971 6755 6755 35623 35617
3574 6 39280 806 802 6 6
35051 1 36988 2 2 2 2
19269 6 3870 1123 1122 151 151
26457 1 21879 2 2 3 2
16049 4 31756 1861 1859 515 515
26279 5 6146 7 7 7226 7214
31974 5 6146 5 5 450 439
22137 5 3531 1 1 36 14
15837 1 15836 2 2 2 2
3895 0 3721 44 44 246 211
23820 6 25420 12 8 3 2
23820 6 11103 14 9 3 2
28203 4 29473 174 170 23 23
2999 1 36067 5 2 2 2
11766 5 10754 6 6 1137 1118
40880 0 10330 25182 25182 40836 40831
29695 1 25945 2 2 2 2
15242 6 5534 5 3 13 11
16017 3 30757 2482 2480 843 842
9486 3 6190 1102 1098 511 511
10504 6 36780 1331 1324 175 175
31226 0 17728 2168 2168 21975 21966
8734 1 1538 3 2 2 2
29667 0 249 19 19 2982 2936
7681 0 249 5 5 1072 1028
1196 5 12328 424 424 37916 37899
29190 5 2139 7 7 7190 7164
9335 5 2139 8 8 2097 2073
13338 1 18054 4 2 2 2
19110 4 40436 97 97 85 85
1935 0 7945 3 3 2580 2558
1104 0 7945 3 2 61 40
32001 2 3539 20 20 731 730
7118 0 3978 9 9 34 13
27765 0 206 258 258 8088 8058
16624 9 15794 2 2 2 2
1966 4 24890 1506 1504 113 113
31338 0 8266 3 3 410 406
40221 5 73 1 1 88 33
3410 4 40221 653 652 17 17
29650 5 73 61 61 35859 35801
4984 0 73 7 7 27 16
7890 1 8556 6 2 4 2
32343 0 7890 11231 11231 28656 28639
4686 0 9935 10137 10137 28968 28952
1690 1 5111 15 3 3 2
23282 0 1690 29 28 425 415
10335 1 2363 3 3 8 2
19856 1 15917 3 2 3 2
15168 1 35514 2 2 2 2
40881 0 9334 88 88 40398 40393
28253 1 28252 2 2 3 2
11736 1 678 4 2 4 2
12371 1 20336 6 2 3 2
26039 1 31200 7019 7019 7060 7060
39168 1 23614 2 2 4 4
20692 1 21524 3 2 2 2
24359 1 36592 2 2 3 2
6740 1 6335 4 2 3 2
38194 0 6335 2560 2560 9214 9214
5315 0 18408 8 8 13 13
11605 4 40002 46 46 64 64
12921 1 24570 16 6 4 2
21374 1 12921 3 2 13 3
5134 2 4633 1 1 12 1
35877 0 85 4 4 307 74
23185 0 85 19 19 3587 3344
40756 0 85 14471 14471 40787 40539
26136 1 26135 2 2 2 2
37633 0 20754 12222 12222 39752 39751
40883 0 1222 18223 18223 40921 40907
40904 0 1222 996 996 40517 40504
19190 1 22874 4 3 5 2
14563 2 35454 40943 40941 2776 2776
12530 1 5329 2 2 3 2
37793 0 425 1024 1024 29606 29586
7112 1 21005 2 2 6 2
13785 6 30026 3238 3237 14102 14102
30892 1 27200 2 2 2 2
22309 1 11345 4 3 10 3
652 1 11489 8 3 3 2
21523 0 5914 5405 5405 24473 24469
19459 1 8641 2 2 7 3
103 0 9917 191 191 1474 1473
34367 1 30925 2 2 3 2
39210 0 36049 15416 15416 37392 37391
27244 6 22681 1483 1482 86 86
12608 4 21734 50 47 5 5
31281 1 6359 2 2 7 2
40153 0 6359 4754 4754 40109 40101
28257 1 28256 3 2 3 2
3741 6 11977 4 2 4 1
8455 0 14334 551 551 700 699
11170 1 606 7 2 4 2
9097 4 33963 164 163 199 199
15436 1 15435 3 2 2 2
9201 1 9200 5 3 4 3
6058 0 5378 94 94 10325 10311
5378 1 9054 5 2 9 4
24455 0 7235 87 87 16729 16724
40886 0 36491 32927 32927 37810 37809
27948 0 29072 5441 5441 39399 39395
2574 1 10949 7 3 8 4
15184 1 36822 2 2 3 2
17033 1 208 2 2 3 2
5633 0 4663 873 873 11920 11904
23779 0 17423 1153 1153 10439 10435
31140 0 1615 30 30 989 984
25999 1 31140 2 2 3 2
29071 0 25203 5859 5859 18476 18473
4929 4 37085 1654 1648 348 348
11962 4 5667 50 46 5 5
14732 6 18907 8991 8990 196 196
4582 0 23340 2257 2257 3816 3812
2940 0 23340 31 31 25 22
6093 10 24981 7 6 3 3
14001 0 36202 29 29 789 789
37407 0 19919 130 130 16383 16380
28934 0 6210 29 28 22 19
13298 1 26814 4 2 3 2
12356 1 20726 3 2 2 2
11679 7 15652 74 68 5 4
18992 0 780 1154 1154 10386 10378
12696 0 1750 4515 4515 8214 8212
22477 1 2282 7 2 2 2
17701 4 36065 170 170 4 4
20641 0 36866 20315 20314 37577 37576
31601 0 1352 1268 1268 35644 35638
36144 0 28533 4052 4052 5297 5297
22400 2 2183 4 4 318 287
39117 2 5348 8 7 12 10
12905 1 5832 4 2 3 2
16355 1 22399 869 864 879 879
8334 2 35737 541 541 9162 9161
13347 0 26570 18 18 31 29
40889 0 34949 18108 18108 40504 40504
12551 0 7485 3919 3919 5502 5501
3154 1 27514 4 2 2 2
35950 0 20760 2 2 13 8
20760 0 25127 6919 6919 20840 20839
23933 1 23098 4 3 5 2
12685 6 19180 2263 2257 66 66
12358 2 4168 34 34 567 557
7700 2 4168 20 20 310 301
35674 0 16517 21855 21855 32272 32271
6813 1 5175 5 2 2 2
7375 1 7374 4 2 3 2
40890 2 23906 2749 2749 40554 40554
21948 4 38918 1979 1979 5294 5294
17500 9 17499 2 2 2 2
6759 1 21078 6 3 3 2
11196 0 24534 10243 10243 11962 11959
16734 7 13678 4686 4683 12 12
865 1 17946 11 2 2 2
1821 6 39122 35 21 3 3
11630 1 31896 6 3 2 2
7284 1 17756 3 2 2 2
26770 5 6829 1 1 8 2
37565 1 22789 4 2 3 2
11926 1 11925 6 2 4 3
27446 1 22702 4 2 4 2
13999 0 37238 685 685 752 751
2050 6 30438 3566 3566 4845 4845
21493 0 24309 7080 7080 40331 40331
40891 0 13449 28393 28393 40713 40712
15390 1 38904 35780 35779 10209 10209
33146 1 2101 4 3 16 8
17987 3 17986 9 7 5 4
29746 3 17987 4 4 47 45
2692 0 10487 4448 4448 6583 6580
32902 1 29338 2 2 2 2
14511 6 11512 1557 1550 22 22
6117 1 683 2 2 8 2
25817 0 40019 23512 23512 31404 31404
39730 4 31900 2388 2388 13842 13842
14912 3 19439 21 18 3 3
34332 4 1842 10 6 1 1
29957 5 8285 42 42 3620 3616
8398 4 40398 8244 8244 1233 1233
13141 4 36356 22 10 2 2
24146 1 36079 3 2 2 2
12197 1 24146 6 3 3 2
8973 0 15567 986 986 1730 1729
2840 1 18631 4 3 2 2
4993 1 4648 3 2 13 4
15543 4 26788 1164 1164 4346 4346
9926 1 1976 4 2 5 3
40893 0 10088 2872 2872 40838 40833
18632 0 15264 865 864 2765 2762
25930 4 9684 331 326 118 118
39714 5 5407 2 2 1484 1459
31612 1 9688 2 2 3 2
1782 1 1781 3 2 6 2
34009 6 39128 444 441 252 251
25597 0 4132 12359 12359 38182 38172
16378 0 2054 3 3 29 13
12541 0 2054 5 5 765 748
2054 1 17904 19130 19130 28420 28419
18557 9 18725 3 3 2 2
40453 1 28165 2 2 4 2
7231 0 16733 38644 38644 21209 21209
17867 1 14085 3 2 3 2
36201 4 39259 3035 3034 34 34
17202 0 12720 12 12 37 28
28053 0 4049 1210 1210 31755 31740
25593 0 4049 688 688 20749 20735
4049 1 28361 2 2 4 2
22873 1 37187 9 2 2 2
37187 0 3391 3396 3396 23778 23774
30984 1 6485 5 3 5 3
12052 1 6794 3 2 5 2
6371 6 13857 1598 1594 518 517
1675 3 3261 7 3 4 3
32329 0 39076 8426 8426 6750 6750
1788 0 22163 1 1 5 1
8791 1 15310 3 2 8 2
13863 1 15310 11 3 7 2
3838 1 15310 4 2 14 7
36716 0 15310 21 21 1638 1638
23303 1 6584 3 2 11 5
9014 0 13840 2312 2312 18586 18581
9501 1 16279 4 3 3 2
9412 1 35482 6 2 2 2
26517 1 352 13 11 39 30
30651 1 30650 3 2 2 2
13606 0 5759 28 28 357 342
24242 4 40495 988 988 1547 1547
3024 1 8489 3 2 8 2
4914 4 5471 97 92 2 2
16649 0 11808 15 15 110 105
16580 1 16649 3 2 4 2
8882 1 30608 4 2 2 2
24380 6 4034 120 120 442 440
20967 1 38940 13806 13803 549 549
38940 1 20967 1227 1227 15818 15815
12345 4 32572 70 69 5 5
17336 1 6811 2 2 4 2
4393 0 21188 710 710 15339 15337
16082 0 19592 14431 14431 34511 34511
13599 4 38034 176 176 57 57
2399 3 852 14 12 4 4
26551 1 17969 4 2 5 3
19862 1 25685 6 2 2 2
33100 0 23835 79 79 893 887
38732 1 16818 2 2 4 2
30257 4 39983 54 54 36 36
2097 1 9439 8 4 7 3
8891 1 8890 2 2 6 3
10946 1 16189 192 189 67 66
23311 5 666 2 2 136 108
7605 1 16736 3 2 3 2
40896 0 23801 4321 4321 39255 39253
3152 1 34834 4 2 2 2
8027 0 17129 32066 32066 39880 39879
18036 1 23414 4 2 3 2
10896 1 5187 2 2 2 2
29378 0 14065 33 33 2141 2139
11268 1 18820 15 14 739 736
10603 3 7644 3 2 3 2
28163 6 33290 51 51 62 62
26372 1 2839 4 2 4 2
13731 1 3340 4 2 7 4
30635 1 27499 3 2 4 2
19561 2 12788 10 8 16 14
6316 1 14884 24 22 13 12
14884 1 6316 10 9 19 17
40071 0 542 268 268 10173 10159
24433 1 24432 3 2 2 2
8518 8 19686 71 66 35 35
36028 1 13581 2 2 4 2
23015 1 39472 3 2 2 2
29941 0 8121 14 14 32 27
11007 0 39628 2510 2510 2833 2832
38483 1 35975 2 2 2 2
27069 0 17594 5 5 1301 1300
31414 0 21528 95 95 877 874
10966 0 6448 109 109 931 927
7275 0 36151 30342 30342 35834 35833
10347 0 12311 3 3 241 230
40897 0 15992 4715 4715 40517 40512
29348 1 9181 2 2 7 2
181 4 20452 480 475 12 12
30056 0 13450 466 465 1410 1404
13510 0 34706 787 787 25701 25699
9041 1 8986 6 2 7 2
33052 1 6521 3 2 6 2
26934 4 36843 282 282 413 413
2778 1 2777 4 2 2 2
28399 9 24687 3 3 4 4
28399 0 7125 4 4 4 2
163 1 9522 6 2 3 2
38964 6 15538 7 5 3 1
36295 6 20656 30587 30587 22010 22010
7947 1 3044 5 2 9 2
24577 0 6103 3208 3208 7081 7078
39447 2 955 5 4 181 168
27080 0 35724 79 79 760 760
18317 0 16471 2409 2409 32147 32144
40899 0 1371 15716 15716 40928 40905
35847 0 1371 2 2 3302 3280
32447 6 14556 685 683 5 4
5046 5 5363 255 255 34270 34255
31855 0 1378 2 2 106 46
19994 0 1378 94 94 580 519
25740 0 1378 657 657 853 791
40676 0 1378 6843 6843 40666 40603
20832 0 2453 80 80 5637 5585
38637 0 35536 74 74 2301 2301
29542 6 38922 22 22 9 9
17578 1 8885 3 2 4 2
40900 0 3668 1452 1452 40540 40532
38879 4 40465 166 166 167 167
23645 1 3271 3 2 3 2
10717 1 23392 3 2 6 4
7129 6 37636 193 173 3 3
7129 6 39342 36 17 7 4
22752 1 11603 5 3 4 2
13171 0 2104 7212 7212 16012 15996
3840 4 25993 120 119 11 11
6976 1 6542 2 2 2 2
6504 0 17314 19 19 138 131
1218 1 18913 6 2 2 2
23637 1 22005 2 2 2 2
12259 4 40042 884 884 779 779
29053 0 31232 10 10 778 774
14841 1 11642 4 2 4 2
12434 1 11406 3 2 5 2
4571 1 19807 3 2 2 2
12516 1 16943 2 2 5 3
9471 1 28564 6 2 2 2
40902 0 30686 29587 29587 40166 40165
215 1 13069 8 3 3 2
28342 4 21955 2248 2248 1577 1577
4050 1 5908 3 2 2 2
10960 0 16571 10750 10750 28644 28643
3343 1 1512 6 2 4 3
15421 1 7039 7 2 3 2
40903 0 23890 27668 27668 40868 40867
18173 1 23932 3 2 4 2
26645 1 11702 2 2 2 2
15117 1 11702 2 2 3 2
7241 1 9423 4 2 2 2
15866 1 20662 3 2 5 2
308 1 23762 7 3 3 3
1602 1 20590 5 2 3 2
7541 1 7540 3 2 3 2
4015 0 32323 36329 36329 15624 15624
36003 2 3957 3 2 7 3
11479 0 4865 946 946 18267 18261
1202 0 14475 1382 1382 14192 14189
14612 1 19739 3 2 4 2
7024 0 6752 2816 2816 20002 19987
32853 0 5203 896 896 16720 16718
37253 0 40396 25836 25836 32492 32491
34648 0 16831 2304 2304 2673 2672
1613 1 3914 5 3 5 2
10826 0 26562 878 878 22792 22787
23101 1 12527 3 2 4 2
27830 0 8061 1344 1343 8978 8976
20864 1 6464 2 2 3 2
5262 6 29332 2053 2050 10036 10036
35821 0 16863 35176 35176 39907 39901
13407 1 4967 4 3 4 2
9713 1 18011 3 2 2 2
31393 4 27927 2978 2978 4629 4629
12347 1 13214 5 2 2 2
22063 1 36525 2 2 2 2
37425 0 4766 10482 10482 25318 25318
27152 4 38832 278 277 6 6
31830 5 24055 45 45 185 185
15799 6 17609 12 1 1 1
38974 0 621 13 13 1017 1016
17241 0 17150 5 5 6 5
2858 4 33960 305 273 14 14
26230 0 10765 3 3 62 55
19752 1 19897 7 3 4 2
38731 0 10922 25 25 10748 10745
30909 6 31031 9606 9606 17937 17937
40907 0 25161 23484 23484 36091 36089
36978 0 692 10 10 2551 2527
29708 0 692 22 22 2383 2360
20476 1 6724 1191 1190 2387 2385
40908 0 7921 4807 4807 40271 40271
2443 9 5163 9 8 6 6
12141 1 2443 2 2 6 3
7159 4 32394 179 176 82 82
9995 0 1520 19 19 954 944
3657 1 11758 49 49 2573 2569
687 6 27283 36095 36074 3241 3241
8662 0 716 3 3 689 651
7974 1 3145 6 3 4 2
24517 1 9302 2 2 6 4
7449 0 7095 12684 12683 9263 9263
31989 4 40175 85 85 11 11
40909 0 3338 7841 7841 40478 40470
19172 0 15730 1086 1085 582 581
15433 6 23550 16301 16298 194 194
15869 1 9418 4 2 4 2
27694 3 13419 2 2 3 2
21543 0 14367 26758 26758 25870 25864
5015 4 5256 10 3 1 1
16016 1 10865 3 2 2 2
2379 0 14652 4378 4378 10890 10890
40910 0 10662 9492 9492 40783 40775
13388 1 17572 4 3 3 2
38526 0 17405 4019 4019 16365 16357
9889 0 38560 2104 2104 14523 14522
11600 0 13047 3 3 164 156
40912 0 9931 23050 23050 40836 40836
36575 0 34172 26194 26194 26810 26807
19960 6 20910 31233 31232 10864 10864
10868 1 6529 4 2 7 4
25398 1 30292 2 2 4 2
13664 1 23487 4 2 3 2
40913 2 1214 255 255 40628 40609
13094 2 1214 3 1 20 2
16437 0 26208 24471 24471 21729 21727
22757 1 22756 3 2 2 2
40260 0 26108 2 2 6 4
32735 0 5654 3 3 17 14
3447 1 9780 7 2 3 2
14404 1 3447 3 2 8 3
7985 1 4209 2 2 5 2
40915 0 10407 9083 9083 40493 40493
6851 1 6468 3 2 7 3
15604 3 4192 8 8 8 8
9074 0 2243 137 137 1215 1214
16945 1 27937 2 2 2 2
37937 2 17319 4 3 33 30
17444 1 7040 2 2 3 2
24542 0 21434 6125 6125 6250 6249
19654 0 38248 6617 6617 226 226
40916 0 25194 8113 8113 40699 40698
3512 1 1507 6 3 3 3
35515 4 5683 396 396 905 905
26598 1 13630 2 2 2 2
3815 1 39428 4 2 2 2
4037 0 16708 1 1 7 3
29698 0 8868 22664 22663 22550 22549
15051 1 14230 2 2 7 3
1006 3 17460 6 5 20 16
20944 1 2415 4 2 7 3
9847 3 11802 18537 18529 9601 9601
19964 4 40677 40510 40507 3501 3501
23100 1 23574 3 2 3 2
21645 1 16026 5 3 4 2
3046 0 140 17121 17121 37857 37851
1732 6 23260 13 1 1 1
29279 4 22476 138 138 3 3
21641 0 8412 9638 9638 7611 7610
40283 0 13935 23 23 102 99
20075 1 5623 4 2 4 3
32173 0 25942 12 12 913 910
17114 1 9438 2 2 3 2
33419 4 28271 240 238 10 10
40917 0 5681 32356 32356 40444 40443
15907 1 15906 3 2 5 2
15906 1 26088 5 2 3 2
14098 4 39569 305 303 95 95
4725 1 3135 3 2 3 2
24645 1 21259 3 2 3 2
22111 1 25386 2 2 3 2
11499 1 5619 3 2 5 2
3068 1 3431 6 2 4 3
7765 1 7764 4 2 4 3
11813 1 30361 10 2 3 3
13330 1 4080 3 2 3 2
40919 0 27595 1727 1727 40438 40437
26579 0 27595 2486 2485 22452 22452
20569 1 7364 3 2 9 3
27835 1 30774 2 2 2 2
2212 6 39573 40121 40121 9052 9052
29644 1 22647 2 2 3 2
28102 1 13943 2 2 3 2
39806 0 4094 6640 6640 4717 4717
11333 0 1873 77 77 5258 5249
7708 1 7707 3 2 3 2
20826 6 37122 355 354 694 694
35116 1 2058 2 2 6 2
4697 1 3858 3 2 4 2
11455 4 7090 144 140 7 7
40921 0 10175 17554 17554 40922 40916
38431 1 28014 2 2 2 2
12033 1 19844 3 2 4 2
5245 0 33893 16057 16057 30558 30558
34222 0 38513 604 604 5174 5173
8695 1 8694 2 2 5 2
3104 1 3103 2 2 3 2
15438 1 11384 2 2 4 2
31721 1 24228 3 2 2 2
2370 4 3245 45 25 8 8
8754 1 6098 4 2 3 2
8754 1 4244 5 2 4 2
18988 0 27345 103 103 10137 10136
40923 0 13663 200 200 40507 40486
11049 0 722 340 340 20493 20485
38784 0 6570 35 35 12548 12533
16141 4 16183 854 852 339 339
496 1 32512 4 2 2 2
37743 1 14493 2 2 5 2
5090 1 38941 3 2 2 2
34217 1 30032 3 2 3 2
16865 1 8774 2 2 3 2
26008 1 24248 278 276 83 83
37763 1 3707 2 2 2 2
22457 6 34682 7202 7202 23014 23014
33138 1 11811 2 2 2 2
25767 4 33687 1475 1475 533 533
13958 4 28025 21 13 1 1
656 1 37010 4 2 2 2
10583 1 2117 9 5 10 4
20736 1 17537 2676 2676 11649 11648
10184 0 28333 14 14 40 36
38142 0 26564 38645 38645 14207 14207
3096 4 25112 47 39 3 3
15613 0 15381 3 3 1353 1349
22584 1 12684 3 3 4 2
10350 1 13671 4 2 2 2
7514 1 25165 5 3 4 3
25852 1 20593 2 2 3 2
14893 0 27550 150 150 2883 2883
22787 1 22786 2 2 3 2
5300 0 27067 119 118 284 284
622 0 8078 2 2 113 102
24444 8 33475 68 68 2771 2771
35002 0 19318 2547 2547 17434 17432
5466 0 115 2103 2103 15648 15632
19843 0 2682 2 2 19 18
22395 0 5140 870 870 4463 4459
20504 0 11647 2 2 2576 2567
11184 4 27448 23017 23008 69 69
33563 0 18375 5255 5255 28 28
19846 1 18645 33076 33074 16302 16301
23722 0 20561 14416 14416 10549 10549
36869 1 18872 2 2 8 3
1358 1 1357 4 2 2 2
13443 1 1717 4 2 4 2
9968 1 13305 3 2 6 2
6222 1 29825 3 2 3 2
19156 0 89 1732 1732 25871 25854
28882 9 3696 2 2 2 2
40924 0 22072 246 246 39699 39695
30066 1 7387 2 2 4 2
15533 0 7387 2460 2460 34571 34565
6506 6 39335 378 371 10 10
29368 0 40057 40444 40444 35222 35222
27225 6 33459 36 29 5 5
34773 0 34386 274 274 37786 37784
40449 0 1803 1649 1649 8497 8489
21774 6 9252 4717 4717 20018 20018
18483 1 17730 3 2 4 2
18247 1 33545 2 2 2 2
38623 0 5839 589 589 23314 23309
4359 1 29197 4 2 6 2
29197 1 13612 6 2 6 3
27198 1 6242 3 3 7 2
27447 1 4053 2 2 3 3
13806 1 28087 3 3 4 3
40925 0 19888 18709 18709 40754 40754
9983 4 21913 418 416 192 192
20348 0 11447 20 20 10 10
38036 0 1666 613 613 10970 10959
32679 0 34089 15464 15464 7783 7783
35965 4 17251 27 27 17 17
18481 6 27900 27536 27536 7683 7683
37628 1 32564 8 8 4 3
4466 1 21189 4 3 5 2
640 1 7220 3 2 3 2
24070 0 18975 28533 28533 31482 31480
2758 1 22165 2 2 3 2
4556 1 9927 4 2 7 3
40353 0 10745 3002 3002 32071 32066
19632 1 35311 2 2 2 2
39784 1 31199 2 2 2 2
4594 0 5891 13 13 1302 1298
4491 0 19288 9331 9331 38554 38552
30729 4 33668 206 206 137 137
34985 0 3925 2060 2060 13561 13557
28487 1 7168 3 3 6 2
26416 1 36198 4 2 2 2
34811 0 1272 121 121 5718 5701
3263 1 2390 4 2 6 3
11689 0 15537 3 3 43 40
28752 0 4416 1 1 5 4
27422 0 8663 20927 20927 39974 39972
5643 1 3754 3 2 3 2
11366 1 26527 7 3 5 2
24792 1 893 3 3 3 2
6657 1 21399 3 2 2 2
18566 1 6657 3 3 4 3
39413 0 5325 26 26 13086 13060
11969 1 26616 3 3 3 2
36488 1 6245 2 2 6 2
11151 1 17991 3 2 4 2
3136 1 16161 3 2 3 2
30980 0 3884 9 8 130 125
30250 1 32816 4 2 3 3
4638 1 29948 2 2 2 2
27855 0 9636 2478 2478 1559 1559
22777 1 35880 4 2 2 2
3901 1 1387 3 2 5 5
22243 0 13777 1790 1790 27952 27943
5542 1 30223 6 2 3 2
38033 0 20954 12131 12131 37944 37944
29753 0 15565 10420 10420 27473 27465
29266 4 13537 2350 2350 194 194
1937 6 25054 7056 7053 7132 7132
21124 0 14843 1930 1930 30882 30879
40927 0 290 9080 9080 40064 40018
31744 4 8674 4587 4586 1237 1237
40127 0 2558 11 10 138 124
2529 4 12558 2165 2158 159 159
7694 1 33571 5 2 2 2
22610 0 27194 35 34 470 465
30249 0 6066 18641 18641 39768 39767
658 0 13432 13785 13785 20163 20157
40928 0 9369 14268 14268 40647 40646
38434 0 9010 3022 3022 13367 13366
30241 6 28445 2313 2310 10 10
35998 1 12005 2 2 5 2
37809 2 18294 2793 2792 18700 18698
11424 1 34792 9 2 2 2
35840 0 11072 980 980 39704 39699
28978 1 22902 2 2 2 2
11576 6 38596 271 269 6 6
1930 4 36216 420 413 46 46
7939 1 10211 5 2 3 2
28794 4 27413 1644 1644 9445 9445
5741 0 1817 5897 5897 293 293
5741 6 31343 6 3 3 3
19214 6 3845 260 256 11 10
23468 1 1116 4 2 4 2
19251 1 13436 4 3 10 6
30832 0 17008 20949 20948 16778 16778
10086 1 10085 2 2 5 2
20123 1 21785 4 3 5 2
29801 1 16682 2 2 6 2
2714 6 17927 328 284 78 74
3544 6 29062 23 12 2 1
16737 0 2582 1855 1855 24748 24744
37791 0 27732 788 788 17896 17891
17526 4 11245 1174 1172 87 87
1533 0 604 534 534 5123 5112
39727 1 9142 2 2 8 3
13018 3 4849 5 3 7 6
32445 0 36854 29 29 1744 1742
30065 6 21979 6 6 173 170
1742 6 21979 1073 1073 12404 12400
23039 1 22926 4 2 2 2
32339 1 27741 3 2 4 2
17262 4 33581 506 505 97 97
26419 1 3896 2 2 3 2
2404 6 17683 102 100 30 30
33189 0 14812 1828 1828 12211 12207
26452 9 7754 18278 18278 32848 32847
19015 1 28438 5 2 5 2
12913 1 9397 2 2 4 2
40931 0 27727 7962 7962 39921 39920
1419 1 22014 5 3 3 2
22075 4 35020 794 793 466 466
14470 4 37913 282 281 27 27
28719 0 7960 3823 3823 12516 12516
8597 1 843 2 2 6 2
14278 0 7240 1494 1494 12505 12488
2970 0 8651 594 594 6508 6507
17407 6 4098 33867 33866 8659 8659
15599 5 6014 42 42 359 356
23298 0 37796 41 41 224 222
23743 4 1839 1600 1596 329 329
9242 1 9241 2 2 4 2
40932 0 8840 18726 18726 40795 40788
20097 1 39891 5 2 2 2
28366 1 34247 4 3 3 3
23644 0 37462 29216 29216 34605 34605
9572 9 9571 4 4 2 2
30724 1 28310 2 2 3 2
18933 4 6687 234 232 10 10
17759 0 2861 363 363 17551 17542
40933 0 15371 5642 5642 40678 40674
38707 1 6267 2 2 3 2
4208 1 4207 3 2 3 2
15219 1 38553 3 2 2 2
23158 4 15716 596 596 402 402
21950 1 27256 4 2 3 2
34499 0 3934 6762 6762 30591 30588
35578 1 3227 2 2 4 2
7908 1 6243 31 24 11 10
1914 6 14604 1119 1096 96 96
38010 0 30717 1345 1345 12695 12694
40934 0 22330 29352 29352 40901 40901
36509 0 1481 8133 8133 11230 11229
17630 1 5576 3 2 3 2
16260 4 1174 105 99 8 8
8162 2 27707 1653 1653 991 991
28523 9 16965 2 2 2 2
40935 0 16658 15137 15137 40746 40743
25614 0 86 48 48 1653 1650
18620 3 6300 3 2 5 4
10303 0 1380 24 24 263 248
37033 0 20187 231 231 335 334
26386 0 18443 9151 9151 2939 2939
38926 0 5480 4946 4946 24374 24373
29831 0 12577 2 1 15 8
15782 0 21097 3951 3951 31205 31202
22438 1 8094 2 2 4 2
40936 2 3999 2869 2869 40613 40572
1838 0 11464 3912 3912 33847 33845
14405 6 31106 1766 1763 245 245
38576 6 23883 272 272 1100 1100
17088 4 35425 40176 40176 8185 8185
849 10 13402 3 3 3 3
31905 1 5241 4 3 4 2
5409 0 9991 1851 1851 4377 4375
7245 0 31986 3200 3200 27245 27244
34983 1 16742 2 2 4 2
10762 1 12714 3 2 2 2
10953 0 273 281 281 5223 5208
26769 0 1194 4 4 17 15
12790 6 38666 23 22 10 9
20833 0 14547 4685 4685 32919 32919
31477 0 20633 49 49 5028 5026
25922 1 17748 4 2 3 2
35874 0 3549 12 12 180 165
24436 1 2798 2 2 3 2
25966 1 11230 2 2 3 2
16275 1 18980 4 2 6 2
7862 4 17841 263 260 57 57
12959 0 12265 1775 1775 20895 20895
40938 0 25310 22629 22629 37534 37532
35627 0 3269 1 1 5 2
18098 1 22245 8 2 2 2
35614 0 5846 1 1 35 6
29207 1 24456 3 2 6 3
1048 1 24443 3 2 3 2
22767 5 6095 1 1 5 2
12231 0 16476 1 1 15 9
19496 1 30112 2 2 6 3
40940 0 7382 2053 2053 40496 40493
8838 1 20614 5 2 3 2
30101 1 30632 4 2 4 2
9830 1 34527 3 2 3 2
40941 0 13946 18182 18182 38409 38407
28643 0 11339 7 7 1336 1332
13847 1 14386 3 2 4 2
27260 1 35256 3 2 3 2
35120 4 33416 20 18 3 3
6728 1 6727 13 3 4 2
