1678 7 40551 358 122 1 1
1678 7 18056 310 76 1 1
1678 7 30089 459 220 2 2
1678 7 36781 361 124 1 1
1678 7 18000 259 30 1 1
1678 7 9202 280 49 1 1
1678 7 26036 2148 1907 2 2
1678 7 35669 402 164 1 1
1678 7 40887 40777 40534 1380 1380
1678 7 38204 33907 33665 36 36
17935 9 35175 2 2 2 2
785 8 10116 19771 19309 81 81
785 8 37575 2745 2299 2 2
785 8 21817 20469 20004 68 68
785 8 18729 446 4 4 2
785 8 12268 4965 4517 3 3
785 8 29200 16624 16168 4 4
785 8 23537 20225 19761 5 5
785 8 6770 26599 26129 19 19
785 8 1493 17404 16947 15 15
785 8 28822 36571 36100 27 27
785 8 15703 13749 13296 117 117
785 8 8245 15117 14663 7 7
785 8 36761 24497 24028 7 7
785 8 155 19116 18656 3 3
785 8 39420 20105 19642 3 3
785 8 38749 19019 18560 9 9
785 7 11761 18615 18601 34 34
16176 4 33688 2385 2383 766 766
18671 0 11241 425 425 6584 6569
19621 0 11241 2 2 19 5
15582 0 4030 20 20 497 468
25033 0 4030 2 2 39 13
31351 0 4030 6 6 245 217
19165 0 2969 40 40 392 383
21012 1 19165 5 3 2 2
16748 6 29001 14 13 9 7
31740 0 1183 29 29 785 742
26184 1 32091 15410 15407 231 231
32091 1 26184 226 226 15327 15324
4194 1 6975 2 2 2 2
6975 1 3569 3 2 7 2
15602 0 4367 1175 1175 16160 16131
6546 0 4367 17 17 2174 2146
24512 1 24859 2 2 2 2
33182 0 5053 1149 1149 5216 5213
5945 6 10270 8 5 6 5
5109 0 22368 4071 4071 28052 28047
20774 0 8060 14 14 10 10
12274 1 9268 2 2 2 2
12842 1 15886 6 2 3 2
13394 1 3789 4 2 2 2
13394 0 3459 392 392 843 836
38200 3 8055 3 2 4 2
36698 0 586 893 893 10687 10607
13143 0 586 46 46 2890 2813
7684 1 586 5 4 10 4
586 3 772 41 31 8 7
586 3 3510 283 272 34 34
586 1 11276 3 2 4 2
38212 2 121 6 6 1535 1035
34053 2 121 5 5 1276 779
21130 2 121 4 4 910 426
22680 2 121 2 1 509 28
33440 2 121 3 3 1251 755
37929 2 121 4 4 1091 602
25514 2 121 15 15 1359 860
31531 2 121 8 8 1562 1060
15287 2 121 19 19 1777 1271
30007 2 121 2 1 476 4
33594 2 121 5 5 1186 693
31050 2 121 32 32 1856 1349
10443 2 121 2 1 484 7
13776 2 121 2 1 478 4
28371 2 121 3 3 1072 585
25046 2 121 2 2 670 187
29285 2 121 13 13 1326 828
29029 2 121 8 8 1547 1046
39017 2 121 1 1 649 167
36587 2 121 14 14 1945 1437
29042 2 121 19 19 1595 1092
20341 2 121 6 6 1075 587
33915 2 121 5 5 1187 693
14588 2 121 2 1 477 4
121 6 39924 53 49 33 33
40757 0 1311 1574 1574 40621 40604
40804 0 1311 4194 4194 40734 40716
1311 0 896 40 40 53 48
18270 1 18269 4 2 2 2
13049 0 4990 44 44 1571 1552
36351 0 4990 30 30 1658 1638
29179 1 10971 2 2 2 2
23886 0 6769 6 6 11 10
30612 0 4411 1564 1564 6526 6525
14866 0 3633 3 3 12 7
35748 0 11399 3021 3021 40066 40059
31413 0 15186 32 32 421 419
20145 0 11015 255 255 757 756
40728 5 914 15571 15571 40856 40562
28450 5 914 2963 2963 30504 30213
7848 5 914 3 3 351 68
35945 5 914 1 1 280 2
25546 5 914 5 5 4526 4237
38155 5 914 2 2 323 41
36490 5 914 6 6 4791 4501
31958 5 914 1 1 288 9
16022 5 914 49 48 1067 780
1595 5 914 7 7 888 602
5734 1 377 4 2 3 2
22785 0 5734 6 6 9 8
1255 6 24915 17 17 33 33
14244 1 11981 2 2 3 2
19390 0 4369 23 23 82 63
15364 0 4369 99 99 3084 3064
6533 0 4369 3823 3823 22539 22516
20079 0 4369 108 108 8436 8414
3634 1 4369 6 3 2 2
10990 1 4301 6 2 3 2
16398 1 2783 5 4 6 2
2783 1 1316 9 2 6 2
31737 0 16660 3 2 16 3
40758 0 6286 25895 25895 40788 40776
36771 0 6286 4 4 101 90
23301 0 6286 7 7 41 31
6286 1 7865 7 7 4 2
40759 0 45 19414 19414 40884 40881
45 1 44 16 5 2 2
30663 4 40225 14 13 3 3
14235 0 20549 29 29 304 299
20549 1 8731 4 3 7 3
15727 0 20842 10 10 6 5
28017 0 10090 4043 4043 38193 38179
40795 0 10090 10421 10421 40575 40560
32851 1 11382 2 2 5 4
21858 0 14369 6 6 98 94
34003 0 20650 3 3 13 12
5656 1 624 4 3 5 2
624 1 34337 7 2 2 2
32035 1 33317 2 2 3 3
6074 0 11052 745 745 1235 1235
6074 1 6073 3 2 2 2
31355 4 35983 456 453 225 225
10203 0 23680 383 383 5388 5388
34114 4 1598 40 39 4 4
15430 4 617 19 5 4 2
617 6 23164 586 571 427 427
40760 0 3796 4499 4499 40752 40740
40898 0 3796 174 174 40497 40486
27089 0 25460 2 2 10 2
38920 0 20791 63 63 422 422
26740 0 15987 16 16 205 200
26740 5 4475 4 4 73 53
33592 0 3640 2 2 90 21
21749 0 16741 5 5 20 16
40287 6 21134 4 4 4 4
14022 1 6297 3 2 2 2
14504 1 14022 2 2 5 2
40761 0 448 738 738 40584 40559
23685 1 146 3 2 4 3
24780 0 39997 17540 17540 18827 18827
40762 0 1763 6239 6239 40707 40702
6572 1 6944 2 2 4 2
6944 0 1701 379 379 2118 2111
4031 1 9327 9 2 6 3
37067 1 10473 2 2 3 2
23647 0 1338 8 7 32 5
23277 0 13709 11 11 708 688
3947 0 12235 101 101 2234 2225
12250 1 12717 2 2 2 2
271 6 40026 1582 1555 496 496
14931 1 36099 18 16 33 32
36099 1 14931 30 29 16 14
36099 1 27949 2 2 3 2
14576 5 2971 3 3 122 58
13484 5 2971 1 1 62 1
7443 1 25067 3 2 4 3
16880 0 18633 1021 1021 8193 8186
16881 1 16880 2 2 4 2
17282 0 228 9 9 1554 1481
33871 0 228 35 35 13647 13571
40763 0 987 933 933 40219 40214
20046 0 4696 11 11 96 89
8415 2 7033 3 1 6 1
15870 1 18392 3 2 4 4
25017 9 18392 2 2 3 2
3787 1 8742 4 3 7 3
23980 0 3787 2822 2822 11314 11297
8742 1 19068 6 3 6 3
11482 1 10803 2 2 2 2
2901 0 30222 13601 13601 20635 20635
10757 0 3459 56 56 2536 2528
26302 0 3459 1206 1206 21415 21406
10581 4 27666 3691 3691 1241 1241
11449 2 6220 15 14 76 69
258 6 35861 11555 11551 532 532
25183 3 11235 6265 6265 11044 11043
15107 1 15106 2 2 2 2
20809 4 32820 1211 1192 369 369
20809 4 32206 1054 1036 169 169
4981 1 17073 4 2 3 2
16542 0 4523 27 26 33 31
40894 0 16542 8960 8960 40767 40765
10161 1 10160 3 2 5 2
10160 0 15134 152 152 3355 3348
26185 1 15249 2 2 2 2
1771 1 1770 8 2 3 2
1771 1 9610 6 2 5 2
1771 1 36226 2 2 2 2
24128 0 8842 7701 7701 32811 32808
26157 1 31405 3 2 2 2
31405 1 31404 3 2 2 2
6096 1 29574 2 2 2 2
31306 6 34770 23 23 718 718
65 9 439 2 2 2 2
9078 1 23938 3 2 3 2
10215 0 5164 4654 4653 23186 23176
1559 8 14508 31 13 2 1
1559 8 25902 30280 30261 35 35
23501 0 1668 81 81 10796 10725
20112 1 27611 2 2 2 2
29717 0 30926 14607 14607 35187 35186
40020 0 17095 9953 9953 36908 36907
23138 0 1929 5 5 289 61
38723 0 1929 2 2 225 3
27757 0 1929 4 4 611 381
35086 0 1929 6 6 226 3
20750 0 1929 5 5 241 15
38906 0 1929 6 6 230 5
18333 0 1929 4 4 279 52
15970 1 3369 3 2 4 2
8306 2 25327 5 4 15 8
25327 5 3250 46 46 674 662
32633 1 5596 6 5 4 3
30166 0 5644 18 18 1815 1797
3771 0 5644 31 31 281 264
36968 0 18425 41 41 1981 1978
4765 1 4764 3 2 5 2
17970 0 4765 110 110 1896 1891
13604 2 251 2 2 11 2
37309 0 30216 28 28 482 482
38488 0 19873 29825 29825 30858 30857
21703 2 1136 3 2 208 139
37709 2 1136 3 2 235 165
29422 2 1136 3 2 139 72
34900 2 1136 3 2 197 129
4319 2 1136 10 10 1156 1084
35289 1 33808 2 2 2 2
7560 1 5488 3 2 6 2
40937 0 5488 19571 19571 40861 40858
13163 0 5488 125 125 252 250
3087 1 18847 3 2 2 2
27819 0 3087 2161 2161 22508 22493
29206 1 25712 3 2 3 3
4485 0 608 106 106 2889 2524
4485 1 4213 4 2 5 2
2562 0 608 17204 17204 31976 31592
40838 0 608 17809 17809 40698 40305
14223 0 608 642 642 6907 6539
9757 0 608 5237 5237 16022 15648
21406 0 608 3063 3063 25613 25234
20006 0 608 397 397 14381 14009
1328 0 608 93 93 9861 9491
30256 0 608 5 5 2028 1665
28595 0 608 1913 1913 34420 34034
40884 0 608 24861 24861 40677 40286
33590 0 608 65 65 3082 2716
40777 0 608 22869 22869 40826 40426
39245 0 608 35411 35411 39675 39287
40785 0 608 16104 16104 40683 40291
40793 0 608 14554 14554 40718 40324
40814 0 608 23900 23900 40791 40393
7793 0 608 18940 18940 34092 33707
37242 0 608 31250 31250 38552 38165
40830 0 608 18834 18834 40673 40283
40764 0 29777 26343 26343 40899 40897
13128 0 959 78 78 5808 5777
35052 0 959 26803 26803 38671 38639
14092 1 7130 4 3 4 2
40765 0 18 6942 6942 40677 40677
37609 0 25129 5529 5529 30642 30637
3268 1 10028 2 2 5 3
40766 0 35564 20628 20628 40841 40840
15729 1 12999 7 4 13 11
12999 1 15729 13 11 7 4
35258 4 25396 36 36 28 28
38187 1 29741 2 2 2 2
38187 0 2275 915 915 13096 13063
40767 0 15247 27982 27982 40905 40902
27131 1 17012 2 2 2 2
15936 0 23068 11 11 8 6
7803 1 13968 20 18 23 21
13968 1 7803 23 21 19 17
40572 0 32910 39234 39234 40911 40908
39830 0 32910 5 5 18 16
14004 0 25065 4 4 19 16
25065 0 4789 2 2 63 61
32733 0 248 108 108 153 143
10121 0 248 7 7 65 56
30194 0 7722 5 5 26 14
23606 0 4877 77 77 1649 1638
32247 0 4877 6 6 165 155
30622 0 2318 5 5 154 34
26982 0 2318 147 147 1882 1752
9320 0 2318 64 64 1406 1278
26224 0 2318 116 116 2029 1898
18713 0 2318 41 41 709 583
38875 0 2318 14 14 1011 884
3443 1 12083 3 2 3 2
13887 0 3443 193 193 1735 1724
18271 0 3443 3 3 25 15
4423 0 24850 3 3 17 16
1038 4 13190 271 103 11 11
1038 4 40447 253 87 12 12
1038 4 33781 641 467 82 82
1038 4 31677 251 86 8 8
1038 4 7455 462 290 57 57
23751 4 8080 40 36 6 6
8080 4 23312 103 100 22 22
25625 5 2176 3 3 794 690
24036 5 2176 4 4 697 595
18415 5 2176 2 2 895 790
29637 0 28168 158 157 554 549
17924 0 7315 6291 6291 24824 24819
13300 0 11301 1322 1322 6391 6380
13300 6 14769 2587 2584 7323 7322
25115 0 11301 2817 2817 11843 11831
20438 0 11301 42 42 266 257
37862 0 11301 119 119 3573 3563
34851 4 31118 34 33 12 12
40242 0 24346 1177 1177 23338 23335
26644 1 4985 3 3 2 2
26644 1 16054 4 3 3 2
8110 0 12168 5 5 43 8
36165 0 12168 26995 26995 38976 38939
22455 6 27199 1607 1607 12881 12881
7288 1 36878 2 2 2 2
19322 5 7288 147 147 3753 3738
40768 0 1784 20626 20626 40701 40654
15769 0 1784 7 7 339 294
40438 0 1784 132 132 21822 21776
40839 0 1784 22509 22509 40850 40802
27441 0 25270 28603 28603 17460 17459
25270 0 6354 4927 4927 12046 12043
12380 1 20717 5 2 3 2
3729 0 20717 287 287 10477 10466
176 1 25906 23 22 763 760
25906 1 176 742 739 23 22
40769 0 10981 9062 9062 40585 40584
24894 0 7247 24 24 50 41
27000 0 7247 124 124 3167 3157
17047 0 13439 20519 20519 19605 19605
40770 0 3005 6253 6253 40676 40662
12076 1 3005 3 2 10 4
12740 4 40747 40706 40706 27527 27527
16545 1 14634 2 2 2 2
4313 1 3457 9 3 6 4
1482 0 13752 14 14 8 8
1482 1 35255 6 2 3 2
11251 1 13752 2 2 3 2
28721 1 22741 2 2 2 2
28721 0 15897 4 4 52 49
3761 0 8987 7919 7919 13628 13628
8987 3 23784 22732 22732 18625 18625
7280 1 26118 3 2 2 2
28912 1 26118 4 3 3 2
38386 0 1904 2 2 4 2
6607 1 11157 5 2 2 2
637 6 31616 851 808 84 84
637 6 39715 693 653 237 237
637 6 14054 58 19 18 18
637 6 39536 733 692 16 16
637 6 23571 894 850 129 129
637 6 40404 927 882 120 120
637 6 29851 789 747 169 169
5767 4 21704 22 4 2 2
3432 4 7926 365 363 47 47
3509 0 3407 25 25 51 47
13238 0 3407 6 6 24 21
26647 1 3407 4 3 5 2
24287 1 17938 3 2 5 4
36533 9 24287 3 3 3 3
17939 1 17938 2 2 7 5
9673 1 8487 8 5 6 3
7998 1 9673 4 2 3 2
8487 1 7998 4 2 3 2
3814 1 3548 3 2 2 2
23744 0 296 20 20 545 397
21505 0 296 71 71 979 829
7397 0 296 3 3 144 5
10506 0 296 3 3 145 5
38028 0 296 3 3 156 15
12013 0 296 47 47 1234 1083
15119 0 296 10 10 220 76
36945 0 296 17 17 586 437
36798 0 51 88 88 1368 1174
38369 0 51 80 80 1528 1333
40705 0 51 28932 28932 40688 40487
20387 0 51 311 311 1793 1597
40810 0 51 13205 13205 40557 40357
27837 0 51 15 15 613 421
5886 0 51 3 3 708 515
20051 1 20050 3 2 4 2
20861 1 5558 3 2 3 2
26868 0 6233 11 11 43 34
26868 1 5872 3 2 3 2
37434 0 917 4 4 58 56
25228 0 917 699 698 81 78
20402 0 16155 2457 2457 24047 24046
30004 0 2482 10 10 528 518
18986 0 2482 8 8 29 20
39024 0 29467 5827 5826 7634 7633
38724 0 29467 5111 5111 14429 14427
36561 5 129 2 2 95 51
1583 0 129 281 281 14343 14334
406 1 1287 6 4 15 5
23997 1 406 3 2 3 3
18173 1 1287 4 2 12 4
40882 0 1287 5137 5137 40644 40604
332 0 1287 7 7 118 80
18612 4 33576 74 53 2 2
18612 4 19325 70 50 4 4
12266 4 18612 10 3 2 2
5940 0 532 2 2 79 2
1521 0 532 2 2 78 2
40279 0 532 4 4 86 8
30426 0 532 2 2 75 2
15231 0 532 2 2 77 2
40771 0 10613 19143 19143 40704 40693
29184 1 22723 5 3 3 2
29184 1 30903 2 2 2 2
6386 0 26454 105 105 2698 2694
3277 1 37105 3 3 3 2
31630 0 33081 12325 12325 40521 40520
33081 0 3606 2316 2316 4745 4732
1354 1 1353 2 2 6 2
4940 6 40772 40568 40566 1776 1776
4385 0 4940 26 26 4312 4301
29446 0 4940 53 53 615 605
24366 1 7539 2 2 2 2
9683 6 40773 40761 40760 5850 5850
40773 0 2732 12526 12526 40836 40833
33864 0 13576 4 4 14 9
28351 1 685 2 2 2 2
35900 3 685 2 2 5 2
8053 1 32295 3 2 3 2
35212 0 8053 6 6 42 40
8643 0 1819 9 8 34 28
7117 1 8643 5 3 3 2
24594 5 1819 6 6 322 282
3210 5 1819 1 1 40 1
27467 0 31416 4116 4116 39783 39781
464 1 3675 2 2 6 2
3675 1 12232 8 2 4 3
3675 1 19310 7 2 3 2
4006 1 7203 5 2 3 2
1307 1 11050 3 2 11 2
10097 6 15251 378 378 259 259
21168 1 10097 3 2 5 3
23083 0 26718 10243 10243 12903 12903
21673 0 26120 9073 9073 8800 8799
26120 0 6426 6 6 36 28
24650 0 27939 14979 14979 27070 27066
38457 1 9568 2 2 2 2
27178 0 2497 125 125 3317 3219
31174 0 2497 4 4 984 889
19058 0 2497 15 15 1316 1220
23035 0 2497 11 11 931 838
5147 0 2497 463 463 5138 5038
5305 1 1 5 3 3 2
29442 1 5305 4 2 4 3
12784 4 1630 39 34 4 4
12784 4 5463 49 43 2 2
25315 1 20655 5 2 4 3
8198 0 20655 2378 2378 14638 14634
20655 1 5129 3 3 8 4
931 0 2275 185 185 8619 8587
11433 0 2275 862 862 26582 26548
14758 0 9787 16 16 929 910
36898 0 1686 179 179 9738 9730
40774 0 16369 23784 23784 40858 40853
17226 1 10110 2 2 3 2
27870 2 2023 3 3 249 198
18478 2 2023 17 17 986 934
11490 2 2023 90 90 2810 2757
20278 2 2023 68 68 3542 3488
16554 1 29212 2 2 3 2
29212 0 34093 951 951 338 338
36825 0 20796 4 4 8 3
5335 5 9988 783 783 20067 20064
29725 5 9988 8 8 482 480
1864 4 39744 103 25 4 4
1864 4 12986 201 121 3 3
1864 4 9221 120 41 3 3
1864 0 1703 2 2 38 6
12378 1 3604 3 2 5 2
9895 1 13428 5 2 2 2
15667 1 15666 2 2 3 2
2507 3 4435 1556 1555 2117 2117
6789 9 2507 4 4 6 6
16918 1 2507 3 3 2 2
20071 4 20803 26 21 3 3
20849 1 14778 5 3 2 2
13053 1 24622 2 2 6 2
40284 1 24622 2 2 2 2
19366 0 20234 49 49 226 224
26315 0 19366 2 2 14 7
35882 2 2524 3319 3318 9024 8980
33234 2 2524 3 2 47 6
40939 2 2524 35 35 40559 40514
8199 0 15331 6 6 19 17
19502 1 12706 2 2 2 2
11732 1 7659 3 2 6 2
29649 0 11732 38791 38791 40458 40450
7659 1 7279 5 2 5 2
12815 4 27688 247 226 7 7
12815 4 20570 326 303 17 17
26871 0 2084 7 7 4 4
4955 6 15531 3 2 5 2
8178 1 11153 2 2 2 2
2181 6 20785 555 538 330 330
2181 6 11583 2307 2289 440 440
23792 0 30977 4 4 150 145
4102 4 38587 314 303 126 126
40775 0 35896 7188 7188 40394 40393
6696 1 21296 3 2 2 2
21295 1 6696 2 2 4 2
8023 1 21296 4 3 3 2
3303 0 10707 680 680 7443 7417
17408 0 4099 337 337 8967 8966
23226 0 34449 9442 9442 36359 36358
4136 1 4135 2 2 2 2
39465 0 16668 744 744 7337 7333
16257 0 23562 72 72 316 311
4227 6 32367 11143 11140 726 726
40607 0 4227 22027 22027 40933 40930
16679 1 16678 2 2 2 2
1122 9 23212 2 2 2 2
23212 0 2918 8 8 637 560
7532 1 7531 3 2 3 2
29273 1 14570 3 3 7 4
5949 0 3779 4 4 319 266
8913 0 3779 511 511 6849 6794
23795 2 2580 1 1 45 8
9939 2 2580 1 1 108 67
20115 2 2580 1 1 64 25
36622 2 2580 1 1 43 7
15250 5 2644 1 1 22 6
4951 1 5069 4 3 5 2
7948 1 8993 4 2 2 2
3755 1 18943 2 2 3 2
18943 1 30961 2 2 3 2
17857 1 11523 4 3 4 2
6924 4 37669 204 189 56 56
6924 4 25551 136 122 2 2
30696 4 40310 576 576 481 481
5259 0 9217 21 21 691 683
28032 0 5259 362 362 2509 2501
20159 4 23395 34 32 20 20
17347 4 20159 118 114 5 5
3882 4 10151 13 13 14 14
8811 0 2340 7 7 75 73
32387 0 8811 1443 1443 8871 8868
35192 0 2340 16 16 497 494
19066 6 13595 8996 8990 3434 3434
2887 0 2938 8 8 17 14
2887 1 7436 4 2 5 3
15497 1 2938 2 2 3 2
25015 4 28828 533 533 1347 1347
21810 4 25015 268 259 118 118
3850 0 160 55 55 1267 1226
15553 0 160 10 10 398 361
17933 0 160 221 221 2594 2552
30234 0 2731 3 3 60 33
46 0 14274 141 141 1542 1536
14834 1 16497 4 2 5 2
14834 1 8390 2 2 6 3
14834 1 5110 7 4 13 4
40922 0 14834 11043 11043 40675 40670
11673 1 5110 2 2 11 4
29358 0 2687 2 2 40 6
8288 0 2687 2 2 41 6
33791 0 2687 2 2 35 2
33543 0 40596 40544 40543 622 622
172 4 7119 9019 9018 2011 2011
35331 5 172 2 2 509 163
28580 5 172 3 3 950 600
18603 5 172 13 13 4856 4499
36972 5 172 2 2 387 43
78 5 172 2 2 370 28
33614 5 172 2 2 472 127
35822 5 172 4 4 831 482
39121 5 172 3 3 2122 1768
22074 5 172 151 151 6865 6506
20314 5 172 3 3 1704 1351
1118 5 172 4 4 2758 2402
21326 1 23555 4 2 5 4
2173 6 38083 18 8 3 2
2173 6 18659 620 608 33 33
33947 4 39713 339 339 304 304
18377 3 4166 3 3 5 2
34858 0 18783 4060 4060 37494 37493
3968 1 5813 3 2 4 2
11261 1 5813 2 2 6 2
5813 1 31835 12 5 8 7
36714 0 38851 155 154 23 23
30857 0 30511 135 135 9317 9316
1365 1 15439 3 2 5 3
39987 0 81 2 2 164 117
36104 0 81 2 2 67 21
5785 0 26217 41 41 46 42
19380 0 26217 3 3 13 10
6787 1 26217 5 3 3 2
16634 0 9747 4 4 63 47
36078 1 7833 2 2 2 2
32975 0 9558 45 45 407 407
32975 1 32002 2 2 2 2
22353 1 15922 2 2 2 2
1604 1 6991 4 2 5 3
2547 1 14925 3 3 4 2
14212 0 14737 11 11 40 29
4130 0 3621 3 3 16 9
24323 0 3621 9239 9239 24588 24580
3621 0 9758 34 34 479 460
10319 4 33522 186 170 60 60
27683 1 39142 2 2 2 2
16503 1 110 2 2 2 2
40776 0 5310 25125 25125 40930 40920
25496 0 5310 10 9 156 147
1913 6 25274 338 333 58 57
33711 5 19257 2 1 8 1
32197 1 22383 3 3 4 4
23062 1 12031 2 2 3 2
26578 0 239 318 318 9799 9541
19936 0 239 6900 6900 25760 25498
40929 0 239 19260 19260 40856 40589
24226 0 239 491 491 7933 7678
20767 0 239 266 266 6310 6057
19429 0 239 2031 2031 17702 17441
32842 0 239 26 26 4080 3829
34670 0 239 15146 15146 31857 31593
23758 0 239 6 6 6981 6727
13023 0 239 13 13 1317 1069
16182 0 239 137 137 3907 3657
17401 0 239 154 154 9772 9515
34239 0 239 31 31 4121 3869
2069 1 15760 14 4 4 3
22182 1 3014 3 3 4 3
31096 1 15639 4 3 5 3
15639 1 29383 7 3 3 2
15639 1 207 6 3 4 2
13398 0 71 31 31 548 485
2736 4 13398 124 75 2 2
13398 4 7720 9 2 5 5
20939 0 2215 9 9 52 47
7946 1 1765 3 2 3 2
1947 0 1249 7 7 667 622
22728 1 16506 3 3 2 2
34810 9 22728 2 2 2 2
3254 0 2886 346 346 2667 2659
18890 4 37812 147 144 11 11
18890 4 28071 48 46 13 13
24803 4 28831 24 23 16 16
12939 1 23279 6 4 2 2
13702 1 12070 4 2 2 2
27600 0 7589 4 4 130 121
24117 1 1225 3 3 2 2
1110 0 20337 34 34 548 543
40926 0 20337 3778 3778 40598 40591
354 4 36395 27 24 5 5
24159 0 12803 143 143 406 406
26948 2 3620 5 5 713 688
37272 0 7800 1274 1274 16707 16696
23037 4 3762 13 11 5 5
33783 2 1326 45 45 2253 2116
22501 2 1326 1 1 245 112
31495 2 1326 2 2 347 213
19086 2 1326 2 2 432 297
38740 2 1326 2 2 460 324
38719 2 1326 332 332 21307 21169
36238 0 1326 17 17 211 197
18160 0 1200 8 8 12 12
23552 1 10327 4 2 3 2
40037 0 19153 8240 8240 37273 37271
33552 0 40037 7711 7710 6936 6936
7751 0 3712 114 114 3353 3345
7196 0 3712 17 17 883 876
28826 1 3712 4 3 5 2
26351 6 25426 922 922 696 696
17946 0 26351 25 25 1099 1095
10124 0 25426 17 17 43 39
6974 6 17672 285 284 16 16
19506 1 15393 2 2 3 2
32325 0 17590 326 326 13597 13589
40778 2 26169 17278 17278 40751 40751
36197 4 29170 92 92 21 21
1264 1 22448 6 3 2 2
40779 2 1646 2807 2807 40833 40791
40782 2 1646 17 17 40557 40516
40780 0 379 372 372 40539 40522
40828 0 379 3621 3621 40756 40738
14490 1 12757 2 2 4 2
34243 0 1244 3 3 279 2
12545 0 1244 25 25 391 104
28964 0 1244 6 6 348 64
4871 0 1244 5 5 297 17
17807 0 1244 9 9 423 134
14487 0 1244 16 16 314 31
40781 0 4921 3474 3474 40567 40564
9372 1 1508 3 2 4 3
2261 4 19476 44 28 2 2
2261 4 18565 28 13 2 2
5771 4 39949 112 104 15 15
13951 1 3521 6 2 6 2
18299 1 274 5 4 7 2
15954 1 34113 4 2 2 2
17141 0 21055 5 5 8 5
13878 1 26428 4 2 2 2
35918 0 391 5 5 46 43
39002 1 39001 2 2 2 2
4532 1 26446 2 2 2 2
11891 5 16320 140 140 19053 19040
13955 1 11289 3 3 6 3
1592 1 17240 5 2 2 2
15523 0 2604 694 694 8534 8496
36776 0 2604 6171 6171 34593 34551
40872 0 2604 19064 19064 40880 40837
6989 0 2604 292 292 1903 1867
38136 0 2604 31 31 568 533
31426 1 2604 4 3 6 3
12623 1 6107 3 3 5 2
22297 1 8322 4 2 3 2
21592 1 22297 3 2 2 2
4547 1 21674 7 2 5 2
32040 1 4547 3 3 5 2
7982 1 20572 4 4 4 2
7983 3 7982 2 2 2 2
31376 2 743 1 1 138 35
32748 2 743 14 14 1743 1634
36118 2 743 3 3 311 206
743 6 9450 8 7 5 5
39780 0 2807 112 112 7993 7989
4722 0 2807 67 67 963 960
35415 0 2807 18970 18970 32823 32817
15011 0 1542 411 411 2275 2255
10421 1 10420 5 2 3 2
26009 0 265 7 7 409 148
9536 0 265 6 6 384 124
15205 0 265 5 5 260 10
36270 0 265 5 5 314 60
39375 0 265 3 3 294 41
12974 0 265 11 11 375 117
25076 0 265 3 3 282 30
19351 0 265 5 5 266 15
11480 2 1534 6 5 14 7
40783 0 4407 5810 5810 40550 40550
4407 1 39995 3 2 2 2
8464 1 8424 6 2 4 2
23763 1 3300 2 2 8 2
24479 1 23586 3 2 3 2
28656 0 21 4 4 82 15
38617 0 21 2 2 70 4
39259 0 21 44 44 1516 1447
6493 0 3567 35 35 12 10
21912 0 22347 15 15 48 47
24178 1 9908 2 2 2 2
22121 0 351 2 2 124 2
25316 1 746 3 3 3 2
3063 1 4791 11 6 9 6
11495 0 4791 13 13 425 411
36889 0 883 4 4 273 60
22017 0 883 27 27 794 573
39078 0 883 8 8 697 477
7495 0 883 39 39 1056 833
7498 0 883 13 13 295 81
36527 0 883 5 5 226 14
31583 0 883 14 14 358 141
40784 0 14144 28865 28865 40836 40818
3408 6 8243 76 5 3 2
3408 6 8940 1057 981 167 167
3408 8 38801 38489 38423 98 98
3408 8 28506 96 31 7 6
10233 4 38705 695 681 17 17
36048 6 18704 13 13 343 343
1046 7 36048 456 340 1 1
1962 1 1961 8 4 6 3
11585 3 21329 7 4 4 3
32391 1 11972 2 2 2 2
31739 4 18679 67 65 21 21
26785 1 7703 2 2 3 2
20520 1 6788 4 2 2 2
11565 1 37185 2 2 3 3
11565 1 12441 10 2 2 2
29689 1 11565 2 2 7 2
19922 0 8858 12 12 133 122
15795 6 39521 455 455 6607 6607
840 8 19493 14 2 3 1
840 8 36647 27 14 3 3
840 6 30428 3862 3849 205 205
26662 0 7523 1010 1010 11927 11924
26756 0 9311 11 11 181 170
12636 1 24788 6 2 2 2
20784 1 387 13495 13494 10433 10433
387 1 20784 10670 10670 13228 13227
12153 3 19756 3 2 2 2
13239 0 284 3 3 273 49
34758 0 284 6 6 303 77
35142 0 284 2 2 218 2
33324 0 284 2 2 217 2
24884 0 284 3 3 229 10
39131 0 284 4 4 231 11
26984 1 38840 3 2 2 2
9435 1 13227 5 2 4 3
5449 0 9435 26 26 55 54
31592 1 13227 2 2 13 5
23798 1 23297 1337 1334 4829 4828
21935 1 23297 2 2 2 2
4425 0 9880 9 9 21 12
17011 3 17169 4 2 6 2
7442 1 23836 4 2 3 2
7442 0 12505 306 306 4671 4663
23836 1 3274 2 2 4 2
17432 1 30826 3 3 2 2
11988 4 31236 202 201 81 81
31236 4 34496 14 13 6 6
1444 0 9048 7 7 230 215
5768 0 1444 25187 25187 31353 31317
39440 0 1444 92 92 1559 1524
20898 0 9048 11 11 1903 1886
2408 0 9048 504 504 8123 8104
33742 0 9048 4231 4231 17740 17719
38351 0 9048 1685 1685 15214 15194
6375 1 8324 2 2 2 2
37317 0 6230 9173 9173 24086 24085
10713 4 2207 190 185 19 19
40786 0 1672 11767 11767 40674 40639
40892 0 1672 13364 13364 40696 40660
28472 5 10737 27 27 1250 1247
10737 6 27038 110 106 5 5
21537 0 1027 3 3 163 12
35194 0 1027 2 2 222 69
39579 4 25695 859 859 373 373
12699 0 2137 2 2 14 2
27906 0 19986 1064 1064 8087 8084
19986 1 16852 3 2 4 2
30297 1 3771 3 2 4 2
39950 0 2362 3 3 24 22
16469 0 178 24 23 1752 1739
34721 0 178 12 11 562 550
9225 0 178 26 26 152 141
31063 0 2110 10 10 401 209
38241 0 2110 26 26 729 536
31237 0 2110 7 7 199 13
5590 0 2110 5 5 227 40
7272 1 33016 2 2 2 2
17837 0 7272 6 6 23 22
36109 1 33016 2 2 4 2
33016 1 33015 3 2 2 2
39272 0 12035 3 3 77 68
11022 6 27914 29 22 6 6
40787 0 5243 4158 4158 40485 40480
3741 1 18271 2 2 2 2
40788 2 593 24 24 40619 40593
27944 2 593 143 142 841 816
9102 2 593 65 63 41 17
40548 0 16045 466 465 890 889
758 1 10360 6 4 7 2
10360 1 10359 4 2 2 2
3223 0 3161 2 2 286 250
5881 1 18355 3 3 2 2
38969 0 16196 6 6 23 22
29347 0 1461 1329 1329 10316 10303
1650 1 16394 23057 23049 5698 5698
1650 1 16302 7 2 3 3
40174 1 1650 4996 4996 21159 21152
9952 1 37466 9 3 2 2
2245 0 2918 34 34 597 521
2245 1 2244 6 4 3 2
14233 0 2918 283 283 8390 8312
1079 0 2918 2214 2214 13980 13901
32727 1 24872 3 2 3 2
39701 0 5987 28753 28753 10599 10599
15176 1 18854 10 4 4 2
18854 0 7016 507 507 2694 2692
24327 0 3027 1004 1004 19186 19133
14366 0 24327 27353 27353 34433 34433
23190 1 13002 3 2 7 3
5729 1 20226 2 2 3 2
20226 0 13887 3521 3521 16162 16157
8274 1 8999 3 2 7 3
18181 1 8274 3 2 2 2
9428 1 8999 3 2 8 3
8511 1 31347 3 2 2 2
21811 0 278 5 5 186 12
33666 0 278 4 4 187 12
21874 0 278 2 2 195 18
29143 0 278 2 2 173 2
18106 0 278 2 2 203 25
39291 0 278 3 3 312 131
37756 0 278 6 6 245 66
511 0 15897 7 7 23 21
15736 0 1677 1095 1095 14600 14542
829 0 1677 8 8 174 119
27621 0 1677 17509 17509 36645 36586
29445 1 1550 4 3 6 3
18936 4 39578 42 41 28 28
34932 2 14540 5 4 21 17
647 1 6311 8 2 2 2
33210 6 17250 798 798 6005 6005
9637 5 1981 6 6 331 279
21619 5 1981 6 6 1394 1340
11643 3 3908 15682 15681 7822 7822
30998 1 7774 3 2 3 2
30998 1 2447 2 2 3 2
16669 2 916 2 1 307 163
8577 2 916 2 1 458 312
18018 2 916 2 1 423 278
35944 2 916 2 1 301 158
9258 2 916 2 1 224 82
34189 2 916 2 1 172 32
21737 0 2589 19 19 752 735
40303 0 2589 1117 1117 39860 39842
3167 1 6502 4 2 5 3
17014 2 3167 4 3 37 16
7204 1 3167 4 2 9 4
32383 0 427 17 17 216 144
13521 0 427 2 2 77 8
11437 0 427 3 3 79 9
16023 0 4958 6 6 9 7
5777 4 4318 29 15 3 2
5144 4 4318 7 4 4 2
4318 6 27523 482 478 682 682
19086 6 12484 3 1 2 1
12201 4 22304 546 540 293 293
10786 1 14577 4 2 7 5
20175 0 7143 4 4 13 7
1205 1 23424 4 2 3 2
35226 0 37189 191 189 196 194
19169 1 25362 3 2 2 2
14940 1 12227 2 2 5 3
12227 1 13800 5 3 2 2
2813 0 3170 147 147 1336 1336
3170 1 3169 5 2 5 5
35238 1 8601 2 2 3 2
36661 1 39486 2 2 2 2
17745 5 774 21 21 2669 2530
17745 2 1137 32 32 4798 4691
37417 5 774 1 1 136 2
29963 5 774 1 1 133 1
40735 5 774 1686 1686 40816 40676
23613 4 28865 404 400 4 4
24660 4 23613 69 66 5 5
6782 5 5167 4860 4860 39870 39850
34227 5 5167 887 887 19416 19397
5167 6 27267 5520 5519 824 824
40789 0 25921 1714 1714 40474 40474
18492 6 36549 4 3 3 3
864 1 14562 6 3 4 3
32699 0 14562 71 71 2941 2931
4521 1 25708 4 3 4 3
10559 1 10558 2 2 2 2
3083 0 26431 2014 2014 38470 38465
5974 0 9758 667 667 9819 9798
4522 0 9758 5 5 244 227
12683 0 9758 831 831 12119 12097
19 0 29519 448 448 584 582
38094 4 40790 40511 40511 13736 13736
36200 0 5055 16727 16726 22201 22201
204 1 3048 9 4 2 2
32488 1 204 4 3 4 2
40791 0 11084 12771 12771 40895 40877
33754 1 5275 2 2 3 2
32 4 32392 157 140 39 39
32 4 24489 143 128 41 41
12319 4 14836 51 46 2 2
27811 2 10916 12 11 28 23
30475 0 10916 8601 8601 13034 13034
15792 0 3763 3 3 44 39
8019 1 30805 3 2 2 2
2949 1 8019 3 2 5 2
30805 1 16646 8 6 7 3
35060 0 5892 3 3 15 8
11125 4 10606 3 3 2 2
25276 1 3926 3 2 4 2
13830 1 6490 19 13 21 21
13830 1 7308 7 2 3 2
6490 1 13830 21 21 19 13
1366 0 29 16 15 48 41
29 1 11186 4 2 4 3
6226 1 29 3 3 2 2
19987 4 11397 342 340 94 94
4506 1 9454 5 2 4 2
6037 0 39187 4877 4877 6575 6573
39187 0 11100 622 622 25412 25394
2381 2 12273 1 1 51 4
7324 2 12273 1 1 53 5
6513 0 650 101 101 525 484
37308 0 650 121 121 946 904
40792 0 9525 6542 6542 40738 40734
30839 1 10851 2 2 3 2
21181 5 232 10 9 90 81
11205 5 232 329 329 32153 32143
24984 0 232 622 622 16940 16934
38752 0 728 313 313 27456 27449
8716 6 31315 4 4 4 4
24013 1 23715 4 2 7 4
36734 5 985 4 4 238 172
7458 5 985 4 4 140 75
12641 0 39 20 20 1114 903
7396 0 39 4 4 216 19
21862 0 39 6 6 244 44
21561 0 39 5 5 224 26
13466 0 39 2 2 208 12
17532 0 39 9 9 433 226
18621 0 39 5 5 300 96
1398 0 19101 11289 11289 39834 39832
13758 1 29291 3 3 5 2
4555 0 1115 7706 7706 17360 17351
39750 6 18050 390 390 5945 5944
11789 1 24319 4 4 4 3
24319 1 11789 4 3 5 5
7072 1 9237 6 3 3 2
13503 1 7072 3 2 7 3
25660 5 4520 2 2 10 6
38151 0 7155 76 76 205 200
4453 6 7580 7069 7063 550 550
7580 0 34614 443 443 3646 3645
26183 0 11186 3031 3031 32624 32621
35764 0 14617 2 2 71 70
4608 0 3699 2 2 26 7
40827 0 3699 26722 26722 40706 40685
8852 0 7403 1759 1759 14900 14895
8176 1 8852 2 2 2 2
193 6 27058 59 6 2 2
193 6 11869 56 4 2 2
193 6 18878 159 105 5 5
19842 4 22836 203 198 8 8
21930 1 21045 2 2 3 2
21930 0 12252 137 137 1148 1141
5745 1 14074 2 2 3 2
26613 1 9037 3 2 3 2
9037 0 3099 1240 1240 3379 3378
7396 4 28775 341 326 7 7
24578 3 23111 6 3 3 3
21061 1 25626 2 2 2 2
24011 0 12474 34621 34621 30426 30424
13829 1 16710 2 2 2 2
4185 1 13829 3 2 4 2
13829 3 25284 4 2 3 2
12211 0 6042 69 69 6083 6072
13978 1 2276 2 2 2 2
39294 4 26572 14516 14516 13670 13670
33294 0 3229 3 3 525 516
8108 0 3229 5127 5127 31663 31653
3229 1 22044 6 3 4 2
6633 7 40129 1880 1869 3 3
6633 7 12050 667 657 1 1
16200 0 1852 15 15 806 759
16201 1 16200 3 2 2 2
19710 6 10760 4 3 9 4
32734 1 3419 2 2 4 2
4779 1 14955 2 2 3 2
3716 1 1998 2 2 5 2
40577 0 3716 19473 19473 40842 40828
31620 0 3716 140 140 6649 6637
28941 0 3716 7929 7929 30668 30655
17519 0 3716 94 94 553 542
9620 0 3716 11 11 40 30
2915 1 12159 13 3 8 4
522 1 21041 2 2 4 2
522 1 13953 6 4 9 3
522 0 16646 6714 6714 26746 26746
32701 0 522 35 35 738 726
31153 0 36722 24812 24812 21676 21674
36722 0 1474 9000 9000 39930 39915
7592 1 9560 5 2 3 3
2035 1 8589 6 3 5 3
25494 1 8589 2 2 2 2
4666 1 4665 4 2 3 2
4665 0 6717 42 42 158 156
6144 1 19664 2 2 3 2
28456 2 1773 2 2 397 358
28456 6 22320 196 194 111 111
5443 2 1773 1 1 64 26
18213 1 18982 2 2 3 2
18716 0 37537 413 413 2235 2233
6882 9 10563 2 2 2 2
40794 0 32275 10217 10217 40703 40702
19296 1 6611 3 2 3 2
16065 0 36140 22 22 199 196
40829 0 16065 25284 25284 40486 40485
32071 1 23898 4 3 3 2
37285 0 184 2 2 294 4
39009 0 184 4 4 946 643
3395 0 184 2 2 291 3
32164 0 184 2 2 292 3
34310 0 184 2 2 300 6
39279 0 184 2 2 285 2
11281 0 184 6 6 315 18
30773 0 184 2 2 290 3
15734 0 184 2 2 297 5
5209 0 184 7 7 744 443
16507 0 184 2 2 299 6
40030 0 184 2 2 295 4
1190 6 31657 44 32 2 2
1190 6 39319 69 56 3 3
17492 1 20700 3 2 2 2
16074 0 18268 4 4 7 2
21289 0 18268 5 5 8 2
14746 1 23603 175 174 1060 1058
7078 6 36019 13 13 6 6
7486 0 7078 91 91 91 83
4225 1 13633 7 2 6 3
4225 1 11780 6 2 3 2
754 1 2375 7 4 3 2
1823 7 36030 42 41 51 50
6054 0 4123 17 17 1114 1079
6054 3 1296 6497 6495 14719 14718
3215 0 7911 9 9 16 13
6678 1 7911 4 3 4 3
16802 1 8850 8 4 5 3
1076 1 1075 10 2 3 2
1076 1 27277 3 2 4 4
18470 1 18469 2 2 2 2
7673 1 10866 4 2 4 4
7673 1 8629 3 2 3 2
8644 1 14101 3 2 2 2
493 0 1629 5 5 242 230
2736 4 26470 70 23 2 2
2736 4 34726 54 10 2 2
2736 4 35146 102 54 5 5
2736 4 33515 56 11 2 2
35179 0 19119 20 20 836 835
13379 4 19119 225 222 41 41
28508 2 3843 4 2 30 2
40099 2 3843 42 41 874 845
9537 1 3843 2 2 6 2
25746 0 11870 14485 14485 29399 29399
26637 6 24424 60 60 50 50
15305 5 2978 2 2 83 16
10135 5 2978 4 4 363 294
14631 0 3275 29 29 44 38
1043 1 14631 5 2 8 2
39736 1 21554 2 2 2 2
39736 0 4427 6 6 457 435
8260 0 7895 9 9 67 63
16624 0 8260 15630 15630 35195 35193
36792 1 37816 2 2 2 2
40796 2 3317 1419 1419 40895 40862
11856 1 2643 3 3 4 3
8104 1 4274 2 2 2 2
8104 1 12438 4 2 2 2
9749 1 13574 4 2 3 2
40797 0 19420 30983 30983 40932 40930
24056 0 9777 21143 21143 39147 39146
12866 6 7036 127 127 163 163
19409 4 36350 733 733 39 39
28857 0 706 27 27 49 36
19163 0 18538 9 9 39 36
16614 1 25570 3 2 2 2
16614 1 8351 2 2 3 3
24052 1 24051 2 2 2 2
29706 4 499 3 3 5 5
34810 0 17502 18265 18265 8059 8059
40798 0 38876 19217 19217 40685 40685
26283 6 40443 5642 5642 1817 1817
32794 0 18895 19 19 394 386
3034 2 1137 1 1 101 1
19442 2 1137 1 1 102 1
26122 4 31544 86 80 23 23
17880 1 20417 3 2 2 2
3499 1 20417 3 2 3 2
20434 0 21190 4677 4677 5466 5465
13327 6 22210 5 5 14 14
40799 0 5636 13891 13891 40179 40179
14768 6 24252 7 6 9 7
9578 0 473 3014 3014 12455 12452
20196 1 21248 3 2 2 2
21248 9 11908 4 3 2 2
6765 1 27335 3 2 3 2
37410 0 27335 22371 22371 36249 36248
12725 1 21889 3 3 2 2
19754 0 4059 4 4 6 3
9461 4 12081 5 4 7 6
8574 0 5381 21 21 139 128
8574 1 8573 4 3 2 2
29585 1 8574 3 2 3 3
13699 0 5381 942 942 14507 14495
36608 0 123 11137 11137 33520 33511
24094 0 123 1673 1673 21134 21126
516 0 292 2 2 233 2
31393 0 292 8 8 413 166
14242 0 292 4 4 874 623
33413 0 292 42 42 2113 1861
15177 0 292 2 2 265 24
39499 0 292 8 8 527 278
13524 0 292 2 2 258 18
31996 0 292 5 5 535 285
26845 0 292 2 2 246 9
14814 0 292 2 2 239 4
13283 1 2720 4 2 5 3
2720 1 5598 4 3 5 2
34387 1 26855 2 2 2 2
26856 1 26855 2 2 3 2
37173 4 10091 775 775 2099 2099
19951 0 20010 1717 1716 11479 11472
40800 0 28344 26507 26507 40896 40895
24652 0 26678 1534 1534 5839 5835
27632 0 31556 3 3 100 98
8336 6 2824 649 649 131 131
14255 1 19144 3 2 3 2
20014 0 14262 46 46 9438 9433
40801 0 16573 13984 13984 40761 40757
2360 1 4933 3 2 6 2
40802 0 39415 8955 8955 40712 40712
30541 0 22903 316 316 2107 2106
20618 1 9942 5 3 5 2
38150 0 712 7 7 225 220
25109 0 7757 55 55 83 81
40803 0 5646 5019 5019 40624 40620
1003 1 5646 5 3 6 3
35081 1 28378 2 2 2 2
11590 1 29649 2 2 2 2
39026 0 29817 791 791 14423 14421
13903 6 32368 140 136 15 15
30745 1 37402 3 2 2 2
10159 1 38458 4 2 2 2
27696 1 6690 2 2 3 2
28744 1 6690 2 2 8 2
20852 1 6690 3 3 5 2
40885 0 6690 3821 3821 40658 40650
16732 0 10532 269 269 4127 4123
6916 0 19429 13171 13171 6198 6198
10276 1 9887 6 3 5 2
4800 1 9900 3 2 4 2
19570 1 4800 3 2 4 2
17182 1 2190 2 2 2 2
4461 0 19310 13625 13625 26539 26531
1046 7 18091 9508 9389 2 2
1046 7 18788 3861 3743 1 1
1046 7 39181 18794 18674 1 1
37226 0 11964 190 190 5910 5908
11632 9 24469 3 2 2 2
40699 0 12729 34680 34680 40939 40924
14428 0 772 281 281 946 937
19055 0 772 3541 3541 28549 28539
40710 0 31312 1952 1952 40669 40667
11686 1 5336 4 2 4 2
30852 1 3198 2 2 4 2
29243 0 26808 2421 2421 6606 6606
21449 0 12858 8 8 20 16
12857 1 21449 5 2 3 2
3233 1 4145 4 2 4 2
19055 1 19054 2 2 2 2
8310 6 12531 9 1 3 1
7557 1 7633 5 3 4 3
17844 0 7120 6907 6907 26444 26441
1269 1 11040 3 2 4 2
11040 1 14848 7 3 4 2
26676 0 8201 5249 5249 30950 30937
28241 1 7436 2 2 3 2
18458 9 31641 2 2 4 3
31641 3 37842 2 2 2 2
25873 0 2795 24555 24555 35860 35859
17430 1 14006 3 2 4 2
13991 0 6823 8 8 194 188
19570 1 23428 4 2 4 2
8288 4 37118 138 136 34 34
40805 0 33924 25693 25693 40734 40733
25230 0 6253 340 340 1266 1261
15292 3 10198 2 2 4 2
39489 0 11666 212 212 14922 14904
39489 1 15557 2 2 2 2
37831 2 11666 31343 31343 8024 8024
15516 1 12820 3 2 4 2
34071 1 12820 4 2 2 2
4175 4 8602 7 2 3 3
24042 1 5537 2 2 2 2
19211 0 4744 15 15 38 35
31371 0 7474 856 856 12823 12816
27812 0 7474 9620 9620 26375 26367
28947 4 15200 446 446 18 18
18660 6 21000 268 268 578 578
15472 0 25385 5814 5814 19818 19815
12507 0 13404 3722 3722 16622 16617
26342 1 17895 4 2 5 3
2152 1 8496 2 2 5 2
39760 0 574 13 13 118 75
40877 0 574 17325 17325 40915 40869
35412 5 11510 6 6 217 198
2085 6 10383 9 3 2 2
14202 1 14201 3 3 2 2
1043 1 20085 4 2 3 2
40806 0 6850 27864 27864 40802 40777
40503 0 9914 16898 16898 23065 23063
14770 1 14307 3 2 3 2
32716 1 17183 2 2 3 2
35390 1 3256 2 2 3 2
4482 4 9719 957 953 31 31
20428 0 3527 23120 23120 37258 37241
3527 6 20663 127 127 28 28
30409 2 35441 499 499 189 189
11083 1 5302 2 2 3 2
23196 1 10129 2 2 5 2
1066 1 29752 4 2 2 2
40807 0 3538 5257 5257 40738 40725
22793 0 3538 5 5 50 38
6768 6 24640 58 55 111 109
6768 6 10205 20614 20610 14312 14312
2869 1 15125 4 2 4 2
29302 0 15125 3452 3452 29653 29651
9588 0 1406 15 15 242 232
18159 0 17493 28 28 34 28
21497 1 33875 8 5 2 2
20938 1 22485 3 2 5 3
13056 6 39139 496 494 32 32
23942 0 26928 8 8 1356 1354
28004 0 6478 244 244 135 133
4747 0 22951 6 6 9 5
20860 5 2566 834 834 29946 29929
7590 5 2566 130 130 7831 7815
20768 0 17402 446 446 438 436
35193 1 20768 2 2 3 2
8572 0 5856 82 82 1918 1893
17370 0 5856 188 188 6246 6218
31972 0 5856 11 11 2988 2962
17380 1 15779 4 3 3 2
27964 0 16186 44 44 1323 1317
15981 0 1328 33 33 82 69
26071 1 9303 3 2 7 4
9303 9 21981 2 2 2 2
38768 0 29318 4 4 892 888
36229 0 18254 314 314 12907 12890
1019 4 596 35 12 2 2
1019 4 8780 23 1 1 1
23239 1 15927 2 2 4 3
30477 1 23239 2 2 4 2
21996 6 20017 323 320 251 251
21996 6 11995 162 160 77 77
25766 0 22616 709 709 7992 7989
9455 0 23399 1235 1235 11964 11958
23000 6 39446 1446 1446 465 465
122 1 7516 8 2 8 3
11412 1 19152 4 3 2 2
8803 1 27429 3 2 2 2
15261 0 14295 17055 17055 34976 34975
25268 4 21905 14 12 3 3
15504 1 8591 7 3 4 2
8591 1 16989 2 2 3 3
15601 10 15600 3 3 2 2
31927 1 15601 2 2 4 3
34363 5 8522 24443 24443 38514 38514
33641 0 19894 14376 14376 10986 10985
33826 1 19127 2 2 3 2
39523 0 2723 326 326 25631 25593
39523 1 21345 2 2 2 2
7540 0 2723 85 85 3135 3098
4541 0 2723 60 60 1752 1717
28671 0 7444 15 14 53 50
40808 0 40809 248 248 61 61
26933 0 1475 1338 1338 15366 15346
35848 0 18654 22 22 1002 997
19162 0 18654 12 12 96 92
29185 6 40731 40867 40866 39074 39074
3467 1 3466 3 2 3 2
15345 5 4450 2761 2761 27233 27227
7117 1 7049 4 3 2 2
32624 6 26608 27915 27914 10446 10446
2269 1 2268 4 3 3 2
30613 0 6961 6 6 12 10
2956 4 29945 9 5 3 3
40706 0 10059 6987 6987 40733 40730
3866 4 38485 566 558 308 308
3866 4 24189 13 6 3 3
9119 0 21826 9917 9917 8915 8915
18389 3 999 6 4 6 4
999 3 18389 6 4 6 4
35808 1 32154 24689 24689 1657 1657
37756 4 40810 39028 39028 252 252
20583 1 27612 2 2 2 2
1020 0 3141 2 2 53 3
28305 0 3141 2 2 51 2
6564 0 11337 1265 1265 465 464
23511 0 15656 5 5 135 109
5394 1 2601 2 2 3 2
19679 0 5394 9 9 27 20
2004 1 24164 3 2 2 2
2004 0 30642 7808 7808 17113 17112
25774 1 12289 5 2 7 2
24676 0 24224 6 6 24 23
23848 1 8714 3 2 6 3
17814 4 3175 469 468 5 5
17465 1 17464 3 2 2 2
22570 1 22569 2 2 3 2
6630 0 4722 44 44 209 201
1142 0 4722 2238 2238 7864 7855
23700 1 24343 3 2 2 2
9573 6 3123 265 265 1912 1888
15354 6 3123 23 23 377 354
14853 6 3123 12 11 155 134
6067 1 28605 2 2 2 2
8474 4 17327 4942 4942 186 186
30941 1 3753 4 2 6 3
30941 1 33174 2 2 3 2
11546 0 4442 13473 13473 30359 30325
6865 4 2298 12 8 2 2
1021 1 207 5 2 3 2
2872 0 17555 1475 1474 33829 33822
268 0 17555 153 153 2038 2033
40811 0 2664 1710 1710 40781 40765
40871 0 2664 10230 10230 40883 40866
2664 0 2624 3 3 34 27
35435 0 12605 74 74 467 464
29862 1 29861 3 3 2 2
31789 0 494 20749 20749 39252 39240
22923 0 28916 23 23 15 14
27985 1 27484 3 3 3 2
29410 0 16944 1639 1639 7226 7222
11888 0 36918 19055 19055 32526 32523
37558 2 741 1 1 60 15
28640 2 741 1 1 51 7
9021 2 741 1 1 47 4
22157 3 1791 3 2 2 2
22158 3 1791 4 2 5 3
8471 1 6302 3 2 2 2
32069 0 19823 16785 16785 26883 26881
38790 0 13 1934 1934 40344 40330
19437 1 22294 3 2 2 2
25022 1 32013 2 2 3 3
39553 0 4628 298 298 162 153
40833 0 4628 3464 3464 40392 40382
11144 1 2617 2 2 2 2
38399 1 1022 2 2 6 2
10536 1 36694 2 2 3 3
40178 1 1578 28851 28851 39455 39453
40864 0 1578 24529 24529 40812 40806
22410 1 37961 4 2 2 2
15647 4 32971 35 35 153 153
1708 0 8438 41 41 242 241
6124 1 5907 4 2 8 4
8270 1 6124 11 5 3 2
5826 1 10722 3 2 6 4
21697 0 2070 381 381 937 937
6530 1 22543 3 2 3 2
5932 1 21935 9 4 2 2
28875 3 5192 5 4 3 2
28676 3 28875 4 2 4 3
5178 1 14819 4 2 3 2
21092 0 5178 1868 1868 34157 34128
16318 0 5178 13270 13270 28430 28402
40918 0 5178 9850 9850 40726 40696
31349 1 5178 2 2 5 2
27341 1 31627 4 2 2 2
912 0 7047 8 8 139 126
739 0 912 178 178 326 315
24031 0 7047 11 11 192 178
30204 1 7047 5 2 2 2
40812 0 17281 18476 18476 40788 40788
9906 1 36905 6 2 4 4
6743 0 8355 67 67 191 169
1538 0 8355 275 275 2960 2937
35277 1 27784 2 2 2 2
5869 1 26782 4 2 2 2
40813 0 19386 30834 30834 40911 40909
38378 1 22534 2 2 5 3
31576 0 30844 35540 35540 8270 8270
10205 1 10204 4 2 2 2
11177 1 37094 7 3 2 2
7045 1 2382 2 2 3 2
21977 5 16419 10 10 323 316
3364 1 3363 3 2 4 2
3528 0 10834 902 902 3642 3639
17960 4 24312 39 35 3 3
27223 1 20426 2 2 3 2
24636 1 6535 3 2 3 2
23949 5 212 3 3 95 67
27657 5 828 5 4 49 35
1410 1 24564 318 318 140 139
3066 0 8076 1677 1677 9838 9830
18215 1 1414 3 2 13 2
10895 1 13973 6 2 2 2
3239 4 39144 62 13 2 2
3239 4 27881 116 65 6 6
3239 4 36428 92 42 3 3
18904 3 17353 4 3 3 2
7935 1 2201 2 2 3 3
17190 1 757 3 2 2 2
1415 1 32170 4 2 2 2
23786 1 2902 2 2 11 3
2029 1 18094 4 2 2 2
553 1 13871 4 2 5 3
24179 1 10508 2 2 3 2
25575 1 10508 2 2 2 2
27360 6 36837 10 10 11 11
31841 0 19545 16084 16084 40411 40410
33840 0 1754 2846 2846 30613 30601
40875 2 1754 1070 1070 40786 40780
38079 2 1754 135 134 2485 2480
40815 0 39071 22405 22405 40875 40873
29342 0 8978 8707 8707 31134 31118
6890 0 36281 6838 6838 6048 6048
8040 1 21358 53 49 16 15
10520 0 24854 7059 7059 8293 8293
28943 1 243 3 2 2 2
20030 0 13734 5615 5615 23681 23679
4563 0 12505 7 7 13 7
37725 0 23377 2 2 7 2
26865 1 19204 5 3 4 2
20288 6 29915 4 2 5 4
24515 2 20288 3 3 104 99
18855 0 2060 6 6 30 17
26308 5 18855 3078 3078 38878 38864
24430 0 2060 29 29 711 697
11475 1 13563 311 308 97 93
13563 1 11475 104 100 367 364
14231 0 7944 874 874 1932 1931
36007 6 17148 4444 4444 17409 17409
13350 0 29456 8 8 327 327
36696 5 9528 2 1 9 1
19256 5 9528 2 1 10 1
30889 0 33367 15613 15612 2036 2036
26734 0 2288 19 19 32 30
16979 4 35069 94 94 14 14
23628 0 2614 28 28 96 92
39567 0 4694 20 20 983 969
6695 0 32813 31372 31372 27580 27580
15469 0 6418 48 48 422 398
34418 1 25064 3 2 6 5
8727 1 8726 2 2 2 2
14189 1 23592 5 2 2 2
35545 1 14189 3 3 6 2
10877 1 11728 7 3 6 3
32814 0 4976 21 21 100 97
4165 3 25845 7 4 3 3
20625 1 7778 3 2 2 2
30076 0 10715 28 28 116 113
40816 0 14697 22254 22254 40857 40857
14697 1 31992 2 2 2 2
19191 1 27971 2 2 3 2
13842 0 11910 5961 5961 17255 17254
5985 6 10735 9 2 13 6
12732 3 28417 5 4 4 3
12732 1 26677 3 2 2 2
6204 1 6203 2 2 2 2
40817 0 19840 5344 5344 40808 40805
3387 0 19840 10190 10190 38905 38903
6550 1 2423 3 2 7 2
2423 1 24830 11 2 4 2
2924 4 30666 226 153 54 54
2924 4 2659 122 51 13 13
2924 4 29020 175 103 19 19
2924 4 36766 354 279 150 150
1379 1 25548 2 2 2 2
6265 1 1379 5 3 5 3
18135 3 294 5903 5900 7198 7198
2209 1 24141 8 4 3 2
15500 1 4546 3 2 6 3
15500 1 7996 2 2 4 2
31596 6 8773 3310 3310 6026 6026
40818 0 35587 6567 6567 40478 40478
34338 1 9890 2 2 6 2
14748 1 9890 2 2 5 2
9890 1 12054 11 2 3 2
40819 0 15962 39878 39878 40871 40870
16130 0 10326 957 957 3011 3009
40820 0 20319 7347 7347 40589 40588
11212 0 1856 106 106 892 878
14579 1 1856 4 3 6 2
28303 3 9776 3 3 6 4
9776 1 9775 4 3 2 2
561 0 5278 295 295 763 754
13724 4 995 225 224 233 233
154 1 153 2 2 5 2
5791 1 11553 4 2 4 3
24115 1 18755 3 2 2 2
28674 0 3041 4011 4011 22370 22363
40821 0 14864 14460 14460 40613 40608
17883 0 18836 9891 9891 26732 26729
40822 0 9367 1169 1169 40565 40543
40930 0 9367 16545 16545 40834 40811
7005 0 9367 32 32 3159 3139
26765 1 9367 3 2 6 2
2151 0 4180 11762 11761 5392 5390
40823 0 11638 1336 1336 40625 40608
18175 1 18573 4 3 4 2
24724 1 3969 4 2 2 2
3969 0 3582 148 148 2107 2081
17345 0 3969 157 157 403 399
34877 1 6582 4 2 5 3
6582 1 16956 8 4 7 3
26100 1 28248 2 2 3 2
33245 0 3980 5 5 7 5
4106 1 4105 2 2 2 2
584 1 28894 30 28 8 8
35143 1 33405 2 2 2 2
17003 0 479 3 3 25 15
9877 5 6166 1 1 29 1
30263 1 25760 3 3 2 2
30656 1 25760 3 3 3 2
1999 4 17069 48 41 2 2
18272 1 19427 4 2 5 3
29081 1 13187 2 2 2 2
16522 0 3780 11 11 477 441
26742 0 15839 6 6 98 95
1918 6 39340 679 672 140 140
11624 1 20815 2 2 3 2
13939 0 7027 53 53 91 86
5788 0 7027 232 232 434 428
40824 0 2657 1641 1641 40638 40631
1294 0 25140 738 738 6005 6002
21281 0 428 15122 15122 34921 34895
40911 0 428 31361 31361 40943 40916
39800 1 30816 2 2 3 2
12660 0 1095 7 6 16 5
17450 0 1095 4082 4082 20415 20403
11922 0 14898 99 99 787 769
23590 0 12772 3573 3573 4904 4901
3072 1 15159 8 4 5 2
24523 0 8582 21 21 88 81
188 6 29407 6 3 10 6
39603 4 27065 1273 1273 1596 1596
4691 1 14239 2 2 2 2
36188 1 4691 3 2 3 2
36501 0 4902 413 413 67 67
40022 0 6784 3 3 12 7
4121 1 17988 3 2 2 2
34845 5 10076 10 8 11 6
19999 4 35620 19 10 3 3
25642 0 31168 142 141 504 503
28192 2 3865 5 4 188 170
25039 0 2409 12 12 82 60
34598 0 2409 10 10 179 155
40825 0 22386 17622 17622 40570 40569
15804 0 10824 12 12 35 30
40826 0 30737 30576 30576 40937 40936
11678 4 24132 1542 1542 1136 1136
11178 1 14178 9 2 3 3
19319 1 11039 3 2 6 2
23526 0 9730 1452 1452 10390 10388
12960 0 23054 27227 27226 9434 9434
18237 1 14439 3 2 7 3
17375 6 39568 14 12 2 2
6955 0 2697 14 14 17 15
16533 0 2697 48 48 67 64
27268 1 11354 3 2 6 2
1968 1 1967 5 2 7 4
20914 0 1967 7 7 20 12
23271 0 7641 20 20 5 5
19684 3 19683 3 2 2 2
4983 6 33006 2 2 2 2
17534 9 12584 2 2 2 2
6871 1 18043 894 892 195 194
5628 7 18994 14832 14799 4 4
2502 1 20104 4 2 3 2
15657 0 4985 9736 9736 12390 12388
34914 1 6434 2 2 2 2
39981 0 306 12 12 4612 4595
21026 0 306 6 6 19 3
37154 5 9269 1594 1594 22831 22828
9073 1 5502 3 2 5 3
30127 0 1623 438 438 13689 13686
16304 0 30127 14899 14899 14885 14885
16980 1 4548 2 2 5 2
469 0 14498 7 7 50 40
9243 6 35214 23 19 3 3
36148 4 23121 902 901 626 626
3358 1 4743 10 3 5 3
9720 0 4743 35 35 148 138
40888 0 4743 2061 2061 40625 40614
2064 1 2154 2 2 3 2
22278 1 35919 2 2 2 2
36060 0 14935 784 784 29531 29522
27146 5 11426 2 2 22 12
3169 0 3813 6 6 44 26
3823 1 3813 3 3 6 2
20664 4 26988 984 982 51 51
6374 1 11133 3 2 2 2
33074 2 7 2 2 80 43
18961 2 7 1 1 39 3
17395 0 7902 2581 2581 10515 10511
22908 1 5606 5 3 2 2
10254 1 10253 3 2 2 2
40906 0 10253 25289 25289 40908 40894
14113 1 5076 2 2 2 2
36403 1 10838 2 2 2 2
14974 0 14973 9 9 13 5
14973 3 19845 10 8 7 7
40831 0 4593 32823 32823 40771 40771
31084 1 27014 2 2 4 2
12467 4 39860 8 3 4 4
40832 0 6630 13244 13244 40766 40762
26778 4 2803 573 573 588 588
3765 1 28497 2 2 2 2
20691 1 4936 2 2 3 2
7886 0 12463 44 44 1066 1060
14999 4 31316 1188 1188 3324 3324
22172 0 11068 201 201 224 210
454 3 16514 3 2 3 2
3025 1 16514 2 2 3 2
29578 0 15788 11026 11026 9510 9509
23802 0 21987 5034 5034 40001 39998
21987 0 20963 2219 2219 28072 28071
11759 2 10987 6 6 23 22
38689 0 12894 5873 5873 40264 40254
40834 0 14087 32938 32938 40908 40908
14853 1 5935 2 2 4 2
4044 4 31152 261 261 25 25
29372 0 24630 223 223 12188 12183
24630 0 22399 9067 9067 23211 23210
19479 5 4701 1 1 22 1
8240 5 4701 1 1 23 1
33163 5 4554 4 3 13 6
29553 1 26733 2 2 2 2
29553 0 8837 6166 6166 24334 24332
6792 1 14058 3 2 5 3
21282 0 15062 14953 14953 14391 14391
23036 4 36472 238 232 14 14
5783 4 23036 35 26 2 2
40835 0 40836 40718 40718 40059 40059
18778 6 32930 7324 7323 743 743
18778 0 5314 3 3 256 229
24621 2 17930 1 1 5 1
27989 2 17930 4 2 17 7
26041 0 4289 4 4 2 2
16899 4 24507 956 956 1454 1454
14917 3 17826 8 5 3 2
30990 9 28312 2 2 2 2
8980 1 3552 3 2 3 2
33079 0 3582 2038 2038 22193 22165
16497 1 26305 3 2 2 2
26368 1 8799 4 3 3 2
4480 1 32602 4 2 2 2
35059 0 27412 32 32 902 899
2645 4 29221 161 153 7 7
23462 0 5675 60 60 375 366
40853 0 23462 19441 19441 40921 40916
25133 5 5012 2 1 10 4
14927 4 5288 119 115 4 4
11058 2 6577 1 1 66 15
60 2 6577 2 2 262 209
7534 9 18226 3 2 2 2
10204 1 10208 3 2 3 2
5031 1 28475 2 2 4 2
15312 0 12860 8121 8121 11753 11753
21401 1 1933 2 2 13 6
12469 1 1992 3 2 4 4
18451 5 1238 2 1 10 4
37552 0 2655 10 10 40 36
2655 0 9806 993 993 9547 9541
40284 0 6614 964 964 18479 18456
3130 1 27019 2 2 3 2
23982 0 37653 39 39 3707 3705
20447 1 9918 4 2 3 2
15028 1 16314 5 3 2 2
15028 1 5116 7 4 3 2
40628 0 33021 8157 8157 40688 40688
3648 1 3647 3 2 6 3
19317 0 1107 742 742 22211 22201
830 1 21753 3 2 3 2
8270 1 9886 9 5 5 3
14780 1 6419 6 2 4 3
40837 0 15224 7872 7872 40650 40638
7188 0 11737 553 553 7518 7508
10277 1 32396 4 3 3 2
10277 1 2951 2 2 9 4
15054 1 2951 3 3 2 2
25047 0 19223 5156 5156 40448 40448
23871 0 918 3 3 66 59
40840 0 918 5903 5903 40582 40574
8168 0 13192 1544 1544 28199 28199
10293 1 12214 2 2 2 2
23642 0 26543 9505 9505 30537 30537
26543 1 12312 4 2 5 2
4913 4 20284 72 41 2 2
3331 5 16655 21 21 548 546
3331 1 35484 2 2 2 2
16739 1 16646 2 2 3 2
6726 1 5782 8 4 2 2
6726 3 6725 10 8 4 4
11335 1 6726 2 2 4 2
5491 1 1201 3 2 6 2
6549 1 14425 3 2 4 2
5544 1 3327 3 2 5 2
3403 1 6328 2 2 2 2
7229 4 37460 98 81 30 30
20544 1 28902 4 3 2 2
3291 1 20544 4 2 5 3
530 1 21170 4 2 2 2
9371 1 9370 3 2 4 2
26061 0 9371 300 300 2020 2017
9371 0 5623 696 696 14889 14887
21518 1 29527 2 2 4 2
35181 0 21518 417 417 7235 7232
36581 0 16397 127 126 78 78
3972 7 37089 12960 12882 3 3
8883 0 5790 390 390 144 144
38389 0 7334 5 5 26 24
27814 0 9178 16 16 98 96
10855 1 19155 2 2 3 2
10855 1 31116 7 6 9 8
1431 4 27265 40 24 4 4
27563 1 35599 2 2 2 2
1193 4 39361 15 4 2 2
39975 0 7068 931 931 12300 12292
3855 0 3909 4 4 17 10
28703 0 3909 13750 13750 18653 18645
11573 1 13583 2 2 2 2
40841 0 16266 10359 10359 40741 40718
2434 0 16266 5 4 27 6
40842 0 67 10809 10809 40760 40751
1154 0 18959 1564 1564 25556 25554
32397 0 13044 233 233 9340 9331
17819 1 653 2 2 3 2
37840 0 313 53 53 2804 2796
40843 0 3679 30638 30638 40812 40801
40843 4 5346 40694 40694 40887 40887
13988 0 168 1330 1330 12826 12821
38754 2 10661 6 5 5 2
29501 0 6358 10550 10550 40144 40142
29860 0 18587 17352 17352 12355 12355
33438 1 36858 2 2 2 2
36858 1 35629 3 2 2 2
12381 0 1474 881 881 6432 6418
2863 0 6499 8284 8284 4913 4912
7328 0 5714 29782 29782 25939 25938
14412 0 20621 159 159 10204 10203
35316 5 38173 109 107 126 125
20490 1 7847 4 3 3 2
21077 4 10657 72 71 39 39
10380 0 1964 5 5 11 9
17802 1 3847 3 2 5 4
29031 4 40721 40888 40887 32859 32859
29630 5 22311 3 3 26 22
14888 4 21122 173 164 19 19
14888 0 2518 2 2 62 2
819 1 7732 6 2 6 3
7100 4 29718 1410 1408 607 607
8077 1 7192 2 2 4 2
16136 1 39043 3 2 2 2
13225 1 15253 3 2 5 2
40844 0 6467 2151 2151 40603 40596
6069 0 37345 139 139 81 80
4895 0 8093 29103 29103 40413 40386
21558 1 13645 2 2 3 2
10544 6 38325 257 241 29 29
23888 0 1730 4 4 165 65
33667 0 1730 9 9 621 520
22133 0 1730 3 3 104 6
19623 0 1730 3 3 100 3
28603 4 38563 71 70 10 10
16620 1 2522 5 4 5 2
24900 3 5965 2 2 4 3
3989 4 18951 25 18 5 5
22965 1 167 6 3 4 2
35645 0 7367 24669 24669 15557 15557
36255 0 10055 2 2 8 2
1574 1 8899 8 3 4 2
21174 5 2295 110 110 22144 22042
34328 5 2295 81 81 13772 13671
28418 5 2295 2531 2531 27271 27168
34439 5 2295 7 7 400 300
40845 0 32455 26729 26729 40844 40843
35000 0 9668 3 3 47 31
32116 0 21176 1705 1705 24545 24543
23390 0 40586 40811 40811 30357 30357
40848 0 23390 4366 4366 37750 37747
19903 4 29357 238 238 94 94
35177 0 14481 273 273 39 39
12330 0 11599 465 465 13793 13787
3579 1 19372 3 2 4 2
9842 0 3579 226 226 9618 9605
22422 1 9505 3 2 5 2
15330 1 28910 2 2 2 2
22889 0 11852 621 621 26512 26503
29771 9 3592 3 3 2 2
25748 1 34204 2 2 2 2
1772 6 37182 34 30 14 14
15158 0 40846 40587 40587 20363 20363
40847 0 8407 6368 6368 40637 40637
35466 0 11507 4 4 7 4
12327 0 411 269 269 6666 6643
21952 4 9376 592 592 369 369
4177 6 5022 24 9 3 3
5040 0 220 56 56 116 107
20777 0 30968 7864 7864 7731 7730
17995 1 415 5 3 8 3
6540 0 6677 32 32 46 44
30360 1 7239 2 2 3 2
1226 4 33413 1262 1238 35 35
36259 5 860 118 118 22301 22228
30840 5 860 1 1 103 34
39831 1 4370 3 3 4 2
17244 1 15986 2 2 3 2
9116 4 34497 10 8 3 3
4771 4 11796 57 5 2 2
18918 0 15687 13 13 12 9
18918 6 31983 643 634 8 8
29544 0 6411 488 488 6864 6857
13258 1 515 2 2 6 2
7665 4 11919 109 105 10 10
8356 1 22637 7 2 5 2
17180 1 8356 3 3 8 2
39574 0 13157 926 926 37614 37611
20711 1 1090 4 3 7 3
32427 0 24062 35671 35671 40607 40606
40849 0 13412 4098 4098 40619 40614
4316 0 1500 5 5 126 100
29122 0 1500 89 89 322 295
29916 0 33246 20 20 3 3
33246 0 425 123 122 2079 2060
3714 1 3991 3 3 2 2
6702 1 4469 5 3 6 2
20629 0 10089 9 9 11 11
18423 1 20629 2 2 2 2
4855 1 19562 8 3 5 2
11423 1 4213 8 4 7 2
10241 0 10481 6161 6161 16198 16196
27097 0 10241 4 4 25 15
5125 6 35244 3 3 4 4
10842 1 11135 3 2 2 2
3451 1 3450 2 2 9 5
3450 1 6752 10 5 4 3
26219 0 15966 145 145 71 68
20729 0 30962 4536 4536 1865 1865
31196 0 30962 7620 7620 19236 19235
36881 0 119 58 58 974 936
119 0 2748 3 2 36 26
2323 1 23181 3 2 2 2
14339 9 16095 4 3 2 2
32957 0 5195 5 5 20 14
32623 1 5195 3 2 5 2
32917 0 9489 8469 8469 30927 30923
40688 0 3489 37072 37072 40942 40881
13220 2 6815 3 2 6 2
5097 1 27076 4 2 2 2
17030 1 2573 4 3 8 3
2573 1 9486 5 2 3 2
37807 1 30144 2 2 2 2
2521 1 38597 4 2 2 2
6946 1 8731 3 2 4 2
9873 9 35523 2 2 2 2
1071 6 14854 55 49 2 2
3398 4 14735 128 111 10 10
5855 1 7329 4 2 5 3
3929 1 27247 14 3 2 2
16292 1 29803 3 2 2 2
6578 0 5973 717 717 5800 5796
40850 0 1543 23450 23450 40845 40788
37429 1 32885 2 2 2 2
5932 1 5931 3 3 2 2
14336 1 2808 2 2 2 2
23816 0 13145 6 6 9 9
16675 0 11522 2773 2773 1270 1270
40851 0 14187 16504 16504 40832 40828
10755 4 22444 16 15 3 3
11129 1 13730 8 2 10 5
25343 1 13730 7 4 9 5
8639 0 3289 7 7 213 190
3289 6 36920 636 619 8 8
8776 1 1347 4 3 6 3
1347 1 4276 3 2 3 2
39300 0 1590 43 43 9558 9535
37068 1 22654 2 2 2 2
1801 1 21363 2 2 2 2
31983 0 35119 369 369 405 404
31983 6 2119 10434 10432 4554 4554
19488 0 3006 7178 7178 15033 15023
19488 1 38649 10921 10921 6061 6061
40852 0 6747 12821 12821 40913 40911
28133 0 18038 6 6 19 16
8634 9 19910 3 2 3 3
11304 0 19910 6 6 35 34
20413 0 1973 3 3 265 210
26353 1 4814 8 7 11 7
22355 0 11595 17494 17494 36295 36289
1588 1 19716 2 2 3 2
11612 1 21343 3 2 3 2
5569 1 10107 4 2 7 4
5923 1 5569 5 3 6 3
24840 0 14776 31 31 15 15
24031 4 32273 19995 19995 7888 7888
12006 1 23328 3 2 2 2
15403 4 40478 56 56 26 26
16346 0 16005 17 17 446 444
7668 1 35530 5 2 2 2
9434 4 40717 40700 40697 22901 22901
22914 1 3088 2 2 4 2
2945 9 2944 2 2 2 2
24743 1 24742 2 2 2 2
31284 1 19047 3 3 3 2
1664 1 16927 4 2 3 2
40307 0 4362 9647 9647 37103 37096
29218 1 4362 3 2 3 3
4362 0 8787 5 5 32 25
17040 8 37417 138 137 28 28
39206 0 12650 2 2 25 5
29976 5 5742 4 4 133 110
15635 5 5742 16 16 63 41
903 5 5742 2 2 30 10
17663 4 9378 205 201 16 16
20364 1 26993 3 2 2 2
27150 0 3232 2365 2365 16916 16909
40854 0 14981 6670 6670 39693 39689
40855 0 25028 7732 7732 40597 40597
40678 5 5841 5803 5803 40850 40837
26893 3 11921 23009 23007 4917 4917
38438 0 24102 348 348 12939 12935
22467 0 22049 32 32 767 764
15542 0 22049 2454 2454 15561 15557
40856 0 8153 15448 15448 40855 40836
36147 0 8153 2054 2054 24008 23990
10925 1 8153 4 2 4 2
34372 4 36708 487 487 82 82
7489 6 35302 144 139 24 23
9267 0 1292 467 467 5787 5782
5975 0 8327 438 438 14383 14374
112 6 23406 58 13 2 2
6559 1 18773 3 2 4 2
13687 1 7279 3 3 3 2
37981 0 904 34 34 57 46
15563 1 17861 5 2 6 3
24736 1 14901 3 2 2 2
7506 1 27215 6 3 2 2
28486 1 28485 2 2 2 2
22848 1 33665 2 2 3 2
15952 0 3163 3 3 71 31
9298 0 3163 2 2 41 2
28717 0 3163 2 2 40 2
17876 3 17875 2 2 2 2
22196 1 22195 2 2 2 2
13637 1 27685 4 2 2 2
10125 4 13911 125 123 3 3
4146 0 37135 57 57 106 104
31487 4 8818 37 37 107 107
36976 0 4550 441 441 6734 6636
24513 0 4550 3 3 95 2
27936 0 4550 6 6 183 86
12322 0 4550 7 7 96 2
40857 0 2021 33692 33692 40811 40757
27575 0 6658 25587 25587 24177 24165
19537 9 28961 3 3 3 3
1070 0 17546 1853 1853 6137 6133
9755 1 9754 2 2 4 2
769 1 9754 2 2 3 2
40381 0 34906 20 20 18 18
15427 0 134 565 565 5957 5943
134 1 2633 3 2 2 2
1511 0 15914 736 736 675 672
5005 1 28613 6 3 3 2
18503 1 5005 3 2 8 3
40140 0 27752 7 6 16 13
16225 4 4698 190 187 24 24
40858 0 15284 8568 8568 40636 40630
628 1 627 2 2 3 2
16800 4 32120 60 60 78 78
25305 0 2099 6 6 32 5
13821 1 13530 3 2 3 2
16002 1 36632 2 2 3 2
40859 0 37052 27576 27576 40897 40896
6188 4 24112 29 12 3 3
6188 4 24347 19 3 2 2
15067 0 18496 5596 5596 13395 13395
29361 1 18956 2 2 4 3
10119 1 25492 8 3 5 3
28682 1 6956 2 2 2 2
22077 5 6956 2 2 24 5
720 9 26603 3 2 3 2
18029 0 8812 4 4 163 162
36166 1 16798 2 2 2 2
30646 4 33263 672 672 21 21
10063 0 8348 22959 22959 28557 28550
28320 1 27155 3 2 3 2
27155 1 29136 2 2 2 2
737 0 704 3702 3702 9670 9669
16207 1 16206 2 2 3 3
37148 0 23650 693 693 932 932
33954 1 14292 2 2 2 2
29886 1 28685 3 2 4 2
9855 6 33387 40 16 7 4
3785 0 28084 31099 31099 2130 2130
20088 5 3785 51 51 3121 3105
32514 5 3785 373 373 15259 15242
6922 1 6921 7 3 7 2
6921 1 7885 8 2 8 3
7656 1 11492 3 2 3 2
16454 1 15118 7 4 5 3
27917 0 8192 22 22 28 25
27917 1 5927 15 14 18 13
5927 1 27917 18 13 15 14
4197 0 8050 160 160 24 21
4197 1 37513 6 2 2 2
25431 1 5635 2 2 6 2
15018 1 18772 4 2 2 2
9762 6 8948 23047 23043 13220 13220
30927 6 25532 409 409 432 432
19315 1 39214 2 2 2 2
39214 0 32965 5 5 4 4
18563 0 4302 340 340 4312 4310
21993 1 19504 3 2 2 2
9794 0 26796 3 2 3 3
40860 0 1945 6819 6819 40730 40706
13748 1 11108 5 3 3 2
4384 1 24793 3 2 3 2
10633 4 19550 226 226 1060 1060
27322 1 37139 2 2 2 2
40383 0 38168 6 6 12 12
7362 4 32362 18 5 2 2
22231 1 8513 2 2 2 2
40692 0 8924 3099 3099 40579 40570
1685 1 12089 4 2 2 2
450 4 4488 276 258 36 36
39094 5 3918 1067 1067 35895 35877
40914 5 3918 1845 1845 40773 40754
2315 0 3918 5 5 379 371
40869 0 3918 19809 19809 40896 40887
39375 4 35988 5 5 9 9
33362 0 724 980 980 16653 16635
4388 4 38068 42 30 6 6
24592 0 13837 9175 9175 23635 23631
4109 6 1349 30 26 6 5
20971 4 929 8836 8836 14888 14887
23939 0 929 3 3 273 262
2108 1 23830 4 2 3 3
137 1 39790 2 2 2 2
14471 4 26704 160 156 44 44
38379 0 2037 4375 4375 18675 18672
3297 1 2037 4 2 2 2
19597 1 29925 2 2 2 2
9472 3 9553 14022 14022 32173 32171
24002 1 31718 2 2 2 2
13378 4 37002 46 38 3 3
18672 8 18729 2 2 14 11
23066 0 10976 3497 3497 5027 5027
37193 0 36623 7581 7581 8917 8917
35461 0 15432 15157 15157 35120 35118
6086 1 37968 58 58 125 125
39988 0 6132 23968 23968 39387 39381
27635 0 6879 16 16 29 29
12792 1 18251 2 2 3 2
25299 0 17090 1877 1877 2104 2102
22804 0 9256 23 23 53 50
22046 1 449 2 2 4 2
26701 5 39164 29759 29759 5036 5036
33010 4 37752 927 926 292 292
17564 4 28570 574 574 189 189
14394 1 27202 2 2 3 2
40861 0 35307 27216 27216 40403 40403
36533 1 31832 2 2 3 2
1421 1 13698 2 2 2 2
1421 1 1420 3 2 2 2
15918 1 8898 3 2 3 3
39681 2 3869 2 2 333 301
13147 2 3869 8 8 240 209
29520 1 38175 2 2 2 2
7705 4 29204 311 305 68 68
31945 1 533 2 2 3 2
20267 1 11332 3 2 3 2
40862 0 6138 33624 33624 40850 40835
12405 1 2536 2 2 5 4
22145 0 267 2510 2510 20348 20324
12466 4 38408 214 192 7 7
12466 4 38825 171 151 7 7
16552 1 10073 3 2 2 2
31672 0 16442 17 17 6 6
34829 0 34921 4 4 22 20
6539 1 27537 8 3 2 2
24829 0 20017 659 659 15199 15194
28048 0 20017 260 260 15239 15233
40863 0 22831 6980 6980 40852 40847
9658 0 22831 3190 3189 7915 7911
17365 6 1148 7373 7373 5234 5234
11735 1 13906 2 2 2 2
10734 0 10886 7 7 34 20
1494 0 15383 4193 4193 16232 16231
31725 6 3983 253 253 570 569
3023 1 19162 2 2 3 2
28499 0 2833 2583 2583 14678 14663
4250 3 26422 4 3 5 3
14121 1 5862 8 6 8 3
1002 0 15449 728 728 286 281
14237 9 14236 2 2 3 3
40286 1 14159 2 2 2 2
1432 4 24308 118 102 25 25
29759 0 21793 5 5 9 8
40 0 9353 263 263 1676 1668
36532 1 36531 2 2 2 2
4832 1 7867 5 2 2 2
27716 6 14968 552 552 269 269
304 0 25231 19146 19146 8220 8219
8542 1 19421 4 2 2 2
30629 1 15712 2 2 2 2
20027 2 9746 1 1 17 6
26019 0 4682 2 2 12 8
15092 4 32205 26378 26373 2291 2291
13106 4 30126 47 36 5 5
7451 0 9653 6 6 7 7
14198 1 7551 7 7 12 4
19206 1 11656 3 2 7 3
938 1 29478 4 2 2 2
19923 0 13346 2 2 85 77
40895 0 13346 7740 7740 40760 40750
8767 0 2776 84 84 644 620
17206 0 4193 1438 1438 6466 6464
9026 1 21448 2 2 7 3
10884 1 23870 4 3 5 3
10884 0 12402 81 81 1895 1894
33656 0 17442 251 251 5712 5708
29844 1 36062 3 2 2 2
39433 6 40246 14 13 25 25
13370 4 32777 9 8 16 16
40865 0 34557 37677 37677 40875 40874
12307 1 5388 2 2 5 3
8628 3 1186 95 94 66 66
4299 0 1562 12 12 35 28
18208 6 35649 953 953 5700 5700
12758 0 980 2650 2650 16271 16270
26577 4 38800 55 55 64 64
40866 0 8678 4510 4510 40601 40598
32294 0 1897 586 586 35732 35658
6937 1 1897 4 2 4 3
9481 9 158 5 4 5 2
13100 9 9481 3 2 3 3
15588 1 15587 6 3 3 2
13773 0 27141 2 2 66 63
25916 0 16303 4 4 14 5
36297 0 16303 4 4 100 90
20354 1 18989 2 2 2 2
973 1 13336 5 3 8 2
5185 0 13336 337 337 1655 1651
9012 5 7786 1 1 28 9
33237 1 410 3 3 2 2
14633 6 31433 269 268 29 29
14633 6 8142 25 25 34 34
40867 0 339 26995 26995 40829 40826
3453 1 18417 7 2 2 2
8951 1 28285 2 2 3 2
1460 1 8951 2 2 5 3
8222 1 6150 6 2 3 2
8054 3 25795 4 2 2 2
6845 1 2779 3 2 3 3
19202 0 12252 9 9 262 256
20124 1 18592 2 2 5 2
20124 0 14100 23 23 240 236
30846 0 2941 8 8 87 86
39027 0 9415 89 89 28173 28161
23350 1 17390 2 2 6 5
8558 1 7530 4 3 4 2
40868 0 5700 18342 18342 40512 40512
32469 0 324 17 17 9519 9499
8545 0 324 379 379 6717 6698
25032 1 25031 3 2 2 2
38057 9 30720 2 2 2 2
2030 0 1832 9 9 33 23
1637 0 5616 6 6 20 12
9928 0 5616 131 131 2282 2273
1702 4 29665 18 14 4 4
36951 4 24229 64 62 15 15
6008 1 1041 2 2 3 2
14647 0 13213 10 9 3 3
699 1 22618 2 2 2 2
35907 4 37894 41 41 11 11
13383 1 2789 6 2 4 3
2713 6 7645 45 5 4 3
11577 1 7731 2 2 3 2
40870 0 1335 5115 5115 39201 39200
24483 1 12798 3 2 3 2
17309 0 30810 62 60 76 74
10156 1 963 6 3 4 2
2452 1 3976 5 3 9 5
2452 1 7086 6 3 12 5
40905 0 3387 34613 34613 40923 40909
7217 1 3387 2 2 3 3
8525 4 37769 130 128 13 13
35828 0 1364 7 7 34 4
26559 6 35828 2511 2511 102 102
16493 1 19237 3 2 9 5
2933 1 7202 2 2 4 2
6048 9 22594 4 3 2 2
29003 1 35415 2 2 2 2
20788 1 10332 2 2 3 2
5707 1 5706 2 2 3 2
29609 1 29608 2 2 2 2
22190 1 35891 3 2 3 2
22190 1 11262 5 2 8 5
9192 1 19649 2 2 3 2
26202 0 7136 6 6 6 5
36138 0 7877 36 33 27 24
23317 0 6977 1578 1578 13201 13166
40920 0 6977 9567 9567 40736 40700
36948 1 27706 136 136 634 633
34777 1 14753 2 2 2 2
1620 4 23845 20 5 1 1
12071 1 18026 3 2 2 2
8848 5 14818 1 1 17 3
11500 6 11034 14 7 5 3
16013 1 5367 5 2 5 3
10574 6 36868 10 6 8 7
18072 0 1880 34 34 720 705
7031 1 26802 6 3 3 2
32487 1 10667 4 2 4 3
28680 1 10686 3 3 3 2
9031 4 20091 879 860 179 179
37696 0 13023 124 124 2714 2706
5434 1 5433 5 2 3 2
24552 2 8531 112 111 1937 1934
35789 5 3276 6 6 3868 3837
31511 5 3276 44 44 24842 24810
39401 0 24275 21 20 361 349
27408 0 4448 3 2 16 8
13163 1 17198 4 2 2 2
8664 1 2489 3 2 3 2
2489 1 15398 7 2 2 2
25485 2 3943 1 1 36 4
38545 2 3943 1 1 32 2
36055 6 19589 69 69 2471 2471
19768 0 5156 54 54 915 883
26405 0 5156 3 3 184 153
17022 6 35666 1004 1001 233 233
17022 6 3619 537 535 27 27
4621 1 88 2 2 4 2
40873 0 28355 573 573 40439 40437
2460 9 9748 3 3 2 2
36214 0 573 232 232 1816 1777
40874 0 22716 23451 23451 40834 40834
25322 4 40518 420 420 199 199
2760 0 11134 8 8 50 44
4446 9 1807 6 3 2 2
11636 0 4446 1867 1867 19922 19921
36303 1 2876 2 2 2 2
37244 1 21630 2 2 2 2
38942 1 2626 11 11 43 40
31471 0 2626 8 8 21 20
3018 0 27173 9 9 3 3
26985 0 7600 7 7 38 33
37635 0 7600 137 137 235 229
8617 6 7587 1327 1316 442 442
24972 0 1142 4760 4760 19548 19546
680 7 38698 26335 26274 8 8
680 7 40901 40684 40621 47 47
6028 0 29623 20262 20262 13086 13086
29623 0 33835 8862 8862 25231 25228
36506 4 25083 214 214 56 56
7152 1 4236 3 2 4 2
22504 0 7152 2334 2334 13072 13067
40876 0 1295 2343 2343 40554 40548
21646 1 1295 3 2 6 2
22690 0 9531 2 2 28 24
34554 0 9531 11 11 164 159
701 1 25692 3 3 4 2
14347 1 5567 4 2 5 3
22500 1 15849 3 2 3 2
24584 6 29929 2 2 3 3
18192 4 1499 1 1 1 1
17820 1 654 6 3 7 2
23192 1 654 2 2 5 2
34164 0 21362 25237 25237 38172 38167
23961 0 6776 5 5 63 55
14951 5 6776 269 269 14864 14859
2111 1 35677 2 2 2 2
32320 1 16031 12439 12439 36837 36837
31261 4 13766 494 494 124 124
38116 9 9 3 3 5 4
40068 0 28942 13898 13898 9137 9137
21724 1 8592 7 4 3 2
4229 1 37036 16601 16597 4355 4355
29447 0 15913 16 16 52 47
16697 4 31051 73 69 38 38
5443 6 33646 21 3 6 5
13087 1 36310 3 2 3 2
22927 4 27025 41 41 51 51
24129 1 15215 2 2 3 2
24953 0 13135 411 411 21838 21829
22068 0 29955 36149 36149 8480 8480
6111 0 23960 14 14 25 23
6111 1 11198 6 2 2 2
2003 0 4127 849 849 15459 15455
40878 0 34399 25099 25099 40898 40894
26349 1 19291 3 2 3 2
15641 1 5982 5 2 4 2
21253 0 5982 11419 11419 35955 35955
3948 3 25669 4012 4008 373 373
40879 0 39495 9966 9966 38646 38646
10738 0 8594 2248 2248 11046 11040
40612 0 8594 745 745 40587 40580
12395 0 4161 3 3 123 96
40942 0 4161 17502 17502 40571 40542
26530 0 25605 4 4 4 3
25576 0 19971 7221 7221 39827 39821
3574 6 39280 199 195 4 4
35051 1 36988 2 2 2 2
19269 6 3870 99 98 14 14
26457 1 21879 2 2 3 2
16049 4 31756 105 103 42 42
26279 5 6146 7 7 3041 3029
31974 5 6146 8 8 357 346
22137 5 3531 2 2 29 7
15837 1 15836 2 2 2 2
3895 0 3721 205 205 449 414
23820 6 25420 17 12 5 4
23820 6 11103 8 4 5 4
28203 4 29473 192 188 106 106
2999 1 36067 5 2 2 2
11766 5 10754 3 3 24 5
40880 0 10330 13462 13462 40815 40810
29695 1 25945 2 2 2 2
15242 6 5534 4 2 7 5
16017 3 30757 4231 4229 2389 2388
9486 3 6190 40 36 36 36
10504 6 36780 398 391 529 529
31226 0 17728 338 338 6471 6462
8734 1 1538 4 3 2 2
29667 0 249 179 179 3474 3429
7681 0 249 13 13 971 927
1196 5 12328 415 415 36119 36102
29190 5 2139 40 40 10818 10791
9335 5 2139 11 11 4016 3991
13338 1 18054 4 2 2 2
19110 4 40436 57 57 34 34
1935 0 7945 61 61 8172 8149
1104 0 7945 4 3 76 55
32001 2 3539 15 15 465 464
7118 0 3978 56 56 104 83
27765 0 206 3947 3947 24665 24635
16624 9 15794 2 2 2 2
1966 4 24890 1662 1660 117 117
31338 0 8266 6 6 30 26
40221 5 73 3 3 390 334
3410 4 40221 204 203 5 5
29650 5 73 416 416 29940 29882
4984 0 73 7 7 40 30
7890 1 8556 7 4 4 2
32343 0 7890 29900 29900 39911 39894
4686 0 9935 980 980 8258 8242
1690 1 5111 16 4 4 3
23282 0 1690 18 17 240 230
10335 1 2363 2 2 9 2
19856 1 15917 3 2 3 2
15168 1 35514 2 2 2 2
40881 0 9334 3899 3899 40598 40593
28253 1 28252 2 2 3 2
11736 1 678 5 3 4 2
12371 1 20336 7 3 3 2
26039 1 31200 10498 10498 16306 16306
39168 1 23614 2 2 4 4
20692 1 21524 2 2 2 2
24359 1 36592 2 2 3 2
6740 1 6335 4 2 3 2
38194 0 6335 14198 14198 32819 32819
5315 0 18408 3 3 3 3
11605 4 40002 69 69 49 49
12921 1 24570 9 3 4 2
21374 1 12921 3 2 6 2
5134 2 4633 1 1 9 1
35877 0 85 6 6 312 79
23185 0 85 147 147 5327 5082
40756 0 85 23600 23600 40699 40451
26136 1 26135 2 2 2 2
37633 0 20754 9369 9369 30639 30638
40883 0 1222 9900 9900 40820 40807
40904 0 1222 9552 9552 40843 40829
19190 1 22874 3 2 4 2
14563 2 35454 40943 40941 2343 2343
12530 1 5329 2 2 3 2
37793 0 425 82 82 9248 9228
7112 1 21005 2 2 7 3
13785 6 30026 5634 5633 2567 2567
30892 1 27200 2 2 2 2
22309 1 11345 3 2 9 2
652 1 11489 3 3 3 2
21523 0 5914 10 10 1089 1085
19459 1 8641 2 2 3 2
103 0 9917 1447 1447 5062 5061
34367 1 30925 2 2 2 2
39210 0 36049 5715 5715 35645 35644
27244 6 22681 608 607 153 153
12608 4 21734 53 50 10 10
31281 1 6359 2 2 5 2
40153 0 6359 7590 7590 38409 38401
28257 1 28256 3 2 2 2
3741 6 11977 4 2 6 3
8455 0 14334 4132 4132 5052 5051
11170 1 606 5 2 4 2
9097 4 33963 262 261 195 195
15436 1 15435 2 2 2 2
9201 1 9200 3 2 4 3
6058 0 5378 52 52 2576 2562
5378 1 9054 5 2 8 3
24455 0 7235 273 273 17608 17603
40886 0 36491 25055 25055 40777 40776
27948 0 29072 5385 5385 27204 27200
2574 1 10949 3 2 8 4
15184 1 36822 3 3 3 2
17033 1 208 2 2 2 2
5633 0 4663 6528 6528 22440 22424
23779 0 17423 1245 1245 3952 3948
31140 0 1615 21 21 416 411
25999 1 31140 2 2 3 2
29071 0 25203 3806 3806 18404 18401
4929 4 37085 354 348 205 205
11962 4 5667 35 31 8 8
14732 6 18907 21315 21314 813 813
4582 0 23340 5648 5648 4187 4183
2940 0 23340 15 15 9 6
6093 10 24981 3 2 2 2
14001 0 36202 104 104 1414 1414
37407 0 19919 21 21 5466 5463
28934 0 6210 45 44 54 51
13298 1 26814 5 3 3 2
12356 1 20726 2 2 3 2
11679 7 15652 215 209 12 11
18992 0 780 51 51 1904 1896
12696 0 1750 10552 10552 20030 20028
22477 1 2282 2 2 2 2
17701 4 36065 63 63 5 5
20641 0 36866 6049 6048 11560 11559
31601 0 1352 2363 2363 24743 24737
36144 0 28533 411 411 253 253
22400 2 2183 1 1 140 109
39117 2 5348 6 5 5 3
12905 1 5832 5 3 3 2
16355 1 22399 362 357 303 303
8334 2 35737 196 196 5199 5198
13347 0 26570 12 12 10 8
40889 0 34949 7228 7228 40718 40718
12551 0 7485 103 103 1225 1224
3154 1 27514 4 2 2 2
35950 0 20760 5 5 31 26
20760 0 25127 116 116 858 857
23933 1 23098 3 2 5 2
12685 6 19180 1274 1268 70 70
12358 2 4168 6 6 64 54
7700 2 4168 3 3 24 15
35674 0 16517 15518 15518 24968 24967
6813 1 5175 2 2 3 3
7375 1 7374 3 2 3 2
40890 2 23906 9445 9445 40865 40865
21948 4 38918 1628 1628 4815 4815
17500 9 17499 2 2 2 2
6759 1 21078 3 2 2 2
11196 0 24534 9769 9769 8353 8350
16734 7 13678 3363 3360 17 17
865 1 17946 11 2 3 3
1821 6 39122 240 226 19 19
11630 1 31896 5 2 2 2
7284 1 17756 5 3 2 2
26770 5 6829 1 1 7 1
37565 1 22789 4 3 4 3
11926 1 11925 3 2 3 3
27446 1 22702 3 3 2 2
13999 0 37238 62 62 181 180
2050 6 30438 3163 3163 3089 3089
21493 0 24309 24863 24863 39127 39127
40891 0 13449 9742 9742 40707 40706
15390 1 38904 13341 13340 474 474
33146 1 2101 9 8 11 3
17987 3 17986 6 4 3 2
29746 3 17987 2 2 7 5
2692 0 10487 53 53 102 99
32902 1 29338 2 2 2 2
14511 6 11512 876 869 28 28
6117 1 683 2 2 8 2
25817 0 40019 16090 16090 24682 24682
39730 4 31900 13529 13529 20915 20915
14912 3 19439 6 3 3 3
34332 4 1842 286 282 89 89
29957 5 8285 57 57 2691 2687
8398 4 40398 2664 2664 124 124
13141 4 36356 66 54 5 5
24146 1 36079 3 2 2 2
12197 1 24146 5 3 2 2
8973 0 15567 286 286 423 422
2840 1 18631 3 2 2 2
4993 1 4648 3 2 12 3
15543 4 26788 605 605 2359 2359
9926 1 1976 2 2 5 3
40893 0 10088 18613 18613 40805 40800
18632 0 15264 15429 15428 36722 36719
25930 4 9684 70 65 8 8
39714 5 5407 3 3 335 310
31612 1 9688 2 2 3 2
1782 1 1781 3 2 5 2
34009 6 39128 128 125 100 99
25597 0 4132 136 136 11310 11300
16378 0 2054 12 12 35 18
12541 0 2054 4 4 33 17
2054 1 17904 11331 11331 9864 9863
18557 9 18725 2 2 2 2
40453 1 28165 2 2 4 2
7231 0 16733 16267 16267 1743 1743
17867 1 14085 3 2 4 3
36201 4 39259 610 609 35 35
17202 0 12720 19 19 56 46
28053 0 4049 154 154 12660 12646
25593 0 4049 523 523 22701 22686
4049 1 28361 2 2 5 3
22873 1 37187 3 2 2 2
37187 0 3391 8249 8249 18548 18544
30984 1 6485 2 2 2 2
12052 1 6794 3 2 2 2
6371 6 13857 4622 4617 513 512
1675 3 3261 6 2 3 2
32329 0 39076 5046 5046 8608 8608
1788 0 22163 4 4 17 13
8791 1 15310 3 2 3 2
13863 1 15310 4 2 5 2
3838 1 15310 4 2 12 5
36716 0 15310 1929 1929 11297 11297
23303 1 6584 3 2 4 3
9014 0 13840 413 413 6889 6884
9501 1 16279 4 3 3 2
9412 1 35482 6 2 2 2
26517 1 352 29 27 76 67
30651 1 30650 3 2 2 2
13606 0 5759 3 3 48 33
24242 4 40495 457 457 412 412
3024 1 8489 3 2 8 3
4914 4 5471 176 171 13 13
16649 0 11808 10 10 87 81
16580 1 16649 4 3 3 2
8882 1 30608 2 2 2 2
24380 6 4034 46 46 131 129
20967 1 38940 54 51 17 17
38940 1 20967 17 17 58 55
12345 4 32572 64 63 4 4
17336 1 6811 2 2 4 2
4393 0 21188 21 21 80 78
16082 0 19592 3704 3704 27899 27898
13599 4 38034 108 108 87 87
2399 3 852 4 2 2 2
26551 1 17969 4 2 4 2
19862 1 25685 5 2 3 3
33100 0 23835 23 23 120 114
38732 1 16818 2 2 4 2
30257 4 39983 143 143 72 72
2097 1 9439 6 3 3 2
8891 1 8890 2 2 6 3
10946 1 16189 23 20 16 15
23311 5 666 3 3 238 210
7605 1 16736 2 2 3 2
40896 0 23801 5134 5134 40407 40405
3152 1 34834 2 2 2 2
8027 0 17129 20456 20456 38328 38327
18036 1 23414 4 2 4 3
10896 1 5187 2 2 2 2
29378 0 14065 4 4 69 67
11268 1 18820 5 4 13 10
10603 3 7644 3 2 5 4
28163 6 33290 53 53 58 58
26372 1 2839 4 2 3 2
13731 1 3340 5 3 8 5
30635 1 27499 2 2 3 2
19561 2 12788 10 8 13 11
6316 1 14884 11 9 8 7
14884 1 6316 8 7 11 9
40071 0 542 7 7 34 22
24433 1 24432 2 2 2 2
8518 8 19686 59 54 15 15
36028 1 13581 2 2 3 2
23015 1 39472 2 2 2 2
29941 0 8121 2882 2882 5762 5757
11007 0 39628 2153 2153 299 298
38483 1 35975 2 2 2 2
27069 0 17594 15 15 603 602
31414 0 21528 42 42 53 50
10966 0 6448 98 98 3459 3455
7275 0 36151 2103 2103 7105 7104
10347 0 12311 9 9 122 111
40897 0 15992 17996 17996 40801 40796
29348 1 9181 2 2 6 2
181 4 20452 156 151 13 13
30056 0 13450 1935 1934 5381 5375
13510 0 34706 232 232 7415 7413
9041 1 8986 7 4 7 2
33052 1 6521 3 2 6 3
26934 4 36843 160 160 230 230
2778 1 2777 4 2 2 2
28399 9 24687 3 3 3 3
28399 0 7125 9 9 8 6
163 1 9522 5 2 3 2
38964 6 15538 4 2 5 3
36295 6 20656 1121 1121 413 413
7947 1 3044 4 2 5 2
24577 0 6103 5123 5123 14530 14527
39447 2 955 9 8 97 85
27080 0 35724 267 267 1020 1020
18317 0 16471 65 65 2334 2331
40899 0 1371 150 150 40518 40495
35847 0 1371 3 3 119 97
32447 6 14556 126 124 6 5
5046 5 5363 784 784 39527 39512
31855 0 1378 3 3 170 108
19994 0 1378 10 10 95 35
25740 0 1378 287 287 143 82
40676 0 1378 1580 1580 40588 40525
20832 0 2453 5100 5100 24250 24196
38637 0 35536 104 104 775 775
29542 6 38922 16 16 6 6
17578 1 8885 2 2 4 3
40900 0 3668 3684 3684 40773 40765
38879 4 40465 68 68 133 133
23645 1 3271 3 2 3 2
10717 1 23392 3 2 5 3
7129 6 37636 203 183 2 2
7129 6 39342 39 20 22 19
22752 1 11603 5 3 4 2
13171 0 2104 319 319 5551 5535
3840 4 25993 16 15 5 5
6976 1 6542 2 2 2 2
6504 0 17314 13 13 94 87
1218 1 18913 4 2 2 2
23637 1 22005 2 2 2 2
12259 4 40042 2621 2621 5712 5712
29053 0 31232 4 4 57 53
14841 1 11642 4 2 4 2
12434 1 11406 3 2 5 2
4571 1 19807 3 2 2 2
12516 1 16943 2 2 5 3
9471 1 28564 4 3 2 2
40902 0 30686 16944 16944 40689 40688
215 1 13069 5 2 2 2
28342 4 21955 125 125 51 51
4050 1 5908 3 2 2 2
10960 0 16571 175 175 78 77
3343 1 1512 5 2 2 2
15421 1 7039 7 2 3 2
40903 0 23890 699 699 40429 40428
18173 1 23932 3 2 2 2
26645 1 11702 2 2 3 2
15117 1 11702 2 2 2 2
7241 1 9423 4 2 3 3
15866 1 20662 3 2 5 2
308 1 23762 3 2 2 2
1602 1 20590 3 2 3 2
7541 1 7540 3 2 3 2
4015 0 32323 6875 6875 2025 2025
36003 2 3957 4 3 6 2
11479 0 4865 96 96 6562 6556
1202 0 14475 20426 20426 34590 34587
14612 1 19739 3 2 4 3
7024 0 6752 36 36 1078 1063
32853 0 5203 4785 4785 23489 23487
37253 0 40396 32499 32499 35236 35234
34648 0 16831 29 29 76 75
1613 1 3914 4 2 6 3
10826 0 26562 1416 1416 11525 11520
23101 1 12527 3 2 4 2
27830 0 8061 4472 4471 16084 16082
20864 1 6464 3 3 4 2
5262 6 29332 1899 1897 1333 1333
35821 0 16863 27100 27100 40080 40074
13407 1 4967 2 2 2 2
9713 1 18011 2 2 2 2
31393 4 27927 967 967 1841 1841
12347 1 13214 6 3 2 2
22063 1 36525 2 2 2 2
37425 0 4766 8810 8810 23857 23857
27152 4 38832 327 326 13 13
31830 5 24055 386 386 1497 1497
15799 6 17609 13 2 2 2
38974 0 621 3 3 47 46
17241 0 17150 2 2 6 5
2858 4 33960 143 111 3 3
26230 0 10765 2 2 30 23
19752 1 19897 7 3 4 2
38731 0 10922 22 22 584 581
30909 6 31031 20998 20998 33342 33342
40907 0 25161 20663 20663 40680 40678
36978 0 692 5 5 110 86
29708 0 692 2 2 74 51
20476 1 6724 1074 1073 4303 4301
40908 0 7921 24878 24878 40879 40879
2443 9 5163 6 5 2 2
12141 1 2443 4 4 4 2
7159 4 32394 84 82 40 40
9995 0 1520 28 28 380 370
3657 1 11758 37 37 1159 1155
687 6 27283 39909 39888 9003 9003
8662 0 716 4 4 71 33
7974 1 3145 6 3 4 2
24517 1 9302 2 2 6 4
7449 0 7095 16918 16917 3897 3897
31989 4 40175 87 87 17 17
40909 0 3338 5516 5516 40681 40673
19172 0 15730 15 14 17 16
15433 6 23550 17679 17676 489 489
15869 1 9418 3 2 2 2
27694 3 13419 2 2 3 2
21543 0 14367 1942 1942 10121 10115
5015 4 5256 9 2 2 2
16016 1 10865 3 2 2 2
2379 0 14652 3704 3704 8727 8727
40910 0 10662 16587 16587 40805 40797
13388 1 17572 3 2 4 2
38526 0 17405 11643 11643 26755 26747
9889 0 38560 2285 2285 16579 16578
11600 0 13047 6 6 28 20
40912 0 9931 15384 15384 40656 40656
36575 0 34172 642 642 7208 7205
19960 6 20910 11274 11273 756 756
10868 1 6529 4 2 4 2
25398 1 30292 2 2 3 2
13664 1 23487 4 2 3 2
40913 2 1214 4111 4111 40905 40886
13094 2 1214 4 2 24 6
16437 0 26208 943 943 972 970
22757 1 22756 2 2 3 3
40260 0 26108 2 2 5 3
32735 0 5654 8 8 23 20
3447 1 9780 6 2 3 2
14404 1 3447 3 2 5 2
7985 1 4209 3 3 6 3
40915 0 10407 31626 31626 40864 40864
6851 1 6468 3 2 6 2
15604 3 4192 12 12 11 11
9074 0 2243 26 26 180 179
16945 1 27937 2 2 2 2
37937 2 17319 5 4 10 7
17444 1 7040 2 2 4 3
24542 0 21434 5156 5156 15767 15766
19654 0 38248 20679 20679 1887 1887
40916 0 25194 17449 17449 40863 40862
3512 1 1507 4 2 3 3
35515 4 5683 1235 1235 8043 8043
26598 1 13630 2 2 2 2
3815 1 39428 3 2 2 2
4037 0 16708 6 6 553 548
29698 0 8868 15175 15174 27676 27675
15051 1 14230 2 2 3 2
1006 3 17460 4 3 7 3
20944 1 2415 4 2 3 2
9847 3 11802 16245 16238 6937 6937
19964 4 40677 40677 40674 22223 22223
23100 1 23574 2 2 3 2
21645 1 16026 2 2 2 2
3046 0 140 4417 4417 31983 31977
1732 6 23260 16 3 2 2
29279 4 22476 34 34 4 4
21641 0 8412 8770 8770 4632 4631
40283 0 13935 329 329 91 88
20075 1 5623 6 4 3 2
32173 0 25942 6 6 66 63
17114 1 9438 2 2 2 2
33419 4 28271 162 160 40 40
40917 0 5681 27307 27307 40878 40877
15907 1 15906 3 2 4 2
15906 1 26088 5 2 3 2
14098 4 39569 487 485 335 335
4725 1 3135 3 2 4 3
24645 1 21259 3 2 3 2
22111 1 25386 2 2 2 2
11499 1 5619 3 2 4 2
3068 1 3431 3 2 4 3
7765 1 7764 4 2 3 2
11813 1 30361 6 2 2 2
13330 1 4080 2 2 3 2
40919 0 27595 23259 23259 40830 40829
26579 0 27595 229 228 1743 1743
20569 1 7364 3 2 8 2
27835 1 30774 2 2 2 2
2212 6 39573 33404 33404 1205 1205
29644 1 22647 2 2 3 2
28102 1 13943 2 2 4 3
39806 0 4094 13578 13578 10238 10238
11333 0 1873 21 21 809 800
7708 1 7707 2 2 2 2
20826 6 37122 24 23 26 26
35116 1 2058 2 2 6 2
4697 1 3858 3 2 2 2
11455 4 7090 145 141 13 13
40921 0 10175 27037 27037 40938 40932
38431 1 28014 2 2 2 2
12033 1 19844 4 3 4 2
5245 0 33893 21267 21267 28480 28480
34222 0 38513 151 151 1695 1694
8695 1 8694 2 2 4 2
3104 1 3103 2 2 3 2
15438 1 11384 2 2 2 2
31721 1 24228 2 2 2 2
2370 4 3245 86 65 9 9
8754 1 6098 2 2 3 2
8754 1 4244 6 3 4 2
18988 0 27345 4 4 19 18
40923 0 13663 24811 24811 40933 40912
11049 0 722 9 9 4126 4118
38784 0 6570 50 50 1159 1144
16141 4 16183 13 11 6 6
496 1 32512 4 2 2 2
37743 1 14493 3 3 6 3
5090 1 38941 4 3 2 2
34217 1 30032 3 2 3 2
16865 1 8774 2 2 3 2
26008 1 24248 648 646 254 254
37763 1 3707 2 2 2 2
22457 6 34682 17 17 45 45
33138 1 11811 2 2 2 2
25767 4 33687 266 266 27 27
13958 4 28025 36 28 2 2
656 1 37010 4 2 2 2
10583 1 2117 5 3 8 3
20736 1 17537 8188 8188 10538 10537
10184 0 28333 37 37 92 88
38142 0 26564 12027 12027 12330 12330
3096 4 25112 16 8 2 2
15613 0 15381 4 4 27 23
22584 1 12684 3 3 3 2
10350 1 13671 2 2 3 3
7514 1 25165 5 3 3 2
25852 1 20593 2 2 3 2
14893 0 27550 137 137 1622 1622
22787 1 22786 2 2 3 2
5300 0 27067 237 236 1229 1229
622 0 8078 3 3 25 14
24444 8 33475 971 971 14439 14439
35002 0 19318 3751 3751 19115 19113
5466 0 115 7165 7165 33467 33450
19843 0 2682 2 2 3 2
22395 0 5140 6821 6821 20445 20441
20504 0 11647 13 13 368 359
11184 4 27448 2930 2921 64 64
33563 0 18375 6004 6004 271 271
19846 1 18645 12127 12125 4891 4890
23722 0 20561 28404 28404 23751 23751
36869 1 18872 2 2 6 3
1358 1 1357 4 2 2 2
13443 1 1717 4 2 3 2
9968 1 13305 3 3 4 2
6222 1 29825 2 2 2 2
19156 0 89 56 56 38727 38709
28882 9 3696 2 2 2 2
40924 0 22072 12305 12305 40682 40678
30066 1 7387 2 2 4 2
15533 0 7387 9 9 122 116
6506 6 39335 778 771 46 46
29368 0 40057 39241 39241 24857 24857
27225 6 33459 53 46 6 6
34773 0 34386 18421 18421 40588 40586
40449 0 1803 2281 2281 8448 8440
21774 6 9252 3541 3541 9390 9390
18483 1 17730 3 2 4 2
18247 1 33545 2 2 2 2
38623 0 5839 2192 2192 20786 20781
4359 1 29197 4 2 6 2
29197 1 13612 5 2 5 2
27198 1 6242 3 3 3 2
27447 1 4053 3 2 3 3
13806 1 28087 2 2 3 2
40925 0 19888 28830 28830 40803 40803
9983 4 21913 199 197 42 42
20348 0 11447 6 6 3 3
38036 0 1666 12732 12732 32918 32907
32679 0 34089 11732 11732 9971 9971
35965 4 17251 68 68 45 45
18481 6 27900 7027 7027 2914 2914
37628 1 32564 2 2 2 2
4466 1 21189 2 2 2 2
640 1 7220 4 3 3 2
24070 0 18975 28164 28164 35982 35980
2758 1 22165 2 2 3 2
4556 1 9927 4 3 6 2
40353 0 10745 496 496 12844 12839
19632 1 35311 2 2 2 2
39784 1 31199 2 2 2 2
4594 0 5891 13 13 245 241
4491 0 19288 1342 1342 5451 5449
30729 4 33668 215 215 110 110
34985 0 3925 561 561 5684 5680
28487 1 7168 2 2 6 2
26416 1 36198 4 2 2 2
34811 0 1272 847 847 10228 10211
3263 1 2390 3 2 5 2
11689 0 15537 20 20 21 18
28752 0 4416 4 4 11 10
27422 0 8663 66 66 6514 6512
5643 1 3754 3 2 3 2
11366 1 26527 4 2 4 2
24792 1 893 2 2 3 2
6657 1 21399 3 2 2 2
18566 1 6657 2 2 2 2
39413 0 5325 23 23 9288 9262
11969 1 26616 7 7 4 3
36488 1 6245 2 2 6 2
11151 1 17991 3 2 3 2
3136 1 16161 3 3 3 2
30980 0 3884 43 42 1725 1720
30250 1 32816 3 2 3 3
4638 1 29948 2 2 3 3
27855 0 9636 1455 1455 1031 1031
22777 1 35880 4 2 2 2
3901 1 1387 2 2 3 3
22243 0 13777 15 15 27 18
5542 1 30223 2 2 3 2
38033 0 20954 2105 2105 416 416
29753 0 15565 947 947 10025 10017
29266 4 13537 391 391 133 133
1937 6 25054 9746 9743 11867 11867
21124 0 14843 8728 8728 32016 32013
40927 0 290 24761 24761 40799 40754
31744 4 8674 57 56 11 11
40127 0 2558 555 554 5407 5392
2529 4 12558 31 24 6 6
7694 1 33571 3 2 2 2
22610 0 27194 11 10 53 48
30249 0 6066 28994 28994 35460 35459
658 0 13432 308 308 3856 3850
40928 0 9369 17159 17159 40749 40748
38434 0 9010 7171 7171 21011 21010
30241 6 28445 60 57 3 3
35998 1 12005 2 2 5 2
37809 2 18294 18731 18730 29811 29809
11424 1 34792 6 3 3 3
35840 0 11072 707 707 35473 35468
28978 1 22902 2 2 2 2
11576 6 38596 46 44 3 3
1930 4 36216 140 133 2 2
7939 1 10211 4 2 4 3
28794 4 27413 348 348 296 296
5741 0 1817 56 56 10 10
5741 6 31343 5 2 2 2
19214 6 3845 75 71 5 4
23468 1 1116 3 2 4 2
19251 1 13436 3 2 4 3
30832 0 17008 32551 32550 21241 21241
10086 1 10085 2 2 5 2
20123 1 21785 4 3 4 2
29801 1 16682 2 2 6 2
2714 6 17927 64 20 20 16
3544 6 29062 36 25 11 10
16737 0 2582 3704 3704 24513 24509
37791 0 27732 5 5 184 179
17526 4 11245 163 161 16 16
1533 0 604 630 630 7390 7379
39727 1 9142 2 2 7 2
13018 3 4849 5 3 4 3
32445 0 36854 3 3 100 98
30065 6 21979 477 477 5056 5053
1742 6 21979 6621 6621 25474 25470
23039 1 22926 3 2 2 2
32339 1 27741 2 2 4 2
17262 4 33581 148 147 163 163
26419 1 3896 2 2 3 2
2404 6 17683 34 32 3 3
33189 0 14812 72 72 869 865
26452 9 7754 209 209 5272 5271
19015 1 28438 2 2 2 2
12913 1 9397 2 2 4 2
40931 0 27727 21025 21025 40657 40656
1419 1 22014 5 3 2 2
22075 4 35020 409 408 130 130
14470 4 37913 76 75 20 20
28719 0 7960 10980 10980 33352 33352
8597 1 843 2 2 4 2
14278 0 7240 489 489 9088 9071
2970 0 8651 457 457 2881 2880
17407 6 4098 561 560 59 59
15599 5 6014 18 18 34 31
23298 0 37796 5 5 10 8
23743 4 1839 223 219 46 46
9242 1 9241 2 2 2 2
40932 0 8840 14300 14300 40692 40685
20097 1 39891 3 2 2 2
28366 1 34247 4 3 2 2
23644 0 37462 2730 2730 646 646
9572 9 9571 3 3 2 2
30724 1 28310 2 2 3 2
18933 4 6687 84 82 7 7
17759 0 2861 23 23 377 369
40933 0 15371 6386 6386 40590 40586
38707 1 6267 2 2 2 2
4208 1 4207 4 3 3 2
15219 1 38553 2 2 2 2
23158 4 15716 341 341 171 171
21950 1 27256 3 2 3 2
34499 0 3934 3354 3354 19471 19468
35578 1 3227 2 2 4 2
7908 1 6243 37 30 17 16
1914 6 14604 2172 2148 440 440
38010 0 30717 69 69 941 940
40934 0 22330 18674 18674 40678 40678
36509 0 1481 1777 1777 3390 3389
17630 1 5576 2 2 2 2
16260 4 1174 206 200 29 29
8162 2 27707 94 94 157 157
28523 9 16965 2 2 2 2
40935 0 16658 10242 10242 40706 40703
25614 0 86 12 12 36 33
18620 3 6300 3 2 3 2
10303 0 1380 47 47 144 129
37033 0 20187 114 114 515 514
26386 0 18443 226 226 24 24
38926 0 5480 9737 9737 26131 26130
29831 0 12577 6 5 27 20
15782 0 21097 7142 7142 40409 40406
22438 1 8094 2 2 4 2
40936 2 3999 943 943 40658 40622
1838 0 11464 2766 2766 14532 14530
14405 6 31106 1193 1190 625 625
38576 6 23883 301 301 1313 1313
17088 4 35425 6132 6132 1247 1247
849 10 13402 4 4 3 3
31905 1 5241 3 2 3 2
5409 0 9991 101 101 125 123
7245 0 31986 1626 1626 5905 5904
34983 1 16742 2 2 2 2
10762 1 12714 2 2 3 3
10953 0 273 30 30 473 459
26769 0 1194 5 5 6 4
12790 6 38666 11 10 8 7
20833 0 14547 473 473 22113 22113
31477 0 20633 6 6 12 10
25922 1 17748 4 2 3 2
35874 0 3549 12 12 56 41
24436 1 2798 2 2 2 2
25966 1 11230 2 2 2 2
16275 1 18980 4 3 4 2
7862 4 17841 124 121 36 36
12959 0 12265 826 826 3183 3183
40938 0 25310 39255 39255 40901 40899
35627 0 3269 4 4 14 11
18098 1 22245 8 2 2 2
35614 0 5846 2 2 38 8
29207 1 24456 3 2 4 2
1048 1 24443 3 2 2 2
22767 5 6095 2 2 7 4
12231 0 16476 2 2 13 7
19496 1 30112 2 2 5 2
40940 0 7382 6468 6468 40667 40664
8838 1 20614 5 2 3 2
30101 1 30632 4 2 3 2
9830 1 34527 2 2 3 2
40941 0 13946 37432 37432 40893 40891
28643 0 11339 6 6 198 194
13847 1 14386 3 2 3 2
27260 1 35256 3 2 3 2
35120 4 33416 33 31 2 2
6728 1 6727 13 4 4 2
