1678 7 40551 469 231 1 1
1678 7 18056 267 36 1 1
1678 7 30089 566 326 1 1
1678 7 36781 305 70 1 1
1678 7 18000 272 39 1 1
1678 7 9202 254 25 1 1
1678 7 26036 32980 32738 83 83
1678 7 35669 262 32 1 1
1678 7 40887 40852 40609 123 123
1678 7 38204 29623 29382 89 89
17935 9 35175 7 7 2 2
785 8 10116 18423 17966 51 51
785 8 37575 3746 3299 2 2
785 8 21817 37708 37237 465 465
785 8 18729 484 41 4 2
785 8 12268 11166 10714 2 2
785 8 29200 28849 28382 12 12
785 8 23537 25821 25358 28 28
785 8 6770 27673 27207 29 29
785 8 1493 12325 11871 7 7
785 8 28822 24292 23830 16 16
785 8 15703 19485 19026 78 78
785 8 8245 5255 4806 2 2
785 8 36761 34554 34086 7 7
785 8 155 9718 9267 4 4
785 8 39420 36587 36117 8 8
785 8 38749 27507 27042 85 85
785 7 11761 15623 15609 65 65
16176 4 33688 4943 4941 504 504
18671 0 11241 86 86 1794 1779
19621 0 11241 1 1 16 2
15582 0 4030 26 26 494 465
25033 0 4030 3 3 200 174
31351 0 4030 5 5 281 254
19165 0 2969 133 133 3829 3820
21012 1 19165 7 4 3 2
16748 6 29001 7 6 10 8
31740 0 1183 4 4 206 163
26184 1 32091 26861 26858 397 397
32091 1 26184 308 308 18412 18409
4194 1 6975 3 3 5 4
6975 1 3569 4 3 10 5
15602 0 4367 6289 6289 27056 27027
6546 0 4367 14 14 4328 4300
24512 1 24859 3 3 3 2
33182 0 5053 4320 4320 14065 14062
5945 6 10270 17 14 75 74
5109 0 22368 1776 1776 30264 30259
20774 0 8060 30 30 2 2
12274 1 9268 2 2 3 2
12842 1 15886 10 6 5 4
13394 1 3789 6 4 4 4
13394 0 3459 99 99 861 854
38200 3 8055 4 3 7 5
36698 0 586 184 184 4553 4476
13143 0 586 656 656 17281 17202
7684 1 586 8 7 17 10
586 3 772 17 7 4 3
586 3 3510 54 43 5 5
586 1 11276 12 5 4 2
38212 2 121 2 2 798 309
34053 2 121 6 6 1072 576
21130 2 121 1 1 658 175
22680 2 121 2 1 486 8
33440 2 121 3 3 859 368
37929 2 121 2 2 891 399
25514 2 121 6 6 1197 696
31531 2 121 2 2 1073 576
15287 2 121 9 9 2030 1523
30007 2 121 2 1 481 5
33594 2 121 1 1 618 136
31050 2 121 8 8 1458 953
10443 2 121 2 1 499 18
13776 2 121 2 1 476 4
28371 2 121 3 3 1066 571
25046 2 121 1 1 704 218
29285 2 121 3 3 686 201
29029 2 121 2 2 952 459
39017 2 121 1 1 677 193
36587 2 121 8 8 1377 874
29042 2 121 13 13 1396 892
20341 2 121 4 4 1227 725
33915 2 121 4 4 1185 685
14588 2 121 2 1 493 14
121 6 39924 21 17 91 91
40757 0 1311 2033 2033 40744 40727
40804 0 1311 3341 3341 40746 40728
1311 0 896 241 241 1092 1087
18270 1 18269 7 5 2 2
13049 0 4990 85 85 8748 8728
36351 0 4990 25 25 2818 2799
29179 1 10971 2 2 2 2
23886 0 6769 5 5 3 2
30612 0 4411 2981 2981 4713 4712
14866 0 3633 4 4 537 532
35748 0 11399 4795 4795 38391 38384
31413 0 15186 3 3 6 4
20145 0 11015 384 384 4706 4705
40728 5 914 961 961 40753 40459
28450 5 914 1926 1926 30734 30443
7848 5 914 1 1 419 137
35945 5 914 1 1 333 54
25546 5 914 2 2 3571 3283
38155 5 914 1 1 294 17
36490 5 914 3 3 5978 5688
31958 5 914 2 2 1119 834
16022 5 914 154 153 3063 2776
1595 5 914 1 1 831 547
5734 1 377 4 2 4 3
22785 0 5734 6 6 12 11
1255 6 24915 9486 9486 32935 32935
14244 1 11981 2 2 10 7
19390 0 4369 3 3 37 18
15364 0 4369 41 41 5387 5366
6533 0 4369 15536 15536 33353 33330
20079 0 4369 8812 8812 28892 28870
3634 1 4369 8 5 2 2
10990 1 4301 6 2 3 2
16398 1 2783 5 4 12 5
2783 1 1316 12 5 7 3
31737 0 16660 2 1 14 1
40758 0 6286 923 923 39892 39880
36771 0 6286 4 4 23 13
23301 0 6286 36 36 76 65
6286 1 7865 16 16 9 8
40759 0 45 31416 31416 40824 40821
45 1 44 20 9 2 2
30663 4 40225 87 86 23 23
14235 0 20549 116 116 2830 2825
20549 1 8731 5 4 10 6
15727 0 20842 6 6 4 3
28017 0 10090 591 591 32997 32983
40795 0 10090 34964 34964 40914 40899
32851 1 11382 4 4 12 11
21858 0 14369 6 6 345 341
34003 0 20650 203 203 81 80
5656 1 624 3 2 8 3
624 1 34337 11 6 2 2
32035 1 33317 2 2 2 2
6074 0 11052 4520 4520 2768 2768
6074 1 6073 3 2 2 2
31355 4 35983 163 160 77 77
10203 0 23680 2285 2285 16154 16154
34114 4 1598 32 31 3 3
15430 4 617 15 1 3 1
617 6 23164 202 187 32 32
40760 0 3796 1574 1574 40538 40527
40898 0 3796 8283 8283 40696 40684
27089 0 25460 1 1 9 1
38920 0 20791 45 45 292 292
26740 0 15987 4 4 72 67
26740 5 4475 1 1 43 23
33592 0 3640 2 2 318 249
21749 0 16741 3 3 62 58
40287 6 21134 6 6 6 6
14022 1 6297 5 2 2 2
14504 1 14022 3 3 11 7
40761 0 448 5559 5559 40281 40256
23685 1 146 5 4 4 3
24780 0 39997 16521 16521 1414 1414
40762 0 1763 2088 2088 40412 40407
6572 1 6944 9 5 4 2
6944 0 1701 324 324 7791 7784
4031 1 9327 12 5 6 3
37067 1 10473 2 2 3 2
23647 0 1338 7 6 78 51
23277 0 13709 5 5 2909 2890
3947 0 12235 12 12 736 727
12250 1 12717 3 3 2 2
271 6 40026 734 707 96 96
14931 1 36099 43 41 254 253
36099 1 14931 776 775 86 84
36099 1 27949 2 2 3 2
14576 5 2971 1 1 127 64
13484 5 2971 1 1 72 10
7443 1 25067 13 10 5 4
16880 0 18633 3499 3499 20049 20042
16881 1 16880 5 4 5 3
17282 0 228 18 18 5437 5362
33871 0 228 3 3 10250 10174
40763 0 987 5413 5413 38324 38319
20046 0 4696 20 20 184 177
8415 2 7033 3 1 6 1
15870 1 18392 4 3 6 5
25017 9 18392 3 3 4 3
3787 1 8742 4 3 10 6
23980 0 3787 353 353 4420 4403
8742 1 19068 15 11 9 4
11482 1 10803 4 3 3 3
2901 0 30222 9184 9184 15145 15145
10757 0 3459 69 69 16159 16150
26302 0 3459 125 125 10140 10132
10581 4 27666 7043 7043 15949 15949
11449 2 6220 1775 1774 4543 4536
258 6 35861 3758 3754 97 97
25183 3 11235 4774 4774 11920 11919
15107 1 15106 2 2 2 2
20809 4 32820 467 449 48 48
20809 4 32206 3073 3054 262 262
4981 1 17073 5 3 3 2
16542 0 4523 16 15 174 172
40894 0 16542 17637 17637 39496 39494
10161 1 10160 3 2 5 2
10160 0 15134 76 76 2053 2046
26185 1 15249 2 2 3 3
1771 1 1770 20 15 5 4
1771 1 9610 25 19 9 6
1771 1 36226 12 8 2 2
24128 0 8842 2903 2903 32924 32921
26157 1 31405 7 6 7 6
31405 1 31404 3 2 2 2
6096 1 29574 26 23 2 2
31306 6 34770 661 661 3553 3553
65 9 439 2 2 5 5
9078 1 23938 3 2 3 2
10215 0 5164 1030 1029 16564 16554
1559 8 14508 26 8 2 1
1559 8 25902 34028 34009 618 618
23501 0 1668 769 769 21748 21677
20112 1 27611 3 3 2 2
29717 0 30926 16378 16378 40401 40400
40020 0 17095 14113 14113 38665 38664
23138 0 1929 1 1 227 4
38723 0 1929 2 2 303 75
27757 0 1929 2 2 451 221
35086 0 1929 1 1 221 1
20750 0 1929 1 1 224 2
38906 0 1929 3 3 255 29
18333 0 1929 2 2 276 49
15970 1 3369 3 2 10 8
8306 2 25327 3 2 20 13
25327 5 3250 105 105 2095 2083
32633 1 5596 5 4 10 6
30166 0 5644 14 14 2202 2184
3771 0 5644 17 17 707 690
36968 0 18425 2572 2572 5413 5410
4765 1 4764 6 5 7 3
17970 0 4765 25 25 1795 1790
13604 2 251 15 15 71 62
37309 0 30216 323 323 849 849
38488 0 19873 25074 25074 28612 28611
21703 2 1136 3 2 135 67
37709 2 1136 3 2 252 182
29422 2 1136 3 2 165 96
34900 2 1136 3 2 77 10
4319 2 1136 53 53 2588 2516
35289 1 33808 2 2 7 6
7560 1 5488 4 3 12 8
40937 0 5488 17645 17645 36099 36096
13163 0 5488 2301 2301 258 256
3087 1 18847 13 12 2 2
27819 0 3087 8561 8561 30089 30074
29206 1 25712 3 2 4 4
4485 0 608 9 9 627 264
4485 1 4213 10 7 10 5
2562 0 608 4058 4058 22260 21886
40838 0 608 24569 24569 40363 39966
14223 0 608 2354 2354 11039 10670
9757 0 608 1816 1816 12453 12082
21406 0 608 1249 1249 24957 24581
20006 0 608 1465 1465 20333 19960
1328 0 608 37 37 15390 15018
30256 0 608 5 5 4542 4176
28595 0 608 27535 27535 35375 34988
40884 0 608 37826 37826 40821 40420
33590 0 608 600 600 10738 10370
40777 0 608 20840 20840 40294 39900
39245 0 608 21730 21730 32136 31751
40785 0 608 9031 9031 39761 39372
40793 0 608 15319 15319 40168 39776
40814 0 608 12410 12410 40277 39884
7793 0 608 20795 20795 34724 34338
37242 0 608 4379 4379 27043 26663
40830 0 608 22122 22122 40337 39941
40764 0 29777 20224 20224 40765 40763
13128 0 959 3 3 3763 3732
35052 0 959 16852 16852 34088 34056
14092 1 7130 4 3 5 3
40765 0 18 10613 10613 40768 40768
37609 0 25129 442 442 15576 15571
3268 1 10028 3 2 5 3
40766 0 35564 22316 22316 38447 38446
15729 1 12999 20 17 10 8
12999 1 15729 13 11 10 7
35258 4 25396 33 33 31 31
38187 1 29741 2 2 4 3
38187 0 2275 261 261 12236 12203
40767 0 15247 37927 37927 40602 40599
27131 1 17012 2 2 2 2
15936 0 23068 3 3 3 1
7803 1 13968 16 14 16 14
13968 1 7803 16 14 9 7
40572 0 32910 7453 7453 38100 38097
39830 0 32910 4 4 9 7
14004 0 25065 1 1 4 1
25065 0 4789 72 72 5010 5008
32733 0 248 16 16 199 190
10121 0 248 35 35 542 532
30194 0 7722 4 4 321 309
23606 0 4877 10 10 2452 2442
32247 0 4877 10 10 6165 6154
30622 0 2318 5 5 207 84
26982 0 2318 61 61 842 715
9320 0 2318 25 25 847 719
26224 0 2318 622 622 4430 4299
18713 0 2318 11 11 657 531
38875 0 2318 115 115 1637 1508
3443 1 12083 8 7 3 2
13887 0 3443 341 341 5137 5126
18271 0 3443 8 8 701 691
4423 0 24850 7 7 10 9
1038 4 13190 191 27 2 2
1038 4 40447 285 113 2 2
1038 4 33781 313 139 6 6
1038 4 31677 229 62 2 2
1038 4 7455 274 103 2 2
23751 4 8080 36 32 2 2
8080 4 23312 110 107 17 17
25625 5 2176 51 51 17924 17819
24036 5 2176 6 6 3821 3718
18415 5 2176 11 11 6034 5930
29637 0 28168 54 53 233 228
17924 0 7315 793 793 21612 21607
13300 0 11301 55 55 647 636
13300 6 14769 15352 15349 16603 16602
25115 0 11301 639 639 1813 1801
20438 0 11301 96 96 432 422
37862 0 11301 12 12 378 369
34851 4 31118 7 6 2 2
40242 0 24346 67 67 7342 7339
26644 1 4985 4 3 4 3
26644 1 16054 3 3 4 3
8110 0 12168 4 4 105 70
36165 0 12168 3563 3563 29566 29529
22455 6 27199 5401 5401 33279 33279
7288 1 36878 2 2 2 2
19322 5 7288 12 12 918 903
40768 0 1784 22044 22044 40803 40755
15769 0 1784 8 8 529 484
40438 0 1784 122 122 26547 26501
40839 0 1784 10085 10085 40380 40333
27441 0 25270 38641 38641 31610 31609
25270 0 6354 2952 2952 8198 8195
12380 1 20717 5 2 7 6
3729 0 20717 1120 1120 33208 33197
176 1 25906 66 65 11366 11363
25906 1 176 12962 12959 170 169
40769 0 10981 4011 4011 40335 40334
24894 0 7247 13 13 115 106
27000 0 7247 248 248 13201 13191
17047 0 13439 11760 11760 19841 19841
40770 0 3005 4725 4725 40591 40577
12076 1 3005 4 3 10 4
12740 4 40747 40157 40157 26569 26569
16545 1 14634 3 3 33 26
4313 1 3457 11 5 8 4
1482 0 13752 28 28 19 19
1482 1 35255 8 4 5 4
11251 1 13752 3 2 3 2
28721 1 22741 2 2 2 2
28721 0 15897 3 3 6 3
3761 0 8987 12301 12301 1839 1839
8987 3 23784 20032 20032 20241 20241
7280 1 26118 3 2 2 2
28912 1 26118 16 15 5 4
38386 0 1904 1 1 3 1
6607 1 11157 5 2 3 2
637 6 31616 833 790 31 31
637 6 39715 292 252 14 14
637 6 14054 345 304 32 32
637 6 39536 1018 974 16 16
637 6 23571 422 380 35 35
637 6 40404 214 175 8 8
637 6 29851 1263 1218 99 99
5767 4 21704 58 40 2 2
3432 4 7926 146 144 3 3
3509 0 3407 12 12 32 29
13238 0 3407 6 6 50 46
26647 1 3407 4 3 7 2
24287 1 17938 3 2 5 3
36533 9 24287 3 3 5 4
17939 1 17938 2 2 3 2
9673 1 8487 5 2 5 2
7998 1 9673 3 2 4 2
8487 1 7998 4 2 5 2
3814 1 3548 12 9 2 2
23744 0 296 153 153 4079 3929
21505 0 296 650 650 6654 6502
7397 0 296 1 1 141 1
10506 0 296 4 4 228 85
38028 0 296 1 1 144 3
12013 0 296 299 299 4774 4623
15119 0 296 58 58 1862 1715
36945 0 296 47 47 2519 2371
36798 0 51 56 56 1346 1149
38369 0 51 26 26 1220 1024
40705 0 51 17793 17793 40474 40273
20387 0 51 20 20 1210 1015
40810 0 51 28472 28472 40716 40514
27837 0 51 3 3 388 196
5886 0 51 6 6 920 727
20051 1 20050 4 3 4 2
20861 1 5558 3 2 24 22
26868 0 6233 4 4 35 26
26868 1 5872 4 2 7 4
37434 0 917 4 4 15 13
25228 0 917 2934 2933 79 76
20402 0 16155 33 33 11717 11716
30004 0 2482 7 7 1926 1916
18986 0 2482 6 6 60 51
39024 0 29467 4835 4834 4434 4433
38724 0 29467 4805 4805 21871 21869
36561 5 129 2 2 424 380
1583 0 129 142 142 14546 14537
406 1 1287 5 3 12 5
23997 1 406 3 2 5 3
18173 1 1287 6 4 44 34
40882 0 1287 24294 24294 40904 40864
332 0 1287 136 136 3967 3928
18612 4 33576 22 3 1 1
18612 4 19325 35 14 1 1
12266 4 18612 11 4 1 1
5940 0 532 1 1 76 2
1521 0 532 1 1 88 10
40279 0 532 1 1 77 2
30426 0 532 1 1 78 2
15231 0 532 1 1 75 2
40771 0 10613 15123 15123 39392 39381
29184 1 22723 5 3 5 4
29184 1 30903 4 3 2 2
6386 0 26454 861 861 14099 14095
3277 1 37105 11 11 3 2
31630 0 33081 10606 10606 40059 40058
33081 0 3606 1986 1986 5858 5845
1354 1 1353 3 2 8 3
4940 6 40772 40561 40559 7917 7917
4385 0 4940 32 32 10075 10065
29446 0 4940 603 603 36694 36683
24366 1 7539 2 2 2 2
9683 6 40773 40693 40692 15402 15402
40773 0 2732 3868 3868 40460 40457
33864 0 13576 4 4 78 73
28351 1 685 2 2 5 5
35900 3 685 2 2 15 12
8053 1 32295 9 3 3 2
35212 0 8053 16 16 268 266
8643 0 1819 5 4 50 44
7117 1 8643 6 4 5 3
24594 5 1819 7 7 20088 20047
3210 5 1819 1 1 41 2
27467 0 31416 4168 4168 39814 39812
464 1 3675 2 2 12 6
3675 1 12232 20 14 3 2
3675 1 19310 9 4 3 2
4006 1 7203 8 5 5 4
1307 1 11050 3 2 14 5
10097 6 15251 6466 6466 2201 2201
21168 1 10097 4 3 5 3
23083 0 26718 19887 19887 26467 26467
21673 0 26120 6880 6880 18180 18179
26120 0 6426 2 2 31 23
24650 0 27939 22745 22745 36557 36553
38457 1 9568 2 2 3 2
27178 0 2497 9 9 5721 5622
31174 0 2497 4 4 5605 5507
19058 0 2497 4 4 1089 995
23035 0 2497 3 3 898 805
5147 0 2497 65 65 4461 4364
5305 1 1 14 11 5 4
29442 1 5305 4 2 7 4
12784 4 1630 155 150 3 3
12784 4 5463 301 294 3 3
25315 1 20655 6 3 6 5
8198 0 20655 167 167 1060 1056
20655 1 5129 5 4 14 10
931 0 2275 16 16 9464 9432
11433 0 2275 339 339 32471 32437
14758 0 9787 10 10 2015 1996
36898 0 1686 614 614 16863 16855
40774 0 16369 28254 28254 40502 40497
17226 1 10110 2 2 3 2
27870 2 2023 1 1 57 7
18478 2 2023 22 22 1439 1385
11490 2 2023 5 5 1103 1050
20278 2 2023 5 5 574 522
16554 1 29212 4 2 3 2
29212 0 34093 5799 5799 559 559
36825 0 20796 3 3 46 41
5335 5 9988 2542 2542 23090 23087
29725 5 9988 48 48 3160 3158
1864 4 39744 177 99 7 7
1864 4 12986 234 153 2 2
1864 4 9221 121 44 2 2
1864 0 1703 1 1 33 1
12378 1 3604 3 2 9 5
9895 1 13428 9 5 5 5
15667 1 15666 4 4 4 2
2507 3 4435 162 161 247 247
6789 9 2507 5 5 11 10
16918 1 2507 8 4 13 4
20071 4 20803 19 14 1 1
20849 1 14778 5 3 3 3
13053 1 24622 15 15 7 4
40284 1 24622 2 2 10 6
19366 0 20234 2805 2805 29543 29541
26315 0 19366 2 2 19 12
35882 2 2524 3731 3730 12322 12278
33234 2 2524 2 1 43 2
40939 2 2524 15 15 40316 40271
8199 0 15331 42 42 87 85
19502 1 12706 3 2 2 2
11732 1 7659 5 4 8 4
29649 0 11732 5007 5007 33528 33520
7659 1 7279 12 7 5 2
12815 4 27688 27 6 2 2
12815 4 20570 72 50 2 2
26871 0 2084 13 13 6 6
4955 6 15531 11 10 12 9
8178 1 11153 2 2 2 2
2181 6 20785 747 730 56 56
2181 6 11583 1116 1098 36 36
23792 0 30977 96 96 2249 2244
4102 4 38587 125 115 24 24
40775 0 35896 39020 39020 40042 40041
6696 1 21296 4 2 7 5
21295 1 6696 2 2 4 2
8023 1 21296 5 3 4 3
3303 0 10707 2702 2702 11803 11777
17408 0 4099 1247 1247 8890 8889
23226 0 34449 4871 4871 27978 27977
4136 1 4135 5 2 3 3
39465 0 16668 4779 4779 25243 25239
16257 0 23562 98 98 432 427
4227 6 32367 11894 11891 430 430
40607 0 4227 8889 8889 40018 40015
16679 1 16678 2 2 3 2
1122 9 23212 17 16 2 2
23212 0 2918 2 2 908 832
7532 1 7531 13 9 4 3
29273 1 14570 3 3 10 7
5949 0 3779 3 3 1171 1118
8913 0 3779 576 576 8247 8192
23795 2 2580 1 1 51 11
9939 2 2580 1 1 48 10
20115 2 2580 1 1 44 7
36622 2 2580 1 1 39 3
15250 5 2644 1 1 32 16
4951 1 5069 3 2 7 4
7948 1 8993 10 8 3 3
3755 1 18943 11 9 5 4
18943 1 30961 3 2 3 2
17857 1 11523 4 3 6 4
6924 4 37669 42 28 3 3
6924 4 25551 201 186 44 44
30696 4 40310 361 361 57 57
5259 0 9217 6 6 331 323
28032 0 5259 825 825 7541 7533
20159 4 23395 42 41 22 22
17347 4 20159 218 214 2 2
3882 4 10151 32 32 35 35
8811 0 2340 169 169 6160 6158
32387 0 8811 7898 7898 14963 14960
35192 0 2340 582 582 37177 37174
19066 6 13595 18712 18706 9093 9093
2887 0 2938 6 6 26 23
2887 1 7436 4 2 8 6
15497 1 2938 3 3 3 2
25015 4 28828 556 556 1082 1082
21810 4 25015 150 141 33 33
3850 0 160 6 6 914 876
15553 0 160 9 9 1016 977
17933 0 160 11 11 1091 1051
30234 0 2731 2 2 51 24
46 0 14274 326 326 836 830
14834 1 16497 16 13 5 2
14834 1 8390 4 2 8 4
14834 1 5110 3 2 15 6
40922 0 14834 19248 19248 40770 40765
11673 1 5110 3 2 14 6
29358 0 2687 1 1 36 1
8288 0 2687 1 1 37 1
33791 0 2687 1 1 33 1
33543 0 40596 40810 40809 8963 8963
172 4 7119 15001 15000 3362 3362
35331 5 172 2 2 2005 1653
28580 5 172 2 2 1454 1107
18603 5 172 20 20 14403 14044
36972 5 172 1 1 366 26
78 5 172 1 1 470 126
33614 5 172 1 1 416 74
35822 5 172 4 4 1541 1192
39121 5 172 2 2 847 501
22074 5 172 50 50 4203 3848
20314 5 172 3 3 3492 3139
1118 5 172 3 3 1964 1613
21326 1 23555 9 5 9 6
2173 6 38083 18 7 2 1
2173 6 18659 228 216 16 16
33947 4 39713 203 203 144 144
18377 3 4166 5 4 5 2
34858 0 18783 9336 9336 38700 38699
3968 1 5813 5 4 8 3
11261 1 5813 2 2 10 3
5813 1 31835 10 3 6 5
36714 0 38851 10832 10831 5173 5173
30857 0 30511 1526 1526 36612 36611
1365 1 15439 3 2 5 3
39987 0 81 2 2 61 14
36104 0 81 1 1 49 3
5785 0 26217 387 387 543 539
19380 0 26217 6 6 14 11
6787 1 26217 7 4 3 2
16634 0 9747 5 5 93 77
36078 1 7833 2 2 3 3
32975 0 9558 2580 2580 4621 4621
32975 1 32002 2 2 2 2
22353 1 15922 4 2 2 2
1604 1 6991 7 5 8 4
2547 1 14925 42 42 12 10
14212 0 14737 3 3 17 6
4130 0 3621 7 7 27 20
24323 0 3621 393 393 3030 3022
3621 0 9758 15 15 231 214
10319 4 33522 36 20 12 12
27683 1 39142 2 2 2 2
16503 1 110 3 3 6 2
40776 0 5310 849 849 40159 40149
25496 0 5310 5 4 130 121
1913 6 25274 86 81 14 13
33711 5 19257 2 1 8 1
32197 1 22383 3 3 4 4
23062 1 12031 36 36 22 21
26578 0 239 27337 27337 35673 35410
19936 0 239 17284 17284 36336 36072
40929 0 239 23080 23080 40593 40327
24226 0 239 5260 5260 19437 19178
20767 0 239 6750 6750 19049 18791
19429 0 239 10285 10285 27108 26848
32842 0 239 7362 7362 16347 16090
34670 0 239 36054 36054 38611 38346
23758 0 239 24 24 13617 13361
13023 0 239 7 7 926 680
16182 0 239 718 718 7351 7099
17401 0 239 85 85 11894 11640
34239 0 239 9 9 5825 5574
2069 1 15760 14 4 4 3
22182 1 3014 4 3 3 2
31096 1 15639 5 3 8 3
15639 1 29383 7 3 3 2
15639 1 207 8 3 5 2
13398 0 71 3 3 172 109
2736 4 13398 331 282 2 2
13398 4 7720 24 17 18 18
20939 0 2215 3 3 61 56
7946 1 1765 3 2 7 6
1947 0 1249 7 7 729 684
22728 1 16506 3 3 4 2
34810 9 22728 2 2 2 2
3254 0 2886 7685 7685 14728 14720
18890 4 37812 996 993 46 46
18890 4 28071 34 32 14 14
24803 4 28831 48 47 15 15
12939 1 23279 7 5 2 2
13702 1 12070 6 2 5 4
27600 0 7589 11 11 4575 4566
24117 1 1225 3 3 3 3
1110 0 20337 28 28 409 404
40926 0 20337 16700 16700 40741 40734
354 4 36395 85 82 3 3
24159 0 12803 2156 2156 6626 6626
26948 2 3620 10 10 618 593
37272 0 7800 66 66 1336 1325
23037 4 3762 125 123 3 3
33783 2 1326 16 16 1356 1219
22501 2 1326 2 2 201 68
31495 2 1326 2 2 571 435
19086 2 1326 2 2 458 323
38740 2 1326 1 1 277 143
38719 2 1326 86 86 17592 17454
36238 0 1326 25 25 600 586
18160 0 1200 479 479 129 129
23552 1 10327 4 2 4 2
40037 0 19153 3361 3361 19564 19562
33552 0 40037 1856 1855 2616 2616
7751 0 3712 432 432 38306 38297
7196 0 3712 84 84 6872 6865
28826 1 3712 5 4 15 7
26351 6 25426 265 265 578 578
17946 0 26351 32 32 2370 2366
10124 0 25426 26 26 355 351
6974 6 17672 311 310 26 26
19506 1 15393 4 3 3 2
32325 0 17590 93 93 15621 15613
40778 2 26169 5829 5829 39503 39503
36197 4 29170 179 179 58 58
1264 1 22448 5 2 3 2
40779 2 1646 55 55 40112 40069
40782 2 1646 61 61 39505 39464
40780 0 379 9243 9243 40567 40550
40828 0 379 22357 22357 40650 40632
14490 1 12757 3 3 5 2
34243 0 1244 2 2 288 8
12545 0 1244 4 4 383 99
28964 0 1244 2 2 293 12
4871 0 1244 1 1 277 1
17807 0 1244 6 6 360 77
14487 0 1244 1 1 279 1
40781 0 4921 32790 32790 40712 40709
9372 1 1508 3 2 4 3
2261 4 19476 46 30 1 1
2261 4 18565 40 25 3 3
5771 4 39949 30 22 2 2
13951 1 3521 6 2 8 4
18299 1 274 4 3 10 3
15954 1 34113 5 2 2 2
17141 0 21055 2 2 5 2
13878 1 26428 6 3 3 2
35918 0 391 8 8 1114 1111
39002 1 39001 2 2 2 2
4532 1 26446 2 2 2 2
11891 5 16320 87 87 24267 24254
13955 1 11289 6 4 7 4
1592 1 17240 16 11 2 2
15523 0 2604 9 9 117 81
36776 0 2604 1802 1802 35825 35784
40872 0 2604 8923 8923 40653 40610
6989 0 2604 1092 1092 10777 10739
38136 0 2604 4 4 75 40
31426 1 2604 4 3 14 6
12623 1 6107 14 14 5 2
22297 1 8322 7 5 4 3
21592 1 22297 4 3 6 4
4547 1 21674 17 9 7 4
32040 1 4547 4 3 11 3
7982 1 20572 4 4 5 2
7983 3 7982 3 2 3 2
31376 2 743 1 1 121 18
32748 2 743 11 11 1666 1557
36118 2 743 12 12 1095 987
743 6 9450 4 3 7 7
39780 0 2807 324 324 10527 10524
4722 0 2807 83 83 13786 13782
35415 0 2807 21554 21554 35058 35052
15011 0 1542 58 58 1038 1018
10421 1 10420 8 5 4 3
26009 0 265 5 5 758 498
9536 0 265 1 1 254 2
15205 0 265 1 1 253 2
36270 0 265 2 2 296 40
39375 0 265 4 4 807 546
12974 0 265 23 23 1034 772
25076 0 265 4 4 275 22
19351 0 265 3 3 278 24
11480 2 1534 5 4 149 142
40783 0 4407 11110 11110 40194 40194
4407 1 39995 33 26 3 3
8464 1 8424 7 4 7 5
23763 1 3300 2 2 17 11
24479 1 23586 7 4 4 3
28656 0 21 1 1 69 2
38617 0 21 1 1 68 2
39259 0 21 83 83 9547 9478
6493 0 3567 1516 1516 1149 1147
21912 0 22347 23 23 49 48
24178 1 9908 8 3 3 3
22121 0 351 1 1 123 1
25316 1 746 7 5 8 7
3063 1 4791 12 7 13 10
11495 0 4791 28 28 2662 2648
36889 0 883 3 3 248 28
22017 0 883 3 3 406 183
39078 0 883 3 3 227 12
7495 0 883 3 3 237 19
7498 0 883 1 1 213 1
36527 0 883 4 4 233 16
31583 0 883 3 3 246 27
40784 0 14144 16731 16731 40827 40809
3408 6 8243 61 1 2 1
3408 6 8940 571 495 65 65
3408 8 38801 35479 35413 46 46
3408 8 28506 103 38 8 7
10233 4 38705 297 283 3 3
36048 6 18704 570 570 5763 5763
1046 7 36048 1640 1524 1 1
1962 1 1961 9 4 7 4
11585 3 21329 15 12 10 9
32391 1 11972 2 2 2 2
31739 4 18679 300 298 40 40
26785 1 7703 4 4 9 4
20520 1 6788 4 2 3 2
11565 1 37185 11 3 3 3
11565 1 12441 10 3 2 2
29689 1 11565 2 2 10 2
19922 0 8858 4 4 84 73
15795 6 39521 449 449 3652 3652
840 8 19493 31 19 6 4
840 8 36647 77 64 7 7
840 6 30428 14977 14964 322 322
26662 0 7523 677 677 13119 13116
26756 0 9311 3 3 513 502
12636 1 24788 9 5 3 3
20784 1 387 27674 27673 13391 13391
387 1 20784 11058 11058 19609 19608
12153 3 19756 7 6 2 2
13239 0 284 4 4 465 240
34758 0 284 2 2 245 22
35142 0 284 1 1 216 2
33324 0 284 1 1 231 11
24884 0 284 1 1 235 14
39131 0 284 2 2 254 30
26984 1 38840 4 2 2 2
9435 1 13227 5 2 11 4
5449 0 9435 57 57 24 23
31592 1 13227 5 5 76 68
23798 1 23297 42 39 164 163
21935 1 23297 3 2 2 2
4425 0 9880 9 9 45 36
17011 3 17169 10 8 16 12
7442 1 23836 4 2 5 3
7442 0 12505 108 108 2258 2250
23836 1 3274 5 3 4 2
17432 1 30826 3 3 2 2
11988 4 31236 158 157 31 31
31236 4 34496 2 1 3 3
1444 0 9048 5 5 585 570
5768 0 1444 3167 3167 10497 10461
39440 0 1444 54 54 1316 1281
20898 0 9048 28 28 12500 12481
2408 0 9048 1958 1958 10272 10254
33742 0 9048 2968 2968 16211 16191
38351 0 9048 1458 1458 19346 19325
6375 1 8324 3 2 2 2
37317 0 6230 937 937 6158 6157
10713 4 2207 316 311 17 17
40786 0 1672 6526 6526 40574 40538
40892 0 1672 4675 4675 40461 40426
28472 5 10737 17 17 447 444
10737 6 27038 279 275 3 3
21537 0 1027 1 1 151 1
35194 0 1027 2 2 316 163
39579 4 25695 516 516 23 23
12699 0 2137 1 1 12 1
27906 0 19986 10941 10941 38719 38716
19986 1 16852 10 8 6 4
30297 1 3771 8 7 12 10
39950 0 2362 3 3 15 13
16469 0 178 10 9 1471 1460
34721 0 178 12 11 2071 2058
9225 0 178 45 45 1550 1538
31063 0 2110 2 2 215 27
38241 0 2110 4 4 852 659
31237 0 2110 1 1 191 6
5590 0 2110 4 4 316 126
7272 1 33016 2 2 3 2
17837 0 7272 14 14 47 46
36109 1 33016 3 3 4 2
33016 1 33015 4 2 2 2
39272 0 12035 2 2 24 15
11022 6 27914 41 34 7 7
40787 0 5243 1512 1512 36633 36628
3741 1 18271 5 5 2 2
40788 2 593 2 2 36483 36457
27944 2 593 51 50 802 777
9102 2 593 8 6 52 28
40548 0 16045 206 205 402 401
758 1 10360 7 5 8 3
10360 1 10359 8 3 2 2
3223 0 3161 1 1 144 108
5881 1 18355 5 4 2 2
38969 0 16196 7 7 24 24
29347 0 1461 2542 2542 13913 13900
1650 1 16394 21857 21849 17205 17205
1650 1 16302 8 3 4 4
40174 1 1650 2036 2036 12852 12845
9952 1 37466 16 8 3 3
2245 0 2918 31 31 1298 1221
2245 1 2244 5 3 4 2
14233 0 2918 733 733 10988 10909
1079 0 2918 1102 1102 7476 7398
32727 1 24872 3 2 3 2
39701 0 5987 19908 19908 1892 1892
15176 1 18854 10 4 9 7
18854 0 7016 532 532 2195 2193
24327 0 3027 11374 11374 34092 34038
14366 0 24327 23603 23603 39366 39366
23190 1 13002 5 4 23 19
5729 1 20226 2 2 3 2
20226 0 13887 118 118 3637 3632
8274 1 8999 6 4 9 4
18181 1 8274 4 2 5 3
9428 1 8999 3 2 7 3
8511 1 31347 3 2 2 2
21811 0 278 1 1 180 2
33666 0 278 1 1 172 1
21874 0 278 1 1 177 1
29143 0 278 1 1 171 1
18106 0 278 1 1 175 1
39291 0 278 2 2 205 25
37756 0 278 2 2 281 100
511 0 15897 6 6 5 3
15736 0 1677 5290 5290 29983 29925
829 0 1677 48 48 3267 3211
27621 0 1677 27026 27026 34381 34322
29445 1 1550 4 3 7 4
18936 4 39578 18 17 5 5
34932 2 14540 4 3 10 6
647 1 6311 11 4 2 2
33210 6 17250 877 877 17756 17756
9637 5 1981 4 4 813 761
21619 5 1981 2 2 1653 1600
11643 3 3908 12562 12561 1090 1090
30998 1 7774 3 2 9 8
30998 1 2447 2 2 3 2
16669 2 916 2 1 144 7
8577 2 916 2 1 285 141
18018 2 916 2 1 221 80
35944 2 916 2 1 379 233
9258 2 916 2 1 222 80
34189 2 916 2 1 251 108
21737 0 2589 5 5 3583 3566
40303 0 2589 214 214 37005 36987
3167 1 6502 7 2 10 7
17014 2 3167 2 1 39 18
7204 1 3167 6 4 8 3
32383 0 427 1 1 71 2
13521 0 427 2 2 100 30
11437 0 427 10 10 591 520
16023 0 4958 1 1 6 4
5777 4 4318 18 4 2 1
5144 4 4318 19 16 6 4
4318 6 27523 118 114 131 131
19086 6 12484 4 1 4 1
12201 4 22304 283 277 79 79
10786 1 14577 5 3 9 7
20175 0 7143 7 7 60 54
1205 1 23424 4 2 5 4
35226 0 37189 99 97 129 127
19169 1 25362 3 2 6 5
14940 1 12227 3 2 5 3
12227 1 13800 5 3 4 2
2813 0 3170 17 17 80 80
3170 1 3169 5 2 4 4
35238 1 8601 2 2 5 3
36661 1 39486 3 2 2 2
17745 5 774 29 29 8313 8174
17745 2 1137 8 8 1042 935
37417 5 774 1 1 137 4
29963 5 774 1 1 134 2
40735 5 774 39 39 40649 40509
23613 4 28865 181 177 2 2
24660 4 23613 301 298 12 12
6782 5 5167 169 169 30868 30848
34227 5 5167 128 128 11183 11164
5167 6 27267 2670 2669 646 646
40789 0 25921 10189 10189 40760 40760
18492 6 36549 3 2 3 3
864 1 14562 7 3 6 5
32699 0 14562 72 72 7845 7835
4521 1 25708 7 3 3 2
10559 1 10558 2 2 2 2
3083 0 26431 936 936 31429 31424
5974 0 9758 35 35 2518 2499
4522 0 9758 15 15 332 314
12683 0 9758 129 129 6088 6066
19 0 29519 11 11 15 13
38094 4 40790 40781 40781 27700 27700
36200 0 5055 11546 11545 31950 31950
204 1 3048 10 5 2 2
32488 1 204 6 5 19 14
40791 0 11084 2788 2788 40557 40539
33754 1 5275 2 2 3 2
32 4 32392 84 69 6 6
32 4 24489 210 193 23 23
12319 4 14836 142 137 13 13
27811 2 10916 3 2 20 15
30475 0 10916 4670 4670 5335 5335
15792 0 3763 2 2 16 11
8019 1 30805 8 4 3 2
2949 1 8019 6 3 10 6
30805 1 16646 7 5 6 3
35060 0 5892 6 6 596 588
11125 4 10606 1 1 1 1
25276 1 3926 8 7 18 13
13830 1 6490 50 44 211 211
13830 1 7308 7 3 4 3
6490 1 13830 83 83 59 53
1366 0 29 11 10 72 65
29 1 11186 5 3 3 2
6226 1 29 3 3 6 4
19987 4 11397 1834 1832 36 36
4506 1 9454 5 2 7 5
6037 0 39187 289 289 1415 1413
39187 0 11100 73 73 17508 17491
2381 2 12273 1 1 57 9
7324 2 12273 1 1 73 24
6513 0 650 963 963 1130 1088
37308 0 650 49 49 1061 1020
40792 0 9525 2807 2807 40685 40681
30839 1 10851 4 4 3 2
21181 5 232 21 20 569 560
11205 5 232 19 19 14011 14001
24984 0 232 89 89 13390 13384
38752 0 728 4139 4139 35051 35044
8716 6 31315 7 7 3 3
24013 1 23715 4 2 7 4
36734 5 985 2 2 383 316
7458 5 985 2 2 91 27
12641 0 39 5 5 445 237
7396 0 39 1 1 210 12
21862 0 39 4 4 279 72
21561 0 39 1 1 216 17
13466 0 39 1 1 201 5
17532 0 39 2 2 270 66
18621 0 39 1 1 203 6
1398 0 19101 4564 4564 39122 39120
13758 1 29291 4 3 5 2
4555 0 1115 632 632 9569 9560
39750 6 18050 316 316 4780 4779
11789 1 24319 41 41 7 6
24319 1 11789 8 7 9 9
7072 1 9237 11 5 6 5
13503 1 7072 5 4 15 9
25660 5 4520 1 1 22 18
38151 0 7155 682 682 595 590
4453 6 7580 4763 4757 71 71
7580 0 34614 238 238 687 686
26183 0 11186 282 282 19044 19041
35764 0 14617 7 7 338 337
4608 0 3699 2 2 98 79
40827 0 3699 15193 15193 40676 40655
8852 0 7403 2049 2049 12176 12171
8176 1 8852 11 9 4 3
193 6 27058 124 72 1 1
193 6 11869 159 106 2 2
193 6 18878 974 920 82 82
19842 4 22836 303 298 19 19
21930 1 21045 3 3 5 3
21930 0 12252 16 16 452 446
5745 1 14074 4 3 3 2
26613 1 9037 3 2 4 2
9037 0 3099 419 419 542 541
7396 4 28775 176 161 2 2
24578 3 23111 29 26 6 6
21061 1 25626 2 2 2 2
24011 0 12474 39981 39981 38366 38364
13829 1 16710 5 3 3 3
4185 1 13829 5 4 6 4
13829 3 25284 6 4 4 2
12211 0 6042 672 672 27479 27468
13978 1 2276 2 2 5 2
39294 4 26572 3240 3240 374 374
33294 0 3229 1 1 12 3
8108 0 3229 890 890 28758 28748
3229 1 22044 6 3 4 2
6633 7 40129 12089 12077 9 9
6633 7 12050 3818 3807 1 1
16200 0 1852 15 15 1545 1498
16201 1 16200 4 2 5 3
19710 6 10760 2 1 7 2
32734 1 3419 2 2 7 5
4779 1 14955 4 3 3 2
3716 1 1998 5 5 9 5
40577 0 3716 8309 8309 40638 40624
31620 0 3716 1198 1198 31464 31452
28941 0 3716 21119 21119 36147 36134
17519 0 3716 258 258 924 913
9620 0 3716 5 5 23 13
2915 1 12159 26 12 9 5
522 1 21041 9 6 6 4
522 1 13953 6 4 10 4
522 0 16646 10716 10716 37276 37276
32701 0 522 7 7 72 60
31153 0 36722 36865 36865 26373 26371
36722 0 1474 2213 2213 40183 40168
7592 1 9560 10 7 2 2
2035 1 8589 7 3 6 4
25494 1 8589 2 2 7 4
4666 1 4665 15 12 3 2
4665 0 6717 28 28 939 937
6144 1 19664 2 2 4 2
28456 2 1773 2 2 138 99
28456 6 22320 164 162 94 94
5443 2 1773 1 1 52 14
18213 1 18982 4 3 3 2
18716 0 37537 526 526 19090 19088
6882 9 10563 2 2 2 2
40794 0 32275 16727 16727 40709 40708
19296 1 6611 6 5 3 2
16065 0 36140 9 9 61 58
40829 0 16065 11369 11369 31828 31827
32071 1 23898 5 4 3 2
37285 0 184 1 1 295 3
39009 0 184 3 3 523 221
3395 0 184 1 1 286 3
32164 0 184 1 1 304 6
34310 0 184 1 1 294 3
39279 0 184 1 1 288 3
11281 0 184 1 1 299 4
30773 0 184 1 1 303 6
15734 0 184 1 1 300 4
5209 0 184 2 2 996 693
16507 0 184 1 1 290 3
40030 0 184 1 1 293 3
1190 6 31657 35 22 1 1
1190 6 39319 33 21 2 2
17492 1 20700 3 2 2 2
16074 0 18268 1 1 6 1
21289 0 18268 1 1 7 1
14746 1 23603 64 63 898 896
7078 6 36019 18 18 161 161
7486 0 7078 39 39 19 11
4225 1 13633 8 3 10 7
4225 1 11780 7 3 7 5
754 1 2375 5 2 4 3
1823 7 36030 161 160 273 272
6054 0 4123 7 7 1946 1912
6054 3 1296 8970 8968 14590 14589
3215 0 7911 4 4 4 1
6678 1 7911 3 2 8 6
16802 1 8850 9 5 7 5
1076 1 1075 9 2 3 2
1076 1 27277 10 2 4 4
18470 1 18469 2 2 2 2
7673 1 10866 7 5 12 12
7673 1 8629 3 2 4 3
8644 1 14101 4 2 2 2
493 0 1629 2 2 186 175
2736 4 26470 61 16 1 1
2736 4 34726 70 23 2 2
2736 4 35146 235 187 12 12
2736 4 33515 56 12 1 1
35179 0 19119 20 20 417 416
13379 4 19119 115 112 11 11
28508 2 3843 11 9 47 19
40099 2 3843 17 16 574 545
9537 1 3843 2 2 6 2
25746 0 11870 29748 29748 28570 28569
26637 6 24424 814 814 2156 2156
15305 5 2978 1 1 118 51
10135 5 2978 3 3 1224 1155
14631 0 3275 541 541 2452 2446
1043 1 14631 8 6 15 9
39736 1 21554 2 2 4 3
39736 0 4427 13 13 553 531
8260 0 7895 11 11 287 283
16624 0 8260 1211 1211 26058 26056
36792 1 37816 2 2 2 2
40796 2 3317 191 191 40454 40421
11856 1 2643 2 2 8 6
8104 1 4274 7 3 3 3
8104 1 12438 6 3 3 3
9749 1 13574 6 4 3 2
40797 0 19420 2773 2773 38677 38675
24056 0 9777 24937 24937 36826 36825
12866 6 7036 29 29 275 275
19409 4 36350 1537 1537 6 6
28857 0 706 74 74 4035 4022
19163 0 18538 14 14 2891 2888
16614 1 25570 5 2 2 2
16614 1 8351 4 2 2 2
24052 1 24051 2 2 2 2
29706 4 499 32 32 33 33
34810 0 17502 24102 24102 10179 10179
40798 0 38876 17581 17581 37059 37059
26283 6 40443 13834 13834 12825 12825
32794 0 18895 371 371 16594 16586
3034 2 1137 1 1 141 35
19442 2 1137 1 1 98 1
26122 4 31544 69 63 10 10
17880 1 20417 4 3 4 4
3499 1 20417 5 4 5 4
20434 0 21190 1731 1731 1101 1100
13327 6 22210 3 3 21 21
40799 0 5636 31243 31243 30284 30284
14768 6 24252 6 5 9 7
9578 0 473 1123 1123 4806 4803
20196 1 21248 3 2 8 7
21248 9 11908 8 7 8 8
6765 1 27335 4 2 3 2
37410 0 27335 2419 2419 24667 24666
12725 1 21889 4 4 2 2
19754 0 4059 1 1 5 2
9461 4 12081 2 1 2 1
8574 0 5381 9 9 103 92
8574 1 8573 6 3 4 3
29585 1 8574 3 2 6 3
13699 0 5381 318 318 10329 10317
36608 0 123 3131 3131 23233 23225
24094 0 123 3376 3376 34487 34478
516 0 292 1 1 240 1
31393 0 292 5 5 1044 794
14242 0 292 2 2 394 146
33413 0 292 4 4 1285 1034
15177 0 292 1 1 237 1
39499 0 292 2 2 301 55
13524 0 292 1 1 239 1
31996 0 292 2 2 303 56
26845 0 292 1 1 234 1
14814 0 292 1 1 241 1
13283 1 2720 4 2 4 2
2720 1 5598 6 4 11 7
34387 1 26855 2 2 2 2
26856 1 26855 2 2 4 3
37173 4 10091 1803 1803 12707 12707
19951 0 20010 127 126 2919 2912
40800 0 28344 8805 8805 37627 37626
24652 0 26678 2341 2341 14067 14063
27632 0 31556 3 3 494 492
8336 6 2824 439 439 131 131
14255 1 19144 3 2 7 5
20014 0 14262 1021 1021 32321 32316
40801 0 16573 10597 10597 38174 38170
2360 1 4933 20 19 9 5
40802 0 39415 5181 5181 40708 40708
30541 0 22903 2458 2458 2605 2604
20618 1 9942 5 3 5 2
38150 0 712 46 46 6159 6154
25109 0 7757 194 194 88 86
40803 0 5646 21166 21166 40583 40579
1003 1 5646 4 2 7 3
35081 1 28378 2 2 2 2
11590 1 29649 6 4 2 2
39026 0 29817 938 938 23692 23690
13903 6 32368 135 131 14 14
30745 1 37402 3 2 2 2
10159 1 38458 8 5 2 2
27696 1 6690 3 3 13 5
28744 1 6690 7 7 14 5
20852 1 6690 4 4 9 2
40885 0 6690 7593 7593 40527 40519
16732 0 10532 349 349 10119 10114
6916 0 19429 15446 15446 1609 1609
10276 1 9887 11 7 11 8
4800 1 9900 4 2 7 5
19570 1 4800 4 2 4 2
17182 1 2190 2 2 3 3
4461 0 19310 3883 3883 10079 10071
1046 7 18091 18833 18713 4 4
1046 7 18788 12750 12632 1 1
1046 7 39181 16909 16790 2 2
37226 0 11964 91 91 12608 12606
11632 9 24469 37 36 21 21
40699 0 12729 30016 30016 40913 40898
14428 0 772 359 359 1552 1543
19055 0 772 671 671 18108 18098
40710 0 31312 2150 2150 40064 40062
11686 1 5336 9 3 11 7
30852 1 3198 5 5 5 3
29243 0 26808 13715 13715 23790 23790
21449 0 12858 2 2 11 7
12857 1 21449 6 3 4 3
3233 1 4145 5 3 5 3
19055 1 19054 2 2 2 2
8310 6 12531 32 23 5 3
7557 1 7633 5 3 8 7
17844 0 7120 441 441 9693 9690
1269 1 11040 4 3 9 5
11040 1 14848 13 9 4 2
26676 0 8201 4231 4231 36587 36574
28241 1 7436 2 2 3 2
18458 9 31641 9 9 6 5
31641 3 37842 3 2 2 2
25873 0 2795 26292 26292 16037 16036
17430 1 14006 4 3 6 3
13991 0 6823 60 60 995 989
19570 1 23428 3 2 5 3
8288 4 37118 134 132 12 12
40805 0 33924 27314 27314 40834 40833
25230 0 6253 16 16 84 79
15292 3 10198 8 8 5 3
39489 0 11666 14225 14225 27666 27648
39489 1 15557 2 2 12 10
37831 2 11666 40091 40091 16754 16754
15516 1 12820 4 2 5 4
34071 1 12820 6 4 7 5
4175 4 8602 31 25 2 2
24042 1 5537 2 2 2 2
19211 0 4744 41 41 263 260
31371 0 7474 3189 3189 40258 40250
27812 0 7474 1878 1878 10945 10938
28947 4 15200 628 628 412 412
18660 6 21000 34863 34863 16622 16622
15472 0 25385 11806 11806 34737 34734
12507 0 13404 627 627 5667 5662
26342 1 17895 7 5 6 4
2152 1 8496 6 6 6 3
39760 0 574 18 18 2874 2831
40877 0 574 7413 7413 40764 40719
35412 5 11510 4 4 301 282
2085 6 10383 7 1 1 1
14202 1 14201 2 2 6 2
1043 1 20085 10 7 4 3
40806 0 6850 2459 2459 40210 40185
40503 0 9914 14376 14376 23725 23723
14770 1 14307 4 3 5 3
32716 1 17183 2 2 8 7
35390 1 3256 2 2 3 2
4482 4 9719 38 34 9 9
20428 0 3527 6071 6071 33716 33699
3527 6 20663 20074 20074 529 529
30409 2 35441 420 420 580 580
11083 1 5302 3 3 3 2
23196 1 10129 2 2 7 4
1066 1 29752 14 12 2 2
40807 0 3538 615 615 40225 40212
22793 0 3538 1 1 24 12
6768 6 24640 527 524 779 777
6768 6 10205 1911 1907 519 519
2869 1 15125 5 3 7 5
29302 0 15125 2732 2732 20194 20192
9588 0 1406 25 25 2471 2461
18159 0 17493 87 87 388 382
21497 1 33875 8 6 2 2
20938 1 22485 4 3 6 4
13056 6 39139 270 268 46 46
23942 0 26928 3 3 1196 1194
28004 0 6478 145 145 49 47
4747 0 22951 1 1 5 1
20860 5 2566 26 26 21238 21221
7590 5 2566 28 28 1642 1626
20768 0 17402 149 149 177 175
35193 1 20768 21 21 13 12
8572 0 5856 62 62 1865 1840
17370 0 5856 962 962 8919 8891
31972 0 5856 5 5 1938 1912
17380 1 15779 4 3 4 3
27964 0 16186 16 16 1990 1984
15981 0 1328 42 42 243 230
26071 1 9303 3 2 9 6
9303 9 21981 6 6 3 3
38768 0 29318 17 17 7738 7734
36229 0 18254 918 918 19799 19782
1019 4 596 35 12 1 1
1019 4 8780 23 1 1 1
23239 1 15927 6 3 3 2
30477 1 23239 5 4 10 7
21996 6 20017 180 178 214 214
21996 6 11995 3301 3298 842 842
25766 0 22616 1007 1007 16737 16734
9455 0 23399 2673 2673 7661 7655
23000 6 39446 1789 1789 375 375
122 1 7516 12 6 8 3
11412 1 19152 3 2 2 2
8803 1 27429 5 4 2 2
15261 0 14295 3138 3138 16179 16178
25268 4 21905 10 8 2 2
15504 1 8591 23 19 5 2
8591 1 16989 5 2 3 3
15601 10 15600 3 3 6 6
31927 1 15601 2 2 3 2
34363 5 8522 26285 26285 38288 38288
33641 0 19894 26372 26372 3978 3977
33826 1 19127 2 2 3 2
39523 0 2723 10 10 8316 8280
39523 1 21345 2 2 8 7
7540 0 2723 120 120 15228 15191
4541 0 2723 80 80 19569 19531
28671 0 7444 14 13 130 127
40808 0 40809 26133 26133 18145 18145
26933 0 1475 2413 2413 29349 29329
35848 0 18654 53 53 13685 13680
19162 0 18654 23 23 1832 1828
29185 6 40731 39099 39098 20939 20939
3467 1 3466 6 4 4 3
15345 5 4450 3338 3338 34370 34364
7117 1 7049 4 3 4 2
32624 6 26608 3688 3687 5318 5318
2269 1 2268 5 3 4 2
30613 0 6961 3 3 4 2
2956 4 29945 155 151 4 4
40706 0 10059 26629 26629 40786 40783
3866 4 38485 217 209 28 28
3866 4 24189 164 157 6 6
9119 0 21826 30169 30169 26879 26879
18389 3 999 4 2 5 3
999 3 18389 6 4 5 3
35808 1 32154 15066 15066 180 180
37756 4 40810 39898 39898 17450 17450
20583 1 27612 3 3 3 3
1020 0 3141 1 1 50 1
28305 0 3141 1 1 51 1
6564 0 11337 2454 2454 246 245
23511 0 15656 2 2 87 61
5394 1 2601 5 5 4 3
19679 0 5394 6 6 40 33
2004 1 24164 8 3 2 2
2004 0 30642 2475 2475 7853 7852
25774 1 12289 5 2 10 4
24676 0 24224 365 365 581 580
23848 1 8714 6 5 8 4
17814 4 3175 14858 14857 1281 1281
17465 1 17464 4 3 4 4
22570 1 22569 2 2 5 4
6630 0 4722 7 7 37 29
1142 0 4722 401 401 1631 1622
23700 1 24343 7 6 4 4
9573 6 3123 101 101 771 748
15354 6 3123 46 46 3608 3584
14853 6 3123 6 5 96 75
6067 1 28605 2 2 2 2
8474 4 17327 1077 1077 1602 1602
30941 1 3753 4 2 7 4
30941 1 33174 3 2 4 3
11546 0 4442 2489 2489 23077 23043
6865 4 2298 105 101 8 8
1021 1 207 7 4 4 2
2872 0 17555 688 687 39771 39764
268 0 17555 375 375 28234 28228
40811 0 2664 23803 23803 40835 40818
40871 0 2664 359 359 39886 39870
2664 0 2624 3 3 17 10
35435 0 12605 10 10 525 522
29862 1 29861 4 4 7 6
31789 0 494 33147 33147 39669 39657
22923 0 28916 90 90 24 23
27985 1 27484 4 4 6 5
29410 0 16944 1337 1337 7515 7511
11888 0 36918 6396 6396 27573 27571
37558 2 741 1 1 88 42
28640 2 741 1 1 48 3
9021 2 741 1 1 46 2
22157 3 1791 3 2 4 3
22158 3 1791 5 3 5 3
8471 1 6302 3 2 6 6
32069 0 19823 8413 8413 18142 18140
38790 0 13 3194 3194 39747 39733
19437 1 22294 3 2 3 2
25022 1 32013 2 2 9 8
39553 0 4628 163 163 48 39
40833 0 4628 3738 3738 36226 36216
11144 1 2617 2 2 3 2
38399 1 1022 11 11 9 5
10536 1 36694 2 2 2 2
40178 1 1578 21734 21734 38174 38172
40864 0 1578 8473 8473 40517 40511
22410 1 37961 4 2 7 7
15647 4 32971 184 184 1845 1845
1708 0 8438 85 85 22229 22228
6124 1 5907 4 2 10 5
8270 1 6124 14 6 4 2
5826 1 10722 4 3 11 9
21697 0 2070 1889 1889 2495 2495
6530 1 22543 12 10 6 4
5932 1 21935 12 7 3 2
28875 3 5192 7 6 6 5
28676 3 28875 6 3 5 4
5178 1 14819 21 15 4 3
21092 0 5178 536 536 28260 28232
16318 0 5178 34321 34321 36010 35981
40918 0 5178 19360 19360 40796 40764
31349 1 5178 3 3 28 22
27341 1 31627 7 5 2 2
912 0 7047 20 20 3313 3299
739 0 912 275 275 1563 1552
24031 0 7047 50 50 917 904
30204 1 7047 13 9 24 22
40812 0 17281 8519 8519 40021 40021
9906 1 36905 6 2 4 4
6743 0 8355 94 94 660 638
1538 0 8355 1527 1527 31816 31792
35277 1 27784 2 2 3 3
5869 1 26782 8 3 3 3
40813 0 19386 28553 28553 40231 40229
38378 1 22534 3 3 14 10
31576 0 30844 39922 39922 22028 22028
10205 1 10204 4 2 4 3
11177 1 37094 13 9 2 2
7045 1 2382 5 5 10 6
21977 5 16419 49 49 9380 9373
3364 1 3363 4 3 5 3
3528 0 10834 56 56 142 139
17960 4 24312 30 26 1 1
27223 1 20426 2 2 3 2
24636 1 6535 5 4 5 4
23949 5 212 1 1 46 18
27657 5 828 6 5 299 285
1410 1 24564 8870 8870 8464 8463
3066 0 8076 793 793 3385 3377
18215 1 1414 3 2 23 12
10895 1 13973 9 4 8 8
3239 4 39144 198 147 13 13
3239 4 27881 170 120 15 15
3239 4 36428 123 74 6 6
18904 3 17353 4 3 3 2
7935 1 2201 9 6 7 5
17190 1 757 4 2 2 2
1415 1 32170 8 4 2 2
23786 1 2902 2 2 21 13
2029 1 18094 7 3 2 2
553 1 13871 4 2 5 3
24179 1 10508 3 2 2 2
25575 1 10508 2 2 3 2
27360 6 36837 2 2 12 12
31841 0 19545 7170 7170 39641 39640
33840 0 1754 1066 1066 17816 17804
40875 2 1754 282 282 40282 40276
38079 2 1754 29 28 549 544
40815 0 39071 17471 17471 40585 40583
29342 0 8978 8875 8875 33589 33573
6890 0 36281 3971 3971 5048 5048
8040 1 21358 23 19 4 3
10520 0 24854 7154 7154 14445 14445
28943 1 243 7 6 2 2
20030 0 13734 4649 4649 36616 36614
4563 0 12505 6 6 17 11
37725 0 23377 1 1 6 1
26865 1 19204 12 10 12 9
20288 6 29915 3 1 3 2
24515 2 20288 3 3 32 27
18855 0 2060 1 1 20 7
26308 5 18855 1119 1119 34799 34785
24430 0 2060 178 178 2741 2727
11475 1 13563 573 570 76 72
13563 1 11475 203 199 823 820
14231 0 7944 2888 2888 15297 15296
36007 6 17148 10847 10847 31048 31048
13350 0 29456 4 4 2 2
36696 5 9528 2 1 9 1
19256 5 9528 3 2 25 16
30889 0 33367 12497 12496 1356 1356
26734 0 2288 56 56 792 790
16979 4 35069 95 95 8 8
23628 0 2614 1231 1231 2858 2854
39567 0 4694 14 14 552 538
6695 0 32813 38074 38074 11714 11714
15469 0 6418 3 3 124 100
34418 1 25064 3 2 8 7
8727 1 8726 4 2 2 2
14189 1 23592 9 5 3 3
35545 1 14189 4 4 11 7
10877 1 11728 7 3 8 3
32814 0 4976 10 10 26 23
4165 3 25845 12 9 3 3
20625 1 7778 13 12 4 3
30076 0 10715 154 154 429 426
40816 0 14697 19531 19531 39878 39878
14697 1 31992 15 11 5 5
19191 1 27971 3 3 4 3
13842 0 11910 30256 30256 35467 35466
5985 6 10735 8 1 27 20
12732 3 28417 3 2 8 7
12732 1 26677 4 3 2 2
6204 1 6203 3 3 2 2
40817 0 19840 4603 4603 40215 40213
3387 0 19840 6149 6149 40286 40283
6550 1 2423 3 2 18 9
2423 1 24830 11 3 5 2
2924 4 30666 127 56 2 2
2924 4 2659 167 95 2 2
2924 4 29020 210 136 8 8
2924 4 36766 240 165 32 32
1379 1 25548 5 3 3 2
6265 1 1379 5 3 5 3
18135 3 294 25474 25471 24917 24917
2209 1 24141 44 40 11 10
15500 1 4546 2 2 6 3
15500 1 7996 3 2 4 2
31596 6 8773 24788 24788 24649 24649
40818 0 35587 17675 17675 36570 36570
34338 1 9890 2 2 10 2
14748 1 9890 2 2 12 3
9890 1 12054 13 4 6 5
40819 0 15962 9962 9962 35958 35957
16130 0 10326 690 690 5206 5204
40820 0 20319 30181 30181 40704 40703
11212 0 1856 550 550 16011 15997
14579 1 1856 4 3 8 4
28303 3 9776 3 3 7 5
9776 1 9775 3 2 2 2
561 0 5278 69 69 1166 1157
13724 4 995 169 168 89 89
154 1 153 3 3 10 7
5791 1 11553 7 5 7 5
24115 1 18755 3 2 6 4
28674 0 3041 543 543 13256 13249
40821 0 14864 29484 29484 40470 40465
17883 0 18836 970 970 3263 3261
40822 0 9367 17744 17744 40830 40807
40930 0 9367 6066 6066 40540 40518
7005 0 9367 21 21 4786 4766
26765 1 9367 4 3 10 6
2151 0 4180 2536 2535 2237 2235
40823 0 11638 22402 22402 40922 40905
18175 1 18573 6 4 4 2
24724 1 3969 7 4 9 7
3969 0 3582 301 301 4924 4897
17345 0 3969 1377 1377 12171 12167
34877 1 6582 4 2 10 3
6582 1 16956 14 6 15 11
26100 1 28248 3 3 6 4
33245 0 3980 2 2 9 7
4106 1 4105 9 7 2 2
584 1 28894 616 614 169 169
35143 1 33405 2 2 9 8
17003 0 479 1 1 37 27
9877 5 6166 1 1 38 2
30263 1 25760 3 3 3 2
30656 1 25760 3 3 2 2
1999 4 17069 156 149 5 5
18272 1 19427 4 2 4 2
29081 1 13187 2 2 6 3
16522 0 3780 8 8 532 496
26742 0 15839 102 102 15095 15092
1918 6 39340 601 594 81 81
11624 1 20815 5 4 5 3
13939 0 7027 14 14 15 10
5788 0 7027 1183 1183 372 366
40824 0 2657 2840 2840 40336 40329
1294 0 25140 1239 1239 15729 15726
21281 0 428 3179 3179 16112 16086
40911 0 428 20568 20568 40903 40876
39800 1 30816 4 4 12 11
12660 0 1095 2 1 12 1
17450 0 1095 817 817 17562 17550
11922 0 14898 367 367 1154 1136
23590 0 12772 13162 13162 28427 28424
3072 1 15159 10 6 9 6
24523 0 8582 36 36 2226 2219
188 6 29407 4 1 6 2
39603 4 27065 831 831 757 757
4691 1 14239 3 2 2 2
36188 1 4691 4 3 3 2
36501 0 4902 12553 12553 12773 12773
40022 0 6784 3 3 7 2
4121 1 17988 7 5 12 11
34845 5 10076 5 3 7 2
19999 4 35620 15 6 1 1
25642 0 31168 36 35 873 872
28192 2 3865 9 8 185 167
25039 0 2409 5 5 80 59
34598 0 2409 5 5 919 895
40825 0 22386 6859 6859 23256 23255
15804 0 10824 11 11 29 24
40826 0 30737 1640 1640 37502 37501
11678 4 24132 1313 1313 1971 1971
11178 1 14178 9 2 2 2
19319 1 11039 5 4 11 6
23526 0 9730 369 369 9501 9499
12960 0 23054 25245 25244 9542 9542
18237 1 14439 3 2 6 2
17375 6 39568 7 5 2 2
6955 0 2697 9 9 225 222
16533 0 2697 26 26 43 41
27268 1 11354 5 4 6 2
1968 1 1967 5 2 8 5
20914 0 1967 1 1 9 1
23271 0 7641 50 50 5 5
19684 3 19683 8 7 2 2
4983 6 33006 2 2 2 2
17534 9 12584 4 3 2 2
6871 1 18043 1631 1629 57 56
5628 7 18994 30698 30665 8 8
2502 1 20104 5 2 4 3
15657 0 4985 504 504 161 159
34914 1 6434 2 2 5 2
39981 0 306 86 86 36915 36898
21026 0 306 2 2 91 75
37154 5 9269 854 854 21470 21467
9073 1 5502 3 2 6 4
30127 0 1623 166 166 6887 6884
16304 0 30127 21038 21038 29429 29429
16980 1 4548 4 2 5 2
469 0 14498 3 3 55 45
9243 6 35214 59 55 2 2
36148 4 23121 515 514 162 162
3358 1 4743 12 4 7 5
9720 0 4743 13 13 110 100
40888 0 4743 225 225 40032 40021
2064 1 2154 2 2 3 2
22278 1 35919 2 2 2 2
36060 0 14935 5514 5514 34540 34531
27146 5 11426 2 2 95 85
3169 0 3813 2 2 46 28
3823 1 3813 3 3 9 4
20664 4 26988 481 479 6 6
6374 1 11133 4 3 4 2
33074 2 7 3 3 669 632
18961 2 7 1 1 38 3
17395 0 7902 4364 4364 13537 13534
22908 1 5606 11 8 7 5
10254 1 10253 4 3 5 4
40906 0 10253 21809 21809 40782 40768
14113 1 5076 2 2 11 7
36403 1 10838 2 2 9 8
14974 0 14973 75 75 463 455
14973 3 19845 8 6 4 4
40831 0 4593 2187 2187 32472 32472
31084 1 27014 2 2 5 3
12467 4 39860 7 2 1 1
40832 0 6630 606 606 39418 39414
26778 4 2803 406 406 471 471
3765 1 28497 3 2 3 3
20691 1 4936 2 2 12 9
7886 0 12463 46 46 6796 6790
14999 4 31316 2989 2989 1736 1736
22172 0 11068 134 134 101 87
454 3 16514 9 7 17 15
3025 1 16514 4 3 8 7
29578 0 15788 14343 14343 27121 27120
23802 0 21987 49 49 32861 32858
21987 0 20963 1347 1347 33922 33921
11759 2 10987 3 3 5 4
38689 0 12894 10907 10907 39783 39773
40834 0 14087 19807 19807 38934 38934
14853 1 5935 2 2 4 2
4044 4 31152 523 523 18 18
29372 0 24630 16 16 1346 1341
24630 0 22399 11791 11791 39405 39404
19479 5 4701 1 1 27 5
8240 5 4701 1 1 23 2
33163 5 4554 2 1 9 2
29553 1 26733 2 2 2 2
29553 0 8837 3840 3840 16081 16079
6792 1 14058 5 4 10 8
21282 0 15062 10879 10879 3640 3640
23036 4 36472 656 650 17 17
5783 4 23036 381 372 3 3
40835 0 40836 12869 12869 5605 5605
18778 6 32930 524 523 9 9
18778 0 5314 13 13 1863 1836
24621 2 17930 4 1 10 1
27989 2 17930 5 3 14 4
26041 0 4289 6 6 2 2
16899 4 24507 326 326 130 130
14917 3 17826 6 3 3 2
30990 9 28312 2 2 2 2
8980 1 3552 3 2 3 2
33079 0 3582 2718 2718 25785 25757
16497 1 26305 10 7 2 2
26368 1 8799 3 3 3 2
4480 1 32602 8 4 10 10
35059 0 27412 11 11 790 787
2645 4 29221 138 130 7 7
23462 0 5675 3074 3074 9225 9216
40853 0 23462 6787 6787 40082 40077
25133 5 5012 2 1 9 3
14927 4 5288 155 151 4 4
11058 2 6577 2 2 115 63
60 2 6577 2 2 105 54
7534 9 18226 10 9 3 3
10204 1 10208 4 3 3 2
5031 1 28475 4 4 4 2
15312 0 12860 13423 13423 22340 22340
21401 1 1933 2 2 18 11
12469 1 1992 9 4 3 2
18451 5 1238 2 1 9 2
37552 0 2655 7 7 20 16
2655 0 9806 627 627 6704 6698
40284 0 6614 4878 4878 35143 35120
3130 1 27019 8 5 3 2
23982 0 37653 11 11 3469 3467
20447 1 9918 4 2 3 2
15028 1 16314 6 3 11 6
15028 1 5116 4 2 12 6
40628 0 33021 4531 4531 39471 39471
3648 1 3647 6 5 7 4
19317 0 1107 19683 19683 36500 36490
830 1 21753 12 8 4 3
8270 1 9886 15 6 5 2
14780 1 6419 13 9 4 3
40837 0 15224 6836 6836 40194 40182
7188 0 11737 9 9 197 187
10277 1 32396 4 3 4 3
10277 1 2951 3 3 11 6
15054 1 2951 7 3 7 3
25047 0 19223 4177 4177 40117 40117
23871 0 918 5 5 232 225
40840 0 918 8862 8862 40836 40828
8168 0 13192 9721 9721 16262 16262
10293 1 12214 2 2 3 2
23642 0 26543 2264 2264 5487 5487
26543 1 12312 4 2 6 3
4913 4 20284 470 439 2 2
3331 5 16655 8 8 20 18
3331 1 35484 9 6 3 3
16739 1 16646 3 3 9 5
6726 1 5782 10 6 2 2
6726 3 6725 70 68 9 9
11335 1 6726 2 2 17 13
5491 1 1201 7 6 10 5
6549 1 14425 7 4 5 3
5544 1 3327 4 3 8 2
3403 1 6328 3 3 3 2
7229 4 37460 1001 984 39 39
20544 1 28902 5 3 3 2
3291 1 20544 8 4 5 3
530 1 21170 8 4 2 2
9371 1 9370 3 2 5 3
26061 0 9371 4201 4201 11165 11162
9371 0 5623 1046 1046 30763 30761
21518 1 29527 3 3 6 4
35181 0 21518 2265 2265 34912 34909
36581 0 16397 558 557 76 76
3972 7 37089 10435 10358 2 2
8883 0 5790 166 166 27 27
38389 0 7334 4 4 26 24
27814 0 9178 17 17 978 976
10855 1 19155 2 2 3 2
10855 1 31116 31 30 263 262
1431 4 27265 151 135 3 3
27563 1 35599 2 2 2 2
1193 4 39361 17 6 1 1
39975 0 7068 813 813 20638 20630
3855 0 3909 2 2 12 5
28703 0 3909 25282 25282 33594 33586
11573 1 13583 6 5 9 6
40841 0 16266 2575 2575 40667 40644
2434 0 16266 2 1 23 2
40842 0 67 21594 21594 40759 40750
1154 0 18959 348 348 21511 21509
32397 0 13044 4784 4784 30232 30223
17819 1 653 3 2 6 5
37840 0 313 26 26 5980 5972
40843 0 3679 20636 20636 40486 40475
40843 4 5346 40760 40760 39765 39765
13988 0 168 223 223 3399 3394
38754 2 10661 12 11 119 116
29501 0 6358 6855 6855 40864 40862
29860 0 18587 13846 13846 1877 1877
33438 1 36858 2 2 4 3
36858 1 35629 4 3 3 3
12381 0 1474 60 60 4406 4392
2863 0 6499 3062 3062 600 599
7328 0 5714 29724 29724 24370 24369
14412 0 20621 252 252 15164 15163
35316 5 38173 20 18 7 6
20490 1 7847 6 5 4 3
21077 4 10657 229 228 69 69
10380 0 1964 7 7 34 32
17802 1 3847 3 2 6 5
29031 4 40721 40816 40815 23455 23455
29630 5 22311 1 1 7 3
14888 4 21122 185 176 24 24
14888 0 2518 1 1 68 1
819 1 7732 7 3 9 5
7100 4 29718 590 588 227 227
8077 1 7192 2 2 5 2
16136 1 39043 5 3 3 3
13225 1 15253 3 2 7 4
40844 0 6467 19332 19332 40863 40856
6069 0 37345 984 984 121 120
4895 0 8093 17573 17573 39572 39545
21558 1 13645 3 3 11 10
10544 6 38325 236 220 8 8
23888 0 1730 9 9 967 866
33667 0 1730 1 1 114 15
22133 0 1730 1 1 98 1
19623 0 1730 5 5 607 507
28603 4 38563 72 71 3 3
16620 1 2522 5 4 13 6
24900 3 5965 2 2 5 4
3989 4 18951 86 79 16 16
22965 1 167 7 5 8 6
35645 0 7367 5163 5163 1308 1308
36255 0 10055 1 1 7 1
1574 1 8899 11 6 7 5
21174 5 2295 137 137 34948 34845
34328 5 2295 88 88 9762 9661
28418 5 2295 28 28 31835 31733
34439 5 2295 6 6 1116 1016
40845 0 32455 7695 7695 40638 40637
35000 0 9668 1 1 30 14
32116 0 21176 88 88 5066 5064
23390 0 40586 38609 38609 35971 35971
40848 0 23390 5535 5535 37485 37482
19903 4 29357 271 271 70 70
35177 0 14481 199 199 265 265
12330 0 11599 32 32 6176 6170
3579 1 19372 6 5 4 2
9842 0 3579 369 369 33848 33836
22422 1 9505 4 3 6 2
15330 1 28910 5 4 4 4
22889 0 11852 1118 1118 37979 37970
29771 9 3592 4 4 6 6
25748 1 34204 2 2 2 2
1772 6 37182 114 110 25 25
15158 0 40846 40723 40723 37824 37824
40847 0 8407 14544 14544 40658 40658
35466 0 11507 2 2 6 3
12327 0 411 40 40 4210 4187
21952 4 9376 295 295 32 32
4177 6 5022 65 50 3 3
5040 0 220 4 4 35 26
20777 0 30968 24878 24878 7630 7629
17995 1 415 6 4 14 6
6540 0 6677 110 110 92 90
30360 1 7239 2 2 10 6
1226 4 33413 1244 1220 27 27
36259 5 860 5 5 9275 9203
30840 5 860 1 1 106 37
39831 1 4370 2 2 8 3
17244 1 15986 2 2 9 6
9116 4 34497 13 11 1 1
4771 4 11796 64 12 1 1
18918 0 15687 49 49 88 85
18918 6 31983 1658 1649 3 3
29544 0 6411 1341 1341 6475 6468
13258 1 515 2 2 18 11
7665 4 11919 220 215 15 15
8356 1 22637 18 11 7 4
17180 1 8356 2 2 15 8
39574 0 13157 5356 5356 40166 40163
20711 1 1090 7 6 6 2
32427 0 24062 8089 8089 20023 20022
40849 0 13412 2329 2329 40501 40496
4316 0 1500 2 2 84 58
29122 0 1500 4 4 95 68
29916 0 33246 94 94 3 3
33246 0 425 122 121 3296 3277
3714 1 3991 2 2 2 2
6702 1 4469 5 3 13 9
20629 0 10089 68 68 14 14
18423 1 20629 6 3 3 2
4855 1 19562 7 2 7 4
11423 1 4213 9 5 7 3
10241 0 10481 4029 4029 33907 33905
27097 0 10241 1114 1114 2216 2206
5125 6 35244 59 59 9 9
10842 1 11135 3 2 4 3
3451 1 3450 2 2 8 3
3450 1 6752 11 6 7 5
26219 0 15966 1711 1711 1734 1731
20729 0 30962 2543 2543 4957 4956
31196 0 30962 117 117 2556 2556
36881 0 119 716 716 7099 7061
119 0 2748 168 167 3294 3284
2323 1 23181 3 2 2 2
14339 9 16095 5 4 2 2
32957 0 5195 2 2 14 8
32623 1 5195 3 2 6 3
32917 0 9489 2473 2473 28094 28090
40688 0 3489 34749 34749 40796 40735
13220 2 6815 2 1 21 17
5097 1 27076 11 8 3 3
17030 1 2573 3 2 10 5
2573 1 9486 8 3 3 2
37807 1 30144 2 2 2 2
2521 1 38597 16 13 2 2
6946 1 8731 3 2 5 2
9873 9 35523 5 5 3 3
1071 6 14854 423 417 10 10
3398 4 14735 36 19 1 1
5855 1 7329 6 2 4 2
3929 1 27247 20 10 2 2
16292 1 29803 4 2 2 2
6578 0 5973 2219 2219 14327 14323
40850 0 1543 29927 29927 40740 40683
37429 1 32885 2 2 2 2
5932 1 5931 11 7 2 2
14336 1 2808 2 2 4 2
23816 0 13145 4 4 9 9
16675 0 11522 24530 24530 5934 5934
40851 0 14187 21745 21745 40553 40549
10755 4 22444 49 48 4 4
11129 1 13730 9 3 9 4
25343 1 13730 7 4 7 3
8639 0 3289 6 6 413 390
3289 6 36920 4488 4471 24 24
8776 1 1347 4 3 7 4
1347 1 4276 7 4 4 2
39300 0 1590 15 15 14657 14634
37068 1 22654 2 2 2 2
1801 1 21363 4 3 4 4
31983 0 35119 3545 3545 4594 4593
31983 6 2119 11743 11741 9578 9578
19488 0 3006 13598 13598 27910 27900
19488 1 38649 23764 23764 25611 25611
40852 0 6747 18448 18448 40015 40013
28133 0 18038 4 4 24 21
8634 9 19910 5 4 7 6
11304 0 19910 5 5 19 18
20413 0 1973 3 3 2706 2650
26353 1 4814 5 4 8 4
22355 0 11595 1357 1357 22514 22508
1588 1 19716 3 2 3 2
11612 1 21343 3 2 3 2
5569 1 10107 10 6 9 4
5923 1 5569 5 3 10 6
24840 0 14776 92 92 20 20
24031 4 32273 30925 30925 24812 24812
12006 1 23328 5 4 2 2
15403 4 40478 39 39 19 19
16346 0 16005 67 67 1646 1644
7668 1 35530 6 3 2 2
9434 4 40717 40714 40711 26598 26598
22914 1 3088 4 3 4 2
2945 9 2944 2 2 2 2
24743 1 24742 2 2 5 4
31284 1 19047 3 3 3 2
1664 1 16927 9 6 7 6
40307 0 4362 21749 21749 38674 38667
29218 1 4362 3 2 6 6
4362 0 8787 1 1 9 2
17040 8 37417 127 126 15 15
39206 0 12650 1 1 22 2
29976 5 5742 5 5 1944 1921
15635 5 5742 10 10 402 380
903 5 5742 1 1 76 55
17663 4 9378 172 168 5 5
20364 1 26993 9 8 3 3
27150 0 3232 2068 2068 21707 21700
40854 0 14981 36350 36350 38899 38895
40855 0 25028 28832 28832 40662 40662
40678 5 5841 5145 5145 40750 40737
26893 3 11921 29659 29657 10452 10452
38438 0 24102 1180 1180 20454 20450
22467 0 22049 11 11 278 275
15542 0 22049 1057 1057 2883 2879
40856 0 8153 31795 31795 40918 40899
36147 0 8153 236 236 6328 6310
10925 1 8153 10 8 15 13
34372 4 36708 34 34 54 54
7489 6 35302 77 72 10 9
9267 0 1292 647 647 19334 19329
5975 0 8327 208 208 21215 21206
112 6 23406 51 6 1 1
6559 1 18773 3 2 4 3
13687 1 7279 3 3 4 2
37981 0 904 51 51 323 311
15563 1 17861 5 2 6 3
24736 1 14901 3 2 3 3
7506 1 27215 18 10 2 2
28486 1 28485 2 2 2 2
22848 1 33665 3 2 4 3
15952 0 3163 4 4 79 39
9298 0 3163 1 1 40 1
28717 0 3163 1 1 39 1
17876 3 17875 2 2 2 2
22196 1 22195 2 2 2 2
13637 1 27685 5 2 2 2
10125 4 13911 340 338 3 3
4146 0 37135 30 30 213 211
31487 4 8818 317 317 1672 1672
36976 0 4550 63 63 2286 2188
24513 0 4550 4 4 112 18
27936 0 4550 3 3 327 230
12322 0 4550 5 5 115 20
40857 0 2021 22003 22003 40579 40526
27575 0 6658 37846 37846 22553 22541
19537 9 28961 4 4 3 3
1070 0 17546 1071 1071 9305 9301
9755 1 9754 2 2 4 2
769 1 9754 2 2 5 2
40381 0 34906 15550 15550 782 782
15427 0 134 775 775 7498 7484
134 1 2633 6 3 2 2
1511 0 15914 7064 7064 2470 2467
5005 1 28613 14 7 2 2
18503 1 5005 3 2 10 3
40140 0 27752 2 1 9 6
16225 4 4698 255 252 15 15
40858 0 15284 22125 22125 40680 40674
628 1 627 3 2 3 2
16800 4 32120 51 51 87 87
25305 0 2099 2 2 31 4
13821 1 13530 7 6 7 6
16002 1 36632 11 8 4 3
40859 0 37052 6530 6530 40654 40653
6188 4 24112 60 44 1 1
6188 4 24347 93 75 1 1
15067 0 18496 19934 19934 39063 39063
29361 1 18956 3 3 4 3
10119 1 25492 8 3 5 3
28682 1 6956 2 2 2 2
22077 5 6956 2 2 663 644
720 9 26603 3 2 4 3
18029 0 8812 2 2 38 37
36166 1 16798 2 2 3 3
30646 4 33263 1586 1586 92 92
10063 0 8348 40704 40704 39653 39646
28320 1 27155 3 2 3 2
27155 1 29136 4 3 10 9
737 0 704 3412 3412 12226 12225
16207 1 16206 2 2 4 4
37148 0 23650 6535 6535 13173 13173
33954 1 14292 2 2 7 6
29886 1 28685 3 2 5 3
9855 6 33387 37 13 4 1
3785 0 28084 38777 38777 16652 16652
20088 5 3785 18 18 2920 2904
32514 5 3785 1216 1216 31670 31652
6922 1 6921 8 4 8 2
6921 1 7885 14 8 12 7
7656 1 11492 3 2 3 2
16454 1 15118 8 3 6 3
27917 0 8192 4 4 16 13
27917 1 5927 18 17 40 35
5927 1 27917 89 84 15 14
4197 0 8050 811 811 31 28
4197 1 37513 10 5 2 2
25431 1 5635 3 3 10 6
15018 1 18772 4 2 2 2
9762 6 8948 5598 5594 4552 4552
30927 6 25532 9691 9691 7573 7573
19315 1 39214 3 2 2 2
39214 0 32965 3 3 2 2
18563 0 4302 873 873 14910 14908
21993 1 19504 19 14 2 2
9794 0 26796 4 3 6 6
40860 0 1945 11176 11176 40908 40884
13748 1 11108 9 7 6 5
4384 1 24793 5 4 3 2
10633 4 19550 769 769 3994 3994
27322 1 37139 2 2 2 2
40383 0 38168 160 160 206 206
7362 4 32362 14 1 1 1
22231 1 8513 2 2 13 12
40692 0 8924 2353 2353 40089 40080
1685 1 12089 5 2 2 2
450 4 4488 175 157 61 61
39094 5 3918 99 99 30381 30363
40914 5 3918 71 71 40466 40447
2315 0 3918 22 22 4543 4535
40869 0 3918 6305 6305 40728 40719
39375 4 35988 5 5 11 11
33362 0 724 3214 3214 32399 32380
4388 4 38068 36 25 1 1
24592 0 13837 2294 2294 15682 15678
4109 6 1349 45 41 5 4
20971 4 929 25934 25934 14763 14762
23939 0 929 2 2 178 167
2108 1 23830 7 4 3 2
137 1 39790 2 2 2 2
14471 4 26704 47 43 4 4
38379 0 2037 7065 7065 34722 34719
3297 1 2037 10 8 4 4
19597 1 29925 5 3 2 2
9472 3 9553 14080 14080 34709 34707
24002 1 31718 2 2 3 2
13378 4 37002 10 2 1 1
18672 8 18729 19 19 16 13
23066 0 10976 12408 12408 24288 24288
37193 0 36623 8235 8235 3373 3373
35461 0 15432 1717 1717 27808 27806
6086 1 37968 90 90 437 437
39988 0 6132 28993 28993 39768 39762
27635 0 6879 4467 4467 37368 37368
12792 1 18251 4 4 3 2
25299 0 17090 3404 3404 3161 3159
22804 0 9256 42 42 227 224
22046 1 449 2 2 4 2
26701 5 39164 32392 32392 30436 30436
33010 4 37752 981 980 409 409
17564 4 28570 1995 1995 1783 1783
14394 1 27202 2 2 3 2
40861 0 35307 39661 39661 36438 36438
36533 1 31832 2 2 3 2
1421 1 13698 11 9 3 3
1421 1 1420 16 13 3 3
15918 1 8898 3 2 3 3
39681 2 3869 2 2 172 140
13147 2 3869 3 3 112 81
29520 1 38175 2 2 2 2
7705 4 29204 2546 2539 124 124
31945 1 533 2 2 3 2
20267 1 11332 3 2 3 2
40862 0 6138 18046 18046 40755 40740
12405 1 2536 2 2 11 6
22145 0 267 9456 9456 20886 20862
12466 4 38408 230 208 3 3
12466 4 38825 104 84 1 1
16552 1 10073 3 2 2 2
31672 0 16442 8522 8522 387 387
34829 0 34921 5 5 44 42
6539 1 27537 12 7 2 2
24829 0 20017 86 86 1927 1922
28048 0 20017 2157 2157 39265 39259
40863 0 22831 26743 26743 40818 40813
9658 0 22831 6228 6227 9397 9393
17365 6 1148 34723 34723 31401 31401
11735 1 13906 3 2 2 2
10734 0 10886 3 3 23 9
1494 0 15383 19447 19447 24031 24029
31725 6 3983 89 89 95 94
3023 1 19162 2 2 5 3
28499 0 2833 2066 2066 12025 12010
4250 3 26422 5 4 5 3
14121 1 5862 7 5 9 4
1002 0 15449 514 514 172 167
14237 9 14236 2 2 3 3
40286 1 14159 2 2 4 3
1432 4 24308 64 48 19 19
29759 0 21793 8 8 7 6
40 0 9353 370 370 2526 2518
36532 1 36531 2 2 2 2
4832 1 7867 8 4 5 5
27716 6 14968 569 569 219 219
304 0 25231 29384 29384 32878 32877
8542 1 19421 6 2 2 2
30629 1 15712 2 2 4 3
20027 2 9746 1 1 51 40
26019 0 4682 2 2 10 6
15092 4 32205 19043 19038 706 706
13106 4 30126 110 99 28 28
7451 0 9653 6 6 3 3
14198 1 7551 5 5 10 2
19206 1 11656 9 6 7 3
938 1 29478 8 6 2 2
19923 0 13346 2 2 2082 2074
40895 0 13346 448 448 40067 40057
8767 0 2776 129 129 898 874
17206 0 4193 3916 3916 7196 7194
9026 1 21448 2 2 6 2
10884 1 23870 4 3 10 8
10884 0 12402 778 778 1577 1576
33656 0 17442 680 680 8941 8937
29844 1 36062 3 2 2 2
39433 6 40246 6 5 11 11
13370 4 32777 28 27 30 30
40865 0 34557 18779 18779 39675 39674
12307 1 5388 3 3 15 12
8628 3 1186 30 29 20 20
4299 0 1562 19 19 295 288
18208 6 35649 3257 3257 12168 12168
12758 0 980 9544 9544 23969 23968
26577 4 38800 17 17 12 12
40866 0 8678 9591 9591 40087 40084
32294 0 1897 241 241 35799 35725
6937 1 1897 5 2 13 6
9481 9 158 5 4 5 2
13100 9 9481 3 2 5 4
15588 1 15587 7 3 4 3
13773 0 27141 7 7 212 209
25916 0 16303 2 2 10 1
36297 0 16303 2 2 42 32
20354 1 18989 2 2 23 23
973 1 13336 9 7 32 26
5185 0 13336 441 441 6849 6845
9012 5 7786 2 2 132 113
33237 1 410 12 12 3 3
14633 6 31433 15829 15828 5889 5889
14633 6 8142 826 826 428 428
40867 0 339 13605 13605 40810 40807
3453 1 18417 10 4 2 2
8951 1 28285 4 2 3 2
1460 1 8951 4 4 6 4
8222 1 6150 7 3 8 7
8054 3 25795 7 5 4 4
6845 1 2779 6 5 7 7
19202 0 12252 308 308 7196 7189
20124 1 18592 4 4 7 4
20124 0 14100 135 135 3761 3757
30846 0 2941 6 6 161 160
39027 0 9415 10 10 15793 15781
23350 1 17390 2 2 3 2
8558 1 7530 5 4 6 4
40868 0 5700 1557 1557 27030 27030
32469 0 324 118 118 24746 24726
8545 0 324 1655 1655 8632 8613
25032 1 25031 3 2 2 2
38057 9 30720 2 2 2 2
2030 0 1832 2 2 12 2
1637 0 5616 2 2 15 7
9928 0 5616 268 268 1772 1763
1702 4 29665 13 9 11 11
36951 4 24229 45 43 7 7
6008 1 1041 2 2 3 2
14647 0 13213 10 9 2 2
699 1 22618 2 2 2 2
35907 4 37894 66 66 8 8
13383 1 2789 6 2 4 3
2713 6 7645 43 3 2 1
11577 1 7731 4 3 5 3
40870 0 1335 31042 31042 36421 36420
24483 1 12798 4 3 15 13
17309 0 30810 1238 1236 1157 1155
10156 1 963 6 3 6 4
2452 1 3976 7 3 8 4
2452 1 7086 6 3 10 3
40905 0 3387 20963 20963 40658 40644
7217 1 3387 3 2 3 3
8525 4 37769 347 345 20 20
35828 0 1364 7 7 196 166
26559 6 35828 40706 40706 4533 4533
16493 1 19237 3 2 26 19
2933 1 7202 5 2 8 3
6048 9 22594 21 20 2 2
29003 1 35415 5 2 2 2
20788 1 10332 6 4 3 2
5707 1 5706 2 2 6 4
29609 1 29608 2 2 2 2
22190 1 35891 12 9 5 4
22190 1 11262 4 2 12 10
9192 1 19649 7 2 2 2
26202 0 7136 13 13 198 197
36138 0 7877 5 2 61 58
23317 0 6977 700 700 15272 15237
40920 0 6977 12696 12696 40794 40758
36948 1 27706 2352 2352 6887 6886
34777 1 14753 2 2 3 2
1620 4 23845 16 1 1 1
12071 1 18026 10 6 2 2
8848 5 14818 1 1 16 2
11500 6 11034 34 28 6 4
16013 1 5367 11 8 6 4
10574 6 36868 9 5 11 10
18072 0 1880 14 14 1134 1119
7031 1 26802 6 3 3 2
32487 1 10667 5 3 5 3
28680 1 10686 2 2 3 2
9031 4 20091 55 36 6 6
37696 0 13023 61 61 6367 6359
5434 1 5433 5 2 4 3
24552 2 8531 582 581 9373 9370
35789 5 3276 8 8 7331 7300
31511 5 3276 524 524 37333 37301
39401 0 24275 21 20 1290 1278
27408 0 4448 3 2 15 7
13163 1 17198 4 2 3 2
8664 1 2489 3 2 9 4
2489 1 15398 10 5 2 2
25485 2 3943 1 1 34 2
38545 2 3943 1 1 31 1
36055 6 19589 3252 3252 22624 22624
19768 0 5156 14 14 1326 1294
26405 0 5156 1 1 43 12
17022 6 35666 1135 1132 264 264
17022 6 3619 534 532 44 44
4621 1 88 2 2 31 29
40873 0 28355 19092 19092 40379 40377
2460 9 9748 2 2 3 3
36214 0 573 2 2 405 366
40874 0 22716 32374 32374 37254 37254
25322 4 40518 80 80 19 19
2760 0 11134 98 98 1400 1394
4446 9 1807 12 9 7 7
11636 0 4446 52 52 1428 1427
36303 1 2876 2 2 2 2
37244 1 21630 2 2 4 2
38942 1 2626 21 21 328 325
31471 0 2626 12 12 88 87
3018 0 27173 8 8 2 2
26985 0 7600 37 37 656 650
37635 0 7600 15 15 36 31
8617 6 7587 621 610 137 137
24972 0 1142 668 668 13729 13727
680 7 38698 29723 29661 5 5
680 7 40901 40583 40520 56 56
6028 0 29623 38160 38160 30156 30156
29623 0 33835 15464 15464 35136 35133
36506 4 25083 37 37 13 13
7152 1 4236 3 2 5 3
22504 0 7152 2558 2558 20609 20604
40876 0 1295 3362 3362 39008 39002
21646 1 1295 3 2 6 2
22690 0 9531 4 4 108 104
34554 0 9531 96 96 1561 1556
701 1 25692 4 4 9 6
14347 1 5567 14 11 6 4
22500 1 15849 3 2 4 3
24584 6 29929 2 2 3 3
18192 4 1499 11 11 5 5
17820 1 654 6 3 7 2
23192 1 654 2 2 6 2
34164 0 21362 10964 10964 31224 31219
23961 0 6776 4 4 118 110
14951 5 6776 226 226 18847 18842
2111 1 35677 5 3 5 5
32320 1 16031 19950 19950 28608 28608
31261 4 13766 818 818 572 572
38116 9 9 3 3 11 10
40068 0 28942 27519 27519 5895 5895
21724 1 8592 8 4 4 2
4229 1 37036 25557 25553 2402 2402
29447 0 15913 4 4 22 17
16697 4 31051 24 20 6 6
5443 6 33646 19 1 3 2
13087 1 36310 4 3 3 2
22927 4 27025 416 416 110 110
24129 1 15215 3 2 3 2
24953 0 13135 157 157 10799 10790
22068 0 29955 40153 40153 3425 3425
6111 0 23960 10 10 10 8
6111 1 11198 8 4 2 2
2003 0 4127 2206 2206 36179 36175
40878 0 34399 17411 17411 39427 39423
26349 1 19291 9 8 3 2
15641 1 5982 8 4 5 3
21253 0 5982 8621 8621 38649 38649
3948 3 25669 2026 2022 92 92
40879 0 39495 27518 27518 26825 26825
10738 0 8594 2803 2803 1407 1401
40612 0 8594 2360 2360 40029 40022
12395 0 4161 6 6 417 389
40942 0 4161 31515 31515 40866 40837
26530 0 25605 36 36 15 14
25576 0 19971 6888 6888 40051 40045
3574 6 39280 25 21 1 1
35051 1 36988 2 2 2 2
19269 6 3870 3763 3762 419 419
26457 1 21879 7 7 5 4
16049 4 31756 196 194 13 13
26279 5 6146 4 4 1050 1038
31974 5 6146 6 6 845 834
22137 5 3531 1 1 44 22
15837 1 15836 2 2 2 2
3895 0 3721 32 32 276 241
23820 6 25420 7 3 2 1
23820 6 11103 8 3 3 2
28203 4 29473 557 553 128 128
2999 1 36067 6 3 2 2
11766 5 10754 1 1 26 7
40880 0 10330 17336 17336 40865 40860
29695 1 25945 2 2 4 4
15242 6 5534 3 1 3 1
16017 3 30757 5295 5293 5833 5832
9486 3 6190 35 31 7 7
10504 6 36780 981 974 150 150
31226 0 17728 2166 2166 20287 20278
8734 1 1538 3 2 2 2
29667 0 249 14 14 2049 2005
7681 0 249 8 8 2305 2260
1196 5 12328 77 77 39089 39072
29190 5 2139 60 60 23493 23466
9335 5 2139 4 4 984 960
13338 1 18054 6 4 5 5
19110 4 40436 26 26 26 26
1935 0 7945 24 24 5418 5395
1104 0 7945 3 2 55 34
32001 2 3539 302 302 1100 1099
7118 0 3978 33 33 219 198
27765 0 206 2502 2502 28495 28465
16624 9 15794 3 3 2 2
1966 4 24890 5160 5158 452 452
31338 0 8266 2 2 183 179
40221 5 73 1 1 62 7
3410 4 40221 550 549 26 26
29650 5 73 6 6 13306 13248
4984 0 73 3 3 54 43
7890 1 8556 8 4 4 2
32343 0 7890 3652 3652 24675 24658
4686 0 9935 6454 6454 19043 19027
1690 1 5111 16 4 3 2
23282 0 1690 992 991 5504 5494
10335 1 2363 2 2 15 8
19856 1 15917 3 2 3 2
15168 1 35514 2 2 2 2
40881 0 9334 2950 2950 40598 40593
28253 1 28252 2 2 3 2
11736 1 678 5 3 6 4
12371 1 20336 9 5 3 2
26039 1 31200 22353 22353 29204 29204
39168 1 23614 2 2 4 4
20692 1 21524 3 2 2 2
24359 1 36592 2 2 3 2
6740 1 6335 5 3 3 2
38194 0 6335 13878 13878 23274 23274
5315 0 18408 2 2 1 1
11605 4 40002 26 26 33 33
12921 1 24570 25 15 6 4
21374 1 12921 3 2 17 7
5134 2 4633 1 1 12 1
35877 0 85 2 2 518 285
23185 0 85 11 11 1607 1366
40756 0 85 20157 20157 40773 40525
26136 1 26135 3 3 4 4
37633 0 20754 4999 4999 23580 23579
40883 0 1222 15203 15203 40744 40730
40904 0 1222 11369 11369 40641 40628
19190 1 22874 3 2 5 2
14563 2 35454 40943 40941 2637 2637
12530 1 5329 2 2 3 2
37793 0 425 668 668 24517 24497
7112 1 21005 2 2 10 6
13785 6 30026 15258 15257 23997 23997
30892 1 27200 2 2 2 2
22309 1 11345 4 3 12 5
652 1 11489 9 4 3 2
21523 0 5914 3286 3286 21411 21407
19459 1 8641 4 4 34 30
103 0 9917 58 58 741 740
34367 1 30925 4 4 6 5
39210 0 36049 5331 5331 37024 37023
27244 6 22681 1202 1201 41 41
12608 4 21734 36 33 3 3
31281 1 6359 2 2 10 5
40153 0 6359 6298 6298 40119 40111
28257 1 28256 4 3 5 4
3741 6 11977 3 1 4 1
8455 0 14334 835 835 124 123
11170 1 606 11 5 5 3
9097 4 33963 178 177 147 147
15436 1 15435 5 4 4 4
9201 1 9200 5 3 4 3
6058 0 5378 115 115 15809 15795
5378 1 9054 6 3 8 3
24455 0 7235 47 47 15806 15801
40886 0 36491 20732 20732 34085 34084
27948 0 29072 6242 6242 38770 38766
2574 1 10949 12 8 9 5
15184 1 36822 4 4 4 3
17033 1 208 2 2 3 2
5633 0 4663 3121 3121 23845 23829
23779 0 17423 3411 3411 22751 22747
31140 0 1615 7 7 224 219
25999 1 31140 2 2 3 2
29071 0 25203 2020 2020 11408 11405
4929 4 37085 105 99 28 28
11962 4 5667 7 3 2 2
14732 6 18907 29392 29391 1063 1063
4582 0 23340 3440 3440 8788 8784
2940 0 23340 19 19 24 21
6093 10 24981 5 4 4 4
14001 0 36202 288 288 1235 1235
37407 0 19919 26 26 18172 18169
28934 0 6210 84 83 69 66
13298 1 26814 7 5 8 7
12356 1 20726 6 5 2 2
11679 7 15652 64 58 11 10
18992 0 780 5 5 241 233
12696 0 1750 9617 9617 21867 21865
22477 1 2282 8 3 2 2
17701 4 36065 234 234 5 5
20641 0 36866 20360 20359 34232 34231
31601 0 1352 18 18 2340 2334
36144 0 28533 3621 3621 4880 4880
22400 2 2183 6 6 311 280
39117 2 5348 19 18 9 7
12905 1 5832 6 4 5 4
16355 1 22399 2296 2291 2300 2300
8334 2 35737 965 965 6971 6970
13347 0 26570 1 1 5 3
40889 0 34949 4065 4065 39307 39307
12551 0 7485 58 58 400 399
3154 1 27514 7 5 2 2
35950 0 20760 7 7 37 32
20760 0 25127 1201 1201 10242 10241
23933 1 23098 10 9 42 39
12685 6 19180 22026 22020 226 226
12358 2 4168 5 5 33 23
7700 2 4168 3 3 13 4
35674 0 16517 16682 16682 38622 38621
6813 1 5175 4 2 2 2
7375 1 7374 6 4 4 3
40890 2 23906 11618 11618 40561 40561
21948 4 38918 1942 1942 1681 1681
17500 9 17499 3 3 3 3
6759 1 21078 6 3 3 2
11196 0 24534 4504 4504 1573 1570
16734 7 13678 9834 9830 48 48
865 1 17946 15 6 3 3
1821 6 39122 52 38 4 4
11630 1 31896 9 6 4 4
7284 1 17756 6 4 2 2
26770 5 6829 1 1 7 1
37565 1 22789 5 3 4 3
11926 1 11925 6 2 6 5
27446 1 22702 5 3 4 2
13999 0 37238 21 21 75 74
2050 6 30438 1400 1400 6691 6691
21493 0 24309 10749 10749 38852 38852
40891 0 13449 1689 1689 38846 38845
15390 1 38904 12744 12743 146 146
33146 1 2101 4 3 15 7
17987 3 17986 38 36 28 27
29746 3 17987 4 4 20 18
2692 0 10487 243 243 929 926
32902 1 29338 2 2 2 2
14511 6 11512 5134 5127 31 31
6117 1 683 2 2 12 6
25817 0 40019 14456 14456 35487 35487
39730 4 31900 740 740 3282 3282
14912 3 19439 19 16 4 4
34332 4 1842 54 50 7 7
29957 5 8285 216 216 9391 9387
8398 4 40398 475 475 255 255
13141 4 36356 67 55 7 7
24146 1 36079 3 2 3 3
12197 1 24146 6 3 3 2
8973 0 15567 6722 6722 7780 7779
2840 1 18631 4 3 2 2
4993 1 4648 4 3 14 5
15543 4 26788 660 660 6613 6613
9926 1 1976 5 3 5 3
40893 0 10088 3515 3515 40528 40523
18632 0 15264 2694 2693 28350 28347
25930 4 9684 121 116 61 61
39714 5 5407 2 2 816 791
31612 1 9688 4 4 4 3
1782 1 1781 4 3 15 11
34009 6 39128 65 62 33 32
25597 0 4132 3597 3597 39026 39016
16378 0 2054 1 1 18 2
12541 0 2054 1 1 26 9
2054 1 17904 2435 2435 3777 3776
18557 9 18725 2 2 2 2
40453 1 28165 2 2 5 3
7231 0 16733 34162 34162 10500 10500
17867 1 14085 4 3 5 4
36201 4 39259 1462 1461 7 7
17202 0 12720 13 13 227 218
28053 0 4049 527 527 18475 18461
25593 0 4049 683 683 29589 29574
4049 1 28361 2 2 5 3
22873 1 37187 10 3 2 2
37187 0 3391 4681 4681 25390 25386
30984 1 6485 5 3 8 6
12052 1 6794 3 2 5 2
6371 6 13857 9547 9542 414 413
1675 3 3261 8 4 3 2
32329 0 39076 8615 8615 2651 2651
1788 0 22163 4 4 30 26
8791 1 15310 4 3 12 6
13863 1 15310 17 9 8 3
3838 1 15310 4 2 13 6
36716 0 15310 412 412 3823 3823
23303 1 6584 3 2 29 23
9014 0 13840 1380 1380 19005 19000
9501 1 16279 7 6 8 7
9412 1 35482 14 10 2 2
26517 1 352 19 17 32 23
30651 1 30650 7 6 11 11
13606 0 5759 11 11 46 31
24242 4 40495 756 756 877 877
3024 1 8489 3 2 12 6
4914 4 5471 182 177 7 7
16649 0 11808 23 23 82 77
16580 1 16649 4 3 5 3
8882 1 30608 5 3 2 2
24380 6 4034 23 23 16 14
20967 1 38940 4117 4114 576 576
38940 1 20967 478 478 5529 5526
12345 4 32572 36 35 3 3
17336 1 6811 2 2 4 2
4393 0 21188 28 28 277 275
16082 0 19592 20922 20922 39025 39024
13599 4 38034 161 161 85 85
2399 3 852 6 4 3 3
26551 1 17969 5 3 8 6
19862 1 25685 11 7 3 3
33100 0 23835 11 11 69 63
38732 1 16818 4 4 13 11
30257 4 39983 116 116 28 28
2097 1 9439 6 2 6 2
8891 1 8890 2 2 6 3
10946 1 16189 77 74 12 11
23311 5 666 1 1 59 31
7605 1 16736 3 2 3 2
40896 0 23801 25869 25869 38890 38888
3152 1 34834 4 2 4 4
8027 0 17129 19697 19697 39456 39455
18036 1 23414 6 4 4 3
10896 1 5187 2 2 2 2
29378 0 14065 3 3 73 71
11268 1 18820 6 5 193 190
10603 3 7644 3 2 5 4
28163 6 33290 7 7 18 18
26372 1 2839 4 2 5 3
13731 1 3340 6 4 8 4
30635 1 27499 4 3 4 2
19561 2 12788 6 4 14 12
6316 1 14884 13 11 9 8
14884 1 6316 7 6 12 10
40071 0 542 25 25 779 766
24433 1 24432 4 3 2 2
8518 8 19686 93 88 25 25
36028 1 13581 3 3 15 13
23015 1 39472 3 2 2 2
29941 0 8121 35 35 61 56
11007 0 39628 3201 3201 2573 2572
38483 1 35975 2 2 2 2
27069 0 17594 7 7 4548 4547
31414 0 21528 168 168 167 164
10966 0 6448 38 38 1327 1323
7275 0 36151 16520 16520 22961 22960
10347 0 12311 2 2 49 38
40897 0 15992 19859 19859 40788 40783
29348 1 9181 2 2 12 7
181 4 20452 796 791 39 39
30056 0 13450 239 238 601 595
13510 0 34706 1010 1010 25267 25265
9041 1 8986 11 7 8 3
33052 1 6521 4 3 13 9
26934 4 36843 378 378 308 308
2778 1 2777 6 3 2 2
28399 9 24687 5 5 5 5
28399 0 7125 6 6 7 5
163 1 9522 10 6 6 5
38964 6 15538 4 2 4 2
36295 6 20656 32929 32929 28380 28380
7947 1 3044 6 3 10 3
24577 0 6103 3984 3984 13893 13890
39447 2 955 3 2 126 114
27080 0 35724 106 106 1596 1596
18317 0 16471 1735 1735 33944 33941
40899 0 1371 313 313 39825 39802
35847 0 1371 3 3 2480 2458
32447 6 14556 208 206 5 4
5046 5 5363 504 504 39254 39239
31855 0 1378 12 12 709 647
19994 0 1378 6 6 95 36
25740 0 1378 239 239 324 263
40676 0 1378 27787 27787 40930 40867
20832 0 2453 750 750 26570 26516
38637 0 35536 71 71 719 719
29542 6 38922 21 21 11 11
17578 1 8885 4 3 4 2
40900 0 3668 8028 8028 40833 40825
38879 4 40465 20 20 34 34
23645 1 3271 3 2 4 3
10717 1 23392 3 2 6 4
7129 6 37636 198 178 1 1
7129 6 39342 33 14 17 14
22752 1 11603 6 4 4 2
13171 0 2104 16564 16564 24934 24918
3840 4 25993 45 44 3 3
6976 1 6542 5 5 3 3
6504 0 17314 65 65 256 249
1218 1 18913 7 3 2 2
23637 1 22005 2 2 4 4
12259 4 40042 1980 1980 2384 2384
29053 0 31232 4 4 25 21
14841 1 11642 5 3 4 2
12434 1 11406 4 3 5 2
4571 1 19807 6 5 4 4
12516 1 16943 2 2 5 3
9471 1 28564 10 6 2 2
40902 0 30686 20764 20764 39566 39565
215 1 13069 32 27 5 4
28342 4 21955 1816 1816 685 685
4050 1 5908 4 3 2 2
10960 0 16571 7029 7029 5452 5451
3343 1 1512 6 2 4 3
15421 1 7039 7 2 6 5
40903 0 23890 20741 20741 40526 40525
18173 1 23932 3 2 6 4
26645 1 11702 2 2 2 2
15117 1 11702 2 2 3 2
7241 1 9423 4 2 2 2
15866 1 20662 3 2 5 2
308 1 23762 9 5 3 3
1602 1 20590 5 2 3 2
7541 1 7540 4 3 5 4
4015 0 32323 30676 30676 9197 9197
36003 2 3957 5 4 12 8
11479 0 4865 1104 1104 27660 27654
1202 0 14475 4815 4815 14016 14013
14612 1 19739 5 3 4 2
7024 0 6752 4540 4540 18676 18660
32853 0 5203 2897 2897 24333 24331
37253 0 40396 10512 10512 15738 15737
34648 0 16831 14 14 25 24
1613 1 3914 9 7 7 4
10826 0 26562 177 177 3320 3315
23101 1 12527 10 9 5 3
27830 0 8061 5787 5786 10269 10267
20864 1 6464 2 2 5 3
5262 6 29332 1461 1458 1202 1202
35821 0 16863 19076 19076 38332 38326
13407 1 4967 6 5 7 5
9713 1 18011 4 3 2 2
31393 4 27927 1583 1583 2822 2822
12347 1 13214 9 6 2 2
22063 1 36525 2 2 2 2
37425 0 4766 13094 13094 31058 31058
27152 4 38832 52 51 3 3
31830 5 24055 432 432 948 948
15799 6 17609 12 1 1 1
38974 0 621 114 114 9009 9008
17241 0 17150 3 3 4 3
2858 4 33960 59 28 1 1
26230 0 10765 4 4 52 45
19752 1 19897 9 5 7 5
38731 0 10922 15 15 1335 1332
30909 6 31031 15576 15576 32258 32258
40907 0 25161 19728 19728 30655 30653
36978 0 692 16 16 7013 6988
29708 0 692 2 2 159 136
20476 1 6724 1349 1348 8056 8054
40908 0 7921 3082 3082 40101 40101
2443 9 5163 7 6 3 3
12141 1 2443 3 3 7 4
7159 4 32394 177 175 33 33
9995 0 1520 8 8 528 518
3657 1 11758 7 7 959 955
687 6 27283 40244 40223 23117 23117
8662 0 716 3 3 67 29
7974 1 3145 7 4 6 4
24517 1 9302 3 3 7 5
7449 0 7095 13253 13252 2553 2553
31989 4 40175 261 261 16 16
40909 0 3338 10076 10076 40580 40572
19172 0 15730 27 26 11 10
15433 6 23550 21464 21461 137 137
15869 1 9418 6 4 7 6
27694 3 13419 3 3 5 4
21543 0 14367 5587 5587 13935 13929
5015 4 5256 39 32 11 11
16016 1 10865 3 2 2 2
2379 0 14652 7227 7227 16536 16536
40910 0 10662 1672 1672 40449 40441
13388 1 17572 4 3 3 2
38526 0 17405 7368 7368 24345 24337
9889 0 38560 22530 22530 38367 38366
11600 0 13047 3 3 24 16
40912 0 9931 18526 18526 40818 40818
36575 0 34172 11483 11483 9280 9277
19960 6 20910 36018 36017 8579 8579
10868 1 6529 4 2 9 6
25398 1 30292 2 2 4 2
13664 1 23487 7 5 5 4
40913 2 1214 69 69 40786 40767
13094 2 1214 3 1 35 17
16437 0 26208 12477 12477 18236 18234
22757 1 22756 3 2 3 3
40260 0 26108 2 2 7 5
32735 0 5654 2 2 104 101
3447 1 9780 9 4 5 4
14404 1 3447 3 2 9 4
7985 1 4209 4 4 8 5
40915 0 10407 36326 36326 40732 40732
6851 1 6468 8 7 11 7
15604 3 4192 19 19 19 19
9074 0 2243 2 2 15 14
16945 1 27937 2 2 2 2
37937 2 17319 2 1 5 2
17444 1 7040 2 2 3 2
24542 0 21434 3209 3209 9542 9541
19654 0 38248 8315 8315 257 257
40916 0 25194 16558 16558 40717 40716
3512 1 1507 6 3 3 3
35515 4 5683 3302 3302 5630 5630
26598 1 13630 3 3 13 13
3815 1 39428 4 2 3 3
4037 0 16708 2 2 389 385
29698 0 8868 4471 4470 2587 2586
15051 1 14230 3 3 13 9
1006 3 17460 5 4 18 14
20944 1 2415 4 2 11 7
9847 3 11802 5808 5801 762 762
19964 4 40677 40942 40939 33823 33823
23100 1 23574 4 3 4 3
21645 1 16026 5 3 5 3
3046 0 140 2665 2665 34819 34813
1732 6 23260 13 1 1 1
29279 4 22476 192 192 6 6
21641 0 8412 8124 8124 945 944
40283 0 13935 3961 3961 1926 1923
20075 1 5623 6 4 5 4
32173 0 25942 5 5 106 103
17114 1 9438 2 2 3 2
33419 4 28271 47 45 7 7
40917 0 5681 31015 31015 40618 40617
15907 1 15906 4 3 6 3
15906 1 26088 6 3 3 2
14098 4 39569 279 277 80 80
4725 1 3135 4 3 5 4
24645 1 21259 4 3 5 4
22111 1 25386 2 2 2 2
11499 1 5619 4 3 6 3
3068 1 3431 11 7 3 2
7765 1 7764 5 3 14 13
11813 1 30361 11 4 3 3
13330 1 4080 3 2 6 5
40919 0 27595 37033 37033 40936 40935
26579 0 27595 1362 1361 25923 25923
20569 1 7364 4 3 9 3
27835 1 30774 2 2 3 3
2212 6 39573 40144 40144 8780 8780
29644 1 22647 2 2 3 2
28102 1 13943 3 3 4 3
39806 0 4094 3364 3364 2078 2078
11333 0 1873 161 161 11005 10996
7708 1 7707 3 2 3 2
20826 6 37122 1694 1693 1873 1873
35116 1 2058 3 3 11 7
4697 1 3858 3 2 4 2
11455 4 7090 117 113 6 6
40921 0 10175 6583 6583 40653 40647
38431 1 28014 2 2 7 7
12033 1 19844 8 7 4 2
5245 0 33893 16495 16495 32526 32526
34222 0 38513 566 566 4967 4966
8695 1 8694 2 2 5 2
3104 1 3103 2 2 8 7
15438 1 11384 3 3 4 2
31721 1 24228 3 2 2 2
2370 4 3245 50 30 9 9
8754 1 6098 9 6 4 3
8754 1 4244 5 3 5 3
18988 0 27345 6 6 138 137
40923 0 13663 160 160 40197 40176
11049 0 722 2 2 12719 12711
38784 0 6570 1235 1235 20714 20699
16141 4 16183 23 21 6 6
496 1 32512 4 2 2 2
37743 1 14493 3 3 7 4
5090 1 38941 3 2 3 3
34217 1 30032 3 2 3 2
16865 1 8774 2 2 4 3
26008 1 24248 1008 1006 1195 1195
37763 1 3707 4 4 3 3
22457 6 34682 25763 25763 26666 26666
33138 1 11811 2 2 2 2
25767 4 33687 215 215 71 71
13958 4 28025 24 16 2 2
656 1 37010 6 4 10 10
10583 1 2117 9 5 11 4
20736 1 17537 32459 32459 29683 29682
10184 0 28333 265 265 207 203
38142 0 26564 32489 32489 7233 7233
3096 4 25112 237 229 40 40
15613 0 15381 3 3 90 86
22584 1 12684 3 3 4 2
10350 1 13671 4 2 3 3
7514 1 25165 4 2 3 2
25852 1 20593 2 2 3 2
14893 0 27550 208 208 2995 2995
22787 1 22786 3 3 3 2
5300 0 27067 1165 1164 8523 8523
622 0 8078 7 7 465 453
24444 8 33475 243 243 3332 3332
35002 0 19318 6684 6684 31142 31140
5466 0 115 1691 1691 24965 24949
19843 0 2682 3 3 26 25
22395 0 5140 1881 1881 11195 11191
20504 0 11647 8 8 7473 7464
11184 4 27448 14597 14588 156 156
33563 0 18375 14680 14680 171 171
19846 1 18645 30376 30374 17193 17192
23722 0 20561 6507 6507 4353 4353
36869 1 18872 2 2 9 4
1358 1 1357 8 6 3 3
13443 1 1717 4 2 4 2
9968 1 13305 5 4 8 4
6222 1 29825 5 4 4 3
19156 0 89 536 536 39193 39175
28882 9 3696 2 2 2 2
40924 0 22072 7224 7224 39479 39475
30066 1 7387 2 2 11 9
15533 0 7387 319 319 5984 5978
6506 6 39335 29 22 2 2
29368 0 40057 40634 40634 27468 27468
27225 6 33459 31 24 9 9
34773 0 34386 8695 8695 39554 39552
40449 0 1803 6859 6859 20773 20765
21774 6 9252 1440 1440 6149 6149
18483 1 17730 3 2 5 3
18247 1 33545 2 2 2 2
38623 0 5839 3252 3252 32098 32093
4359 1 29197 6 4 10 6
29197 1 13612 9 5 12 9
27198 1 6242 3 3 27 22
27447 1 4053 3 3 32 32
13806 1 28087 5 5 4 3
40925 0 19888 22189 22189 40742 40742
9983 4 21913 36 34 9 9
20348 0 11447 165 165 4 4
38036 0 1666 237 237 13607 13596
32679 0 34089 18205 18205 12550 12550
35965 4 17251 86 86 161 161
18481 6 27900 19276 19276 8897 8897
37628 1 32564 8 8 5 4
4466 1 21189 5 4 5 2
640 1 7220 4 3 8 7
24070 0 18975 20073 20073 20444 20442
2758 1 22165 2 2 5 4
4556 1 9927 5 3 7 3
40353 0 10745 1811 1811 15785 15780
19632 1 35311 2 2 2 2
39784 1 31199 2 2 2 2
4594 0 5891 21 21 705 701
4491 0 19288 3262 3262 15265 15263
30729 4 33668 877 877 591 591
34985 0 3925 2496 2496 10696 10692
28487 1 7168 45 45 8 4
26416 1 36198 4 2 2 2
34811 0 1272 190 190 5012 4995
3263 1 2390 4 2 6 3
11689 0 15537 4 4 21 18
28752 0 4416 3 3 17 16
27422 0 8663 100 100 6909 6907
5643 1 3754 3 2 3 2
11366 1 26527 12 8 9 6
24792 1 893 2 2 4 3
6657 1 21399 3 2 2 2
18566 1 6657 7 7 13 12
39413 0 5325 43 43 21865 21839
11969 1 26616 4 4 4 3
36488 1 6245 2 2 7 3
11151 1 17991 3 2 5 3
3136 1 16161 4 3 3 2
30980 0 3884 709 708 15649 15644
30250 1 32816 6 4 3 3
4638 1 29948 2 2 2 2
27855 0 9636 1457 1457 653 653
22777 1 35880 4 2 3 3
3901 1 1387 7 6 8 8
22243 0 13777 957 957 12959 12950
5542 1 30223 6 2 3 2
38033 0 20954 12680 12680 22451 22451
29753 0 15565 135 135 1489 1481
29266 4 13537 318 318 24 24
1937 6 25054 3123 3120 903 903
21124 0 14843 2729 2729 34628 34625
40927 0 290 25251 25251 40476 40430
31744 4 8674 85 84 17 17
40127 0 2558 89 88 1997 1982
2529 4 12558 158 151 12 12
7694 1 33571 9 6 3 3
22610 0 27194 10 9 111 106
30249 0 6066 25041 25041 33259 33258
658 0 13432 52 52 1824 1818
40928 0 9369 1121 1121 37435 37434
38434 0 9010 13796 13796 21515 21514
30241 6 28445 322 319 2 2
35998 1 12005 10 10 8 5
37809 2 18294 5572 5571 13597 13595
11424 1 34792 14 7 3 3
35840 0 11072 818 818 39625 39620
28978 1 22902 2 2 5 5
11576 6 38596 249 247 14 14
1930 4 36216 1741 1734 157 157
7939 1 10211 5 2 4 3
28794 4 27413 140 140 35 35
5741 0 1817 7933 7933 1167 1167
5741 6 31343 9 6 4 4
19214 6 3845 858 854 15 14
23468 1 1116 6 4 5 3
19251 1 13436 4 3 15 11
30832 0 17008 29078 29077 14314 14314
10086 1 10085 2 2 6 3
20123 1 21785 7 6 23 20
29801 1 16682 2 2 5 2
2714 6 17927 159 115 21 17
3544 6 29062 18 7 2 1
16737 0 2582 1377 1377 28168 28164
37791 0 27732 506 506 8168 8163
17526 4 11245 1320 1318 54 54
1533 0 604 1485 1485 12031 12020
39727 1 9142 2 2 18 13
13018 3 4849 5 3 3 2
32445 0 36854 73 73 13892 13890
30065 6 21979 88 88 1937 1934
1742 6 21979 8534 8534 29533 29529
23039 1 22926 14 12 3 3
32339 1 27741 4 3 4 2
17262 4 33581 310 309 77 77
26419 1 3896 2 2 3 2
2404 6 17683 350 348 26 26
33189 0 14812 2124 2124 25492 25488
26452 9 7754 403 403 4870 4869
19015 1 28438 5 2 6 3
12913 1 9397 3 3 4 2
40931 0 27727 5228 5228 39977 39976
1419 1 22014 6 4 4 3
22075 4 35020 310 309 496 496
14470 4 37913 65 64 22 22
28719 0 7960 5038 5038 25903 25903
8597 1 843 2 2 6 2
14278 0 7240 2125 2125 14763 14746
2970 0 8651 4118 4118 8660 8659
17407 6 4098 20280 20279 1691 1691
15599 5 6014 30 30 97 94
23298 0 37796 5 5 11 9
23743 4 1839 9446 9442 410 410
9242 1 9241 2 2 8 6
40932 0 8840 7625 7625 40471 40464
20097 1 39891 10 7 3 3
28366 1 34247 23 22 25 25
23644 0 37462 11288 11288 56 56
9572 9 9571 11 11 2 2
30724 1 28310 5 5 3 2
18933 4 6687 120 118 6 6
17759 0 2861 85 85 10478 10470
40933 0 15371 10574 10574 40593 40589
38707 1 6267 2 2 4 3
4208 1 4207 4 3 4 3
15219 1 38553 3 2 2 2
23158 4 15716 166 166 72 72
21950 1 27256 4 2 3 2
34499 0 3934 5030 5030 30537 30534
35578 1 3227 2 2 4 2
7908 1 6243 31 24 6 5
1914 6 14604 1027 1003 69 69
38010 0 30717 506 506 3629 3628
40934 0 22330 15341 15341 40302 40302
36509 0 1481 4292 4292 9973 9972
17630 1 5576 3 2 4 3
16260 4 1174 69 63 12 12
8162 2 27707 240 240 194 194
28523 9 16965 2 2 3 3
40935 0 16658 26736 26736 40856 40853
25614 0 86 69 69 1148 1145
18620 3 6300 3 2 4 3
10303 0 1380 3 3 30 15
37033 0 20187 1166 1166 8059 8058
26386 0 18443 1249 1249 98 98
38926 0 5480 12803 12803 35976 35975
29831 0 12577 3 2 14 7
15782 0 21097 1473 1473 39158 39155
22438 1 8094 4 4 4 2
40936 2 3999 4071 4071 40842 40801
1838 0 11464 4760 4760 22693 22691
14405 6 31106 620 617 554 554
38576 6 23883 19 19 398 398
17088 4 35425 27364 27364 1209 1209
849 10 13402 3 3 3 3
31905 1 5241 4 3 5 3
5409 0 9991 187 187 2307 2305
7245 0 31986 2592 2592 9263 9262
34983 1 16742 2 2 4 2
10762 1 12714 4 2 3 3
10953 0 273 95 95 1826 1812
26769 0 1194 4 4 9 7
12790 6 38666 22 21 19 18
20833 0 14547 2921 2921 25051 25051
31477 0 20633 7 7 94 92
25922 1 17748 8 6 3 2
35874 0 3549 7 7 101 86
24436 1 2798 2 2 9 8
25966 1 11230 2 2 6 4
16275 1 18980 9 7 11 7
7862 4 17841 225 222 8 8
12959 0 12265 968 968 15367 15367
40938 0 25310 9244 9244 36899 36897
35627 0 3269 1 1 10 7
18098 1 22245 13 7 2 2
35614 0 5846 1 1 32 2
29207 1 24456 4 3 7 4
1048 1 24443 5 4 5 4
22767 5 6095 1 1 8 5
12231 0 16476 2 2 10 4
19496 1 30112 4 4 7 4
40940 0 7382 741 741 40227 40224
8838 1 20614 5 2 3 2
30101 1 30632 5 3 7 5
9830 1 34527 3 2 3 2
40941 0 13946 23225 23225 39467 39465
28643 0 11339 3 3 313 309
13847 1 14386 4 3 8 6
27260 1 35256 5 4 3 2
35120 4 33416 235 232 22 22
6728 1 6727 18 8 5 3
