1678 7 40551 636 397 1 1
1678 7 18056 333 97 1 1
1678 7 30089 511 273 1 1
1678 7 36781 286 55 1 1
1678 7 18000 303 69 1 1
1678 7 9202 244 15 1 1
1678 7 26036 28135 27893 14 14
1678 7 35669 323 88 1 1
1678 7 40887 40535 40292 4 4
1678 7 38204 27690 27449 10 10
17935 9 35175 8 8 2 2
785 8 10116 12600 12147 38 38
785 8 37575 5650 5202 1 1
785 8 21817 29713 29245 24 24
785 8 18729 443 1 5 3
785 8 12268 10775 10325 1 1
785 8 29200 20180 19720 7 7
785 8 23537 26293 25827 52 52
785 8 6770 21117 20656 2 2
785 8 1493 5137 4690 1 1
785 8 28822 19890 19431 2 2
785 8 15703 19297 18839 166 166
785 8 8245 3499 3053 9 9
785 8 36761 18712 18256 11 11
785 8 155 22265 21800 5 5
785 8 39420 26960 26493 5 5
785 8 38749 13848 13394 6 6
785 7 11761 18397 18383 38 38
16176 4 33688 5838 5836 4423 4423
18671 0 11241 3 3 57 42
19621 0 11241 2 2 56 42
15582 0 4030 34 34 675 646
25033 0 4030 1 1 95 69
31351 0 4030 6 6 220 193
19165 0 2969 41 41 1279 1270
21012 1 19165 9 6 5 4
16748 6 29001 300 299 63 61
31740 0 1183 4 4 1381 1338
26184 1 32091 16944 16941 1510 1510
32091 1 26184 2051 2051 20449 20446
4194 1 6975 2 2 5 4
6975 1 3569 3 2 10 5
15602 0 4367 702 702 10812 10784
6546 0 4367 21 21 8914 8887
24512 1 24859 2 2 2 2
33182 0 5053 3692 3692 30387 30384
5945 6 10270 91 88 487 486
5109 0 22368 1450 1450 34765 34760
20774 0 8060 1912 1912 132 132
12274 1 9268 2 2 3 2
12842 1 15886 9 5 3 2
13394 1 3789 4 2 2 2
13394 0 3459 979 979 8221 8212
38200 3 8055 12 11 177 175
36698 0 586 6 6 2331 2253
13143 0 586 6 6 7740 7661
7684 1 586 3 2 8 3
586 3 772 81 71 8 7
586 3 3510 745 734 17 17
586 1 11276 8 2 4 2
38212 2 121 11 11 1430 930
34053 2 121 24 24 1336 839
21130 2 121 5 5 1084 594
22680 2 121 2 1 492 13
33440 2 121 5 5 1027 538
37929 2 121 8 8 1163 670
25514 2 121 15 15 1370 871
31531 2 121 3 3 1367 869
15287 2 121 15 15 1872 1367
30007 2 121 2 1 481 5
33594 2 121 4 4 1135 643
31050 2 121 31 31 1636 1133
10443 2 121 2 1 539 58
13776 2 121 2 1 476 3
28371 2 121 6 6 976 489
25046 2 121 5 5 985 497
29285 2 121 4 4 1170 676
29029 2 121 3 3 926 441
39017 2 121 1 1 740 258
36587 2 121 12 12 1791 1287
29042 2 121 14 14 3209 2702
20341 2 121 7 7 1294 798
33915 2 121 8 8 1116 625
14588 2 121 2 1 490 12
121 6 39924 123 119 444 444
40757 0 1311 135 135 40388 40371
40804 0 1311 1378 1378 40630 40612
1311 0 896 519 519 3402 3397
18270 1 18269 7 5 2 2
13049 0 4990 1 1 78 60
36351 0 4990 17 17 2260 2240
29179 1 10971 2 2 2 2
23886 0 6769 4 4 15 14
30612 0 4411 65 65 489 488
14866 0 3633 804 804 13149 13144
35748 0 11399 3719 3719 35297 35290
31413 0 15186 71 71 34 32
20145 0 11015 3641 3641 17479 17478
40728 5 914 232 232 40751 40458
28450 5 914 252 252 23293 23002
7848 5 914 1 1 558 277
35945 5 914 1 1 422 142
25546 5 914 4 4 11894 11604
38155 5 914 1 1 1591 1308
36490 5 914 3 3 8721 8432
31958 5 914 1 1 801 519
16022 5 914 78 77 2997 2710
1595 5 914 5 5 2200 1915
5734 1 377 5 3 6 5
22785 0 5734 925 925 792 791
1255 6 24915 15069 15069 38478 38478
14244 1 11981 2 2 7 4
19390 0 4369 343 343 2240 2221
15364 0 4369 77 77 11489 11469
6533 0 4369 1148 1148 18228 18206
20079 0 4369 8625 8625 25030 25007
3634 1 4369 7 4 2 2
10990 1 4301 7 2 3 2
16398 1 2783 5 4 10 3
2783 1 1316 13 6 8 4
31737 0 16660 2 1 14 1
40758 0 6286 8572 8572 40502 40490
36771 0 6286 60 60 193 182
23301 0 6286 151 151 129 119
6286 1 7865 2 2 3 2
40759 0 45 560 560 39873 39870
45 1 44 224 213 3 3
30663 4 40225 127 126 20 20
14235 0 20549 510 510 34335 34330
20549 1 8731 6 5 10 6
15727 0 20842 1457 1457 1377 1376
28017 0 10090 487 487 30799 30785
40795 0 10090 14335 14335 40761 40746
32851 1 11382 45 45 482 481
21858 0 14369 2 2 83 79
34003 0 20650 437 437 229 228
5656 1 624 4 3 11 6
624 1 34337 10 5 2 2
32035 1 33317 2 2 2 2
6074 0 11052 12821 12821 6524 6524
6074 1 6073 3 2 2 2
31355 4 35983 2921 2918 143 143
10203 0 23680 8761 8761 20431 20431
34114 4 1598 226 225 21 21
15430 4 617 28 13 3 1
617 6 23164 913 898 61 61
40760 0 3796 2187 2187 40553 40541
40898 0 3796 5116 5116 40413 40402
27089 0 25460 1 1 9 1
38920 0 20791 5209 5209 9455 9455
26740 0 15987 6 6 574 569
26740 5 4475 1 1 102 82
33592 0 3640 1 1 339 270
21749 0 16741 9 9 48 44
40287 6 21134 6 6 5 5
14022 1 6297 8 4 2 2
14504 1 14022 2 2 18 14
40761 0 448 14447 14447 40776 40751
23685 1 146 3 2 4 3
24780 0 39997 32085 32085 19626 19626
40762 0 1763 13575 13575 40637 40632
6572 1 6944 10 6 6 4
6944 0 1701 141 141 2770 2763
4031 1 9327 10 3 5 2
37067 1 10473 2 2 3 2
23647 0 1338 20 19 1440 1413
23277 0 13709 201 201 13096 13077
3947 0 12235 13 13 1405 1396
12250 1 12717 2 2 2 2
271 6 40026 1284 1257 94 94
14931 1 36099 566 564 1392 1391
36099 1 14931 622 621 289 287
36099 1 27949 2 2 3 2
14576 5 2971 23 23 889 825
13484 5 2971 1 1 65 3
7443 1 25067 7 4 4 3
16880 0 18633 8794 8794 21218 21211
16881 1 16880 3 3 5 3
17282 0 228 38 38 11100 11026
33871 0 228 45 45 15262 15186
40763 0 987 7987 7987 37665 37660
20046 0 4696 772 772 20397 20390
8415 2 7033 10 8 26 21
15870 1 18392 5 4 17 16
25017 9 18392 2 2 3 2
3787 1 8742 3 2 7 3
23980 0 3787 44 44 1110 1093
8742 1 19068 14 10 12 7
11482 1 10803 5 4 2 2
2901 0 30222 10547 10547 10031 10031
10757 0 3459 25 25 982 975
26302 0 3459 440 440 7462 7454
10581 4 27666 5962 5962 16885 16885
11449 2 6220 255 254 1148 1141
258 6 35861 10186 10182 576 576
25183 3 11235 1112 1112 7740 7739
15107 1 15106 2 2 2 2
20809 4 32820 749 731 26 26
20809 4 32206 939 920 38 38
4981 1 17073 4 2 3 2
16542 0 4523 32 31 123 121
40894 0 16542 573 573 37239 37237
10161 1 10160 4 3 22 19
10160 0 15134 593 593 5546 5539
26185 1 15249 2 2 2 2
1771 1 1770 10 6 4 3
1771 1 9610 26 20 8 5
1771 1 36226 19 14 2 2
24128 0 8842 719 719 9443 9440
26157 1 31405 4 3 3 2
31405 1 31404 4 3 2 2
6096 1 29574 122 119 3 3
31306 6 34770 251 251 5964 5964
65 9 439 2 2 2 2
9078 1 23938 4 3 3 2
10215 0 5164 7411 7410 30451 30441
1559 8 14508 85 67 3 2
1559 8 25902 25722 25703 40 40
23501 0 1668 559 559 26584 26513
20112 1 27611 2 2 2 2
29717 0 30926 8452 8452 37557 37556
40020 0 17095 3322 3322 34868 34867
23138 0 1929 1 1 228 3
38723 0 1929 1 1 225 2
27757 0 1929 1 1 238 10
35086 0 1929 1 1 221 1
20750 0 1929 1 1 222 1
38906 0 1929 1 1 227 3
18333 0 1929 1 1 232 5
15970 1 3369 3 2 4 2
8306 2 25327 2 1 23 16
25327 5 3250 281 281 7269 7257
32633 1 5596 5 4 8 4
30166 0 5644 7 7 1332 1314
3771 0 5644 16 16 1096 1079
36968 0 18425 6494 6494 19726 19723
4765 1 4764 3 2 8 4
17970 0 4765 196 196 3280 3275
13604 2 251 64 64 1005 996
37309 0 30216 2452 2452 8446 8446
38488 0 19873 11260 11260 31841 31840
21703 2 1136 4 3 198 130
37709 2 1136 4 3 508 439
29422 2 1136 3 2 146 79
34900 2 1136 9 8 536 466
4319 2 1136 8 8 1426 1355
35289 1 33808 2 2 3 2
7560 1 5488 3 2 8 4
40937 0 5488 5215 5215 35428 35425
13163 0 5488 8787 8787 6402 6400
3087 1 18847 3 2 2 2
27819 0 3087 1415 1415 8400 8385
29206 1 25712 3 2 2 2
4485 0 608 49 49 1563 1200
4485 1 4213 6 3 6 2
2562 0 608 13999 13999 20700 20319
40838 0 608 4836 4836 39414 39025
14223 0 608 688 688 8006 7639
9757 0 608 2855 2855 12480 12108
21406 0 608 2472 2472 15573 15196
20006 0 608 3578 3578 20921 20539
1328 0 608 77 77 14001 13627
30256 0 608 20 20 6257 5892
28595 0 608 11946 11946 30032 29648
40884 0 608 23613 23613 40361 39969
33590 0 608 160 160 8756 8387
40777 0 608 28977 28977 40510 40114
39245 0 608 20112 20112 30394 30009
40785 0 608 39542 39542 40773 40373
40793 0 608 25123 25123 40445 40050
40814 0 608 36832 36832 40808 40407
7793 0 608 567 567 10181 9810
37242 0 608 15630 15630 32877 32491
40830 0 608 18475 18475 40189 39799
40764 0 29777 27626 27626 40822 40820
13128 0 959 2 2 4097 4067
35052 0 959 15749 15749 31282 31250
14092 1 7130 4 3 8 6
40765 0 18 5562 5562 40582 40582
37609 0 25129 8620 8620 30022 30017
3268 1 10028 3 2 5 3
40766 0 35564 38300 38300 40197 40196
15729 1 12999 20 17 13 11
12999 1 15729 85 83 35 32
35258 4 25396 223 223 58 58
38187 1 29741 2 2 5 4
38187 0 2275 254 254 9768 9736
40767 0 15247 26579 26579 39568 39565
27131 1 17012 2 2 3 3
15936 0 23068 6 6 5 3
7803 1 13968 14 12 35 33
13968 1 7803 14 12 6 4
40572 0 32910 174 174 33682 33679
39830 0 32910 2 2 8 6
14004 0 25065 1 1 12 9
25065 0 4789 758 758 31379 31377
32733 0 248 14 14 130 121
10121 0 248 148 148 2073 2063
30194 0 7722 47 47 2873 2861
23606 0 4877 19 19 4148 4137
32247 0 4877 3 3 890 880
30622 0 2318 1 1 173 52
26982 0 2318 49 49 1239 1111
9320 0 2318 21 21 777 650
26224 0 2318 2504 2504 8496 8365
18713 0 2318 7 7 583 458
38875 0 2318 83 83 1633 1504
3443 1 12083 4 3 3 2
13887 0 3443 325 325 15833 15822
18271 0 3443 14 14 1735 1725
4423 0 24850 4 4 14 13
1038 4 13190 299 125 1 1
1038 4 40447 271 100 1 1
1038 4 33781 274 102 1 1
1038 4 31677 233 66 1 1
1038 4 7455 244 76 1 1
23751 4 8080 36 32 2 2
8080 4 23312 99 96 13 13
25625 5 2176 7 7 2356 2252
24036 5 2176 1 1 795 695
18415 5 2176 11 11 7491 7386
29637 0 28168 461 460 2415 2410
17924 0 7315 2589 2589 19166 19161
13300 0 11301 108 108 754 745
13300 6 14769 12751 12748 11439 11438
25115 0 11301 1068 1068 4854 4843
20438 0 11301 1884 1884 14760 14748
37862 0 11301 45 45 1157 1147
34851 4 31118 11 10 4 4
40242 0 24346 9213 9213 35400 35397
26644 1 4985 2 2 4 3
26644 1 16054 4 3 4 3
8110 0 12168 4 4 1042 1007
36165 0 12168 2680 2680 14089 14052
22455 6 27199 2807 2807 31751 31751
7288 1 36878 3 3 2 2
19322 5 7288 76 76 9025 9010
40768 0 1784 17688 17688 40749 40702
15769 0 1784 22 22 5873 5828
40438 0 1784 326 326 28470 28424
40839 0 1784 27731 27731 40845 40797
27441 0 25270 32864 32864 35493 35492
25270 0 6354 1972 1972 2903 2900
12380 1 20717 6 3 6 5
3729 0 20717 2585 2585 40297 40286
176 1 25906 1518 1517 14694 14691
25906 1 176 12162 12159 558 557
40769 0 10981 11545 11545 40587 40586
24894 0 7247 1 1 12 3
27000 0 7247 1080 1080 32904 32894
17047 0 13439 11960 11960 35811 35811
40770 0 3005 6844 6844 40583 40569
12076 1 3005 5 4 10 4
12740 4 40747 40305 40305 36288 36288
16545 1 14634 3 3 380 373
4313 1 3457 12 6 8 4
1482 0 13752 12427 12427 6935 6935
1482 1 35255 7 3 5 4
11251 1 13752 4 3 7 6
28721 1 22741 2 2 3 3
28721 0 15897 3 3 245 242
3761 0 8987 14556 14556 31432 31432
8987 3 23784 25254 25254 14415 14415
7280 1 26118 4 3 4 3
28912 1 26118 11 10 3 3
38386 0 1904 2 2 6 4
6607 1 11157 5 2 3 2
637 6 31616 831 790 23 23
637 6 39715 1134 1091 31 31
637 6 14054 261 222 3 3
637 6 39536 1346 1302 102 102
637 6 23571 374 334 2 2
637 6 40404 987 945 21 21
637 6 29851 1503 1458 56 56
5767 4 21704 363 345 2 2
3432 4 7926 1082 1080 283 283
3509 0 3407 30 30 56 53
13238 0 3407 28 28 134 130
26647 1 3407 5 4 14 9
24287 1 17938 3 2 8 6
36533 9 24287 3 3 110 109
17939 1 17938 2 2 4 3
9673 1 8487 11 8 8 5
7998 1 9673 3 2 3 2
8487 1 7998 6 4 29 26
3814 1 3548 7 4 2 2
23744 0 296 51 51 1996 1847
21505 0 296 2391 2391 22848 22696
7397 0 296 1 1 137 1
10506 0 296 1 1 139 1
38028 0 296 6 6 413 269
12013 0 296 2 2 1313 1166
15119 0 296 4 4 425 280
36945 0 296 32 32 3460 3309
36798 0 51 253 253 7649 7451
38369 0 51 30 30 3365 3169
40705 0 51 11271 11271 40606 40405
20387 0 51 97 97 2525 2330
40810 0 51 15506 15506 40676 40473
27837 0 51 2 2 568 376
5886 0 51 6 6 2519 2325
20051 1 20050 4 3 4 2
20861 1 5558 3 2 123 121
26868 0 6233 10 10 1285 1276
26868 1 5872 5 3 12 9
37434 0 917 644 644 16987 16984
25228 0 917 3244 3243 1403 1401
20402 0 16155 14610 14610 31373 31372
30004 0 2482 30 30 6120 6110
18986 0 2482 16 16 3670 3661
39024 0 29467 7040 7039 3191 3190
38724 0 29467 7528 7528 8927 8925
36561 5 129 2 2 5998 5954
1583 0 129 707 707 31732 31723
406 1 1287 9 7 23 15
23997 1 406 3 2 3 3
18173 1 1287 9 7 407 397
40882 0 1287 717 717 40420 40380
332 0 1287 10 10 558 520
18612 4 33576 24 5 1 1
18612 4 19325 67 46 1 1
12266 4 18612 17 10 1 1
5940 0 532 1 1 75 2
1521 0 532 1 1 78 2
40279 0 532 1 1 77 2
30426 0 532 1 1 76 2
15231 0 532 2 2 85 7
40771 0 10613 11832 11832 39065 39054
29184 1 22723 4 3 4 3
29184 1 30903 5 3 2 2
6386 0 26454 2520 2520 27219 27215
3277 1 37105 4 4 3 2
31630 0 33081 14171 14171 38721 38720
33081 0 3606 136 136 4731 4718
1354 1 1353 3 2 7 2
4940 6 40772 40542 40540 5711 5711
4385 0 4940 1277 1277 15837 15827
29446 0 4940 818 818 39393 39382
24366 1 7539 3 3 2 2
9683 6 40773 40250 40249 7396 7396
40773 0 2732 4061 4061 40153 40150
33864 0 13576 62 62 1020 1015
28351 1 685 2 2 3 3
35900 3 685 3 3 150 147
8053 1 32295 10 4 3 2
35212 0 8053 340 340 11696 11694
8643 0 1819 2 1 46 40
7117 1 8643 5 3 4 2
24594 5 1819 1 1 4446 4406
3210 5 1819 1 1 42 3
27467 0 31416 6648 6648 39673 39671
464 1 3675 2 2 121 115
3675 1 12232 12 6 3 2
3675 1 19310 7 2 5 4
4006 1 7203 6 3 4 3
1307 1 11050 3 2 17 8
10097 6 15251 19269 19269 5998 5998
21168 1 10097 3 2 4 2
23083 0 26718 16377 16377 25278 25278
21673 0 26120 5208 5208 20450 20449
26120 0 6426 5 5 146 138
24650 0 27939 9264 9264 26583 26579
38457 1 9568 4 4 4 3
27178 0 2497 2 2 2660 2565
31174 0 2497 8 8 15842 15742
19058 0 2497 19 19 3214 3118
23035 0 2497 15 15 3439 3342
5147 0 2497 157 157 8534 8436
5305 1 1 7 4 3 2
29442 1 5305 7 5 13 10
12784 4 1630 317 311 6 6
12784 4 5463 130 125 3 3
25315 1 20655 9 6 18 17
8198 0 20655 785 785 11930 11926
20655 1 5129 5 4 11 7
931 0 2275 3160 3160 19817 19783
11433 0 2275 4153 4153 17419 17386
14758 0 9787 16 16 8312 8293
36898 0 1686 93 93 7456 7449
40774 0 16369 14224 14224 39313 39308
17226 1 10110 2 2 3 2
27870 2 2023 11 11 735 684
18478 2 2023 27 27 1636 1583
11490 2 2023 23 23 1448 1396
20278 2 2023 77 77 14954 14900
16554 1 29212 4 2 3 2
29212 0 34093 16609 16609 1850 1850
36825 0 20796 1 1 100 95
5335 5 9988 118 118 8208 8206
29725 5 9988 355 355 37588 37585
1864 4 39744 218 138 7 7
1864 4 12986 238 157 3 3
1864 4 9221 202 123 6 6
1864 0 1703 1 1 32 1
12378 1 3604 7 6 8 4
9895 1 13428 7 3 2 2
15667 1 15666 2 2 4 2
2507 3 4435 1000 999 478 478
6789 9 2507 3 3 9 8
16918 1 2507 7 3 14 5
20071 4 20803 20 15 1 1
20849 1 14778 4 2 2 2
13053 1 24622 5 5 7 4
40284 1 24622 3 3 54 50
19366 0 20234 8666 8666 36845 36843
26315 0 19366 2 2 14 7
35882 2 2524 337 336 2097 2053
33234 2 2524 2 1 46 5
40939 2 2524 199 199 40466 40421
8199 0 15331 1998 1998 13988 13986
19502 1 12706 3 2 3 3
11732 1 7659 4 3 8 4
29649 0 11732 19082 19082 38435 38427
7659 1 7279 8 3 6 3
12815 4 27688 321 298 4 4
12815 4 20570 264 242 3 3
26871 0 2084 19564 19564 17271 17271
4955 6 15531 18 17 40 37
8178 1 11153 2 2 2 2
2181 6 20785 1075 1057 155 155
2181 6 11583 853 836 44 44
23792 0 30977 8 8 1397 1392
4102 4 38587 237 227 20 20
40775 0 35896 15023 15023 36721 36720
6696 1 21296 4 2 7 5
21295 1 6696 2 2 4 2
8023 1 21296 4 3 3 2
3303 0 10707 27061 27061 27213 27187
17408 0 4099 10913 10913 36228 36227
23226 0 34449 10727 10727 34830 34829
4136 1 4135 6 3 2 2
39465 0 16668 6584 6584 26230 26226
16257 0 23562 6788 6788 5830 5825
4227 6 32367 33263 33260 1923 1923
40607 0 4227 11870 11870 40640 40637
16679 1 16678 2 2 11 10
1122 9 23212 4 3 2 2
23212 0 2918 21 21 4390 4313
7532 1 7531 50 46 6 5
29273 1 14570 3 3 7 4
5949 0 3779 11 11 2723 2670
8913 0 3779 1226 1226 10315 10260
23795 2 2580 1 1 43 6
9939 2 2580 4 4 650 608
20115 2 2580 1 1 47 9
36622 2 2580 1 1 42 6
15250 5 2644 1 1 17 1
4951 1 5069 4 3 6 3
7948 1 8993 5 3 2 2
3755 1 18943 5 3 3 2
18943 1 30961 3 2 4 3
17857 1 11523 4 3 5 3
6924 4 37669 231 216 4 4
6924 4 25551 165 151 1 1
30696 4 40310 765 765 471 471
5259 0 9217 12 12 577 569
28032 0 5259 2105 2105 10280 10272
20159 4 23395 2930 2928 50 50
17347 4 20159 9509 9505 36 36
3882 4 10151 58 58 33 33
8811 0 2340 360 360 24333 24331
32387 0 8811 1391 1391 12455 12452
35192 0 2340 683 683 39180 39177
19066 6 13595 16341 16335 2479 2479
2887 0 2938 3 3 16 13
2887 1 7436 4 2 9 7
15497 1 2938 2 2 3 2
25015 4 28828 1030 1030 1120 1120
21810 4 25015 34 25 10 10
3850 0 160 15 15 2835 2794
15553 0 160 4 4 1541 1502
17933 0 160 128 128 11085 11043
30234 0 2731 2 2 40 13
46 0 14274 1945 1945 8509 8504
14834 1 16497 8 5 5 2
14834 1 8390 3 2 6 2
14834 1 5110 5 3 15 6
40922 0 14834 17968 17968 40586 40581
11673 1 5110 3 2 13 5
29358 0 2687 1 1 34 1
8288 0 2687 1 1 35 1
33791 0 2687 1 1 36 1
33543 0 40596 40745 40744 12806 12806
172 4 7119 31127 31126 32592 32592
35331 5 172 1 1 1134 791
28580 5 172 6 6 3810 3463
18603 5 172 13 13 19584 19225
36972 5 172 2 2 2245 1899
78 5 172 1 1 552 211
33614 5 172 1 1 1609 1264
35822 5 172 3 3 13171 12817
39121 5 172 3 3 8439 8089
22074 5 172 97 97 13900 13544
20314 5 172 14 14 6785 6436
1118 5 172 4 4 13918 13561
21326 1 23555 7 3 10 7
2173 6 38083 17 6 2 1
2173 6 18659 544 532 23 23
33947 4 39713 337 337 753 753
18377 3 4166 8 7 19 16
34858 0 18783 5860 5860 37841 37840
3968 1 5813 6 5 16 10
11261 1 5813 2 2 7 2
5813 1 31835 20 13 12 11
36714 0 38851 23400 23399 1238 1238
30857 0 30511 2708 2708 16289 16288
1365 1 15439 3 2 6 4
39987 0 81 2 2 2022 1975
36104 0 81 1 1 48 2
5785 0 26217 373 373 1225 1221
19380 0 26217 3 3 17 14
6787 1 26217 9 6 5 4
16634 0 9747 32 32 2110 2094
36078 1 7833 2 2 2 2
32975 0 9558 17870 17870 24004 24004
32975 1 32002 2 2 2 2
22353 1 15922 4 2 3 3
1604 1 6991 5 3 8 4
2547 1 14925 2 2 4 2
14212 0 14737 2 2 15 4
4130 0 3621 12 12 30 23
24323 0 3621 755 755 13408 13400
3621 0 9758 227 227 4189 4169
10319 4 33522 89 73 6 6
27683 1 39142 2 2 2 2
16503 1 110 3 3 6 2
40776 0 5310 12000 12000 40499 40489
25496 0 5310 4 3 170 161
1913 6 25274 203 198 26 25
33711 5 19257 2 1 8 1
32197 1 22383 3 3 5 5
23062 1 12031 33 33 4 3
26578 0 239 837 837 12499 12242
19936 0 239 13916 13916 29941 29677
40929 0 239 40338 40338 40938 40671
24226 0 239 5875 5875 15762 15503
20767 0 239 3673 3673 12636 12378
19429 0 239 1181 1181 11313 11059
32842 0 239 683 683 11260 11007
34670 0 239 30194 30194 31132 30867
23758 0 239 121 121 11938 11682
13023 0 239 1 1 494 249
16182 0 239 1923 1923 11786 11531
17401 0 239 71 71 9562 9311
34239 0 239 5 5 4422 4173
2069 1 15760 14 4 4 3
22182 1 3014 3 2 4 3
31096 1 15639 6 4 9 4
15639 1 29383 7 3 3 2
15639 1 207 9 4 4 2
13398 0 71 183 183 2200 2137
2736 4 13398 13908 13859 37 37
13398 4 7720 24 17 52 52
20939 0 2215 2 2 63 58
7946 1 1765 3 2 4 3
1947 0 1249 8 8 1494 1449
22728 1 16506 2 2 4 2
34810 9 22728 2 2 2 2
3254 0 2886 2237 2237 8064 8056
18890 4 37812 1064 1061 105 105
18890 4 28071 353 351 24 24
24803 4 28831 162 161 39 39
12939 1 23279 8 6 2 2
13702 1 12070 6 2 4 3
27600 0 7589 28 28 9192 9183
24117 1 1225 3 3 2 2
1110 0 20337 42 42 403 398
40926 0 20337 27236 27236 40804 40797
354 4 36395 138 135 2 2
24159 0 12803 12141 12141 31252 31252
26948 2 3620 3 3 235 210
37272 0 7800 42 42 4806 4795
23037 4 3762 2304 2302 74 74
33783 2 1326 171 171 3491 3354
22501 2 1326 1 1 202 69
31495 2 1326 1 1 1062 926
19086 2 1326 8 8 742 607
38740 2 1326 2 2 432 298
38719 2 1326 122 122 18485 18347
36238 0 1326 185 185 1862 1847
18160 0 1200 8086 8086 6238 6238
23552 1 10327 4 2 4 2
40037 0 19153 9275 9275 33367 33365
33552 0 40037 7129 7128 24207 24207
7751 0 3712 312 312 35005 34996
7196 0 3712 277 277 10639 10632
28826 1 3712 7 6 16 8
26351 6 25426 2853 2853 5750 5750
17946 0 26351 77 77 2755 2751
10124 0 25426 703 703 3161 3157
6974 6 17672 4290 4289 195 195
19506 1 15393 4 3 3 2
32325 0 17590 5 5 1952 1945
40778 2 26169 20482 20482 39875 39875
36197 4 29170 6869 6869 2299 2299
1264 1 22448 6 3 4 3
40779 2 1646 848 848 40597 40554
40782 2 1646 224 224 39296 39255
40780 0 379 151 151 39600 39583
40828 0 379 254 254 39674 39656
14490 1 12757 3 3 6 3
34243 0 1244 2 2 333 49
12545 0 1244 1 1 291 11
28964 0 1244 2 2 303 22
4871 0 1244 3 3 328 45
17807 0 1244 3 3 487 199
14487 0 1244 1 1 277 1
40781 0 4921 2971 2971 40255 40252
9372 1 1508 4 3 4 3
2261 4 19476 41 26 1 1
2261 4 18565 47 31 1 1
5771 4 39949 48 40 4 4
13951 1 3521 15 11 13 9
18299 1 274 6 5 12 5
15954 1 34113 58 55 11 11
17141 0 21055 3 3 5 2
13878 1 26428 6 3 4 3
35918 0 391 27 27 3783 3780
39002 1 39001 2 2 2 2
4532 1 26446 2 2 2 2
11891 5 16320 94 94 28940 28927
13955 1 11289 6 4 7 4
1592 1 17240 9 4 3 3
15523 0 2604 29 29 717 682
36776 0 2604 4939 4939 40176 40134
40872 0 2604 7357 7357 40587 40544
6989 0 2604 1688 1688 19576 19537
38136 0 2604 17 17 963 927
31426 1 2604 5 4 19 11
12623 1 6107 25 25 5 2
22297 1 8322 7 5 4 3
21592 1 22297 3 2 6 4
4547 1 21674 10 2 7 4
32040 1 4547 4 3 22 14
7982 1 20572 4 4 5 2
7983 3 7982 2 2 3 2
31376 2 743 1 1 677 573
32748 2 743 4 4 1161 1054
36118 2 743 84 84 2775 2666
743 6 9450 12 11 34 34
39780 0 2807 221 221 20218 20213
4722 0 2807 70 70 10362 10358
35415 0 2807 25953 25953 35322 35316
15011 0 1542 78 78 1283 1263
10421 1 10420 9 6 4 3
26009 0 265 2 2 453 195
9536 0 265 2 2 405 149
15205 0 265 1 1 253 2
36270 0 265 2 2 289 36
39375 0 265 2 2 801 542
12974 0 265 84 84 1374 1114
25076 0 265 8 8 1721 1460
19351 0 265 2 2 350 95
11480 2 1534 2 1 20 13
40783 0 4407 21457 21457 39769 39769
4407 1 39995 278 271 2 2
8464 1 8424 6 3 4 2
23763 1 3300 2 2 12 6
24479 1 23586 11 8 5 4
28656 0 21 1 1 71 4
38617 0 21 1 1 68 2
39259 0 21 80 80 4297 4228
6493 0 3567 10401 10401 22964 22962
21912 0 22347 139 139 629 628
24178 1 9908 7 2 2 2
22121 0 351 1 1 126 1
25316 1 746 5 3 8 7
3063 1 4791 49 44 156 153
11495 0 4791 52 52 12277 12263
36889 0 883 5 5 597 382
22017 0 883 4 4 623 407
39078 0 883 3 3 1691 1470
7495 0 883 144 144 2361 2139
7498 0 883 52 52 856 639
36527 0 883 2 2 459 246
31583 0 883 3 3 496 282
40784 0 14144 14044 14044 40689 40671
3408 6 8243 49 1 2 1
3408 6 8940 775 699 37 37
3408 8 38801 27647 27581 9 9
3408 8 28506 161 96 2 1
10233 4 38705 264 250 2 2
36048 6 18704 1982 1982 12692 12692
1046 7 36048 2853 2738 1 1
1962 1 1961 8 3 7 4
11585 3 21329 1549 1546 262 261
32391 1 11972 2 2 2 2
31739 4 18679 2076 2074 426 426
26785 1 7703 3 3 11 6
20520 1 6788 4 2 3 2
11565 1 37185 11 4 3 3
11565 1 12441 14 6 2 2
29689 1 11565 2 2 10 2
19922 0 8858 1247 1247 7646 7635
15795 6 39521 858 858 26217 26217
840 8 19493 13 1 3 1
840 8 36647 50 37 3 3
840 6 30428 3044 3031 94 94
26662 0 7523 4517 4517 27451 27448
26756 0 9311 71 71 3188 3177
12636 1 24788 8 4 2 2
20784 1 387 24789 24788 9401 9401
387 1 20784 9894 9894 24954 24953
12153 3 19756 264 263 2 2
13239 0 284 1139 1139 9352 9126
34758 0 284 1 1 221 1
35142 0 284 1 1 215 1
33324 0 284 1 1 214 1
24884 0 284 1 1 228 7
39131 0 284 2 2 260 37
26984 1 38840 5 3 2 2
9435 1 13227 6 3 14 7
5449 0 9435 4755 4755 581 580
31592 1 13227 5 5 60 52
23798 1 23297 2602 2599 1376 1375
21935 1 23297 3 2 2 2
4425 0 9880 8 8 623 614
17011 3 17169 19 17 57 53
7442 1 23836 4 2 5 3
7442 0 12505 827 827 7854 7846
23836 1 3274 5 3 4 2
17432 1 30826 2 2 2 2
11988 4 31236 17816 17815 449 449
31236 4 34496 76 75 3 3
1444 0 9048 6 6 1113 1098
5768 0 1444 111 111 1230 1195
39440 0 1444 183 183 3623 3587
20898 0 9048 33 33 28087 28067
2408 0 9048 254 254 6628 6610
33742 0 9048 1930 1930 20767 20748
38351 0 9048 7381 7381 29131 29110
6375 1 8324 4 3 2 2
37317 0 6230 3923 3923 29730 29729
10713 4 2207 3670 3665 82 82
40786 0 1672 31862 31862 40894 40858
40892 0 1672 13740 13740 40614 40579
28472 5 10737 73 73 5608 5605
10737 6 27038 3461 3457 5 5
21537 0 1027 1 1 153 3
35194 0 1027 4 4 764 611
39579 4 25695 4112 4112 329 329
12699 0 2137 37 37 70 58
27906 0 19986 16077 16077 38190 38187
19986 1 16852 8 6 5 3
30297 1 3771 6 5 7 5
39950 0 2362 3 3 143 141
16469 0 178 503 502 16477 16464
34721 0 178 66 65 11111 11099
9225 0 178 90 90 7511 7500
31063 0 2110 198 198 16214 16021
38241 0 2110 1020 1020 17125 16931
31237 0 2110 8 8 820 632
5590 0 2110 27 27 537 350
7272 1 33016 2 2 3 2
17837 0 7272 14 14 103 102
36109 1 33016 2 2 4 2
33016 1 33015 4 2 2 2
39272 0 12035 2 2 93 84
11022 6 27914 1224 1217 109 109
40787 0 5243 22092 22092 40120 40115
3741 1 18271 2 2 2 2
40788 2 593 835 835 40874 40848
27944 2 593 40 39 523 498
9102 2 593 12 10 47 23
40548 0 16045 15530 15529 5387 5386
758 1 10360 6 4 7 2
10360 1 10359 9 4 2 2
3223 0 3161 3 3 1627 1591
5881 1 18355 4 3 2 2
38969 0 16196 590 590 3513 3512
29347 0 1461 2218 2218 27510 27497
1650 1 16394 24958 24951 6371 6371
1650 1 16302 10 5 2 2
40174 1 1650 18724 18724 24661 24654
9952 1 37466 18 10 3 3
2245 0 2918 25 25 1351 1275
2245 1 2244 5 3 5 2
14233 0 2918 939 939 11134 11055
1079 0 2918 1788 1788 11087 11009
32727 1 24872 3 2 3 2
39701 0 5987 37476 37476 27067 27067
15176 1 18854 9 3 8 6
18854 0 7016 536 536 6146 6144
24327 0 3027 241 241 13493 13440
14366 0 24327 4480 4480 38233 38233
23190 1 13002 4 3 24 20
5729 1 20226 3 3 3 2
20226 0 13887 25035 25035 36298 36293
8274 1 8999 7 5 6 2
18181 1 8274 5 3 5 3
9428 1 8999 4 3 11 6
8511 1 31347 3 2 2 2
21811 0 278 1 1 180 2
33666 0 278 1 1 167 1
21874 0 278 1 1 176 1
29143 0 278 1 1 181 2
18106 0 278 1 1 173 1
39291 0 278 1 1 178 1
37756 0 278 1 1 191 10
511 0 15897 59 59 16 14
15736 0 1677 682 682 10529 10472
829 0 1677 101 101 4829 4773
27621 0 1677 13102 13102 20957 20898
29445 1 1550 4 3 7 4
18936 4 39578 15 14 1 1
34932 2 14540 10 9 72 68
647 1 6311 12 5 3 3
33210 6 17250 1549 1549 31629 31629
9637 5 1981 1 1 495 443
21619 5 1981 22 22 15968 15915
11643 3 3908 26324 26323 4544 4544
30998 1 7774 3 2 4 3
30998 1 2447 2 2 3 2
16669 2 916 2 1 237 95
8577 2 916 2 1 242 99
18018 2 916 2 1 279 135
35944 2 916 2 1 206 66
9258 2 916 2 1 343 198
34189 2 916 2 1 134 3
21737 0 2589 135 135 12527 12510
40303 0 2589 441 441 31494 31476
3167 1 6502 8 3 5 3
17014 2 3167 2 1 227 206
7204 1 3167 7 5 20 15
32383 0 427 1 1 72 3
13521 0 427 2 2 523 453
11437 0 427 498 498 3594 3523
16023 0 4958 6 6 85 83
5777 4 4318 46 32 2 1
5144 4 4318 96 93 9 7
4318 6 27523 1348 1344 405 405
19086 6 12484 6 2 7 4
12201 4 22304 62 57 18 18
10786 1 14577 5 3 12 10
20175 0 7143 190 190 4267 4261
1205 1 23424 5 3 4 3
35226 0 37189 45 43 59 57
19169 1 25362 4 3 4 3
14940 1 12227 3 2 5 3
12227 1 13800 5 3 4 2
2813 0 3170 1234 1234 4273 4273
3170 1 3169 33 30 8 8
35238 1 8601 3 3 16 14
36661 1 39486 5 4 2 2
17745 5 774 40 40 9029 8891
17745 2 1137 69 69 5010 4903
37417 5 774 1 1 134 1
29963 5 774 1 1 133 1
40735 5 774 205 205 40617 40477
23613 4 28865 68 64 2 2
24660 4 23613 1026 1023 207 207
6782 5 5167 2314 2314 39823 39803
34227 5 5167 135 135 19947 19928
5167 6 27267 18928 18927 8729 8729
40789 0 25921 2923 2923 40537 40537
18492 6 36549 56 55 3 3
864 1 14562 7 3 4 3
32699 0 14562 2761 2761 30981 30971
4521 1 25708 7 3 3 2
10559 1 10558 2 2 2 2
3083 0 26431 2398 2398 18428 18423
5974 0 9758 417 417 3844 3825
4522 0 9758 71 71 1473 1456
12683 0 9758 357 357 6393 6372
19 0 29519 900 900 464 462
38094 4 40790 40683 40683 34913 34913
36200 0 5055 15637 15636 25814 25814
204 1 3048 10 5 4 4
32488 1 204 5 4 11 6
40791 0 11084 3968 3968 40555 40537
33754 1 5275 2 2 3 2
32 4 32392 207 190 5 5
32 4 24489 115 100 2 2
12319 4 14836 74 69 8 8
27811 2 10916 12 11 19 14
30475 0 10916 7242 7242 7082 7082
15792 0 3763 2 2 1026 1021
8019 1 30805 10 6 5 4
2949 1 8019 5 2 10 6
30805 1 16646 16 14 24 20
35060 0 5892 2 2 408 401
11125 4 10606 1 1 1 1
25276 1 3926 4 3 13 8
13830 1 6490 963 957 209 209
13830 1 7308 8 3 4 3
6490 1 13830 69 69 162 156
1366 0 29 370 369 3412 3405
29 1 11186 4 2 3 2
6226 1 29 5 5 811 809
19987 4 11397 4881 4879 118 118
4506 1 9454 5 2 6 4
6037 0 39187 1826 1826 7985 7983
39187 0 11100 167 167 31864 31846
2381 2 12273 1 1 44 1
7324 2 12273 1 1 49 1
6513 0 650 701 701 1477 1436
37308 0 650 42 42 3082 3040
40792 0 9525 260 260 39969 39965
30839 1 10851 2 2 3 2
21181 5 232 37 36 724 715
11205 5 232 214 214 32834 32824
24984 0 232 453 453 13615 13609
38752 0 728 9182 9182 28658 28651
8716 6 31315 5790 5790 773 773
24013 1 23715 6 4 7 4
36734 5 985 2 2 500 434
7458 5 985 2 2 469 404
12641 0 39 3 3 521 312
7396 0 39 1 1 200 4
21862 0 39 1 1 202 4
21561 0 39 1 1 208 8
13466 0 39 1 1 198 3
17532 0 39 1 1 330 124
18621 0 39 1 1 271 69
1398 0 19101 7115 7115 26828 26826
13758 1 29291 6 5 9 6
4555 0 1115 829 829 14213 14204
39750 6 18050 557 557 26095 26094
11789 1 24319 136 136 5 4
24319 1 11789 5 4 3 3
7072 1 9237 38 32 8 7
13503 1 7072 4 3 10 4
25660 5 4520 3 3 1375 1371
38151 0 7155 448 448 2987 2981
4453 6 7580 27235 27229 1986 1986
7580 0 34614 70 70 584 583
26183 0 11186 1574 1574 25182 25179
35764 0 14617 9 9 110 109
4608 0 3699 14 14 1123 1104
40827 0 3699 25874 25874 40920 40899
8852 0 7403 11503 11503 29294 29289
8176 1 8852 14 12 3 2
193 6 27058 167 114 1 1
193 6 11869 152 100 1 1
193 6 18878 182 128 1 1
19842 4 22836 1027 1022 46 46
21930 1 21045 2 2 4 2
21930 0 12252 163 163 5144 5138
5745 1 14074 6 5 3 2
26613 1 9037 3 2 4 2
9037 0 3099 596 596 1500 1499
7396 4 28775 1594 1579 27 27
24578 3 23111 1830 1827 14 14
21061 1 25626 2 2 2 2
24011 0 12474 38359 38359 39602 39600
13829 1 16710 8 6 2 2
4185 1 13829 4 3 6 4
13829 3 25284 5 3 5 3
12211 0 6042 529 529 27985 27975
13978 1 2276 2 2 5 2
39294 4 26572 25054 25054 14705 14705
33294 0 3229 1 1 11 2
8108 0 3229 383 383 7374 7364
3229 1 22044 8 5 5 3
6633 7 40129 17524 17512 8 8
6633 7 12050 7294 7284 1 1
16200 0 1852 196 196 4685 4638
16201 1 16200 7 4 6 4
19710 6 10760 5 4 14 9
32734 1 3419 2 2 4 2
4779 1 14955 4 3 3 2
3716 1 1998 5 5 13 9
40577 0 3716 7831 7831 40624 40610
31620 0 3716 1019 1019 23088 23076
28941 0 3716 10454 10454 32298 32285
17519 0 3716 50 50 145 135
9620 0 3716 225 225 707 696
2915 1 12159 22 8 7 4
522 1 21041 6 4 4 2
522 1 13953 7 4 10 4
522 0 16646 9516 9516 39965 39965
32701 0 522 90 90 3552 3540
31153 0 36722 15815 15815 12915 12913
36722 0 1474 8095 8095 40183 40168
7592 1 9560 12 9 2 2
2035 1 8589 7 3 5 3
25494 1 8589 2 2 9 6
4666 1 4665 11 8 3 2
4665 0 6717 346 346 2697 2695
6144 1 19664 2 2 4 2
28456 2 1773 17 17 625 586
28456 6 22320 120 118 20 20
5443 2 1773 1 1 80 42
18213 1 18982 4 3 3 2
18716 0 37537 769 769 35769 35767
6882 9 10563 2 2 2 2
40794 0 32275 14927 14927 40324 40323
19296 1 6611 6 5 4 3
16065 0 36140 41 41 698 695
40829 0 16065 17921 17921 38536 38535
32071 1 23898 4 3 3 2
37285 0 184 1 1 357 58
39009 0 184 2 2 1111 808
3395 0 184 1 1 278 1
32164 0 184 1 1 289 2
34310 0 184 1 1 292 2
39279 0 184 1 1 285 1
11281 0 184 1 1 297 2
30773 0 184 2 2 436 135
15734 0 184 1 1 295 2
5209 0 184 2 2 895 593
16507 0 184 1 1 293 2
40030 0 184 1 1 286 1
1190 6 31657 26 14 1 1
1190 6 39319 49 36 7 7
17492 1 20700 3 2 3 3
16074 0 18268 1 1 6 1
21289 0 18268 1 1 7 1
14746 1 23603 829 828 2666 2664
7078 6 36019 5535 5535 605 605
7486 0 7078 335 335 506 498
4225 1 13633 10 5 7 4
4225 1 11780 7 3 5 3
754 1 2375 6 3 5 4
1823 7 36030 30 29 34 33
6054 0 4123 46 46 6931 6896
6054 3 1296 6177 6175 7632 7631
3215 0 7911 710 710 8383 8380
6678 1 7911 4 3 10 8
16802 1 8850 10 6 5 3
1076 1 1075 11 3 5 4
1076 1 27277 9 2 3 3
18470 1 18469 2 2 2 2
7673 1 10866 3 2 3 3
7673 1 8629 4 2 3 2
8644 1 14101 4 2 2 2
493 0 1629 7 7 312 301
2736 4 26470 58 14 1 1
2736 4 34726 63 18 1 1
2736 4 35146 175 127 15 15
2736 4 33515 68 22 1 1
35179 0 19119 328 328 7257 7256
13379 4 19119 992 989 121 121
28508 2 3843 11 9 54 26
40099 2 3843 23 22 1035 1006
9537 1 3843 2 2 6 2
25746 0 11870 22353 22353 19813 19813
26637 6 24424 623 623 3543 3543
15305 5 2978 2 2 3104 3035
10135 5 2978 35 35 15123 15053
14631 0 3275 1315 1315 5162 5156
1043 1 14631 35 32 52 46
39736 1 21554 2 2 21 20
39736 0 4427 190 190 13425 13403
8260 0 7895 28 28 657 653
16624 0 8260 14801 14801 35685 35683
36792 1 37816 2 2 2 2
40796 2 3317 687 687 40405 40372
11856 1 2643 3 3 11 9
8104 1 4274 5 2 2 2
8104 1 12438 6 2 3 3
9749 1 13574 5 3 4 3
40797 0 19420 20727 20727 40674 40672
24056 0 9777 10414 10414 35894 35893
12866 6 7036 174 174 110 110
19409 4 36350 10509 10509 81 81
28857 0 706 321 321 5149 5136
19163 0 18538 1264 1264 24818 24815
16614 1 25570 5 2 6 6
16614 1 8351 4 2 2 2
24052 1 24051 2 2 2 2
29706 4 499 56 56 247 247
34810 0 17502 34798 34798 23606 23606
40798 0 38876 32495 32495 37402 37402
26283 6 40443 3191 3191 9053 9053
32794 0 18895 2205 2205 34014 34006
3034 2 1137 1 1 107 3
19442 2 1137 1 1 104 2
26122 4 31544 56 50 5 5
17880 1 20417 3 2 4 3
3499 1 20417 3 2 2 2
20434 0 21190 6041 6041 4461 4460
13327 6 22210 2 2 51 51
40799 0 5636 33642 33642 38319 38319
14768 6 24252 12 11 50 48
9578 0 473 2412 2412 19831 19828
20196 1 21248 3 2 4 3
21248 9 11908 9 8 2 2
6765 1 27335 5 3 3 2
37410 0 27335 9389 9389 26104 26103
12725 1 21889 3 3 2 2
19754 0 4059 1 1 9 6
9461 4 12081 2 1 2 1
8574 0 5381 1372 1372 11939 11928
8574 1 8573 8 5 3 2
29585 1 8574 3 2 6 3
13699 0 5381 4093 4093 14761 14749
36608 0 123 1579 1579 9083 9075
24094 0 123 2781 2781 23690 23681
516 0 292 1 1 235 1
31393 0 292 1 1 275 35
14242 0 292 2 2 1019 770
33413 0 292 8 8 2387 2135
15177 0 292 1 1 232 1
39499 0 292 10 10 1577 1327
13524 0 292 1 1 302 59
31996 0 292 1 1 253 14
26845 0 292 1 1 292 50
14814 0 292 1 1 236 1
13283 1 2720 6 4 16 14
2720 1 5598 38 36 123 119
34387 1 26855 2 2 3 2
26856 1 26855 2 2 2 2
37173 4 10091 4488 4488 15717 15717
19951 0 20010 5023 5022 14959 14952
40800 0 28344 10596 10596 38546 38545
24652 0 26678 9166 9166 15930 15926
27632 0 31556 9 9 1216 1214
8336 6 2824 2270 2270 201 201
14255 1 19144 3 2 4 2
20014 0 14262 947 947 33626 33621
40801 0 16573 24383 24383 38968 38964
2360 1 4933 10 9 8 4
40802 0 39415 18468 18468 40810 40810
30541 0 22903 9102 9102 10969 10968
20618 1 9942 5 3 9 6
38150 0 712 327 327 19698 19693
25109 0 7757 263 263 202 200
40803 0 5646 6852 6852 40397 40393
1003 1 5646 11 9 9 5
35081 1 28378 2 2 2 2
11590 1 29649 9 7 2 2
39026 0 29817 6273 6273 35218 35216
13903 6 32368 1736 1732 122 122
30745 1 37402 5 4 13 13
10159 1 38458 11 8 2 2
27696 1 6690 3 3 30 21
28744 1 6690 2 2 10 3
20852 1 6690 2 2 19 11
40885 0 6690 13665 13665 40627 40619
16732 0 10532 599 599 14707 14702
6916 0 19429 5915 5915 3393 3393
10276 1 9887 7 3 6 3
4800 1 9900 6 4 6 4
19570 1 4800 3 2 4 2
17182 1 2190 2 2 2 2
4461 0 19310 133 133 2324 2316
1046 7 18091 15070 14951 3 3
1046 7 18788 14764 14646 1 1
1046 7 39181 27915 27793 4 3
37226 0 11964 1028 1028 12060 12058
11632 9 24469 73 72 8 8
40699 0 12729 6882 6882 40706 40691
14428 0 772 402 402 2390 2381
19055 0 772 3833 3833 39632 39622
40710 0 31312 14553 14553 40831 40829
11686 1 5336 8 3 7 3
30852 1 3198 2 2 5 3
29243 0 26808 17425 17425 38491 38491
21449 0 12858 13 13 77 73
12857 1 21449 9 6 4 3
3233 1 4145 6 4 4 2
19055 1 19054 2 2 2 2
8310 6 12531 16 7 3 1
7557 1 7633 6 4 6 5
17844 0 7120 1250 1250 15770 15767
1269 1 11040 4 3 7 3
11040 1 14848 9 5 4 2
26676 0 8201 193 193 19381 19368
28241 1 7436 2 2 4 3
18458 9 31641 10 10 4 3
31641 3 37842 3 2 2 2
25873 0 2795 24113 24113 29215 29214
17430 1 14006 4 3 5 2
13991 0 6823 2 2 134 128
19570 1 23428 4 2 12 10
8288 4 37118 146 144 11 11
40805 0 33924 31936 31936 40916 40915
25230 0 6253 928 928 1524 1519
15292 3 10198 9 9 19 17
39489 0 11666 13713 13713 22521 22503
39489 1 15557 2 2 12 10
37831 2 11666 40475 40475 23464 23464
15516 1 12820 4 2 3 2
34071 1 12820 9 7 28 26
4175 4 8602 51 45 2 2
24042 1 5537 2 2 2 2
19211 0 4744 6675 6675 5047 5044
31371 0 7474 2270 2270 40413 40405
27812 0 7474 850 850 5696 5689
28947 4 15200 640 640 156 156
18660 6 21000 40410 40410 38426 38426
15472 0 25385 16272 16272 37349 37346
12507 0 13404 1786 1786 19443 19438
26342 1 17895 12 10 23 21
2152 1 8496 2 2 5 2
39760 0 574 728 728 17287 17244
40877 0 574 38069 38069 40932 40886
35412 5 11510 4 4 3613 3594
2085 6 10383 7 1 1 1
14202 1 14201 2 2 6 2
1043 1 20085 5 3 3 2
40806 0 6850 5406 5406 40397 40372
40503 0 9914 7558 7558 24731 24729
14770 1 14307 3 2 4 2
32716 1 17183 2 2 3 2
35390 1 3256 2 2 3 2
4482 4 9719 80 76 13 13
20428 0 3527 5312 5312 30123 30106
3527 6 20663 10236 10236 192 192
30409 2 35441 25551 25551 1854 1854
11083 1 5302 18 18 3 2
23196 1 10129 2 2 4 2
1066 1 29752 7 5 2 2
40807 0 3538 10817 10817 40646 40633
22793 0 3538 2 2 30 18
6768 6 24640 1151 1148 815 813
6768 6 10205 38199 38195 6021 6021
2869 1 15125 6 4 6 4
29302 0 15125 1006 1006 2479 2477
9588 0 1406 13 13 1635 1625
18159 0 17493 125 125 428 422
21497 1 33875 7 5 2 2
20938 1 22485 4 3 5 3
13056 6 39139 344 342 20 20
23942 0 26928 23 23 2209 2207
28004 0 6478 5068 5068 3989 3987
4747 0 22951 1 1 6 2
20860 5 2566 47 47 20440 20423
7590 5 2566 20 20 12176 12160
20768 0 17402 291 291 319 317
35193 1 20768 5 5 8 7
8572 0 5856 67 67 2157 2132
17370 0 5856 2107 2107 17468 17440
31972 0 5856 40 40 7227 7200
17380 1 15779 4 3 4 3
27964 0 16186 925 925 26400 26394
15981 0 1328 5 5 81 68
26071 1 9303 5 4 17 14
9303 9 21981 3 3 3 3
38768 0 29318 239 239 20687 20683
36229 0 18254 1355 1355 17807 17790
1019 4 596 54 31 1 1
1019 4 8780 41 19 1 1
23239 1 15927 6 3 3 2
30477 1 23239 6 5 8 6
21996 6 20017 1311 1309 1515 1515
21996 6 11995 2382 2379 1207 1207
25766 0 22616 1413 1413 18717 18714
9455 0 23399 2453 2453 12695 12689
23000 6 39446 5598 5598 11618 11618
122 1 7516 9 3 9 4
11412 1 19152 4 3 3 3
8803 1 27429 3 2 2 2
15261 0 14295 4759 4759 25531 25530
25268 4 21905 84 82 2 2
15504 1 8591 15 11 5 2
8591 1 16989 5 2 3 3
15601 10 15600 3 3 2 2
31927 1 15601 2 2 3 2
34363 5 8522 6343 6343 39161 39161
33641 0 19894 19231 19231 3398 3397
33826 1 19127 2 2 3 2
39523 0 2723 195 195 23790 23753
39523 1 21345 2 2 33 32
7540 0 2723 182 182 26633 26595
4541 0 2723 105 105 21898 21862
28671 0 7444 1776 1775 6539 6536
40808 0 40809 40830 40830 39918 39918
26933 0 1475 282 282 9045 9025
35848 0 18654 203 203 4695 4691
19162 0 18654 1761 1761 8752 8747
29185 6 40731 40936 40935 39570 39570
3467 1 3466 3 2 3 2
15345 5 4450 85 85 15744 15738
7117 1 7049 4 3 4 2
32624 6 26608 903 902 931 931
2269 1 2268 5 3 7 5
30613 0 6961 8 8 19 17
2956 4 29945 406 402 82 82
40706 0 10059 17556 17556 40417 40414
3866 4 38485 142 134 9 9
3866 4 24189 111 104 3 3
9119 0 21826 32493 32493 35524 35524
18389 3 999 7 5 6 4
999 3 18389 5 3 7 5
35808 1 32154 34132 34132 12041 12041
37756 4 40810 40337 40337 16026 16026
20583 1 27612 3 3 2 2
1020 0 3141 1 1 50 1
28305 0 3141 1 1 51 1
6564 0 11337 10027 10027 2370 2369
23511 0 15656 2 2 108 82
5394 1 2601 2 2 3 2
19679 0 5394 328 328 1457 1450
2004 1 24164 10 5 2 2
2004 0 30642 3206 3206 12437 12436
25774 1 12289 5 2 48 42
24676 0 24224 1375 1375 3412 3411
23848 1 8714 5 4 11 7
17814 4 3175 21617 21616 2446 2446
17465 1 17464 4 3 2 2
22570 1 22569 2 2 3 2
6630 0 4722 97 97 1705 1697
1142 0 4722 1277 1277 9391 9382
23700 1 24343 3 2 3 3
9573 6 3123 1475 1475 4521 4499
15354 6 3123 73 73 5869 5846
14853 6 3123 82 81 1196 1175
6067 1 28605 2 2 2 2
8474 4 17327 10703 10703 1475 1475
30941 1 3753 5 3 7 4
30941 1 33174 3 2 4 3
11546 0 4442 6439 6439 23400 23366
6865 4 2298 89 85 13 13
1021 1 207 8 5 8 5
2872 0 17555 707 706 39920 39913
268 0 17555 522 522 31128 31122
40811 0 2664 10228 10228 40629 40613
40871 0 2664 20292 20292 40910 40893
2664 0 2624 116 116 1371 1364
35435 0 12605 1904 1904 2890 2887
29862 1 29861 2 2 3 2
31789 0 494 32712 32712 38693 38681
22923 0 28916 2320 2320 2860 2859
27985 1 27484 2 2 4 3
29410 0 16944 1194 1194 9443 9439
11888 0 36918 1048 1048 17453 17451
37558 2 741 2 2 126 80
28640 2 741 1 1 45 3
9021 2 741 1 1 52 9
22157 3 1791 4 3 6 4
22158 3 1791 4 2 3 2
8471 1 6302 3 2 2 2
32069 0 19823 1104 1104 12046 12044
38790 0 13 8415 8415 38957 38943
19437 1 22294 3 2 4 3
25022 1 32013 2 2 5 4
39553 0 4628 108 108 19 10
40833 0 4628 2162 2162 31783 31773
11144 1 2617 2 2 4 3
38399 1 1022 2 2 8 4
10536 1 36694 2 2 3 3
40178 1 1578 27322 27322 40198 40196
40864 0 1578 13936 13936 40603 40597
22410 1 37961 4 2 3 3
15647 4 32971 5804 5804 7482 7482
1708 0 8438 134 134 34751 34750
6124 1 5907 4 2 7 3
8270 1 6124 15 6 4 2
5826 1 10722 4 3 5 3
21697 0 2070 7307 7307 12403 12403
6530 1 22543 13 11 7 5
5932 1 21935 11 6 3 2
28875 3 5192 8 7 4 3
28676 3 28875 5 2 4 3
5178 1 14819 18 12 5 4
21092 0 5178 923 923 36625 36597
16318 0 5178 33960 33960 37471 37442
40918 0 5178 26569 26569 40864 40833
31349 1 5178 6 6 17 11
27341 1 31627 6 4 5 5
912 0 7047 17 17 4555 4541
739 0 912 3718 3718 16584 16573
24031 0 7047 22 22 1147 1134
30204 1 7047 12 8 25 23
40812 0 17281 17193 17193 40520 40520
9906 1 36905 7 3 5 5
6743 0 8355 1972 1972 8517 8495
1538 0 8355 764 764 26831 26808
35277 1 27784 2 2 3 3
5869 1 26782 7 2 2 2
40813 0 19386 11079 11079 38891 38889
38378 1 22534 2 2 7 3
31576 0 30844 40751 40751 18753 18753
10205 1 10204 4 2 9 8
11177 1 37094 15 11 2 2
7045 1 2382 3 3 10 6
21977 5 16419 5 5 1066 1059
3364 1 3363 5 4 7 5
3528 0 10834 2085 2085 18319 18316
17960 4 24312 210 206 10 10
27223 1 20426 2 2 3 2
24636 1 6535 4 3 3 2
23949 5 212 1 1 412 384
27657 5 828 11 10 961 947
1410 1 24564 21313 21313 12493 12492
3066 0 8076 1512 1512 9181 9173
18215 1 1414 5 4 175 164
10895 1 13973 13 8 26 26
3239 4 39144 172 121 4 4
3239 4 27881 170 120 5 5
3239 4 36428 62 13 2 2
18904 3 17353 3 2 3 2
7935 1 2201 7 4 6 4
17190 1 757 6 4 3 3
1415 1 32170 7 3 2 2
23786 1 2902 2 2 25 17
2029 1 18094 6 2 2 2
553 1 13871 5 3 7 5
24179 1 10508 5 4 2 2
25575 1 10508 2 2 5 4
27360 6 36837 24 24 239 239
31841 0 19545 13404 13404 38895 38894
33840 0 1754 481 481 20990 20978
40875 2 1754 247 247 40395 40389
38079 2 1754 22 21 432 427
40815 0 39071 28466 28466 40550 40548
29342 0 8978 1229 1229 19353 19337
6890 0 36281 833 833 2577 2577
8040 1 21358 37 33 6 5
10520 0 24854 15825 15825 22771 22771
28943 1 243 4 3 2 2
20030 0 13734 10990 10990 35806 35804
4563 0 12505 127 127 680 673
37725 0 23377 1 1 6 1
26865 1 19204 5 3 6 3
20288 6 29915 9 7 19 18
24515 2 20288 3 3 106 101
18855 0 2060 7 7 267 254
26308 5 18855 257 257 38775 38761
24430 0 2060 649 649 7744 7730
11475 1 13563 395 392 122 118
13563 1 11475 770 766 1225 1222
14231 0 7944 1739 1739 12144 12143
36007 6 17148 8951 8951 27192 27192
13350 0 29456 35 35 69 69
36696 5 9528 2 1 10 1
19256 5 9528 2 1 9 1
30889 0 33367 7079 7078 347 347
26734 0 2288 143 143 1453 1451
16979 4 35069 244 244 9 9
23628 0 2614 1453 1453 4322 4318
39567 0 4694 169 169 18484 18470
6695 0 32813 32741 32741 28881 28881
15469 0 6418 7 7 596 572
34418 1 25064 4 3 8 7
8727 1 8726 4 2 2 2
14189 1 23592 6 2 4 4
35545 1 14189 3 3 6 2
10877 1 11728 7 3 8 3
32814 0 4976 7 7 658 655
4165 3 25845 205 202 3 3
20625 1 7778 3 2 3 2
30076 0 10715 325 325 3304 3301
40816 0 14697 13127 13127 39723 39723
14697 1 31992 7 3 2 2
19191 1 27971 2 2 3 2
13842 0 11910 7337 7337 12588 12587
5985 6 10735 8 1 26 19
12732 3 28417 67 66 218 217
12732 1 26677 3 2 2 2
6204 1 6203 2 2 2 2
40817 0 19840 6673 6673 40346 40343
3387 0 19840 6048 6048 39624 39622
6550 1 2423 3 2 16 7
2423 1 24830 12 4 5 2
2924 4 30666 212 138 2 2
2924 4 2659 203 130 1 1
2924 4 29020 230 155 2 2
2924 4 36766 143 71 1 1
1379 1 25548 5 3 3 2
6265 1 1379 4 2 5 3
18135 3 294 37474 37471 16578 16578
2209 1 24141 33 29 9 8
15500 1 4546 2 2 6 3
15500 1 7996 6 5 6 4
31596 6 8773 26995 26995 38554 38554
40818 0 35587 31868 31868 37064 37064
34338 1 9890 4 4 15 7
14748 1 9890 4 4 28 19
9890 1 12054 87 78 6 5
40819 0 15962 21260 21260 39801 39800
16130 0 10326 18238 18238 27218 27216
40820 0 20319 765 765 37622 37621
11212 0 1856 1019 1019 22314 22300
14579 1 1856 7 6 53 49
28303 3 9776 4 4 870 868
9776 1 9775 3 2 2 2
561 0 5278 384 384 789 780
13724 4 995 150 149 70 70
154 1 153 3 3 8 5
5791 1 11553 5 3 6 4
24115 1 18755 3 2 4 3
28674 0 3041 8691 8691 32478 32471
40821 0 14864 20207 20207 38859 38854
17883 0 18836 1710 1710 11416 11414
40822 0 9367 24844 24844 40932 40909
40930 0 9367 13871 13871 40898 40876
7005 0 9367 45 45 10328 10307
26765 1 9367 4 3 9 5
2151 0 4180 20116 20115 24866 24864
40823 0 11638 9014 9014 40827 40810
18175 1 18573 8 6 4 2
24724 1 3969 7 4 5 3
3969 0 3582 34 34 911 885
17345 0 3969 1867 1867 13148 13144
34877 1 6582 4 2 10 3
6582 1 16956 11 4 8 4
26100 1 28248 2 2 7 5
33245 0 3980 2 2 12 10
4106 1 4105 6 4 2 2
584 1 28894 5971 5969 524 524
35143 1 33405 2 2 3 2
17003 0 479 7 7 504 494
9877 5 6166 1 1 6 1
30263 1 25760 3 3 3 2
30656 1 25760 3 3 2 2
1999 4 17069 110 103 3 3
18272 1 19427 4 2 4 2
29081 1 13187 2 2 9 6
16522 0 3780 1 1 331 295
26742 0 15839 39 39 10849 10846
1918 6 39340 1213 1206 141 141
11624 1 20815 4 3 4 2
13939 0 7027 55 55 125 120
5788 0 7027 6422 6422 21278 21272
40824 0 2657 11171 11171 40706 40699
1294 0 25140 5136 5136 39195 39192
21281 0 428 679 679 13292 13266
40911 0 428 12665 12665 40762 40735
39800 1 30816 2 2 5 4
12660 0 1095 218 217 2565 2554
17450 0 1095 711 711 11917 11905
11922 0 14898 73 73 1687 1669
23590 0 12772 11013 11013 24927 24924
3072 1 15159 14 10 10 7
24523 0 8582 21 21 1005 998
188 6 29407 5 2 11 7
39603 4 27065 817 817 1305 1305
4691 1 14239 3 2 4 4
36188 1 4691 4 3 3 2
36501 0 4902 11836 11836 10369 10369
40022 0 6784 2 2 296 291
4121 1 17988 22 20 12 11
34845 5 10076 45 43 56 51
19999 4 35620 221 212 5 5
25642 0 31168 523 522 2649 2648
28192 2 3865 2 1 40 22
25039 0 2409 239 239 1904 1881
34598 0 2409 43 43 13681 13657
40825 0 22386 24424 24424 37355 37354
15804 0 10824 187 187 1302 1297
40826 0 30737 11658 11658 38977 38976
11678 4 24132 1064 1064 375 375
11178 1 14178 18 11 3 3
19319 1 11039 5 4 10 5
23526 0 9730 8350 8350 27381 27379
12960 0 23054 35553 35552 24507 24507
18237 1 14439 5 4 8 3
17375 6 39568 17 15 2 2
6955 0 2697 75 75 2834 2831
16533 0 2697 591 591 1264 1262
27268 1 11354 5 4 6 2
1968 1 1967 5 2 7 4
20914 0 1967 4 4 14 6
23271 0 7641 1636 1636 11 11
19684 3 19683 111 110 2 2
4983 6 33006 2 2 3 3
17534 9 12584 5 4 3 3
6871 1 18043 4330 4328 2017 2016
5628 7 18994 30431 30398 8 8
2502 1 20104 5 2 3 2
15657 0 4985 4496 4496 13997 13995
34914 1 6434 2 2 11 8
39981 0 306 3712 3712 40361 40344
21026 0 306 54 54 1712 1696
37154 5 9269 4351 4351 25090 25087
9073 1 5502 3 2 4 2
30127 0 1623 1120 1120 37874 37871
16304 0 30127 3216 3216 4979 4979
16980 1 4548 4 2 6 3
469 0 14498 2 2 51 41
9243 6 35214 22 18 2 2
36148 4 23121 1956 1955 947 947
3358 1 4743 15 7 8 6
9720 0 4743 692 692 3176 3166
40888 0 4743 9416 9416 40649 40638
2064 1 2154 2 2 3 2
22278 1 35919 2 2 2 2
36060 0 14935 10129 10129 39782 39773
27146 5 11426 2 2 3922 3912
3169 0 3813 26 26 982 964
3823 1 3813 3 3 110 105
20664 4 26988 2839 2837 66 66
6374 1 11133 3 2 5 3
33074 2 7 2 2 565 528
18961 2 7 1 1 36 1
17395 0 7902 3464 3464 6419 6416
22908 1 5606 7 4 4 2
10254 1 10253 4 3 31 30
40906 0 10253 11867 11867 40727 40713
14113 1 5076 2 2 37 33
36403 1 10838 3 3 3 2
14974 0 14973 770 770 4121 4113
14973 3 19845 8 6 4 4
40831 0 4593 23081 23081 39724 39724
31084 1 27014 2 2 5 3
12467 4 39860 160 154 2 2
40832 0 6630 1569 1569 39451 39447
26778 4 2803 253 253 187 187
3765 1 28497 3 2 2 2
20691 1 4936 2 2 9 6
7886 0 12463 78 78 7864 7858
14999 4 31316 15512 15512 9651 9651
22172 0 11068 184 184 150 136
454 3 16514 8 6 72 70
3025 1 16514 4 3 4 3
29578 0 15788 21526 21526 29712 29711
23802 0 21987 1196 1196 37642 37639
21987 0 20963 1474 1474 34284 34283
11759 2 10987 3 3 8 7
38689 0 12894 2583 2583 39135 39125
40834 0 14087 33583 33583 39949 39949
14853 1 5935 2 2 5 3
4044 4 31152 777 777 32 32
29372 0 24630 14 14 843 838
24630 0 22399 8374 8374 38966 38965
19479 5 4701 1 1 45 24
8240 5 4701 2 2 3423 3400
33163 5 4554 2 1 9 2
29553 1 26733 2 2 2 2
29553 0 8837 3164 3164 24459 24457
6792 1 14058 4 3 6 4
21282 0 15062 12292 12292 9439 9439
23036 4 36472 329 323 4 4
5783 4 23036 575 566 8 8
40835 0 40836 32971 32971 13754 13754
18778 6 32930 9412 9411 206 206
18778 0 5314 18 18 5286 5259
24621 2 17930 5 2 13 4
27989 2 17930 6 4 12 4
26041 0 4289 1961 1961 1331 1331
16899 4 24507 203 203 62 62
14917 3 17826 8 5 3 2
30990 9 28312 2 2 2 2
8980 1 3552 4 3 3 2
33079 0 3582 5283 5283 22125 22097
16497 1 26305 5 2 2 2
26368 1 8799 2 2 3 2
4480 1 32602 25 21 6 6
35059 0 27412 39 39 1439 1436
2645 4 29221 280 272 4 4
23462 0 5675 9555 9555 36411 36402
40853 0 23462 9086 9086 40699 40694
25133 5 5012 6 5 42 36
14927 4 5288 191 187 21 21
11058 2 6577 2 2 313 262
60 2 6577 8 8 842 789
7534 9 18226 6 5 2 2
10204 1 10208 3 2 4 3
5031 1 28475 3 3 5 3
15312 0 12860 10435 10435 17863 17863
21401 1 1933 2 2 46 39
12469 1 1992 8 3 4 3
18451 5 1238 2 1 8 1
37552 0 2655 13 13 104 100
2655 0 9806 421 421 9624 9618
40284 0 6614 9118 9118 35604 35581
3130 1 27019 7 4 4 3
23982 0 37653 137 137 8072 8070
20447 1 9918 4 2 3 2
15028 1 16314 4 2 10 5
15028 1 5116 5 2 11 5
40628 0 33021 3926 3926 38737 38737
3648 1 3647 3 2 6 3
19317 0 1107 9102 9102 29572 29562
830 1 21753 207 203 4 3
8270 1 9886 14 6 6 3
14780 1 6419 9 5 4 3
40837 0 15224 10752 10752 39668 39656
7188 0 11737 29 29 1861 1851
10277 1 32396 4 3 3 2
10277 1 2951 2 2 9 4
15054 1 2951 8 3 7 3
25047 0 19223 18573 18573 35883 35883
23871 0 918 69 69 4239 4232
40840 0 918 11701 11701 40777 40769
8168 0 13192 17472 17472 34112 34112
10293 1 12214 2 2 3 2
23642 0 26543 572 572 3452 3452
26543 1 12312 9 7 9 6
4913 4 20284 36 7 1 1
3331 5 16655 23 23 522 520
3331 1 35484 10 7 3 3
16739 1 16646 5 5 6 3
6726 1 5782 10 6 2 2
6726 3 6725 98 96 4 4
11335 1 6726 2 2 6 3
5491 1 1201 7 6 11 6
6549 1 14425 7 4 4 2
5544 1 3327 4 3 10 4
3403 1 6328 3 3 4 3
7229 4 37460 3621 3604 136 136
20544 1 28902 5 3 3 2
3291 1 20544 6 2 5 3
530 1 21170 6 2 2 2
9371 1 9370 3 2 8 6
26061 0 9371 6808 6808 26965 26962
9371 0 5623 412 412 22631 22629
21518 1 29527 4 4 4 2
35181 0 21518 228 228 13957 13954
36581 0 16397 8440 8439 2078 2078
3972 7 37089 9963 9886 3 3
8883 0 5790 18982 18982 7226 7226
38389 0 7334 7850 7850 22346 22344
27814 0 9178 296 296 2174 2172
10855 1 19155 2 2 3 2
10855 1 31116 357 356 1810 1809
1431 4 27265 69 54 3 3
27563 1 35599 2 2 2 2
1193 4 39361 23 12 1 1
39975 0 7068 1978 1978 8485 8477
3855 0 3909 9 9 39 32
28703 0 3909 7067 7067 18013 18005
11573 1 13583 4 3 8 5
40841 0 16266 8580 8580 40620 40597
2434 0 16266 4 3 39 18
40842 0 67 26244 26244 40941 40932
1154 0 18959 3730 3730 38569 38567
32397 0 13044 609 609 14671 14662
17819 1 653 3 2 4 3
37840 0 313 6 6 1215 1207
40843 0 3679 29195 29195 40703 40692
40843 4 5346 40770 40770 39495 39495
13988 0 168 106 106 6462 6457
38754 2 10661 2 1 8 5
29501 0 6358 6934 6934 40839 40837
29860 0 18587 12457 12457 8761 8761
33438 1 36858 2 2 3 2
36858 1 35629 5 4 3 3
12381 0 1474 792 792 6463 6449
2863 0 6499 6960 6960 1354 1353
7328 0 5714 21512 21512 20738 20737
14412 0 20621 1529 1529 32279 32278
35316 5 38173 114 112 116 115
20490 1 7847 9 8 3 2
21077 4 10657 390 389 84 84
10380 0 1964 1304 1304 1918 1916
17802 1 3847 3 2 6 5
29031 4 40721 40516 40515 18438 18438
29630 5 22311 2 2 958 954
14888 4 21122 217 208 18 18
14888 0 2518 1 1 65 1
819 1 7732 10 5 9 5
7100 4 29718 944 942 334 334
8077 1 7192 3 3 40 37
16136 1 39043 5 3 2 2
13225 1 15253 4 3 7 4
40844 0 6467 3452 3452 40294 40287
6069 0 37345 292 292 101 100
4895 0 8093 997 997 31410 31383
21558 1 13645 2 2 3 2
10544 6 38325 119 103 28 28
23888 0 1730 3 3 275 174
33667 0 1730 4 4 247 147
22133 0 1730 1 1 98 1
19623 0 1730 1 1 102 3
28603 4 38563 103 102 2 2
16620 1 2522 4 3 9 3
24900 3 5965 2 2 4 3
3989 4 18951 209 202 14 14
22965 1 167 5 3 5 3
35645 0 7367 10584 10584 7505 7505
36255 0 10055 1 1 7 1
1574 1 8899 13 8 6 4
21174 5 2295 163 163 30865 30763
34328 5 2295 10 10 13208 13107
28418 5 2295 67 67 34429 34326
34439 5 2295 7 7 10647 10547
40845 0 32455 7392 7392 40559 40558
35000 0 9668 1 1 21 5
32116 0 21176 152 152 12367 12365
23390 0 40586 37530 37530 38994 38994
40848 0 23390 826 826 37749 37746
19903 4 29357 431 431 169 169
35177 0 14481 6366 6366 21930 21930
12330 0 11599 321 321 4785 4779
3579 1 19372 7 6 4 2
9842 0 3579 482 482 39280 39267
22422 1 9505 3 2 10 6
15330 1 28910 5 4 3 3
22889 0 11852 168 168 9133 9124
29771 9 3592 5 5 20 20
25748 1 34204 2 2 2 2
1772 6 37182 149 145 26 26
15158 0 40846 38951 38951 23221 23221
40847 0 8407 12764 12764 40217 40217
35466 0 11507 304 304 2195 2192
12327 0 411 38 38 4850 4827
21952 4 9376 362 362 13 13
4177 6 5022 55 40 7 7
5040 0 220 1 1 26 17
20777 0 30968 31414 31414 25572 25571
17995 1 415 7 5 11 3
6540 0 6677 3341 3341 4574 4572
30360 1 7239 2 2 13 9
1226 4 33413 846 822 7 7
36259 5 860 40 40 23053 22980
30840 5 860 1 1 748 679
39831 1 4370 2 2 12 7
17244 1 15986 5 5 86 83
9116 4 34497 2525 2523 68 68
4771 4 11796 191 139 1 1
18918 0 15687 153 153 266 263
18918 6 31983 10239 10230 13 13
29544 0 6411 3784 3784 8322 8315
13258 1 515 2 2 22 15
7665 4 11919 234 229 14 14
8356 1 22637 21 14 6 3
17180 1 8356 2 2 14 7
39574 0 13157 235 235 38605 38602
20711 1 1090 3 2 6 2
32427 0 24062 27312 27312 37207 37206
40849 0 13412 5475 5475 40722 40717
4316 0 1500 1 1 78 52
29122 0 1500 2 2 85 58
29916 0 33246 314 314 3 3
33246 0 425 2412 2411 13702 13683
3714 1 3991 2 2 2 2
6702 1 4469 8 6 60 56
20629 0 10089 792 792 548 548
18423 1 20629 5 2 3 2
4855 1 19562 11 6 6 3
11423 1 4213 7 3 14 9
10241 0 10481 2282 2282 35273 35271
27097 0 10241 23 23 315 305
5125 6 35244 17 17 40 40
10842 1 11135 3 2 3 2
3451 1 3450 2 2 8 3
3450 1 6752 13 8 9 7
26219 0 15966 211 211 291 288
20729 0 30962 8089 8089 18019 18019
31196 0 30962 8100 8100 23188 23187
36881 0 119 53 53 6917 6879
119 0 2748 588 587 6288 6278
2323 1 23181 3 2 2 2
14339 9 16095 210 209 4 4
32957 0 5195 4 4 92 86
32623 1 5195 3 2 5 2
32917 0 9489 1482 1482 23514 23510
40688 0 3489 30122 30122 40397 40336
13220 2 6815 8 7 175 171
5097 1 27076 18 15 6 6
17030 1 2573 4 3 8 3
2573 1 9486 9 4 3 2
37807 1 30144 2 2 2 2
2521 1 38597 30 27 2 2
6946 1 8731 3 2 7 4
9873 9 35523 5 5 3 3
1071 6 14854 523 517 46 46
3398 4 14735 248 231 2 2
5855 1 7329 6 2 5 3
3929 1 27247 23 13 2 2
16292 1 29803 5 3 2 2
6578 0 5973 1576 1576 6810 6807
40850 0 1543 30306 30306 40858 40801
37429 1 32885 6 6 2 2
5932 1 5931 8 4 2 2
14336 1 2808 2 2 4 2
23816 0 13145 8 8 11 11
16675 0 11522 19724 19724 4255 4255
40851 0 14187 29139 29139 40745 40741
10755 4 22444 154 153 6 6
11129 1 13730 11 5 8 4
25343 1 13730 9 6 9 4
8639 0 3289 3 3 119 96
3289 6 36920 15682 15665 203 203
8776 1 1347 4 3 5 2
1347 1 4276 5 2 4 2
39300 0 1590 35 35 13886 13862
37068 1 22654 2 2 3 3
1801 1 21363 3 2 2 2
31983 0 35119 6593 6593 9378 9377
31983 6 2119 2427 2425 2332 2332
19488 0 3006 12557 12557 29451 29441
19488 1 38649 38559 38559 35447 35447
40852 0 6747 49 49 30368 30366
28133 0 18038 575 575 4213 4210
8634 9 19910 5 4 34 33
11304 0 19910 48 48 2282 2281
20413 0 1973 3 3 1736 1681
26353 1 4814 17 16 31 27
22355 0 11595 498 498 13029 13023
1588 1 19716 3 2 3 2
11612 1 21343 3 2 3 2
5569 1 10107 17 13 12 7
5923 1 5569 5 3 8 4
24840 0 14776 15130 15130 2529 2529
24031 4 32273 33687 33687 28652 28652
12006 1 23328 4 3 2 2
15403 4 40478 46 46 61 61
16346 0 16005 399 399 11987 11985
7668 1 35530 6 3 2 2
9434 4 40717 40644 40641 8823 8823
22914 1 3088 6 5 12 10
2945 9 2944 2 2 2 2
24743 1 24742 2 2 3 2
31284 1 19047 5 5 5 4
1664 1 16927 10 7 8 7
40307 0 4362 31199 31199 39499 39492
29218 1 4362 45 44 50 50
4362 0 8787 4 4 49 42
17040 8 37417 162 161 11 11
39206 0 12650 8 8 23 3
29976 5 5742 5 5 8482 8459
15635 5 5742 11 11 752 730
903 5 5742 1 1 65 45
17663 4 9378 183 179 17 17
20364 1 26993 8 7 5 5
27150 0 3232 7962 7962 36526 36519
40854 0 14981 8415 8415 37658 37654
40855 0 25028 19391 19391 40224 40224
40678 5 5841 2181 2181 40683 40670
26893 3 11921 31647 31645 7638 7638
38438 0 24102 5019 5019 35599 35595
22467 0 22049 436 436 4265 4262
15542 0 22049 1376 1376 9343 9339
40856 0 8153 38341 38341 40911 40892
36147 0 8153 162 162 8997 8979
10925 1 8153 13 11 33 31
34372 4 36708 31 31 69 69
7489 6 35302 161 156 21 20
9267 0 1292 496 496 8367 8362
5975 0 8327 625 625 13568 13559
112 6 23406 85 40 1 1
6559 1 18773 4 3 4 3
13687 1 7279 3 3 4 2
37981 0 904 12 12 196 185
15563 1 17861 7 4 9 6
24736 1 14901 3 2 2 2
7506 1 27215 17 9 2 2
28486 1 28485 2 2 2 2
22848 1 33665 4 3 5 4
15952 0 3163 2 2 181 141
9298 0 3163 1 1 41 2
28717 0 3163 1 1 40 2
17876 3 17875 5 5 2 2
22196 1 22195 2 2 2 2
13637 1 27685 9 6 2 2
10125 4 13911 460 458 3 3
4146 0 37135 36 36 39 37
31487 4 8818 16819 16819 15616 15616
36976 0 4550 3163 3163 6792 6694
24513 0 4550 4 4 406 311
27936 0 4550 9 9 2738 2641
12322 0 4550 1 1 95 2
40857 0 2021 22785 22785 40885 40831
27575 0 6658 39919 39919 30010 29998
19537 9 28961 2 2 2 2
1070 0 17546 2195 2195 9144 9140
9755 1 9754 2 2 6 3
769 1 9754 2 2 4 2
40381 0 34906 22002 22002 12665 12665
15427 0 134 1799 1799 20555 20541
134 1 2633 8 5 2 2
1511 0 15914 5276 5276 2616 2613
5005 1 28613 42 35 2 2
18503 1 5005 3 2 16 9
40140 0 27752 2 1 4 1
16225 4 4698 34 31 7 7
40858 0 15284 13851 13851 40449 40443
628 1 627 4 3 4 3
16800 4 32120 64 64 99 99
25305 0 2099 2 2 288 261
13821 1 13530 4 3 3 2
16002 1 36632 6 4 5 4
40859 0 37052 13515 13515 40851 40850
6188 4 24112 77 61 2 2
6188 4 24347 91 73 1 1
15067 0 18496 23783 23783 39451 39451
29361 1 18956 2 2 4 3
10119 1 25492 19 14 6 4
28682 1 6956 3 3 6 6
22077 5 6956 1 1 24 5
720 9 26603 4 3 5 4
18029 0 8812 2 2 98 97
36166 1 16798 5 5 3 3
30646 4 33263 27765 27765 6330 6330
10063 0 8348 40620 40620 38813 38806
28320 1 27155 3 2 3 2
27155 1 29136 3 2 4 3
737 0 704 4584 4584 6360 6359
16207 1 16206 2 2 3 3
37148 0 23650 5633 5633 9991 9991
33954 1 14292 2 2 3 2
29886 1 28685 4 3 4 2
9855 6 33387 38 14 9 5
3785 0 28084 38679 38679 19489 19489
20088 5 3785 106 106 15073 15057
32514 5 3785 2824 2824 33118 33100
6922 1 6921 7 3 9 3
6921 1 7885 16 10 15 10
7656 1 11492 4 3 4 3
16454 1 15118 9 4 10 7
27917 0 8192 18 18 18 15
27917 1 5927 9 8 60 55
5927 1 27917 27 22 8 7
4197 0 8050 4514 4514 4410 4407
4197 1 37513 9 5 2 2
25431 1 5635 2 2 6 2
15018 1 18772 4 2 2 2
9762 6 8948 24934 24930 16799 16799
30927 6 25532 1028 1028 2718 2718
19315 1 39214 4 3 2 2
39214 0 32965 11 11 39 39
18563 0 4302 16 16 1453 1451
21993 1 19504 11 6 3 3
9794 0 26796 4 3 3 3
40860 0 1945 467 467 40474 40450
13748 1 11108 6 4 4 3
4384 1 24793 3 2 3 2
10633 4 19550 4050 4050 7058 7058
27322 1 37139 2 2 3 3
40383 0 38168 3115 3115 3725 3725
7362 4 32362 16 3 1 1
22231 1 8513 3 3 11 10
40692 0 8924 16831 16831 40306 40297
1685 1 12089 7 4 9 9
450 4 4488 39 22 3 3
39094 5 3918 94 94 26720 26703
40914 5 3918 2389 2389 40678 40659
2315 0 3918 1071 1071 30847 30839
40869 0 3918 17719 17719 40900 40891
39375 4 35988 150 150 33 33
33362 0 724 538 538 15969 15952
4388 4 38068 41 29 2 2
24592 0 13837 2392 2392 8954 8950
4109 6 1349 205 201 20 19
20971 4 929 34284 34284 18923 18922
23939 0 929 6 6 2791 2780
2108 1 23830 6 3 3 2
137 1 39790 2 2 2 2
14471 4 26704 28 24 4 4
38379 0 2037 4618 4618 27460 27457
3297 1 2037 4 2 2 2
19597 1 29925 4 2 2 2
9472 3 9553 6017 6017 20575 20573
24002 1 31718 2 2 3 2
13378 4 37002 25 17 1 1
18672 8 18729 7 7 21 18
23066 0 10976 15496 15496 23728 23728
37193 0 36623 14214 14214 13546 13546
35461 0 15432 7416 7416 23706 23704
6086 1 37968 1027 1027 352 352
39988 0 6132 6846 6846 31026 31020
27635 0 6879 12001 12001 39434 39434
12792 1 18251 8 8 5 4
25299 0 17090 2417 2417 7504 7502
22804 0 9256 71 71 635 632
22046 1 449 2 2 3 2
26701 5 39164 15216 15216 12203 12203
33010 4 37752 912 911 425 425
17564 4 28570 5045 5045 12248 12248
14394 1 27202 2 2 3 2
40861 0 35307 39339 39339 37253 37253
36533 1 31832 2 2 4 3
1421 1 13698 10 7 4 4
1421 1 1420 9 7 3 3
15918 1 8898 3 2 3 3
39681 2 3869 1 1 655 623
13147 2 3869 10 10 192 161
29520 1 38175 2 2 2 2
7705 4 29204 2892 2885 67 67
31945 1 533 2 2 3 2
20267 1 11332 3 2 3 2
40862 0 6138 13938 13938 40757 40742
12405 1 2536 3 3 12 7
22145 0 267 8135 8135 15343 15319
12466 4 38408 98 78 1 1
12466 4 38825 99 78 1 1
16552 1 10073 3 2 2 2
31672 0 16442 10557 10557 2350 2350
34829 0 34921 4 4 145 143
6539 1 27537 10 5 2 2
24829 0 20017 134 134 7135 7130
28048 0 20017 604 604 33765 33759
40863 0 22831 3251 3251 40285 40280
9658 0 22831 1841 1840 5000 4996
17365 6 1148 28246 28246 35134 35134
11735 1 13906 3 2 2 2
10734 0 10886 25 25 463 449
1494 0 15383 21667 21667 30556 30555
31725 6 3983 292 292 334 333
3023 1 19162 3 3 5 3
28499 0 2833 5195 5195 15616 15601
4250 3 26422 5 4 5 3
14121 1 5862 9 7 12 7
1002 0 15449 103 103 41 36
14237 9 14236 3 3 8 8
40286 1 14159 2 2 3 2
1432 4 24308 68 52 6 6
29759 0 21793 12 12 13 12
40 0 9353 2954 2954 32870 32862
36532 1 36531 2 2 2 2
4832 1 7867 8 4 4 4
27716 6 14968 217 217 80 80
304 0 25231 18016 18016 16163 16162
8542 1 19421 7 3 2 2
30629 1 15712 2 2 3 2
20027 2 9746 1 1 153 142
26019 0 4682 2 2 24 20
15092 4 32205 15873 15868 665 665
13106 4 30126 330 319 37 37
7451 0 9653 323 323 643 643
14198 1 7551 4 4 10 2
19206 1 11656 8 5 8 4
938 1 29478 4 2 2 2
19923 0 13346 37 37 30535 30526
40895 0 13346 14535 14535 40839 40829
8767 0 2776 394 394 5745 5721
17206 0 4193 2886 2886 13484 13482
9026 1 21448 2 2 8 4
10884 1 23870 3 2 6 4
10884 0 12402 8184 8184 10108 10107
33656 0 17442 1418 1418 29851 29847
29844 1 36062 3 2 2 2
39433 6 40246 5 4 2 2
13370 4 32777 281 280 2022 2022
40865 0 34557 23481 23481 40254 40253
12307 1 5388 3 3 9 6
8628 3 1186 341 340 13 13
4299 0 1562 2259 2259 17178 17171
18208 6 35649 13899 13899 27170 27170
12758 0 980 4770 4770 24657 24656
26577 4 38800 64 64 23 23
40866 0 8678 31935 31935 40273 40270
32294 0 1897 1084 1084 21480 21407
6937 1 1897 8 5 19 12
9481 9 158 5 4 7 4
13100 9 9481 3 2 3 2
15588 1 15587 7 3 4 3
13773 0 27141 9 9 471 468
25916 0 16303 1 1 10 1
36297 0 16303 159 159 14916 14906
20354 1 18989 2 2 2 2
973 1 13336 58 56 287 281
5185 0 13336 3562 3562 21211 21207
9012 5 7786 1 1 488 469
33237 1 410 3 3 2 2
14633 6 31433 15267 15266 4554 4554
14633 6 8142 238 238 825 825
40867 0 339 616 616 40255 40252
3453 1 18417 9 3 2 2
8951 1 28285 4 2 4 3
1460 1 8951 3 3 6 4
8222 1 6150 7 3 6 5
8054 3 25795 240 238 39 39
6845 1 2779 3 2 3 3
19202 0 12252 715 715 7090 7083
20124 1 18592 2 2 5 2
20124 0 14100 120 120 2959 2955
30846 0 2941 4 4 737 736
39027 0 9415 271 271 29755 29743
23350 1 17390 2 2 3 2
8558 1 7530 5 4 4 2
40868 0 5700 34845 34845 35995 35995
32469 0 324 61 61 13786 13766
8545 0 324 40 40 2002 1984
25032 1 25031 3 2 4 4
38057 9 30720 2 2 2 2
2030 0 1832 8 8 47 37
1637 0 5616 381 381 3361 3352
9928 0 5616 9 9 451 443
1702 4 29665 242 238 14 14
36951 4 24229 105 103 35 35
6008 1 1041 2 2 3 2
14647 0 13213 1087 1086 5 5
699 1 22618 2 2 2 2
35907 4 37894 164 164 26 26
13383 1 2789 7 3 9 8
2713 6 7645 116 75 3 2
11577 1 7731 5 4 5 3
40870 0 1335 34171 34171 38419 38418
24483 1 12798 3 2 15 13
17309 0 30810 69 67 40 38
10156 1 963 6 3 7 5
2452 1 3976 7 4 7 3
2452 1 7086 8 4 11 4
40905 0 3387 10638 10638 40300 40286
7217 1 3387 4 3 5 5
8525 4 37769 1232 1230 33 33
35828 0 1364 2677 2677 39942 39912
26559 6 35828 40881 40881 9750 9750
16493 1 19237 3 2 43 37
2933 1 7202 4 2 7 3
6048 9 22594 6 5 2 2
29003 1 35415 75 72 2 2
20788 1 10332 14 11 6 5
5707 1 5706 3 2 11 9
29609 1 29608 2 2 2 2
22190 1 35891 11 8 5 4
22190 1 11262 4 2 10 8
9192 1 19649 7 2 3 2
26202 0 7136 8 8 101 100
36138 0 7877 47 44 180 177
23317 0 6977 2182 2182 29924 29889
40920 0 6977 8129 8129 40817 40781
36948 1 27706 6283 6283 6597 6596
34777 1 14753 2 2 22 21
1620 4 23845 20 5 2 2
12071 1 18026 17 13 2 2
8848 5 14818 1 1 19 5
11500 6 11034 123 116 13 11
16013 1 5367 8 5 5 3
10574 6 36868 18 14 29 28
18072 0 1880 189 189 2933 2918
7031 1 26802 6 3 3 2
32487 1 10667 6 4 5 3
28680 1 10686 3 3 3 2
9031 4 20091 167 148 17 17
37696 0 13023 1143 1143 18945 18937
5434 1 5433 6 3 4 3
24552 2 8531 1497 1496 14503 14500
35789 5 3276 51 51 20894 20862
31511 5 3276 16 16 13692 13661
39401 0 24275 118 117 5028 5016
27408 0 4448 2 1 14 6
13163 1 17198 4 2 3 2
8664 1 2489 3 2 33 28
2489 1 15398 9 4 2 2
25485 2 3943 1 1 34 2
38545 2 3943 1 1 31 1
36055 6 19589 2533 2533 18114 18114
19768 0 5156 8 8 1530 1498
26405 0 5156 1 1 36 5
17022 6 35666 1266 1264 233 233
17022 6 3619 1321 1318 89 89
4621 1 88 17 16 759 757
40873 0 28355 9882 9882 38534 38532
2460 9 9748 3 3 3 3
36214 0 573 3 3 571 532
40874 0 22716 25619 25619 36208 36208
25322 4 40518 404 404 222 222
2760 0 11134 158 158 2724 2718
4446 9 1807 7 4 3 3
11636 0 4446 92 92 20043 20042
36303 1 2876 2 2 2 2
37244 1 21630 2 2 5 3
38942 1 2626 147 147 4788 4785
31471 0 2626 14 14 3559 3558
3018 0 27173 108 108 4 4
26985 0 7600 204 204 9582 9576
37635 0 7600 5 5 77 72
8617 6 7587 1268 1257 395 395
24972 0 1142 8802 8802 33998 33996
680 7 38698 32157 32095 2 2
680 7 40901 40607 40544 7 7
6028 0 29623 26174 26174 20329 20329
29623 0 33835 8860 8860 34431 34428
36506 4 25083 224 224 59 59
7152 1 4236 4 3 5 3
22504 0 7152 2013 2013 27236 27231
40876 0 1295 4750 4750 38654 38648
21646 1 1295 5 4 34 30
22690 0 9531 3 3 12 8
34554 0 9531 1651 1651 8693 8688
701 1 25692 7 7 7 4
14347 1 5567 13 10 5 3
22500 1 15849 6 5 6 5
24584 6 29929 2 2 16 16
18192 4 1499 5 5 1 1
17820 1 654 6 3 7 2
23192 1 654 3 3 6 2
34164 0 21362 6494 6494 28595 28591
23961 0 6776 23 23 5755 5747
14951 5 6776 144 144 35440 35435
2111 1 35677 5 3 2 2
32320 1 16031 14445 14445 31210 31210
31261 4 13766 1355 1355 1607 1607
38116 9 9 37 37 213 212
40068 0 28942 27048 27048 8086 8086
21724 1 8592 14 10 8 6
4229 1 37036 20317 20313 1093 1093
29447 0 15913 14 14 86 81
16697 4 31051 107 102 11 11
5443 6 33646 20 2 3 2
13087 1 36310 4 3 3 2
22927 4 27025 18738 18738 950 950
24129 1 15215 5 4 3 2
24953 0 13135 92 92 17298 17289
22068 0 29955 40174 40174 4604 4604
6111 0 23960 378 378 357 355
6111 1 11198 6 2 2 2
2003 0 4127 395 395 14757 14753
40878 0 34399 7348 7348 39247 39243
26349 1 19291 4 3 3 2
15641 1 5982 9 4 5 3
21253 0 5982 6598 6598 40063 40063
3948 3 25669 2188 2184 55 55
40879 0 39495 38190 38190 32684 32684
10738 0 8594 7687 7687 36968 36962
40612 0 8594 2917 2917 39747 39740
12395 0 4161 2 2 114 87
40942 0 4161 18364 18364 40648 40619
26530 0 25605 314 314 21 20
25576 0 19971 4730 4730 35668 35662
3574 6 39280 2078 2074 23 23
35051 1 36988 2 2 2 2
19269 6 3870 3472 3471 255 255
26457 1 21879 6 6 4 3
16049 4 31756 326 324 69 69
26279 5 6146 9 9 7255 7244
31974 5 6146 89 89 19334 19322
22137 5 3531 1 1 270 248
15837 1 15836 2 2 2 2
3895 0 3721 214 214 1152 1117
23820 6 25420 7 2 2 1
23820 6 11103 6 2 2 1
28203 4 29473 382 379 91 91
2999 1 36067 6 3 2 2
11766 5 10754 83 83 15436 15417
40880 0 10330 20571 20571 40593 40588
29695 1 25945 2 2 2 2
15242 6 5534 4 2 6 4
16017 3 30757 9315 9313 12247 12246
9486 3 6190 875 871 290 290
10504 6 36780 1293 1286 166 166
31226 0 17728 3507 3507 21131 21122
8734 1 1538 3 2 2 2
29667 0 249 37 37 5448 5402
7681 0 249 6 6 3894 3849
1196 5 12328 181 181 39633 39616
29190 5 2139 62 62 18378 18351
9335 5 2139 4 4 3650 3624
13338 1 18054 22 20 57 57
19110 4 40436 117 117 147 147
1935 0 7945 26 26 8612 8590
1104 0 7945 22 21 943 922
32001 2 3539 46 46 432 431
7118 0 3978 75 75 369 348
27765 0 206 964 964 13234 13204
16624 9 15794 2 2 2 2
1966 4 24890 26022 26020 837 837
31338 0 8266 6 6 261 257
40221 5 73 1 1 61 6
3410 4 40221 1944 1943 98 98
29650 5 73 91 91 19055 18997
4984 0 73 1 1 12 2
7890 1 8556 9 5 7 5
32343 0 7890 4951 4951 27168 27151
4686 0 9935 417 417 9871 9855
1690 1 5111 20 7 3 2
23282 0 1690 1309 1308 3570 3560
10335 1 2363 3 3 11 4
19856 1 15917 3 2 3 2
15168 1 35514 2 2 2 2
40881 0 9334 11814 11814 40615 40610
28253 1 28252 2 2 3 2
11736 1 678 4 2 4 2
12371 1 20336 7 3 4 3
26039 1 31200 33747 33747 36174 36174
39168 1 23614 2 2 4 4
20692 1 21524 8 7 2 2
24359 1 36592 2 2 3 2
6740 1 6335 4 2 4 3
38194 0 6335 11209 11209 19857 19857
5315 0 18408 53 53 2 2
11605 4 40002 45 45 54 54
12921 1 24570 53 43 6 4
21374 1 12921 5 4 16 6
5134 2 4633 1 1 12 1
35877 0 85 10 10 1117 881
23185 0 85 34 34 2477 2237
40756 0 85 27335 27335 40708 40461
26136 1 26135 2 2 2 2
37633 0 20754 8373 8373 26971 26970
40883 0 1222 7235 7235 40358 40344
40904 0 1222 3653 3653 40175 40162
19190 1 22874 6 5 11 8
14563 2 35454 40943 40941 2451 2451
12530 1 5329 2 2 3 2
37793 0 425 1927 1927 34021 34001
7112 1 21005 3 3 15 11
13785 6 30026 16616 16615 36711 36711
30892 1 27200 2 2 2 2
22309 1 11345 5 4 60 53
652 1 11489 9 4 4 3
21523 0 5914 5226 5226 25069 25065
19459 1 8641 3 3 29 25
103 0 9917 703 703 4247 4246
34367 1 30925 2 2 3 2
39210 0 36049 11543 11543 39723 39722
27244 6 22681 806 805 68 68
12608 4 21734 51 48 5 5
31281 1 6359 2 2 11 6
40153 0 6359 5026 5026 39038 39030
28257 1 28256 4 3 16 15
3741 6 11977 3 1 4 1
8455 0 14334 4669 4669 12838 12837
11170 1 606 24 18 5 3
9097 4 33963 571 570 126 126
15436 1 15435 4 3 2 2
9201 1 9200 5 3 2 2
6058 0 5378 290 290 12214 12200
5378 1 9054 8 5 8 3
24455 0 7235 208 208 25355 25350
40886 0 36491 38223 38223 38121 38120
27948 0 29072 8495 8495 40466 40462
2574 1 10949 13 9 9 5
15184 1 36822 2 2 3 2
17033 1 208 2 2 3 2
5633 0 4663 13029 13029 36046 36030
23779 0 17423 5687 5687 31306 31302
31140 0 1615 1314 1314 22391 22386
25999 1 31140 2 2 3 2
29071 0 25203 351 351 3960 3957
4929 4 37085 186 180 22 22
11962 4 5667 42 38 3 3
14732 6 18907 38167 38166 2381 2381
4582 0 23340 7403 7403 20939 20935
2940 0 23340 2076 2076 1564 1561
6093 10 24981 5 4 2 2
14001 0 36202 1891 1891 2343 2343
37407 0 19919 471 471 31003 31000
28934 0 6210 985 984 149 146
13298 1 26814 6 4 3 2
12356 1 20726 3 2 2 2
11679 7 15652 353 347 10 9
18992 0 780 13 13 1210 1202
12696 0 1750 4814 4814 19900 19898
22477 1 2282 28 23 2 2
17701 4 36065 361 361 5 5
20641 0 36866 16344 16344 38155 38154
31601 0 1352 250 250 10175 10169
36144 0 28533 12171 12171 17446 17446
22400 2 2183 2 2 277 246
39117 2 5348 2 1 7 5
12905 1 5832 5 3 5 4
16355 1 22399 2494 2489 1252 1252
8334 2 35737 650 650 12660 12659
13347 0 26570 3 3 5 3
40889 0 34949 1846 1846 38507 38507
12551 0 7485 460 460 724 723
3154 1 27514 4 2 2 2
35950 0 20760 251 251 1019 1014
20760 0 25127 6299 6299 35105 35104
23933 1 23098 3 2 20 17
12685 6 19180 18816 18810 150 150
12358 2 4168 1 1 71 61
7700 2 4168 1 1 27 18
35674 0 16517 22079 22079 27745 27744
6813 1 5175 4 2 2 2
7375 1 7374 4 2 4 3
40890 2 23906 260 260 39085 39085
21948 4 38918 2520 2520 6037 6037
17500 9 17499 2 2 3 3
6759 1 21078 6 3 3 2
11196 0 24534 5899 5899 12117 12114
16734 7 13678 16201 16197 14 14
865 1 17946 15 6 3 3
1821 6 39122 158 144 4 4
11630 1 31896 6 3 2 2
7284 1 17756 3 2 2 2
26770 5 6829 1 1 61 55
37565 1 22789 5 3 4 3
11926 1 11925 6 2 3 2
27446 1 22702 5 3 5 3
13999 0 37238 938 938 327 326
2050 6 30438 1030 1030 3461 3461
21493 0 24309 13678 13678 40137 40137
40891 0 13449 11777 11777 40129 40128
15390 1 38904 23923 23922 5325 5325
33146 1 2101 4 3 11 3
17987 3 17986 189 187 5 4
29746 3 17987 56 56 1227 1225
2692 0 10487 15862 15862 11455 11452
32902 1 29338 2 2 3 3
14511 6 11512 5708 5701 19 19
6117 1 683 2 2 8 2
25817 0 40019 29217 29217 34083 34083
39730 4 31900 11446 11446 32682 32682
14912 3 19439 555 552 5 5
34332 4 1842 200 196 16 16
29957 5 8285 103 103 15408 15404
8398 4 40398 3886 3886 48 48
13141 4 36356 70 58 6 6
24146 1 36079 3 2 3 3
12197 1 24146 7 4 3 2
8973 0 15567 5452 5452 6815 6814
2840 1 18631 4 3 2 2
4993 1 4648 5 4 22 13
15543 4 26788 9912 9912 22025 22025
9926 1 1976 4 2 5 3
40893 0 10088 16000 16000 40802 40797
18632 0 15264 157 156 627 624
25930 4 9684 356 351 309 309
39714 5 5407 1 1 498 473
31612 1 9688 5 5 5 4
1782 1 1781 3 2 11 7
34009 6 39128 79 76 60 59
25597 0 4132 5105 5105 38144 38134
16378 0 2054 3 3 212 195
12541 0 2054 2 2 46 30
2054 1 17904 1989 1989 3215 3214
18557 9 18725 2 2 2 2
40453 1 28165 2 2 17 15
7231 0 16733 35656 35656 18099 18099
17867 1 14085 3 2 5 4
36201 4 39259 19311 19310 117 117
17202 0 12720 168 168 1277 1268
28053 0 4049 506 506 25783 25769
25593 0 4049 1413 1413 31227 31212
4049 1 28361 3 3 5 3
22873 1 37187 341 334 2 2
37187 0 3391 3605 3605 29298 29294
30984 1 6485 5 3 6 4
12052 1 6794 3 2 6 3
6371 6 13857 8906 8901 1040 1039
1675 3 3261 9 5 6 5
32329 0 39076 35370 35370 23916 23916
1788 0 22163 30 30 227 223
8791 1 15310 4 3 17 11
13863 1 15310 25 17 11 6
3838 1 15310 5 3 20 13
36716 0 15310 259 259 5464 5464
23303 1 6584 3 2 554 548
9014 0 13840 1009 1009 14873 14868
9501 1 16279 4 3 3 2
9412 1 35482 10 6 2 2
26517 1 352 14 12 29 21
30651 1 30650 12 11 10 10
13606 0 5759 12 12 522 507
24242 4 40495 799 799 2492 2492
3024 1 8489 3 2 8 2
4914 4 5471 177 172 19 19
16649 0 11808 124 124 1043 1037
16580 1 16649 4 3 5 3
8882 1 30608 62 60 2 2
24380 6 4034 561 561 643 641
20967 1 38940 22321 22318 2620 2620
38940 1 20967 4702 4702 28358 28355
12345 4 32572 183 182 5 5
17336 1 6811 2 2 4 2
4393 0 21188 367 367 10570 10568
16082 0 19592 26799 26799 39565 39564
13599 4 38034 152 152 75 75
2399 3 852 34 32 41 41
26551 1 17969 5 3 6 4
19862 1 25685 7 3 3 3
33100 0 23835 14 14 133 127
38732 1 16818 2 2 4 2
30257 4 39983 10384 10384 526 526
2097 1 9439 10 6 7 3
8891 1 8890 2 2 11 8
10946 1 16189 193 190 22 21
23311 5 666 5 5 3283 3255
7605 1 16736 3 2 3 2
40896 0 23801 16680 16680 39933 39931
3152 1 34834 4 2 2 2
8027 0 17129 7443 7443 39209 39208
18036 1 23414 7 5 3 2
10896 1 5187 2 2 2 2
29378 0 14065 2 2 156 154
11268 1 18820 102 101 3431 3428
10603 3 7644 4 3 22 21
28163 6 33290 1823 1823 2203 2203
26372 1 2839 5 3 4 2
13731 1 3340 4 2 8 4
30635 1 27499 3 2 4 2
19561 2 12788 42 40 14 12
6316 1 14884 13 11 5 4
14884 1 6316 5 4 13 11
40071 0 542 41 41 3080 3067
24433 1 24432 4 3 2 2
8518 8 19686 46 41 14 14
36028 1 13581 3 3 4 2
23015 1 39472 3 2 2 2
29941 0 8121 29 29 50 45
11007 0 39628 6854 6854 22511 22510
38483 1 35975 2 2 2 2
27069 0 17594 536 536 14114 14113
31414 0 21528 146 146 351 348
10966 0 6448 1789 1789 16240 16236
7275 0 36151 13245 13245 22014 22013
10347 0 12311 2024 2024 12973 12962
40897 0 15992 25827 25827 40732 40727
29348 1 9181 2 2 11 6
181 4 20452 313 308 9 9
30056 0 13450 657 656 1879 1873
13510 0 34706 2185 2185 30071 30069
9041 1 8986 8 4 7 2
33052 1 6521 4 3 10 6
26934 4 36843 3647 3647 1021 1021
2778 1 2777 5 2 2 2
28399 9 24687 4 4 5 5
28399 0 7125 127 127 62 60
163 1 9522 7 3 4 3
38964 6 15538 5 3 3 1
36295 6 20656 40266 40266 39102 39102
7947 1 3044 6 3 19 12
24577 0 6103 6364 6364 32377 32374
39447 2 955 14 13 175 162
27080 0 35724 708 708 13705 13705
18317 0 16471 1753 1753 31484 31481
40899 0 1371 1968 1968 40604 40581
35847 0 1371 6 6 28611 28589
32447 6 14556 4149 4147 5 4
5046 5 5363 497 497 37403 37388
31855 0 1378 7 7 3062 3000
19994 0 1378 2 2 101 42
25740 0 1378 601 601 357 296
40676 0 1378 16460 16460 40683 40620
20832 0 2453 2265 2265 17783 17729
38637 0 35536 138 138 13309 13309
29542 6 38922 18 18 11 11
17578 1 8885 6 5 5 3
40900 0 3668 11281 11281 40694 40686
38879 4 40465 63 63 97 97
23645 1 3271 9 8 5 4
10717 1 23392 3 2 6 4
7129 6 37636 728 708 2 2
7129 6 39342 22 3 6 3
22752 1 11603 5 3 5 3
13171 0 2104 6117 6117 11854 11838
3840 4 25993 134 133 3 3
6976 1 6542 2 2 2 2
6504 0 17314 306 306 512 505
1218 1 18913 6 2 2 2
23637 1 22005 3 3 8 8
12259 4 40042 1286 1286 1622 1622
29053 0 31232 115 115 7351 7347
14841 1 11642 5 3 4 2
12434 1 11406 4 3 5 2
4571 1 19807 3 2 2 2
12516 1 16943 2 2 5 3
9471 1 28564 7 3 2 2
40902 0 30686 10501 10501 36924 36923
215 1 13069 19 14 5 4
28342 4 21955 1793 1793 612 612
4050 1 5908 5 4 4 4
10960 0 16571 8509 8509 30682 30681
3343 1 1512 6 2 6 5
15421 1 7039 7 2 5 4
40903 0 23890 31080 31080 40690 40689
18173 1 23932 3 2 4 2
26645 1 11702 2 2 3 2
15117 1 11702 2 2 2 2
7241 1 9423 4 2 2 2
15866 1 20662 3 2 9 6
308 1 23762 8 4 2 2
1602 1 20590 5 2 3 2
7541 1 7540 10 9 62 61
4015 0 32323 38276 38276 15641 15641
36003 2 3957 5 4 14 10
11479 0 4865 123 123 5471 5465
1202 0 14475 2242 2242 16558 16555
14612 1 19739 4 2 4 2
7024 0 6752 214 214 6666 6652
32853 0 5203 722 722 15644 15642
37253 0 40396 23890 23890 25928 25927
34648 0 16831 146 146 2328 2327
1613 1 3914 5 3 6 3
10826 0 26562 1331 1331 29689 29684
23101 1 12527 3 2 4 2
27830 0 8061 16735 16734 23951 23949
20864 1 6464 2 2 4 2
5262 6 29332 2800 2797 7905 7905
35821 0 16863 30663 30663 39830 39824
13407 1 4967 5 4 4 2
9713 1 18011 3 2 2 2
31393 4 27927 2131 2131 7824 7824
12347 1 13214 12 9 2 2
22063 1 36525 2 2 2 2
37425 0 4766 29530 29530 28773 28773
27152 4 38832 2829 2828 35 35
31830 5 24055 169 169 653 653
15799 6 17609 13 2 2 2
38974 0 621 33 33 1279 1278
17241 0 17150 2 2 5 4
2858 4 33960 39 9 1 1
26230 0 10765 2 2 106 99
19752 1 19897 7 3 5 3
38731 0 10922 9 9 2220 2217
30909 6 31031 35146 35146 37891 37891
40907 0 25161 1451 1451 28975 28973
36978 0 692 4 4 474 451
29708 0 692 3 3 1061 1037
20476 1 6724 24386 24385 27262 27260
40908 0 7921 27921 27921 40522 40522
2443 9 5163 7 6 5 5
12141 1 2443 2 2 5 2
7159 4 32394 32 30 6 6
9995 0 1520 35 35 7828 7818
3657 1 11758 1150 1150 18831 18827
687 6 27283 39717 39696 1703 1703
8662 0 716 3 3 148 110
7974 1 3145 6 3 6 4
24517 1 9302 2 2 6 4
7449 0 7095 12831 12830 14874 14874
31989 4 40175 388 388 58 58
40909 0 3338 8446 8446 39780 39772
19172 0 15730 48 47 14 13
15433 6 23550 21291 21288 62 62
15869 1 9418 5 3 6 4
27694 3 13419 2 2 3 2
21543 0 14367 19338 19338 30147 30141
5015 4 5256 8 1 1 1
16016 1 10865 6 5 2 2
2379 0 14652 7171 7171 13570 13570
40910 0 10662 8483 8483 40528 40520
13388 1 17572 6 5 11 9
38526 0 17405 1361 1361 14698 14690
9889 0 38560 10936 10936 28333 28332
11600 0 13047 2 2 65 57
40912 0 9931 38207 38207 40912 40912
36575 0 34172 15902 15902 17211 17208
19960 6 20910 26825 26824 5768 5768
10868 1 6529 4 2 11 8
25398 1 30292 2 2 5 3
13664 1 23487 5 3 2 2
40913 2 1214 88 88 40581 40562
13094 2 1214 3 1 26 8
16437 0 26208 7658 7658 3801 3799
22757 1 22756 5 4 2 2
40260 0 26108 2 2 36 34
32735 0 5654 47 47 153 150
3447 1 9780 9 4 6 5
14404 1 3447 4 3 9 4
7985 1 4209 5 5 9 6
40915 0 10407 23493 23493 40652 40652
6851 1 6468 4 3 7 3
15604 3 4192 3 3 11 11
9074 0 2243 1 1 2 1
16945 1 27937 2 2 2 2
37937 2 17319 3 2 12 8
17444 1 7040 3 3 4 3
24542 0 21434 1966 1966 3522 3521
19654 0 38248 20848 20848 2038 2038
40916 0 25194 10318 10318 40503 40502
3512 1 1507 6 3 2 2
35515 4 5683 2743 2743 3274 3274
26598 1 13630 4 4 35 35
3815 1 39428 29 27 3 3
4037 0 16708 2 2 315 311
29698 0 8868 16832 16831 18718 18717
15051 1 14230 3 3 28 24
1006 3 17460 6 5 203 199
20944 1 2415 7 5 24 20
9847 3 11802 8882 8875 930 930
19964 4 40677 40571 40568 19993 19993
23100 1 23574 4 3 3 2
21645 1 16026 6 4 7 5
3046 0 140 2265 2265 19473 19467
1732 6 23260 12 1 1 1
29279 4 22476 3550 3550 1885 1885
21641 0 8412 7288 7288 8604 8603
40283 0 13935 14 14 259 256
20075 1 5623 4 2 2 2
32173 0 25942 288 288 16794 16791
17114 1 9438 31 31 20 19
33419 4 28271 222 220 15 15
40917 0 5681 3213 3213 37105 37104
15907 1 15906 4 3 5 2
15906 1 26088 5 2 3 2
14098 4 39569 252 250 30 30
4725 1 3135 3 2 3 2
24645 1 21259 4 3 4 3
22111 1 25386 2 2 2 2
11499 1 5619 3 2 7 4
3068 1 3431 11 7 3 2
7765 1 7764 5 3 20 19
11813 1 30361 9 2 2 2
13330 1 4080 3 2 4 3
40919 0 27595 12678 12678 40552 40551
26579 0 27595 7095 7094 36222 36222
20569 1 7364 6 5 12 6
27835 1 30774 2 2 2 2
2212 6 39573 39973 39973 1971 1971
29644 1 22647 2 2 9 8
28102 1 13943 3 3 4 3
39806 0 4094 4286 4286 2740 2740
11333 0 1873 58 58 3967 3958
7708 1 7707 3 2 5 4
20826 6 37122 6555 6554 15044 15044
35116 1 2058 2 2 6 2
4697 1 3858 3 2 4 2
11455 4 7090 177 173 8 8
40921 0 10175 12020 12020 40766 40760
38431 1 28014 2 2 4 4
12033 1 19844 4 3 4 2
5245 0 33893 8913 8913 34681 34681
34222 0 38513 2382 2382 20433 20432
8695 1 8694 4 4 6 3
3104 1 3103 7 7 7 6
15438 1 11384 3 3 4 2
31721 1 24228 3 2 2 2
2370 4 3245 69 50 3 3
8754 1 6098 5 3 4 3
8754 1 4244 6 3 4 2
18988 0 27345 120 120 7678 7677
40923 0 13663 10026 10026 40864 40843
11049 0 722 12 12 10849 10841
38784 0 6570 60 60 16365 16350
16141 4 16183 5711 5709 372 372
496 1 32512 4 2 2 2
37743 1 14493 2 2 16 13
5090 1 38941 5 4 3 3
34217 1 30032 3 2 3 2
16865 1 8774 2 2 5 4
26008 1 24248 6299 6297 297 297
37763 1 3707 2 2 2 2
22457 6 34682 39401 39401 38045 38045
33138 1 11811 2 2 2 2
25767 4 33687 1238 1238 1681 1681
13958 4 28025 95 87 3 3
656 1 37010 4 2 3 3
10583 1 2117 7 3 9 2
20736 1 17537 183 183 339 338
10184 0 28333 436 436 410 406
38142 0 26564 32032 32032 35510 35510
3096 4 25112 159 151 5 5
15613 0 15381 473 473 23268 23264
22584 1 12684 5 5 5 3
10350 1 13671 4 2 3 3
7514 1 25165 4 2 5 4
25852 1 20593 2 2 3 2
14893 0 27550 2346 2346 11573 11573
22787 1 22786 2 2 3 2
5300 0 27067 2479 2478 14107 14107
622 0 8078 18 18 1158 1147
24444 8 33475 195 195 4772 4772
35002 0 19318 1425 1425 19751 19749
5466 0 115 489 489 16344 16328
19843 0 2682 3 3 28 27
22395 0 5140 92 92 3040 3036
20504 0 11647 19 19 6489 6480
11184 4 27448 16110 16101 30 30
33563 0 18375 5067 5067 10 10
19846 1 18645 19121 19119 6279 6278
23722 0 20561 6324 6324 11923 11923
36869 1 18872 2 2 8 3
1358 1 1357 8 6 3 3
13443 1 1717 4 2 4 2
9968 1 13305 3 2 8 4
6222 1 29825 34 33 4 3
19156 0 89 1870 1870 28860 28842
28882 9 3696 2 2 2 2
40924 0 22072 366 366 38972 38968
30066 1 7387 3 3 95 93
15533 0 7387 258 258 3735 3729
6506 6 39335 747 740 72 72
29368 0 40057 40080 40080 33913 33913
27225 6 33459 82 75 11 11
34773 0 34386 878 878 38891 38889
40449 0 1803 1842 1842 9623 9615
21774 6 9252 7724 7724 8615 8615
18483 1 17730 4 3 4 2
18247 1 33545 2 2 2 2
38623 0 5839 2209 2209 28918 28913
4359 1 29197 3 2 10 6
29197 1 13612 6 2 5 2
27198 1 6242 3 3 10 5
27447 1 4053 12 12 66 66
13806 1 28087 14 14 4 3
40925 0 19888 23695 23695 40641 40641
9983 4 21913 606 604 37 37
20348 0 11447 18 18 37 37
38036 0 1666 890 890 12922 12911
32679 0 34089 21764 21764 21639 21639
35965 4 17251 3549 3549 942 942
18481 6 27900 28451 28451 8133 8133
37628 1 32564 2 2 3 2
4466 1 21189 5 4 5 2
640 1 7220 4 3 3 2
24070 0 18975 5150 5150 14500 14498
2758 1 22165 2 2 3 2
4556 1 9927 5 3 11 7
40353 0 10745 18752 18752 39404 39399
19632 1 35311 2 2 2 2
39784 1 31199 2 2 2 2
4594 0 5891 25 25 2895 2891
4491 0 19288 6092 6092 36813 36811
30729 4 33668 162 162 61 61
34985 0 3925 2600 2600 15852 15848
28487 1 7168 9 9 7 3
26416 1 36198 4 2 2 2
34811 0 1272 2648 2648 11895 11878
3263 1 2390 4 2 7 4
11689 0 15537 5 5 46 43
28752 0 4416 1 1 5 4
27422 0 8663 5 5 7801 7799
5643 1 3754 6 5 3 2
11366 1 26527 7 3 5 2
24792 1 893 2 2 3 2
6657 1 21399 3 2 2 2
18566 1 6657 2 2 3 2
39413 0 5325 61 61 12890 12864
11969 1 26616 907 907 164 163
36488 1 6245 2 2 7 3
11151 1 17991 5 4 5 3
3136 1 16161 9 8 4 3
30980 0 3884 1250 1249 13792 13787
30250 1 32816 5 3 3 3
4638 1 29948 2 2 3 3
27855 0 9636 15492 15492 15024 15024
22777 1 35880 5 3 2 2
3901 1 1387 7 6 11 11
22243 0 13777 3906 3906 31136 31127
5542 1 30223 8 4 3 2
38033 0 20954 19785 19785 39377 39377
29753 0 15565 1307 1307 11588 11580
29266 4 13537 495 495 1603 1603
1937 6 25054 18445 18442 10041 10041
21124 0 14843 2837 2837 38925 38922
40927 0 290 29234 29234 40559 40513
31744 4 8674 2209 2208 258 258
40127 0 2558 414 413 11302 11287
2529 4 12558 411 404 26 26
7694 1 33571 5 2 2 2
22610 0 27194 26 25 570 565
30249 0 6066 25549 25549 38641 38640
658 0 13432 923 923 6651 6645
40928 0 9369 9593 9593 40091 40090
38434 0 9010 6984 6984 14630 14629
30241 6 28445 70 67 2 2
35998 1 12005 136 136 12 9
37809 2 18294 1713 1712 2197 2195
11424 1 34792 14 7 3 3
35840 0 11072 627 627 35767 35762
28978 1 22902 2 2 2 2
11576 6 38596 17941 17939 2071 2071
1930 4 36216 354 347 6 6
7939 1 10211 5 2 4 3
28794 4 27413 471 471 220 220
5741 0 1817 20979 20979 4304 4304
5741 6 31343 14 11 4 4
19214 6 3845 1297 1293 43 42
23468 1 1116 17 15 7 5
19251 1 13436 7 6 42 38
30832 0 17008 19129 19128 8098 8098
10086 1 10085 2 2 5 2
20123 1 21785 4 3 7 4
29801 1 16682 2 2 5 2
2714 6 17927 321 277 50 46
3544 6 29062 95 84 2 1
16737 0 2582 529 529 15297 15293
37791 0 27732 13 13 1271 1266
17526 4 11245 10611 10609 161 161
1533 0 604 1365 1365 6282 6271
39727 1 9142 2 2 11 6
13018 3 4849 7 5 26 25
32445 0 36854 145 145 31044 31042
30065 6 21979 428 428 5317 5314
1742 6 21979 8834 8834 31548 31544
23039 1 22926 6 4 2 2
32339 1 27741 3 2 6 4
17262 4 33581 1926 1925 158 158
26419 1 3896 2 2 3 2
2404 6 17683 5039 5037 855 855
33189 0 14812 3631 3631 23492 23488
26452 9 7754 528 528 4423 4422
19015 1 28438 5 2 5 2
12913 1 9397 2 2 4 2
40931 0 27727 17143 17143 39997 39996
1419 1 22014 6 4 3 2
22075 4 35020 118 117 97 97
14470 4 37913 71 70 31 31
28719 0 7960 11125 11125 37291 37291
8597 1 843 2 2 6 2
14278 0 7240 8997 8997 32849 32832
2970 0 8651 4564 4564 12185 12184
17407 6 4098 34020 34019 13233 13233
15599 5 6014 294 294 4394 4391
23298 0 37796 4 4 22 20
23743 4 1839 18217 18213 491 491
9242 1 9241 2 2 8 6
40932 0 8840 11111 11111 40804 40796
20097 1 39891 6 3 2 2
28366 1 34247 10 9 3 3
23644 0 37462 13885 13885 3301 3301
9572 9 9571 286 286 2 2
30724 1 28310 2 2 3 2
18933 4 6687 361 359 10 10
17759 0 2861 1025 1025 31584 31575
40933 0 15371 18246 18246 40530 40526
38707 1 6267 2 2 3 2
4208 1 4207 4 3 6 5
15219 1 38553 4 3 2 2
23158 4 15716 469 469 345 345
21950 1 27256 11 9 4 3
34499 0 3934 5040 5040 32787 32784
35578 1 3227 2 2 4 2
7908 1 6243 354 347 28 27
1914 6 14604 815 791 8 8
38010 0 30717 7234 7234 34138 34137
40934 0 22330 9344 9344 40606 40606
36509 0 1481 8872 8872 35600 35599
17630 1 5576 10 9 6 5
16260 4 1174 40 34 3 3
8162 2 27707 249 249 322 322
28523 9 16965 2 2 4 4
40935 0 16658 16465 16465 40715 40712
25614 0 86 233 233 12274 12271
18620 3 6300 15 14 142 141
10303 0 1380 1328 1328 6023 6008
37033 0 20187 648 648 287 286
26386 0 18443 14342 14342 4082 4082
38926 0 5480 9955 9955 25134 25133
29831 0 12577 4 3 58 51
15782 0 21097 578 578 12497 12494
22438 1 8094 2 2 7 5
40936 2 3999 161 161 40786 40746
1838 0 11464 1587 1587 13242 13240
14405 6 31106 979 976 238 238
38576 6 23883 188 188 1912 1912
17088 4 35425 4863 4863 565 565
849 10 13402 3 3 4 4
31905 1 5241 5 4 13 11
5409 0 9991 670 670 13119 13117
7245 0 31986 4604 4604 24792 24791
34983 1 16742 3 3 4 2
10762 1 12714 4 2 3 3
10953 0 273 55 55 1671 1657
26769 0 1194 9 9 44 42
12790 6 38666 6 5 9 8
20833 0 14547 7384 7384 28802 28802
31477 0 20633 89 89 5202 5200
25922 1 17748 7 5 6 5
35874 0 3549 103 103 6843 6828
24436 1 2798 2 2 5 4
25966 1 11230 2 2 7 5
16275 1 18980 4 2 8 4
7862 4 17841 369 366 102 102
12959 0 12265 1508 1508 14975 14975
40938 0 25310 33395 33395 39941 39939
35627 0 3269 9 9 38 35
18098 1 22245 9 3 2 2
35614 0 5846 3 3 367 338
29207 1 24456 4 3 6 3
1048 1 24443 4 3 4 3
22767 5 6095 1 1 7 4
12231 0 16476 1 1 26 20
19496 1 30112 2 2 6 3
40940 0 7382 11792 11792 40724 40721
8838 1 20614 7 4 4 3
30101 1 30632 4 2 11 9
9830 1 34527 5 4 3 2
40941 0 13946 2062 2062 39367 39365
28643 0 11339 9 9 2740 2736
13847 1 14386 4 3 14 12
27260 1 35256 4 3 6 5
35120 4 33416 2455 2452 67 67
6728 1 6727 18 8 5 3
