1678 7 40551 416 182 2 2
1678 7 18056 435 199 2 2
1678 7 30089 565 328 3 3
1678 7 36781 759 519 3 3
1678 7 18000 259 29 1 1
1678 7 9202 237 8 1 1
1678 7 26036 27409 27167 14 14
1678 7 35669 413 180 2 2
1678 7 40887 35816 35573 129 129
1678 7 38204 6232 5991 4 4
17935 9 35175 8 8 2 2
785 8 10116 34897 34431 285 285
785 8 37575 800 357 6 6
785 8 21817 35139 34672 39 39
785 8 18729 690 248 150 147
785 8 12268 1172 727 2 2
785 8 29200 20500 20046 54 54
785 8 23537 39262 38791 1896 1896
785 8 6770 36021 35553 374 374
785 8 1493 29254 28793 28 28
785 8 28822 31600 31138 41 41
785 8 15703 27189 26731 453 453
785 8 8245 22309 21853 78 78
785 8 36761 40069 39597 725 725
785 8 155 16960 16507 10 10
785 8 39420 26578 26121 33 33
785 8 38749 27958 27499 230 230
785 7 11761 23059 23045 76 76
16176 4 33688 1328 1326 955 955
18671 0 11241 3 3 32 17
19621 0 11241 3 3 19 5
15582 0 4030 14 14 360 331
25033 0 4030 1 1 29 4
31351 0 4030 17 17 266 238
19165 0 2969 40 40 755 746
21012 1 19165 4 2 3 2
16748 6 29001 6 5 8 6
31740 0 1183 5 5 376 333
26184 1 32091 21 18 4 4
32091 1 26184 4 4 17 14
4194 1 6975 2 2 2 2
6975 1 3569 3 2 7 2
15602 0 4367 121 121 8087 8058
6546 0 4367 10 10 225 198
24512 1 24859 2 2 2 2
33182 0 5053 17502 17502 36570 36567
5945 6 10270 5 2 4 3
5109 0 22368 273 273 3247 3242
20774 0 8060 22 22 6 6
12274 1 9268 2 2 2 2
12842 1 15886 6 2 3 2
13394 1 3789 5 3 2 2
13394 0 3459 403 403 3126 3117
38200 3 8055 3 2 6 4
36698 0 586 13 13 1784 1706
13143 0 586 11 11 687 610
7684 1 586 3 2 12 6
586 3 772 204 193 64 63
586 3 3510 30 21 8 8
586 1 11276 5 2 4 2
38212 2 121 5 5 1044 548
34053 2 121 2 2 1015 521
21130 2 121 2 2 1035 540
22680 2 121 2 1 479 5
33440 2 121 5 5 941 448
37929 2 121 1 1 689 204
25514 2 121 5 5 648 164
31531 2 121 7 7 1332 835
15287 2 121 6 6 3410 2904
30007 2 121 3 2 534 54
33594 2 121 14 14 2961 2456
31050 2 121 14 14 10104 9596
10443 2 121 2 1 473 4
13776 2 121 2 1 483 7
28371 2 121 23 23 7263 6756
25046 2 121 3 3 805 316
29285 2 121 2 2 697 211
29029 2 121 1 1 591 108
39017 2 121 3 3 811 321
36587 2 121 18 18 2634 2131
29042 2 121 4 4 1884 1382
20341 2 121 2 2 803 315
33915 2 121 6 6 1841 1341
14588 2 121 2 1 494 16
121 6 39924 910 906 201 201
40757 0 1311 731 731 13787 13770
40804 0 1311 137 137 16718 16700
1311 0 896 28 28 79 74
18270 1 18269 4 2 2 2
13049 0 4990 16 16 10403 10383
36351 0 4990 6 6 658 639
29179 1 10971 2 2 2 2
23886 0 6769 4 4 3 2
30612 0 4411 3664 3664 7336 7335
14866 0 3633 8 8 37 32
35748 0 11399 3518 3518 35971 35964
31413 0 15186 3 3 4 2
20145 0 11015 298 298 272 271
40728 5 914 25 25 13777 13486
28450 5 914 76 76 12431 12141
7848 5 914 2 2 343 62
35945 5 914 1 1 299 19
25546 5 914 7 7 7447 7158
38155 5 914 1 1 284 7
36490 5 914 6 6 5881 5594
31958 5 914 172 172 20551 20259
16022 5 914 31 30 1249 965
1595 5 914 9 9 795 512
5734 1 377 4 2 3 2
22785 0 5734 180 180 550 549
1255 6 24915 309 309 20680 20680
14244 1 11981 2 2 6 3
19390 0 4369 14 14 230 211
15364 0 4369 24 24 2081 2061
6533 0 4369 2531 2531 27500 27478
20079 0 4369 143 143 29636 29613
3634 1 4369 5 2 2 2
10990 1 4301 7 2 3 2
16398 1 2783 4 3 3 2
2783 1 1316 10 3 6 2
31737 0 16660 3 2 14 1
40758 0 6286 4771 4771 19621 19609
36771 0 6286 5 5 33 23
23301 0 6286 23 23 111 100
6286 1 7865 5 5 3 2
40759 0 45 5429 5429 22466 22463
45 1 44 14 3 2 2
30663 4 40225 23 22 14 14
14235 0 20549 130 130 5008 5003
20549 1 8731 3 2 6 2
15727 0 20842 5 5 4 3
28017 0 10090 287 287 37481 37466
40795 0 10090 4786 4786 33154 33140
32851 1 11382 23 23 7 6
21858 0 14369 4 4 124 120
34003 0 20650 11 11 10 9
5656 1 624 4 3 7 2
624 1 34337 7 2 2 2
32035 1 33317 2 2 2 2
6074 0 11052 598 598 239 239
6074 1 6073 3 2 2 2
31355 4 35983 229 226 61 61
10203 0 23680 421 421 4044 4044
34114 4 1598 66 65 7 7
15430 4 617 18 4 4 2
617 6 23164 2545 2530 2244 2244
40760 0 3796 6840 6840 31346 31334
40898 0 3796 125 125 4131 4120
27089 0 25460 1 1 9 1
38920 0 20791 64 64 14 14
26740 0 15987 35 35 321 316
26740 5 4475 2 2 22 2
33592 0 3640 2 2 207 138
21749 0 16741 3 3 13 9
40287 6 21134 5 5 6 6
14022 1 6297 7 3 2 2
14504 1 14022 2 2 6 2
40761 0 448 3174 3174 16390 16365
23685 1 146 3 2 4 3
24780 0 39997 8727 8727 1227 1227
40762 0 1763 10535 10535 24694 24689
6572 1 6944 6 3 4 2
6944 0 1701 614 614 14565 14558
4031 1 9327 8 2 6 3
37067 1 10473 2 2 3 2
23647 0 1338 5 4 30 3
23277 0 13709 3 3 154 135
3947 0 12235 23 23 364 355
12250 1 12717 2 2 2 2
271 6 40026 1292 1265 459 459
14931 1 36099 7 5 6 5
36099 1 14931 7 6 8 6
36099 1 27949 2 2 3 2
14576 5 2971 3 3 89 25
13484 5 2971 1 1 62 1
7443 1 25067 4 2 3 2
16880 0 18633 432 432 6553 6546
16881 1 16880 2 2 5 3
17282 0 228 146 146 13087 13012
33871 0 228 93 93 15056 14980
40763 0 987 14496 14496 31262 31257
20046 0 4696 114 114 8297 8290
8415 2 7033 4 2 6 1
15870 1 18392 3 2 5 4
25017 9 18392 3 3 4 3
3787 1 8742 4 3 14 11
23980 0 3787 76 76 519 502
8742 1 19068 16 12 9 4
11482 1 10803 3 2 2 2
2901 0 30222 24142 24142 17737 17737
10757 0 3459 18 18 927 920
26302 0 3459 25 25 1581 1573
10581 4 27666 7600 7600 38120 38120
11449 2 6220 26 25 77 70
258 6 35861 2698 2694 511 511
25183 3 11235 6109 6109 19307 19306
15107 1 15106 2 2 2 2
20809 4 32820 751 732 192 192
20809 4 32206 221 203 12 12
4981 1 17073 5 3 3 2
16542 0 4523 40 39 104 102
40894 0 16542 9590 9590 18104 18102
10161 1 10160 3 2 5 2
10160 0 15134 528 528 5518 5511
26185 1 15249 2 2 2 2
1771 1 1770 9 3 3 2
1771 1 9610 8 3 5 2
1771 1 36226 7 3 2 2
24128 0 8842 310 310 4137 4134
26157 1 31405 4 3 5 4
31405 1 31404 2 2 2 2
6096 1 29574 5 2 2 2
31306 6 34770 149 149 6718 6718
65 9 439 2 2 2 2
9078 1 23938 3 2 3 2
10215 0 5164 193 192 10728 10718
1559 8 14508 145 127 11 10
1559 8 25902 36740 36721 566 566
23501 0 1668 44 44 5819 5748
20112 1 27611 3 3 2 2
29717 0 30926 2024 2024 17598 17597
40020 0 17095 8624 8624 32048 32047
23138 0 1929 3 3 608 380
38723 0 1929 2 2 226 3
27757 0 1929 4 4 265 40
35086 0 1929 3 3 336 110
20750 0 1929 9 9 224 2
38906 0 1929 5 5 254 30
18333 0 1929 2 2 413 186
15970 1 3369 3 2 4 2
8306 2 25327 14 13 20 13
25327 5 3250 41 41 248 236
32633 1 5596 6 5 6 3
30166 0 5644 11 11 88 70
3771 0 5644 8 8 64 47
36968 0 18425 415 415 1368 1365
4765 1 4764 4 3 6 3
17970 0 4765 21 21 226 221
13604 2 251 1 1 10 1
37309 0 30216 471 471 1550 1550
38488 0 19873 18396 18396 36822 36821
21703 2 1136 3 2 127 58
37709 2 1136 3 2 126 58
29422 2 1136 3 2 165 95
34900 2 1136 3 2 94 27
4319 2 1136 8 8 863 792
35289 1 33808 2 2 3 2
7560 1 5488 3 2 6 2
40937 0 5488 28925 28925 29464 29461
13163 0 5488 763 763 70 68
3087 1 18847 3 2 2 2
27819 0 3087 14285 14285 38117 38102
29206 1 25712 3 2 3 3
4485 0 608 9 9 557 192
4485 1 4213 5 2 6 2
2562 0 608 181 181 11623 11245
20006 0 608 420 420 19434 19046
40838 0 608 709 709 22541 22148
40777 0 608 134 134 20276 19885
39245 0 608 2363 2363 31144 30744
40814 0 608 78 78 10201 9825
14223 0 608 28 28 6651 6279
1328 0 608 25 25 19547 19158
40785 0 608 362 362 19402 19015
40830 0 608 180 180 24480 24086
28595 0 608 644 644 18676 18290
7793 0 608 511 511 24599 24204
40884 0 608 49 49 17953 17570
30256 0 608 6 6 5371 5000
33590 0 608 17 17 4205 3835
40793 0 608 723 723 27319 26923
37242 0 608 216 216 28153 27756
9757 0 608 167 167 8110 7737
21406 0 608 4 4 3466 3097
40764 0 29777 763 763 10049 10047
13128 0 959 2 2 2667 2636
35052 0 959 4086 4086 28812 28780
14092 1 7130 4 3 5 3
40765 0 18 775 775 25346 25346
37609 0 25129 3182 3182 25154 25149
3268 1 10028 3 2 5 3
40766 0 35564 27645 27645 13829 13829
15729 1 12999 41 38 17 15
12999 1 15729 18 16 43 40
35258 4 25396 54 54 33 33
38187 1 29741 2 2 4 3
38187 0 2275 91 91 7547 7515
40767 0 15247 33265 33265 33180 33177
27131 1 17012 2 2 2 2
15936 0 23068 7 7 8 6
7803 1 13968 21 19 33 31
13968 1 7803 42 40 32 30
40572 0 32910 14973 14973 20873 20870
39830 0 32910 4 4 22 20
14004 0 25065 3 3 7 4
25065 0 4789 21 21 1504 1502
32733 0 248 35 35 152 143
10121 0 248 7 7 353 343
30194 0 7722 4 4 147 135
23606 0 4877 41 41 899 888
32247 0 4877 2 2 55 45
30622 0 2318 2 2 156 37
26982 0 2318 21 21 606 478
9320 0 2318 13 13 506 381
26224 0 2318 462 462 5601 5470
18713 0 2318 20 20 914 785
38875 0 2318 12 12 581 454
3443 1 12083 5 4 3 2
13887 0 3443 16 16 215 205
18271 0 3443 12 12 233 222
4423 0 24850 3 3 10 9
1038 4 13190 338 173 52 52
1038 4 40447 2124 1954 114 114
1038 4 33781 670 502 114 114
1038 4 31677 200 37 5 5
1038 4 7455 11438 11263 613 613
23751 4 8080 3553 3549 34 34
8080 4 23312 65 62 38 38
25625 5 2176 4 4 1656 1552
24036 5 2176 3 3 1266 1163
18415 5 2176 12 12 4542 4437
29637 0 28168 10 9 26 21
17924 0 7315 7731 7731 34603 34598
13300 0 11301 301 301 5991 5979
13300 6 14769 1797 1794 8517 8516
25115 0 11301 407 407 5287 5277
20438 0 11301 468 468 5714 5703
37862 0 11301 24 24 179 170
34851 4 31118 16 15 6 6
40242 0 24346 4887 4887 10997 10994
26644 1 4985 4 3 3 2
26644 1 16054 3 3 3 2
8110 0 12168 3 3 70 35
36165 0 12168 1834 1834 22591 22554
22455 6 27199 1659 1659 32864 32864
7288 1 36878 2 2 2 2
19322 5 7288 92 92 1898 1883
40768 0 1784 29 29 10132 10086
15769 0 1784 6 6 671 626
40438 0 1784 1637 1637 35342 35294
40839 0 1784 1279 1279 32650 32603
27441 0 25270 37246 37246 31026 31025
25270 0 6354 23344 23344 21038 21035
12380 1 20717 5 2 3 2
3729 0 20717 40 40 1072 1061
176 1 25906 12 11 271 268
25906 1 176 237 234 16 15
40769 0 10981 7145 7145 29000 28999
24894 0 7247 17 17 33 24
27000 0 7247 640 640 29388 29378
17047 0 13439 22606 22606 39808 39808
40770 0 3005 9605 9605 30044 30030
12076 1 3005 3 2 8 3
12740 4 40747 35778 35778 36316 36316
16545 1 14634 2 2 9 2
4313 1 3457 11 5 8 4
1482 0 13752 21 21 10 10
1482 1 35255 6 2 5 4
11251 1 13752 3 2 3 2
28721 1 22741 2 2 2 2
28721 0 15897 3 3 9 7
3761 0 8987 4107 4107 4254 4254
8987 3 23784 40091 40091 35243 35243
7280 1 26118 3 2 2 2
28912 1 26118 3 2 4 3
38386 0 1904 2 2 4 2
6607 1 11157 4 2 2 2
637 6 31616 30764 30719 14824 14824
637 6 39715 10642 10598 8144 8144
637 6 14054 48 9 16 16
637 6 39536 5599 5556 1335 1335
637 6 23571 1779 1738 2251 2251
637 6 40404 3144 3102 1410 1410
637 6 29851 1308 1268 1398 1398
5767 4 21704 21 3 3 3
3432 4 7926 5 3 3 3
3509 0 3407 3 3 12 9
13238 0 3407 14 14 91 87
26647 1 3407 4 3 7 2
24287 1 17938 3 2 7 5
36533 9 24287 3 3 6 5
17939 1 17938 2 2 4 3
9673 1 8487 6 3 7 4
7998 1 9673 5 2 4 2
8487 1 7998 4 2 5 2
3814 1 3548 5 2 2 2
23744 0 296 9 9 866 716
21505 0 296 12 12 769 620
7397 0 296 3 3 155 15
10506 0 296 4 4 151 12
38028 0 296 3 3 182 38
12013 0 296 4 4 414 267
15119 0 296 6 6 156 15
36945 0 296 15 15 2569 2418
36798 0 51 29 29 1445 1249
38369 0 51 2 2 289 96
40705 0 51 759 759 8410 8211
20387 0 51 10 10 228 36
40810 0 51 2974 2974 26005 25803
27837 0 51 5 5 1007 813
5886 0 51 8 8 1331 1136
20051 1 20050 3 2 4 2
20861 1 5558 3 2 4 2
26868 0 6233 8 8 47 38
26868 1 5872 4 2 6 3
37434 0 917 5 5 61 58
25228 0 917 70 69 23 21
20402 0 16155 34 34 289 288
30004 0 2482 5 5 54 45
18986 0 2482 11 11 838 828
39024 0 29467 1309 1308 942 941
38724 0 29467 2474 2474 9508 9506
36561 5 129 2 2 113 69
1583 0 129 131 131 20289 20280
406 1 1287 5 3 13 5
23997 1 406 3 2 3 3
18173 1 1287 4 2 15 6
40882 0 1287 544 544 28860 28820
332 0 1287 10 10 98 60
18612 4 33576 77 58 10 10
18612 4 19325 91 71 3 3
12266 4 18612 12 5 2 2
5940 0 532 5 5 83 7
1521 0 532 2 2 76 3
40279 0 532 2 2 87 10
30426 0 532 2 2 91 13
15231 0 532 4 4 80 6
40771 0 10613 30990 30990 32059 32048
29184 1 22723 3 2 3 2
29184 1 30903 4 2 4 4
6386 0 26454 747 747 16280 16276
3277 1 37105 2 2 2 2
31630 0 33081 23810 23810 40855 40854
33081 0 3606 1499 1499 6434 6421
1354 1 1353 2 2 3 2
4940 6 40772 29409 29407 1678 1678
4385 0 4940 22 22 315 305
29446 0 4940 262 262 12209 12198
24366 1 7539 2 2 2 2
9683 6 40773 20073 20072 10539 10539
40773 0 2732 15983 15983 32832 32829
33864 0 13576 7 7 40 35
28351 1 685 2 2 3 3
35900 3 685 3 3 15 12
8053 1 32295 8 2 3 2
35212 0 8053 4 4 14 12
8643 0 1819 3 2 52 46
7117 1 8643 4 3 3 2
24594 5 1819 4 4 5554 5513
3210 5 1819 2 2 50 11
27467 0 31416 11265 11265 40578 40576
464 1 3675 2 2 6 2
3675 1 12232 9 3 4 3
3675 1 19310 8 3 3 2
4006 1 7203 5 3 4 3
1307 1 11050 3 2 11 2
10097 6 15251 3495 3495 1817 1817
21168 1 10097 4 3 4 2
23083 0 26718 12589 12589 6459 6459
21673 0 26120 10681 10681 25562 25561
26120 0 6426 8 8 48 40
24650 0 27939 8645 8645 36442 36438
38457 1 9568 2 2 3 2
27178 0 2497 11 11 24396 24296
31174 0 2497 3 3 17838 17739
19058 0 2497 5 5 1037 945
23035 0 2497 3 3 4374 4279
5147 0 2497 40 40 6055 5958
5305 1 1 9 6 3 2
29442 1 5305 5 3 7 4
12784 4 1630 441 435 7 7
12784 4 5463 65 60 3 3
25315 1 20655 5 2 4 3
8198 0 20655 8741 8741 37051 37047
20655 1 5129 3 2 6 2
931 0 2275 14 14 8683 8650
11433 0 2275 2944 2944 33177 33143
14758 0 9787 9 9 926 907
36898 0 1686 208 208 15472 15464
40774 0 16369 11749 11749 19887 19882
17226 1 10110 2 2 3 2
27870 2 2023 1 1 57 8
18478 2 2023 11 11 1675 1622
11490 2 2023 2 2 189 137
20278 2 2023 8 8 3003 2949
16554 1 29212 4 2 4 3
29212 0 34093 1574 1574 400 400
36825 0 20796 23 23 19 14
5335 5 9988 3649 3649 23952 23949
29725 5 9988 15 15 811 809
1864 4 39744 503 422 210 210
1864 4 12986 219 140 11 11
1864 4 9221 234 154 30 30
1864 0 1703 4 4 84 52
12378 1 3604 3 2 6 3
9895 1 13428 6 2 2 2
15667 1 15666 2 2 4 2
2507 3 4435 401 400 318 318
6789 9 2507 5 5 11 10
16918 1 2507 3 3 2 2
20071 4 20803 45 40 4 4
20849 1 14778 5 3 2 2
13053 1 24622 2 2 6 2
40284 1 24622 2 2 4 2
19366 0 20234 2780 2780 14044 14042
26315 0 19366 3 3 18 11
35882 2 2524 336 335 1884 1840
33234 2 2524 4 3 57 15
40939 2 2524 122 122 25365 25320
8199 0 15331 8 8 21 19
19502 1 12706 3 2 3 3
11732 1 7659 3 2 8 3
29649 0 11732 818 818 21946 21938
7659 1 7279 7 3 7 4
12815 4 27688 1808 1785 83 83
12815 4 20570 1666 1644 159 159
26871 0 2084 11 11 4 4
4955 6 15531 2 1 4 1
8178 1 11153 2 2 2 2
2181 6 20785 705 688 703 703
2181 6 11583 1563 1545 686 686
23792 0 30977 21 21 286 281
4102 4 38587 216 205 159 159
40775 0 35896 30040 30040 14057 14056
6696 1 21296 4 2 3 2
21295 1 6696 2 2 3 2
8023 1 21296 4 3 4 2
3303 0 10707 217 217 5373 5347
17408 0 4099 543 543 6563 6562
23226 0 34449 16711 16711 40250 40249
4136 1 4135 4 2 2 2
39465 0 16668 2825 2825 24768 24764
16257 0 23562 1005 1005 3035 3029
4227 6 32367 15620 15617 430 430
40607 0 4227 4237 4237 13275 13272
16679 1 16678 2 2 2 2
1122 9 23212 3 2 2 2
23212 0 2918 2 2 349 273
7532 1 7531 8 4 4 3
29273 1 14570 2 2 6 3
5949 0 3779 2 2 256 205
8913 0 3779 63 63 5153 5098
23795 2 2580 1 1 55 17
9939 2 2580 1 1 221 179
20115 2 2580 1 1 44 8
36622 2 2580 1 1 54 17
15250 5 2644 1 1 29 13
4951 1 5069 3 2 6 3
7948 1 8993 4 2 2 2
3755 1 18943 4 2 4 3
18943 1 30961 2 2 3 2
17857 1 11523 4 3 3 2
6924 4 37669 323 308 103 103
6924 4 25551 321 307 113 113
30696 4 40310 9833 9833 27571 27571
5259 0 9217 7 7 177 169
28032 0 5259 592 592 6380 6372
20159 4 23395 68 67 12 12
17347 4 20159 80 76 6 6
3882 4 10151 38 38 2 2
8811 0 2340 47 47 1558 1556
32387 0 8811 2345 2345 16270 16267
35192 0 2340 86 86 23873 23870
19066 6 13595 37647 37641 14260 14260
2887 0 2938 9 9 13 10
2887 1 7436 4 2 6 4
15497 1 2938 2 2 3 2
25015 4 28828 2515 2515 8020 8020
21810 4 25015 55 46 11 11
3850 0 160 5 5 201 164
15553 0 160 9 9 1192 1151
17933 0 160 8 8 594 555
30234 0 2731 5 5 327 300
46 0 14274 157 157 340 334
14834 1 16497 9 6 5 2
14834 1 8390 4 3 7 3
14834 1 5110 6 4 14 5
40922 0 14834 1141 1141 15214 15209
11673 1 5110 3 2 11 3
29358 0 2687 2 2 37 3
8288 0 2687 2 2 38 3
33791 0 2687 1 1 34 1
33543 0 40596 31737 31736 18517 18517
172 4 7119 28078 28077 6132 6132
35331 5 172 1 1 353 12
28580 5 172 2 2 413 68
18603 5 172 10 10 13521 13163
36972 5 172 2 2 417 71
78 5 172 1 1 348 8
33614 5 172 3 3 407 63
35822 5 172 3 3 385 42
39121 5 172 4 4 571 222
22074 5 172 56 56 8824 8467
20314 5 172 5 5 1732 1377
1118 5 172 4 4 738 387
21326 1 23555 5 2 3 2
2173 6 38083 16 5 2 1
2173 6 18659 577 565 2709 2709
33947 4 39713 565 565 673 673
18377 3 4166 3 2 5 2
34858 0 18783 3421 3421 40842 40841
3968 1 5813 2 2 8 2
11261 1 5813 2 2 6 2
5813 1 31835 11 4 7 6
36714 0 38851 6306 6305 760 760
30857 0 30511 309 309 3113 3112
1365 1 15439 3 2 5 3
39987 0 81 5 5 97 50
36104 0 81 2 2 48 3
5785 0 26217 18 18 38 34
19380 0 26217 5 5 7 4
6787 1 26217 6 3 3 2
16634 0 9747 4 4 37 21
36078 1 7833 2 2 2 2
32975 0 9558 15 15 36 36
32975 1 32002 2 2 2 2
22353 1 15922 4 2 2 2
1604 1 6991 3 2 3 2
2547 1 14925 2 2 3 2
14212 0 14737 4 4 20 8
4130 0 3621 4 4 14 7
24323 0 3621 3694 3694 29410 29402
3621 0 9758 17 17 165 148
10319 4 33522 624 608 127 127
27683 1 39142 2 2 2 2
16503 1 110 2 2 2 2
40776 0 5310 6160 6160 12214 12204
25496 0 5310 6 5 24 15
1913 6 25274 148 143 51 50
33711 5 19257 2 1 8 1
32197 1 22383 4 4 6 6
23062 1 12031 2 2 3 2
26578 0 239 1451 1451 20844 20582
19936 0 239 207 207 11785 11525
40929 0 239 631 631 17677 17416
24226 0 239 49 49 4434 4179
20767 0 239 134 134 7698 7441
19429 0 239 36 36 4213 3959
32842 0 239 29 29 8302 8044
34670 0 239 18618 18618 33385 33120
23758 0 239 3 3 281 36
13023 0 239 8 8 1173 925
16182 0 239 44 44 2817 2566
17401 0 239 153 153 21253 20990
34239 0 239 13 13 4129 3876
2069 1 15760 15 5 5 4
22182 1 3014 4 3 5 4
31096 1 15639 4 3 4 2
15639 1 29383 6 2 3 2
15639 1 207 8 3 4 2
13398 0 71 11 11 337 274
2736 4 13398 131 82 2 2
13398 4 7720 8 1 1 1
20939 0 2215 4 4 9 4
7946 1 1765 3 2 3 2
1947 0 1249 7 7 1010 965
22728 1 16506 2 2 2 2
34810 9 22728 2 2 3 3
3254 0 2886 605 605 4420 4412
18890 4 37812 31 29 8 8
18890 4 28071 2960 2957 154 154
24803 4 28831 40 39 4 4
12939 1 23279 4 2 2 2
13702 1 12070 6 2 4 3
27600 0 7589 4 4 97 88
24117 1 1225 2 2 2 2
1110 0 20337 30 30 448 443
40926 0 20337 937 937 17082 17076
354 4 36395 20 17 4 4
24159 0 12803 2007 2007 10384 10384
26948 2 3620 6 6 949 924
37272 0 7800 6 6 160 149
23037 4 3762 14 12 6 6
33783 2 1326 25 25 5022 4885
22501 2 1326 3 3 561 425
31495 2 1326 2 2 343 208
19086 2 1326 1 1 282 148
38740 2 1326 2 2 274 141
38719 2 1326 1742 1742 38762 38624
36238 0 1326 43 43 1909 1895
18160 0 1200 15 15 22 22
23552 1 10327 4 2 4 2
40037 0 19153 1948 1948 23695 23693
33552 0 40037 13627 13626 15645 15645
7751 0 3712 695 695 39423 39414
7196 0 3712 76 76 2058 2051
28826 1 3712 6 4 8 2
26351 6 25426 718 718 962 962
17946 0 26351 129 129 9629 9625
10124 0 25426 34 34 45 41
6974 6 17672 507 506 15 15
19506 1 15393 4 3 3 2
32325 0 17590 18 18 4132 4124
40778 2 26169 8203 8203 19985 19985
36197 4 29170 155 155 26 26
1264 1 22448 6 3 3 2
40779 2 1646 920 920 27058 27017
40782 2 1646 5926 5926 29814 29772
40780 0 379 3012 3012 12592 12574
40828 0 379 3097 3097 12112 12095
14490 1 12757 3 3 5 2
34243 0 1244 8 8 564 283
12545 0 1244 13 13 954 668
28964 0 1244 3 3 282 5
4871 0 1244 19 19 358 78
17807 0 1244 16 16 3277 2986
14487 0 1244 6 6 2538 2248
40781 0 4921 19010 19010 24060 24057
9372 1 1508 2 2 4 3
2261 4 19476 58 42 11 11
2261 4 18565 79 62 11 11
5771 4 39949 63 55 22 22
13951 1 3521 6 2 6 2
18299 1 274 4 3 7 2
15954 1 34113 5 2 2 2
17141 0 21055 3 3 8 5
13878 1 26428 5 2 3 2
35918 0 391 7 7 79 76
39002 1 39001 2 2 2 2
4532 1 26446 2 2 2 2
11891 5 16320 93 93 8928 8915
13955 1 11289 4 2 6 4
1592 1 17240 7 2 2 2
15523 0 2604 17 17 5343 5305
36776 0 2604 2849 2849 39977 39935
40872 0 2604 7723 7723 34116 34075
6989 0 2604 129 129 1181 1145
38136 0 2604 7 7 99 64
31426 1 2604 3 3 11 3
12623 1 6107 3 3 5 2
22297 1 8322 4 2 4 3
21592 1 22297 3 2 4 2
4547 1 21674 13 5 7 4
32040 1 4547 2 2 6 2
7982 1 20572 4 4 4 2
7983 3 7982 2 2 2 2
31376 2 743 1 1 155 51
32748 2 743 5 5 1624 1515
36118 2 743 5 5 1549 1441
743 6 9450 6 5 4 4
39780 0 2807 6 6 1098 1095
4722 0 2807 27 27 1378 1374
35415 0 2807 1293 1293 19002 18996
15011 0 1542 94 94 2295 2275
10421 1 10420 5 2 3 2
26009 0 265 15 15 438 182
9536 0 265 5 5 344 92
15205 0 265 3 3 392 138
36270 0 265 7 7 727 466
39375 0 265 6 6 428 173
12974 0 265 18 18 448 191
25076 0 265 6 6 380 127
19351 0 265 9 9 299 49
11480 2 1534 5 4 10 3
40783 0 4407 16220 16220 25361 25361
4407 1 39995 9 2 2 2
8464 1 8424 6 2 4 2
23763 1 3300 2 2 12 7
24479 1 23586 2 2 3 2
28656 0 21 5 5 124 57
38617 0 21 3 3 69 3
39259 0 21 62 62 8667 8598
6493 0 3567 1740 1740 3210 3208
21912 0 22347 16 16 62 61
24178 1 9908 7 2 3 3
22121 0 351 5 5 1406 1282
25316 1 746 4 2 3 2
3063 1 4791 7 2 5 2
11495 0 4791 29 29 5258 5244
36889 0 883 4 4 276 62
22017 0 883 3 3 219 7
39078 0 883 11 11 1002 782
7495 0 883 5 5 298 83
7498 0 883 21 21 446 228
36527 0 883 16 16 1969 1747
31583 0 883 16 16 1705 1484
40784 0 14144 15524 15524 31513 31495
3408 6 8243 80 7 4 3
3408 6 8940 19386 19310 1248 1248
3408 8 38801 37318 37251 54 54
3408 8 28506 125 60 15 14
10233 4 38705 37 23 2 2
36048 6 18704 4243 4243 19252 19252
1046 7 36048 596 480 1 1
1962 1 1961 8 3 7 4
11585 3 21329 19 16 16 15
32391 1 11972 2 2 2 2
31739 4 18679 425 423 188 188
26785 1 7703 2 2 5 2
20520 1 6788 5 3 2 2
11565 1 37185 9 3 3 3
11565 1 12441 11 3 2 2
29689 1 11565 2 2 10 2
19922 0 8858 5 5 67 56
15795 6 39521 56 56 2123 2123
840 8 19493 15 3 18 16
840 8 36647 96 83 54 54
840 6 30428 31550 31537 27337 27337
26662 0 7523 2947 2947 19070 19067
26756 0 9311 33 33 2026 2015
12636 1 24788 7 3 2 2
20784 1 387 27959 27958 13081 13081
387 1 20784 16499 16499 32847 32846
12153 3 19756 12 11 2 2
13239 0 284 4 4 277 57
34758 0 284 18 18 221 6
35142 0 284 16 16 237 18
33324 0 284 15 15 304 83
24884 0 284 5 5 223 7
39131 0 284 8 8 370 147
26984 1 38840 4 2 2 2
9435 1 13227 7 4 10 4
5449 0 9435 32 32 46 45
31592 1 13227 2 2 11 4
23798 1 23297 114 111 430 429
21935 1 23297 3 2 2 2
4425 0 9880 7 7 13 4
17011 3 17169 6 4 11 7
7442 1 23836 4 2 4 2
7442 0 12505 5535 5535 12778 12770
23836 1 3274 4 2 4 2
17432 1 30826 3 3 2 2
11988 4 31236 4164 4163 141 141
31236 4 34496 3 2 3 3
1444 0 9048 5 5 136 121
5768 0 1444 263 263 5972 5937
39440 0 1444 155 155 8787 8751
20898 0 9048 32 32 9758 9739
2408 0 9048 5595 5595 12906 12886
33742 0 9048 761 761 9538 9520
38351 0 9048 9667 9667 27128 27107
6375 1 8324 3 2 2 2
37317 0 6230 3614 3614 39575 39573
10713 4 2207 473 468 8 8
40786 0 1672 2062 2062 11164 11129
40892 0 1672 21249 21249 35134 35098
28472 5 10737 1277 1277 19231 19228
10737 6 27038 80 76 6 6
21537 0 1027 5 5 190 40
35194 0 1027 4 4 501 350
39579 4 25695 168 168 15 15
12699 0 2137 1 1 13 1
27906 0 19986 17117 17117 39856 39853
19986 1 16852 4 2 5 3
30297 1 3771 3 2 4 2
39950 0 2362 4 4 9 7
16469 0 178 12 11 824 812
34721 0 178 14 13 742 731
9225 0 178 83 83 5652 5639
31063 0 2110 5 5 282 92
38241 0 2110 26 26 2580 2386
31237 0 2110 4 4 220 34
5590 0 2110 7 7 188 3
7272 1 33016 2 2 4 2
17837 0 7272 8 8 13 12
36109 1 33016 2 2 3 2
33016 1 33015 4 2 2 2
39272 0 12035 9 9 25 16
11022 6 27914 46 39 7 7
40787 0 5243 36943 36943 28501 28496
3741 1 18271 3 3 2 2
40788 2 593 46 46 27870 27844
27944 2 593 862 861 12966 12941
9102 2 593 58 56 44 20
40548 0 16045 98 97 28 27
758 1 10360 6 4 7 2
10360 1 10359 7 2 2 2
3223 0 3161 2 2 478 442
5881 1 18355 5 4 2 2
38969 0 16196 20 20 29 29
29347 0 1461 4119 4119 17195 17182
1650 1 16394 19717 19710 8903 8903
1650 1 16302 8 3 2 2
40174 1 1650 11814 11814 25018 25010
9952 1 37466 14 6 2 2
2245 0 2918 92 92 3279 3201
2245 1 2244 6 4 5 2
14233 0 2918 74 74 6134 6055
1079 0 2918 37 37 2970 2893
32727 1 24872 4 3 3 2
39701 0 5987 34647 34647 16824 16824
15176 1 18854 11 5 5 3
18854 0 7016 623 623 6522 6520
24327 0 3027 241 241 29899 29845
14366 0 24327 10072 10072 31326 31326
23190 1 13002 4 3 8 4
5729 1 20226 2 2 3 2
20226 0 13887 11 11 75 70
8274 1 8999 5 3 4 2
18181 1 8274 4 2 3 2
9428 1 8999 3 2 8 4
8511 1 31347 3 2 2 2
21811 0 278 5 5 183 10
33666 0 278 10 10 420 240
21874 0 278 3 3 180 8
29143 0 278 10 10 189 15
18106 0 278 11 11 194 18
39291 0 278 2 2 210 32
37756 0 278 4 4 175 4
511 0 15897 94 94 45 42
15736 0 1677 46 46 6997 6940
829 0 1677 10 10 263 208
27621 0 1677 265 265 9967 9909
29445 1 1550 4 3 7 4
18936 4 39578 41 40 30 30
34932 2 14540 8 7 9 5
647 1 6311 9 3 2 2
33210 6 17250 352 352 860 860
9637 5 1981 4 4 141 89
21619 5 1981 40 40 18759 18705
11643 3 3908 13605 13604 2832 2832
30998 1 7774 2 2 3 2
30998 1 2447 3 2 3 2
16669 2 916 2 1 144 7
8577 2 916 2 1 385 242
18018 2 916 2 1 413 269
35944 2 916 2 1 338 196
9258 2 916 2 1 548 402
34189 2 916 2 1 243 103
21737 0 2589 96 96 17207 17190
40303 0 2589 489 489 37349 37331
3167 1 6502 7 2 7 4
17014 2 3167 4 3 45 24
7204 1 3167 5 3 7 2
32383 0 427 2 2 90 20
13521 0 427 2 2 84 15
11437 0 427 4 4 108 37
16023 0 4958 5 5 7 5
5777 4 4318 13 1 2 1
5144 4 4318 10 7 5 3
4318 6 27523 230 226 393 393
19086 6 12484 4 1 3 1
12201 4 22304 83 77 79 79
10786 1 14577 4 2 4 2
20175 0 7143 4 4 12 6
1205 1 23424 4 2 3 2
35226 0 37189 88 86 133 131
19169 1 25362 3 2 3 2
14940 1 12227 3 2 5 3
12227 1 13800 4 2 2 2
2813 0 3170 140 140 121 121
3170 1 3169 6 3 3 3
35238 1 8601 2 2 4 2
36661 1 39486 3 2 2 2
17745 5 774 37 37 8194 8055
17745 2 1137 8 8 715 608
37417 5 774 1 1 134 2
29963 5 774 1 1 136 2
40735 5 774 21 21 9357 9217
23613 4 28865 287 283 2 2
24660 4 23613 41 38 2 2
6782 5 5167 32259 32259 40888 40868
34227 5 5167 49 49 5879 5860
5167 6 27267 2553 2552 681 681
40789 0 25921 2618 2618 19710 19710
18492 6 36549 3 2 3 3
864 1 14562 7 3 4 3
32699 0 14562 38 38 6126 6116
4521 1 25708 6 2 2 2
10559 1 10558 3 3 2 2
3083 0 26431 3864 3864 39984 39979
5974 0 9758 507 507 11090 11068
4522 0 9758 3 3 174 156
12683 0 9758 196 196 4758 4737
19 0 29519 43 43 31 29
38094 4 40790 26931 26931 15008 15008
36200 0 5055 13717 13716 17076 17076
204 1 3048 7 2 2 2
32488 1 204 4 3 5 2
40791 0 11084 11152 11152 26417 26399
33754 1 5275 2 2 3 2
32 4 32392 127 111 113 113
32 4 24489 66 51 80 80
12319 4 14836 4219 4214 43 43
27811 2 10916 16 15 31 26
30475 0 10916 2463 2463 5701 5701
15792 0 3763 2 2 7603 7598
8019 1 30805 7 3 3 2
2949 1 8019 5 2 7 3
30805 1 16646 9 7 6 2
35060 0 5892 4 4 17 10
11125 4 10606 2 2 2 2
25276 1 3926 3 2 7 2
13830 1 6490 21 15 31 31
13830 1 7308 8 3 3 2
6490 1 13830 63 63 35 29
1366 0 29 25 24 176 169
29 1 11186 4 2 4 3
6226 1 29 2 2 4 2
19987 4 11397 65 63 31 31
4506 1 9454 5 2 4 2
6037 0 39187 322 322 621 619
39187 0 11100 300 300 37187 37169
2381 2 12273 1 1 39 1
7324 2 12273 1 1 67 18
6513 0 650 104 104 834 792
37308 0 650 6 6 524 483
40792 0 9525 21139 21139 37467 37463
30839 1 10851 2 2 3 2
21181 5 232 25 24 182 173
11205 5 232 84 84 36153 36143
24984 0 232 71 71 1611 1605
38752 0 728 14 14 7637 7630
8716 6 31315 6 6 3 3
24013 1 23715 4 2 6 3
36734 5 985 3 3 164 99
7458 5 985 4 4 204 138
12641 0 39 8 8 348 146
7396 0 39 7 7 954 748
21862 0 39 8 8 591 387
21561 0 39 4 4 297 97
13466 0 39 3 3 520 317
17532 0 39 7 7 279 80
18621 0 39 7 7 1240 1032
1398 0 19101 10199 10199 40756 40754
13758 1 29291 3 3 4 2
4555 0 1115 866 866 6941 6932
39750 6 18050 516 516 13561 13560
11789 1 24319 4 4 4 3
24319 1 11789 4 3 3 3
7072 1 9237 10 4 3 2
13503 1 7072 3 2 4 3
25660 5 4520 3 3 22 18
38151 0 7155 857 857 5081 5075
4453 6 7580 3354 3348 207 207
7580 0 34614 847 847 5807 5806
26183 0 11186 65 65 3972 3969
35764 0 14617 2 2 13 12
4608 0 3699 4 4 700 680
40827 0 3699 764 764 8767 8746
8852 0 7403 491 491 10265 10260
8176 1 8852 4 2 3 2
193 6 27058 171 118 7 7
193 6 11869 55 3 2 2
193 6 18878 5430 5376 48 48
19842 4 22836 2616 2611 115 115
21930 1 21045 2 2 3 2
21930 0 12252 6 6 41 35
5745 1 14074 3 2 3 2
26613 1 9037 3 2 4 2
9037 0 3099 881 881 6188 6187
7396 4 28775 97 82 2 2
24578 3 23111 12 9 5 5
21061 1 25626 2 2 2 2
24011 0 12474 40625 40625 39836 39834
13829 1 16710 5 3 3 3
4185 1 13829 3 2 5 3
13829 3 25284 5 3 6 4
12211 0 6042 96 96 10499 10488
13978 1 2276 2 2 4 2
39294 4 26572 11105 11105 7620 7620
33294 0 3229 1 1 9 1
8108 0 3229 1145 1145 15955 15945
3229 1 22044 4 2 4 2
6633 7 40129 38966 38954 2179 2179
6633 7 12050 324 314 2 2
16200 0 1852 8 8 547 499
16201 1 16200 4 2 4 2
19710 6 10760 4 3 19 14
32734 1 3419 2 2 4 2
4779 1 14955 4 3 3 2
3716 1 1998 3 3 8 3
40577 0 3716 184 184 10006 9993
31620 0 3716 562 562 9573 9561
28941 0 3716 3126 3126 28227 28213
17519 0 3716 25 25 123 112
9620 0 3716 14 14 68 58
2915 1 12159 19 6 9 5
522 1 21041 5 3 4 2
522 1 13953 6 3 12 6
522 0 16646 5615 5615 36894 36894
32701 0 522 7 7 53 41
31153 0 36722 37939 37939 39469 39467
36722 0 1474 1733 1733 40259 40244
7592 1 9560 4 2 2 2
2035 1 8589 3 2 4 2
25494 1 8589 2 2 2 2
4666 1 4665 5 2 3 2
4665 0 6717 3 3 59 57
6144 1 19664 2 2 4 2
28456 2 1773 1 1 62 23
28456 6 22320 1098 1096 6331 6331
5443 2 1773 1 1 53 15
18213 1 18982 3 2 2 2
18716 0 37537 240 240 6303 6301
6882 9 10563 3 3 2 2
40794 0 32275 4804 4804 26827 26826
19296 1 6611 6 5 3 2
16065 0 36140 13 13 13 10
40829 0 16065 36829 36829 18654 18653
32071 1 23898 3 2 3 2
37285 0 184 7 7 306 10
39009 0 184 10 10 4328 4027
3395 0 184 2 2 297 5
32164 0 184 2 2 296 5
34310 0 184 2 2 292 4
39279 0 184 3 3 305 10
11281 0 184 5 5 328 29
30773 0 184 2 2 286 3
15734 0 184 3 3 302 8
5209 0 184 13 13 4390 4088
16507 0 184 3 3 310 13
40030 0 184 3 3 298 5
1190 6 31657 42 29 6 6
1190 6 39319 37 25 3 3
17492 1 20700 3 2 2 2
16074 0 18268 1 1 6 1
21289 0 18268 6 6 9 3
14746 1 23603 47 46 226 224
7078 6 36019 21 21 7 7
7486 0 7078 31 31 174 166
4225 1 13633 7 2 7 4
4225 1 11780 6 2 2 2
754 1 2375 6 3 3 2
1823 7 36030 24 23 27 26
6054 0 4123 13 13 498 464
6054 3 1296 2997 2995 9665 9664
3215 0 7911 8 8 40 37
6678 1 7911 3 2 3 2
16802 1 8850 9 5 5 3
1076 1 1075 9 2 3 2
1076 1 27277 10 2 3 3
18470 1 18469 2 2 2 2
7673 1 10866 4 2 4 4
7673 1 8629 3 2 3 2
8644 1 14101 4 2 2 2
493 0 1629 4 4 247 235
2736 4 26470 79 33 4 4
2736 4 34726 103 55 4 4
2736 4 35146 53 8 3 3
2736 4 33515 83 36 2 2
35179 0 19119 59 59 389 388
13379 4 19119 54 51 10 10
28508 2 3843 4 2 29 1
40099 2 3843 606 605 12417 12388
9537 1 3843 3 3 6 2
25746 0 11870 30990 30990 26778 26778
26637 6 24424 159 159 242 242
15305 5 2978 2 2 134 66
10135 5 2978 6 6 1435 1366
14631 0 3275 99 99 429 423
1043 1 14631 6 3 7 2
39736 1 21554 2 2 3 2
39736 0 4427 62 62 6077 6055
8260 0 7895 6 6 22 18
16624 0 8260 2690 2690 28290 28288
36792 1 37816 2 2 2 2
40796 2 3317 28 28 7610 7577
11856 1 2643 2 2 5 3
8104 1 4274 5 2 2 2
8104 1 12438 6 2 2 2
9749 1 13574 4 2 3 2
40797 0 19420 9308 9308 26939 26937
24056 0 9777 299 299 1517 1516
12866 6 7036 67 67 247 247
19409 4 36350 81 81 4 4
28857 0 706 13 13 47 34
19163 0 18538 9 9 30 27
16614 1 25570 5 2 2 2
16614 1 8351 4 2 3 3
24052 1 24051 2 2 2 2
29706 4 499 3 3 2 2
34810 0 17502 39753 39753 22901 22901
40798 0 38876 22046 22046 12002 12002
26283 6 40443 3852 3852 5433 5433
32794 0 18895 18 18 121 113
3034 2 1137 1 1 109 4
19442 2 1137 1 1 94 1
26122 4 31544 196 190 46 46
17880 1 20417 3 2 2 2
3499 1 20417 3 2 3 2
20434 0 21190 418 418 35 34
13327 6 22210 8 8 27 27
40799 0 5636 26639 26639 13050 13050
14768 6 24252 7 6 5 3
9578 0 473 5075 5075 36044 36041
20196 1 21248 3 2 2 2
21248 9 11908 4 3 2 2
6765 1 27335 4 2 3 2
37410 0 27335 21948 21948 37373 37372
12725 1 21889 3 3 3 2
19754 0 4059 3 3 17 14
9461 4 12081 2 1 7 6
8574 0 5381 14 14 91 81
8574 1 8573 7 4 3 2
29585 1 8574 3 2 4 3
13699 0 5381 405 405 14008 13996
36608 0 123 6892 6892 25621 25612
24094 0 123 1346 1346 20111 20103
516 0 292 3 3 650 405
31393 0 292 6 6 264 26
14242 0 292 4 4 347 105
33413 0 292 44 44 3953 3703
15177 0 292 6 6 720 474
39499 0 292 6 6 342 101
13524 0 292 4 4 419 176
31996 0 292 5 5 1111 863
26845 0 292 7 7 576 332
14814 0 292 2 2 241 7
13283 1 2720 4 2 5 3
2720 1 5598 5 3 6 2
34387 1 26855 2 2 3 2
26856 1 26855 2 2 2 2
37173 4 10091 4641 4641 9549 9549
19951 0 20010 48 47 676 669
40800 0 28344 25375 25375 30559 30558
24652 0 26678 160 160 2444 2440
27632 0 31556 3 3 38 36
8336 6 2824 1342 1342 679 679
14255 1 19144 3 2 4 2
20014 0 14262 181 181 9661 9656
40801 0 16573 21895 21895 23413 23409
2360 1 4933 4 3 6 2
40802 0 39415 11893 11893 26959 26959
30541 0 22903 655 655 2386 2385
20618 1 9942 4 3 6 3
38150 0 712 2 2 609 604
25109 0 7757 749 749 182 180
40803 0 5646 18215 18215 33996 33992
1003 1 5646 5 3 7 3
35081 1 28378 2 2 2 2
11590 1 29649 4 2 2 2
39026 0 29817 4355 4355 33888 33886
13903 6 32368 912 908 64 64
30745 1 37402 3 2 2 2
10159 1 38458 6 3 2 2
27696 1 6690 2 2 2 2
28744 1 6690 2 2 12 3
20852 1 6690 2 2 4 2
40885 0 6690 2983 2983 24173 24165
16732 0 10532 951 951 25618 25613
6916 0 19429 3293 3293 10295 10295
10276 1 9887 7 3 5 2
4800 1 9900 4 2 4 2
19570 1 4800 3 2 4 2
17182 1 2190 2 2 2 2
4461 0 19310 530 530 2037 2029
1046 7 18091 10588 10468 6 6
1046 7 18788 10275 10156 2 2
1046 7 39181 26524 26403 21 20
37226 0 11964 226 226 1879 1877
11632 9 24469 12 11 4 4
40699 0 12729 9894 9894 25395 25380
14428 0 772 67 67 100 91
19055 0 772 2999 2999 24188 24178
40710 0 31312 8828 8828 24008 24006
11686 1 5336 7 2 6 2
30852 1 3198 2 2 4 2
29243 0 26808 23939 23939 36501 36501
21449 0 12858 1 1 7 3
12857 1 21449 6 3 4 3
3233 1 4145 4 2 4 2
19055 1 19054 2 2 2 2
8310 6 12531 10 1 4 2
7557 1 7633 3 2 5 4
17844 0 7120 3237 3237 12742 12739
1269 1 11040 3 2 5 2
11040 1 14848 7 3 4 2
26676 0 8201 3567 3567 35367 35354
28241 1 7436 2 2 5 4
18458 9 31641 7 7 4 3
31641 3 37842 2 2 2 2
25873 0 2795 21382 21382 19733 19732
17430 1 14006 3 2 5 2
13991 0 6823 4 4 105 99
19570 1 23428 4 2 4 2
8288 4 37118 89 87 13 13
40805 0 33924 7746 7746 15324 15323
25230 0 6253 885 885 2405 2400
15292 3 10198 9 9 4 2
39489 0 11666 33685 33685 35375 35357
39489 1 15557 2 2 4 2
37831 2 11666 27169 27169 13267 13267
15516 1 12820 4 2 5 3
34071 1 12820 4 2 4 3
4175 4 8602 19 13 3 3
24042 1 5537 2 2 2 2
19211 0 4744 40 40 149 146
31371 0 7474 2472 2472 39782 39774
27812 0 7474 2233 2233 15782 15775
28947 4 15200 57 57 11 11
18660 6 21000 19279 19279 22046 22046
15472 0 25385 20220 20220 38950 38946
12507 0 13404 1061 1061 17765 17760
26342 1 17895 4 2 5 3
2152 1 8496 2 2 5 2
39760 0 574 21 21 576 533
40877 0 574 1614 1614 26318 26273
35412 5 11510 4 4 183 164
2085 6 10383 10 4 2 2
14202 1 14201 2 2 5 2
1043 1 20085 4 2 3 2
40806 0 6850 9228 9228 31041 31016
40503 0 9914 2832 2832 28293 28291
14770 1 14307 3 2 4 2
32716 1 17183 2 2 3 2
35390 1 3256 2 2 3 2
4482 4 9719 19490 19486 84 84
20428 0 3527 18199 18199 40579 40562
3527 6 20663 6676 6676 711 711
30409 2 35441 26 26 9 9
11083 1 5302 2 2 3 2
23196 1 10129 2 2 5 2
1066 1 29752 4 2 2 2
40807 0 3538 3676 3676 25359 25346
22793 0 3538 2 2 21 9
6768 6 24640 1163 1160 3589 3587
6768 6 10205 27365 27361 13976 13976
2869 1 15125 4 2 4 2
29302 0 15125 1238 1238 7719 7717
9588 0 1406 193 193 11772 11761
18159 0 17493 555 555 2578 2572
21497 1 33875 8 5 2 2
20938 1 22485 3 2 5 3
13056 6 39139 821 819 65 65
23942 0 26928 40 40 1374 1372
28004 0 6478 145 145 16 14
4747 0 22951 1 1 5 1
20860 5 2566 51 51 22004 21987
7590 5 2566 51 51 6392 6376
20768 0 17402 11 11 50 48
35193 1 20768 2 2 3 2
8572 0 5856 16 16 966 941
17370 0 5856 16 16 6813 6785
31972 0 5856 3 3 2015 1989
17380 1 15779 3 2 3 2
27964 0 16186 5 5 1976 1970
15981 0 1328 15 15 66 53
26071 1 9303 3 2 6 3
9303 9 21981 5 5 4 4
38768 0 29318 12 12 2369 2365
36229 0 18254 706 706 10527 10510
1019 4 596 30 8 4 4
1019 4 8780 88 65 5 5
23239 1 15927 2 2 3 2
30477 1 23239 4 3 3 2
21996 6 20017 7375 7372 4440 4440
21996 6 11995 321 319 182 182
25766 0 22616 2443 2443 22462 22459
9455 0 23399 3724 3724 24101 24095
23000 6 39446 420 420 125 125
122 1 7516 8 2 9 4
11412 1 19152 6 5 2 2
8803 1 27429 3 2 2 2
15261 0 14295 2180 2180 36881 36880
25268 4 21905 25 23 5 5
15504 1 8591 7 3 6 3
8591 1 16989 6 3 3 3
15601 10 15600 5 5 2 2
31927 1 15601 2 2 3 2
34363 5 8522 3088 3088 36508 36508
33641 0 19894 27354 27354 4474 4473
33826 1 19127 2 2 3 2
39523 0 2723 305 305 31763 31724
39523 1 21345 2 2 5 4
7540 0 2723 122 122 15815 15778
4541 0 2723 53 53 7598 7562
28671 0 7444 21 20 63 60
40808 0 40809 24105 24105 21702 21702
26933 0 1475 2009 2009 30623 30603
35848 0 18654 7 7 267 262
19162 0 18654 10 10 25 21
29185 6 40731 38848 38847 40495 40495
3467 1 3466 3 2 3 2
15345 5 4450 666 666 15604 15598
7117 1 7049 5 3 4 2
32624 6 26608 3952 3951 6168 6168
2269 1 2268 5 3 4 2
30613 0 6961 3 3 4 2
2956 4 29945 51 47 8 8
40706 0 10059 9180 9180 24992 24989
3866 4 38485 1534 1526 870 870
3866 4 24189 14 7 2 2
9119 0 21826 39539 39539 39372 39372
18389 3 999 5 3 5 3
999 3 18389 5 3 6 4
35808 1 32154 24615 24615 920 920
37756 4 40810 18489 18489 27589 27589
20583 1 27612 2 2 2 2
1020 0 3141 4 4 63 14
28305 0 3141 3 3 67 17
6564 0 11337 129 129 12 11
23511 0 15656 2 2 396 370
5394 1 2601 2 2 3 2
19679 0 5394 19 19 78 71
2004 1 24164 8 3 2 2
2004 0 30642 713 713 3151 3150
25774 1 12289 5 2 7 2
24676 0 24224 35 35 22 21
23848 1 8714 5 4 5 2
17814 4 3175 504 503 14 14
17465 1 17464 3 2 2 2
22570 1 22569 2 2 3 2
6630 0 4722 21 21 88 80
1142 0 4722 200 200 1549 1540
23700 1 24343 4 3 2 2
9573 6 3123 201 201 6212 6189
15354 6 3123 4 4 76 55
14853 6 3123 12 11 363 341
6067 1 28605 2 2 2 2
8474 4 17327 1111 1111 468 468
30941 1 3753 4 2 5 2
30941 1 33174 3 2 3 2
11546 0 4442 5 5 3050 3016
6865 4 2298 21 17 2 2
1021 1 207 7 4 7 4
2872 0 17555 1154 1153 40071 40064
268 0 17555 804 804 26071 26065
40811 0 2664 365 365 2678 2662
40871 0 2664 7492 7492 31411 31394
2664 0 2624 3 3 59 52
35435 0 12605 19 19 57 54
29862 1 29861 3 3 2 2
31789 0 494 2222 2222 29673 29661
22923 0 28916 16 16 17 16
27985 1 27484 2 2 3 2
29410 0 16944 634 634 4736 4732
11888 0 36918 1689 1689 20125 20122
37558 2 741 1 1 68 22
28640 2 741 1 1 49 6
9021 2 741 1 1 47 5
22157 3 1791 3 2 5 3
22158 3 1791 4 2 3 2
8471 1 6302 3 2 2 2
32069 0 19823 366 366 2365 2363
38790 0 13 8097 8097 38405 38391
19437 1 22294 3 2 3 2
25022 1 32013 2 2 2 2
39553 0 4628 212 212 21 12
40833 0 4628 15577 15577 28328 28318
11144 1 2617 2 2 3 2
38399 1 1022 2 2 6 2
10536 1 36694 2 2 3 3
40178 1 1578 2751 2751 33089 33087
40864 0 1578 3415 3415 15616 15610
22410 1 37961 4 2 2 2
15647 4 32971 36 36 101 101
1708 0 8438 52 52 6233 6232
6124 1 5907 5 3 8 4
8270 1 6124 14 6 5 3
5826 1 10722 3 2 6 4
21697 0 2070 488 488 820 820
6530 1 22543 4 2 3 2
5932 1 21935 8 4 3 2
28875 3 5192 5 4 4 3
28676 3 28875 4 2 4 3
5178 1 14819 8 2 4 3
21092 0 5178 499 499 40210 40178
16318 0 5178 110 110 5300 5272
40918 0 5178 4556 4556 33097 33067
31349 1 5178 2 2 4 2
27341 1 31627 4 2 2 2
912 0 7047 25 25 2323 2309
739 0 912 9 9 87 76
24031 0 7047 67 67 1545 1532
30204 1 7047 6 2 4 2
40812 0 17281 17592 17592 12609 12609
9906 1 36905 6 2 5 5
6743 0 8355 533 533 4274 4251
1538 0 8355 498 498 7331 7307
35277 1 27784 2 2 2 2
5869 1 26782 8 3 2 2
40813 0 19386 18205 18205 12281 12279
38378 1 22534 2 2 5 2
31576 0 30844 38547 38547 12739 12739
10205 1 10204 4 2 3 2
11177 1 37094 7 3 2 2
7045 1 2382 2 2 4 2
21977 5 16419 25 25 1007 1000
3364 1 3363 3 2 4 2
3528 0 10834 14 14 62 59
17960 4 24312 20 16 5 5
27223 1 20426 2 2 3 2
24636 1 6535 4 3 3 2
23949 5 212 4 4 303 275
27657 5 828 3 2 17 3
1410 1 24564 4724 4724 2072 2071
3066 0 8076 2424 2424 8438 8430
18215 1 1414 4 3 14 3
10895 1 13973 9 4 2 2
3239 4 39144 558 507 274 274
3239 4 27881 312 262 108 108
3239 4 36428 123 74 9 9
18904 3 17353 3 2 3 2
7935 1 2201 7 4 7 5
17190 1 757 4 2 2 2
1415 1 32170 6 2 2 2
23786 1 2902 2 2 10 3
2029 1 18094 6 2 2 2
553 1 13871 4 2 5 3
24179 1 10508 3 2 2 2
25575 1 10508 2 2 3 2
27360 6 36837 6 6 19 19
31841 0 19545 9064 9064 35344 35343
33840 0 1754 792 792 23844 23832
40875 2 1754 296 296 29932 29926
38079 2 1754 2940 2939 12682 12677
40815 0 39071 12921 12921 17674 17672
29342 0 8978 2201 2201 31822 31806
6890 0 36281 1929 1929 3668 3668
8040 1 21358 28 24 13 12
10520 0 24854 5611 5611 23035 23035
28943 1 243 3 2 3 3
20030 0 13734 4673 4673 22818 22816
4563 0 12505 6 6 21 15
37725 0 23377 1 1 6 1
26865 1 19204 6 4 7 4
20288 6 29915 3 1 2 1
24515 2 20288 13 13 1615 1610
18855 0 2060 8 8 57 44
26308 5 18855 65 65 28244 28231
24430 0 2060 399 399 18392 18378
11475 1 13563 80 77 51 47
13563 1 11475 36 32 68 65
14231 0 7944 273 273 1225 1224
36007 6 17148 1002 1002 20977 20977
13350 0 29456 5 5 3 3
36696 5 9528 4 3 11 2
19256 5 9528 2 1 9 1
30889 0 33367 942 941 82 82
26734 0 2288 19 19 9 7
16979 4 35069 65 65 7 7
23628 0 2614 78 78 904 900
39567 0 4694 5 5 144 130
6695 0 32813 38319 38319 20395 20395
15469 0 6418 110 110 2243 2219
34418 1 25064 4 3 5 4
8727 1 8726 4 2 2 2
14189 1 23592 6 2 2 2
35545 1 14189 3 3 5 2
10877 1 11728 7 3 8 2
32814 0 4976 23 23 41 38
4165 3 25845 10 7 5 5
20625 1 7778 3 2 2 2
30076 0 10715 28 28 83 80
40816 0 14697 6353 6353 19770 19770
14697 1 31992 8 4 2 2
19191 1 27971 2 2 3 2
13842 0 11910 9699 9699 27419 27418
5985 6 10735 11 4 29 22
12732 3 28417 5 4 5 4
12732 1 26677 3 2 2 2
6204 1 6203 2 2 2 2
40817 0 19840 20404 20404 35039 35037
3387 0 19840 10174 10174 40606 40603
6550 1 2423 3 2 10 2
2423 1 24830 12 3 5 2
2924 4 30666 290 216 24 24
2924 4 2659 82 10 2 2
2924 4 29020 81 10 2 2
2924 4 36766 105 32 9 9
1379 1 25548 5 3 3 2
6265 1 1379 5 3 3 2
18135 3 294 4964 4961 9583 9583
2209 1 24141 7 4 3 2
15500 1 4546 2 2 6 3
15500 1 7996 3 2 5 3
31596 6 8773 38342 38342 30780 30780
40818 0 35587 35795 35795 25130 25130
34338 1 9890 2 2 10 2
14748 1 9890 2 2 11 2
9890 1 12054 11 2 3 2
40819 0 15962 23912 23912 28700 28699
16130 0 10326 354 354 3959 3957
40820 0 20319 9074 9074 9853 9852
11212 0 1856 229 229 18199 18185
14579 1 1856 4 3 6 2
28303 3 9776 3 3 9 7
9776 1 9775 5 4 2 2
561 0 5278 46 46 173 164
13724 4 995 3 2 2 2
154 1 153 3 3 4 2
5791 1 11553 4 2 3 2
24115 1 18755 3 2 3 2
28674 0 3041 207 207 3838 3831
40821 0 14864 28808 28808 30754 30749
17883 0 18836 5412 5412 17777 17774
40822 0 9367 135 135 9936 9915
40930 0 9367 538 538 9755 9735
7005 0 9367 40 40 10009 9987
26765 1 9367 3 2 6 2
2151 0 4180 1917 1916 4392 4390
40823 0 11638 165 165 8927 8910
18175 1 18573 5 3 4 2
24724 1 3969 6 3 3 2
3969 0 3582 13 13 734 708
17345 0 3969 109 109 192 188
34877 1 6582 3 2 4 2
6582 1 16956 15 7 6 2
26100 1 28248 2 2 3 2
33245 0 3980 1 1 11 9
4106 1 4105 4 2 2 2
584 1 28894 16 14 9 9
35143 1 33405 2 2 3 2
17003 0 479 3 3 541 531
9877 5 6166 1 1 27 2
30263 1 25760 3 3 3 2
30656 1 25760 2 2 2 2
1999 4 17069 76 69 5 5
18272 1 19427 4 2 5 3
29081 1 13187 2 2 4 2
16522 0 3780 19 19 1069 1033
26742 0 15839 15 15 160 157
1918 6 39340 190 183 12 12
11624 1 20815 3 3 4 2
13939 0 7027 48 48 74 69
5788 0 7027 232 232 429 423
40824 0 2657 6079 6079 28706 28699
1294 0 25140 578 578 3178 3175
21281 0 428 1689 1689 33624 33597
40911 0 428 847 847 23040 23014
39800 1 30816 2 2 3 2
12660 0 1095 5 4 24 13
17450 0 1095 36 36 3797 3785
11922 0 14898 53 53 542 524
23590 0 12772 5290 5290 11591 11588
3072 1 15159 10 6 9 6
24523 0 8582 6 6 24 17
188 6 29407 6 3 9 5
39603 4 27065 1189 1189 2347 2347
4691 1 14239 3 2 2 2
36188 1 4691 3 2 3 2
36501 0 4902 5679 5679 2785 2785
40022 0 6784 3 3 9 4
4121 1 17988 4 2 2 2
34845 5 10076 14 12 13 8
19999 4 35620 164 155 16 16
25642 0 31168 112 111 3545 3544
28192 2 3865 4 3 288 270
25039 0 2409 12 12 85 62
34598 0 2409 4 4 74 52
40825 0 22386 35475 35475 19594 19593
15804 0 10824 4 4 21 16
40826 0 30737 20492 20492 29267 29266
11678 4 24132 595 595 522 522
11178 1 14178 10 3 6 6
19319 1 11039 3 2 6 2
23526 0 9730 1395 1395 6635 6633
12960 0 23054 32072 32071 14821 14821
18237 1 14439 3 2 7 2
17375 6 39568 19 17 5 5
6955 0 2697 8 8 27 25
16533 0 2697 14 14 33 30
27268 1 11354 3 2 6 2
1968 1 1967 5 2 6 3
20914 0 1967 2 2 10 2
23271 0 7641 9 9 4 4
19684 3 19683 7 6 3 3
4983 6 33006 2 2 2 2
17534 9 12584 3 2 2 2
6871 1 18043 190 188 57 56
5628 7 18994 39435 39402 213 213
2502 1 20104 5 2 4 3
15657 0 4985 13961 13961 4120 4118
34914 1 6434 2 2 5 2
39981 0 306 30 30 37555 37538
21026 0 306 6 6 99 83
37154 5 9269 16678 16678 33643 33640
9073 1 5502 3 2 5 3
30127 0 1623 369 369 25025 25022
16304 0 30127 9512 9512 11048 11048
16980 1 4548 4 2 5 2
469 0 14498 16 16 649 638
9243 6 35214 122 118 3 3
36148 4 23121 1100 1099 5718 5718
3358 1 4743 9 2 6 4
9720 0 4743 67 67 330 320
40888 0 4743 7455 7455 37412 37401
2064 1 2154 2 2 3 2
22278 1 35919 2 2 2 2
36060 0 14935 2085 2085 33787 33778
27146 5 11426 3 3 23 13
3169 0 3813 2 2 27 9
3823 1 3813 3 3 7 3
20664 4 26988 1277 1275 166 166
6374 1 11133 3 2 4 2
33074 2 7 3 3 303 266
18961 2 7 1 1 40 5
17395 0 7902 2949 2949 7352 7349
22908 1 5606 10 7 5 3
10254 1 10253 3 2 3 2
40906 0 10253 688 688 25022 25008
14113 1 5076 2 2 6 2
36403 1 10838 2 2 3 2
14974 0 14973 15 15 54 46
14973 3 19845 9 7 5 5
40831 0 4593 27612 27612 32252 32252
31084 1 27014 2 2 4 2
12467 4 39860 8 3 3 3
40832 0 6630 18568 18568 28802 28798
26778 4 2803 901 901 738 738
3765 1 28497 3 2 2 2
20691 1 4936 2 2 5 2
7886 0 12463 349 349 22494 22488
14999 4 31316 6643 6643 7606 7606
22172 0 11068 138 138 170 156
454 3 16514 4 2 7 5
3025 1 16514 3 2 3 2
29578 0 15788 23260 23260 33821 33820
23802 0 21987 4274 4274 40901 40898
21987 0 20963 1677 1677 34802 34801
11759 2 10987 30 30 627 626
38689 0 12894 1205 1205 39926 39916
40834 0 14087 36941 36941 36025 36025
14853 1 5935 2 2 4 2
4044 4 31152 26 26 15 15
29372 0 24630 30 30 815 810
24630 0 22399 4321 4321 38624 38623
19479 5 4701 1 1 24 1
8240 5 4701 1 1 22 1
33163 5 4554 3 2 10 3
29553 1 26733 2 2 2 2
29553 0 8837 5304 5304 10607 10605
6792 1 14058 3 2 4 2
21282 0 15062 23133 23133 28844 28844
23036 4 36472 99 93 13 13
5783 4 23036 196 187 7 7
40835 0 40836 18287 18287 17514 17514
18778 6 32930 1142 1141 355 355
18778 0 5314 6 6 477 450
24621 2 17930 1 1 6 1
27989 2 17930 4 2 15 5
26041 0 4289 4 4 3 3
16899 4 24507 1015 1015 2358 2358
14917 3 17826 8 5 6 5
30990 9 28312 2 2 2 2
8980 1 3552 4 3 3 2
33079 0 3582 92 92 4920 4892
16497 1 26305 5 2 2 2
26368 1 8799 4 3 3 2
4480 1 32602 6 2 2 2
35059 0 27412 16 16 1261 1258
2645 4 29221 1586 1578 148 148
23462 0 5675 609 609 2349 2340
40853 0 23462 18767 18767 33664 33659
25133 5 5012 2 1 11 5
14927 4 5288 235 231 55 55
11058 2 6577 2 2 160 108
60 2 6577 3 3 156 105
7534 9 18226 2 2 2 2
10204 1 10208 3 2 3 2
5031 1 28475 3 3 4 2
15312 0 12860 6160 6160 21969 21969
21401 1 1933 2 2 14 7
12469 1 1992 5 3 4 3
18451 5 1238 2 1 7 2
37552 0 2655 15 15 37 33
2655 0 9806 673 673 24763 24757
40284 0 6614 5272 5272 22506 22483
3130 1 27019 5 2 3 2
23982 0 37653 21 21 144 142
20447 1 9918 4 2 3 2
15028 1 16314 9 6 10 5
15028 1 5116 7 5 9 4
40628 0 33021 8920 8919 13093 13093
3648 1 3647 3 2 6 3
19317 0 1107 10325 10325 26948 26938
830 1 21753 9 5 4 3
8270 1 9886 15 6 6 3
14780 1 6419 6 2 4 3
40837 0 15224 5675 5675 6624 6612
7188 0 11737 4 4 41 31
10277 1 32396 44 43 17 16
10277 1 2951 2 2 9 4
15054 1 2951 9 4 8 4
25047 0 19223 2304 2304 40468 40468
23871 0 918 10 10 237 230
40840 0 918 12452 12452 39041 39033
8168 0 13192 12457 12457 26936 26936
10293 1 12214 2 2 2 2
23642 0 26543 9644 9644 24683 24683
26543 1 12312 4 2 5 2
4913 4 20284 217 186 8 8
3331 5 16655 5 5 18 16
3331 1 35484 3 2 2 2
16739 1 16646 2 2 5 2
6726 1 5782 8 4 2 2
6726 3 6725 10 8 4 4
11335 1 6726 2 2 4 2
5491 1 1201 3 2 7 2
6549 1 14425 6 3 5 3
5544 1 3327 4 3 8 2
3403 1 6328 3 3 3 2
7229 4 37460 1240 1223 61 61
20544 1 28902 4 2 3 2
3291 1 20544 6 2 7 5
530 1 21170 5 2 2 2
9371 1 9370 3 2 4 2
26061 0 9371 1158 1158 3307 3304
9371 0 5623 299 299 6486 6484
21518 1 29527 2 2 5 3
35181 0 21518 1967 1967 21898 21895
36581 0 16397 731 730 386 386
3972 7 37089 25176 25097 40 40
8883 0 5790 186 186 27 27
38389 0 7334 21 21 32 30
27814 0 9178 12 12 261 259
10855 1 19155 2 2 3 2
10855 1 31116 7 6 7 6
1431 4 27265 499 483 12 12
27563 1 35599 2 2 2 2
1193 4 39361 23 12 8 8
39975 0 7068 31 31 2284 2276
3855 0 3909 1 1 8 2
28703 0 3909 379 379 7806 7798
11573 1 13583 4 3 6 3
40841 0 16266 1273 1273 23351 23328
2434 0 16266 3 2 23 2
40842 0 67 112 112 6933 6924
1154 0 18959 1482 1482 18762 18760
32397 0 13044 1571 1571 18906 18897
17819 1 653 3 2 4 3
37840 0 313 24 24 57 49
40843 0 3679 8826 8826 32008 31997
40843 4 5346 40732 40732 23316 23316
13988 0 168 2864 2864 35814 35809
38754 2 10661 4 3 7 4
29501 0 6358 6599 6599 40927 40925
29860 0 18587 11999 11999 10672 10672
33438 1 36858 2 2 3 2
36858 1 35629 3 2 2 2
12381 0 1474 797 797 4856 4842
2863 0 6499 512 512 141 140
7328 0 5714 29362 29362 32776 32775
14412 0 20621 549 549 22387 22386
35316 5 38173 25 23 8 7
20490 1 7847 3 2 4 3
21077 4 10657 1009 1008 263 263
10380 0 1964 19 19 16 14
17802 1 3847 3 2 6 5
29031 4 40721 23422 23421 20702 20702
29630 5 22311 1 1 6 2
14888 4 21122 54 45 13 13
14888 0 2518 2 2 80 12
819 1 7732 6 2 7 3
7100 4 29718 766 764 498 498
8077 1 7192 2 2 2 2
16136 1 39043 4 2 2 2
13225 1 15253 3 2 5 2
40844 0 6467 678 678 15536 15529
6069 0 37345 278 278 91 90
4895 0 8093 2900 2900 16559 16532
21558 1 13645 2 2 3 2
10544 6 38325 959 943 59 59
23888 0 1730 9 9 819 719
33667 0 1730 3 3 164 66
22133 0 1730 4 4 229 130
19623 0 1730 11 11 1090 989
28603 4 38563 16 15 7 7
16620 1 2522 5 4 8 2
24900 3 5965 3 3 5 4
3989 4 18951 65 58 5 5
22965 1 167 5 3 4 2
35645 0 7367 19537 19537 6256 6256
36255 0 10055 1 1 7 1
1574 1 8899 12 7 5 3
21174 5 2295 39 39 19745 19643
34328 5 2295 83 83 27789 27686
28418 5 2295 14 14 17623 17522
34439 5 2295 7 7 379 279
40845 0 32455 3273 3273 27075 27074
35000 0 9668 2 2 45 29
32116 0 21176 334 334 4503 4501
23390 0 40586 8580 8580 40287 40287
40848 0 23390 19637 19637 16688 16685
19903 4 29357 1221 1221 565 565
35177 0 14481 1 1 8 8
12330 0 11599 1909 1909 25093 25087
3579 1 19372 3 2 4 2
9842 0 3579 296 296 36635 36622
22422 1 9505 3 2 6 2
15330 1 28910 3 2 3 3
22889 0 11852 3746 3746 40010 40001
29771 9 3592 5 5 8 8
25748 1 34204 2 2 2 2
1772 6 37182 26 22 2 2
15158 0 40846 16744 16744 36076 36076
40847 0 8407 13951 13951 25130 25130
35466 0 11507 5 5 10 7
12327 0 411 374 374 11891 11868
21952 4 9376 14 14 10 10
4177 6 5022 58 43 7 7
5040 0 220 3 3 13 4
20777 0 30968 20119 20119 34695 34694
17995 1 415 5 3 7 3
6540 0 6677 43 43 54 52
30360 1 7239 2 2 6 2
1226 4 33413 23537 23513 3873 3873
36259 5 860 57 57 19073 19000
30840 5 860 4 4 94 26
39831 1 4370 3 3 5 2
17244 1 15986 2 2 4 2
9116 4 34497 47 45 4 4
4771 4 11796 573 521 110 110
18918 0 15687 3 3 24 21
18918 6 31983 263 254 4 4
29544 0 6411 101 101 1207 1200
13258 1 515 2 2 9 2
7665 4 11919 3018 3013 585 585
8356 1 22637 8 2 5 2
17180 1 8356 3 3 12 5
39574 0 13157 3173 3173 39777 39774
20711 1 1090 4 3 6 2
32427 0 24062 28163 28163 25998 25997
40849 0 13412 6665 6665 18416 18411
4316 0 1500 3 3 125 99
29122 0 1500 31 31 1561 1534
29916 0 33246 125 125 18 18
33246 0 425 905 904 12281 12261
3714 1 3991 2 2 2 2
6702 1 4469 5 3 8 4
20629 0 10089 12 12 28 28
18423 1 20629 6 3 4 3
4855 1 19562 7 2 5 2
11423 1 4213 7 3 7 2
10241 0 10481 4380 4380 37068 37066
27097 0 10241 3 3 51 41
5125 6 35244 3 3 5 5
10842 1 11135 4 3 4 3
3451 1 3450 2 2 9 4
3450 1 6752 10 5 5 3
26219 0 15966 83 83 234 231
20729 0 30962 7159 7159 13259 13258
31196 0 30962 4517 4517 7267 7267
36881 0 119 2 2 44 7
119 0 2748 11 10 122 112
2323 1 23181 3 2 2 2
14339 9 16095 5 4 2 2
32957 0 5195 3 3 17 11
32623 1 5195 3 2 5 2
32917 0 9489 511 511 21415 21411
40688 0 3489 758 758 21083 21022
13220 2 6815 5 4 22 18
5097 1 27076 9 6 2 2
17030 1 2573 2 2 12 7
2573 1 9486 8 3 3 2
37807 1 30144 2 2 2 2
2521 1 38597 4 3 2 2
6946 1 8731 3 2 5 2
9873 9 35523 2 2 2 2
1071 6 14854 18 12 2 2
3398 4 14735 50 33 6 6
5855 1 7329 6 2 6 4
3929 1 27247 14 4 2 2
16292 1 29803 4 2 2 2
6578 0 5973 641 641 1509 1506
40850 0 1543 6148 6148 30455 30398
37429 1 32885 2 2 2 2
5932 1 5931 9 4 2 2
14336 1 2808 2 2 2 2
23816 0 13145 5 5 7 7
16675 0 11522 15312 15312 9850 9850
40851 0 14187 3430 3430 21372 21368
10755 4 22444 18 17 4 4
11129 1 13730 7 2 8 4
25343 1 13730 7 4 9 4
8639 0 3289 8 8 153 130
3289 6 36920 899 882 10 10
8776 1 1347 3 2 6 3
1347 1 4276 6 3 4 2
39300 0 1590 7 7 8799 8776
37068 1 22654 2 2 2 2
1801 1 21363 3 2 2 2
31983 0 35119 57 57 30 29
31983 6 2119 93 91 52 52
19488 0 3006 5682 5682 27586 27576
19488 1 38649 35379 35379 32232 32232
40852 0 6747 14601 14601 31079 31077
28133 0 18038 26 26 34 31
8634 9 19910 5 4 5 4
11304 0 19910 5 5 12 11
20413 0 1973 3 3 685 630
26353 1 4814 26 25 19 15
22355 0 11595 554 554 28110 28104
1588 1 19716 3 2 5 4
11612 1 21343 3 2 3 2
5569 1 10107 9 5 9 4
5923 1 5569 3 2 3 2
24840 0 14776 32 32 20 20
24031 4 32273 15183 15183 2411 2411
12006 1 23328 3 2 2 2
15403 4 40478 59 59 32 32
16346 0 16005 6 6 86 84
7668 1 35530 5 2 2 2
9434 4 40717 24628 24625 9741 9741
22914 1 3088 3 2 4 2
2945 9 2944 2 2 2 2
24743 1 24742 2 2 3 2
31284 1 19047 3 3 3 2
1664 1 16927 6 3 4 3
40307 0 4362 3755 3755 31888 31881
29218 1 4362 3 2 3 3
4362 0 8787 4 4 34 27
17040 8 37417 98 97 20 20
39206 0 12650 12 12 27 7
29976 5 5742 7 7 99 77
15635 5 5742 16 16 157 134
903 5 5742 1 1 30 9
17663 4 9378 30 27 3 3
20364 1 26993 3 2 3 3
27150 0 3232 4463 4463 39875 39868
40854 0 14981 33281 33281 18172 18168
40855 0 25028 18417 18417 25108 25108
40678 5 5841 997 997 30777 30764
26893 3 11921 32385 32383 15563 15563
38438 0 24102 3350 3350 40896 40892
22467 0 22049 8 8 51 48
15542 0 22049 2086 2086 21395 21390
40856 0 8153 2211 2211 11880 11861
36147 0 8153 288 288 9115 9097
10925 1 8153 4 3 4 2
34372 4 36708 127 127 134 134
7489 6 35302 23 18 5 4
9267 0 1292 60 60 1483 1478
5975 0 8327 380 380 7796 7787
112 6 23406 52 7 3 3
6559 1 18773 3 2 3 2
13687 1 7279 5 5 5 3
37981 0 904 10 10 23 12
15563 1 17861 5 2 7 4
24736 1 14901 3 2 2 2
7506 1 27215 12 4 2 2
28486 1 28485 2 2 2 2
22848 1 33665 3 2 3 2
15952 0 3163 4 4 52 13
9298 0 3163 4 4 40 2
28717 0 3163 5 5 115 75
17876 3 17875 2 2 2 2
22196 1 22195 2 2 2 2
13637 1 27685 5 2 2 2
10125 4 13911 43 41 3 3
4146 0 37135 22 22 118 116
31487 4 8818 21 21 40 40
36976 0 4550 545 545 14442 14344
24513 0 4550 6 6 329 234
27936 0 4550 2 2 94 2
12322 0 4550 27 27 1519 1422
40857 0 2021 708 708 20665 20612
27575 0 6658 7641 7641 7518 7506
19537 9 28961 3 3 3 3
1070 0 17546 2386 2386 7234 7230
9755 1 9754 2 2 4 2
769 1 9754 2 2 5 2
40381 0 34906 3453 3453 55 55
15427 0 134 1088 1088 14678 14664
134 1 2633 5 2 2 2
1511 0 15914 618 618 116 113
5005 1 28613 11 4 6 5
18503 1 5005 4 3 11 4
40140 0 27752 4 3 5 2
16225 4 4698 163 160 35 35
40858 0 15284 1263 1263 12917 12911
628 1 627 3 2 3 2
16800 4 32120 63 63 36 36
25305 0 2099 5 5 33 6
13821 1 13530 3 2 3 2
16002 1 36632 3 2 3 2
40859 0 37052 1748 1748 17509 17508
6188 4 24112 114 96 8 8
6188 4 24347 24 8 2 2
15067 0 18496 20511 20511 39617 39617
29361 1 18956 2 2 4 3
10119 1 25492 8 3 5 3
28682 1 6956 2 2 2 2
22077 5 6956 1 1 20 1
720 9 26603 3 2 3 2
18029 0 8812 2 2 3 2
36166 1 16798 2 2 2 2
30646 4 33263 270 270 12 12
10063 0 8348 5717 5717 19572 19565
28320 1 27155 3 2 3 2
27155 1 29136 3 2 2 2
737 0 704 6105 6105 11227 11226
16207 1 16206 2 2 4 4
37148 0 23650 3588 3588 2773 2773
33954 1 14292 4 4 5 4
29886 1 28685 3 2 4 2
9855 6 33387 49 25 28 24
3785 0 28084 40172 40172 18579 18579
20088 5 3785 15 15 609 593
32514 5 3785 1526 1526 38228 38210
6922 1 6921 6 2 9 3
6921 1 7885 7 2 7 2
7656 1 11492 3 2 3 2
16454 1 15118 9 4 6 3
27917 0 8192 8 8 22 19
27917 1 5927 9 8 18 13
5927 1 27917 19 14 11 10
4197 0 8050 25 25 21 18
4197 1 37513 6 2 2 2
25431 1 5635 2 2 6 2
15018 1 18772 4 2 2 2
9762 6 8948 1739 1735 1115 1115
30927 6 25532 393 393 199 199
19315 1 39214 3 2 2 2
39214 0 32965 2 2 3 3
18563 0 4302 45 45 1090 1088
21993 1 19504 9 4 2 2
9794 0 26796 5 4 6 6
40860 0 1945 110 110 17485 17463
13748 1 11108 4 3 3 2
4384 1 24793 3 2 3 2
10633 4 19550 4569 4569 14318 14318
27322 1 37139 2 2 3 3
40383 0 38168 7 7 11 11
7362 4 32362 69 56 2 2
22231 1 8513 2 2 4 3
40692 0 8924 3390 3390 16382 16373
1685 1 12089 5 2 2 2
450 4 4488 72 54 37 37
39094 5 3918 802 802 40059 40040
40914 5 3918 178 178 30223 30205
2315 0 3918 34 34 2114 2106
40869 0 3918 945 945 13555 13546
39375 4 35988 19 19 24 24
33362 0 724 183 183 10732 10715
4388 4 38068 51 40 7 7
24592 0 13837 4843 4843 23504 23500
4109 6 1349 50 46 3 2
20971 4 929 10679 10679 18307 18306
23939 0 929 2 2 68 57
2108 1 23830 5 2 3 2
137 1 39790 2 2 2 2
14471 4 26704 133 129 37 37
38379 0 2037 4996 4996 23625 23622
3297 1 2037 4 2 2 2
19597 1 29925 3 2 2 2
9472 3 9553 1138 1138 23957 23955
24002 1 31718 2 2 3 2
13378 4 37002 13 5 2 2
18672 8 18729 2 2 4 2
23066 0 10976 12447 12447 28174 28174
37193 0 36623 11000 11000 7550 7550
35461 0 15432 2158 2158 8591 8589
6086 1 37968 464 464 1763 1763
39988 0 6132 14706 14706 37153 37147
27635 0 6879 2465 2465 33824 33824
12792 1 18251 4 4 3 2
25299 0 17090 3789 3789 3867 3865
22804 0 9256 7 7 32 29
22046 1 449 2 2 4 2
26701 5 39164 13507 13507 5484 5484
33010 4 37752 555 554 276 276
17564 4 28570 209 209 43 43
14394 1 27202 2 2 3 2
40861 0 35307 35874 35874 15637 15637
36533 1 31832 2 2 3 2
1421 1 13698 4 2 2 2
1421 1 1420 6 3 2 2
15918 1 8898 3 2 3 3
39681 2 3869 1 1 135 104
13147 2 3869 3 3 204 172
29520 1 38175 2 2 2 2
7705 4 29204 916 909 149 149
31945 1 533 2 2 3 2
20267 1 11332 3 2 3 2
40862 0 6138 7667 7667 35102 35087
12405 1 2536 2 2 4 2
22145 0 267 531 531 13985 13961
12466 4 38408 219 198 85 85
12466 4 38825 67 47 2 2
16552 1 10073 3 2 2 2
31672 0 16442 20 20 9 9
34829 0 34921 6 6 90 88
6539 1 27537 9 4 2 2
24829 0 20017 56 56 1822 1817
28048 0 20017 724 724 37179 37173
40863 0 22831 12379 12379 34424 34419
9658 0 22831 199 198 194 190
17365 6 1148 24882 24882 26761 26761
11735 1 13906 3 2 2 2
10734 0 10886 3 3 60 46
1494 0 15383 1715 1715 8231 8230
31725 6 3983 64 64 140 139
3023 1 19162 2 2 4 2
28499 0 2833 227 227 3282 3267
4250 3 26422 3 2 4 2
14121 1 5862 8 6 7 2
1002 0 15449 2155 2155 699 694
14237 9 14236 2 2 3 3
40286 1 14159 2 2 3 2
1432 4 24308 118 102 15 15
29759 0 21793 5 5 6 5
40 0 9353 1626 1626 7264 7256
36532 1 36531 2 2 2 2
4832 1 7867 6 2 2 2
27716 6 14968 4707 4707 1758 1758
304 0 25231 21761 21761 9913 9912
8542 1 19421 6 2 2 2
30629 1 15712 2 2 3 2
20027 2 9746 1 1 24 13
26019 0 4682 2 2 7 3
15092 4 32205 24264 24259 841 841
13106 4 30126 653 642 353 353
7451 0 9653 11 11 4 4
14198 1 7551 2 2 10 2
19206 1 11656 8 5 7 3
938 1 29478 4 2 2 2
19923 0 13346 4 4 17503 17495
40895 0 13346 8471 8471 34556 34546
8767 0 2776 344 344 7506 7482
17206 0 4193 179 179 482 480
9026 1 21448 2 2 7 3
10884 1 23870 4 3 4 2
10884 0 12402 20 20 40 39
33656 0 17442 186 186 3029 3025
29844 1 36062 3 2 2 2
39433 6 40246 14 13 17 17
13370 4 32777 91 90 12 12
40865 0 34557 3421 3421 2085 2084
12307 1 5388 2 2 7 4
8628 3 1186 90 89 45 45
4299 0 1562 22 22 149 142
18208 6 35649 2140 2140 7431 7431
12758 0 980 5989 5989 15981 15980
26577 4 38800 56 56 26 26
40866 0 8678 4526 4526 11174 11171
32294 0 1897 595 595 34820 34744
6937 1 1897 5 2 8 2
9481 9 158 4 3 5 2
13100 9 9481 3 2 2 2
15588 1 15587 8 4 4 3
13773 0 27141 2 2 56 53
25916 0 16303 3 3 12 3
36297 0 16303 11 11 496 486
20354 1 18989 2 2 2 2
973 1 13336 5 3 9 3
5185 0 13336 212 212 2028 2024
9012 5 7786 1 1 29 10
33237 1 410 2 2 2 2
14633 6 31433 1131 1130 280 280
14633 6 8142 51 51 139 139
40867 0 339 2421 2421 22266 22263
3453 1 18417 8 3 2 2
8951 1 28285 4 2 3 2
1460 1 8951 2 2 4 2
8222 1 6150 6 2 4 3
8054 3 25795 7 5 4 4
6845 1 2779 3 2 3 3
19202 0 12252 25 25 263 256
20124 1 18592 2 2 5 2
20124 0 14100 457 457 16352 16348
30846 0 2941 4 4 22 21
39027 0 9415 12389 12389 35927 35915
23350 1 17390 2 2 4 3
8558 1 7530 4 3 4 2
40868 0 5700 38732 38732 30544 30544
32469 0 324 130 130 23325 23305
8545 0 324 122 122 3942 3923
25032 1 25031 3 2 2 2
38057 9 30720 2 2 2 2
2030 0 1832 6 6 30 20
1637 0 5616 271 271 626 617
9928 0 5616 47 47 170 162
1702 4 29665 1770 1766 544 544
36951 4 24229 106 104 25 25
6008 1 1041 2 2 3 2
14647 0 13213 7 6 2 2
699 1 22618 2 2 2 2
35907 4 37894 18 18 7 7
13383 1 2789 6 2 4 3
2713 6 7645 47 6 9 8
11577 1 7731 3 2 4 2
40870 0 1335 38557 38557 9188 9187
24483 1 12798 3 2 5 3
17309 0 30810 580 578 696 694
10156 1 963 6 3 5 3
2452 1 3976 6 3 8 4
2452 1 7086 8 4 9 3
40905 0 3387 13693 13693 33026 33012
7217 1 3387 3 2 4 4
8525 4 37769 96 94 8 8
35828 0 1364 12 12 2184 2154
26559 6 35828 35739 35739 3835 3835
16493 1 19237 3 2 4 2
2933 1 7202 3 2 7 2
6048 9 22594 3 2 2 2
29003 1 35415 3 2 2 2
20788 1 10332 5 3 3 2
5707 1 5706 2 2 4 2
29609 1 29608 2 2 2 2
22190 1 35891 4 2 3 2
22190 1 11262 6 3 6 4
9192 1 19649 6 2 3 2
26202 0 7136 7 7 3 2
36138 0 7877 9 6 11 8
23317 0 6977 853 853 14033 13997
40920 0 6977 284 284 10195 10160
36948 1 27706 2898 2898 5278 5277
34777 1 14753 2 2 3 2
1620 4 23845 28 13 10 10
12071 1 18026 6 2 2 2
8848 5 14818 1 1 21 7
11500 6 11034 9 3 6 4
16013 1 5367 3 2 4 3
10574 6 36868 24 20 5 4
18072 0 1880 10 10 811 796
7031 1 26802 6 3 4 3
32487 1 10667 5 3 4 2
28680 1 10686 3 3 3 2
9031 4 20091 129 110 18 18
37696 0 13023 25 25 662 654
5434 1 5433 5 2 3 2
24552 2 8531 1215 1214 8704 8701
35789 5 3276 15 15 11549 11518
31511 5 3276 13 13 24484 24452
39401 0 24275 20 19 64 52
27408 0 4448 7 6 15 7
13163 1 17198 4 2 2 2
8664 1 2489 5 4 7 2
2489 1 15398 7 2 2 2
25485 2 3943 1 1 34 2
38545 2 3943 1 1 33 2
36055 6 19589 1229 1229 18524 18524
19768 0 5156 67 67 2647 2615
26405 0 5156 3 3 76 45
17022 6 35666 12723 12720 12800 12800
17022 6 3619 1284 1282 633 633
4621 1 88 3 2 4 2
40873 0 28355 20235 20235 29058 29056
2460 9 9748 2 2 2 2
36214 0 573 23 23 555 516
40874 0 22716 31734 31734 12286 12286
25322 4 40518 437 437 185 185
2760 0 11134 92 92 900 894
4446 9 1807 11 8 4 4
11636 0 4446 33 33 624 623
36303 1 2876 2 2 2 2
37244 1 21630 2 2 2 2
38942 1 2626 6 6 32 29
31471 0 2626 7 7 15 14
3018 0 27173 9 9 3 3
26985 0 7600 11 11 288 282
37635 0 7600 8 8 153 148
8617 6 7587 848 837 2491 2491
24972 0 1142 6013 6013 19796 19794
680 7 38698 11480 11420 7 7
680 7 40901 26803 26740 15 15
6028 0 29623 39326 39326 37653 37653
29623 0 33835 21386 21386 34522 34519
36506 4 25083 125 125 23 23
7152 1 4236 3 2 4 2
22504 0 7152 25 25 1011 1006
40876 0 1295 20059 20059 27692 27686
21646 1 1295 4 3 6 2
22690 0 9531 10 10 47 43
34554 0 9531 727 727 16317 16312
701 1 25692 3 3 5 2
14347 1 5567 5 2 5 3
22500 1 15849 4 3 3 2
24584 6 29929 2 2 2 2
18192 4 1499 2 2 1 1
17820 1 654 6 3 7 2
23192 1 654 2 2 6 2
34164 0 21362 3675 3675 32469 32464
23961 0 6776 5 5 44 36
14951 5 6776 1814 1814 39844 39839
2111 1 35677 4 2 2 2
32320 1 16031 15099 15099 28283 28283
31261 4 13766 1123 1123 1043 1043
38116 9 9 3 3 5 4
40068 0 28942 30836 30836 13360 13360
21724 1 8592 8 5 5 3
4229 1 37036 34236 34232 22799 22799
29447 0 15913 19 19 54 49
16697 4 31051 902 897 316 316
5443 6 33646 29 11 75 74
13087 1 36310 3 2 3 2
22927 4 27025 106 106 42 42
24129 1 15215 3 2 3 2
24953 0 13135 215 215 24482 24473
22068 0 29955 39150 39150 9278 9278
6111 0 23960 83 83 82 80
6111 1 11198 6 2 2 2
2003 0 4127 2971 2971 33597 33593
40878 0 34399 12910 12910 31086 31082
26349 1 19291 3 2 3 2
15641 1 5982 7 2 5 3
21253 0 5982 4840 4840 38819 38819
3948 3 25669 37807 37803 8243 8243
40879 0 39495 40875 40875 13780 13780
10738 0 8594 1430 1430 4491 4485
40612 0 8594 8676 8676 26401 26394
12395 0 4161 2 2 94 66
40942 0 4161 853 853 5796 5767
26530 0 25605 20 20 12 11
25576 0 19971 10674 10674 39763 39757
3574 6 39280 56 52 2 2
35051 1 36988 2 2 2 2
19269 6 3870 101 100 10 10
26457 1 21879 2 2 3 2
16049 4 31756 32 30 3 3
26279 5 6146 10 10 946 935
31974 5 6146 32 32 5583 5571
22137 5 3531 3 3 33 11
15837 1 15836 2 2 2 2
3895 0 3721 42 42 152 117
23820 6 25420 19 14 14 13
23820 6 11103 8 4 5 4
28203 4 29473 72 68 7 7
2999 1 36067 5 2 2 2
11766 5 10754 2 2 26 7
40880 0 10330 183 183 5950 5945
29695 1 25945 2 2 3 3
15242 6 5534 7 5 10 8
16017 3 30757 5733 5731 3610 3609
9486 3 6190 25 21 13 13
10504 6 36780 592 585 673 673
31226 0 17728 119 119 4724 4715
8734 1 1538 3 2 2 2
29667 0 249 173 173 12462 12416
7681 0 249 8 8 1858 1813
1196 5 12328 343 343 30977 30960
29190 5 2139 5 5 1704 1679
9335 5 2139 6 6 3882 3856
13338 1 18054 4 2 2 2
19110 4 40436 65 65 20 20
1935 0 7945 8 8 260 238
1104 0 7945 6 5 39 18
32001 2 3539 137 137 11297 11296
7118 0 3978 10 10 44 23
27765 0 206 3542 3542 26949 26919
16624 9 15794 2 2 2 2
1966 4 24890 1789 1787 159 159
31338 0 8266 2 2 32 28
40221 5 73 2 2 181 125
3410 4 40221 1586 1585 34 34
29650 5 73 98 98 31213 31154
4984 0 73 3 3 22 12
7890 1 8556 11 7 3 2
32343 0 7890 168 168 22424 22407
4686 0 9935 2187 2187 15547 15531
1690 1 5111 17 4 4 3
23282 0 1690 201 200 1044 1034
10335 1 2363 3 3 6 2
19856 1 15917 3 2 3 2
15168 1 35514 2 2 2 2
40881 0 9334 11623 11623 35809 35804
28253 1 28252 2 2 3 2
11736 1 678 4 2 4 2
12371 1 20336 7 3 4 3
26039 1 31200 15436 15436 28678 28678
39168 1 23614 2 2 2 2
20692 1 21524 3 2 2 2
24359 1 36592 2 2 3 2
6740 1 6335 4 2 3 2
38194 0 6335 13013 13013 13989 13989
5315 0 18408 1 1 2 2
11605 4 40002 411 411 367 367
12921 1 24570 12 3 5 3
21374 1 12921 3 2 12 3
5134 2 4633 1 1 10 1
35877 0 85 3 3 878 642
23185 0 85 43 43 21485 21240
40756 0 85 2812 2812 35247 34999
26136 1 26135 2 2 2 2
37633 0 20754 3704 3704 23103 23102
40883 0 1222 3278 3278 23654 23640
40904 0 1222 4824 4824 20627 20614
19190 1 22874 3 2 5 2
14563 2 35454 40943 40941 1361 1361
12530 1 5329 2 2 3 2
37793 0 425 68 68 8826 8807
7112 1 21005 2 2 6 2
13785 6 30026 9785 9784 21064 21064
30892 1 27200 2 2 2 2
22309 1 11345 3 2 10 3
652 1 11489 8 3 4 3
21523 0 5914 876 876 955 951
19459 1 8641 2 2 6 2
103 0 9917 37 37 203 202
34367 1 30925 2 2 3 2
39210 0 36049 12828 12828 37895 37894
27244 6 22681 32 31 5 5
12608 4 21734 82 79 29 29
31281 1 6359 2 2 7 2
40153 0 6359 16081 16081 39388 39380
28257 1 28256 3 2 3 2
3741 6 11977 3 1 4 1
8455 0 14334 170 170 100 99
11170 1 606 7 2 5 3
9097 4 33963 274 273 67 67
15436 1 15435 4 3 2 2
9201 1 9200 3 2 3 3
6058 0 5378 25 25 1152 1138
5378 1 9054 5 2 11 6
24455 0 7235 134 134 18868 18863
40886 0 36491 38985 38985 26707 26706
27948 0 29072 5997 5997 40236 40232
2574 1 10949 6 2 9 5
15184 1 36822 2 2 3 2
17033 1 208 2 2 3 2
5633 0 4663 956 956 26606 26590
23779 0 17423 3188 3188 11934 11930
31140 0 1615 7 7 87 82
25999 1 31140 2 2 3 2
29071 0 25203 1467 1467 4395 4392
4929 4 37085 121 115 20 20
11962 4 5667 21 17 2 2
14732 6 18907 20323 20322 319 319
4582 0 23340 430 430 1416 1412
2940 0 23340 17 17 13 10
6093 10 24981 3 2 3 3
14001 0 36202 89 89 1406 1406
37407 0 19919 193 193 35059 35056
28934 0 6210 19 18 28 25
13298 1 26814 4 2 2 2
12356 1 20726 3 2 3 2
11679 7 15652 51 45 15 14
18992 0 780 11 11 626 618
12696 0 1750 3970 3970 5515 5513
22477 1 2282 7 2 2 2
17701 4 36065 26 26 4 4
20641 0 36866 11079 11079 33011 33010
31601 0 1352 1693 1693 40229 40223
36144 0 28533 334 334 262 262
22400 2 2183 1 1 41 10
39117 2 5348 23 22 8 6
12905 1 5832 4 2 3 2
16355 1 22399 1744 1739 987 987
8334 2 35737 528 528 4937 4936
13347 0 26570 21 21 51 49
40889 0 34949 9623 9623 12675 12675
12551 0 7485 506 506 1460 1459
3154 1 27514 7 5 2 2
35950 0 20760 5 5 30 25
20760 0 25127 15 15 139 138
23933 1 23098 3 2 6 3
12685 6 19180 8207 8201 114 114
12358 2 4168 2 2 36 26
7700 2 4168 2 2 11 2
35674 0 16517 26377 26377 35229 35228
6813 1 5175 3 2 2 2
7375 1 7374 4 2 4 3
40890 2 23906 9685 9685 14743 14743
21948 4 38918 1645 1645 2847 2847
17500 9 17499 2 2 2 2
6759 1 21078 4 2 3 2
11196 0 24534 21178 21178 5361 5358
16734 7 13678 4875 4872 52 52
865 1 17946 11 2 2 2
1821 6 39122 265 251 29 29
11630 1 31896 6 3 2 2
7284 1 17756 4 3 2 2
26770 5 6829 1 1 7 1
37565 1 22789 3 3 4 3
11926 1 11925 4 2 2 2
27446 1 22702 4 2 5 3
13999 0 37238 218 218 421 420
2050 6 30438 8136 8136 19484 19484
21493 0 24309 4355 4355 35444 35444
40891 0 13449 13366 13366 17226 17225
15390 1 38904 28485 28484 10216 10216
33146 1 2101 9 8 11 3
17987 3 17986 8 6 5 4
29746 3 17987 2 2 7 5
2692 0 10487 113 113 187 184
32902 1 29338 3 3 5 5
14511 6 11512 1603 1596 65 65
6117 1 683 2 2 9 3
25817 0 40019 10825 10825 14809 14809
39730 4 31900 383 383 7156 7156
14912 3 19439 10 7 4 4
34332 4 1842 402 398 193 193
29957 5 8285 9 9 716 712
8398 4 40398 16147 16147 4488 4488
13141 4 36356 50 38 8 8
24146 1 36079 3 2 2 2
12197 1 24146 6 3 3 2
8973 0 15567 2125 2125 3308 3307
2840 1 18631 5 4 2 2
4993 1 4648 3 2 12 3
15543 4 26788 4696 4696 9656 9656
9926 1 1976 3 2 4 2
40893 0 10088 628 628 14075 14070
18632 0 15264 421 420 10053 10050
25930 4 9684 54 49 14 14
39714 5 5407 2 2 77 53
31612 1 9688 3 3 3 2
1782 1 1781 3 2 5 2
34009 6 39128 256 253 592 591
25597 0 4132 2127 2127 38956 38946
16378 0 2054 7 7 19 3
12541 0 2054 18 18 21 4
2054 1 17904 6898 6898 1211 1210
18557 9 18725 2 2 2 2
40453 1 28165 2 2 3 2
7231 0 16733 19662 19662 667 667
17867 1 14085 3 2 5 4
36201 4 39259 18404 18403 150 150
17202 0 12720 24 24 300 290
28053 0 4049 13 13 1252 1238
25593 0 4049 71 71 7973 7958
4049 1 28361 5 5 6 4
22873 1 37187 10 3 2 2
37187 0 3391 6993 6993 28330 28326
30984 1 6485 4 2 4 2
12052 1 6794 3 2 6 3
6371 6 13857 451 447 76 75
1675 3 3261 7 3 4 4
32329 0 39076 4567 4567 6831 6831
1788 0 22163 7 7 15 11
8791 1 15310 3 2 3 2
13863 1 15310 14 6 9 2
3838 1 15310 4 2 8 2
36716 0 15310 378 378 7158 7158
23303 1 6584 3 2 11 5
9014 0 13840 393 393 20135 20130
9501 1 16279 4 3 3 2
9412 1 35482 6 2 2 2
26517 1 352 21 19 47 38
30651 1 30650 3 2 2 2
13606 0 5759 7 7 74 59
24242 4 40495 533 533 859 859
3024 1 8489 3 2 8 3
4914 4 5471 356 351 2 2
16649 0 11808 19 19 186 180
16580 1 16649 4 3 3 2
8882 1 30608 4 2 2 2
24380 6 4034 6 6 17 15
20967 1 38940 2206 2203 125 125
38940 1 20967 138 138 1284 1281
12345 4 32572 85 84 6 6
17336 1 6811 2 2 4 2
4393 0 21188 305 305 8345 8343
16082 0 19592 14371 14371 38385 38384
13599 4 38034 133 133 23 23
2399 3 852 4 2 3 3
26551 1 17969 4 2 4 2
19862 1 25685 6 2 3 3
33100 0 23835 16 16 38 32
38732 1 16818 2 2 4 2
30257 4 39983 328 328 41 41
2097 1 9439 8 4 6 2
8891 1 8890 2 2 6 3
10946 1 16189 28 25 6 5
23311 5 666 6 6 81 53
7605 1 16736 3 2 3 2
40896 0 23801 32481 32481 4924 4922
3152 1 34834 4 2 2 2
8027 0 17129 5252 5252 32069 32068
18036 1 23414 4 2 4 3
10896 1 5187 2 2 2 2
29378 0 14065 2 2 11 9
11268 1 18820 6 5 21 18
10603 3 7644 4 3 3 2
28163 6 33290 42 42 48 48
26372 1 2839 4 2 4 2
13731 1 3340 4 4 5 4
30635 1 27499 3 2 5 3
19561 2 12788 26 24 15 13
6316 1 14884 5 3 8 7
14884 1 6316 7 6 5 3
40071 0 542 54 54 3443 3429
24433 1 24432 3 2 2 2
8518 8 19686 80 75 3 3
36028 1 13581 2 2 4 2
23015 1 39472 3 2 2 2
29941 0 8121 25 25 36 31
11007 0 39628 1430 1430 2637 2636
38483 1 35975 2 2 2 2
27069 0 17594 4 4 312 311
31414 0 21528 45 45 50 47
10966 0 6448 31 31 212 208
7275 0 36151 12283 12283 27050 27049
10347 0 12311 6 6 132 121
40897 0 15992 4804 4804 25400 25395
29348 1 9181 2 2 7 2
181 4 20452 310 305 84 84
30056 0 13450 344 343 2340 2334
13510 0 34706 1568 1568 21244 21242
9041 1 8986 7 3 9 5
33052 1 6521 3 2 3 3
26934 4 36843 12206 12206 22151 22151
2778 1 2777 5 3 2 2
28399 9 24687 3 3 2 2
28399 0 7125 19 19 14 12
163 1 9522 6 2 4 3
38964 6 15538 7 5 4 2
36295 6 20656 11166 11166 4464 4464
7947 1 3044 5 2 6 2
24577 0 6103 2240 2240 6498 6495
39447 2 955 34 33 236 223
27080 0 35724 197 197 1324 1324
18317 0 16471 1752 1752 34123 34120
40899 0 1371 6483 6483 30461 30438
35847 0 1371 3 3 7425 7403
32447 6 14556 458 456 7 6
5046 5 5363 1315 1315 39537 39522
31855 0 1378 5 5 244 182
19994 0 1378 8 8 85 25
25740 0 1378 222 222 145 84
40676 0 1378 6679 6679 34502 34439
20832 0 2453 348 348 23529 23475
38637 0 35536 122 122 1769 1769
29542 6 38922 29 29 13 13
17578 1 8885 2 2 5 3
40900 0 3668 5694 5694 34191 34183
38879 4 40465 108 108 37 37
23645 1 3271 3 2 3 2
10717 1 23392 3 2 6 4
7129 6 37636 201 181 3 3
7129 6 39342 21 2 10 7
22752 1 11603 5 3 4 2
13171 0 2104 10 10 676 660
3840 4 25993 209 208 20 20
6976 1 6542 2 2 2 2
6504 0 17314 12 12 80 73
1218 1 18913 6 2 2 2
23637 1 22005 2 2 2 2
12259 4 40042 3017 3017 2156 2156
29053 0 31232 4 4 36 32
14841 1 11642 4 2 4 2
12434 1 11406 3 2 5 2
4571 1 19807 3 2 2 2
12516 1 16943 2 2 3 2
9471 1 28564 7 3 2 2
40902 0 30686 9508 9508 13570 13569
215 1 13069 10 5 3 2
28342 4 21955 45 45 12 12
4050 1 5908 4 3 2 2
10960 0 16571 10545 10545 19810 19809
3343 1 1512 6 2 6 5
15421 1 7039 7 2 3 2
40903 0 23890 25241 25241 19907 19906
18173 1 23932 3 2 4 2
26645 1 11702 2 2 2 2
15117 1 11702 2 2 3 2
7241 1 9423 4 2 2 2
15866 1 20662 3 2 5 2
308 1 23762 7 3 2 2
1602 1 20590 5 2 3 2
7541 1 7540 3 2 3 2
4015 0 32323 36265 36265 22992 22992
36003 2 3957 6 5 5 1
11479 0 4865 327 327 6947 6941
1202 0 14475 3920 3920 24520 24517
14612 1 19739 4 3 4 2
7024 0 6752 7 7 74 60
32853 0 5203 10382 10382 32189 32187
37253 0 40396 9230 9230 12693 12692
34648 0 16831 99 99 145 144
1613 1 3914 5 3 7 4
10826 0 26562 2793 2793 26561 26556
23101 1 12527 3 2 4 2
27830 0 8061 23087 23086 39487 39485
20864 1 6464 2 2 4 2
5262 6 29332 838 836 2235 2235
35821 0 16863 1729 1729 21464 21458
13407 1 4967 5 4 5 3
9713 1 18011 3 2 2 2
31393 4 27927 17045 17045 9663 9663
12347 1 13214 5 2 2 2
22063 1 36525 2 2 2 2
37425 0 4766 4101 4101 17643 17643
27152 4 38832 49 48 3 3
31830 5 24055 11 11 36 36
15799 6 17609 12 1 1 1
38974 0 621 14 14 198 197
17241 0 17150 6 6 4 3
2858 4 33960 35 3 2 2
26230 0 10765 3 3 10 3
19752 1 19897 6 3 4 2
38731 0 10922 26 26 879 876
30909 6 31031 18870 18870 36780 36780
40907 0 25161 30056 30056 17289 17287
36978 0 692 4 4 4334 4309
29708 0 692 2 2 32 9
20476 1 6724 8883 8882 13211 13209
40908 0 7921 24068 24068 37673 37673
2443 9 5163 7 6 2 2
12141 1 2443 3 3 5 2
7159 4 32394 474 471 91 91
9995 0 1520 6 6 181 171
3657 1 11758 11 11 215 211
687 6 27283 40879 40858 29491 29491
8662 0 716 4 4 77 39
7974 1 3145 6 3 4 2
24517 1 9302 3 3 5 3
7449 0 7095 17069 17068 1743 1743
31989 4 40175 171 171 13 13
40909 0 3338 4774 4774 28118 28110
19172 0 15730 6 5 10 9
15433 6 23550 37428 37425 4423 4423
15869 1 9418 5 3 6 4
27694 3 13419 6 6 7 6
21543 0 14367 1819 1819 12990 12984
5015 4 5256 19 12 8 8
16016 1 10865 3 2 2 2
2379 0 14652 14514 14514 20815 20815
40910 0 10662 251 251 17252 17244
13388 1 17572 3 2 4 2
38526 0 17405 280 280 8398 8390
9889 0 38560 7136 7136 37305 37304
11600 0 13047 12 12 24 16
40912 0 9931 4246 4246 13704 13704
36575 0 34172 25964 25964 17140 17137
19960 6 20910 9485 9484 3022 3022
10868 1 6529 4 2 4 2
25398 1 30292 2 2 4 2
13664 1 23487 4 2 4 3
40913 2 1214 234 234 28243 28224
13094 2 1214 4 2 20 2
16437 0 26208 6376 6376 6629 6627
22757 1 22756 3 2 3 3
40260 0 26108 2 2 5 3
32735 0 5654 2 2 23 20
3447 1 9780 8 3 5 4
14404 1 3447 4 3 9 4
7985 1 4209 4 4 7 4
40915 0 10407 19256 19256 33256 33256
6851 1 6468 3 2 7 3
15604 3 4192 11 11 11 11
9074 0 2243 11 11 39 38
16945 1 27937 2 2 2 2
37937 2 17319 4 3 5 2
17444 1 7040 2 2 3 2
24542 0 21434 1672 1672 4246 4245
19654 0 38248 14235 14235 649 649
40916 0 25194 11736 11736 33467 33466
3512 1 1507 6 3 3 3
35515 4 5683 3061 3061 4740 4740
26598 1 13630 2 2 2 2
3815 1 39428 4 2 2 2
4037 0 16708 2 2 9 5
29698 0 8868 35258 35257 39829 39828
15051 1 14230 2 2 6 2
1006 3 17460 5 4 15 11
20944 1 2415 5 3 6 2
9847 3 11802 2955 2948 622 622
19964 4 40677 32327 32324 15168 15168
23100 1 23574 3 2 3 2
21645 1 16026 4 3 3 2
3046 0 140 780 780 13824 13818
1732 6 23260 14 1 1 1
29279 4 22476 87 87 5 5
21641 0 8412 1258 1258 883 882
40283 0 13935 263 263 101 98
20075 1 5623 4 2 2 2
32173 0 25942 9 9 187 184
17114 1 9438 2 2 3 2
33419 4 28271 9 7 3 3
40917 0 5681 24346 24346 29903 29902
15907 1 15906 4 3 4 2
15906 1 26088 5 2 3 2
14098 4 39569 178 176 58 58
4725 1 3135 3 2 5 4
24645 1 21259 3 2 3 2
22111 1 25386 2 2 2 2
11499 1 5619 3 2 5 2
3068 1 3431 9 5 4 3
7765 1 7764 4 2 3 2
11813 1 30361 9 2 2 2
13330 1 4080 3 2 3 2
40919 0 27595 1983 1983 13042 13042
26579 0 27595 1907 1906 28416 28415
20569 1 7364 3 2 7 2
27835 1 30774 2 2 2 2
2212 6 39573 29010 29010 5453 5453
29644 1 22647 2 2 3 2
28102 1 13943 2 2 3 2
39806 0 4094 11060 11060 39275 39275
11333 0 1873 22 22 683 674
7708 1 7707 2 2 2 2
20826 6 37122 242 241 204 204
35116 1 2058 2 2 7 3
4697 1 3858 3 2 4 2
11455 4 7090 99 95 3 3
40921 0 10175 523 523 12558 12552
38431 1 28014 2 2 2 2
12033 1 19844 5 4 4 2
5245 0 33893 11752 11752 26646 26646
34222 0 38513 84 84 1146 1145
8695 1 8694 2 2 5 2
3104 1 3103 2 2 2 2
15438 1 11384 4 4 4 2
31721 1 24228 3 2 3 3
2370 4 3245 40 20 7 7
8754 1 6098 5 3 3 2
8754 1 4244 6 3 4 2
18988 0 27345 43 43 715 714
40923 0 13663 376 376 22126 22105
11049 0 722 146 146 10914 10906
38784 0 6570 17 17 1322 1307
16141 4 16183 4 2 2 2
496 1 32512 4 2 2 2
37743 1 14493 2 2 6 3
5090 1 38941 4 3 2 2
34217 1 30032 3 2 3 2
16865 1 8774 2 2 3 2
26008 1 24248 1019 1017 712 712
37763 1 3707 2 2 2 2
22457 6 34682 1547 1547 20516 20516
33138 1 11811 2 2 2 2
25767 4 33687 44 44 5 5
13958 4 28025 1569 1561 9 9
656 1 37010 4 2 2 2
10583 1 2117 8 5 9 3
20736 1 17537 75 75 44 43
10184 0 28333 90 90 37 33
38142 0 26564 34762 34762 19155 19155
3096 4 25112 123 115 4 4
15613 0 15381 5 5 141 137
22584 1 12684 3 3 4 2
10350 1 13671 4 2 3 3
7514 1 25165 4 2 4 3
25852 1 20593 2 2 3 2
14893 0 27550 4676 4676 29233 29233
22787 1 22786 2 2 3 2
5300 0 27067 4559 4558 21557 21557
622 0 8078 2 2 16 5
24444 8 33475 88 88 2595 2595
35002 0 19318 98 98 954 952
5466 0 115 4406 4406 34286 34270
19843 0 2682 4 4 4 3
22395 0 5140 950 950 10564 10560
20504 0 11647 101 101 20390 20381
11184 4 27448 16928 16919 89 89
33563 0 18375 31304 31304 3441 3441
19846 1 18645 1508 1506 107 106
23722 0 20561 13497 13497 13531 13531
36869 1 18872 2 2 8 3
1358 1 1357 4 2 3 3
13443 1 1717 4 2 4 2
9968 1 13305 2 2 6 2
6222 1 29825 3 2 4 3
19156 0 89 559 559 38787 38769
28882 9 3696 2 2 2 2
40924 0 22072 13186 13186 7798 7794
30066 1 7387 2 2 4 2
15533 0 7387 494 494 15794 15788
6506 6 39335 501 494 447 447
29368 0 40057 40115 40115 36730 36730
27225 6 33459 56 49 6 6
34773 0 34386 6619 6619 40580 40578
40449 0 1803 2892 2892 30523 30515
21774 6 9252 23043 23043 37979 37979
18483 1 17730 3 2 4 2
18247 1 33545 2 2 2 2
38623 0 5839 1187 1187 18091 18086
4359 1 29197 4 2 5 2
29197 1 13612 7 3 7 4
27198 1 6242 3 3 6 2
27447 1 4053 3 2 3 3
13806 1 28087 3 3 4 3
40925 0 19888 11149 11149 26563 26563
9983 4 21913 310 308 36 36
20348 0 11447 712 712 3708 3708
38036 0 1666 596 596 15019 15008
32679 0 34089 15233 15233 9173 9173
35965 4 17251 43 43 15 15
18481 6 27900 10758 10758 1258 1258
37628 1 32564 2 2 2 2
4466 1 21189 6 5 5 2
640 1 7220 3 2 3 2
24070 0 18975 7456 7456 17070 17068
2758 1 22165 2 2 3 2
4556 1 9927 5 3 6 2
40353 0 10745 621 621 10468 10463
19632 1 35311 2 2 2 2
39784 1 31199 2 2 2 2
4594 0 5891 16 16 106 102
4491 0 19288 1329 1329 4683 4681
30729 4 33668 529 529 131 131
34985 0 3925 6055 6055 24617 24613
28487 1 7168 2 2 6 2
26416 1 36198 4 2 2 2
34811 0 1272 115 115 5391 5374
3263 1 2390 2 2 4 2
11689 0 15537 2 2 8 5
28752 0 4416 7 7 12 11
27422 0 8663 17 17 193 191
5643 1 3754 3 2 3 2
11366 1 26527 7 3 6 3
24792 1 893 3 3 3 2
6657 1 21399 3 2 2 2
18566 1 6657 2 2 3 2
39413 0 5325 35 35 24722 24696
11969 1 26616 3 3 3 2
36488 1 6245 2 2 6 2
11151 1 17991 4 3 4 2
3136 1 16161 3 2 3 2
30980 0 3884 174 173 6152 6147
30250 1 32816 5 3 3 3
4638 1 29948 2 2 2 2
27855 0 9636 772 772 48 48
22777 1 35880 4 2 2 2
3901 1 1387 3 2 5 5
22243 0 13777 35 35 184 175
5542 1 30223 6 2 2 2
38033 0 20954 14909 14909 30589 30589
29753 0 15565 48 48 1359 1351
29266 4 13537 9902 9902 2947 2947
1937 6 25054 5337 5334 9944 9944
21124 0 14843 1146 1146 39541 39538
40927 0 290 306 306 12884 12839
31744 4 8674 16006 16005 6316 6316
40127 0 2558 880 879 7176 7161
2529 4 12558 9639 9632 241 241
7694 1 33571 5 2 3 3
22610 0 27194 14 13 100 95
30249 0 6066 3544 3544 24410 24409
658 0 13432 196 196 4228 4222
40928 0 9369 20680 20680 15092 15091
38434 0 9010 9190 9190 7581 7580
30241 6 28445 21 18 2 2
35998 1 12005 2 2 5 2
37809 2 18294 3634 3633 4376 4374
11424 1 34792 9 3 3 3
35840 0 11072 1181 1181 40767 40762
28978 1 22902 2 2 2 2
11576 6 38596 588 586 33 33
1930 4 36216 80 73 5 5
7939 1 10211 5 2 4 3
28794 4 27413 335 335 30 30
5741 0 1817 632 632 74 74
5741 6 31343 6 3 3 3
19214 6 3845 303 299 9 8
23468 1 1116 5 3 4 2
19251 1 13436 4 3 7 3
30832 0 17008 31350 31349 13462 13462
10086 1 10085 2 2 4 2
20123 1 21785 3 2 5 2
29801 1 16682 2 2 5 2
2714 6 17927 322 278 286 282
3544 6 29062 98 87 31 30
16737 0 2582 1034 1034 18490 18486
37791 0 27732 4 4 13 8
17526 4 11245 317 315 9 9
1533 0 604 255 255 1271 1260
39727 1 9142 2 2 7 2
13018 3 4849 9 7 8 7
32445 0 36854 10 10 455 453
30065 6 21979 20 20 94 91
1742 6 21979 6672 6672 28319 28315
23039 1 22926 4 2 2 2
32339 1 27741 3 2 4 2
17262 4 33581 1399 1398 909 909
26419 1 3896 2 2 3 2
2404 6 17683 33 31 4 4
33189 0 14812 772 772 9648 9644
26452 9 7754 607 607 7061 7060
19015 1 28438 2 2 2 2
12913 1 9397 2 2 4 2
40931 0 27727 6229 6229 20788 20787
1419 1 22014 5 3 3 2
22075 4 35020 1604 1603 2556 2556
14470 4 37913 5846 5845 143 143
28719 0 7960 6991 6991 14394 14394
8597 1 843 2 2 6 2
14278 0 7240 128 128 5121 5104
2970 0 8651 1640 1640 6252 6251
17407 6 4098 796 795 105 105
15599 5 6014 75 75 287 284
23298 0 37796 2 2 4 2
23743 4 1839 158 154 56 56
9242 1 9241 2 2 3 2
40932 0 8840 2522 2522 26791 26783
20097 1 39891 6 3 2 2
28366 1 34247 3 2 2 2
23644 0 37462 16541 16541 798 798
9572 9 9571 5 5 2 2
30724 1 28310 2 2 3 2
18933 4 6687 240 238 15 15
17759 0 2861 30 30 2334 2326
40933 0 15371 5378 5378 29153 29149
38707 1 6267 2 2 3 2
4208 1 4207 4 3 3 2
15219 1 38553 3 2 2 2
23158 4 15716 503 503 215 215
21950 1 27256 2 2 3 2
34499 0 3934 5567 5567 31246 31243
35578 1 3227 2 2 4 2
7908 1 6243 125 118 30 29
1914 6 14604 34825 34801 28759 28759
38010 0 30717 155 155 9766 9765
40934 0 22330 25494 25494 33488 33488
36509 0 1481 5918 5918 12824 12823
17630 1 5576 3 2 3 2
16260 4 1174 234 228 38 38
8162 2 27707 1170 1170 7084 7084
28523 9 16965 2 2 3 3
40935 0 16658 5019 5019 18799 18796
25614 0 86 24 24 298 295
18620 3 6300 3 2 5 4
10303 0 1380 7 7 44 29
37033 0 20187 319 319 870 869
26386 0 18443 15354 15354 2727 2727
38926 0 5480 7111 7111 35331 35330
29831 0 12577 7 6 22 15
15782 0 21097 1550 1550 39996 39993
22438 1 8094 2 2 4 2
40936 2 3999 7079 7079 32602 32561
1838 0 11464 923 923 5692 5690
14405 6 31106 1310 1307 2093 2093
38576 6 23883 14 14 174 174
17088 4 35425 16990 16990 401 401
849 10 13402 5 5 5 5
31905 1 5241 4 3 8 6
5409 0 9991 19 19 51 49
7245 0 31986 3204 3204 15427 15426
34983 1 16742 2 2 4 2
10762 1 12714 3 2 3 3
10953 0 273 12 12 411 397
26769 0 1194 5 5 11 9
12790 6 38666 62 61 24 23
20833 0 14547 2263 2263 13464 13464
31477 0 20633 3 3 6 4
25922 1 17748 4 2 3 2
35874 0 3549 46 46 1053 1038
24436 1 2798 2 2 2 2
25966 1 11230 3 3 3 2
16275 1 18980 6 4 6 2
7862 4 17841 29 26 7 7
12959 0 12265 111 111 290 290
40938 0 25310 36205 36205 29464 29462
35627 0 3269 3 3 21 18
18098 1 22245 8 2 2 2
35614 0 5846 8 8 267 237
29207 1 24456 3 2 4 2
1048 1 24443 3 2 3 2
22767 5 6095 4 4 20 17
12231 0 16476 2 2 28 22
19496 1 30112 2 2 5 2
40940 0 7382 4534 4534 32149 32146
8838 1 20614 5 2 4 3
30101 1 30632 4 2 4 2
9830 1 34527 3 2 3 2
40941 0 13946 17540 17540 19101 19099
28643 0 11339 8 8 1256 1252
13847 1 14386 3 2 4 2
27260 1 35256 5 4 3 2
35120 4 33416 243 241 39 39
6728 1 6727 15 5 5 3
