1678 7 40551 656 420 1 1
1678 7 18056 1790 1550 1 1
1678 7 30089 849 610 1 1
1678 7 36781 254 25 1 1
1678 7 18000 367 135 1 1
1678 7 9202 287 57 1 1
1678 7 26036 20352 20111 7 7
1678 7 35669 574 340 1 1
1678 7 40887 40642 40399 30 30
1678 7 38204 23988 23746 6 6
17935 9 35175 6 6 2 2
785 8 10116 14806 14355 1 1
785 8 37575 3601 3156 1 1
785 8 21817 15582 15130 3 3
785 8 18729 448 6 5 3
785 8 12268 5569 5123 1 1
785 8 29200 31418 30954 9 9
785 8 23537 28097 27638 15 15
785 8 6770 33085 32619 7 7
785 8 1493 13314 12864 9 9
785 8 28822 36464 35995 14 14
785 8 15703 40102 39631 226 226
785 8 8245 26171 25715 16 16
785 8 36761 37200 36730 31 31
785 8 155 29389 28928 25 25
785 8 39420 35619 35152 10 10
785 8 38749 35649 35181 18 18
785 7 11761 5459 5445 13 13
16176 4 33688 13883 13881 5342 5342
18671 0 11241 2 2 103 89
19621 0 11241 10 10 504 489
15582 0 4030 41 41 975 946
25033 0 4030 2 2 76 50
31351 0 4030 4 4 250 222
19165 0 2969 135 135 15972 15963
21012 1 19165 10 7 5 4
16748 6 29001 624 623 347 345
31740 0 1183 2 2 1015 972
26184 1 32091 29280 29277 2050 2050
32091 1 26184 2390 2390 23490 23487
4194 1 6975 2 2 3 2
6975 1 3569 8 7 54 49
15602 0 4367 2220 2220 14497 14468
6546 0 4367 8 8 4934 4906
24512 1 24859 2 2 2 2
33182 0 5053 8212 8212 28789 28786
5945 6 10270 178 175 1489 1488
5109 0 22368 1503 1503 32924 32919
20774 0 8060 6588 6588 144 144
12274 1 9268 2 2 3 2
12842 1 15886 32 28 12 11
13394 1 3789 5 3 2 2
13394 0 3459 1308 1308 17007 16999
38200 3 8055 104 103 1085 1083
36698 0 586 6 6 4205 4128
13143 0 586 185 185 13614 13534
7684 1 586 5 4 9 4
586 3 772 962 951 317 316
586 3 3510 391 381 7 7
586 1 11276 196 189 4 2
38212 2 121 4 4 1219 721
34053 2 121 2 2 902 412
21130 2 121 1 1 633 150
22680 2 121 2 1 506 26
33440 2 121 1 1 622 140
37929 2 121 2 2 896 407
25514 2 121 23 23 1963 1456
31531 2 121 4 4 1691 1185
15287 2 121 15 15 1618 1113
30007 2 121 2 1 477 3
33594 2 121 3 3 871 383
31050 2 121 12 12 2060 1552
10443 2 121 2 1 486 9
13776 2 121 2 1 482 6
28371 2 121 3 3 1153 657
25046 2 121 2 2 858 373
29285 2 121 10 10 1380 879
29029 2 121 4 4 989 496
39017 2 121 2 2 921 430
36587 2 121 27 27 1547 1043
29042 2 121 8 8 1259 760
20341 2 121 3 3 860 373
33915 2 121 1 1 859 373
14588 2 121 2 1 490 12
121 6 39924 934 930 1425 1425
40757 0 1311 1327 1327 40721 40704
40804 0 1311 1711 1711 40752 40734
1311 0 896 278 278 424 419
18270 1 18269 9 7 2 2
13049 0 4990 3 3 622 604
36351 0 4990 9 9 5764 5744
29179 1 10971 2 2 2 2
23886 0 6769 24 24 30 29
30612 0 4411 4974 4974 16562 16561
14866 0 3633 491 491 11634 11629
35748 0 11399 5202 5202 36337 36330
31413 0 15186 5 5 18 16
20145 0 11015 12 12 431 430
40728 5 914 2876 2876 40664 40371
28450 5 914 167 167 19899 19609
7848 5 914 1 1 603 324
35945 5 914 1 1 4044 3759
25546 5 914 5 5 12064 11775
38155 5 914 1 1 1503 1220
36490 5 914 6 6 20684 20393
31958 5 914 1 1 1464 1182
16022 5 914 206 205 5275 4988
1595 5 914 4 4 3540 3256
5734 1 377 10 8 8 7
22785 0 5734 2540 2540 6760 6759
1255 6 24915 15866 15866 38660 38660
14244 1 11981 18 18 38 35
19390 0 4369 91 91 974 955
15364 0 4369 1326 1326 30872 30849
6533 0 4369 2591 2591 26179 26157
20079 0 4369 680 680 19278 19257
3634 1 4369 14 11 2 2
10990 1 4301 18 13 9 8
16398 1 2783 5 4 12 5
2783 1 1316 103 96 9 5
31737 0 16660 2 1 14 1
40758 0 6286 343 343 39839 39827
36771 0 6286 137 137 548 537
23301 0 6286 153 153 113 103
6286 1 7865 6 6 3 2
40759 0 45 15912 15912 40824 40821
45 1 44 74 63 2 2
30663 4 40225 264 263 24 24
14235 0 20549 332 332 11031 11026
20549 1 8731 262 261 133 129
15727 0 20842 136 136 142 141
28017 0 10090 475 475 35796 35782
40795 0 10090 9905 9905 40510 40495
32851 1 11382 26 26 112 111
21858 0 14369 5 5 282 278
34003 0 20650 4911 4911 4372 4371
5656 1 624 67 66 68 63
624 1 34337 484 479 2 2
32035 1 33317 3 3 3 3
6074 0 11052 14728 14728 5925 5925
6074 1 6073 3 2 2 2
31355 4 35983 206 203 41 41
10203 0 23680 7763 7763 17804 17804
34114 4 1598 2729 2728 72 72
15430 4 617 32 16 3 1
617 6 23164 1513 1498 88 88
40760 0 3796 1766 1766 40455 40444
40898 0 3796 7436 7436 40708 40696
27089 0 25460 1 1 9 1
38920 0 20791 3485 3485 5755 5755
26740 0 15987 63 63 2377 2372
26740 5 4475 5 5 219 199
33592 0 3640 5 5 537 468
21749 0 16741 3 3 34 30
40287 6 21134 68 68 5 5
14022 1 6297 12 8 2 2
14504 1 14022 2 2 8 4
40761 0 448 950 950 39734 39709
23685 1 146 52 51 7 6
24780 0 39997 32870 32870 18716 18716
40762 0 1763 2813 2813 40579 40574
6572 1 6944 12 8 4 2
6944 0 1701 172 172 4360 4353
4031 1 9327 11 4 10 7
37067 1 10473 3 3 3 2
23647 0 1338 5 4 675 648
23277 0 13709 1191 1191 30963 30943
3947 0 12235 96 96 1706 1697
12250 1 12717 3 3 2 2
271 6 40026 1073 1046 30 30
14931 1 36099 439 437 1970 1969
36099 1 14931 3264 3263 2047 2045
36099 1 27949 18 18 7 6
14576 5 2971 15 15 435 372
13484 5 2971 1 1 63 1
7443 1 25067 9 6 5 4
16880 0 18633 452 452 9928 9922
16881 1 16880 3 2 5 3
17282 0 228 8 8 5861 5786
33871 0 228 3 3 4780 4706
40763 0 987 8759 8759 39946 39941
20046 0 4696 594 594 26239 26232
8415 2 7033 3 1 9 4
15870 1 18392 4 3 5 4
25017 9 18392 2 2 3 2
3787 1 8742 4 3 15 11
23980 0 3787 2042 2042 10425 10408
8742 1 19068 10 6 10 5
11482 1 10803 466 465 5 5
2901 0 30222 29400 29400 22552 22552
10757 0 3459 1540 1540 23711 23702
26302 0 3459 345 345 6767 6760
10581 4 27666 3747 3747 24319 24319
11449 2 6220 113 112 2983 2976
258 6 35861 29525 29521 4256 4256
25183 3 11235 2444 2444 16102 16101
15107 1 15106 2 2 2 2
20809 4 32820 3330 3312 241 241
20809 4 32206 6579 6560 346 346
4981 1 17073 7 5 3 2
16542 0 4523 114 113 253 251
40894 0 16542 21772 21772 40625 40623
10161 1 10160 156 155 17 14
10160 0 15134 875 875 12206 12199
26185 1 15249 3 3 20 20
1771 1 1770 346 341 36 35
1771 1 9610 937 931 128 125
1771 1 36226 96 92 2 2
24128 0 8842 822 822 25023 25020
26157 1 31405 3 2 3 2
31405 1 31404 6 5 3 3
6096 1 29574 2354 2351 929 929
31306 6 34770 1858 1858 30167 30167
65 9 439 2 2 2 2
9078 1 23938 4 3 4 3
10215 0 5164 9837 9836 29449 29439
1559 8 14508 71 53 3 2
1559 8 25902 15173 15154 1 1
23501 0 1668 4170 4170 35912 35840
20112 1 27611 2 2 2 2
29717 0 30926 4515 4515 38286 38285
40020 0 17095 2660 2660 33999 33998
23138 0 1929 1 1 228 2
38723 0 1929 2 2 365 136
27757 0 1929 1 1 218 1
35086 0 1929 1 1 220 1
20750 0 1929 1 1 219 1
38906 0 1929 1 1 238 10
18333 0 1929 1 1 226 2
15970 1 3369 3 2 4 2
8306 2 25327 2 1 28 21
25327 5 3250 173 173 3367 3355
32633 1 5596 5 4 9 5
30166 0 5644 638 638 9163 9145
3771 0 5644 47 47 5001 4984
36968 0 18425 489 489 7427 7424
4765 1 4764 526 525 658 654
17970 0 4765 378 378 7676 7671
13604 2 251 1 1 138 129
37309 0 30216 4324 4324 16837 16837
38488 0 19873 21373 21373 25114 25113
21703 2 1136 3 2 236 168
37709 2 1136 4 3 401 331
29422 2 1136 5 4 279 210
34900 2 1136 3 2 195 128
4319 2 1136 8 8 1410 1339
35289 1 33808 2 2 3 2
7560 1 5488 3 2 10 6
40937 0 5488 14511 14511 40230 40227
13163 0 5488 4310 4310 3563 3561
3087 1 18847 13 12 4 4
27819 0 3087 3618 3618 20082 20067
29206 1 25712 3 2 2 2
4485 0 608 158 158 2387 2023
4485 1 4213 18 15 13 9
2562 0 608 1694 1694 14121 13746
40838 0 608 6805 6805 40207 39813
14223 0 608 1812 1812 14952 14576
9757 0 608 455 455 7059 6691
21406 0 608 1608 1608 20042 19660
20006 0 608 403 403 19293 18912
1328 0 608 9 9 9747 9377
30256 0 608 14 14 5169 4804
28595 0 608 5966 5966 26736 26350
40884 0 608 3130 3130 39821 39430
33590 0 608 1022 1022 16047 15670
40777 0 608 7454 7454 40314 39919
39245 0 608 18275 18275 33061 32674
40785 0 608 10198 10198 40475 40077
40793 0 608 2112 2112 39856 39464
40814 0 608 10705 10705 40595 40194
7793 0 608 5602 5602 22601 22217
37242 0 608 954 954 26374 25989
40830 0 608 11878 11878 40415 40019
40764 0 29777 6639 6639 40731 40729
13128 0 959 16 16 5662 5631
35052 0 959 3881 3881 23695 23663
14092 1 7130 7 6 10 8
40765 0 18 3325 3325 40652 40652
37609 0 25129 2984 2984 20643 20638
3268 1 10028 8 7 6 4
40766 0 35564 29980 29980 39966 39965
15729 1 12999 6 3 4 3
12999 1 15729 21 19 7 4
35258 4 25396 25 25 17 17
38187 1 29741 2 2 58 57
38187 0 2275 91 91 7047 7014
40767 0 15247 11526 11526 38475 38472
27131 1 17012 2 2 2 2
15936 0 23068 358 358 37 35
7803 1 13968 19 17 26 24
13968 1 7803 14 12 9 7
40572 0 32910 18453 18453 39757 39754
39830 0 32910 3 3 327 325
14004 0 25065 8 8 42 39
25065 0 4789 157 157 13636 13634
32733 0 248 19 19 300 291
10121 0 248 485 485 11370 11360
30194 0 7722 89 89 2418 2406
23606 0 4877 556 556 18999 18988
32247 0 4877 62 62 6098 6088
30622 0 2318 1 1 145 26
26982 0 2318 391 391 6873 6743
9320 0 2318 20 20 3151 3022
26224 0 2318 480 480 6978 6847
18713 0 2318 3 3 530 406
38875 0 2318 136 136 3094 2966
3443 1 12083 366 365 60 59
13887 0 3443 111 111 419 409
18271 0 3443 7 7 2699 2688
4423 0 24850 4 4 9 8
1038 4 13190 306 136 4 4
1038 4 40447 294 128 3 3
1038 4 33781 222 60 2 2
1038 4 31677 275 111 1 1
1038 4 7455 229 66 1 1
23751 4 8080 34 30 2 2
8080 4 23312 124 121 6 6
25625 5 2176 7 7 8866 8763
24036 5 2176 34 34 15101 14995
18415 5 2176 3 3 9059 8955
29637 0 28168 555 554 1266 1261
17924 0 7315 1178 1178 21431 21426
13300 0 11301 700 700 7070 7060
13300 6 14769 3324 3321 4177 4176
25115 0 11301 528 528 7509 7498
20438 0 11301 562 562 6280 6271
37862 0 11301 839 839 12851 12839
34851 4 31118 20 19 4 4
40242 0 24346 2687 2687 10913 10910
26644 1 4985 3 3 3 2
26644 1 16054 4 3 5 4
8110 0 12168 5 5 997 961
36165 0 12168 973 973 11786 11749
22455 6 27199 354 354 17088 17088
7288 1 36878 7 7 2 2
19322 5 7288 4 4 3081 3067
40768 0 1784 641 641 40359 40312
15769 0 1784 33 33 12367 12322
40438 0 1784 1284 1284 31347 31301
40839 0 1784 5302 5302 40637 40589
27441 0 25270 30710 30710 32373 32372
25270 0 6354 4044 4044 7465 7462
12380 1 20717 5 2 3 2
3729 0 20717 1184 1184 36555 36544
176 1 25906 5109 5108 29424 29421
25906 1 176 32014 32011 4325 4324
40769 0 10981 13316 13316 40563 40562
24894 0 7247 11 11 408 399
27000 0 7247 481 481 33194 33184
17047 0 13439 14801 14801 38613 38613
40770 0 3005 509 509 40394 40380
12076 1 3005 3 2 11 5
12740 4 40747 40374 40374 32693 32693
16545 1 14634 4 4 400 393
4313 1 3457 9 4 6 2
1482 0 13752 15936 15936 6434 6434
1482 1 35255 7 3 5 4
11251 1 13752 4 3 4 3
28721 1 22741 2 2 3 3
28721 0 15897 2 2 124 121
3761 0 8987 18695 18695 18454 18454
8987 3 23784 34483 34483 19644 19644
7280 1 26118 3 2 2 2
28912 1 26118 390 389 108 107
38386 0 1904 2 2 6 4
6607 1 11157 5 2 3 2
637 6 31616 783 740 20 20
637 6 39715 654 614 2 2
637 6 14054 133 94 2 2
637 6 39536 1335 1290 21 21
637 6 23571 781 739 11 11
637 6 40404 822 778 7 7
637 6 29851 747 706 13 13
5767 4 21704 4955 4937 44 44
3432 4 7926 372 370 15 15
3509 0 3407 29 29 1075 1071
13238 0 3407 67 67 348 345
26647 1 3407 7 6 50 45
24287 1 17938 3 2 4 3
36533 9 24287 6 6 142 141
17939 1 17938 3 3 5 3
9673 1 8487 6 3 6 3
7998 1 9673 5 2 4 2
8487 1 7998 22 19 272 269
3814 1 3548 1574 1571 58 58
23744 0 296 831 831 22906 22754
21505 0 296 5 5 3012 2863
7397 0 296 1 1 140 1
10506 0 296 1 1 217 74
38028 0 296 1 1 144 2
12013 0 296 1 1 249 105
15119 0 296 8 8 1094 947
36945 0 296 31 31 6748 6597
36798 0 51 57 57 6160 5962
38369 0 51 31 31 4664 4468
40705 0 51 17620 17620 40812 40609
20387 0 51 930 930 9259 9060
40810 0 51 7897 7897 40607 40406
27837 0 51 4 4 622 429
5886 0 51 2 2 470 278
20051 1 20050 8 7 18 16
20861 1 5558 3 2 20 18
26868 0 6233 47 47 6135 6126
26868 1 5872 5 3 9 6
37434 0 917 406 406 16485 16482
25228 0 917 3974 3973 1129 1127
20402 0 16155 22242 22242 34785 34784
30004 0 2482 568 568 36414 36404
18986 0 2482 145 145 5167 5158
39024 0 29467 22851 22850 12920 12919
38724 0 29467 11608 11608 20712 20710
36561 5 129 2 2 11923 11879
1583 0 129 339 339 25585 25576
406 1 1287 5 3 12 5
23997 1 406 3 2 4 3
18173 1 1287 71 69 763 753
40882 0 1287 13247 13247 40870 40830
332 0 1287 233 233 4973 4934
18612 4 33576 75 54 1 1
18612 4 19325 72 52 1 1
12266 4 18612 16 9 1 1
5940 0 532 2 2 87 10
1521 0 532 2 2 132 54
40279 0 532 1 1 78 2
30426 0 532 1 1 74 1
15231 0 532 1 1 75 1
40771 0 10613 248 248 33150 33139
29184 1 22723 4 3 5 4
29184 1 30903 5 3 2 2
6386 0 26454 8516 8516 38738 38734
3277 1 37105 4 4 2 2
31630 0 33081 5257 5257 40331 40330
33081 0 3606 1558 1558 17168 17155
1354 1 1353 6 5 10 5
4940 6 40772 40653 40651 1464 1464
4385 0 4940 8438 8438 37879 37869
29446 0 4940 657 657 39323 39312
24366 1 7539 2 2 2 2
9683 6 40773 40757 40756 6140 6140
40773 0 2732 8140 8140 40400 40397
33864 0 13576 94 94 296 291
28351 1 685 2 2 7 7
35900 3 685 18 18 2419 2416
8053 1 32295 15 9 3 2
35212 0 8053 821 821 9908 9906
8643 0 1819 3 2 186 180
7117 1 8643 4 3 4 2
24594 5 1819 1 1 4450 4410
3210 5 1819 1 1 54 15
27467 0 31416 4277 4277 38615 38613
464 1 3675 3 3 91 85
3675 1 12232 3965 3959 249 248
3675 1 19310 8 3 4 3
4006 1 7203 6 3 4 3
1307 1 11050 19 18 98 89
10097 6 15251 20084 20084 9917 9917
21168 1 10097 7 6 7 5
23083 0 26718 29116 29116 23198 23198
21673 0 26120 8484 8484 38478 38477
26120 0 6426 275 275 2924 2916
24650 0 27939 10518 10518 32791 32787
38457 1 9568 4 4 67 66
27178 0 2497 2 2 2470 2375
31174 0 2497 6 6 6591 6493
19058 0 2497 2 2 1322 1229
23035 0 2497 20 20 4850 4753
5147 0 2497 54 54 18060 17960
5305 1 1 14 11 3 2
29442 1 5305 6 4 8 5
12784 4 1630 97 93 1 1
12784 4 5463 1311 1305 8 8
25315 1 20655 6 3 10 9
8198 0 20655 2420 2420 20417 20413
20655 1 5129 8 7 13 9
931 0 2275 13 13 2643 2611
11433 0 2275 142 142 7361 7327
14758 0 9787 6 6 6080 6061
36898 0 1686 232 232 13324 13317
40774 0 16369 2949 2949 40056 40051
17226 1 10110 4 4 3 2
27870 2 2023 3 3 761 711
18478 2 2023 5 5 767 716
11490 2 2023 16 16 2452 2398
20278 2 2023 7 7 1516 1463
16554 1 29212 4 2 3 2
29212 0 34093 19645 19645 14352 14352
36825 0 20796 2 2 28 23
5335 5 9988 241 241 18070 18068
29725 5 9988 91 91 27395 27392
1864 4 39744 182 105 5 5
1864 4 12986 228 147 5 5
1864 4 9221 220 140 2 2
1864 0 1703 1 1 32 1
12378 1 3604 5 4 9 5
9895 1 13428 14 10 3 3
15667 1 15666 13 13 7 5
2507 3 4435 538 537 413 413
6789 9 2507 2 2 4 3
16918 1 2507 7 3 13 4
20071 4 20803 261 256 14 14
20849 1 14778 7 5 3 3
13053 1 24622 338 338 39 36
40284 1 24622 2 2 188 184
19366 0 20234 11042 11042 39996 39994
26315 0 19366 2 2 1990 1983
35882 2 2524 83 82 1300 1256
33234 2 2524 3 2 98 56
40939 2 2524 20 20 40069 40024
8199 0 15331 1385 1385 6772 6770
19502 1 12706 3 2 2 2
11732 1 7659 469 468 117 112
29649 0 11732 763 763 30485 30477
7659 1 7279 8 3 6 3
12815 4 27688 136 115 1 1
12815 4 20570 306 283 3 3
26871 0 2084 7716 7716 2907 2907
4955 6 15531 10 9 43 40
8178 1 11153 2 2 2 2
2181 6 20785 561 544 35 35
2181 6 11583 1231 1213 72 72
23792 0 30977 13 13 12164 12159
4102 4 38587 201 191 13 13
40775 0 35896 21585 21585 38782 38781
6696 1 21296 6 4 16 14
21295 1 6696 2 2 5 3
8023 1 21296 4 3 3 2
3303 0 10707 881 881 7226 7200
17408 0 4099 14368 14368 38852 38851
23226 0 34449 11778 11778 38768 38767
4136 1 4135 98 95 3 3
39465 0 16668 2247 2247 27572 27568
16257 0 23562 16168 16168 17795 17790
4227 6 32367 27548 27545 673 673
40607 0 4227 501 501 40473 40470
16679 1 16678 2 2 5 4
1122 9 23212 6 5 2 2
23212 0 2918 2 2 2290 2214
7532 1 7531 52 48 11 10
29273 1 14570 2 2 12 9
5949 0 3779 9 9 4724 4670
8913 0 3779 42 42 5390 5335
23795 2 2580 1 1 58 21
9939 2 2580 38 38 2306 2264
20115 2 2580 1 1 61 23
36622 2 2580 1 1 68 29
15250 5 2644 2 2 531 515
4951 1 5069 21 20 27 24
7948 1 8993 15 13 2 2
3755 1 18943 491 489 52 51
18943 1 30961 3 2 4 3
17857 1 11523 5 4 4 2
6924 4 37669 245 230 16 16
6924 4 25551 204 190 9 9
30696 4 40310 386 386 144 144
5259 0 9217 49 49 1752 1744
28032 0 5259 394 394 4091 4083
20159 4 23395 6600 6598 308 308
17347 4 20159 10597 10593 16 16
3882 4 10151 45 45 27 27
8811 0 2340 553 553 37762 37760
32387 0 8811 9325 9325 31221 31218
35192 0 2340 511 511 38253 38250
19066 6 13595 5965 5959 253 253
2887 0 2938 1020 1020 3593 3590
2887 1 7436 4 2 6 4
15497 1 2938 40 40 13 12
25015 4 28828 180 180 605 605
21810 4 25015 155 146 6 6
3850 0 160 19 19 6032 5992
15553 0 160 19 19 6177 6136
17933 0 160 2 2 1133 1096
30234 0 2731 4 4 1044 1017
46 0 14274 313 313 3716 3710
14834 1 16497 55 52 6 3
14834 1 8390 4 2 7 3
14834 1 5110 3 2 13 5
40922 0 14834 3076 3076 40521 40516
11673 1 5110 3 2 14 5
29358 0 2687 1 1 37 2
8288 0 2687 1 1 38 2
33791 0 2687 1 1 34 1
33543 0 40596 39825 39824 1247 1247
172 4 7119 16883 16882 14517 14517
35331 5 172 2 2 10129 9781
28580 5 172 5 5 5206 4862
18603 5 172 31 31 20013 19657
36972 5 172 4 4 3695 3353
78 5 172 6 6 11351 11001
33614 5 172 2 2 2358 2017
35822 5 172 1 1 5815 5469
39121 5 172 3 3 12546 12195
22074 5 172 117 117 17756 17401
20314 5 172 36 36 15785 15432
1118 5 172 2 2 10844 10495
21326 1 23555 7 3 6 4
2173 6 38083 16 6 2 1
2173 6 18659 58 46 1 1
33947 4 39713 155 155 95 95
18377 3 4166 6 5 5 2
34858 0 18783 7025 7025 40297 40296
3968 1 5813 6 5 8 3
11261 1 5813 2 2 15 9
5813 1 31835 13 6 5 4
36714 0 38851 31788 31787 16795 16795
30857 0 30511 8567 8567 32716 32715
1365 1 15439 48 47 53 51
39987 0 81 356 356 9883 9836
36104 0 81 2 2 164 118
5785 0 26217 83 83 310 306
19380 0 26217 2 2 184 181
6787 1 26217 27 24 10 9
16634 0 9747 2 2 361 345
36078 1 7833 2 2 2 2
32975 0 9558 6917 6917 7063 7063
32975 1 32002 2 2 4 4
22353 1 15922 26 24 4 4
1604 1 6991 7 5 9 5
2547 1 14925 11 11 4 2
14212 0 14737 10 10 63 52
4130 0 3621 28 28 203 196
24323 0 3621 1200 1200 24747 24739
3621 0 9758 41 41 171 154
10319 4 33522 353 337 15 15
27683 1 39142 2 2 2 2
16503 1 110 3 3 6 2
40776 0 5310 5494 5494 40309 40299
25496 0 5310 2 1 63 54
1913 6 25274 795 790 153 152
33711 5 19257 2 1 8 1
32197 1 22383 2 2 4 4
23062 1 12031 12 12 10 9
26578 0 239 1489 1489 17643 17383
19936 0 239 1106 1106 17373 17114
40929 0 239 11905 11905 40684 40417
24226 0 239 230 230 3725 3476
20767 0 239 12367 12367 21094 20832
19429 0 239 1238 1238 13261 13007
32842 0 239 3128 3128 22181 21917
34670 0 239 21459 21459 32283 32018
23758 0 239 4 4 5181 4931
13023 0 239 45 45 2511 2263
16182 0 239 1297 1297 14059 13804
17401 0 239 160 160 15030 14774
34239 0 239 16 16 8231 7978
2069 1 15760 17 7 4 3
22182 1 3014 5 3 3 2
31096 1 15639 5 3 7 3
15639 1 29383 7 3 3 2
15639 1 207 12 7 6 4
13398 0 71 70 70 3749 3686
2736 4 13398 7713 7664 18 18
13398 4 7720 48 41 22 22
20939 0 2215 2290 2290 30867 30862
7946 1 1765 5 4 8 7
1947 0 1249 5 5 3103 3058
22728 1 16506 2 2 41 39
34810 9 22728 2 2 2 2
3254 0 2886 642 642 8066 8058
18890 4 37812 3406 3404 242 242
18890 4 28071 16385 16382 464 464
24803 4 28831 1548 1547 276 276
12939 1 23279 147 145 11 11
13702 1 12070 7 3 7 6
27600 0 7589 239 239 20486 20477
24117 1 1225 2 2 2 2
1110 0 20337 674 674 8236 8231
40926 0 20337 21645 21645 40935 40928
354 4 36395 1832 1829 10 10
24159 0 12803 10628 10628 25432 25432
26948 2 3620 14 14 1326 1301
37272 0 7800 996 996 21989 21978
23037 4 3762 9989 9987 749 749
33783 2 1326 352 352 14505 14368
22501 2 1326 5 5 3406 3270
31495 2 1326 5 5 2205 2070
19086 2 1326 6 6 443 310
38740 2 1326 2 2 579 445
38719 2 1326 2690 2690 37626 37488
36238 0 1326 21 21 1257 1243
18160 0 1200 1764 1764 1121 1121
23552 1 10327 5 3 6 4
40037 0 19153 4441 4441 28573 28571
33552 0 40037 12005 12004 34723 34723
7751 0 3712 504 504 40096 40087
7196 0 3712 551 551 19844 19837
28826 1 3712 5 4 18 10
26351 6 25426 859 859 3407 3407
17946 0 26351 164 164 9589 9585
10124 0 25426 3605 3605 9221 9217
6974 6 17672 643 642 18 18
19506 1 15393 4 3 3 2
32325 0 17590 139 139 10089 10081
40778 2 26169 4789 4789 40321 40321
36197 4 29170 3739 3739 2447 2447
1264 1 22448 9 6 4 3
40779 2 1646 266 266 40456 40414
40782 2 1646 595 595 40926 40883
40780 0 379 3 3 37725 37708
40828 0 379 24 24 39292 39274
14490 1 12757 3 3 10 7
34243 0 1244 2 2 486 206
12545 0 1244 20 20 775 491
28964 0 1244 43 43 9570 9280
4871 0 1244 8 8 1450 1163
17807 0 1244 4 4 495 214
14487 0 1244 1 1 278 2
40781 0 4921 7678 7678 40485 40482
9372 1 1508 3 2 4 3
2261 4 19476 39 24 1 1
2261 4 18565 41 25 1 1
5771 4 39949 48 40 1 1
13951 1 3521 18 14 11 7
18299 1 274 3 2 11 4
15954 1 34113 14 11 2 2
17141 0 21055 4 4 7 4
13878 1 26428 8 5 11 10
35918 0 391 318 318 22885 22882
39002 1 39001 2 2 2 2
4532 1 26446 9 9 3 3
11891 5 16320 117 117 25702 25689
13955 1 11289 6 4 7 4
1592 1 17240 11 6 2 2
15523 0 2604 99 99 6613 6578
36776 0 2604 4345 4345 40140 40098
40872 0 2604 432 432 40363 40320
6989 0 2604 909 909 10854 10816
38136 0 2604 185 185 6901 6865
31426 1 2604 4 3 24 16
12623 1 6107 656 656 1334 1331
22297 1 8322 6 4 4 3
21592 1 22297 3 2 6 4
4547 1 21674 50 42 8 5
32040 1 4547 5 4 10 2
7982 1 20572 4 4 5 2
7983 3 7982 3 2 3 2
31376 2 743 6 6 1088 982
32748 2 743 2 2 1464 1357
36118 2 743 28 28 5377 5268
743 6 9450 26 25 151 151
39780 0 2807 194 194 29643 29638
4722 0 2807 54 54 6799 6796
35415 0 2807 5087 5087 33061 33055
15011 0 1542 9 9 692 672
10421 1 10420 22 19 5 4
26009 0 265 1 1 251 1
9536 0 265 6 6 1163 903
15205 0 265 1 1 250 1
36270 0 265 4 4 2204 1943
39375 0 265 4 4 1096 837
12974 0 265 127 127 831 575
25076 0 265 2 2 859 601
19351 0 265 15 15 797 542
11480 2 1534 3 2 385 378
40783 0 4407 4740 4740 38565 38565
4407 1 39995 4445 4438 3 3
8464 1 8424 20 16 6 4
23763 1 3300 17 17 606 600
24479 1 23586 6 3 3 2
28656 0 21 18 18 768 701
38617 0 21 1 1 67 1
39259 0 21 1904 1904 20679 20610
6493 0 3567 3902 3902 15990 15988
21912 0 22347 586 586 2523 2522
24178 1 9908 188 183 6 6
22121 0 351 1 1 125 1
25316 1 746 151 149 13 12
3063 1 4791 1360 1355 926 923
11495 0 4791 62 62 16085 16071
36889 0 883 2 2 392 175
22017 0 883 2 2 911 690
39078 0 883 2 2 930 708
7495 0 883 1 1 215 2
7498 0 883 1 1 213 1
36527 0 883 2 2 303 88
31583 0 883 2 2 745 525
40784 0 14144 12102 12102 40684 40666
3408 6 8243 78 12 2 1
3408 6 8940 4687 4611 120 120
3408 8 38801 33886 33820 4 4
3408 8 28506 213 149 9 8
10233 4 38705 1290 1276 2 2
36048 6 18704 1758 1758 11434 11434
1046 7 36048 21081 20962 6 6
1962 1 1961 56 51 7 4
11585 3 21329 13289 13286 2555 2554
32391 1 11972 5 5 3 3
31739 4 18679 1177 1175 635 635
26785 1 7703 2 2 8 3
20520 1 6788 4 2 3 2
11565 1 37185 545 537 6 6
11565 1 12441 75 68 7 7
29689 1 11565 2 2 13 5
19922 0 8858 18 18 5476 5465
15795 6 39521 728 728 17561 17561
840 8 19493 16 4 14 12
840 8 36647 98 85 16 16
840 6 30428 1518 1505 45 45
26662 0 7523 3484 3484 29575 29572
26756 0 9311 65 65 5337 5326
12636 1 24788 13 9 3 3
20784 1 387 5877 5876 1646 1646
387 1 20784 3696 3696 23830 23829
12153 3 19756 6584 6583 9 9
13239 0 284 6 6 363 140
34758 0 284 1 1 223 5
35142 0 284 1 1 216 1
33324 0 284 1 1 224 5
24884 0 284 1 1 226 6
39131 0 284 3 3 958 732
26984 1 38840 179 177 10 10
9435 1 13227 8 5 13 6
5449 0 9435 6210 6210 6431 6430
31592 1 13227 3 3 57 49
23798 1 23297 1146 1143 604 603
21935 1 23297 3 2 2 2
4425 0 9880 11 11 452 443
17011 3 17169 80 78 132 128
7442 1 23836 4 2 4 2
7442 0 12505 10824 10824 17945 17937
23836 1 3274 4 2 5 3
17432 1 30826 3 3 2 2
11988 4 31236 2383 2382 15 15
31236 4 34496 269 268 10 10
1444 0 9048 5 5 617 602
5768 0 1444 9672 9672 21114 21078
39440 0 1444 414 414 12322 12287
20898 0 9048 44 44 28820 28800
2408 0 9048 2335 2335 12272 12254
33742 0 9048 4035 4035 24912 24893
38351 0 9048 27272 27272 38730 38709
6375 1 8324 5 4 2 2
37317 0 6230 4916 4916 37405 37404
10713 4 2207 3807 3802 76 76
40786 0 1672 8827 8827 40816 40780
40892 0 1672 2226 2226 40455 40420
28472 5 10737 96 96 5004 5001
10737 6 27038 3231 3227 10 10
21537 0 1027 2 2 236 85
35194 0 1027 2 2 1384 1231
39579 4 25695 2371 2371 208 208
12699 0 2137 6 6 36 25
27906 0 19986 17700 17700 38662 38659
19986 1 16852 18 16 21 19
30297 1 3771 12 11 8 6
39950 0 2362 3 3 31 29
16469 0 178 4070 4069 27933 27920
34721 0 178 2308 2307 22075 22063
9225 0 178 159 159 13251 13240
31063 0 2110 2 2 497 310
38241 0 2110 85 85 4915 4724
31237 0 2110 3 3 449 263
5590 0 2110 546 546 5002 4809
7272 1 33016 2 2 4 2
17837 0 7272 556 556 5784 5783
36109 1 33016 2 2 3 2
33016 1 33015 4 2 2 2
39272 0 12035 11 11 981 972
11022 6 27914 1825 1818 48 48
40787 0 5243 1985 1985 37391 37386
3741 1 18271 2 2 2 2
40788 2 593 10 10 40800 40773
27944 2 593 313 312 8376 8351
9102 2 593 21 19 97 73
40548 0 16045 7232 7231 1048 1047
758 1 10360 18 16 12 7
10360 1 10359 613 608 3 3
3223 0 3161 1 1 557 522
5881 1 18355 7 6 2 2
38969 0 16196 93 93 1174 1174
29347 0 1461 2861 2861 30844 30831
1650 1 16394 24081 24074 7613 7613
1650 1 16302 6 2 2 2
40174 1 1650 26171 26171 36099 36091
9952 1 37466 648 640 6 6
2245 0 2918 59 59 2528 2451
2245 1 2244 5 3 5 2
14233 0 2918 2446 2446 14374 14294
1079 0 2918 1410 1410 12088 12009
32727 1 24872 3 2 3 2
39701 0 5987 26026 26026 15230 15230
15176 1 18854 11 5 8 6
18854 0 7016 1019 1019 9934 9932
24327 0 3027 2587 2587 22355 22302
14366 0 24327 16878 16878 40044 40044
23190 1 13002 3 2 62 58
5729 1 20226 2 2 3 2
20226 0 13887 399 399 4386 4381
8274 1 8999 247 245 13 8
18181 1 8274 4 2 5 3
9428 1 8999 3 2 10 6
8511 1 31347 3 2 2 2
21811 0 278 1 1 180 6
33666 0 278 3 3 615 436
21874 0 278 2 2 234 57
29143 0 278 1 1 173 3
18106 0 278 1 1 178 5
39291 0 278 2 2 348 170
37756 0 278 1 1 174 3
511 0 15897 28 28 5 3
15736 0 1677 14222 14222 31140 31081
829 0 1677 56 56 3748 3692
27621 0 1677 2195 2195 22812 22754
29445 1 1550 6 5 7 4
18936 4 39578 56 55 17 17
34932 2 14540 150 149 1001 997
647 1 6311 9 2 2 2
33210 6 17250 13178 13178 22113 22113
9637 5 1981 1 1 6139 6087
21619 5 1981 13 13 12856 12802
11643 3 3908 13080 13079 1673 1673
30998 1 7774 2 2 8 7
30998 1 2447 5 4 3 2
16669 2 916 2 1 136 4
8577 2 916 2 1 358 215
18018 2 916 2 1 418 273
35944 2 916 2 1 439 293
9258 2 916 2 1 169 29
34189 2 916 2 1 333 191
21737 0 2589 134 134 20955 20938
40303 0 2589 569 569 33902 33884
3167 1 6502 7 2 8 5
17014 2 3167 2 1 96 75
7204 1 3167 8 6 22 17
32383 0 427 2 2 175 105
13521 0 427 2 2 243 172
11437 0 427 1 1 82 13
16023 0 4958 12 12 12 10
5777 4 4318 18 6 2 1
5144 4 4318 5 2 8 6
4318 6 27523 1075 1071 86 86
19086 6 12484 4 1 5 2
12201 4 22304 338 332 47 47
10786 1 14577 6 4 8 6
20175 0 7143 353 353 2856 2850
1205 1 23424 8 6 6 5
35226 0 37189 2520 2518 1010 1008
19169 1 25362 3 2 12 11
14940 1 12227 3 2 5 3
12227 1 13800 5 3 4 2
2813 0 3170 6301 6301 14384 14384
3170 1 3169 8 5 4 4
35238 1 8601 2 2 4 2
36661 1 39486 3 2 2 2
17745 5 774 18 18 13413 13275
17745 2 1137 15 15 7288 7181
37417 5 774 1 1 167 37
29963 5 774 1 1 476 344
40735 5 774 2848 2848 40905 40765
23613 4 28865 892 888 2 2
24660 4 23613 8755 8752 304 304
6782 5 5167 563 563 38189 38169
34227 5 5167 641 641 34028 34009
5167 6 27267 11516 11515 3936 3936
40789 0 25921 10143 10143 40618 40618
18492 6 36549 7 6 3 3
864 1 14562 7 3 4 3
32699 0 14562 4293 4293 32451 32441
4521 1 25708 7 3 3 2
10559 1 10558 2 2 2 2
3083 0 26431 209 209 4165 4160
5974 0 9758 623 623 3879 3861
4522 0 9758 144 144 6481 6460
12683 0 9758 6324 6324 17725 17703
19 0 29519 750 750 922 920
38094 4 40790 40168 40168 17011 17011
36200 0 5055 10809 10808 23358 23358
204 1 3048 8 3 8 8
32488 1 204 6 5 68 63
40791 0 11084 396 396 40392 40374
33754 1 5275 2 2 3 2
32 4 32392 122 107 4 4
32 4 24489 172 156 7 7
12319 4 14836 123 118 6 6
27811 2 10916 11 10 375 370
30475 0 10916 6669 6669 8202 8202
15792 0 3763 36 36 17906 17901
8019 1 30805 16 12 6 5
2949 1 8019 5 2 6 2
30805 1 16646 17 15 40 37
35060 0 5892 15 15 3698 3691
11125 4 10606 42 42 7 7
25276 1 3926 4 3 17 12
13830 1 6490 1962 1956 1230 1230
13830 1 7308 157 153 36 35
6490 1 13830 1273 1273 6337 6331
1366 0 29 359 358 2354 2347
29 1 11186 4 2 3 2
6226 1 29 13 13 382 380
19987 4 11397 665 663 61 61
4506 1 9454 35 32 21 19
6037 0 39187 1577 1577 17322 17320
39187 0 11100 363 363 32014 31996
2381 2 12273 1 1 47 1
7324 2 12273 1 1 55 7
6513 0 650 1108 1108 3045 3004
37308 0 650 156 156 17497 17455
40792 0 9525 5029 5029 40378 40374
30839 1 10851 2 2 3 2
21181 5 232 34 33 1563 1554
11205 5 232 185 185 37146 37136
24984 0 232 1639 1639 18048 18042
38752 0 728 3819 3819 30112 30105
8716 6 31315 1573 1573 205 205
24013 1 23715 5 3 8 5
36734 5 985 3 3 2987 2921
7458 5 985 42 42 1913 1848
12641 0 39 2 2 584 375
7396 0 39 1 1 163 1
21862 0 39 1 1 205 6
21561 0 39 1 1 201 3
13466 0 39 1 1 197 1
17532 0 39 1 1 292 88
18621 0 39 2 2 618 408
1398 0 19101 1873 1873 20562 20560
13758 1 29291 4 3 5 2
4555 0 1115 2707 2707 27097 27088
39750 6 18050 687 687 29220 29219
11789 1 24319 7 7 3 2
24319 1 11789 3 2 3 3
7072 1 9237 37 31 7 6
13503 1 7072 4 3 17 11
25660 5 4520 12 12 1211 1207
38151 0 7155 557 557 12605 12600
4453 6 7580 28847 28841 819 819
7580 0 34614 224 224 3105 3104
26183 0 11186 5006 5006 38396 38393
35764 0 14617 3907 3907 6721 6720
4608 0 3699 140 140 18772 18753
40827 0 3699 314 314 40341 40320
8852 0 7403 1548 1548 25656 25651
8176 1 8852 568 566 9 8
193 6 27058 611 558 4 4
193 6 11869 227 175 1 1
193 6 18878 2185 2131 3 3
19842 4 22836 3428 3423 66 66
21930 1 21045 2 2 4 3
21930 0 12252 30 30 1087 1081
5745 1 14074 394 393 5 4
26613 1 9037 4 3 4 2
9037 0 3099 3221 3221 10915 10914
7396 4 28775 2979 2964 39 39
24578 3 23111 2721 2718 25 25
21061 1 25626 2 2 2 2
24011 0 12474 39156 39156 37783 37781
13829 1 16710 28 26 3 3
4185 1 13829 36 35 28 26
13829 3 25284 8 6 7 5
12211 0 6042 322 322 19532 19521
13978 1 2276 2 2 5 2
39294 4 26572 31715 31715 30905 30905
33294 0 3229 3 3 1071 1062
8108 0 3229 2704 2704 26241 26231
3229 1 22044 14 11 5 3
6633 7 40129 26178 26166 12 12
6633 7 12050 2150 2140 1 1
16200 0 1852 57 57 4297 4250
16201 1 16200 5 2 7 5
19710 6 10760 59 58 158 153
32734 1 3419 52 52 211 209
4779 1 14955 12 11 3 2
3716 1 1998 2 2 7 3
40577 0 3716 1372 1372 40416 40402
31620 0 3716 1948 1948 23554 23542
28941 0 3716 3120 3120 24118 24105
17519 0 3716 42 42 199 189
9620 0 3716 39 39 471 460
2915 1 12159 57 43 11 7
522 1 21041 21 18 6 4
522 1 13953 5 3 8 2
522 0 16646 3437 3437 39147 39147
32701 0 522 50 50 1441 1429
31153 0 36722 20273 20273 24925 24923
36722 0 1474 1513 1513 39421 39406
7592 1 9560 58 55 2 2
2035 1 8589 8 4 6 4
25494 1 8589 2 2 10 7
4666 1 4665 440 437 4 3
4665 0 6717 41 41 5498 5496
6144 1 19664 2 2 4 2
28456 2 1773 1 1 289 250
28456 6 22320 266 264 93 93
5443 2 1773 1 1 126 88
18213 1 18982 8 7 3 2
18716 0 37537 913 913 35571 35569
6882 9 10563 2 2 2 2
40794 0 32275 2510 2510 40409 40408
19296 1 6611 7 6 3 2
16065 0 36140 298 298 407 404
40829 0 16065 26639 26639 37756 37755
32071 1 23898 6 5 3 2
37285 0 184 1 1 296 3
39009 0 184 16 16 4519 4216
3395 0 184 1 1 283 2
32164 0 184 1 1 286 2
34310 0 184 1 1 292 3
39279 0 184 1 1 300 5
11281 0 184 1 1 301 5
30773 0 184 1 1 307 8
15734 0 184 1 1 291 3
5209 0 184 2 2 440 139
16507 0 184 1 1 294 3
40030 0 184 1 1 295 3
1190 6 31657 37 25 1 1
1190 6 39319 99 86 2 2
17492 1 20700 3 2 2 2
16074 0 18268 1 1 6 1
21289 0 18268 6 6 19 13
14746 1 23603 584 583 4861 4859
7078 6 36019 3931 3931 2729 2729
7486 0 7078 1187 1187 4270 4262
4225 1 13633 11 6 9 6
4225 1 11780 8 4 5 3
754 1 2375 5 2 10 9
1823 7 36030 230 229 340 339
6054 0 4123 160 160 7060 7026
6054 3 1296 13012 13010 13112 13111
3215 0 7911 7 7 2977 2974
6678 1 7911 4 3 10 8
16802 1 8850 106 102 34 32
1076 1 1075 21 14 9 8
1076 1 27277 245 237 5 5
18470 1 18469 24 24 3 3
7673 1 10866 12 10 13 13
7673 1 8629 5 4 4 3
8644 1 14101 12 10 5 5
493 0 1629 23 23 1182 1170
2736 4 26470 66 21 1 1
2736 4 34726 62 18 1 1
2736 4 35146 1084 1036 8 8
2736 4 33515 68 22 1 1
35179 0 19119 1398 1398 36795 36794
13379 4 19119 1481 1478 307 307
28508 2 3843 15 13 95 67
40099 2 3843 105 104 5814 5785
9537 1 3843 8 8 15 11
25746 0 11870 18877 18877 31818 31818
26637 6 24424 1035 1035 305 305
15305 5 2978 1 1 7476 7407
10135 5 2978 6 6 3093 3025
14631 0 3275 725 725 4061 4055
1043 1 14631 121 118 93 87
39736 1 21554 2 2 7 6
39736 0 4427 113 113 30166 30144
8260 0 7895 61 61 2766 2762
16624 0 8260 3202 3202 16835 16833
36792 1 37816 17 17 2 2
40796 2 3317 74 74 40614 40581
11856 1 2643 2 2 10 8
8104 1 4274 88 84 2 2
8104 1 12438 80 77 5 5
9749 1 13574 9 7 28 27
40797 0 19420 15448 15448 40709 40707
24056 0 9777 7233 7233 34260 34259
12866 6 7036 632 632 1425 1425
19409 4 36350 30468 30468 323 323
28857 0 706 447 447 13852 13839
19163 0 18538 1532 1532 19809 19806
16614 1 25570 12 10 2 2
16614 1 8351 65 62 4 4
24052 1 24051 2 2 2 2
29706 4 499 7 7 18 18
34810 0 17502 22329 22329 561 561
40798 0 38876 31607 31607 38074 38074
26283 6 40443 13024 13024 10272 10272
32794 0 18895 259 259 16636 16628
3034 2 1137 1 1 105 2
19442 2 1137 1 1 102 2
26122 4 31544 30 24 2 2
17880 1 20417 3 2 3 2
3499 1 20417 4 3 2 2
20434 0 21190 22390 22390 24811 24810
13327 6 22210 3 3 306 306
40799 0 5636 34845 34845 39628 39628
14768 6 24252 9 8 64 62
9578 0 473 5110 5110 28996 28993
20196 1 21248 4 3 12 11
21248 9 11908 29 28 12 12
6765 1 27335 15 13 8 7
37410 0 27335 7072 7072 30560 30559
12725 1 21889 565 565 19 18
19754 0 4059 13 13 50 47
9461 4 12081 3 2 2 1
8574 0 5381 79 79 1567 1556
8574 1 8573 5 2 3 2
29585 1 8574 3 2 6 3
13699 0 5381 3808 3808 15196 15184
36608 0 123 428 428 17335 17327
24094 0 123 1635 1635 28346 28337
516 0 292 1 1 256 15
31393 0 292 2 2 369 126
14242 0 292 82 82 9417 9165
33413 0 292 3 3 1681 1430
15177 0 292 1 1 239 1
39499 0 292 2 2 391 147
13524 0 292 2 2 432 185
31996 0 292 2 2 687 439
26845 0 292 1 1 234 1
14814 0 292 1 1 238 1
13283 1 2720 5 3 7 5
2720 1 5598 771 769 504 500
34387 1 26855 2 2 2 2
26856 1 26855 2 2 3 2
37173 4 10091 2015 2015 15158 15158
19951 0 20010 2429 2428 10628 10621
40800 0 28344 19131 19131 40577 40576
24652 0 26678 3507 3507 8062 8058
27632 0 31556 57 57 11580 11578
8336 6 2824 1626 1626 383 383
14255 1 19144 3 2 4 2
20014 0 14262 2810 2810 39559 39554
40801 0 16573 14240 14240 38852 38848
2360 1 4933 48 47 10 6
40802 0 39415 15265 15265 40632 40632
30541 0 22903 7115 7115 14277 14276
20618 1 9942 5 3 9 6
38150 0 712 299 299 23695 23690
25109 0 7757 553 553 636 634
40803 0 5646 15288 15288 40459 40455
1003 1 5646 202 200 364 360
35081 1 28378 3 3 2 2
11590 1 29649 9 7 2 2
39026 0 29817 2767 2767 21914 21912
13903 6 32368 8357 8353 151 151
30745 1 37402 5 4 3 3
10159 1 38458 15 12 2 2
27696 1 6690 3 3 2698 2689
28744 1 6690 2 2 9 2
20852 1 6690 5 5 129 121
40885 0 6690 4585 4585 40332 40324
16732 0 10532 994 994 18651 18647
6916 0 19429 8916 8916 10645 10645
10276 1 9887 7 3 6 3
4800 1 9900 6 4 9 7
19570 1 4800 3 2 4 2
17182 1 2190 2 2 3 3
4461 0 19310 242 242 7411 7403
1046 7 18091 10383 10266 3 3
1046 7 18788 9800 9684 2 2
1046 7 39181 33448 33327 4 3
37226 0 11964 1317 1317 21614 21612
11632 9 24469 125 124 9 9
40699 0 12729 3067 3067 40586 40571
14428 0 772 1685 1685 9095 9086
19055 0 772 5162 5162 39809 39799
40710 0 31312 3420 3420 40610 40608
11686 1 5336 7 2 7 3
30852 1 3198 29 29 51 49
29243 0 26808 23470 23470 28397 28397
21449 0 12858 1 1 43 39
12857 1 21449 27 23 4 3
3233 1 4145 9 7 10 8
19055 1 19054 2 2 2 2
8310 6 12531 19 10 3 1
7557 1 7633 8 6 5 4
17844 0 7120 2546 2546 17350 17347
1269 1 11040 4 3 11 7
11040 1 14848 26 22 4 2
26676 0 8201 300 300 31299 31286
28241 1 7436 3 3 3 2
18458 9 31641 8 8 21 20
31641 3 37842 3 2 2 2
25873 0 2795 24834 24834 22052 22051
17430 1 14006 4 3 7 4
13991 0 6823 432 432 17287 17281
19570 1 23428 20 18 30 28
8288 4 37118 192 190 23 23
40805 0 33924 27864 27864 40701 40700
25230 0 6253 1614 1614 4214 4209
15292 3 10198 114 114 125 123
39489 0 11666 36828 36828 36931 36913
39489 1 15557 2 2 31 29
37831 2 11666 18041 18041 9045 9045
15516 1 12820 4 2 5 4
34071 1 12820 5 3 7 5
4175 4 8602 58 53 2 2
24042 1 5537 2 2 2 2
19211 0 4744 3165 3165 3848 3845
31371 0 7474 2248 2248 40336 40328
27812 0 7474 5830 5830 34743 34736
28947 4 15200 3212 3212 843 843
18660 6 21000 40896 40896 38830 38830
15472 0 25385 16482 16482 39226 39222
12507 0 13404 1971 1971 37093 37088
26342 1 17895 6 4 14 12
2152 1 8496 29 29 21 18
39760 0 574 216 216 10914 10871
40877 0 574 105 105 40068 40023
35412 5 11510 8 8 5642 5623
2085 6 10383 10 4 1 1
14202 1 14201 3 3 7 3
1043 1 20085 53 51 6 5
40806 0 6850 12805 12805 40873 40848
40503 0 9914 7053 7053 29617 29615
14770 1 14307 3 2 4 2
32716 1 17183 2 2 5 4
35390 1 3256 16 16 19 18
4482 4 9719 796 792 18 18
20428 0 3527 3958 3958 26748 26731
3527 6 20663 29625 29625 539 539
30409 2 35441 2012 2012 1099 1099
11083 1 5302 6 6 3 2
23196 1 10129 53 53 37 34
1066 1 29752 12 10 2 2
40807 0 3538 1760 1760 40601 40588
22793 0 3538 4 4 38 26
6768 6 24640 15169 15166 16021 16019
6768 6 10205 32110 32106 9311 9311
2869 1 15125 7 5 46 44
29302 0 15125 2217 2217 7930 7928
9588 0 1406 112 112 10344 10334
18159 0 17493 180 180 789 783
21497 1 33875 499 497 9 9
20938 1 22485 3 2 5 3
13056 6 39139 1239 1237 92 92
23942 0 26928 44 44 2856 2854
28004 0 6478 4777 4777 7595 7593
4747 0 22951 2 2 18 14
20860 5 2566 42 42 22672 22655
7590 5 2566 49 49 21532 21516
20768 0 17402 2048 2048 5029 5027
35193 1 20768 14 14 4 3
8572 0 5856 33 33 2597 2572
17370 0 5856 275 275 11319 11291
31972 0 5856 20 20 6553 6526
17380 1 15779 3 2 3 2
27964 0 16186 454 454 30556 30550
15981 0 1328 6 6 103 90
26071 1 9303 4 3 13 10
9303 9 21981 7 7 4 4
38768 0 29318 215 215 25317 25313
36229 0 18254 24 24 7799 7782
1019 4 596 41 19 1 1
1019 4 8780 54 31 3 3
23239 1 15927 8 5 5 4
30477 1 23239 3 2 4 2
21996 6 20017 1356 1354 1746 1746
21996 6 11995 5325 5322 678 678
25766 0 22616 2863 2863 22046 22043
9455 0 23399 341 341 8821 8815
23000 6 39446 192 192 653 653
122 1 7516 11 5 9 4
11412 1 19152 8 7 2 2
8803 1 27429 8 7 2 2
15261 0 14295 1795 1795 22598 22597
25268 4 21905 853 851 10 10
15504 1 8591 793 789 104 101
8591 1 16989 12 9 3 3
15601 10 15600 79 79 30 30
31927 1 15601 2 2 8 7
34363 5 8522 2209 2209 23667 23667
33641 0 19894 24466 24466 20080 20079
33826 1 19127 2 2 8 7
39523 0 2723 792 792 32398 32361
39523 1 21345 2 2 18 17
7540 0 2723 122 122 22804 22768
4541 0 2723 121 121 33066 33028
28671 0 7444 655 654 5428 5425
40808 0 40809 40487 40487 39804 39804
26933 0 1475 402 402 22916 22896
35848 0 18654 88 88 3999 3994
19162 0 18654 15 15 427 423
29185 6 40731 32532 32531 2001 2001
3467 1 3466 7 5 12 11
15345 5 4450 146 146 25401 25395
7117 1 7049 5 3 4 2
32624 6 26608 1215 1214 1256 1256
2269 1 2268 6 4 6 4
30613 0 6961 497 497 4330 4328
2956 4 29945 641 637 100 100
40706 0 10059 12739 12739 40551 40548
3866 4 38485 282 274 39 39
3866 4 24189 108 101 1 1
9119 0 21826 14682 14682 31647 31647
18389 3 999 7 5 5 3
999 3 18389 10 8 5 3
35808 1 32154 38735 38735 23313 23313
37756 4 40810 40436 40436 24284 24284
20583 1 27612 2 2 2 2
1020 0 3141 1 1 52 3
28305 0 3141 2 2 68 18
6564 0 11337 11540 11540 15566 15565
23511 0 15656 37 37 4090 4064
5394 1 2601 2 2 3 2
19679 0 5394 688 688 4964 4957
2004 1 24164 104 99 2 2
2004 0 30642 4533 4533 13886 13885
25774 1 12289 7 4 36 30
24676 0 24224 3357 3357 11187 11186
23848 1 8714 4 3 7 3
17814 4 3175 23868 23867 13518 13518
17465 1 17464 78 77 7 7
22570 1 22569 2 2 3 2
6630 0 4722 489 489 3609 3601
1142 0 4722 265 265 4920 4911
23700 1 24343 3 2 2 2
9573 6 3123 35 35 953 931
15354 6 3123 335 335 12473 12449
14853 6 3123 4 3 268 247
6067 1 28605 9 9 4 4
8474 4 17327 18944 18944 4977 4977
30941 1 3753 5 3 7 4
30941 1 33174 3 2 4 3
11546 0 4442 759 759 23186 23152
6865 4 2298 119 115 2 2
1021 1 207 22 19 20 17
2872 0 17555 674 673 40154 40147
268 0 17555 658 658 36429 36423
40811 0 2664 1403 1403 40289 40273
40871 0 2664 4036 4036 40480 40463
2664 0 2624 19 19 106 99
35435 0 12605 460 460 6031 6028
29862 1 29861 3 3 5 4
31789 0 494 1824 1824 29927 29915
22923 0 28916 4664 4664 8324 8323
27985 1 27484 5 5 7 6
29410 0 16944 1268 1268 10816 10812
11888 0 36918 2223 2223 28213 28210
37558 2 741 2 2 366 320
28640 2 741 1 1 147 102
9021 2 741 3 3 107 65
22157 3 1791 7 6 14 12
22158 3 1791 6 4 3 2
8471 1 6302 3 2 2 2
32069 0 19823 6166 6166 25064 25062
38790 0 13 2144 2144 29183 29169
19437 1 22294 3 2 47 46
25022 1 32013 2 2 4 3
39553 0 4628 1163 1163 1165 1156
40833 0 4628 1202 1202 34322 34312
11144 1 2617 2 2 4 3
38399 1 1022 3 3 10 6
10536 1 36694 74 74 17 17
40178 1 1578 17699 17699 39327 39325
40864 0 1578 17728 17728 40682 40676
22410 1 37961 6 4 12 12
15647 4 32971 3607 3607 12890 12890
1708 0 8438 221 221 38476 38475
6124 1 5907 4 2 9 4
8270 1 6124 16 7 4 2
5826 1 10722 36 35 16 14
21697 0 2070 1945 1945 6124 6124
6530 1 22543 29 27 4 3
5932 1 21935 23 19 3 2
28875 3 5192 5 4 6 5
28676 3 28875 101 98 5 4
5178 1 14819 577 571 11 10
21092 0 5178 583 583 35954 35925
16318 0 5178 331 331 10605 10577
40918 0 5178 9330 9330 40895 40863
31349 1 5178 36 36 462 456
27341 1 31627 5 3 2 2
912 0 7047 43 43 10962 10948
739 0 912 3647 3647 15377 15366
24031 0 7047 38 38 3750 3737
30204 1 7047 354 350 650 648
40812 0 17281 1076 1076 38119 38119
9906 1 36905 7 3 2 2
6743 0 8355 601 601 11211 11189
1538 0 8355 1840 1840 34689 34665
35277 1 27784 2 2 4 4
5869 1 26782 10 5 2 2
40813 0 19386 13174 13174 40135 40133
38378 1 22534 2 2 17 13
31576 0 30844 40598 40598 20457 20457
10205 1 10204 4 2 3 2
11177 1 37094 320 316 3 3
7045 1 2382 7 7 27 23
21977 5 16419 1 1 1615 1608
3364 1 3363 5 4 5 3
3528 0 10834 25 25 1478 1475
17960 4 24312 65 61 4 4
27223 1 20426 7 7 4 3
24636 1 6535 5 4 12 11
23949 5 212 1 1 150 122
27657 5 828 2 1 642 628
1410 1 24564 7796 7796 5350 5349
3066 0 8076 810 810 5874 5866
18215 1 1414 3 2 44 33
10895 1 13973 10 5 5 5
3239 4 39144 123 74 2 2
3239 4 27881 184 133 6 6
3239 4 36428 183 133 3 3
18904 3 17353 5 4 20 19
7935 1 2201 5 2 6 4
17190 1 757 9 7 3 3
1415 1 32170 14 10 2 2
23786 1 2902 5 5 267 259
2029 1 18094 9 5 2 2
553 1 13871 4 2 5 3
24179 1 10508 7 6 2 2
25575 1 10508 7 7 20 19
27360 6 36837 47 47 27 27
31841 0 19545 7578 7578 38975 38974
33840 0 1754 136 136 10750 10738
40875 2 1754 413 413 40732 40726
38079 2 1754 20 19 761 756
40815 0 39071 426 426 38742 38740
29342 0 8978 1500 1500 19034 19018
6890 0 36281 2823 2823 15339 15339
8040 1 21358 1690 1686 99 98
10520 0 24854 15871 15871 24827 24827
28943 1 243 26 25 7 7
20030 0 13734 5915 5915 37925 37923
4563 0 12505 138 138 480 473
37725 0 23377 2 2 32 27
26865 1 19204 5 3 7 4
20288 6 29915 3 1 2 1
24515 2 20288 3 3 982 977
18855 0 2060 21 21 896 883
26308 5 18855 69 69 38101 38087
24430 0 2060 1919 1919 19166 19152
11475 1 13563 11223 11220 14245 14241
13563 1 11475 14950 14946 13276 13273
14231 0 7944 1214 1214 16100 16099
36007 6 17148 15296 15296 37485 37485
13350 0 29456 23 23 10 10
36696 5 9528 2 1 30 22
19256 5 9528 2 1 48 39
30889 0 33367 14499 14498 254 254
26734 0 2288 177 177 704 702
16979 4 35069 1574 1574 421 421
23628 0 2614 3395 3395 14017 14013
39567 0 4694 36 36 8291 8277
6695 0 32813 38070 38070 35798 35798
15469 0 6418 66 66 2101 2077
34418 1 25064 3 2 3 2
8727 1 8726 4 2 2 2
14189 1 23592 6 2 2 2
35545 1 14189 3 3 6 2
10877 1 11728 7 3 7 2
32814 0 4976 807 807 2551 2548
4165 3 25845 1149 1146 6 6
20625 1 7778 10 9 3 2
30076 0 10715 918 918 9299 9296
40816 0 14697 23681 23681 40383 40383
14697 1 31992 13 9 2 2
19191 1 27971 2 2 3 2
13842 0 11910 7659 7659 32219 32218
5985 6 10735 8 1 18 11
12732 3 28417 90 89 937 936
12732 1 26677 4 3 2 2
6204 1 6203 2 2 2 2
40817 0 19840 32019 32019 40889 40886
3387 0 19840 9264 9264 40665 40663
6550 1 2423 5 4 23 14
2423 1 24830 12 4 5 2
2924 4 30666 226 153 5 5
2924 4 2659 268 193 6 6
2924 4 29020 218 146 3 3
2924 4 36766 203 132 5 5
1379 1 25548 6 4 3 2
6265 1 1379 4 2 8 6
18135 3 294 8549 8546 7264 7264
2209 1 24141 55 51 4 3
15500 1 4546 47 46 22 19
15500 1 7996 36 36 7 5
31596 6 8773 16304 16304 24550 24550
40818 0 35587 27837 27837 39076 39076
34338 1 9890 7 7 476 467
14748 1 9890 2 2 14 6
9890 1 12054 15 6 3 2
40819 0 15962 33019 33019 40300 40299
16130 0 10326 10395 10395 28140 28138
40820 0 20319 7218 7218 40148 40147
11212 0 1856 839 839 26193 26179
14579 1 1856 4 3 40 36
28303 3 9776 14 14 7352 7350
9776 1 9775 37 36 2 2
561 0 5278 1337 1337 4634 4625
13724 4 995 8937 8936 305 305
154 1 153 3 3 6 3
5791 1 11553 4 2 5 3
24115 1 18755 5 4 4 3
28674 0 3041 1350 1350 17803 17796
40821 0 14864 8934 8934 39888 39883
17883 0 18836 1199 1199 16458 16456
40822 0 9367 897 897 40694 40671
40930 0 9367 11 11 39914 39892
7005 0 9367 267 267 18803 18782
26765 1 9367 9 8 54 50
2151 0 4180 481 480 1867 1865
40823 0 11638 6553 6553 40891 40874
18175 1 18573 72 70 6 4
24724 1 3969 10 7 9 7
3969 0 3582 38 38 2428 2402
17345 0 3969 1916 1916 21800 21796
34877 1 6582 4 2 12 5
6582 1 16956 11 4 8 4
26100 1 28248 2 2 19 17
33245 0 3980 3 3 14 12
4106 1 4105 390 388 2 2
584 1 28894 11249 11247 6390 6390
35143 1 33405 2 2 4 3
17003 0 479 8 8 409 399
9877 5 6166 1 1 3 1
30263 1 25760 3 3 3 2
30656 1 25760 3 3 2 2
1999 4 17069 180 173 5 5
18272 1 19427 4 2 5 3
29081 1 13187 2 2 680 677
16522 0 3780 67 67 1585 1549
26742 0 15839 462 462 9487 9484
1918 6 39340 1491 1484 164 164
11624 1 20815 4 3 4 2
13939 0 7027 723 723 2808 2803
5788 0 7027 4174 4174 31725 31719
40824 0 2657 1475 1475 40180 40173
1294 0 25140 2034 2034 9741 9738
21281 0 428 344 344 18066 18040
40911 0 428 3509 3509 40713 40686
39800 1 30816 2 2 11 10
12660 0 1095 106 105 1469 1458
17450 0 1095 464 464 15339 15327
11922 0 14898 91 91 4356 4338
23590 0 12772 5999 5999 8674 8671
3072 1 15159 123 119 87 84
24523 0 8582 78 78 2353 2346
188 6 29407 5 2 12 8
39603 4 27065 1118 1118 766 766
4691 1 14239 3 2 2 2
36188 1 4691 5 4 4 3
36501 0 4902 15870 15870 11250 11250
40022 0 6784 2 2 35 30
4121 1 17988 4 2 5 4
34845 5 10076 53 51 40 35
19999 4 35620 193 184 5 5
25642 0 31168 156 155 2701 2700
28192 2 3865 10 9 145 127
25039 0 2409 8 8 205 184
34598 0 2409 541 541 20245 20221
40825 0 22386 37303 37303 39486 39485
15804 0 10824 148 148 919 914
40826 0 30737 767 767 34249 34248
11678 4 24132 1281 1281 814 814
11178 1 14178 18 11 5 5
19319 1 11039 3 2 7 2
23526 0 9730 402 402 2614 2612
12960 0 23054 31729 31728 15824 15824
18237 1 14439 6 5 6 2
17375 6 39568 1777 1775 13 13
6955 0 2697 44 44 2649 2646
16533 0 2697 95 95 507 505
27268 1 11354 8 7 13 9
1968 1 1967 5 2 7 4
20914 0 1967 1 1 10 2
23271 0 7641 961 961 23 23
19684 3 19683 2141 2140 30 30
4983 6 33006 10 10 36 36
17534 9 12584 3 2 2 2
6871 1 18043 12118 12116 1799 1798
5628 7 18994 38424 38391 11 11
2502 1 20104 6 3 3 2
15657 0 4985 4087 4087 17461 17459
34914 1 6434 2 2 5 2
39981 0 306 3340 3340 40374 40357
21026 0 306 188 188 10118 10102
37154 5 9269 1319 1319 36493 36490
9073 1 5502 156 155 120 118
30127 0 1623 60 60 27095 27092
16304 0 30127 9056 9056 3983 3983
16980 1 4548 4 2 6 3
469 0 14498 1 1 22 12
9243 6 35214 11522 11518 53 53
36148 4 23121 1509 1508 1264 1264
3358 1 4743 8 2 6 4
9720 0 4743 1393 1393 15983 15973
40888 0 4743 3368 3368 40578 40567
2064 1 2154 5 5 5 4
22278 1 35919 2 2 2 2
36060 0 14935 6344 6344 39935 39926
27146 5 11426 2 2 10747 10737
3169 0 3813 83 83 3686 3668
3823 1 3813 193 193 1017 1012
20664 4 26988 2638 2636 185 185
6374 1 11133 3 2 4 2
33074 2 7 4 4 523 486
18961 2 7 1 1 36 1
17395 0 7902 4885 4885 14894 14891
22908 1 5606 10 7 6 4
10254 1 10253 4 3 4 3
40906 0 10253 5866 5866 40661 40647
14113 1 5076 2 2 5 2
36403 1 10838 2 2 3 2
14974 0 14973 912 912 6015 6007
14973 3 19845 14 12 4 4
40831 0 4593 5506 5506 37364 37364
31084 1 27014 2 2 4 2
12467 4 39860 112 106 2 2
40832 0 6630 5465 5465 40257 40253
26778 4 2803 465 465 393 393
3765 1 28497 30 29 2 2
20691 1 4936 2 2 22 19
7886 0 12463 3068 3068 37428 37422
14999 4 31316 7018 7018 11642 11642
22172 0 11068 50 50 304 290
454 3 16514 21 19 52 50
3025 1 16514 3 2 3 3
29578 0 15788 15219 15219 23680 23679
23802 0 21987 758 758 35242 35239
21987 0 20963 1213 1213 36855 36854
11759 2 10987 2 2 9 8
38689 0 12894 592 592 36136 36126
40834 0 14087 33246 33246 40276 40276
14853 1 5935 2 2 4 2
4044 4 31152 2474 2474 125 125
29372 0 24630 63 63 7463 7458
24630 0 22399 9722 9722 39825 39824
19479 5 4701 1 1 80 58
8240 5 4701 1 1 64 43
33163 5 4554 2 1 14 7
29553 1 26733 2 2 2 2
29553 0 8837 5816 5816 26302 26300
6792 1 14058 3 2 5 3
21282 0 15062 14339 14339 13685 13685
23036 4 36472 520 514 1 1
5783 4 23036 3535 3526 8 8
40835 0 40836 26608 26608 29740 29740
18778 6 32930 31990 31989 1610 1610
18778 0 5314 81 81 14676 14649
24621 2 17930 4 1 9 1
27989 2 17930 8 6 13 3
26041 0 4289 2425 2425 152 152
16899 4 24507 485 485 877 877
14917 3 17826 24 21 9 8
30990 9 28312 2 2 2 2
8980 1 3552 5 4 4 3
33079 0 3582 1459 1459 16984 16956
16497 1 26305 6 3 2 2
26368 1 8799 3 3 3 2
4480 1 32602 8 4 3 3
35059 0 27412 395 395 20829 20826
2645 4 29221 382 374 3 3
23462 0 5675 6481 6481 23093 23084
40853 0 23462 8070 8070 40471 40466
25133 5 5012 21 20 63 57
14927 4 5288 1152 1148 74 74
11058 2 6577 12 12 2776 2723
60 2 6577 6 6 186 134
7534 9 18226 15 14 3 3
10204 1 10208 12 11 6 5
5031 1 28475 214 214 16 14
15312 0 12860 9887 9887 22173 22173
21401 1 1933 3 3 27 20
12469 1 1992 8 3 3 2
18451 5 1238 3 2 11 4
37552 0 2655 14 14 965 961
2655 0 9806 760 760 15019 15013
40284 0 6614 1092 1092 21707 21684
3130 1 27019 21 18 7 6
23982 0 37653 3813 3813 25084 25082
20447 1 9918 4 2 3 2
15028 1 16314 4 2 10 5
15028 1 5116 5 2 11 5
40628 0 33021 23863 23862 39832 39832
3648 1 3647 3 2 6 3
19317 0 1107 2560 2560 26741 26731
830 1 21753 975 971 11 10
8270 1 9886 13 5 6 3
14780 1 6419 25 21 4 3
40837 0 15224 4928 4928 39949 39937
7188 0 11737 12 12 2553 2543
10277 1 32396 8 8 4 3
10277 1 2951 9 8 37 32
15054 1 2951 8 3 7 3
25047 0 19223 1840 1840 28646 28646
23871 0 918 226 226 22387 22380
40840 0 918 5502 5502 40611 40603
8168 0 13192 7233 7233 29708 29708
10293 1 12214 2 2 3 2
23642 0 26543 10932 10932 33510 33510
26543 1 12312 78 76 75 72
4913 4 20284 189 158 1 1
3331 5 16655 26 26 824 822
3331 1 35484 429 426 15 15
16739 1 16646 45 45 109 105
6726 1 5782 44 40 2 2
6726 3 6725 117 115 4 4
11335 1 6726 2 2 10 6
5491 1 1201 43 42 74 69
6549 1 14425 31 28 6 4
5544 1 3327 4 3 13 7
3403 1 6328 3 3 3 2
7229 4 37460 19384 19367 121 121
20544 1 28902 5 3 3 2
3291 1 20544 9 5 5 3
530 1 21170 542 538 5 5
9371 1 9370 79 78 197 195
26061 0 9371 12731 12731 28878 28875
9371 0 5623 726 726 26402 26400
21518 1 29527 271 271 65 63
35181 0 21518 1540 1540 19606 19603
36581 0 16397 8470 8469 3472 3472
3972 7 37089 20712 20635 1 1
8883 0 5790 8555 8555 7239 7239
38389 0 7334 4737 4737 16693 16691
27814 0 9178 867 867 6832 6830
10855 1 19155 5 5 5 4
10855 1 31116 478 477 9545 9544
1431 4 27265 1327 1312 5 5
27563 1 35599 2 2 2 2
1193 4 39361 19 8 1 1
39975 0 7068 8410 8410 37131 37123
3855 0 3909 3 3 20 13
28703 0 3909 258 258 21211 21203
11573 1 13583 3 2 6 3
40841 0 16266 5049 5049 40692 40669
2434 0 16266 37 36 368 347
40842 0 67 7320 7320 40823 40814
1154 0 18959 4000 4000 39011 39009
32397 0 13044 412 412 21557 21548
17819 1 653 5 4 7 6
37840 0 313 480 480 27338 27330
40843 0 3679 3287 3287 40263 40252
40843 4 5346 40808 40808 34962 34962
13988 0 168 21 21 1533 1528
38754 2 10661 2 1 8 5
29501 0 6358 4402 4402 40587 40585
29860 0 18587 8948 8948 6647 6647
33438 1 36858 2 2 3 2
36858 1 35629 4 3 2 2
12381 0 1474 74 74 1846 1832
2863 0 6499 7562 7562 6687 6686
7328 0 5714 20209 20209 23944 23943
14412 0 20621 3114 3114 36933 36932
35316 5 38173 27 25 209 208
20490 1 7847 3 2 3 2
21077 4 10657 429 428 42 42
10380 0 1964 1842 1842 3582 3580
17802 1 3847 3 2 6 5
29031 4 40721 40833 40832 16244 16244
29630 5 22311 2 2 1570 1566
14888 4 21122 138 129 4 4
14888 0 2518 1 1 68 1
819 1 7732 8 4 17 13
7100 4 29718 1569 1567 226 226
8077 1 7192 2 2 12 9
16136 1 39043 24 22 7 7
13225 1 15253 4 3 7 4
40844 0 6467 1626 1626 40664 40657
6069 0 37345 5451 5451 4206 4205
4895 0 8093 3554 3554 37112 37085
21558 1 13645 3 3 3 2
10544 6 38325 118 103 7 7
23888 0 1730 192 192 3866 3765
33667 0 1730 2 2 334 234
22133 0 1730 1 1 98 1
19623 0 1730 1 1 119 20
28603 4 38563 627 626 4 4
16620 1 2522 8 7 26 20
24900 3 5965 2 2 6 5
3989 4 18951 8908 8901 174 174
22965 1 167 8 6 6 4
35645 0 7367 10737 10737 5549 5549
36255 0 10055 1 1 7 1
1574 1 8899 11 6 5 3
21174 5 2295 198 198 36271 36168
34328 5 2295 69 69 30504 30403
28418 5 2295 203 203 36243 36141
34439 5 2295 1 1 3983 3884
40845 0 32455 22433 22433 40849 40848
35000 0 9668 1 1 19 3
32116 0 21176 1099 1099 8206 8204
23390 0 40586 22340 22340 13616 13616
40848 0 23390 495 495 36299 36296
19903 4 29357 730 730 155 155
35177 0 14481 2252 2252 4002 4002
12330 0 11599 26 26 1551 1545
3579 1 19372 920 919 250 248
9842 0 3579 555 555 38845 38832
22422 1 9505 41 40 107 103
15330 1 28910 5 4 2 2
22889 0 11852 317 317 20213 20204
29771 9 3592 4 4 169 169
25748 1 34204 2 2 2 2
1772 6 37182 2512 2508 286 286
15158 0 40846 38725 38725 35290 35290
40847 0 8407 13403 13403 40209 40209
35466 0 11507 3 3 25 22
12327 0 411 228 228 10307 10284
21952 4 9376 1677 1677 1497 1497
4177 6 5022 277 262 22 22
5040 0 220 2 2 33 24
20777 0 30968 10672 10672 19842 19841
17995 1 415 7 5 12 4
6540 0 6677 3416 3416 3146 3144
30360 1 7239 3 3 10 6
1226 4 33413 1928 1904 26 26
36259 5 860 47 47 32070 31997
30840 5 860 2 2 2447 2378
39831 1 4370 4 4 14 9
17244 1 15986 2 2 6 3
9116 4 34497 958 956 9 9
4771 4 11796 217 165 2 2
18918 0 15687 1917 1917 8879 8876
18918 6 31983 20530 20521 101 101
29544 0 6411 6632 6632 12891 12884
13258 1 515 2 2 28 21
7665 4 11919 215 210 6 6
8356 1 22637 183 176 12 9
17180 1 8356 2 2 45 38
39574 0 13157 3665 3665 39867 39864
20711 1 1090 5 4 6 2
32427 0 24062 19888 19888 35427 35426
40849 0 13412 6469 6469 40646 40641
4316 0 1500 3 3 74 48
29122 0 1500 3 3 86 59
29916 0 33246 7219 7219 383 383
33246 0 425 890 889 7148 7129
3714 1 3991 4 4 2 2
6702 1 4469 4 2 40 36
20629 0 10089 7560 7560 22449 22449
18423 1 20629 6 3 5 4
4855 1 19562 44 39 12 9
11423 1 4213 63 59 47 42
10241 0 10481 2043 2043 36439 36437
27097 0 10241 2 2 99 89
5125 6 35244 260 260 247 247
10842 1 11135 31 30 4 3
3451 1 3450 3 3 10 5
3450 1 6752 15 10 21 19
26219 0 15966 236 236 326 323
20729 0 30962 8228 8228 30187 30186
31196 0 30962 10356 10356 22479 22479
36881 0 119 2 2 478 441
119 0 2748 558 557 8834 8824
2323 1 23181 16 15 2 2
14339 9 16095 58 57 4 4
32957 0 5195 6 6 2278 2272
32623 1 5195 3 2 5 2
32917 0 9489 1102 1102 18517 18513
40688 0 3489 10504 10504 40285 40224
13220 2 6815 11 10 96 92
5097 1 27076 1426 1423 76 76
17030 1 2573 3 2 12 7
2573 1 9486 10 5 4 3
37807 1 30144 2 2 2 2
2521 1 38597 2942 2939 26 26
6946 1 8731 5 4 8 5
9873 9 35523 60 60 33 33
1071 6 14854 1027 1021 47 47
3398 4 14735 42 25 1 1
5855 1 7329 9 5 6 4
3929 1 27247 63 52 2 2
16292 1 29803 3282 3280 665 665
6578 0 5973 5700 5700 20912 20909
40850 0 1543 9459 9459 40573 40516
37429 1 32885 2 2 2 2
5932 1 5931 392 386 5 5
14336 1 2808 3 3 4 2
23816 0 13145 2028 2028 5946 5946
16675 0 11522 14814 14814 10008 10008
40851 0 14187 22815 22815 40798 40794
10755 4 22444 33 32 1 1
11129 1 13730 8 2 9 4
25343 1 13730 6 3 8 4
8639 0 3289 69 69 1338 1315
3289 6 36920 7279 7262 27 27
8776 1 1347 18 17 15 12
1347 1 4276 5 2 4 2
39300 0 1590 6 6 13925 13902
37068 1 22654 2 2 2 2
1801 1 21363 27 26 3 3
31983 0 35119 6888 6888 15596 15595
31983 6 2119 786 784 229 229
19488 0 3006 5930 5930 28356 28346
19488 1 38649 29319 29319 25768 25768
40852 0 6747 2744 2744 39025 39023
28133 0 18038 81 81 3361 3358
8634 9 19910 18 17 35 34
11304 0 19910 30 30 5886 5885
20413 0 1973 67 67 10153 10097
26353 1 4814 8 7 8 4
22355 0 11595 88 88 10991 10985
1588 1 19716 7 6 5 4
11612 1 21343 7 6 7 6
5569 1 10107 28 24 15 10
5923 1 5569 5 3 7 3
24840 0 14776 13074 13074 812 812
24031 4 32273 22074 22074 19352 19352
12006 1 23328 9 8 2 2
15403 4 40478 100 100 24 24
16346 0 16005 387 387 3968 3966
7668 1 35530 48 45 2 2
9434 4 40717 40641 40638 19610 19610
22914 1 3088 3 2 6 4
2945 9 2944 2 2 2 2
24743 1 24742 2 2 3 2
31284 1 19047 4 4 6 5
1664 1 16927 13 10 11 10
40307 0 4362 31894 31894 40586 40579
29218 1 4362 14 13 15 15
4362 0 8787 6 6 110 103
17040 8 37417 253 252 33 33
39206 0 12650 1 1 22 2
29976 5 5742 25 25 10336 10313
15635 5 5742 16 16 3809 3787
903 5 5742 4 4 584 563
17663 4 9378 70 67 3 3
20364 1 26993 3 2 2 2
27150 0 3232 8528 8528 39906 39899
40854 0 14981 18192 18192 38244 38240
40855 0 25028 11873 11873 40260 40260
40678 5 5841 22 22 40428 40415
26893 3 11921 38076 38074 18601 18601
38438 0 24102 4917 4917 39833 39829
22467 0 22049 955 955 5808 5805
15542 0 22049 494 494 11923 11919
40856 0 8153 1295 1295 40531 40512
36147 0 8153 293 293 18060 18042
10925 1 8153 5 3 4 2
34372 4 36708 168 168 133 133
7489 6 35302 102 97 8 7
9267 0 1292 2285 2285 37699 37694
5975 0 8327 77 77 6186 6177
112 6 23406 123 79 1 1
6559 1 18773 3 2 4 3
13687 1 7279 3 3 4 2
37981 0 904 58 58 2014 2002
15563 1 17861 59 56 18 15
24736 1 14901 3 2 2 2
7506 1 27215 232 224 6 6
28486 1 28485 2 2 2 2
22848 1 33665 14 13 6 5
15952 0 3163 2 2 190 150
9298 0 3163 1 1 42 4
28717 0 3163 1 1 43 4
17876 3 17875 5 5 3 3
22196 1 22195 2 2 2 2
13637 1 27685 8 5 2 2
10125 4 13911 2249 2247 16 16
4146 0 37135 2930 2930 2475 2474
31487 4 8818 7026 7026 25656 25656
36976 0 4550 276 276 2428 2331
24513 0 4550 1 1 94 1
27936 0 4550 13 13 9292 9194
12322 0 4550 1 1 103 9
40857 0 2021 9447 9447 40748 40694
27575 0 6658 816 816 16566 16554
19537 9 28961 4 4 2 2
1070 0 17546 1235 1235 12130 12126
9755 1 9754 2 2 4 2
769 1 9754 3 3 6 3
40381 0 34906 6191 6191 631 631
15427 0 134 1445 1445 18960 18946
134 1 2633 934 931 442 442
1511 0 15914 4809 4809 647 644
5005 1 28613 22 15 5 4
18503 1 5005 22 21 95 88
40140 0 27752 3 2 13 10
16225 4 4698 410 407 12 12
40858 0 15284 796 796 40265 40259
628 1 627 4 3 6 5
16800 4 32120 101 101 132 132
25305 0 2099 10 10 203 176
13821 1 13530 5 4 4 3
16002 1 36632 97 94 5 4
40859 0 37052 15030 15030 40785 40784
6188 4 24112 80 62 1 1
6188 4 24347 64 47 2 2
15067 0 18496 23003 23003 38270 38270
29361 1 18956 27 27 9 8
10119 1 25492 62 57 10 8
28682 1 6956 2 2 2 2
22077 5 6956 2 2 4332 4313
720 9 26603 3 2 6 5
18029 0 8812 8 8 177 176
36166 1 16798 2 2 2 2
30646 4 33263 21821 21821 23334 23334
10063 0 8348 10728 10728 24811 24804
28320 1 27155 3 2 3 2
27155 1 29136 3 2 3 2
737 0 704 6491 6491 13824 13823
16207 1 16206 3 3 9 9
37148 0 23650 18852 18852 25534 25534
33954 1 14292 4 4 5 4
29886 1 28685 5 4 4 2
9855 6 33387 29 6 4 1
3785 0 28084 37556 37556 16828 16828
20088 5 3785 3 3 1533 1517
32514 5 3785 898 898 38174 38156
6922 1 6921 8 4 10 4
6921 1 7885 48 42 64 59
7656 1 11492 186 185 51 50
16454 1 15118 13 8 13 10
27917 0 8192 2 2 29 26
27917 1 5927 15 14 528 523
5927 1 27917 1764 1759 38 37
4197 0 8050 2281 2281 693 690
4197 1 37513 1703 1698 6 6
25431 1 5635 3 3 8 4
15018 1 18772 7 5 2 2
9762 6 8948 20111 20107 13537 13537
30927 6 25532 7809 7809 4265 4265
19315 1 39214 6 5 2 2
39214 0 32965 9169 9169 8839 8839
18563 0 4302 15 15 3196 3194
21993 1 19504 527 522 7 7
9794 0 26796 191 190 11 11
40860 0 1945 989 989 40562 40538
13748 1 11108 24 22 14 13
4384 1 24793 4 3 3 2
10633 4 19550 3013 3013 13217 13217
27322 1 37139 2 2 2 2
40383 0 38168 11855 11855 8868 8868
7362 4 32362 17 4 1 1
22231 1 8513 3 3 22 21
40692 0 8924 2686 2686 40297 40288
1685 1 12089 6 3 2 2
450 4 4488 148 130 3 3
39094 5 3918 58 58 35980 35962
40914 5 3918 1887 1887 40543 40524
2315 0 3918 3612 3612 38367 38359
40869 0 3918 3739 3739 40483 40474
39375 4 35988 30 30 20 20
33362 0 724 185 185 14496 14478
4388 4 38068 35 24 1 1
24592 0 13837 1725 1725 16009 16005
4109 6 1349 157 153 16 15
20971 4 929 37453 37453 24851 24850
23939 0 929 4 4 4080 4069
2108 1 23830 51 48 16 15
137 1 39790 2 2 2 2
14471 4 26704 88 84 13 13
38379 0 2037 915 915 16904 16901
3297 1 2037 4 2 2 2
19597 1 29925 41 39 3 3
9472 3 9553 3460 3460 11320 11318
24002 1 31718 2 2 3 2
13378 4 37002 114 106 3 3
18672 8 18729 34 34 58 55
23066 0 10976 25458 25458 35219 35219
37193 0 36623 27331 27331 35644 35644
35461 0 15432 8451 8451 24672 24670
6086 1 37968 96 96 368 368
39988 0 6132 7932 7932 33800 33794
27635 0 6879 7263 7263 33699 33699
12792 1 18251 41 41 28 27
25299 0 17090 5429 5429 19947 19945
22804 0 9256 151 151 2506 2503
22046 1 449 3 3 4 2
26701 5 39164 11349 11349 13178 13178
33010 4 37752 2591 2590 754 754
17564 4 28570 17408 17408 20295 20295
14394 1 27202 2 2 3 2
40861 0 35307 35583 35583 34695 34695
36533 1 31832 3 3 4 3
1421 1 13698 159 157 4 4
1421 1 1420 487 484 128 128
15918 1 8898 3 2 3 3
39681 2 3869 20 20 9539 9507
13147 2 3869 6 6 385 354
29520 1 38175 2 2 4 4
7705 4 29204 1429 1423 64 64
31945 1 533 2 2 3 2
20267 1 11332 3 2 3 2
40862 0 6138 23294 23294 40900 40885
12405 1 2536 3 3 17 12
22145 0 267 8626 8626 23320 23296
12466 4 38408 195 174 2 2
12466 4 38825 252 230 5 5
16552 1 10073 3 2 2 2
31672 0 16442 9021 9021 2993 2993
34829 0 34921 1038 1038 28510 28508
6539 1 27537 13 8 2 2
24829 0 20017 282 282 15206 15201
28048 0 20017 696 696 36520 36514
40863 0 22831 17183 17183 40846 40841
9658 0 22831 985 984 4466 4462
17365 6 1148 8627 8627 25654 25654
11735 1 13906 12 11 5 5
10734 0 10886 46 46 1528 1514
1494 0 15383 10917 10917 20828 20827
31725 6 3983 40 40 413 412
3023 1 19162 6 6 48 46
28499 0 2833 3281 3281 11870 11855
4250 3 26422 83 82 38 36
14121 1 5862 9 7 46 41
1002 0 15449 120 120 285 280
14237 9 14236 15 15 13 13
40286 1 14159 5 5 3 2
1432 4 24308 71 55 6 6
29759 0 21793 96 96 336 335
40 0 9353 72 72 513 505
36532 1 36531 2 2 2 2
4832 1 7867 10 6 2 2
27716 6 14968 3827 3827 770 770
304 0 25231 18080 18080 18066 18065
8542 1 19421 10 6 2 2
30629 1 15712 100 100 50 49
20027 2 9746 1 1 157 146
26019 0 4682 5 5 58 54
15092 4 32205 32387 32382 4171 4171
13106 4 30126 180 169 11 11
7451 0 9653 153 153 39 39
14198 1 7551 2 2 10 2
19206 1 11656 12 9 7 3
938 1 29478 13 11 3 3
19923 0 13346 4 4 18232 18223
40895 0 13346 2496 2496 40573 40563
8767 0 2776 203 203 1664 1640
17206 0 4193 756 756 2777 2775
9026 1 21448 3 3 9 5
10884 1 23870 4 3 4 2
10884 0 12402 2337 2337 8881 8880
33656 0 17442 875 875 13456 13452
29844 1 36062 3 2 2 2
39433 6 40246 13 12 4 4
13370 4 32777 939 938 10202 10202
40865 0 34557 28084 28084 40087 40086
12307 1 5388 5 5 19 16
8628 3 1186 1582 1580 1078 1078
4299 0 1562 885 885 10963 10956
18208 6 35649 14861 14861 29545 29545
12758 0 980 7426 7426 28676 28675
26577 4 38800 110 110 15 15
40866 0 8678 11354 11354 40337 40334
32294 0 1897 2099 2099 31598 31525
6937 1 1897 11 8 41 34
9481 9 158 4 3 5 2
13100 9 9481 4 3 3 2
15588 1 15587 7 3 3 2
13773 0 27141 82 82 12291 12288
25916 0 16303 34 34 96 87
36297 0 16303 2 2 6792 6782
20354 1 18989 2 2 217 217
973 1 13336 139 137 483 477
5185 0 13336 615 615 10223 10219
9012 5 7786 1 1 2421 2402
33237 1 410 2 2 2 2
14633 6 31433 31166 31165 14688 14688
14633 6 8142 1479 1479 2115 2115
40867 0 339 1770 1770 40474 40471
3453 1 18417 9 3 2 2
8951 1 28285 5 3 8 7
1460 1 8951 10 10 69 67
8222 1 6150 12 8 8 7
8054 3 25795 8102 8100 1007 1007
6845 1 2779 3 2 2 2
19202 0 12252 732 732 7436 7429
20124 1 18592 78 78 297 294
20124 0 14100 154 154 7324 7320
30846 0 2941 201 201 12495 12494
39027 0 9415 72 72 28432 28420
23350 1 17390 14 14 17 16
8558 1 7530 5 4 4 2
40868 0 5700 32102 32102 36871 36871
32469 0 324 170 170 32116 32096
8545 0 324 360 360 8105 8087
25032 1 25031 3 2 2 2
38057 9 30720 2 2 2 2
2030 0 1832 612 612 2148 2138
1637 0 5616 283 283 6053 6044
9928 0 5616 424 424 5853 5845
1702 4 29665 5424 5420 26 26
36951 4 24229 260 258 54 54
6008 1 1041 2 2 3 2
14647 0 13213 14794 14793 54 54
699 1 22618 2 2 2 2
35907 4 37894 1445 1445 1598 1598
13383 1 2789 15 11 8 7
2713 6 7645 237 196 8 7
11577 1 7731 3 2 4 2
40870 0 1335 18366 18366 32088 32087
24483 1 12798 13 12 341 339
17309 0 30810 1092 1090 448 446
10156 1 963 6 3 36 34
2452 1 3976 7 4 7 3
2452 1 7086 48 44 24 17
40905 0 3387 2002 2002 40060 40046
7217 1 3387 3 2 5 5
8525 4 37769 17675 17673 307 307
35828 0 1364 486 486 39206 39176
26559 6 35828 40938 40938 26777 26777
16493 1 19237 3 2 260 253
2933 1 7202 4 2 8 4
6048 9 22594 318 317 4 4
29003 1 35415 650 647 2 2
20788 1 10332 234 231 4 3
5707 1 5706 3 2 6 4
29609 1 29608 2 2 2 2
22190 1 35891 52 49 5 4
22190 1 11262 5 3 11 9
9192 1 19649 7 2 3 2
26202 0 7136 316 316 1874 1873
36138 0 7877 62 59 175 172
23317 0 6977 1603 1603 36808 36773
40920 0 6977 458 458 40407 40371
36948 1 27706 16918 16918 24189 24188
34777 1 14753 2 2 5 4
1620 4 23845 26 11 1 1
12071 1 18026 527 523 9 9
8848 5 14818 2 2 318 304
11500 6 11034 288 281 19 17
16013 1 5367 9 6 5 3
10574 6 36868 61 57 145 144
18072 0 1880 777 777 9860 9845
7031 1 26802 6 3 3 2
32487 1 10667 5 3 5 3
28680 1 10686 2 2 3 2
9031 4 20091 53 36 1 1
37696 0 13023 1458 1458 16383 16375
5434 1 5433 6 3 4 3
24552 2 8531 305 304 5474 5471
35789 5 3276 128 128 26865 26833
31511 5 3276 5 5 19677 19646
39401 0 24275 30 29 9433 9421
27408 0 4448 112 111 15 7
13163 1 17198 4 2 4 3
8664 1 2489 3 2 34 29
2489 1 15398 135 130 3 3
25485 2 3943 1 1 33 3
38545 2 3943 1 1 34 3
36055 6 19589 5864 5864 29749 29749
19768 0 5156 36 36 13411 13379
26405 0 5156 2 2 569 538
17022 6 35666 1495 1492 169 169
17022 6 3619 690 688 62 62
4621 1 88 5 5 164 162
40873 0 28355 10827 10827 40408 40406
2460 9 9748 2 2 2 2
36214 0 573 2 2 697 658
40874 0 22716 39037 39037 39637 39637
25322 4 40518 1267 1267 1819 1819
2760 0 11134 754 754 13755 13749
4446 9 1807 185 182 5 5
11636 0 4446 895 895 24310 24309
36303 1 2876 3 3 2 2
37244 1 21630 2 2 4 2
38942 1 2626 80 80 11277 11274
31471 0 2626 4 4 92 91
3018 0 27173 1402 1402 5 5
26985 0 7600 113 113 2000 1994
37635 0 7600 3 3 99 94
8617 6 7587 691 680 90 90
24972 0 1142 2264 2264 9336 9334
680 7 38698 38252 38190 5 5
680 7 40901 40823 40760 6 6
6028 0 29623 37080 37080 38790 38790
29623 0 33835 9958 9958 37451 37448
36506 4 25083 98 98 20 20
7152 1 4236 3 2 5 3
22504 0 7152 61 61 8384 8379
40876 0 1295 853 853 39310 39304
21646 1 1295 4 3 7 3
22690 0 9531 5 5 274 270
34554 0 9531 2088 2088 20195 20190
701 1 25692 3 3 5 2
14347 1 5567 15 12 6 4
22500 1 15849 1189 1188 329 328
24584 6 29929 4 4 2009 2009
18192 4 1499 7 7 1 1
17820 1 654 9 6 7 2
23192 1 654 3 3 6 2
34164 0 21362 6229 6229 37196 37191
23961 0 6776 551 551 27498 27489
14951 5 6776 230 230 39286 39281
2111 1 35677 11 9 4 4
32320 1 16031 18174 18174 24771 24771
31261 4 13766 1890 1890 1729 1729
38116 9 9 3 3 5 4
40068 0 28942 32320 32320 27534 27534
21724 1 8592 15 11 10 8
4229 1 37036 33850 33846 6349 6349
29447 0 15913 997 997 5302 5297
16697 4 31051 254 250 10 10
5443 6 33646 20 2 4 3
13087 1 36310 4 3 3 2
22927 4 27025 15441 15441 1276 1276
24129 1 15215 5 4 5 4
24953 0 13135 2076 2076 31370 31361
22068 0 29955 40673 40673 8355 8355
6111 0 23960 686 686 411 409
6111 1 11198 6 2 2 2
2003 0 4127 288 288 9807 9803
40878 0 34399 341 341 38342 38338
26349 1 19291 517 516 4 3
15641 1 5982 221 216 37 35
21253 0 5982 6541 6541 33998 33998
3948 3 25669 14707 14703 2256 2256
40879 0 39495 38753 38753 34772 34772
10738 0 8594 4351 4351 31881 31875
40612 0 8594 2863 2863 40042 40035
12395 0 4161 2 2 316 288
40942 0 4161 16549 16549 40816 40787
26530 0 25605 4710 4710 432 431
25576 0 19971 3817 3817 34103 34097
3574 6 39280 5690 5686 32 32
35051 1 36988 3 3 2 2
19269 6 3870 9243 9242 975 975
26457 1 21879 61 61 14 13
16049 4 31756 5719 5717 170 170
26279 5 6146 10 10 17488 17477
31974 5 6146 89 89 23107 23095
22137 5 3531 1 1 2189 2167
15837 1 15836 2 2 2 2
3895 0 3721 9 9 189 154
23820 6 25420 15 10 2 1
23820 6 11103 7 3 2 1
28203 4 29473 739 735 182 182
2999 1 36067 5 2 2 2
11766 5 10754 1 1 370 351
40880 0 10330 5392 5392 40706 40701
29695 1 25945 2 2 2 2
15242 6 5534 84 82 61 59
16017 3 30757 730 728 172 171
9486 3 6190 1390 1386 843 843
10504 6 36780 1475 1468 279 279
31226 0 17728 70 70 3267 3258
8734 1 1538 3 2 2 2
29667 0 249 13 13 12112 12066
7681 0 249 2 2 913 869
1196 5 12328 1356 1356 40534 40517
29190 5 2139 32 32 20285 20259
9335 5 2139 8 8 8293 8268
13338 1 18054 13 11 64 64
19110 4 40436 2525 2525 815 815
1935 0 7945 1642 1642 21995 21972
1104 0 7945 2 1 304 283
32001 2 3539 15 15 3877 3876
7118 0 3978 349 349 3390 3369
27765 0 206 400 400 13962 13932
16624 9 15794 2 2 2 2
1966 4 24890 24151 24149 761 761
31338 0 8266 7 7 710 706
40221 5 73 1 1 698 643
3410 4 40221 1371 1370 21 21
29650 5 73 7 7 18578 18520
4984 0 73 2 2 23 12
7890 1 8556 132 128 31 29
32343 0 7890 10808 10808 27751 27734
4686 0 9935 2518 2518 12732 12716
1690 1 5111 56 43 5 4
23282 0 1690 4436 4435 17251 17241
10335 1 2363 2 2 9 2
19856 1 15917 3 2 3 2
15168 1 35514 2 2 5 5
40881 0 9334 18373 18373 40900 40895
28253 1 28252 18 18 4 3
11736 1 678 5 3 6 4
12371 1 20336 47 43 9 8
26039 1 31200 16629 16629 4055 4055
39168 1 23614 2 2 4 4
20692 1 21524 7 6 2 2
24359 1 36592 2 2 4 3
6740 1 6335 6 4 4 3
38194 0 6335 18839 18839 23862 23862
5315 0 18408 700 700 213 213
11605 4 40002 377 377 176 176
12921 1 24570 1357 1347 161 159
21374 1 12921 7 6 26 16
5134 2 4633 1 1 13 2
35877 0 85 83 83 1919 1680
23185 0 85 11 11 3617 3374
40756 0 85 2622 2622 40175 39927
26136 1 26135 2 2 2 2
37633 0 20754 1847 1847 17918 17917
40883 0 1222 1761 1761 40292 40279
40904 0 1222 4448 4448 40619 40605
19190 1 22874 5 4 9 6
14563 2 35454 40943 40941 2664 2664
12530 1 5329 3 3 3 2
37793 0 425 1506 1506 36031 36011
7112 1 21005 2 2 15 11
13785 6 30026 10606 10605 34898 34898
30892 1 27200 2 2 2 2
22309 1 11345 3 2 10 3
652 1 11489 9 4 3 2
21523 0 5914 11582 11582 33814 33810
19459 1 8641 2 2 10 6
103 0 9917 867 867 2062 2061
34367 1 30925 2 2 4 3
39210 0 36049 16651 16651 39806 39805
27244 6 22681 1251 1250 102 102
12608 4 21734 175 172 5 5
31281 1 6359 4 4 9 4
40153 0 6359 5978 5978 40273 40265
28257 1 28256 3 2 20 19
3741 6 11977 4 2 4 1
8455 0 14334 2981 2981 17904 17903
11170 1 606 44 38 7 5
9097 4 33963 766 765 121 121
15436 1 15435 3 2 2 2
9201 1 9200 5 3 3 3
6058 0 5378 605 605 14448 14434
5378 1 9054 48 45 22 17
24455 0 7235 146 146 18770 18765
40886 0 36491 26892 26892 37681 37680
27948 0 29072 3602 3602 39347 39343
2574 1 10949 343 339 14 10
15184 1 36822 123 123 20 19
17033 1 208 2 2 3 2
5633 0 4663 979 979 27252 27236
23779 0 17423 7225 7225 32708 32704
31140 0 1615 720 720 11342 11337
25999 1 31140 2 2 4 3
29071 0 25203 593 593 1588 1585
4929 4 37085 245 239 24 24
11962 4 5667 1196 1192 12 12
14732 6 18907 27605 27604 226 226
4582 0 23340 7616 7616 25870 25866
2940 0 23340 1252 1252 294 291
6093 10 24981 5 4 4 4
14001 0 36202 1656 1656 1993 1993
37407 0 19919 884 884 39459 39456
28934 0 6210 1558 1557 1686 1683
13298 1 26814 8 6 7 6
12356 1 20726 6 5 2 2
11679 7 15652 482 476 10 9
18992 0 780 313 313 9293 9285
12696 0 1750 9891 9891 22251 22249
22477 1 2282 20 15 2 2
17701 4 36065 3903 3903 5115 5115
20641 0 36866 17483 17483 39026 39025
31601 0 1352 100 100 7801 7795
36144 0 28533 10014 10014 19046 19046
22400 2 2183 2 2 470 439
39117 2 5348 26 25 140 138
12905 1 5832 5 3 3 2
16355 1 22399 5139 5134 1298 1298
8334 2 35737 94 94 7637 7636
13347 0 26570 7350 7350 9519 9517
40889 0 34949 74 74 32759 32759
12551 0 7485 284 284 1081 1080
3154 1 27514 4 2 2 2
35950 0 20760 3 3 500 495
20760 0 25127 5684 5684 34487 34486
23933 1 23098 13 12 45 42
12685 6 19180 33927 33921 369 369
12358 2 4168 2 2 239 230
7700 2 4168 15 15 705 695
35674 0 16517 25900 25900 31084 31083
6813 1 5175 4 2 2 2
7375 1 7374 5 3 4 3
40890 2 23906 347 347 36205 36205
21948 4 38918 10298 10298 15459 15459
17500 9 17499 2 2 2 2
6759 1 21078 7 4 4 3
11196 0 24534 11823 11823 19730 19727
16734 7 13678 2915 2912 15 15
865 1 17946 65 56 8 8
1821 6 39122 8187 8173 107 107
11630 1 31896 48 45 3 3
7284 1 17756 4 3 2 2
26770 5 6829 2 2 121 115
37565 1 22789 5 3 3 2
11926 1 11925 6 2 4 3
27446 1 22702 7 5 6 4
13999 0 37238 744 744 1074 1073
2050 6 30438 7799 7799 20786 20786
21493 0 24309 10043 10043 38139 38139
40891 0 13449 30420 30420 40680 40679
15390 1 38904 37421 37420 11019 11019
33146 1 2101 3 2 12 4
17987 3 17986 4483 4481 134 133
29746 3 17987 24 24 2295 2293
2692 0 10487 2 2 18 15
32902 1 29338 2 2 2 2
14511 6 11512 17796 17789 88 88
6117 1 683 2 2 10 4
25817 0 40019 24192 24192 25602 25602
39730 4 31900 2352 2352 23968 23968
14912 3 19439 1456 1453 5 5
34332 4 1842 175 171 19 19
29957 5 8285 212 212 18971 18967
8398 4 40398 4410 4410 11 11
13141 4 36356 142 130 4 4
24146 1 36079 3 2 2 2
12197 1 24146 1011 1008 4 3
8973 0 15567 8562 8562 16186 16185
2840 1 18631 25 24 2 2
4993 1 4648 4 3 32 23
15543 4 26788 2032 2032 6048 6048
9926 1 1976 4 2 5 3
40893 0 10088 903 903 40294 40289
18632 0 15264 278 277 2925 2922
25930 4 9684 88 83 87 87
39714 5 5407 3 3 12725 12700
31612 1 9688 5 5 3 2
1782 1 1781 4 3 36 32
34009 6 39128 3281 3278 1360 1359
25597 0 4132 4053 4053 39680 39670
16378 0 2054 2 2 165 148
12541 0 2054 1 1 30 14
2054 1 17904 20355 20355 35890 35889
18557 9 18725 6 6 2 2
40453 1 28165 2 2 64 62
7231 0 16733 36242 36242 29978 29978
17867 1 14085 3 2 7 6
36201 4 39259 38280 38279 1408 1408
17202 0 12720 148 148 3991 3982
28053 0 4049 813 813 35683 35668
25593 0 4049 10 10 21145 21131
4049 1 28361 568 568 225 223
22873 1 37187 587 580 2 2
37187 0 3391 3500 3500 36213 36209
30984 1 6485 4 2 6 4
12052 1 6794 3 2 5 2
6371 6 13857 23934 23929 4194 4193
1675 3 3261 32 28 4 3
32329 0 39076 28297 28297 24962 24962
1788 0 22163 157 157 7968 7964
8791 1 15310 4 3 28 23
13863 1 15310 64 56 34 28
3838 1 15310 6 4 71 64
36716 0 15310 1386 1386 16724 16724
23303 1 6584 11 10 2849 2843
9014 0 13840 7 7 7620 7615
9501 1 16279 4 3 3 2
9412 1 35482 121 117 5 5
26517 1 352 19 17 38 29
30651 1 30650 3 2 2 2
13606 0 5759 185 185 6705 6690
24242 4 40495 1613 1613 3224 3224
3024 1 8489 5 4 21 15
4914 4 5471 181 176 11 11
16649 0 11808 2255 2255 13871 13865
16580 1 16649 4 3 6 4
8882 1 30608 844 842 2 2
24380 6 4034 1517 1517 5469 5467
20967 1 38940 38913 38910 23551 23551
38940 1 20967 10464 10464 34599 34596
12345 4 32572 690 689 343 343
17336 1 6811 15 15 133 131
4393 0 21188 415 415 8951 8949
16082 0 19592 21428 21428 38998 38997
13599 4 38034 1544 1544 161 161
2399 3 852 706 704 139 139
26551 1 17969 4 2 6 4
19862 1 25685 13 9 3 3
33100 0 23835 165 165 3093 3087
38732 1 16818 3 3 8 6
30257 4 39983 3528 3528 275 275
2097 1 9439 8 4 8 4
8891 1 8890 2 2 10 7
10946 1 16189 71 68 5 4
23311 5 666 2 2 4839 4811
7605 1 16736 3 2 3 2
40896 0 23801 20781 20781 40291 40289
3152 1 34834 6 4 2 2
8027 0 17129 16457 16457 37203 37202
18036 1 23414 8 7 4 3
10896 1 5187 5 5 3 3
29378 0 14065 3 3 1656 1654
11268 1 18820 149 148 1829 1826
10603 3 7644 481 480 177 176
28163 6 33290 4704 4704 5900 5900
26372 1 2839 4 2 5 3
13731 1 3340 4 2 8 4
30635 1 27499 5 4 6 4
19561 2 12788 33 31 26 24
6316 1 14884 8 6 6 5
14884 1 6316 6 5 6 4
40071 0 542 506 506 20929 20916
24433 1 24432 25 24 2 2
8518 8 19686 95 90 19 19
36028 1 13581 3 3 10 8
23015 1 39472 3 2 2 2
29941 0 8121 113 113 754 749
11007 0 39628 4311 4311 12356 12355
38483 1 35975 2 2 2 2
27069 0 17594 59 59 18389 18388
31414 0 21528 11643 11643 13753 13750
10966 0 6448 2640 2640 15994 15990
7275 0 36151 14540 14540 28809 28808
10347 0 12311 2176 2176 18614 18603
40897 0 15992 3538 3538 40497 40492
29348 1 9181 2 2 20 15
181 4 20452 6185 6180 276 276
30056 0 13450 2276 2275 12670 12664
13510 0 34706 2107 2107 34423 34421
9041 1 8986 321 317 46 41
33052 1 6521 3 2 7 3
26934 4 36843 175 175 250 250
2778 1 2777 13 10 3 3
28399 9 24687 5 5 7 7
28399 0 7125 34 34 34 32
163 1 9522 7 3 4 3
38964 6 15538 4 2 5 3
36295 6 20656 40581 40581 39667 39667
7947 1 3044 6 3 9 2
24577 0 6103 3471 3471 27912 27909
39447 2 955 4 3 484 472
27080 0 35724 1672 1672 19799 19799
18317 0 16471 3053 3053 32379 32376
40899 0 1371 647 647 40346 40323
35847 0 1371 23 23 22631 22609
32447 6 14556 25047 25045 17 16
5046 5 5363 31 31 36968 36953
31855 0 1378 2 2 3365 3304
19994 0 1378 9 9 483 424
25740 0 1378 563 563 3570 3508
40676 0 1378 2813 2813 40585 40522
20832 0 2453 3934 3934 20928 20874
38637 0 35536 19 19 2856 2856
29542 6 38922 1329 1329 119 119
17578 1 8885 3 2 5 3
40900 0 3668 1736 1736 40782 40774
38879 4 40465 265 265 1029 1029
23645 1 3271 10 9 6 5
10717 1 23392 3 2 6 4
7129 6 37636 1081 1061 4 4
7129 6 39342 24 5 9 6
22752 1 11603 5 3 5 3
13171 0 2104 6706 6706 21678 21662
3840 4 25993 116 115 2 2
6976 1 6542 3 3 2 2
6504 0 17314 1016 1016 687 680
1218 1 18913 6 2 2 2
23637 1 22005 2 2 3 3
12259 4 40042 327 327 732 732
29053 0 31232 47 47 5883 5879
14841 1 11642 6 4 5 3
12434 1 11406 4 3 6 3
4571 1 19807 4 3 2 2
12516 1 16943 2 2 4 3
9471 1 28564 9 5 3 3
40902 0 30686 18036 18036 40078 40077
215 1 13069 503 498 28 27
28342 4 21955 2011 2011 736 736
4050 1 5908 4 3 4 4
10960 0 16571 13435 13435 28684 28683
3343 1 1512 19 15 9 8
15421 1 7039 31 26 12 11
40903 0 23890 829 829 36771 36770
18173 1 23932 4 3 4 2
26645 1 11702 2 2 2 2
15117 1 11702 3 3 3 2
7241 1 9423 8 6 3 3
15866 1 20662 4 3 14 11
308 1 23762 14 10 2 2
1602 1 20590 5 2 4 3
7541 1 7540 31 30 102 101
4015 0 32323 38432 38432 18224 18224
36003 2 3957 9 8 24 20
11479 0 4865 68 68 10545 10539
1202 0 14475 575 575 5305 5302
14612 1 19739 4 2 4 2
7024 0 6752 33 33 4358 4344
32853 0 5203 17759 17759 38970 38968
37253 0 40396 7092 7092 17480 17479
34648 0 16831 6603 6603 15903 15902
1613 1 3914 78 76 33 30
10826 0 26562 773 773 14006 14001
23101 1 12527 4 3 5 3
27830 0 8061 3725 3724 10069 10067
20864 1 6464 11 11 15 13
5262 6 29332 2961 2958 11274 11274
35821 0 16863 1315 1315 39806 39800
13407 1 4967 4 3 6 4
9713 1 18011 25 24 3 3
31393 4 27927 1246 1246 5548 5548
12347 1 13214 14 11 2 2
22063 1 36525 2 2 2 2
37425 0 4766 17673 17673 27267 27267
27152 4 38832 645 644 3 3
31830 5 24055 794 794 3192 3192
15799 6 17609 12 1 1 1
38974 0 621 630 630 9348 9347
17241 0 17150 3 3 5 4
2858 4 33960 201 169 4 4
26230 0 10765 52 52 4398 4391
19752 1 19897 8 4 6 4
38731 0 10922 2262 2262 24235 24232
30909 6 31031 17229 17229 35567 35567
40907 0 25161 932 932 31479 31477
36978 0 692 6 6 12661 12637
29708 0 692 2 2 203 180
20476 1 6724 18488 18487 17060 17058
40908 0 7921 18474 18474 40733 40733
2443 9 5163 5 4 2 2
12141 1 2443 2 2 11 8
7159 4 32394 161 159 5 5
9995 0 1520 5 5 2812 2802
3657 1 11758 1858 1858 23597 23593
687 6 27283 40191 40170 24948 24948
8662 0 716 4 4 2909 2871
7974 1 3145 6 3 6 4
24517 1 9302 2 2 9 7
7449 0 7095 15182 15181 5337 5337
31989 4 40175 529 529 17 17
40909 0 3338 862 862 38726 38718
19172 0 15730 120 119 307 306
15433 6 23550 11603 11600 15 15
15869 1 9418 4 2 4 2
27694 3 13419 2 2 8 7
21543 0 14367 12030 12030 26442 26436
5015 4 5256 38 31 2 2
16016 1 10865 32 31 2 2
2379 0 14652 9717 9717 9893 9893
40910 0 10662 4396 4396 40769 40761
13388 1 17572 8 7 3 2
38526 0 17405 3252 3252 27749 27741
9889 0 38560 19023 19023 38846 38845
11600 0 13047 1 1 10 2
40912 0 9931 7585 7585 40784 40784
36575 0 34172 14673 14673 31930 31927
19960 6 20910 32423 32422 1515 1515
10868 1 6529 7 5 10 7
25398 1 30292 2 2 4 2
13664 1 23487 23 21 31 30
40913 2 1214 862 862 40830 40811
13094 2 1214 3 1 24 6
16437 0 26208 2312 2312 5927 5926
22757 1 22756 7 6 3 3
40260 0 26108 3 3 205 203
32735 0 5654 566 566 4535 4532
3447 1 9780 9 4 3 2
14404 1 3447 5 4 9 4
7985 1 4209 21 21 37 34
40915 0 10407 7617 7617 40097 40097
6851 1 6468 16 15 14 10
15604 3 4192 4 4 13 13
9074 0 2243 2 2 41 40
16945 1 27937 3 3 2 2
37937 2 17319 8 7 252 248
17444 1 7040 2 2 4 3
24542 0 21434 163 163 351 350
19654 0 38248 13601 13601 1591 1591
40916 0 25194 18112 18112 40857 40856
3512 1 1507 13 10 7 7
35515 4 5683 6569 6569 9965 9965
26598 1 13630 2 2 4 4
3815 1 39428 2486 2484 1612 1612
4037 0 16708 2 2 812 808
29698 0 8868 21156 21155 21713 21712
15051 1 14230 3 3 27 23
1006 3 17460 56 55 2652 2648
20944 1 2415 4 2 15 11
9847 3 11802 3382 3375 732 732
19964 4 40677 40777 40774 27718 27718
23100 1 23574 4 3 4 3
21645 1 16026 5 3 5 3
3046 0 140 923 923 18002 17996
1732 6 23260 13 1 1 1
29279 4 22476 8152 8152 4356 4356
21641 0 8412 11349 11349 10814 10813
40283 0 13935 17 17 100 97
20075 1 5623 4 2 2 2
32173 0 25942 1332 1332 25226 25223
17114 1 9438 5 5 6 5
33419 4 28271 296 294 39 39
40917 0 5681 5791 5791 39793 39792
15907 1 15906 5 4 6 3
15906 1 26088 29 26 6 5
14098 4 39569 754 752 37 37
4725 1 3135 3 2 5 4
24645 1 21259 3 2 5 4
22111 1 25386 2 2 2 2
11499 1 5619 4 3 6 3
3068 1 3431 25 21 4 3
7765 1 7764 4 2 15 14
11813 1 30361 9 2 2 2
13330 1 4080 3 2 4 3
40919 0 27595 30235 30235 40869 40868
26579 0 27595 6581 6580 39355 39355
20569 1 7364 12 11 14 8
27835 1 30774 2 2 2 2
2212 6 39573 38671 38671 6441 6441
29644 1 22647 2 2 3 2
28102 1 13943 2 2 4 3
39806 0 4094 11013 11013 29545 29545
11333 0 1873 157 157 19834 19825
7708 1 7707 4 3 4 3
20826 6 37122 4516 4515 4282 4282
35116 1 2058 2 2 48 44
4697 1 3858 3 2 4 2
11455 4 7090 68 64 5 5
40921 0 10175 3801 3801 40653 40647
38431 1 28014 2 2 24 24
12033 1 19844 7 6 4 2
5245 0 33893 5632 5632 38622 38622
34222 0 38513 3259 3259 31325 31324
8695 1 8694 6 6 18 15
3104 1 3103 3 3 7 6
15438 1 11384 3 3 4 2
31721 1 24228 5 4 3 3
2370 4 3245 73 53 7 7
8754 1 6098 55 52 5 4
8754 1 4244 6 4 4 2
18988 0 27345 404 404 14967 14966
40923 0 13663 10623 10623 40894 40873
11049 0 722 31 31 23840 23832
38784 0 6570 757 757 37366 37351
16141 4 16183 3043 3041 337 337
496 1 32512 30 28 7 7
37743 1 14493 3 3 10 7
5090 1 38941 4 3 3 3
34217 1 30032 11 10 12 11
16865 1 8774 2 2 4 3
26008 1 24248 6464 6462 996 996
37763 1 3707 2 2 3 3
22457 6 34682 40620 40620 39535 39535
33138 1 11811 2 2 2 2
25767 4 33687 625 625 245 245
13958 4 28025 56 48 2 2
656 1 37010 6 4 2 2
10583 1 2117 10 6 11 4
20736 1 17537 10444 10444 12618 12617
10184 0 28333 10 10 82 78
38142 0 26564 37139 37139 31539 31539
3096 4 25112 210 202 2 2
15613 0 15381 192 192 9194 9190
22584 1 12684 3 3 5 3
10350 1 13671 4 2 3 3
7514 1 25165 5 3 4 3
25852 1 20593 2 2 3 2
14893 0 27550 2111 2111 17639 17639
22787 1 22786 2 2 3 2
5300 0 27067 3619 3618 11292 11292
622 0 8078 60 60 4326 4314
24444 8 33475 13 13 2256 2256
35002 0 19318 4295 4295 28754 28752
5466 0 115 764 764 19093 19077
19843 0 2682 2 2 25 24
22395 0 5140 271 271 6035 6031
20504 0 11647 572 572 30338 30329
11184 4 27448 32928 32919 303 303
33563 0 18375 12989 12989 222 222
19846 1 18645 21740 21738 9055 9054
23722 0 20561 7609 7609 25171 25171
36869 1 18872 2 2 11 6
1358 1 1357 8 6 2 2
13443 1 1717 4 2 4 2
9968 1 13305 2 2 6 2
6222 1 29825 668 667 107 106
19156 0 89 163 163 22665 22647
28882 9 3696 2 2 2 2
40924 0 22072 18266 18266 40673 40669
30066 1 7387 3 3 31 29
15533 0 7387 1032 1032 24031 24025
6506 6 39335 693 686 19 19
29368 0 40057 40550 40550 38211 38211
27225 6 33459 214 207 21 21
34773 0 34386 4556 4556 37594 37592
40449 0 1803 1491 1491 18582 18574
21774 6 9252 12915 12915 17664 17664
18483 1 17730 4 3 6 4
18247 1 33545 2 2 2 2
38623 0 5839 78 78 7163 7158
4359 1 29197 7 6 20 16
29197 1 13612 6 2 10 7
27198 1 6242 3 3 11 6
27447 1 4053 12 11 103 103
13806 1 28087 4 4 3 2
40925 0 19888 11334 11334 40547 40547
9983 4 21913 2211 2209 159 159
20348 0 11447 1279 1279 7688 7688
38036 0 1666 3207 3207 30213 30202
32679 0 34089 23065 23065 29771 29771
35965 4 17251 9932 9932 3208 3208
18481 6 27900 20324 20324 3968 3968
37628 1 32564 13 13 19 18
4466 1 21189 6 5 9 6
640 1 7220 4 3 3 2
24070 0 18975 22145 22145 34596 34594
2758 1 22165 2 2 3 2
4556 1 9927 5 3 10 6
40353 0 10745 21817 21817 38837 38832
19632 1 35311 2 2 2 2
39784 1 31199 2 2 2 2
4594 0 5891 6621 6621 25101 25097
4491 0 19288 2252 2252 9200 9198
30729 4 33668 234 234 174 174
34985 0 3925 4519 4519 32518 32514
28487 1 7168 113 113 206 202
26416 1 36198 6 4 12 12
34811 0 1272 816 816 10273 10256
3263 1 2390 4 2 6 3
11689 0 15537 10 10 42 39
28752 0 4416 17 17 1878 1877
27422 0 8663 1447 1447 13683 13681
5643 1 3754 9 8 3 2
11366 1 26527 9 5 7 4
24792 1 893 2 2 3 2
6657 1 21399 3 2 2 2
18566 1 6657 2 2 3 2
39413 0 5325 24 24 17246 17220
11969 1 26616 887 887 1393 1392
36488 1 6245 11 11 117 113
11151 1 17991 4 3 5 3
3136 1 16161 4 3 3 2
30980 0 3884 191 190 2954 2949
30250 1 32816 5 3 3 3
4638 1 29948 2 2 2 2
27855 0 9636 16030 16030 12645 12645
22777 1 35880 54 52 8 8
3901 1 1387 9 8 20 20
22243 0 13777 2444 2444 26249 26240
5542 1 30223 276 272 3 2
38033 0 20954 28064 28064 38277 38277
29753 0 15565 52 52 4515 4507
29266 4 13537 2552 2552 8952 8952
1937 6 25054 9079 9076 5345 5345
21124 0 14843 1163 1163 32249 32246
40927 0 290 9673 9673 40448 40402
31744 4 8674 1075 1074 158 158
40127 0 2558 2116 2115 25033 25018
2529 4 12558 8779 8772 146 146
7694 1 33571 5 2 3 3
22610 0 27194 1061 1060 4106 4101
30249 0 6066 6055 6055 27017 27016
658 0 13432 534 534 16350 16344
40928 0 9369 12641 12641 39527 39526
38434 0 9010 9658 9658 15014 15013
30241 6 28445 11265 11262 8 8
35998 1 12005 21 21 36 33
37809 2 18294 941 940 4370 4368
11424 1 34792 444 437 6 6
35840 0 11072 654 654 35372 35367
28978 1 22902 2 2 2 2
11576 6 38596 4354 4352 104 104
1930 4 36216 1511 1504 11 11
7939 1 10211 21 18 25 24
28794 4 27413 1703 1703 8835 8835
5741 0 1817 27318 27318 15103 15103
5741 6 31343 4 1 2 2
19214 6 3845 5049 5045 36 35
23468 1 1116 21 19 6 4
19251 1 13436 12 11 272 268
30832 0 17008 28962 28961 13493 13493
10086 1 10085 3 3 43 40
20123 1 21785 4 3 12 9
29801 1 16682 2 2 6 3
2714 6 17927 503 459 51 47
3544 6 29062 22 11 2 1
16737 0 2582 1672 1672 33976 33972
37791 0 27732 11 11 936 931
17526 4 11245 12915 12913 132 132
1533 0 604 824 824 11279 11268
39727 1 9142 52 52 248 242
13018 3 4849 262 260 125 124
32445 0 36854 200 200 34025 34023
30065 6 21979 361 361 13499 13496
1742 6 21979 6826 6826 37415 37411
23039 1 22926 34 32 2 2
32339 1 27741 3 2 4 2
17262 4 33581 976 975 166 166
26419 1 3896 2 2 3 2
2404 6 17683 2468 2466 247 247
33189 0 14812 1986 1986 17107 17103
26452 9 7754 2889 2889 22952 22951
19015 1 28438 5 2 6 3
12913 1 9397 2 2 4 2
40931 0 27727 24701 24701 40446 40445
1419 1 22014 24 22 4 3
22075 4 35020 1278 1277 1093 1093
14470 4 37913 159 158 13 13
28719 0 7960 11915 11915 38108 38108
8597 1 843 2 2 6 2
14278 0 7240 2348 2348 27877 27860
2970 0 8651 6257 6257 26131 26130
17407 6 4098 39894 39893 10809 10809
15599 5 6014 143 143 3025 3022
23298 0 37796 7 7 96 94
23743 4 1839 4111 4107 421 421
9242 1 9241 3 3 251 249
40932 0 8840 13288 13288 40854 40846
20097 1 39891 9 6 2 2
28366 1 34247 3 2 16 16
23644 0 37462 27361 27361 3989 3989
9572 9 9571 13 13 2 2
30724 1 28310 2 2 3 2
18933 4 6687 3152 3150 41 41
17759 0 2861 2115 2115 36923 36914
40933 0 15371 2560 2560 40385 40381
38707 1 6267 2 2 3 2
4208 1 4207 5 4 5 4
15219 1 38553 348 347 3 3
23158 4 15716 234 234 173 173
21950 1 27256 4 2 3 2
34499 0 3934 1363 1363 34991 34988
35578 1 3227 2 2 4 2
7908 1 6243 1511 1504 199 198
1914 6 14604 1003 979 29 29
38010 0 30717 4890 4890 34603 34602
40934 0 22330 22820 22820 40726 40726
36509 0 1481 10452 10452 32782 32781
17630 1 5576 3 2 4 3
16260 4 1174 576 570 23 23
8162 2 27707 1830 1830 11490 11490
28523 9 16965 2 2 3 3
40935 0 16658 4568 4568 40587 40584
25614 0 86 78 78 7895 7892
18620 3 6300 67 66 1717 1716
10303 0 1380 7 7 87 72
37033 0 20187 4968 4968 5766 5765
26386 0 18443 14462 14462 5859 5859
38926 0 5480 208 208 1151 1150
29831 0 12577 28 27 239 232
15782 0 21097 2436 2436 23560 23557
22438 1 8094 2 2 4 2
40936 2 3999 637 637 40902 40861
1838 0 11464 5954 5954 32267 32265
14405 6 31106 1377 1374 219 219
38576 6 23883 6606 6606 13677 13677
17088 4 35425 34695 34695 1464 1464
849 10 13402 45 45 46 46
31905 1 5241 4 3 5 3
5409 0 9991 1433 1433 16326 16324
7245 0 31986 1622 1622 7201 7200
34983 1 16742 3 3 11 9
10762 1 12714 4 2 2 2
10953 0 273 323 323 4889 4874
26769 0 1194 3 3 10 8
12790 6 38666 9 8 6 5
20833 0 14547 12269 12269 34746 34746
31477 0 20633 2 2 323 321
25922 1 17748 28 26 25 24
35874 0 3549 1935 1935 25678 25663
24436 1 2798 2 2 46 45
25966 1 11230 3 3 5 3
16275 1 18980 6 4 8 4
7862 4 17841 470 467 167 167
12959 0 12265 2314 2314 14502 14502
40938 0 25310 26802 26802 40003 40001
35627 0 3269 9 9 15 12
18098 1 22245 14 8 2 2
35614 0 5846 3 3 153 123
29207 1 24456 33 32 25 22
1048 1 24443 4 3 3 2
22767 5 6095 4 4 141 138
12231 0 16476 4 4 122 116
19496 1 30112 2 2 6 3
40940 0 7382 22689 22689 40729 40726
8838 1 20614 101 98 11 10
30101 1 30632 5 3 4 2
9830 1 34527 4 3 3 2
40941 0 13946 15795 15795 39673 39671
28643 0 11339 15 15 19110 19106
13847 1 14386 4 3 8 6
27260 1 35256 11 10 5 4
35120 4 33416 8970 8967 117 117
6728 1 6727 79 69 8 6
