33512 0 4410 17 17 185 149
16031 1 32320 20522 20522 12868 12868
40543 5 172 3 3 2831 2476
40543 0 2607 13 13 777 757
33473 5 172 1 1 341 2
9179 5 172 482 482 28050 27689
33575 5 172 13 12 443 99
16648 5 172 2 2 391 50
31526 5 172 3 3 455 110
6771 5 172 2 2 395 53
15476 5 172 231 231 11673 11314
29269 5 172 1023 1023 26659 26299
11606 5 172 6 6 1792 1438
2234 5 172 3 3 514 166
23355 5 172 3 3 2961 2605
15278 4 39692 127 121 68 68
22936 0 14838 5 5 37 37
31887 2 743 4 4 1012 905
13265 2 743 2 2 536 430
33786 2 743 6 6 1339 1231
8790 2 743 1 1 172 68
29405 0 27360 11 11 21 19
35494 1 15192 2 2 2 2
35494 0 6837 4999 4999 23723 23722
18925 1 32325 2 2 2 2
32325 1 8085 4 2 2 2
3750 4 38184 52 24 3 3
3750 4 40324 112 83 10 10
3750 4 17381 167 137 5 5
6331 1 10283 3 2 3 2
11500 6 4785 9 3 3 1
14258 4 24038 32 22 3 3
32661 6 20759 5 5 7 6
12387 1 12386 3 2 5 2
28490 4 38427 76 75 5 5
21840 0 107 2 2 49 6
12784 4 107 371 364 21 21
107 0 5198 6 6 271 252
27747 1 27746 2 2 2 2
3916 1 27549 8 4 5 2
6527 5 2139 90 89 1992 1966
16255 5 2139 6 6 1327 1302
1618 4 14555 24 23 7 7
29103 1 9873 3 2 2 2
38285 0 18633 113 113 1753 1748
38285 1 26278 2 2 3 2
30253 0 18633 598 598 6795 6789
27022 1 435 2 2 2 2
32496 0 4125 3724 3724 27393 27385
24483 0 4125 19 19 272 265
15337 1 4125 4 2 5 2
4388 4 36757 44 32 2 2
30756 1 32955 2 2 4 3
30757 9 30756 2 2 2 2
16250 1 28482 6 2 3 3
39594 0 51 156 156 1666 1468
13386 0 51 781 781 7786 7587
22734 0 51 11 11 1382 1185
40690 0 51 34096 34096 40811 40608
40660 0 51 17109 17109 40573 40373
21035 1 22109 5 3 3 2
24101 0 28349 34 34 35 24
38672 0 28349 10 10 30 20
40559 0 6722 35197 35197 40930 40926
4705 1 15839 6 3 7 4
39464 0 4705 98 98 3559 3532
21731 4 9107 145 143 111 111
7590 5 34746 2672 2671 4646 4646
7878 0 7590 1109 1109 1247 1247
39562 0 2740 15136 15136 40363 40363
3212 1 29129 3 2 3 3
3212 1 16271 7 2 6 5
22208 1 3212 5 4 9 2
14179 0 16065 37856 37856 29111 29111
12801 1 4187 3 2 6 2
19501 0 2021 4711 4710 13347 13295
40645 0 2021 31632 31632 40764 40710
27628 0 2021 1404 1404 9964 9913
23729 0 38913 5648 5648 14671 14671
8720 1 9417 4 2 4 2
32234 1 8720 2 2 2 2
12896 1 8372 3 2 2 2
1441 0 27945 14873 14873 8826 8825
4170 6 37882 521 507 534 534
2046 0 39706 206 206 4984 4983
14436 1 14436 1 1 1 1
38948 0 20990 23498 23498 31895 31891
20990 1 905 2 2 2 2
9769 0 8193 21 21 47 47
12450 6 8001 25 16 7 6
1031 1 12972 5 3 4 2
1031 1 1030 7 3 2 2
2604 1 6752 11 3 5 3
11156 0 2604 24287 24287 35315 35273
2427 0 2604 4314 4314 27925 27885
20604 0 2604 1850 1850 19640 19601
26334 0 2604 189 189 3326 3288
5353 0 6752 85 85 1790 1775
3451 0 6752 2 2 22 8
34042 1 10659 2 2 3 2
22643 4 31669 180 180 116 116
3358 1 24240 9 2 3 3
3358 1 4026 6 2 5 3
40560 0 3229 15938 15938 40652 40641
39572 2 121 2 1 475 6
34055 2 121 6 6 1175 681
36425 2 121 5 5 963 474
33961 2 121 59 59 1223 727
22605 2 121 20 20 1265 768
34749 2 121 2 1 490 13
7185 2 121 2 1 466 4
39473 2 121 39 38 2553 2045
36051 2 121 9 9 1514 1009
38744 2 121 2 2 746 262
40601 2 121 173 173 40485 39976
31131 2 121 2 1 473 6
16157 2 121 5 5 760 275
10391 1 121 2 2 4 4
13173 0 25097 19472 19472 37649 37646
1421 0 608 375 375 1960 1596
6033 0 608 10262 10262 27449 27068
40723 0 608 33315 33315 40700 40304
40732 0 608 25638 25638 40610 40218
31776 0 608 338 338 5134 4767
26284 0 608 12272 12272 29851 29467
40750 0 608 19720 19720 40595 40204
40752 0 608 30931 30931 40751 40353
12593 0 608 16370 16370 31785 31400
21041 0 608 14511 14511 29230 28847
36535 0 608 868 868 12499 12128
40642 0 608 27817 27817 40682 40287
6612 0 608 12145 12145 26622 26243
12763 0 608 4962 4962 26502 26124
38498 0 608 5492 5492 21539 21163
1763 0 608 22 22 2811 2445
35305 0 608 654 654 21996 21619
40693 0 608 38884 38884 40904 40504
31350 0 608 5827 5827 18890 18516
37399 2 2580 1 1 54 15
35976 2 2580 1 1 46 8
21024 2 2580 40 40 237 195
37837 2 2580 1 1 37 2
14534 0 273 53 53 1006 992
3275 0 273 42 42 459 446
28793 1 273 2 2 5 4
40561 0 2759 32359 32359 40730 40730
17054 0 13663 26 26 88 68
18662 1 11511 3 2 3 2
39324 0 21892 176 176 1062 1060
5681 0 5376 4 4 24 4
39137 0 3699 69 69 480 460
5121 0 4055 2915 2915 18425 18422
28225 0 10933 1130 1130 24641 24632
12586 1 18347 2 2 4 3
18347 1 8083 3 3 2 2
8678 1 15844 2 2 2 2
8678 1 8677 6 4 2 2
1900 9 8459 2 2 2 2
13142 1 6617 5 2 3 2
13142 1 3658 3 2 3 2
11554 1 11553 7 2 5 3
6724 1 20476 4189 4187 1555 1554
6973 6 11688 146 130 4 4
28474 0 574 30 30 1150 1106
40638 0 574 23785 23785 40890 40844
3829 1 3828 5 2 7 3
3363 1 3828 3 2 4 3
5303 0 2409 12 12 84 62
19117 1 5303 3 2 4 3
10728 0 2409 9 9 75 54
2409 3 10728 274 274 21 21
20385 4 38169 966 966 1237 1237
919 0 36150 7254 7254 12902 12901
15726 1 2782 2 2 4 2
2090 1 33833 6 2 2 2
13956 1 23540 2 2 2 2
26983 0 13956 1460 1460 15104 15096
29443 9 7135 3 3 5 5
26279 0 10532 344 344 13139 13134
10532 1 11231 3 3 4 2
8610 1 16790 4 2 2 2
32576 0 296 46 46 1084 937
32576 4 39358 1985 1985 1983 1983
28775 0 296 3 3 314 171
21869 0 296 10 10 232 90
40110 0 296 127 127 1592 1443
5339 0 296 2 2 141 2
40350 0 296 38 38 599 454
18338 1 25376 3 2 3 3
18338 1 34572 2 2 3 3
25119 0 10706 7 7 416 405
6372 0 10706 245 244 765 753
187 1 34587 4 2 2 2
23114 0 8709 3679 3679 26551 26546
23114 9 22355 2 2 2 2
3873 1 28613 6 3 2 2
3449 1 3448 3 2 3 2
1778 1 5313 8 4 4 3
16939 1 16938 3 2 2 2
25259 1 10976 4 2 2 2
25259 0 1054 3 3 14 10
3874 0 21706 28 28 42 41
17484 0 2318 27 27 544 419
9443 0 2318 13 13 325 201
36678 0 2318 4 4 162 41
31243 0 2318 4 4 140 20
7726 0 2318 97 97 1041 913
3353 0 2318 5 5 176 54
14943 9 14942 2 2 2 2
14943 1 16039 2 2 2 2
2677 1 13356 4 2 3 2
35968 0 32619 337 337 22897 22894
31267 0 265 8 8 303 49
30115 0 265 9 9 342 85
39657 0 265 5 5 350 91
39858 0 265 2 2 249 2
22580 0 265 13 13 322 66
14709 0 265 17 17 357 97
40562 0 21091 2003 2003 39956 39954
21135 1 12220 2 2 2 2
38664 0 71 2 2 68 6
30298 0 71 2 2 65 5
3066 1 3065 2 2 2 2
23421 0 13784 175 175 70 68
7620 1 21508 2 2 2 2
3069 4 14224 4973 4951 32 32
14224 4 25214 408 404 81 81
40563 2 6404 300 300 40100 40091
40653 2 6404 5546 5546 40840 40829
40687 2 6404 6884 6884 40743 40733
14071 0 278 2 2 176 3
13708 0 278 2 2 181 7
37453 0 278 2 2 189 13
18193 0 278 3 3 174 2
36053 0 278 3 3 208 30
40571 0 278 36321 36321 40898 40716
40564 0 12078 8599 8599 40674 40668
4462 0 12078 340 340 1785 1780
31848 0 10547 2 2 11 9
40565 0 6230 34745 34745 40862 40860
20013 1 1128 6 3 9 5
3348 0 20013 23305 23305 25587 25575
35716 0 21460 335 335 9127 9127
7754 3 1296 20 18 11 11
7754 9 26452 1750 1749 93 93
1296 9 9053 3 3 3 3
4834 1 21474 2 2 2 2
21474 0 2168 11 11 142 135
33636 0 27948 3336 3336 13751 13749
36719 1 21614 4 2 2 2
40647 0 36719 10098 10098 40667 40666
1594 4 35451 100 96 4 4
7059 1 37735 5 3 2 2
11387 0 1062 627 627 8136 8132
4472 1 1062 4 2 6 4
158 1 157 4 4 3 2
157 5 73 2 2 99 43
28915 0 6166 25 25 91 84
25685 0 6166 85 85 3984 3976
1741 5 6166 6 6 145 108
40566 0 3087 17323 17323 40917 40901
8935 1 20348 2 2 3 2
6215 5 8935 10 10 611 605
40567 0 5596 12500 12500 40850 40850
5596 1 2050 7 3 4 2
14614 1 632 3 2 5 3
23862 0 20853 753 753 19753 19752
39256 0 292 7 7 1132 881
31751 0 292 3 3 286 40
6985 0 292 2 2 240 5
2794 0 292 4 4 282 37
17776 0 292 2 2 234 2
29809 0 292 3 3 253 11
6800 0 292 3 3 242 5
2388 0 292 2 2 250 10
34453 0 292 2 2 254 11
8087 0 292 6 6 532 283
35031 0 292 2 2 247 8
7483 1 4704 2 2 3 2
7381 5 7483 1 1 5 1
18107 1 7419 3 2 2 2
18107 1 33365 4 2 2 2
30799 0 3068 46 46 663 649
18024 1 18023 6 3 3 2
24564 1 1410 4693 4692 3667 3667
11009 0 24586 3 3 5 3
27654 0 11009 19 19 11 11
9001 1 31090 2 2 2 2
31091 1 31090 3 2 3 2
40568 0 19619 1207 1207 40569 40566
1193 4 5665 184 172 6 6
29132 0 160 23 23 1030 991
21888 0 160 176 176 1474 1432
40545 0 160 5 5 375 339
14250 0 160 13 13 686 649
7765 1 3854 4 2 9 5
3854 1 4433 10 5 4 2
10544 6 10337 30 17 3 3
10544 6 30885 70 56 6 6
10544 6 17616 27 15 2 2
10544 6 33395 13 2 3 3
10544 6 32223 94 79 13 13
2466 0 11399 348 348 4775 4769
5110 1 14834 12 4 6 4
5110 1 22509 5 3 4 3
5110 1 13199 9 4 4 2
30654 0 2915 91 91 1969 1965
878 1 16142 19 15 29 25
16142 1 878 30 26 20 16
12156 1 16142 4 3 4 4
1555 4 14720 114 108 7 7
1555 0 39 29 29 337 130
27854 6 9726 4 2 2 1
22790 1 20846 3 2 2 2
40569 0 28991 33021 33021 38395 38395
31570 1 22745 3 2 2 2
6277 4 13724 40 34 7 7
22265 1 15939 3 2 2 2
3601 4 11291 262 261 78 78
18464 4 28236 98 98 79 79
21200 1 24456 8 3 3 2
18828 1 21200 3 2 7 3
8407 1 5210 5 2 4 2
5210 1 9174 4 2 2 2
8298 1 8297 3 3 9 2
35442 0 21 6 6 196 128
5771 4 35442 170 161 7 7
16159 1 6497 6 2 4 2
1826 4 36945 422 415 3 3
15560 1 16616 5 3 4 2
5937 1 15560 2 2 3 2
16616 1 35701 3 2 3 3
24090 0 27455 757 756 2588 2588
3209 1 19072 3 2 4 2
3209 1 2516 2 2 2 2
6274 0 3209 108 108 5716 5712
32074 1 32874 5 4 2 2
1353 1 16331 3 2 4 3
11260 1 11259 2 2 3 2
21431 0 11260 29 29 685 683
5666 0 8929 2 2 38 23
21034 0 2918 7061 7061 17349 17269
31631 0 2918 23655 23655 31128 31047
39298 0 4365 394 394 9156 9141
38449 0 23581 2 2 12 9
923 0 12300 17611 17611 1793 1793
785 8 923 3711 3264 3 3
16936 0 39 14 14 345 137
6688 0 39 98 98 918 707
33920 0 39 12 12 502 292
16930 0 39 10 10 263 60
16260 0 39 6 6 232 31
9285 0 39 15 15 293 88
36679 0 39 22 22 1234 1022
13037 0 39 4 4 227 28
17754 0 39 15 15 254 52
34332 0 2518 2 2 76 10
24798 0 2518 150 150 3466 3397
2518 0 4990 4 4 159 141
36326 1 67 2 2 2 2
31714 6 15538 80 79 146 143
25285 1 25279 2 2 4 2
37786 0 14737 5 5 139 127
14737 0 4030 5 5 55 28
40570 0 10106 6368 6368 40509 40509
2527 1 15676 3 2 3 2
9741 1 22270 3 2 2 2
22719 0 8583 47 47 410 400
680 7 39181 31402 31340 6 5
680 7 29533 14673 14613 1 1
21810 4 40571 40929 40919 36784 36784
33488 0 4931 3870 3870 17724 17719
30169 4 22524 56 56 28 28
1374 8 9876 553 551 64 64
1374 6 6774 20 5 8 5
35169 3 35168 2 2 2 2
6888 0 11405 3900 3900 8079 8073
6889 1 6888 4 2 2 2
11405 1 12069 3 3 6 2
31720 1 33038 2 2 2 2
14747 1 16665 7 4 7 2
30485 0 12240 2742 2742 31431 31430
35384 1 24098 2 2 2 2
33950 1 24098 3 2 5 2
4617 4 2317 87 80 3 3
26645 0 18798 3 3 38 34
1038 4 20161 294 121 7 7
1038 4 39009 4583 4408 354 354
1038 4 31457 202 36 2 2
1038 4 35729 190 27 2 2
1038 4 9526 158 1 1 1
1038 4 36663 176 14 2 2
1038 4 25174 164 3 2 2
1038 4 29468 274 103 9 9
1038 4 40317 285 113 4 4
13441 0 13179 61 61 173 172
31542 0 28557 1810 1810 28055 28053
5421 1 33580 2 2 3 2
8378 1 15959 2 2 2 2
35680 0 16547 16 16 221 216
4601 1 1480 4 3 4 2
23297 1 23798 146 145 43 40
36430 1 11632 2 2 8 3
7798 1 10220 3 2 3 2
23291 0 7798 1225 1225 9216 9213
9868 0 9017 1 1 12 1
14301 1 22543 2 2 3 2
9933 4 37354 101 101 386 386
12205 1 12204 2 2 4 2
24146 0 17669 14103 14103 24319 24317
28393 0 1434 5 5 97 37
18831 4 28393 267 265 17 17
36594 0 1434 81 81 1841 1780
26925 0 1434 1 1 59 1
18116 4 1434 8 2 4 4
21358 1 8040 18 17 34 30
12579 1 8040 4 2 5 2
33003 0 10761 12450 12450 4715 4715
23374 0 739 4 4 74 71
32479 1 37820 4 2 2 2
2181 8 30733 735 732 5 5
15394 1 32040 3 2 4 3
28746 1 24321 7 4 3 2
28746 1 16782 2 2 3 2
37839 0 2110 4 4 199 14
38849 0 2110 23 23 773 581
9193 0 2110 2 2 202 16
20494 0 2110 22 22 486 296
38709 0 2110 8 8 299 110
30037 0 2110 3 3 286 98
36409 0 6991 4994 4994 16751 16743
36409 1 20042 4 3 3 2
39061 0 914 7 7 17 11
24739 5 914 1069 1069 39870 39578
40612 5 914 295 295 40615 40322
14021 5 914 3 3 387 104
22854 5 914 9 9 4226 3937
40047 5 914 3 3 325 44
4847 5 914 1 1 253 2
25072 5 914 2 2 308 28
7476 5 914 11 11 1664 1377
792 5 914 1 1 281 4
914 1 19506 2 2 3 2
8543 1 28419 2 2 3 2
4324 4 13072 23 9 3 3
3407 0 643 259 259 872 866
3855 1 643 8 4 4 2
37188 1 1558 2 2 4 2
40712 0 1558 20908 20908 40759 40745
26674 0 1558 64 64 1604 1591
30420 0 22047 193 192 2536 2535
35704 4 40572 40278 40278 1396 1396
37073 2 7 1 1 43 7
8520 1 5407 3 2 2 2
30398 5 5407 1 1 34 10
11562 0 9512 9258 9258 9899 9898
40684 0 9512 24577 24577 40665 40663
11780 1 18482 3 2 3 2
2837 0 36460 56 56 585 582
33600 0 2837 600 600 26751 26746
40573 0 11043 9380 9380 40721 40699
40574 0 11043 29659 29659 40937 40914
21093 0 11043 12 12 46 25
40497 0 85 112 112 2730 2486
1958 0 85 33 33 2419 2176
39304 0 85 537 537 5755 5509
30762 0 85 24 24 1153 917
8844 0 85 24 24 866 632
24944 0 85 125 125 1472 1234
40402 0 85 22 22 1311 1074
5552 0 85 45 45 1703 1463
1522 0 85 134 134 5737 5492
37844 0 85 102 102 1479 1240
40665 0 85 13418 13418 40569 40322
5115 0 85 122 122 2367 2125
28159 0 85 15 15 521 288
85 0 12888 2 2 32 23
31425 1 15729 3 2 4 2
12042 1 1777 4 3 3 2
12042 0 8268 40 40 79 72
18518 1 14006 4 2 3 2
23766 5 7293 3 1 3 2
15279 0 23766 17 17 220 220
33175 0 5978 18242 18242 36146 36124
15358 1 15357 2 2 2 2
16701 0 1677 12 12 439 385
13 0 1677 76 76 853 798
30757 0 1677 7715 7715 16907 16850
7419 1 5076 3 2 4 2
27444 1 17724 3 2 3 3
294 1 18895 4 2 4 3
40575 0 22039 4246 4246 40645 40641
31455 0 1027 2 2 158 7
16597 0 1027 3 3 180 28
40576 0 40452 1367 1367 40488 40488
35090 0 17121 13593 13593 35553 35551
19086 6 21626 7 3 6 3
7887 1 7886 2 2 2 2
34521 6 37498 21 21 15 15
12662 1 40577 40799 40793 15180 15180
40577 1 12662 14929 14929 40797 40791
39496 1 16365 8577 8577 2833 2833
16365 1 39496 2718 2718 8516 8516
11479 1 5180 4 3 3 2
956 1 5180 3 2 7 2
12458 6 16563 34 31 12 11
12921 1 25846 12 3 3 2
36880 4 37832 255 255 73 73
877 1 14090 61 56 9 8
14090 1 877 9 8 61 56
8082 0 81 2 2 47 2
2497 1 13459 6 6 2 2
31712 0 2497 406 406 4418 4319
25460 0 2497 22 22 2001 1905
30267 0 2497 8 8 367 275
14684 0 2497 10 10 1480 1385
15327 0 284 12 12 233 13
32738 0 284 2 2 220 3
7747 0 284 9 9 230 11
23048 0 284 83 83 2881 2655
36041 0 284 2 2 217 2
38651 0 284 3 3 246 24
13843 1 13842 2 2 2 2
38649 1 19488 24514 24514 26274 26274
21810 0 2687 2 2 40 6
5646 1 5645 6 3 7 3
5184 1 28989 2 2 3 2
16262 0 16080 235 235 23063 23060
16080 0 314 3 3 27 21
38255 0 18636 15 15 10 9
16914 1 1218 2 2 6 2
11597 1 2084 3 2 3 2
26872 0 11597 2 2 4 3
38264 0 1629 6 6 517 505
15932 0 1629 4 4 31 21
14940 0 1629 8975 8975 27590 27577
23686 1 7865 2 2 4 2
40578 0 971 22758 22758 40900 40896
4933 0 1287 76 76 515 477
17077 1 1287 3 2 10 3
21855 1 1287 2 2 2 2
2477 9 9034 2 2 3 3
9035 1 9034 3 2 5 3
9452 0 16895 3580 3580 5050 5049
15534 4 27189 605 604 339 339
15549 0 5198 24 24 3547 3527
29419 1 23228 5 2 6 4
29419 1 16566 4 2 3 2
29983 1 29419 2 2 2 2
8761 0 9048 171 171 6628 6610
16341 0 9048 76 76 4769 4752
18043 1 6871 46 45 135 133
14676 1 15857 3 2 3 2
4402 1 31378 2 2 3 3
1144 1 9716 2 2 2 2
20128 4 19080 13 10 2 2
20128 4 32553 17 13 4 4
40579 0 33801 20471 20471 40744 40743
39697 0 33801 21078 21078 40033 40033
10515 1 20545 5 2 2 2
10515 1 23161 2 2 3 3
20152 1 10916 4 3 3 2
15078 0 1542 168 168 2389 2368
3408 6 8332 98 23 3 3
3408 6 33157 83 9 3 2
3408 8 40605 40937 40870 8688 8688
3408 4 1256 39 39 12 12
22973 6 8518 446 446 359 358
15512 6 8518 86 83 2 2
37981 1 37980 2 2 2 2
36402 6 38419 67 67 64 64
35889 0 1222 2566 2566 14238 14226
1630 4 3954 34 29 2 2
27378 5 2295 4 4 182 84
16787 5 2295 3 3 332 232
2295 0 20085 79 79 66 64
2674 1 25490 7 2 2 2
2674 1 37183 6 2 2 2
31859 5 11873 87 87 2045 2041
18301 1 11873 3 2 4 2
3961 4 38195 48 46 4 4
10495 0 65 6 6 61 50
19204 0 65 6 6 32 22
29854 0 65 2 2 27 18
4387 0 16744 22 22 78 75
14355 2 1137 1 1 106 3
31617 2 1137 1 1 104 2
10756 2 1137 1 1 101 2
23780 2 1137 1 1 108 3
19983 2 1137 1 1 111 5
20239 2 1137 1 1 103 2
40735 2 1137 1124 1124 40634 40526
3870 6 7609 22 16 2 2
12556 0 3870 1344 1344 3048 3042
1226 4 6870 381 358 185 185
23617 4 1226 55 53 7 7
6870 4 29653 422 422 766 766
2536 1 11404 7 5 3 2
2536 0 5973 999 999 1514 1511
12282 1 7778 2 2 2 2
40580 0 22983 2032 2032 40497 40495
12754 0 184 2 2 288 4
2752 0 184 11 11 361 61
30560 0 184 2 2 296 8
31172 0 184 2 2 318 20
36649 0 184 10 10 315 19
39598 0 184 5 5 305 12
29336 0 184 6 6 326 27
3249 1 9317 3 2 2 2
20805 0 11858 243 243 4348 4341
40593 0 11858 27797 27797 40825 40817
11617 1 36457 3 3 2 2
11617 1 3182 6 4 10 10
3060 0 11617 3 3 7 2
40581 0 12650 238 238 39987 39966
11149 6 40581 40093 40069 94 94
785 8 11138 20012 19551 13 13
785 8 40710 40801 40329 916 916
785 8 36327 26997 26532 251 251
785 8 39015 35241 34771 425 425
785 8 38312 4005 3557 71 71
785 8 27403 17564 17105 31 31
785 8 1422 1863 1419 1 1
785 8 22169 6012 5561 36 36
785 8 30680 12767 12310 6 6
785 8 37209 8371 7919 2 2
785 8 24124 11129 10674 8 8
785 8 25693 5461 5011 8 8
785 8 446 447 5 1 1
785 8 21727 3364 2918 2 2
19992 0 27240 542 542 1018 1016
6448 0 20717 13 13 48 38
5058 1 6448 2 2 7 3
21155 1 6448 3 2 8 3
40663 0 6448 26270 26270 40757 40752
40582 0 6644 15472 15472 40700 40690
35177 1 298 2 2 3 2
6700 0 2052 5 5 16 14
15310 1 13032 11 5 7 5
20936 1 17024 3 2 2 2
7054 0 20936 9567 9567 19468 19467
39068 0 5731 28550 28550 38911 38911
40583 0 290 18422 18422 40605 40560
8787 0 290 39 39 1928 1884
28170 5 290 10 9 87 64
27556 5 290 13 13 2393 2369
4123 1 290 4 2 9 8
2858 4 290 1147 1114 203 203
38753 0 16960 49 49 302 297
29292 1 20260 3 2 3 2
7491 1 3611 3 2 2 2
10450 4 40584 40643 40637 12851 12851
40584 0 427 27005 27005 40886 40813
7966 0 9605 5 5 33 30
32027 0 12798 507 507 172 172
32795 1 1063 2 2 3 2
2920 1 17874 4 4 2 2
2920 1 4427 5 4 5 3
129 1 4427 3 2 12 7
32885 0 13252 2700 2700 16716 16712
16493 0 20467 156 156 87 87
40585 0 38674 24501 24501 40632 40632
34 3 10832 1299 1299 176 176
8982 1 26420 2 2 4 3
2675 0 965 2 2 49 18
16821 0 965 2 2 144 112
17630 0 9068 745 745 10856 10853
18501 6 11746 108 108 120 120
18495 0 17922 4944 4944 16124 16123
17278 2 7488 7 5 7 5
2499 1 13511 2 2 3 3
36662 1 17710 2 2 2 2
36331 1 19237 2 2 8 4
18045 1 1998 7 5 8 3
3130 1 4954 8 4 9 2
13102 0 24336 5 5 11 9
271 8 28240 263 252 66 66
271 6 40624 40723 40695 15249 15249
12111 0 13254 50 50 396 386
19649 0 13254 2138 2138 14189 14178
10494 0 20781 19063 19063 40436 40433
5360 1 23897 2 2 2 2
23898 1 23897 3 2 3 2
17935 1 2212 7 3 2 2
9847 3 26719 16320 16312 3273 3273
33866 9 23829 2 2 2 2
40586 0 19015 16747 16747 40738 40724
40713 0 19015 145 145 40503 40490
22702 0 16200 8 8 13 11
3541 1 20787 2 2 4 2
6267 1 20787 3 2 2 2
24216 1 1742 2 2 3 2
1742 0 2571 5817 5817 8626 8624
9291 0 4466 212 212 1330 1329
3600 0 2216 10 10 16 10
29682 1 6044 4 2 4 2
40587 0 17191 28202 28202 40853 40850
16309 3 31279 2 2 3 3
40588 0 10342 38241 38241 40515 40514
15741 5 2786 26 26 2168 2156
2786 1 31467 2 2 2 2
22083 6 37406 801 800 111 111
27641 1 17450 2 2 3 3
5520 1 6140 3 2 3 3
37977 0 4550 5 5 132 36
22986 0 4550 4 4 98 5
13964 4 20032 23 10 2 2
20032 4 22514 310 306 230 230
5289 1 2452 5 2 7 4
6078 0 5289 1685 1685 15572 15560
32 4 22428 131 115 13 13
25738 1 1502 3 2 4 2
27499 1 25738 4 2 4 2
11607 6 9604 29026 29025 2249 2249
383 9 6658 3 3 3 2
6658 1 382 3 3 4 2
16197 1 6658 3 2 4 3
24259 0 16169 12066 12066 33710 33674
22335 0 16169 588 588 26436 26401
25952 4 36629 223 223 379 379
32112 4 37795 52 52 5 5
20499 0 1592 5 5 18 13
19836 0 4030 2 2 29 4
3908 1 31477 3 2 2 2
7874 4 13716 384 356 34 34
10974 4 38608 270 268 77 77
1018 1 7659 3 3 9 4
7144 4 24030 85 83 16 16
12048 4 7144 29 22 4 4
5500 1 21297 6 3 4 3
5500 0 9200 21 21 19 19
27615 0 5220 2 2 30 18
19850 1 2151 4 2 5 2
16779 1 16998 2 2 2 2
10771 4 10410 16 12 2 2
10771 4 21127 5 2 2 2
12627 0 21127 5 5 90 87
40589 2 1646 360 360 40562 40521
32664 5 774 1 1 139 5
30156 5 774 8 8 140 5
27981 5 774 1 1 138 5
13550 5 774 3 3 143 7
21966 5 774 13 13 137 5
19088 5 774 10 10 508 370
27383 5 774 1 1 134 4
17731 0 774 75 75 53 43
21818 6 37463 2229 2227 115 115
10205 0 11093 51 51 1456 1435
36918 0 11093 39 39 3520 3498
2974 0 11093 6025 6025 26559 26536
13543 0 11093 5 5 175 155
14057 0 7284 20456 20455 6890 6890
7284 1 1156 3 2 5 2
3972 7 20913 13598 13520 1 1
3972 7 40458 20895 20816 5 5
36867 0 8952 27390 27390 3123 3123
39341 4 7922 225 225 36 36
9031 4 34522 22 5 2 2
9031 4 36372 26 8 4 4
9031 4 22734 421 401 10 10
40590 0 27411 39752 39752 40850 40848
5334 0 8355 27 27 8461 8438
8355 0 37159 542 542 394 394
29370 0 32370 171 170 241 240
38392 0 2833 3176 3176 39457 39441
17123 1 22282 2 2 3 2
11931 1 23210 3 2 2 2
3929 1 6637 15 4 4 3
39809 0 15772 4 4 6 6
3014 1 16068 2 2 4 3
5872 1 17690 2 2 3 3
38213 0 13538 817 817 16383 16377
15641 1 27635 4 2 3 3
33238 2 955 17 16 161 148
5920 0 30694 10930 10930 23454 23453
14280 1 5920 7 2 8 2
15530 0 4225 109 109 1776 1776
28112 0 19783 6 6 25 22
31385 0 19783 888 888 7940 7935
1220 0 19783 827 827 2384 2380
15603 1 15 4 2 3 2
15 1 5976 2 2 3 2
4744 1 27814 9 5 3 2
26459 0 12430 1275 1275 2430 2427
12430 1 4066 6 2 3 2
9361 1 26566 3 2 3 3
4323 1 10025 4 2 5 3
30746 0 4323 7240 7240 21452 21451
21869 4 16617 41 40 13 13
26942 1 31134 2 2 2 2
12877 0 4127 23 23 76 73
9331 0 9481 200 200 10846 10845
11045 1 10096 7 3 4 2
18526 1 6001 2 2 3 2
6002 1 6001 2 2 2 2
4984 1 3637 3 2 2 2
33272 5 4984 79 79 1801 1795
40591 0 2215 12037 12037 40681 40675
26189 0 15682 1611 1610 5025 5024
8657 6 18527 13538 13538 18870 18870
2095 0 4792 1121 1121 263 259
17447 0 4792 83 83 53 50
32551 0 7192 1105 1105 17759 17739
727 1 7192 7 4 4 2
38904 1 15390 39 39 908 907
38713 1 6445 3 2 7 2
36718 0 38713 702 702 2678 2678
21331 0 14398 75 75 190 189
1671 0 8078 3 3 32 20
16941 6 5249 2 2 3 2
34019 0 7149 6592 6592 19750 19712
18807 1 18806 4 2 2 2
16369 1 3715 3 2 3 3
18079 1 16369 2 2 6 2
26616 0 24680 1051 1051 6018 6016
26616 1 11969 3 2 8 8
36080 0 34647 26248 26247 10983 10983
9970 1 22186 5 3 2 2
21084 4 35872 4 2 2 2
38715 0 5011 2 2 19 10
4226 0 11100 1851 1851 22856 22838
18612 4 33719 39 18 8 8
40592 0 3742 5620 5620 40644 40621
40481 0 4992 1978 1978 39294 39292
39479 0 28777 1934 1934 3058 3058
1650 1 40174 9406 9399 465 465
1650 1 1311 8 2 5 2
1650 0 21879 4353 4353 15281 15281
16394 1 1650 11491 11491 23836 23828
9761 0 1650 13 13 74 70
7968 0 239 354 354 6685 6433
7968 1 11878 3 2 2 2
3491 0 239 187 187 1983 1735
40419 0 239 1309 1309 9259 9006
17572 0 239 67 67 996 750
134 0 239 10 10 412 167
40620 0 239 38059 38059 40886 40619
5037 0 239 281 281 5047 4796
23341 0 239 18524 18524 35739 35476
30294 0 239 20 20 2246 1997
11839 0 239 19521 19521 35547 35285
38423 0 5720 37468 37467 38982 38974
36383 0 6139 10082 10082 40532 40525
23143 1 19335 6 2 3 3
6619 1 23143 3 2 3 2
2002 0 19290 2926 2926 18152 18152
2033 1 10164 3 2 2 2
34032 0 13475 312 312 902 900
34006 1 34291 2 2 2 2
1920 4 13057 118 65 3 3
1920 4 14332 207 151 14 14
1920 4 17214 135 81 3 3
1920 4 20671 147 92 2 2
4419 1 1849 7 2 2 2
4419 1 8002 3 2 4 2
32151 5 11426 1 1 18 9
18951 4 31532 135 128 29 29
18951 4 32437 277 269 61 61
30591 0 49 2 2 16 5
3608 4 24144 53 29 2 2
3608 4 19987 58 33 2 2
3608 4 751 96 70 2 2
17073 1 4982 2 2 5 3
30457 0 3668 1497 1496 16507 16500
13681 4 18265 20 14 1 1
13681 4 39987 104 97 3 3
18301 5 1981 11 11 1034 981
40455 0 26054 14205 14205 35170 35168
9094 1 352 3 3 3 2
352 1 26517 34 25 19 17
18661 1 12085 2 2 2 2
15620 4 22311 71 65 8 8
33409 0 22311 79 78 621 620
1258 1 1257 2 2 3 2
1258 1 7835 3 2 3 2
7440 9 35492 2 2 2 2
40594 0 32069 38721 38721 40657 40657
4292 1 4291 12 5 4 4
13227 1 13641 9 3 6 5
13227 1 540 4 3 9 7
12002 1 7957 2 2 3 2
40595 0 26503 27350 27350 40903 40903
40596 0 16944 26157 26157 40713 40708
16944 1 16943 3 2 5 3
13138 1 13137 3 2 4 3
23155 0 3062 46 46 951 940
40600 0 3062 15932 15932 40876 40864
13408 5 2064 4 4 201 177
2652 1 15263 5 2 3 2
606 1 31605 2 2 2 2
27110 0 11322 636 636 816 813
9199 1 6691 5 4 5 2
6691 1 35867 3 2 3 3
15253 1 22571 2 2 4 2
22571 1 16934 6 2 2 2
12011 0 9758 170 170 3658 3637
12011 1 4723 3 3 4 2
27410 0 9758 60 60 1753 1733
11818 1 12928 2 2 3 3
14656 1 11818 3 2 4 2
16439 0 3281 6801 6801 26473 26470
3281 1 5769 5 3 6 2
23498 1 35393 2 2 2 2
12469 0 15650 7 7 3 2
19415 4 36359 117 112 55 55
19415 4 9039 161 155 47 47
15564 1 25098 3 2 3 2
29421 2 28324 36750 36749 16195 16195
4753 0 1271 18 18 71 63
403 1 1271 4 2 7 3
26741 1 17064 4 2 4 3
31116 1 29683 2 2 2 2
31116 1 10855 9 8 11 10
11565 0 19217 3373 3373 4457 4456
10666 1 2269 2 2 4 3
38441 0 610 7 7 97 63
40747 0 610 26865 26865 40909 40872
38589 0 610 4 4 319 283
39062 0 610 4 4 121 86
8986 1 27775 4 2 3 2
40597 0 1285 26440 26440 40490 40483
14201 1 22872 6 2 3 2
14201 1 22141 4 2 3 3
17803 0 34579 5 5 13 12
37095 0 34579 5 5 16 14
11611 1 4777 3 2 6 3
20848 1 4777 3 2 7 3
11687 0 11199 31 31 1206 1188
14407 1 11687 3 2 4 2
2991 1 29472 3 2 3 2
13950 0 13637 7 7 21 16
21726 0 13637 5 5 10 6
23452 0 27533 2598 2598 24562 24560
6739 1 1414 5 4 9 2
11097 1 1414 4 4 14 3
1379 9 8161 3 3 2 2
35420 1 23199 2 2 4 2
23199 1 8758 3 2 3 2
39781 4 29034 192 192 6 6
24328 1 26984 3 2 4 2
27592 0 883 10 10 335 113
26057 0 883 6 6 240 23
35017 0 883 3 3 219 5
31955 0 883 5 5 221 6
14966 0 883 6 6 253 34
11358 1 11357 3 2 2 2
21577 1 19963 3 2 4 3
28849 6 1609 44 41 6 5
1609 6 8263 31 25 2 2
8531 0 14081 190 190 977 966
28503 1 28407 2 2 2 2
39294 0 17478 72 72 130 126
40598 0 2348 6781 6781 40561 40559
23960 0 13199 315 315 6244 6241
399 1 398 4 2 3 2
24160 0 6684 12 12 16 13
40599 0 11712 7096 7096 39841 39840
18982 0 5876 325 325 4697 4695
18213 1 5876 2167 2165 971 971
5876 1 18213 968 968 2174 2172
34510 4 19961 11 9 2 2
30259 1 21208 6 2 3 2
17577 4 34771 55 55 14 14
30657 1 2445 2 2 2 2
19374 4 10501 244 244 42 42
26690 6 38361 12556 12555 944 944
5142 6 18018 886 871 544 544
8335 6 5142 55 44 10 9
7831 0 21055 107 107 992 988
27907 1 14404 13409 13408 26659 26657
14404 1 27907 27093 27091 13472 13471
1175 0 14404 18 18 20 18
25106 0 38339 36202 36202 33562 33562
7779 1 33053 3 2 2 2
4104 1 7779 2 2 2 2
7006 0 36034 4057 4056 5659 5657
35113 9 26863 2 2 3 3
12815 4 20100 53 30 3 3
9564 1 1329 2 2 9 5
21276 0 3984 1309 1309 36169 36159
1652 0 3984 1370 1370 24386 24377
3625 0 4435 54 54 381 378
31367 0 4435 7 7 82 80
30581 1 16682 2 2 4 2
36064 5 2176 2680 2680 34180 34073
99 5 2176 2 2 598 497
9641 5 2176 3 3 337 238
16171 5 2176 14 14 647 544
26128 5 2176 2907 2907 32596 32490
1908 5 2176 3 3 279 181
10424 5 2176 5 5 502 402
2176 1 11120 2 2 2 2
10 4 8672 116 111 4 4
4643 6 5961 155 149 76 76
16211 1 18929 2 2 2 2
4844 1 15639 4 3 8 3
21835 1 36257 2 2 2 2
32931 2 5970 391 390 473 468
19745 1 2237 5 2 5 3
10276 0 5907 15 15 26 23
20837 1 9151 2 2 4 2
15147 0 1938 2 2 52 46
18040 0 11068 44 44 76 63
5173 4 23709 157 152 14 14
15430 6 9646 1094 1093 45 45
15430 4 3544 39 23 4 2
1388 1 20463 2 2 2 2
39201 0 10557 3 3 13 5
4701 6 6142 21 21 18 18
39620 5 4701 1 1 24 1
17538 5 1819 17 17 12020 11980
14012 1 8954 6 2 5 2
5148 4 21781 994 994 909 909
22752 1 11878 6 3 4 2
26368 1 8800 2 2 2 2
24546 9 793 3 3 4 4
33697 0 1749 63 63 700 686
12548 1 7959 2 2 2 2
2170 6 36952 151 125 12 12
2170 6 1435 630 602 11 11
2170 6 17789 263 236 46 45
40628 0 2170 22348 22347 40880 40858
11745 1 17019 3 2 3 2
1914 6 18394 210 187 340 340
1914 8 19753 550 540 250 250
4058 0 9924 6 6 36 29
37876 0 4058 333 333 279 269
8628 0 14367 87 87 585 580
8628 3 14961 14551 14549 7572 7572
39060 0 9003 7514 7514 13861 13861
23809 0 3362 2357 2357 32284 32231
18746 0 3362 1234 1234 11296 11244
34253 0 3362 258 258 6207 6156
29236 1 35973 4 3 2 2
29236 1 29751 3 3 2 2
1764 1 26830 28 24 9 8
26830 1 1764 9 8 29 25
40262 4 38717 12 12 9 9
22671 0 21247 13479 13478 21351 21351
9129 4 26293 169 159 2 2
20158 1 33956 3 2 2 2
35386 0 2558 5 4 27 14
35386 1 4810 2 2 3 2
34559 0 2558 10 9 260 246
2101 1 33146 18 10 12 11
2101 1 20147 7 3 3 2
2101 1 15727 4 2 2 2
34312 6 40486 1301 1301 870 870
2381 6 39759 1381 1375 1217 1217
34198 0 4847 32 32 5281 5251
38741 0 4847 64 64 136 107
26334 1 17027 4 2 2 2
26334 1 11324 5 2 3 2
4277 0 4056 6240 6240 23624 23620
11573 0 4056 2361 2361 21078 21075
24326 1 19636 5 3 3 2
37944 0 6042 2 2 676 666
6042 0 11666 2 2 18 2
40749 0 24944 8691 8691 39142 39141
8498 1 7256 4 3 2 2
16881 1 9338 3 2 4 2
25360 1 30394 2 2 2 2
16533 1 457 5 3 4 2
16533 1 5139 3 2 4 2
5139 1 20874 6 2 2 2
113 6 26801 11 9 7 6
18225 4 31949 420 418 107 107
31096 0 26764 11573 11573 4695 4695
23445 1 20144 2 2 2 2
1322 6 37390 558 547 519 519
35223 0 31661 60 60 1629 1625
6083 4 7925 566 566 389 389
36842 0 4161 7 7 439 412
40673 0 4161 33098 33098 40883 40853
17498 1 21619 4 2 2 2
17498 1 1654 5 2 3 2
39970 0 3052 1021 1021 17465 17464
25857 0 28155 2 2 12 12
35205 0 10662 4 4 92 86
3104 0 10662 362 362 1328 1321
27896 6 40601 36189 36188 498 498
4359 1 21993 5 3 8 3
28307 0 21993 10 10 62 61
40602 0 300 30543 30543 40887 40780
21701 0 300 43 43 1361 1258
18354 0 300 1997 1997 25968 25864
7446 0 300 9823 9823 36017 35912
40703 0 300 19706 19706 40757 40651
21213 1 25178 3 2 2 2
11884 9 3041 11 10 4 3
9796 4 30359 5 2 2 2
4764 1 21744 6 2 2 2
13887 1 1866 4 2 2 2
13675 1 13726 3 2 2 2
27185 1 27184 2 2 2 2
29913 0 959 3 3 62 32
21128 0 959 2 2 34 5
30482 5 985 4 4 303 235
6067 5 985 2 2 121 55
12898 5 985 5 5 214 147
33867 0 985 47 47 162 158
19990 0 985 41 41 615 610
6754 1 35743 4 2 3 3
12952 0 38827 73 73 62 62
16576 1 38827 3 2 2 2
1678 7 27909 306 71 1 1
1678 7 17606 375 136 1 1
1678 7 34411 269 38 1 1
1678 7 38159 316 80 1 1
1678 7 33433 359 121 1 1
10710 1 38566 2 2 2 2
23757 2 2023 1 1 49 1
8705 2 2023 3 3 76 26
2286 2 2023 2 2 66 17
7964 3 1791 3 2 6 3
5580 0 3139 24313 24313 37360 37352
19705 6 7282 660 659 1238 1238
11170 1 15337 3 2 3 2
22652 4 28628 95 95 25 25
40603 0 5178 26588 26588 40841 40809
40753 0 5178 17193 17193 40628 40598
5607 1 5839 3 2 4 2
27112 0 5607 7911 7911 25143 25137
40604 0 3773 25642 25642 40663 40663
23502 0 3591 26 26 864 858
3591 1 23828 5 2 4 2
3591 1 4974 2 2 4 3
13512 1 11627 2 2 3 2
11627 0 32691 287 287 3672 3672
40605 0 7851 21344 21344 40768 40768
40536 0 2861 2709 2709 17671 17662
18541 6 29772 1721 1721 316 316
17171 1 14314 3 3 4 2
6430 1 1025 5 2 3 2
33808 0 12168 803 803 3772 3736
4680 3 30046 74 73 85 85
4680 1 4679 2 2 2 2
26874 1 21974 4 2 3 2
40606 2 9677 5946 5946 40734 40734
13297 4 19277 14 14 15 15
871 1 6778 3 2 7 2
6778 1 18012 5 2 2 2
3278 1 37105 2 2 2 2
40607 6 7316 19152 19151 40632 40631
40607 6 2974 8168 8168 39525 39525
39590 2 17930 2 1 8 1
35134 1 29177 2 2 3 2
37759 4 33633 177 177 18 18
18141 0 20337 28747 28747 38719 38713
25756 0 18141 40085 40085 26320 26320
31924 0 2137 3 3 14 2
16768 1 3527 4 3 2 2
15053 1 25331 3 3 3 3
2951 1 25331 4 4 4 3
26706 8 17041 59 51 18 15
26404 4 38397 244 244 202 202
40608 0 11269 3143 3143 40549 40547
570 4 37732 258 256 19 19
9157 2 17319 5 4 6 2
16875 1 3343 4 2 5 2
9424 9 9423 2 2 2 2
9424 9 30295 139 138 58 57
30295 9 9424 55 54 132 131
28528 2 1425 39 38 219 198
40661 2 1425 640 640 40484 40462
16252 0 2071 60 60 195 174
8344 1 23341 2 2 2 2
23784 1 34483 2 2 2 2
7763 1 7762 4 2 2 2
30165 5 860 3 3 206 136
17944 5 860 44 44 3865 3794
9290 5 860 185 185 13804 13731
15462 1 30636 2 2 2 2
35232 1 35821 2 2 2 2
25564 0 8404 17 17 3013 2995
33907 0 24173 219 219 20459 20458
26592 0 8194 9 9 39 37
483 0 8194 350 350 413 410
9566 1 3309 4 2 2 2
40609 0 27148 32126 32126 40652 40648
40718 0 2951 9282 9282 40761 40760
11761 1 12999 6 3 2 2
26237 1 26236 3 2 2 2
24009 6 38249 270 270 240 240
38964 6 24009 160 157 16 16
3708 0 9694 1402 1402 6360 6357
40610 0 22619 12811 12811 40566 40560
25185 1 32634 3 2 2 2
40611 0 12710 8887 8887 40671 40668
5005 9 12710 6 5 3 2
7711 4 13896 107 99 5 5
21444 0 1668 12 12 302 233
17426 0 1668 26 26 2243 2173
38358 0 1668 7870 7870 32605 32533
5746 1 1668 3 2 5 3
26493 0 228 25 25 3257 3184
40675 0 228 32647 32647 40922 40845
22038 0 228 119 119 5505 5431
12895 4 10906 1065 1063 61 61
40453 0 10316 5 5 26 18
112 6 11189 84 38 2 2
3830 1 905 2 2 6 2
708 1 707 6 3 3 2
22664 1 9804 2 2 3 2
36523 0 4686 15008 15008 13074 13074
35422 0 10385 4259 4259 18026 18024
30775 4 5073 2309 2309 3624 3624
5073 1 5072 3 3 3 2
10680 6 18425 27 26 33 33
15029 1 11029 3 2 4 2
38345 0 7537 5524 5524 23389 23388
350 4 38228 52 49 13 13
10620 0 1244 18 18 469 182
40677 0 1244 33468 33468 40871 40579
33735 0 1244 36 36 835 544
15016 0 1244 7 7 291 10
29065 0 1244 20 20 475 187
15149 0 1244 4 4 411 125
16145 0 1244 7 7 296 14
10903 0 1244 4 4 478 189
4345 0 1244 10 10 287 7
30266 0 1244 29 29 607 317
36703 0 1244 5 5 281 4
19553 4 9540 47 47 16 16
450 4 20276 237 219 105 105
21982 4 450 136 130 8 8
37161 1 14121 5 5 5 4
20816 1 14121 4 3 2 2
11305 0 14274 28 28 248 243
12347 9 39027 2 2 2 2
17462 6 8373 780 764 168 168
17462 6 38751 226 211 43 43
11067 1 10029 2 2 3 2
5221 1 11848 3 2 2 2
6901 1 3580 5 3 3 2
15047 9 3513 6 4 7 5
3513 1 12072 10 5 5 2
19227 0 8492 8742 8742 17690 17687
12728 4 4840 114 105 6 6
12728 4 40336 798 788 35 35
1053 1 5405 2 2 2 2
1053 0 507 7935 7935 23023 23007
523 6 11110 35 8 23 22
34511 0 17252 19 19 84 72
11212 1 11211 3 2 4 2
8644 1 17442 7 4 2 2
40700 0 8644 1253 1253 40519 40507
19547 0 23405 135 134 600 590
3994 1 3993 6 3 4 2
31541 0 27211 13991 13991 38919 38917
36276 0 3679 8 8 112 102
40613 0 3721 24188 24188 40798 40762
14007 0 34084 20 20 69 65
26371 0 12250 16 15 21 19
28054 5 12250 693 693 9651 9638
39517 2 40614 40706 40705 480 480
40614 0 621 10240 10240 40766 40764
6014 0 1641 25 25 109 104
4778 0 1641 12476 12476 22970 22964
12527 1 31620 3 2 3 3
24997 4 4731 1060 1060 1641 1641
36026 0 2392 2225 2225 7261 7260
37802 0 2392 49 48 36 36
4182 4 2884 27 16 3 3
4182 4 36637 129 117 7 7
36637 0 1378 9 9 75 16
38852 1 36779 3 2 3 2
7696 0 251 10 10 97 43
28258 0 251 12 12 1100 1045
39711 0 251 386 386 16596 16540
24111 1 24110 2 2 2 2
40306 0 18126 391 391 39934 39925
12124 1 12123 3 3 3 2
15913 5 4475 2 1 15 2
19517 0 15913 4 4 10 6
4475 0 3779 474 474 4100 4046
39636 0 19687 17944 17944 11103 11102
11271 1 27213 3 2 4 3
11271 1 32517 9 2 3 2
32517 1 8906 2 2 6 2
24608 4 30747 18 16 6 6
23217 1 24399 2 2 2 2
29094 0 19267 100 100 3416 3414
3498 1 449 2 2 2 2
449 0 18847 1045 1045 1531 1531
17435 1 8639 3 3 3 2
37239 2 1136 4 4 736 665
40615 0 34949 16915 16915 40712 40711
36310 0 13741 80 80 2400 2393
36310 1 33374 2 2 2 2
19988 0 5541 1525 1525 10381 10370
3478 1 3477 2 2 2 2
39338 0 2342 20 20 191 187
37502 2 2524 81 80 626 583
38205 2 2524 4 3 52 10
2714 8 39449 670 652 1 1
2714 8 36914 21054 21034 53 53
2714 8 10915 11474 11455 40 40
10239 1 23646 4 3 5 3
6491 4 33367 230 228 8 8
8572 1 2319 4 2 9 4
2203 1 3505 6 3 5 3
2203 1 2202 8 3 5 4
7534 1 2203 5 4 7 3
4312 9 1881 2 2 2 2
1881 1 32034 2 2 3 2
22224 2 6577 4 4 219 166
37828 2 6577 5 5 1206 1151
34631 2 6577 3 3 549 495
18135 3 961 8 6 31 30
18135 3 20631 3 2 3 2
20631 10 24127 2 2 2 2
26739 0 18996 2049 2049 22972 22964
26740 1 26739 2 2 2 2
40616 0 37405 27234 27234 40760 40759
32555 1 16514 2 2 2 2
57 1 14678 9 2 6 5
1750 1 14678 5 2 3 3
14678 3 3713 5 2 5 2
14678 3 24654 4 2 7 2
40617 0 20218 15968 15968 40543 40538
13411 1 23555 7 3 8 5
5505 0 11298 9155 9155 17510 17507
5505 3 11131 3 2 3 2
19316 0 4045 203 203 4416 4415
4899 1 9805 5 2 2 2
21273 4 25459 10 1 1 1
30787 0 1897 484 484 21593 21520
30787 1 8109 2 2 2 2
40728 0 1897 33233 33233 40890 40814
17481 0 1897 256 256 8752 8680
40740 0 1897 35756 35756 40889 40814
4621 1 4620 3 2 6 2
14843 0 23268 11 11 188 184
12016 1 12015 2 2 3 3
19364 1 19363 4 2 2 2
40432 0 5164 171 170 1814 1805
34663 2 34482 519 519 211 211
4270 7 27605 582 543 1 1
4270 7 39989 47 9 1 1
24865 1 29189 2 2 3 2
10074 0 7611 261 261 263 253
30125 4 21696 227 226 59 59
5262 6 1060 630 628 365 365
4252 1 4251 2 2 5 2
22399 1 16355 1894 1894 1764 1759
40351 0 23777 342 342 2057 2057
28134 0 25797 1 1 1 1
36095 0 17496 9340 9340 16196 16195
40618 0 20146 10520 10520 39767 39766
11641 3 6465 14215 14210 254 254
17723 1 36872 4 3 2 2
40243 0 9712 761 761 351 347
31655 6 23676 56 53 3 3
7363 1 9383 3 2 7 2
927 1 19126 3 2 2 2
18550 1 11874 7 3 6 2
6872 1 17571 4 2 3 2
22182 1 3015 4 3 4 3
31726 0 2708 2 2 38 12
10510 1 31299 3 2 2 2
10510 1 11468 4 2 2 2
5637 0 14019 205 205 1049 1037
37295 0 5637 2275 2275 5361 5343
40651 0 14019 31689 31689 40810 40797
19127 0 32193 7145 7145 26390 26388
40619 0 17352 25917 25917 40923 40923
18931 1 7658 2 2 2 2
24917 1 24916 2 2 2 2
14958 0 8926 9822 9822 40325 40322
2199 0 12062 10 9 64 60
37781 4 33570 12 12 9 9
2638 1 13670 6 2 7 3
4988 6 37733 4083 4082 4754 4754
7538 0 2453 312 312 11534 11482
6470 0 2453 181 181 11701 11648
3450 0 2453 203 203 2594 2543
23404 1 36206 2 2 2 2
18078 1 18077 2 2 2 2
12966 4 7733 17 16 6 5
2725 6 35944 269 266 527 527
2725 6 38746 1113 1109 112 112
6374 1 6373 4 2 3 3
18028 4 23156 18 16 3 3
27874 1 9022 3 3 5 4
7520 0 6342 4 4 8 7
26885 1 36088 7 3 3 2
40337 0 3712 85 85 11333 11325
11866 0 2723 595 595 7695 7658
40672 0 2723 25914 25914 40809 40770
19663 5 5949 15 15 741 734
10405 4 39191 95 92 11 11
31833 0 2612 2893 2893 8965 8963
27749 0 2612 6923 6923 8961 8960
36563 6 10574 14 12 3 2
40621 0 17882 10704 10704 40513 40512
6572 1 34940 32 27 6 6
2450 1 6572 3 2 7 3
34940 1 6572 6 6 30 25
11303 0 16874 14 14 210 208
3894 6 39306 133 125 8 7
38351 1 38350 2 2 2 2
221 3 8712 3 2 7 3
8712 3 2533 6 3 4 2
40622 0 140 17138 17138 40860 40853
16189 1 10946 24 23 55 52
22380 1 29033 8 4 3 2
33769 1 969 2 2 2 2
21347 6 28199 425 425 503 503
5013 4 21215 24 23 7 7
40623 0 9319 11306 11306 40833 40831
9319 6 20165 11 7 7 6
22384 1 2522 3 2 6 2
30132 1 32978 2 2 2 2
28058 6 25609 43 37 13 12
4994 1 4993 2 2 3 2
515 0 2507 11 11 42 37
515 1 25909 3 2 3 2
2739 1 8642 7 3 2 2
8991 0 10772 20 20 1668 1658
1796 0 10772 55 55 1001 992
28422 0 10772 36 36 4951 4939
21206 0 10772 25 25 4134 4123
3799 0 507 6323 6323 25901 25884
3335 4 15150 2041 2037 89 89
28623 1 16535 2 2 3 2
2736 4 39631 64 18 4 4
30472 0 13465 195 195 8357 8356
33343 1 22 2 2 12 10
10950 1 13236 5 2 6 3
2967 1 2966 2 2 6 2
39937 0 7513 142 141 189 189
9419 1 9418 3 2 5 3
39013 1 36698 2 2 2 2
29610 1 10919 2 2 2 2
4538 3 20612 27905 27905 7236 7236
30780 0 35793 8880 8880 38514 38513
24724 0 8582 1827 1827 13322 13314
8582 3 31244 19702 19702 6150 6150
32853 1 1076 2 2 4 2
16397 1 1054 8 4 10 4
1054 1 16397 10 4 8 4
20574 1 20573 2 2 2 2
17492 1 25092 4 2 4 2
38372 5 9152 129 129 2909 2905
20274 0 9152 64 64 586 585
20264 1 24542 3 2 5 3
18955 0 7329 9 9 99 92
23987 0 4369 75 75 2218 2197
4369 0 3 4 4 49 36
2124 1 1068 5 2 9 7
33595 0 1068 2215 2215 25098 25081
5628 7 37755 106 74 4 3
5628 7 12647 33 2 2 1
3996 1 6728 3 2 6 4
40624 2 8477 558 558 40800 40781
40625 2 1565 1924 1924 40706 40689
36784 2 1565 55 54 372 356
2962 4 22234 221 191 13 13
2962 4 29412 116 87 3 3
6633 7 36193 1964 1954 3 3
40626 0 614 27102 27102 40849 40846
31835 1 5813 5 4 10 3
25903 0 9834 2000 2000 31473 31468
16418 0 8858 1752 1752 711 699
32204 1 21012 3 2 6 3
36815 4 18543 813 813 242 242
5960 1 5959 2 2 4 2
5959 1 20633 3 2 3 2
3186 0 19366 2 2 8 2
34490 0 19366 2 2 7 2
9285 4 3566 12 9 5 5
28491 0 21937 5345 5345 3019 3019
14560 0 3579 6352 6352 29432 29419
1548 0 13970 310 310 1428 1421
24781 0 9745 1414 1414 9355 9352
37605 1 10437 2 2 2 2
21783 4 36057 21 15 6 6
39777 0 28386 10 10 11 11
12874 0 25149 37 37 475 470
34886 0 19548 3145 3145 28091 28090
38549 0 3218 9589 9588 31604 31597
6806 0 3218 4 4 40 34
5707 1 9142 3 2 5 2
21471 0 21813 2 2 10 7
3766 8 8009 42 36 8 5
13145 1 9402 6 3 4 2
17843 0 28399 8855 8855 6012 6012
40627 0 1666 6682 6682 40748 40736
1666 0 8325 4 4 18 9
654 0 412 16 16 50 43
14956 2 12037 13532 13531 29830 29825
617 6 6774 17 3 6 4
9968 1 9967 3 3 2 2
27085 0 35359 4 4 4 4
1637 1 34420 6 4 3 2
5730 0 36803 8869 8869 36303 36301
838 6 32152 27 19 2 2
23103 0 3276 45 45 651 634
35721 0 3276 39 39 1135 1117
18987 1 3276 9 6 5 4
40629 0 36565 26192 26192 40885 40884
1164 6 6638 28 23 4 2
34239 9 18569 3 3 3 2
11837 4 28447 9 2 4 4
28130 0 12447 14521 14521 25876 25872
3649 1 31930 3 2 2 2
11584 0 5856 630 630 4775 4748
15608 0 11584 30 30 135 132
33433 0 9304 171 170 369 359
11509 6 13575 9 8 3 3
3459 1 18716 56 45 16 16
28208 1 3459 2 2 15 5
18716 1 3459 15 15 53 42
33370 4 36554 53 53 29 29
36554 4 19332 5 5 2 2
28158 1 24705 3 2 2 2
3450 1 13968 5 3 3 3
32129 0 885 8 8 235 228
23550 0 341 8 8 99 93
20836 1 23921 5 3 3 2
23921 1 19782 2 2 2 2
20335 0 25270 3217 3217 72 72
32163 4 27952 25 24 3 3
22393 0 1973 28 28 1029 973
40727 0 1973 26180 26180 40787 40730
25244 0 1945 9772 9772 33248 33226
33880 0 1945 13771 13770 38058 38035
24265 1 658 2 2 3 2
8592 1 8591 4 2 6 3
799 6 14682 526 508 263 262
799 6 23999 101 84 22 21
36839 0 32330 261 261 1394 1394
9877 9 17446 2 2 2 2
9284 6 40237 753 753 1267 1267
8440 0 10175 6 6 851 846
15799 6 17610 14 2 3 3
1955 1 12334 3 3 2 2
15612 1 33784 2 2 4 2
26154 6 29880 7 4 2 2
27300 1 30734 5 2 2 2
27525 0 3582 182 182 2062 2036
30440 0 27525 53 53 75 74
11629 1 3582 6 2 2 2
3325 0 31371 2551 2551 6143 6140
8222 0 5081 5 5 29 27
9760 1 9759 2 2 2 2
1709 1 2722 3 2 3 3
12888 6 33923 67 66 35 34
23634 0 4578 663 663 5739 5737
3258 9 23634 2 2 2 2
17187 1 13864 3 2 4 3
17187 1 11812 5 2 7 3
17187 1 6726 4 2 7 4
9561 4 39738 175 170 37 37
40630 0 4049 22871 22871 40911 40895
23531 0 4049 622 622 1497 1484
19 1 6484 10 2 5 2
19331 0 6850 12 11 96 72
27088 1 9828 2 2 2 2
35702 0 15222 73 73 99 97
20635 6 21042 94 92 8 8
22261 1 13269 2 2 4 2
22970 1 22969 5 2 2 2
18827 4 15294 227 227 26 26
9782 1 3951 2 2 3 3
35390 0 7258 11508 11508 15435 15435
36733 6 32656 45 45 90 90
38009 0 28740 36 36 916 915
26011 2 4090 169 167 465 435
36107 2 4090 4 3 52 23
33747 1 4090 2 2 2 2
36531 2 499 4 4 144 111
24281 1 11177 2 2 8 4
1223 7 34593 119 106 3 3
24757 1 2423 4 3 11 3
2423 1 2422 5 2 3 3
22776 1 9885 2 2 3 2
15285 1 9885 2 2 2 2
9885 1 28854 9 5 3 2
10713 4 34491 1655 1649 253 253
21164 0 1390 4584 4584 29158 29147
32940 0 30056 685 685 13371 13370
21775 0 25753 82 82 5571 5570
33648 1 6674 2 2 2 2
2761 0 4715 4 4 15 2
6696 0 4715 24 24 293 279
17030 9 4295 2 2 5 5
13412 0 21233 29 29 524 522
28826 1 6595 7 5 5 2
20832 1 11711 4 2 5 2
14280 1 11926 5 2 6 2
29160 1 15901 2 2 3 2
16032 6 33387 93 83 32 28
11676 0 14498 4 4 68 57
16565 2 11676 17 17 2215 2214
31288 6 28201 18 18 15 15
40631 0 12856 846 846 39631 39629
24723 1 5785 5 2 5 2
4523 1 5616 4 2 4 2
12257 3 13172 6 2 4 2
12257 3 535 5 2 5 4
26683 0 5772 5 5 57 25
336 1 17653 5 3 4 2
1046 7 15073 1844 1727 1 1
1046 7 30406 19935 19814 2 2
1046 7 27214 115 1 1 1
1046 7 33079 38162 38040 14 14
1046 7 5787 127 12 1 1
2624 1 19875 3 3 4 2
19876 1 19875 2 2 5 2
15802 0 7902 2401 2401 30326 30322
9265 0 3141 2 2 105 53
12722 0 3141 6 6 59 8
10103 0 3141 72 72 1803 1750
7145 5 1658 1 1 12 1
7145 0 1669 641 641 11290 11284
12738 5 1658 19 19 2577 2565
17951 0 1658 426 426 14298 14292
27703 9 34293 3 2 2 2
29800 4 28661 43 42 9 9
6381 1 190 5 2 2 2
859 9 12748 2 2 2 2
30017 1 859 3 2 3 3
18820 1 11268 19 16 5 4
1823 0 4690 8660 8660 1579 1579
21777 0 6768 8489 8489 9665 9664
6768 6 21336 13 11 5 4
40091 0 4569 2089 2089 19501 19484
14867 2 741 1 1 50 6
14867 4 4956 7 7 46 44
12851 2 741 1 1 48 5
20925 1 20924 4 2 3 3
1674 1 931 2 2 2 2
34244 0 32041 3 3 28 28
40632 0 7551 11457 11457 40735 40702
14712 0 7551 48 48 171 139
2716 1 35898 3 2 2 2
40633 0 13777 24935 24935 40912 40902
37358 1 31163 2 2 3 2
11679 7 23483 1098 1091 2 2
7229 4 27626 28 12 2 2
22653 0 16517 1258 1258 242 242
16217 0 5288 39 39 2879 2875
2278 6 26447 176 167 16 16
24890 4 33643 122 121 46 46
32433 0 15559 8893 8893 39799 39797
22947 3 32423 10080 10078 662 662
23487 9 11721 3 3 3 3
15940 1 23487 3 2 2 2
23487 0 13665 7 7 12 10
18752 1 299 4 2 4 2
18752 0 8047 51 51 650 643
15683 6 19775 3 1 2 1
39821 0 33635 645 645 764 762
12743 1 17790 3 2 6 2
40634 0 28094 22932 22932 40837 40832
2256 1 14167 2 2 2 2
18933 4 20525 168 165 9 9
17224 1 10004 3 2 5 3
37117 0 6089 6412 6412 22524 22513
3733 1 37117 2 2 3 2
2521 0 8501 457 457 9638 9633
16781 1 14407 9 5 4 2
14716 0 14407 611 611 5933 5931
8270 0 36693 1249 1249 539 538
6368 5 4264 3 1 5 1
35387 1 19174 2 2 4 2
13187 1 18773 5 2 3 2
10051 0 11733 243 243 63 56
26059 4 39209 62 61 4 4
11003 1 3102 3 2 3 2
10718 1 11003 4 3 5 2
11003 0 12665 1932 1932 9959 9958
3102 0 37135 10 10 6 5
18521 1 21925 2 2 2 2
8854 1 7411 4 3 3 2
16381 0 23939 48 48 357 357
451 0 1929 3 3 268 43
33456 0 1929 7 7 328 100
24694 0 1929 2 2 234 12
39387 0 1929 5 5 224 3
7613 1 12661 5 3 3 3
7197 1 15448 3 2 2 2
17662 1 15448 2 2 3 2
37672 0 16158 4629 4629 47 47
21547 1 21546 2 2 3 2
10702 1 23017 3 2 2 2
438 1 34948 4 3 2 2
18006 4 18624 166 166 10 10
9736 0 18836 9 9 703 701
26667 1 37019 3 3 2 2
2440 0 6281 12 12 624 616
26061 1 34300 3 2 2 2
7854 1 4665 4 2 3 2
4819 4 14283 11 9 4 4
38806 0 30214 2864 2864 39592 39592
8314 1 16121 4 2 4 2
39546 0 27758 18 17 44 39
19102 2 1216 17 16 18 16
29584 1 17589 5 3 4 3
23903 0 2218 7533 7533 24025 24017
10504 6 23689 284 278 124 123
21753 1 24319 3 3 2 2
27512 2 9554 466 466 37539 37537
33772 0 18060 6611 6611 22432 22431
40635 0 11401 17018 17018 40845 40837
37827 0 12143 1333 1333 30242 30239
10219 1 15914 3 2 7 4
40636 0 10144 6046 6046 40684 40678
25012 1 28395 3 3 2 2
10163 1 36165 2 2 3 2
13634 1 16425 4 2 2 2
10718 1 3101 5 3 4 2
32269 4 13378 7 6 3 3
132 6 7098 3381 3354 480 480
132 8 30058 34 7 4 3
24046 2 7098 9 9 610 608
34096 2 6504 6 5 9 6
16928 1 39641 2 2 2 2
10361 0 11019 63 62 188 187
31941 1 1800 1028 1028 1603 1601
1800 1 31941 1563 1561 1104 1104
15215 0 10045 3682 3682 3345 3345
13118 4 38898 2416 2410 115 115
32650 1 7755 3 2 5 3
12467 4 34649 7 2 6 6
9896 1 18285 2 2 2 2
7667 1 12425 2 2 5 2
13792 1 1506 7 5 4 3
27011 1 15878 5 2 3 2
29234 0 35329 8 8 14 14
7943 0 10653 2 2 33 27
17967 0 7943 5 5 22 17
27950 1 7080 2 2 3 2
32191 0 30183 2 2 2 2
8067 4 31485 447 447 454 454
40637 2 3638 4924 4924 40626 40623
3845 0 33389 5 5 36 29
34507 0 1864 141 140 180 180
1864 4 25736 277 196 21 21
1864 4 34970 244 164 15 15
9467 1 9580 3 2 3 2
13612 1 17386 2 2 2 2
13700 1 35600 4 2 2 2
4329 0 8286 20 20 563 559
32613 1 25386 2 2 3 2
5658 1 17587 3 2 7 3
5658 1 6582 4 2 12 4
39787 0 127 143 143 3105 3067
14136 0 127 7 7 717 680
13276 1 13275 2 2 3 2
40639 0 13366 18205 18205 40378 40378
13367 1 13366 3 2 2 2
40275 5 7288 10 10 377 363
1302 0 875 2320 2320 4423 4423
1302 1 25385 4 2 3 2
875 1 12410 3 2 3 2
4494 1 89 3 2 4 2
18990 0 89 1305 1305 12949 12932
40640 0 24053 36074 36074 40818 40817
18859 1 233 2 2 7 2
12436 0 233 2669 2669 11423 11423
7065 1 30772 4 2 2 2
934 0 7065 8 8 6 6
2370 4 38227 52 31 10 10
2370 4 36484 27 8 2 2
25146 1 23224 2 2 4 2
30650 5 5167 8 8 514 496
4399 0 17631 290 289 18 16
4487 1 23828 3 2 8 5
40641 0 6889 20467 20467 40725 40721
14877 0 673 54 54 113 94
11236 1 11235 2 2 3 2
18886 1 5777 2 2 3 3
23603 1 14746 116 114 43 42
38534 6 21834 3 3 4 4
29015 4 35243 367 367 166 166
5305 9 11107 2 2 2 2
1754 1 11107 9 4 6 5
4526 0 16078 32 32 639 626
33020 0 17455 17 17 12 7
11439 0 3779 11 11 1272 1219
11995 6 27315 657 647 61 61
4069 1 10264 4 2 4 2
16543 2 7941 6558 6558 39392 39391
30820 4 40098 36 36 7 7
7608 6 17250 86 86 4293 4293
34850 0 14755 181 181 42 40
29978 0 14755 165 165 18 17
1608 0 27044 5 5 15 12
21522 0 4706 6139 6139 34080 34080
21523 1 21522 2 2 3 2
18705 1 10129 3 2 4 2
4870 4 23128 131 113 12 12
7327 1 28238 2 2 2 2
34202 0 26992 97 97 439 439
36557 0 6350 20 20 65 59
35418 1 29484 2 2 2 2
7541 0 4367 68 68 1306 1279
11932 4 32067 538 524 168 168
10275 0 17996 12352 12352 29193 29190
39456 1 19704 3 3 3 2
18323 0 586 4046 4046 9355 9276
13562 0 586 8341 8341 19870 19790
4417 1 586 4 3 8 4
7278 1 586 3 3 12 5
27593 1 12739 2 2 3 3
12739 1 21738 5 3 4 2
12654 0 8574 3 3 9 8
9238 1 23492 3 2 2 2
31611 0 7155 1395 1395 3766 3760
7156 1 7155 5 4 2 2
7155 0 32985 20 20 1148 1146
16869 0 14047 7 7 31 28
2512 1 11785 2 2 2 2
11088 1 10937 4 3 3 2
28051 4 23671 163 163 39 39
20731 0 20684 515 515 1500 1499
4385 1 3236 2 2 2 2
9432 9 1667 4 3 3 2
9432 0 10503 25449 25449 17005 17005
40643 2 3999 6 6 40052 40016
40646 2 3999 5254 5254 40692 40653
40743 2 3999 7 7 40522 40485
40711 2 3999 4094 4094 40879 40839
40755 2 3999 349 349 40658 40620
12237 1 7953 5 3 5 2
25278 1 37411 2 2 3 2
408 4 23469 6 4 3 3
1148 0 17366 4930 4930 24138 24130
7956 0 627 6 6 10 10
9729 1 6968 3 3 9 2
24511 0 1344 15 15 388 388
27740 0 26327 3 3 36 31
7986 8 7255 38055 38049 1859 1859
7381 1 25502 3 2 2 2
2902 1 11262 9 3 5 3
9042 1 10887 4 2 7 3
9043 1 9042 5 3 4 2
6541 9 6540 3 3 4 4
40644 0 9111 3084 3084 40668 40662
26375 1 21045 2 2 3 2
1257 1 11847 2 2 3 2
19650 1 21679 3 2 2 2
4031 1 5234 9 2 3 2
40645 5 20085 5027 5027 40674 40673
12097 1 7899 4 2 6 2
12097 1 15381 3 2 2 2
15381 6 27596 9 7 28 27
3911 1 3910 2 2 2 2
6582 1 4443 11 4 8 4
16646 1 30805 6 2 6 4
37036 1 4229 3689 3689 18333 18329
12072 6 37740 126 123 16 16
2007 2 12273 1 1 68 21
11567 0 73 10 10 44 34
10875 0 11567 2077 2076 38447 38447
18947 5 73 160 160 11565 11508
40724 5 73 4123 4123 40809 40750
27976 1 38676 2 2 2 2
33023 4 28124 129 128 48 48
21030 1 8155 2 2 2 2
27238 5 13249 2 2 78 63
5870 1 5622 19 17 22 20
5622 1 5870 21 19 19 17
27901 0 19859 21 21 43 42
40662 0 19859 21468 21468 40713 40711
31613 0 29521 893 893 7896 7895
17378 0 6050 13 13 102 101
40155 5 4554 199 199 23262 23254
40527 0 7268 2796 2796 23262 23254
14066 1 11728 2 2 9 3
26527 1 20615 4 2 2 2
33593 9 20131 2 2 2 2
27280 1 21426 2 2 3 2
3040 1 17693 4 3 2 2
25658 0 485 4132 4132 6727 6726
18469 5 129 26 26 1148 1103
28264 2 19665 3 2 3 1
27241 5 5742 2 2 29 9
5026 0 25220 12 12 35 32
11821 0 23942 10 10 4 3
28145 0 21469 10398 10398 40513 40513
36421 0 23934 29189 29189 31681 31681
5784 1 37926 3 2 2 2
10931 6 4938 36 35 96 96
1857 6 34576 1621 1588 756 756
1857 8 29220 502 491 110 110
11116 1 11115 4 3 3 2
3144 1 34206 3 3 2 2
29262 1 30989 2 2 2 2
1904 0 13709 19 19 4066 4046
10949 1 12159 5 3 4 3
10852 1 10851 2 2 3 2
38604 0 9315 9550 9550 30660 30658
40648 0 20404 20863 20863 40736 40734
455 10 12842 2 2 3 3
5537 6 32458 2658 2658 3371 3370
3621 1 28895 15 3 2 2
4946 9 20388 3 3 2 2
37381 5 2404 3 3 376 313
18509 5 2404 38 38 7673 7609
34190 0 4417 37 37 359 355
7826 1 7825 2 2 2 2
7825 1 29516 3 2 2 2
10788 1 10787 2 2 2 2
13090 1 23239 3 2 6 3
21630 1 3350 4 2 3 2
40681 0 21630 26117 26117 40787 40786
40020 1 27893 2 2 2 2
192 0 3182 200 200 1378 1331
40659 0 3182 21766 21766 40798 40750
25380 1 34263 4 2 2 2
40649 0 16215 18281 18281 40817 40816
40446 1 23732 42 42 117 114
23732 1 40446 102 99 40 40
34086 6 5206 12 12 7 7
2858 0 20996 4 4 27 24
18116 0 20996 3 3 44 40
10925 1 12946 2 2 4 2
29210 0 28005 24 24 3433 3430
27124 0 25522 188 188 1728 1725
12679 0 25522 215 215 1828 1824
40650 0 7972 9317 9317 40602 40585
637 8 34610 539 516 99 99
8063 1 12534 6 2 2 2
18731 1 18730 2 2 2 2
20947 2 909 15 14 56 50
1431 4 36937 42 27 3 3
15092 4 39339 4897 4893 325 325
8626 1 17737 8 7 2 2
8142 0 267 4 4 56 34
13601 0 267 38 38 1431 1408
4749 1 3012 4 2 5 2
34451 0 4286 19 19 467 459
19033 0 4286 46 46 786 777
4562 1 2073 5 2 6 2
2073 0 12505 9 9 36 29
31431 0 724 2029 2029 30047 30029
38103 0 724 4756 4756 28754 28737
40654 0 724 27525 27525 40895 40875
16201 1 29447 3 2 3 3
5631 1 37242 2 2 2 2
8758 0 904 11454 11454 35966 35953
4273 0 20274 27 27 6 5
7509 1 28460 2 2 2 2
24248 1 26008 1350 1350 2020 2018
16580 0 4596 9334 9334 35764 35691
31450 0 4596 1403 1403 18716 18644
26018 2 7003 1549 1549 7408 7407
27767 0 33139 22 21 3 3
11803 1 3063 7 3 4 2
40671 0 11803 15012 15012 40836 40835
8515 0 9557 2 2 68 48
30217 4 31100 235 228 24 24
149 0 8325 54 54 828 818
16886 0 8325 10769 10769 31433 31422
6021 3 6419 6977 6977 3852 3852
8937 1 15399 4 2 5 3
15399 0 15413 18 17 10 9
16850 0 2816 13 13 474 463
1495 1 1496 4 2 2 2
22266 1 13419 4 2 2 2
4036 6 25770 3 1 2 1
9661 1 35820 8 2 2 2
33793 5 226 526 526 19989 19979
7617 0 3106 52 52 20 20
25454 0 8768 18110 18110 40377 40377
40652 0 19798 36898 36898 40833 40831
12951 1 6835 4 2 5 3
13042 1 35270 2 2 2 2
22965 1 29226 4 3 2 2
27680 4 33739 7 6 3 3
1899 1 12199 4 2 2 2
28178 1 1166 3 2 3 2
7900 0 1166 880 880 8212 8202
23262 6 32818 44 43 13 13
5593 6 11394 37378 37375 10126 10126
8267 1 5593 2 2 2 2
3044 1 2035 9 2 6 3
3044 1 16109 8 2 4 3
21419 4 26177 17 16 3 3
21419 4 31110 743 741 60 60
13244 1 13243 3 2 2 2
29344 0 8327 158 158 12457 12447
33450 4 37712 237 237 218 218
35194 4 34100 170 168 258 258
40655 0 9708 1142 1142 39822 39813
11987 1 24184 3 2 4 3
40067 0 28616 23293 23293 19692 19692
11962 0 5446 1 1 18 1
40656 0 23923 16421 16421 40784 40782
17906 1 39780 2 2 2 2
12010 0 12867 9 9 31 31
27741 0 9592 1809 1809 8282 8272
31815 0 20618 71 71 138 137
36783 1 30240 2 2 2 2
18655 0 7908 1123 1123 1057 1055
6243 1 7908 12 11 22 15
24740 1 21889 3 3 2 2
4775 1 10634 2 2 3 2
25665 0 1971 4789 4789 3250 3239
1669 3 13851 221 216 108 108
2025 6 7292 798 796 600 600
14912 1 32715 3 2 3 3
12038 0 38396 1399 1399 8549 8549
35926 5 7786 5793 5793 29675 29655
825 4 18445 28 17 2 2
40657 2 26386 13109 13109 40828 40828
20788 1 2698 6 3 5 2
11974 1 28533 4 2 3 2
40658 0 20524 29780 29780 40885 40883
30364 0 7177 2502 2502 35379 35373
17270 0 3160 14 14 165 149
29793 0 3160 1132 1132 22784 22767
23134 2 3167 437 436 2028 2006
11450 0 3167 17 17 229 218
12666 8 16098 4919 4911 46 46
12666 8 36039 33112 33103 334 334
31571 0 30708 160 160 2891 2889
5912 1 2368 4 2 7 4
31386 1 8649 2 2 2 2
982 1 215 4 2 6 2
33373 0 6364 54 54 1344 1340
13857 6 25567 4241 4241 8637 8637
13500 0 351 3 3 134 10
22904 0 351 3 3 157 32
28665 0 351 2 2 122 2
40717 0 351 38658 38658 40847 40721
18938 0 5892 12 12 27 20
16099 1 26369 3 2 2 2
2721 9 2720 2 2 2 2
24582 0 15825 3559 3559 3693 3688
32819 1 28176 2 2 3 2
36852 4 37506 67 67 48 48
2214 0 15911 3814 3814 16811 16811
4259 1 4258 2 2 2 2
257 1 24309 3 2 2 2
4917 0 9090 6 6 18 17
9090 1 14439 3 2 5 2
20691 0 1251 9 9 28 24
27447 1 14144 2 2 3 2
40664 0 2231 10544 10544 40628 40599
16037 0 2231 20 20 725 697
13008 1 27465 4 2 3 2
11452 0 25129 290 290 2232 2228
231 0 1467 24941 24941 27551 27508
3531 0 28084 36345 36345 11032 11031
3531 1 4181 3 2 5 4
6594 1 4528 2 2 4 3
19437 0 14525 13462 13462 19440 19405
8031 0 14791 11 11 133 122
31367 1 1787 2 2 2 2
9853 1 760 6 2 3 2
27431 0 39165 32248 32248 20689 20689
36977 0 5846 3 3 34 5
3013 0 40092 21 20 17 16
2724 4 36323 99 69 7 7
7159 4 9738 58 56 12 12
38226 0 6849 8 7 13 8
4087 3 16968 4 2 4 2
4087 3 4129 7 2 6 2
31274 1 31273 2 2 2 2
5582 1 25676 2 2 2 2
25982 1 16758 2 2 3 2
16758 1 25203 5 2 3 2
1131 4 12184 73 24 2 2
22246 0 24779 3410 3410 10622 10620
15361 6 28949 3 3 4 3
36223 0 8406 1380 1380 30774 30764
1772 8 35641 504 504 27 27
1772 8 37471 1116 1115 301 301
8336 2 1773 1 1 42 5
19749 1 22236 2 2 2 2
36152 0 33158 78 78 481 480
9803 4 33158 155 152 11 11
31178 6 27506 24 22 6 5
19480 0 22889 3 3 3 3
1803 1 3108 10 3 6 3
3108 0 30670 66 66 68 66
23633 1 27801 3 2 3 2
10997 5 6030 10 10 127 125
10997 1 30683 3 2 2 2
4151 6 35893 15 6 4 4
21421 3 7727 3 2 4 3
8947 4 25382 129 127 26 26
28887 1 2749 3 2 3 2
30602 0 7963 214 214 8538 8533
28803 1 7236 2 2 2 2
17376 6 18797 13 1 1 1
18797 6 7347 84 80 93 93
4486 1 6243 8 3 2 2
38461 0 30319 777 776 1214 1210
10089 1 7989 2 2 7 2
12058 1 2312 3 3 13 4
8268 1 5633 3 2 3 2
40666 0 16421 81 81 31152 31152
18179 9 5219 2 2 2 2
10733 1 1830 8 2 5 2
433 1 15766 2 2 2 2
30942 1 704 2 2 2 2
11977 0 6276 1016 1016 11058 11052
40667 0 25385 10475 10475 40625 40621
17801 0 24596 86 86 85 84
36884 0 4188 1283 1282 10644 10644
10301 0 9082 30 30 189 187
15234 6 20190 99 99 44 41
31040 1 34714 3 2 3 2
23336 0 36235 10958 10958 17417 17417
33510 1 34163 2 2 2 2
14971 1 14960 2 2 3 3
17273 0 4918 970 970 2341 2340
30507 0 542 6 6 32 20
30659 0 542 11 11 604 590
21349 4 34315 260 260 102 102
7012 1 7012 1 1 1 1
6351 0 5112 9 9 15 14
29074 1 29073 2 2 2 2
21454 1 39437 2 2 2 2
4178 6 21454 223 222 147 147
33809 1 29402 2 2 4 3
24898 0 7415 72 72 641 621
808 1 807 2 2 2 2
22710 0 22555 16235 16235 26985 26984
10110 1 18587 3 2 4 2
18587 0 20875 1316 1316 11137 11129
16329 1 3909 5 2 3 2
1432 4 8490 21 6 2 2
16905 1 10533 3 2 2 2
9956 1 2505 3 3 3 2
22993 1 6303 4 2 3 2
17529 1 8542 5 3 6 2
18744 0 6242 4 4 20 15
40668 0 881 25686 25686 40764 40760
23982 1 23981 2 2 2 2
40669 0 14189 22337 22337 40827 40825
5759 1 26443 2 2 2 2
24585 2 10398 13 13 750 725
14448 1 10398 3 2 4 3
28412 0 37012 31258 31258 38417 38416
6886 1 32873 4 3 3 2
9765 0 19420 34 34 19 18
1752 1 9904 2 2 4 3
20473 1 13402 3 2 4 2
39769 1 25538 2 2 7 7
25538 1 39769 7 7 2 2
21180 6 11296 3 2 3 2
4128 1 25065 7 7 2 2
40670 0 14798 1773 1773 40574 40572
40670 6 40706 39567 39567 40552 40552
6066 0 11939 171 171 6172 6163
24884 4 6439 38 38 21 21
26927 1 4813 4 2 6 4
12620 6 33079 19959 19959 15565 15565
23142 1 23141 3 2 2 2
2112 1 15204 3 2 3 2
31063 4 40391 4 4 6 6
23817 1 38036 2 2 2 2
35101 0 20547 116 116 489 487
34252 0 7906 1394 1394 2730 2729
6576 6 15513 372 372 548 547
2696 1 307 4 2 4 3
2831 0 2696 14 14 31 20
1570 1 15541 5 2 5 2
2232 0 35643 17183 17183 17713 17713
4771 4 1369 246 192 49 49
4771 4 10898 241 188 9 9
25079 0 1369 262 262 4231 4229
19764 0 29317 4511 4511 1708 1707
30894 0 2657 7 7 27 21
30894 1 30893 2 2 2 2
35465 2 9450 11 11 302 292
27198 0 19507 4 4 9 3
9577 1 18755 3 2 4 2
9577 1 2300 2 2 6 2
6591 1 15671 2 2 3 2
40674 0 19768 28231 28231 40879 40878
2835 1 10762 4 2 3 2
40036 0 8241 178 178 959 959
15566 4 17079 29 24 8 8
38115 1 37110 2 2 2 2
35182 1 26668 2 2 3 2
8887 0 10579 177 177 114 113
39995 0 13740 19 19 101 97
5336 1 2296 4 3 2 2
1528 1 2296 4 2 3 2
34557 0 26 8266 8266 36129 36127
12745 1 18647 10 8 3 3
7997 1 15740 3 2 4 3
7489 6 25346 733 727 504 504
22264 0 6890 11 11 10 9
21341 1 26384 3 2 3 2
130 5 1981 296 296 26349 26294
18980 1 21881 4 2 4 2
18980 1 12859 6 2 3 2
40438 4 2459 339 338 210 210
2459 0 22692 15 15 62 61
32399 6 35294 293 293 77 77
16433 0 15675 399 399 412 410
18645 1 19846 23443 23442 35402 35400
1831 1 13620 2 2 2 2
27640 0 35564 822 822 13 13
28049 2 12715 119 119 2223 2207
34427 0 119 99 99 756 719
38238 0 119 5 4 43 7
14129 1 14128 2 2 2 2
16455 0 30527 224 224 85 83
22880 0 2807 294 294 6843 6839
5517 1 8571 2 2 3 2
31628 0 6776 288 288 5132 5122
14732 0 6776 4 4 32 24
1395 1 10603 5 2 3 3
26249 1 1851 2 2 3 2
21189 1 25948 5 2 3 2
30647 0 1326 22 22 2277 2262
10370 0 1326 1326 1326 4138 4122
25930 4 10103 409 403 2 2
39271 2 916 2 1 342 198
39473 2 916 23 23 1962 1815
33293 2 916 2 1 386 240
13451 2 25375 2 2 41 39
1346 1 6170 6 3 7 3
2261 4 14320 114 97 48 48
1705 6 39241 31 24 3 3
858 4 23688 11 10 8 8
11337 0 13858 4671 4671 10342 10336
36322 0 427 5 5 209 138
28974 0 4885 13 13 266 256
23365 6 15758 28 28 33 33
11547 1 11546 2 2 2 2
32755 0 697 2 2 7 2
7568 1 7567 3 3 2 2
21710 0 5678 2 2 9 5
33405 0 5891 11 11 14 11
19993 6 40676 40936 40933 33684 33684
8878 1 6111 3 3 6 2
11299 0 8050 4452 4452 22547 22543
6501 1 6500 2 2 2 2
9095 0 6138 126 126 2296 2282
29324 0 5429 27 27 39 39
28608 4 27634 819 819 348 348
25947 1 30204 3 2 6 2
8835 6 24716 1342 1333 224 224
31000 4 5709 185 182 34 34
14357 0 30076 385 385 239 239
15636 1 14742 4 3 5 3
8343 1 5855 3 2 4 2
13930 0 14302 6 5 10 5
6188 4 19609 74 57 2 2
30806 1 21229 2 2 3 2
21465 1 2680 2 2 4 2
5567 0 3263 701 701 2341 2331
1114 0 3263 1103 1103 11076 11065
15163 1 28250 4 2 5 5
24491 0 21806 8 8 8 8
13957 0 21517 175 175 334 333
26206 0 1852 17144 17144 31050 31000
31320 0 1852 13 13 704 656
35402 0 1852 18785 18785 35966 35915
17351 0 1852 860 860 9590 9541
12201 4 35651 78 73 12 12
26615 1 23283 2 2 3 2
38530 0 8201 5612 5612 40385 40371
26273 0 19179 8 8 3 3
31727 0 26208 14 14 11 10
14610 4 22269 116 114 32 32
6596 1 29722 3 2 2 2
35251 4 10622 191 191 426 426
33036 1 22694 3 2 3 2
9486 3 22694 1366 1361 1078 1078
7279 1 30681 9 5 13 10
30681 1 7279 13 10 9 5
35732 0 7738 7 6 7 6
6160 1 6159 3 2 2 2
40678 0 38900 34891 34891 40869 40869
12283 1 12051 4 2 3 2
20982 0 18646 11 11 7 5
9855 6 9449 633 608 51 50
8464 1 26186 4 2 2 2
36328 0 27331 123 123 12 6
28307 1 1781 2 2 3 2
22552 0 40034 603 603 4161 4161
40679 0 762 6076 6076 40767 40764
40680 0 38335 40277 40277 40385 40385
8103 1 9200 4 2 3 3
22832 5 2978 4 4 97 29
14475 5 2978 16 16 1318 1248
30111 0 9494 17 17 25 15
29085 1 18188 3 2 2 2
16374 0 151 1604 1604 9250 9243
40682 0 8093 24496 24496 40694 40666
7574 4 40009 169 167 57 57
40683 0 17911 32225 32225 40921 40918
7705 4 24544 47 41 12 12
31888 0 115 2373 2373 29651 29634
115 1 10641 9 3 5 4
9351 1 17202 3 2 5 2
728 1 727 7 3 4 3
31869 5 18855 1068 1068 16282 16269
38772 5 18855 6 5 22 10
33573 1 10115 2 2 3 2
6813 1 5176 4 2 7 5
30270 1 25946 2 2 4 3
23870 1 10884 4 2 4 3
40110 4 30283 7 7 10 10
39171 0 8786 18 18 355 351
13098 1 17229 9 3 3 2
9972 0 7945 35 35 753 731
2006 0 13976 2597 2597 6315 6313
21615 1 20726 4 2 2 2
35582 4 39566 864 864 703 703
14559 1 1815 6 5 4 2
35120 4 2143 28 25 11 11
15991 1 12504 2 2 5 2
6429 1 22011 2 2 2 2
5547 0 10707 2 2 33 9
11434 0 10707 4 4 65 40
8030 1 4592 6 3 3 2
19180 0 7178 154 154 37 35
20863 1 24708 2 2 2 2
32763 0 11178 7 7 14 14
20883 2 3869 1 1 46 17
35373 2 3869 2 2 59 29
20259 1 28121 2 2 2 2
1015 1 24451 4 3 3 2
3316 2 13606 23 22 46 42
24587 2 13606 54 51 40 37
36313 1 28400 2 2 2 2
4016 1 4015 2 2 2 2
6051 1 9303 3 2 7 4
22179 0 25743 9723 9723 32303 32300
37112 0 3027 9753 9753 30158 30105
16612 0 3027 135 135 2238 2187
23303 0 3027 642 642 9417 9365
40685 0 14898 38244 38244 40889 40870
3073 1 5623 3 2 2 2
40686 0 15810 19267 19267 40605 40605
30554 1 16575 2 2 3 3
5024 1 5023 3 3 2 2
5023 1 14075 3 2 2 2
10386 0 32386 16 16 7 7
7372 1 7371 3 2 2 2
5715 1 7372 4 2 2 2
29949 1 15424 2 2 3 2
5878 6 40688 40732 40732 13301 13301
4191 5 15351 104 104 1331 1325
2940 1 4191 5 2 6 3
25827 1 12437 2 2 2 2
1272 3 28165 9512 9512 11244 11244
14132 0 1272 232 232 10462 10444
4011 1 4010 3 2 4 3
4845 1 28045 6 4 3 2
5366 1 30121 4 3 2 2
4481 0 726 30618 30618 38022 38020
40457 0 20078 2 2 5 3
30688 0 343 114 114 645 644
18211 1 9926 2 2 4 2
2626 1 38942 136 133 31 31
40689 0 5724 25782 25782 40889 40885
37366 5 7581 7 7 233 218
11382 1 32851 8 7 4 4
5088 1 16447 3 2 2 2
17053 4 35164 12 11 4 4
31043 0 2411 2 2 16 2
14198 9 19677 3 3 4 2
16831 1 10331 4 2 14 9
21138 1 1713 4 3 3 2
3171 1 5790 3 2 2 2
21991 1 8254 3 2 3 2
35908 0 25798 39 38 23 20
12857 1 5476 6 2 6 2
35252 0 17711 8106 8106 7418 7415
28389 0 14982 16 16 259 248
31024 4 31588 26 21 9 9
9654 1 29009 6 2 2 2
4563 1 25251 2 2 2 2
18116 4 20686 11 4 6 6
16060 0 3587 380 380 17441 17439
3587 4 8188 26 21 4 4
27481 1 2605 5 2 3 3
15624 0 36918 14970 14970 31264 31261
1577 1 15781 12 3 2 2
15666 1 17997 4 2 2 2
28302 4 39471 70 68 31 31
33415 5 5247 671 671 30062 30055
3684 6 39371 707 679 546 546
25710 1 27965 4 2 3 2
7053 1 421 4 2 3 3
40691 0 15594 34258 34258 40866 40866
32417 0 5874 2 2 26 15
11643 1 2947 3 3 3 2
10227 0 3024 2745 2745 15317 15314
27766 1 28521 3 2 2 2
38480 1 3659 2 2 2 2
9606 4 26316 7649 7649 19106 19106
29309 4 40692 40521 40521 5205 5205
14773 1 27094 3 3 4 2
22485 1 22609 5 3 2 2
30461 1 30460 2 2 2 2
12623 6 21249 28555 28553 14575 14575
26639 1 20503 2 2 3 2
33655 1 17423 2 2 2 2
19226 0 11808 17 17 139 133
26110 0 11232 6 6 166 161
40694 2 593 958 958 40793 40766
21150 0 15854 63 63 424 405
28268 0 11999 186 186 3964 3956
17580 0 904 33 33 207 196
40695 0 14893 21335 21335 40678 40674
34842 4 40695 40778 40778 26526 26526
14185 1 14184 3 3 3 2
8884 1 14612 11 3 4 2
16510 1 200 3 2 4 2
15432 1 18001 2 2 3 2
32997 1 13791 2 2 2 2
303 0 17950 39927 39927 18384 18384
33519 0 27346 15 15 22 22
15824 1 15823 2 2 3 2
14165 0 3327 114 114 2115 2113
14338 1 7944 3 2 5 3
37789 0 249 40 40 1266 1221
35878 0 20973 343 343 187 184
4738 4 12512 691 691 679 679
35985 0 8123 38 38 679 672
5272 0 10613 3 3 34 24
40696 0 8840 24489 24489 40905 40897
16619 1 25469 3 2 3 3
3348 5 666 1 1 28 1
2132 1 13176 3 2 4 2
34276 0 2321 16 16 43 43
19794 1 2321 3 2 5 2
9342 1 14083 5 2 3 2
30825 0 38668 10 10 19 18
6424 6 12616 12 4 15 15
21004 0 4962 21321 21321 40166 40140
22132 0 4962 97 97 6660 6635
40697 0 11827 27958 27958 40791 40789
30574 4 31725 276 275 258 258
12558 4 21580 9 6 2 2
37995 5 5095 2 2 8 5
24376 1 9395 4 2 4 3
39499 4 35831 307 307 137 137
11463 0 14752 53 53 515 502
33818 0 14752 7 7 121 109
22715 4 4266 2487 2487 179 179
12505 0 4123 12 12 182 148
33279 0 5569 15 15 30 30
9991 0 34008 159 159 76 76
4175 4 38868 8 2 2 2
35323 0 27596 825 825 23270 23266
631 1 24226 6 3 5 3
14963 1 13720 3 3 12 6
17000 1 13720 5 3 4 3
39297 0 2168 21 21 185 177
16002 1 2168 4 2 3 2
29934 4 38843 528 528 126 126
33092 1 31136 2 2 3 2
27031 1 13986 3 2 4 3
35263 0 1655 12252 12252 23013 23012
2450 0 4469 3 3 29 16
1578 1 40178 39478 39476 23759 23759
26605 6 3123 4 4 136 114
11250 0 7751 93 93 1495 1484
20723 1 6065 5 2 13 9
12012 4 26621 389 384 130 130
20541 1 6096 3 3 5 2
10408 1 6096 3 2 4 2
33794 1 19512 2 2 4 3
13633 0 19626 4 4 9 9
1586 0 13633 3013 3013 6212 6210
24020 1 24180 2 2 4 3
20628 0 13346 889 888 8021 8012
40698 0 2446 8940 8940 40799 40794
21278 1 21277 6 6 2 2
25474 4 40699 40939 40938 37330 37330
19291 0 8918 347 347 1518 1514
31396 0 14136 5 5 227 218
28894 1 584 11 11 57 55
8779 1 8778 2 2 2 2
29462 1 21665 4 2 3 2
8023 1 11230 4 3 4 2
20159 4 19474 518 516 124 124
21179 1 22813 6 3 3 3
35310 0 20208 1390 1390 10641 10632
9322 1 30070 3 2 4 2
10417 1 2419 3 2 3 2
22334 0 18443 7549 7548 10855 10854
14787 0 3443 74 74 5293 5281
16795 0 14750 153 153 2884 2874
40701 0 16348 19623 19623 40864 40863
40702 0 33675 16587 16587 40750 40749
6409 0 21362 121 121 905 901
623 1 17904 2 2 2 2
17904 1 2054 2643 2642 1650 1650
9574 1 9573 2 2 2 2
15060 1 20539 3 2 3 2
6048 0 5381 8 8 46 36
23163 0 30710 144 144 175 174
29611 1 5237 4 2 3 2
1028 0 8309 18 18 69 64
23172 1 8309 2 2 6 2
14353 1 19003 4 2 8 4
22019 0 2903 8 8 22 11
20023 0 1165 16 15 134 131
34338 0 36445 2109 2109 1606 1605
5001 0 17736 4489 4489 12175 12175
36419 1 3674 2 2 4 2
11263 1 23301 5 3 2 2
29082 0 26351 123 123 7756 7751
21660 1 26299 2 2 2 2
39966 0 18719 74 74 1634 1630
18720 1 18719 2 2 2 2
2930 6 272 13 5 4 2
3518 4 27027 76 61 9 9
36416 1 20761 15015 15015 25705 25703
20761 1 36416 25707 25705 15116 15116
33109 0 24935 20 20 46 45
6793 1 10304 2 2 2 2
40704 0 6614 31965 31965 40917 40892
40751 0 6614 18479 18479 40703 40679
16139 0 4350 1711 1711 22897 22892
21940 1 23937 2 2 2 2
19960 0 16266 364 364 3014 2992
1845 1 8269 3 2 3 2
232 0 2648 10 10 13 10
232 6 17789 221 215 32 32
34270 0 18015 30358 30358 28930 28930
24712 1 7631 2 2 2 2
3631 0 37202 772 772 4798 4797
18106 4 23302 807 807 1329 1329
3465 3 3464 4 2 4 2
9643 1 9642 4 2 4 3
34133 1 9643 2 2 2 2
670 1 2513 2 2 5 2
37205 0 39503 3989 3989 1276 1276
28259 0 36836 11757 11757 19099 19099
20126 1 16918 4 2 7 3
40272 0 692 15 15 2450 2426
17173 1 12824 3 2 2 2
7115 1 24859 2 2 3 2
11393 0 1590 2634 2634 23917 23893
37412 0 7056 4341 4341 15951 15936
36021 1 20995 2 2 3 2
10424 1 10423 4 4 4 2
33501 1 10423 3 2 2 2
29780 6 3760 14 13 11 11
7736 1 25350 2 2 3 2
12655 1 815 9 4 7 4
31370 1 144 3 2 3 2
1978 0 3730 6 6 5 4
32261 0 11924 195 195 10249 10249
8487 1 9673 6 3 8 5
33428 0 37409 7273 7272 11912 11912
23396 4 40705 40857 40856 36859 36859
29953 1 14896 3 3 4 2
14276 1 38742 2 2 2 2
7473 0 19431 6 6 5 5
5693 1 7319 2 2 4 2
22815 1 22814 2 2 2 2
34547 0 3323 5114 5114 28120 28111
4061 1 5748 3 2 5 3
20917 0 2366 7 7 14 14
7818 4 6043 41 23 2 2
6955 1 1022 5 3 2 2
7183 1 7182 3 2 3 3
12394 4 39269 175 174 66 66
27586 1 5584 2 2 3 2
18452 4 28455 216 216 50 50
4573 1 32597 2 2 2 2
15943 0 16708 18 18 677 672
8780 4 40707 40879 40879 39986 39986
40707 0 6292 10948 10948 40600 40590
27923 4 37614 3675 3675 6536 6536
26268 4 38287 309 308 75 75
28859 0 2729 294 294 8308 8304
23556 0 15588 1181 1181 4449 4449
844 1 6913 5 2 3 2
3714 3 3713 4 2 4 2
40708 0 33878 10426 10426 40469 40467
3153 1 37241 3 3 3 3
17086 1 12044 2 2 2 2
30713 0 4685 10 10 7 5
40709 0 1639 19248 19248 40834 40826
38976 0 16196 4 4 25 24
26147 0 11192 4 4 214 199
19874 0 11192 3 3 2873 2857
37730 0 19526 3 3 13 11
39748 1 19526 2 2 2 2
10389 4 6632 262 260 112 112
27700 1 2941 3 2 3 2
32864 0 15383 115 115 863 862
7665 4 35503 36 32 9 9
25037 0 18558 6175 6175 15932 15932
37968 1 6086 148 148 58 58
6703 0 23635 1974 1974 14473 14473
38553 0 1373 37 37 161 160
22107 6 36069 25 17 3 2
11759 6 5497 20 9 4 4
466 6 30194 19 10 2 2
7675 1 17823 7 3 4 3
17457 1 2429 5 2 7 3
37969 0 15954 3 3 6 4
4042 6 39726 510 507 517 517
19544 3 34567 2 2 2 2
31729 1 3925 2 2 4 3
40714 0 39507 24116 24116 40703 40703
13043 2 3943 1 1 33 3
39320 5 3785 454 454 11761 11744
5403 0 4108 9830 9829 27490 27488
31478 0 40396 19597 19597 20796 20794
40715 0 1096 3721 3721 40704 40694
2298 4 26266 6 2 2 2
40716 2 475 134 134 40728 40658
40733 2 475 757 757 40736 40665
25107 0 30236 25580 25580 19962 19961
10318 4 6623 96 92 4 4
21098 1 21097 2 2 2 2
34757 4 36292 235 233 114 114
19146 6 27617 4 4 3 2
27617 6 21541 35603 35602 21408 21408
14760 4 27348 56 55 34 34
10785 1 16980 3 2 5 3
1004 0 1686 82 82 2262 2255
13693 1 30628 3 2 4 2
31488 0 7029 3039 3039 31068 31065
16602 0 35398 3 3 7 5
7891 6 22902 131 127 10 10
5150 2 2183 1 1 38 8
21014 4 39330 42 42 39 39
16843 0 9525 6 6 23 20
30301 1 6458 2 2 3 2
5932 1 19763 9 4 2 2
34016 0 13638 631 631 5845 5845
14792 6 38688 36810 36810 5028 5028
11527 1 2829 5 3 3 2
13560 3 17390 6 3 3 2
40719 0 25292 28032 28032 40827 40825
11686 1 38080 7 2 2 2
15813 1 17303 3 3 3 2
40720 0 23562 5261 5261 40338 40332
19157 1 25047 2 2 2 2
11385 6 39678 253 247 40 40
4598 1 20481 4 2 4 2
26627 1 1342 2 2 3 3
14695 1 32594 2 2 2 2
31643 0 31691 53 53 1109 1108
16937 1 1926 3 2 3 2
40258 5 3918 178 178 20768 20751
33104 0 26721 7 6 3 3
27613 1 9676 4 2 4 2
6220 1 1968 2 2 3 2
26510 0 2560 634 634 5445 5436
19107 0 2131 76 76 193 191
1756 0 28697 11 11 12 12
12466 4 10233 89 68 2 2
28212 0 14013 9 9 58 52
34431 4 11843 216 215 39 39
3493 1 22156 7 3 3 2
40721 0 716 14430 14430 40832 40793
29284 0 1288 2166 2166 23140 23116
7360 1 28378 2 2 2 2
767 0 17590 25 25 479 472
6412 1 5869 5 3 5 2
15973 1 13531 3 2 3 2
35747 2 24388 4975 4975 2714 2714
25937 5 17856 29 29 1628 1620
14618 1 12003 5 4 2 2
35356 6 34036 1075 1075 5739 5739
1617 1 1616 3 2 4 3
1616 1 8901 3 3 2 2
17153 4 23170 25 25 16 16
24509 1 3374 2 2 5 2
31535 0 7656 9599 9599 36944 36928
37264 0 6538 2 2 8 4
20946 0 6538 691 691 3322 3317
2893 1 11706 10 4 5 3
40722 0 28479 23778 23778 40814 40814
14723 1 19646 4 3 3 2
39290 4 23003 65 65 46 46
9441 1 1130 7 4 4 3
37823 0 4500 3556 3556 3400 3398
37109 0 38181 2677 2677 13461 13460
31981 4 38538 427 426 606 606
29529 1 32020 2 2 3 2
32020 1 15386 2 2 3 2
2228 1 13955 6 3 5 3
17896 4 37233 17 16 3 3
29893 4 38282 43 42 13 13
38316 0 23713 7 7 293 292
25374 0 17209 932 932 95 93
11080 0 12720 53 53 315 305
32958 1 4855 3 2 6 2
1278 0 34927 178 178 286 284
37041 0 26960 3363 3363 21902 21900
3705 1 3704 5 2 2 2
30370 5 12413 2 1 4 1
13830 1 35079 8 3 2 2
35283 0 30108 12591 12591 8306 8305
5914 0 16686 298 298 58 56
14389 1 3261 3 2 2 2
21961 1 1473 3 2 3 2
13380 0 19861 33 33 35 31
7110 0 11813 12685 12685 13813 13810
11813 1 1114 9 2 3 3
23228 1 34145 2 2 2 2
2147 0 3510 1425 1425 7204 7202
35350 4 39634 300 300 174 174
35857 1 7386 3 2 4 2
6371 6 37307 1134 1130 298 298
18800 0 13840 145 145 2120 2116
5481 1 6581 4 2 8 3
14376 6 28764 4507 4504 172 172
13409 1 18792 6 5 3 2
1232 1 5716 6 2 4 2
5716 0 4961 2 2 31 25
10095 5 241 196 196 6808 6803
30274 0 27395 35961 35961 36118 36118
4092 1 3142 3 2 5 2
38217 0 998 20157 20157 33692 33689
16820 4 37663 7 1 2 2
15209 1 21887 4 3 2 2
26585 0 6289 24 24 30 26
26965 5 4450 2 2 6 1
1009 1 11417 5 2 2 2
16697 4 70 13 9 8 8
27038 0 732 19 19 306 303
17663 4 23020 119 116 8 8
7732 1 35326 3 2 2 2
19563 0 10026 3 3 15 8
2356 0 3805 8859 8859 33868 33862
23441 0 34078 240 240 8306 8305
37070 0 27913 18945 18945 22595 22595
3289 6 38527 163 147 16 16
2980 1 2979 2 2 2 2
30536 0 5049 926 926 5762 5758
16915 1 26031 2 2 4 2
19167 1 19166 3 2 2 2
8110 9 4565 3 3 2 2
25148 1 16759 2 2 6 4
9665 0 14373 126 126 170 169
30114 1 33583 31442 31442 4700 4700
33583 1 30114 4918 4918 31926 31926
10388 4 3586 112 105 3 3
27188 3 20283 3 2 2 2
24932 1 6602 3 2 5 3
35150 1 33029 2 2 3 2
10137 4 11961 234 231 70 70
4469 0 10488 3 3 65 59
18360 9 1757 2 2 3 3
27706 1 36948 6443 6442 1943 1943
19784 2 14738 16828 16828 20685 20685
4426 2 4633 1 1 2 1
1167 6 4633 135 124 5 5
9882 4 22784 2 2 2 2
22411 1 4534 3 2 4 2
14116 1 20160 5 2 3 2
39583 0 12239 2 2 12 10
31548 0 26062 1398 1397 2813 2810
26063 1 1962 5 4 8 4
34604 0 2888 10 10 6 4
29514 1 7486 2 2 13 4
4354 0 17938 644 644 2691 2687
3583 1 6233 2 2 5 2
5695 4 28664 236 236 119 119
2185 1 14535 2 2 2 2
25866 0 2185 26 26 593 573
1327 1 36228 2 2 4 2
2831 1 23698 2 2 2 2
21070 0 14562 2663 2663 39913 39902
10242 2 953 5 5 156 146
24520 1 11590 2 2 4 2
32447 6 8162 17 16 8 6
10857 1 10856 2 2 2 2
29541 1 32791 2 2 5 3
14418 3 22928 9 7 9 9
25235 0 11991 5 5 8 8
19649 1 3414 2 2 2 2
11061 9 11060 2 2 2 2
5834 1 16298 3 2 5 2
16564 5 2060 77 76 920 892
30585 0 324 55 55 2033 2015
21674 1 21673 4 2 4 2
16327 0 36920 22486 22486 36541 36541
31764 0 40725 40264 40264 23722 23722
20117 1 5297 5 2 2 2
40726 0 21345 29350 29350 40842 40834
23392 1 8395 6 4 4 2
15466 0 34493 4 4 20 20
32154 1 35808 42 42 955 955
30878 2 21391 11 10 53 43
414 9 3242 2 2 2 2
21497 1 25620 4 2 2 2
18780 0 1703 1 1 24 1
36989 2 22747 1865 1865 12325 12325
4814 1 26353 19 15 19 18
34514 4 16712 580 580 1082 1082
5463 4 9443 400 393 2 2
9443 4 37702 77 72 5 5
28035 1 17572 2 2 4 2
4816 1 19142 3 2 2 2
23070 1 16815 4 4 4 4
33617 1 10553 3 3 2 2
40729 0 25425 34869 34869 40683 40683
3378 0 2767 96 96 222 221
40730 0 8815 27007 27007 40891 40881
12960 0 8815 3004 3004 7917 7908
4376 1 37 6 3 8 2
39757 0 5605 3 2 19 3
18600 1 19016 4 2 3 2
3467 1 385 4 2 5 2
14223 1 6848 3 2 4 3
25195 0 11431 649 648 1193 1187
40731 2 35244 1009 1009 40565 40564
6940 1 22487 12 4 2 2
18458 1 13073 4 2 5 2
13073 6 447 6 6 5 5
7113 4 35455 2 2 3 3
16734 7 3856 2351 2348 19 19
30190 1 22568 2 2 2 2
25889 0 13000 17 17 63 62
13181 9 17866 2 2 2 2
5492 6 19902 28 26 8 8
39381 2 736 2 2 9 8
2369 1 6578 5 3 5 3
29844 0 16328 10 10 8 8
2758 1 2757 3 2 3 2
38222 2 33300 22 20 3 2
18743 6 13906 103 102 18 18
31229 4 1517 350 350 94 94
21203 4 76 38 36 4 4
40016 0 7096 181 181 120 119
19031 0 10895 372 372 369 369
40734 0 4733 21268 21268 40756 40754
28029 6 13250 18 17 8 8
31942 0 731 6614 6614 32496 32495
24476 1 37343 2 2 4 2
30608 0 10938 687 687 4091 4090
9857 1 21026 5 2 2 2
31786 1 2390 3 2 3 2
20366 0 40022 40226 40226 33546 33546
25016 0 6037 53 53 284 282
6866 1 25441 3 2 3 2
11006 1 11005 2 2 2 2
40736 0 39315 8100 8100 40067 40067
40737 0 4415 11362 11362 40765 40757
34827 4 25838 96 96 5 5
20641 0 19592 7201 7201 18596 18596
19844 1 36475 3 2 2 2
5620 1 14606 2 2 3 2
4942 1 35741 3 2 2 2
12702 0 16539 20 20 26 24
16398 5 1361 1 1 22 7
40738 0 10135 8173 8173 40534 40534
819 1 20330 8 3 4 2
20681 3 25789 25976 25976 14863 14863
2173 6 12317 18 7 3 2
29181 1 6432 2 2 3 3
346 1 6498 4 3 2 2
9709 1 9837 5 3 10 5
5266 1 5265 3 2 4 3
30985 0 17910 28045 28044 14815 14815
21628 1 16687 7 3 3 3
39393 0 5540 49 48 873 866
16844 0 34093 23521 23521 13255 13254
10330 0 5598 26 26 1118 1102
22052 1 12989 3 2 3 2
11758 1 3657 94 90 9 9
33720 0 1406 148 148 3837 3826
40739 0 14015 4678 4678 40607 40601
40298 0 8495 2 2 7 3
5116 1 10792 9 4 7 3
33694 0 26952 38 38 295 294
36765 0 5101 25969 25968 28655 28654
27226 4 35331 103 103 266 266
16221 1 30101 2 2 4 2
32010 5 16320 940 940 37600 37586
16385 4 39672 42 36 2 2
26422 3 4250 5 3 3 2
2924 4 31881 180 107 12 12
23932 1 406 4 2 3 3
40741 0 10133 1143 1143 40490 40483
1478 4 38462 24 3 6 6
15891 0 14046 2 2 12 2
25424 0 17555 4503 4503 17959 17953
13797 4 32300 470 470 266 266
405 1 404 2 2 2 2
37796 0 5866 14 14 1392 1387
2634 0 13504 935 934 2575 2570
26727 4 28774 142 139 49 49
26243 0 39695 436 436 203 202
3948 1 32711 4 3 3 2
4019 6 21073 38 30 5 3
1187 1 20711 4 2 3 3
36443 0 26928 1427 1427 5543 5540
29481 0 10355 5 5 422 420
1476 0 25435 6583 6583 18444 18443
38542 0 22631 3 3 51 49
39106 0 14148 14962 14962 1227 1227
28771 1 27460 5 3 3 2
16045 1 24249 2 2 2 2
16468 0 12729 14 14 258 245
24561 0 12729 32 32 1476 1462
40742 0 11685 1419 1419 40543 40536
15794 0 288 2070 2070 19098 19092
17369 4 28877 100 95 18 18
4197 1 13361 3 2 3 2
1566 1 31545 7 3 2 2
20016 4 29851 361 348 86 86
21241 1 21240 4 3 5 2
21240 1 17480 3 2 2 2
4088 0 9256 222 222 2692 2688
21664 0 31614 10 10 26 26
20867 6 22620 21058 21057 14227 14226
6116 3 12878 4 2 2 2
31524 1 6685 2 2 2 2
31665 1 11001 2 2 2 2
4541 1 14758 2 2 2 2
38652 3 11896 2 2 2 2
29789 4 11615 297 290 252 252
40744 0 26617 3032 3032 40565 40565
6122 4 39635 112 107 28 28
4953 0 10842 448 448 1268 1261
38322 0 11870 4000 4000 8116 8116
10438 0 1730 4 4 124 25
32068 0 9304 170 169 182 173
40745 0 7189 4695 4695 40648 40638
30521 1 1450 2 2 4 2
14974 1 22486 6 2 3 3
24396 1 14974 2 2 7 2
26467 1 15256 2 2 3 2
15469 1 9188 7 3 7 3
3672 4 34478 16 15 3 3
23086 0 9505 19212 19212 36202 36202
11105 6 34671 4306 4304 57 57
31200 1 26039 28504 28504 25108 25108
33187 0 8237 754 753 8142 8135
30483 1 21607 2 2 2 2
14260 0 14310 320 320 823 820
15924 0 9367 2696 2696 13510 13489
19959 6 17574 9 3 4 3
24704 0 18355 268 268 38742 38742
31678 4 25631 419 417 216 216
39728 1 18568 2 2 3 2
6336 4 34815 56 43 4 4
18894 0 12741 698 698 11953 11948
31814 0 15640 478 478 23461 23457
31718 1 31717 3 2 2 2
3495 1 37604 3 2 2 2
33838 0 15312 1120 1120 23151 23149
38175 10 30680 2 2 2 2
11923 1 29297 4 2 2 2
17682 4 16176 245 243 52 52
40746 0 15865 13613 13613 40543 40542
17989 1 45 3 3 8 2
162 1 161 4 3 5 4
1070 1 31232 5 3 5 2
11915 1 11914 2 2 2 2
17597 1 1779 2 2 2 2
33223 0 35286 6 6 40 39
17231 0 11078 4 4 53 50
9415 1 8217 5 2 3 2
9822 0 532 2 2 82 5
25559 0 7427 10 10 4 4
35901 1 18889 2 2 2 2
5032 1 9078 2 2 3 2
280 0 12443 21570 21570 40368 40367
3547 0 16302 2999 2999 19464 19451
37263 0 33813 19868 19868 29458 29457
40748 0 206 4139 4139 40648 40617
2410 6 36725 122 122 83 83
29420 1 33730 2 2 2 2
20556 0 268 91 91 208 204
25280 5 2971 4 4 195 131
10990 1 27947 5 2 2 2
22682 0 15763 2 2 5 2
10975 1 35401 2 2 2 2
11252 6 6012 32 24 7 6
13074 5 14951 10 10 44 42
24987 0 33083 19508 19508 28829 28828
32258 0 30454 3 3 10 10
20630 1 11278 3 2 3 2
375 1 374 3 2 3 3
24087 1 34222 2 2 2 2
22866 1 930 5 5 2 2
26540 0 19984 897 897 7146 7144
1203 1 11625 3 2 6 2
2995 1 16224 7 2 2 2
39628 0 35692 71 71 1908 1908
12922 3 16574 7 3 4 2
13536 9 7072 2 2 2 2
17977 0 6556 1444 1444 2526 2515
14591 1 20529 2 2 2 2
17537 1 20736 23547 23546 35561 35561
22994 0 1953 21224 21224 33167 33151
28203 4 15915 20 17 4 4
20040 1 11683 5 3 2 2
22766 0 15613 1577 1577 1885 1884
3681 1 20829 2 2 3 2
9952 1 17840 9 3 2 2
8561 8 9939 17 17 28 28
26904 1 34013 3 2 3 2
30218 6 33864 11 9 8 8
19855 4 40081 226 226 134 134
7107 1 4018 4 2 3 2
14459 4 30600 247 247 10 10
31262 0 19491 7 7 30 28
3049 0 13373 36511 36511 38048 38048
18036 1 21116 2 2 2 2
4102 4 26935 88 78 3 3
4051 1 4050 2 2 4 3
32772 5 5042 2 2 20 14
18593 1 8011 2 2 4 3
3037 1 458 3 2 2 2
11489 1 19752 2 2 3 3
7408 1 2641 4 3 2 2
30952 0 4379 908 908 20575 20564
19369 1 11046 2 2 5 2
40754 0 5844 4607 4607 40588 40587
13702 0 9051 3974 3974 1770 1770
14342 0 16213 2495 2495 9568 9567
38142 1 9549 2 2 2 2
22223 1 17536 3 2 4 3
2364 1 22225 5 2 3 2
27307 2 23001 3363 3363 21870 21870
2159 1 6296 2 2 2 2
3441 3 8470 6 2 4 3
11504 1 11503 2 2 3 2
28552 0 35437 376 376 3070 3069
32595 0 22049 2309 2309 14004 13999
34018 4 40756 40816 40816 28107 28107
12675 1 12674 4 2 5 4
22838 1 8225 3 3 5 2
9602 0 32242 36822 36822 8932 8932
