1678 7 40551 510 270 1 1
1678 7 18056 352 115 1 1
1678 7 30089 412 173 1 1
1678 7 36781 280 48 1 1
1678 7 18000 267 37 1 1
1678 7 9202 240 12 1 1
1678 7 26036 17940 17698 21 21
1678 7 35669 298 64 1 1
1678 7 40887 40518 40275 70 70
1678 7 38204 14881 14640 7 7
17935 9 35175 3 3 2 2
785 8 10116 13484 13029 15 15
785 8 37575 5173 4725 2 2
785 8 21817 33725 33256 6 6
785 8 18729 503 60 16 14
785 8 12268 3418 2972 1 1
785 8 29200 18345 17887 13 13
785 8 23537 33252 32784 85 85
785 8 6770 7766 7316 2 2
785 8 1493 7652 7203 5 5
785 8 28822 36354 35884 98 98
785 8 15703 27876 27413 104 104
785 8 8245 10877 10425 18 18
785 8 36761 28961 28497 21 21
785 8 155 16674 16217 8 8
785 8 39420 32689 32222 10 10
785 8 38749 30264 29798 42 42
785 7 11761 27063 27049 47 47
16176 4 33688 1020 1018 226 226
18671 0 11241 4 4 31 17
19621 0 11241 5 5 32 17
15582 0 4030 20 20 472 443
25033 0 4030 2 2 32 8
31351 0 4030 5 5 250 222
19165 0 2969 13 13 105 96
21012 1 19165 7 4 3 2
16748 6 29001 15 14 12 10
31740 0 1183 3 3 61 18
26184 1 32091 4002 3999 20 20
32091 1 26184 24 24 4024 4021
4194 1 6975 2 2 2 2
6975 1 3569 3 2 8 3
15602 0 4367 88 88 7876 7847
6546 0 4367 12 12 2435 2407
24512 1 24859 2 2 2 2
33182 0 5053 611 611 3973 3970
5945 6 10270 9 6 13 12
5109 0 22368 857 857 2256 2251
20774 0 8060 6 6 3 3
12274 1 9268 2 2 2 2
12842 1 15886 6 2 3 2
13394 1 3789 4 2 2 2
13394 0 3459 134 134 3099 3091
38200 3 8055 3 2 4 2
36698 0 586 559 559 5395 5316
13143 0 586 25 25 3972 3894
7684 1 586 4 3 9 4
586 3 772 50 40 11 10
586 3 3510 95 84 11 11
586 1 11276 6 3 4 2
38212 2 121 3 3 1172 676
34053 2 121 38 38 1549 1043
21130 2 121 3 3 812 328
22680 2 121 2 1 480 8
33440 2 121 6 6 1287 787
37929 2 121 1 1 611 129
25514 2 121 5 5 1237 739
31531 2 121 6 6 1439 935
15287 2 121 46 46 1730 1223
30007 2 121 2 1 503 23
33594 2 121 8 8 1220 723
31050 2 121 10 10 1410 907
10443 2 121 2 1 475 7
13776 2 121 2 1 479 8
28371 2 121 5 5 1023 533
25046 2 121 4 4 881 395
29285 2 121 4 4 684 201
29029 2 121 9 9 1251 752
39017 2 121 8 8 1070 579
36587 2 121 19 19 1405 903
29042 2 121 46 46 7677 7169
20341 2 121 2 2 944 456
33915 2 121 4 4 1144 649
14588 2 121 2 1 498 20
121 6 39924 29 25 59 59
40757 0 1311 2528 2528 40577 40560
40804 0 1311 3243 3243 40647 40629
1311 0 896 62 62 56 51
18270 1 18269 4 2 2 2
13049 0 4990 28 28 1353 1334
36351 0 4990 42 42 1931 1911
29179 1 10971 2 2 2 2
23886 0 6769 5 5 13 12
30612 0 4411 1591 1591 9498 9497
14866 0 3633 3 3 14 9
35748 0 11399 19195 19195 40589 40582
31413 0 15186 10 10 20 18
20145 0 11015 7 7 131 130
40728 5 914 15869 15869 40896 40602
28450 5 914 1249 1249 26430 26139
7848 5 914 1 1 317 34
35945 5 914 1 1 280 3
25546 5 914 18 18 10206 9916
38155 5 914 1 1 286 7
36490 5 914 20 20 10051 9762
31958 5 914 1 1 309 28
16022 5 914 46 45 927 640
1595 5 914 5 5 684 398
5734 1 377 4 2 3 2
22785 0 5734 7 7 14 13
1255 6 24915 13 13 33 33
14244 1 11981 2 2 6 3
19390 0 4369 43 43 455 436
15364 0 4369 179 179 6089 6068
6533 0 4369 9000 9000 27017 26994
20079 0 4369 785 785 7064 7042
3634 1 4369 4 2 2 2
10990 1 4301 7 2 3 2
16398 1 2783 5 4 5 2
2783 1 1316 8 2 6 2
31737 0 16660 3 2 15 2
40758 0 6286 16447 16447 40779 40767
36771 0 6286 7 7 79 69
23301 0 6286 29 29 88 77
6286 1 7865 3 3 4 2
40759 0 45 30390 30390 40875 40872
45 1 44 11 2 2 2
30663 4 40225 118 117 94 94
14235 0 20549 27 27 57 52
20549 1 8731 3 2 6 2
15727 0 20842 6 6 4 3
28017 0 10090 1749 1749 34773 34759
40795 0 10090 33130 33130 40872 40857
32851 1 11382 5 5 15 14
21858 0 14369 3 3 75 71
34003 0 20650 8 8 23 22
5656 1 624 3 2 7 2
624 1 34337 2 2 2 2
32035 1 33317 2 2 2 2
6074 0 11052 1215 1215 1192 1192
6074 1 6073 3 2 2 2
31355 4 35983 54 51 12 12
10203 0 23680 1206 1206 8158 8158
34114 4 1598 78 77 6 6
15430 4 617 29 14 4 2
617 6 23164 1320 1305 370 370
40760 0 3796 6513 6513 40677 40665
40898 0 3796 6230 6230 40527 40516
27089 0 25460 2 2 10 2
38920 0 20791 306 306 379 379
26740 0 15987 28 28 222 217
26740 5 4475 2 2 50 30
33592 0 3640 3 3 89 20
21749 0 16741 5 5 14 10
40287 6 21134 6 6 4 4
14022 1 6297 4 2 2 2
14504 1 14022 2 2 5 2
40761 0 448 9842 9842 40871 40846
23685 1 146 3 2 4 3
24780 0 39997 9349 9349 5216 5216
40762 0 1763 38013 38013 40920 40915
6572 1 6944 2 2 4 2
6944 0 1701 2447 2447 17715 17708
4031 1 9327 8 2 6 3
37067 1 10473 2 2 3 2
23647 0 1338 5 4 31 4
23277 0 13709 27 27 1289 1270
3947 0 12235 100 100 2727 2718
12250 1 12717 2 2 2 2
271 6 40026 2241 2214 934 934
14931 1 36099 42 40 92 91
36099 1 14931 91 90 40 38
36099 1 27949 2 2 3 2
14576 5 2971 1 1 79 16
13484 5 2971 2 2 64 2
7443 1 25067 4 2 3 2
16880 0 18633 2887 2887 15193 15186
16881 1 16880 2 2 4 2
17282 0 228 3 3 1211 1138
33871 0 228 24 24 15714 15638
40763 0 987 7863 7863 40600 40595
20046 0 4696 18 18 226 219
8415 2 7033 3 1 6 1
15870 1 18392 3 2 5 4
25017 9 18392 2 2 4 3
3787 1 8742 3 2 5 2
23980 0 3787 54 54 603 586
8742 1 19068 6 2 8 4
11482 1 10803 2 2 2 2
2901 0 30222 16021 16021 15313 15313
10757 0 3459 168 168 14254 14245
26302 0 3459 43 43 504 497
10581 4 27666 9276 9276 8769 8769
11449 2 6220 96 95 4268 4261
258 6 35861 1785 1781 50 50
25183 3 11235 3565 3565 9224 9223
15107 1 15106 2 2 2 2
20809 4 32820 2283 2264 344 344
20809 4 32206 399 381 51 51
4981 1 17073 5 3 2 2
16542 0 4523 30 29 60 58
40894 0 16542 14258 14258 40743 40741
10161 1 10160 3 2 5 2
10160 0 15134 2141 2141 15553 15546
26185 1 15249 2 2 2 2
1771 1 1770 5 2 3 2
1771 1 9610 8 2 5 2
1771 1 36226 3 2 2 2
24128 0 8842 411 411 14163 14160
26157 1 31405 2 2 2 2
31405 1 31404 3 2 2 2
6096 1 29574 2 2 2 2
31306 6 34770 257 257 1734 1734
65 9 439 6 6 5 5
9078 1 23938 2 2 3 2
10215 0 5164 209 208 3764 3755
1559 8 14508 52 34 3 2
1559 8 25902 19486 19467 12 12
23501 0 1668 214 214 17137 17066
20112 1 27611 3 3 2 2
29717 0 30926 10113 10113 33060 33059
40020 0 17095 6574 6574 34048 34047
23138 0 1929 2 2 266 39
38723 0 1929 7 7 536 306
27757 0 1929 5 5 230 9
35086 0 1929 5 5 229 9
20750 0 1929 8 8 246 21
38906 0 1929 7 7 238 14
18333 0 1929 4 4 415 186
15970 1 3369 3 2 4 2
8306 2 25327 2 1 11 4
25327 5 3250 454 454 9882 9870
32633 1 5596 6 5 5 3
30166 0 5644 13 13 406 388
3771 0 5644 15 15 126 109
36968 0 18425 52 52 933 930
4765 1 4764 3 2 7 3
17970 0 4765 324 324 5738 5733
13604 2 251 1 1 10 1
37309 0 30216 214 214 1215 1215
38488 0 19873 8731 8731 3626 3625
21703 2 1136 3 2 222 153
37709 2 1136 3 2 398 328
29422 2 1136 3 2 182 115
34900 2 1136 3 2 208 140
4319 2 1136 1 1 429 358
35289 1 33808 2 2 3 2
7560 1 5488 2 2 4 2
40937 0 5488 9859 9859 39764 39761
13163 0 5488 16 16 30 28
3087 1 18847 3 2 2 2
27819 0 3087 13858 13858 36408 36393
29206 1 25712 2 2 2 2
4485 0 608 40 40 1371 1007
4485 1 4213 5 3 8 3
2562 0 608 547 547 15668 15291
20006 0 608 498 498 19271 18891
40838 0 608 29376 29376 40859 40460
40777 0 608 29054 29054 40674 40282
39245 0 608 27811 27811 39214 38826
40814 0 608 28628 28628 40839 40441
14223 0 608 610 610 11150 10776
1328 0 608 684 684 28836 28450
40785 0 608 25283 25283 40722 40328
40830 0 608 18648 18648 40754 40359
28595 0 608 4053 4053 25585 25200
7793 0 608 1358 1358 22140 21758
40884 0 608 28378 28378 40822 40425
30256 0 608 6 6 2336 1970
33590 0 608 50 50 1801 1436
40793 0 608 36333 36333 40912 40512
37242 0 608 3257 3257 29788 29401
9757 0 608 908 908 9614 9243
21406 0 608 989 989 23851 23467
40764 0 29777 24097 24097 40725 40723
13128 0 959 27 27 3359 3328
35052 0 959 18019 18019 36278 36246
14092 1 7130 3 2 4 2
40765 0 18 28788 28788 40881 40881
37609 0 25129 8038 8038 25514 25509
3268 1 10028 3 2 5 3
40766 0 35564 17584 17584 40248 40247
15729 1 12999 7 4 9 7
12999 1 15729 9 7 7 4
35258 4 25396 48 48 24 24
38187 1 29741 2 2 4 3
38187 0 2275 366 366 8177 8145
40767 0 15247 24256 24256 40501 40498
27131 1 17012 2 2 2 2
15936 0 23068 24 24 16 14
7803 1 13968 20 18 34 32
13968 1 7803 34 32 20 18
40572 0 32910 23014 23014 40831 40828
39830 0 32910 3 3 15 13
14004 0 25065 4 4 18 15
25065 0 4789 2 2 42 40
32733 0 248 118 118 118 108
10121 0 248 6 6 55 46
30194 0 7722 3 3 36 24
23606 0 4877 8 8 144 133
32247 0 4877 7 7 111 101
30622 0 2318 7 7 244 122
26982 0 2318 43 43 758 631
9320 0 2318 102 102 1518 1390
26224 0 2318 293 293 5193 5063
18713 0 2318 52 52 666 540
38875 0 2318 73 73 2026 1897
3443 1 12083 4 3 3 2
13887 0 3443 133 133 474 463
18271 0 3443 11 11 337 327
4423 0 24850 3 3 12 11
1038 4 13190 212 45 8 8
1038 4 40447 216 48 2 2
1038 4 33781 188 22 4 4
1038 4 31677 315 143 11 11
1038 4 7455 178 14 4 4
23751 4 8080 33 29 2 2
8080 4 23312 51 48 6 6
25625 5 2176 87 87 7326 7221
24036 5 2176 3 3 1445 1342
18415 5 2176 11 11 2810 2706
29637 0 28168 278 277 750 745
17924 0 7315 2340 2340 23890 23885
13300 0 11301 18 18 218 208
13300 6 14769 2744 2741 3611 3610
25115 0 11301 1977 1977 9502 9490
20438 0 11301 80 80 445 434
37862 0 11301 17 17 178 169
34851 4 31118 10 9 8 8
40242 0 24346 14420 14420 37833 37830
26644 1 4985 4 3 3 2
26644 1 16054 3 3 3 2
8110 0 12168 15 15 96 61
36165 0 12168 13657 13657 31684 31647
22455 6 27199 123 123 277 277
7288 1 36878 2 2 2 2
19322 5 7288 40 40 1844 1829
40768 0 1784 24004 24004 40829 40781
15769 0 1784 6 6 252 207
40438 0 1784 45 45 13869 13823
40839 0 1784 7171 7171 40564 40517
27441 0 25270 11863 11863 5590 5589
25270 0 6354 4283 4283 12447 12444
12380 1 20717 4 2 3 2
3729 0 20717 26 26 301 290
176 1 25906 52 51 3265 3262
25906 1 176 3168 3165 52 51
40769 0 10981 2355 2355 40590 40589
24894 0 7247 21 21 22 13
27000 0 7247 12 12 2337 2327
17047 0 13439 12639 12639 29953 29953
40770 0 3005 7872 7872 40662 40648
12076 1 3005 3 2 11 6
12740 4 40747 40756 40756 33074 33074
16545 1 14634 2 2 2 2
4313 1 3457 10 6 6 3
1482 0 13752 15 15 24 24
1482 1 35255 6 2 4 3
11251 1 13752 3 2 3 2
28721 1 22741 2 2 2 2
28721 0 15897 4 4 48 45
3761 0 8987 8161 8161 20790 20790
8987 3 23784 10777 10777 5688 5688
7280 1 26118 3 2 2 2
28912 1 26118 2 2 3 2
38386 0 1904 2 2 4 2
6607 1 11157 4 2 2 2
637 6 31616 1052 1008 134 134
637 6 39715 879 837 274 274
637 6 14054 120 82 41 41
637 6 39536 576 536 38 38
637 6 23571 931 888 160 160
637 6 40404 1261 1216 184 184
637 6 29851 708 667 138 138
5767 4 21704 19 1 1 1
3432 4 7926 136 134 5 5
3509 0 3407 3 3 8 5
13238 0 3407 12 12 124 120
26647 1 3407 4 3 7 2
24287 1 17938 3 2 3 2
36533 9 24287 4 4 3 2
17939 1 17938 2 2 6 4
9673 1 8487 6 3 7 4
7998 1 9673 3 2 3 2
8487 1 7998 3 2 4 2
3814 1 3548 5 2 2 2
23744 0 296 98 98 1057 910
21505 0 296 81 81 1112 964
7397 0 296 3 3 147 8
10506 0 296 7 7 261 117
38028 0 296 6 6 177 35
12013 0 296 165 165 1911 1760
15119 0 296 6 6 183 40
36945 0 296 39 39 1632 1482
36798 0 51 150 150 1306 1112
38369 0 51 401 401 1938 1741
40705 0 51 23926 23926 40680 40478
20387 0 51 845 845 4648 4449
40810 0 51 31766 31766 40828 40625
27837 0 51 14 14 667 475
5886 0 51 22 22 1121 928
20051 1 20050 3 2 4 2
20861 1 5558 3 2 4 2
26868 0 6233 11 11 36 27
26868 1 5872 4 2 3 2
37434 0 917 10 10 67 64
25228 0 917 188 187 33 31
20402 0 16155 11160 11160 32305 32304
30004 0 2482 9 9 2340 2330
18986 0 2482 11 11 50 41
39024 0 29467 21598 21597 16976 16975
38724 0 29467 6791 6791 19461 19459
36561 5 129 2 2 101 57
1583 0 129 663 663 24532 24523
406 1 1287 5 3 15 5
23997 1 406 2 2 3 3
18173 1 1287 3 2 4 2
40882 0 1287 34059 34059 40937 40897
332 0 1287 10 10 138 100
18612 4 33576 82 61 10 10
18612 4 19325 30 11 3 3
12266 4 18612 18 11 2 2
5940 0 532 2 2 76 3
1521 0 532 2 2 82 6
40279 0 532 2 2 88 11
30426 0 532 2 2 80 6
15231 0 532 5 5 89 11
40771 0 10613 12185 12185 40500 40489
29184 1 22723 4 3 3 2
29184 1 30903 3 3 2 2
6386 0 26454 1636 1636 16866 16862
3277 1 37105 3 3 3 2
31630 0 33081 2192 2192 39237 39236
33081 0 3606 133 133 342 329
1354 1 1353 2 2 3 2
4940 6 40772 40756 40754 7665 7665
4385 0 4940 68 68 3539 3528
29446 0 4940 180 180 2068 2058
24366 1 7539 2 2 2 2
9683 6 40773 40837 40836 21637 21637
40773 0 2732 14677 14677 40796 40793
33864 0 13576 6 6 24 19
28351 1 685 2 2 2 2
35900 3 685 2 2 6 3
8053 1 32295 5 3 3 2
35212 0 8053 8 8 29 27
8643 0 1819 11 10 120 114
7117 1 8643 5 3 3 2
24594 5 1819 3 3 364 324
3210 5 1819 2 2 85 46
27467 0 31416 5437 5437 39839 39837
464 1 3675 3 3 5 2
3675 1 12232 9 3 3 2
3675 1 19310 8 3 3 2
4006 1 7203 4 2 3 2
1307 1 11050 3 2 10 2
10097 6 15251 537 537 507 507
21168 1 10097 3 2 5 3
23083 0 26718 11061 11061 9510 9510
21673 0 26120 22808 22808 36587 36586
26120 0 6426 6 6 38 30
24650 0 27939 14758 14758 35861 35857
38457 1 9568 2 2 3 2
27178 0 2497 12 12 2460 2364
31174 0 2497 8 8 4037 3939
19058 0 2497 19 19 832 740
23035 0 2497 394 394 7276 7176
5147 0 2497 114 114 3134 3037
5305 1 1 3 3 3 2
29442 1 5305 4 2 5 3
12784 4 1630 247 241 21 21
12784 4 5463 208 203 9 9
25315 1 20655 5 2 4 3
8198 0 20655 1786 1786 5230 5226
20655 1 5129 3 3 7 3
931 0 2275 822 822 14771 14738
11433 0 2275 83 83 30008 29974
14758 0 9787 17 17 2133 2114
36898 0 1686 359 359 18337 18329
40774 0 16369 18108 18108 40817 40812
17226 1 10110 2 2 2 2
27870 2 2023 2 2 164 113
18478 2 2023 8 8 1272 1220
11490 2 2023 14 14 1579 1525
20278 2 2023 10 10 1471 1418
16554 1 29212 4 2 3 2
29212 0 34093 2376 2376 5927 5926
36825 0 20796 4 4 18 13
5335 5 9988 141 141 5499 5496
29725 5 9988 12 12 1170 1168
1864 4 39744 253 172 9 9
1864 4 12986 228 148 3 3
1864 4 9221 91 13 3 3
1864 0 1703 2 2 36 5
12378 1 3604 3 2 7 3
9895 1 13428 5 2 2 2
15667 1 15666 2 2 3 2
2507 3 4435 8543 8542 11290 11290
6789 9 2507 3 3 3 3
16918 1 2507 4 3 2 2
20071 4 20803 9 4 3 3
20849 1 14778 5 3 2 2
13053 1 24622 2 2 6 2
40284 1 24622 2 2 2 2
19366 0 20234 193 193 573 571
26315 0 19366 3 3 20 13
35882 2 2524 142 141 463 419
33234 2 2524 2 1 46 5
40939 2 2524 31 31 40310 40265
8199 0 15331 7 7 15 13
19502 1 12706 2 2 2 2
11732 1 7659 3 2 8 3
29649 0 11732 1067 1067 22963 22955
7659 1 7279 6 2 5 2
12815 4 27688 26 5 3 3
12815 4 20570 229 206 5 5
26871 0 2084 8 8 7 7
4955 6 15531 2 1 4 1
8178 1 11153 2 2 2 2
2181 6 20785 785 768 624 624
2181 6 11583 868 850 293 293
23792 0 30977 59 59 1741 1736
4102 4 38587 112 102 32 32
40775 0 35896 13347 13347 40517 40516
6696 1 21296 2 2 2 2
21295 1 6696 2 2 4 2
8023 1 21296 5 3 4 2
3303 0 10707 653 653 3927 3901
17408 0 4099 675 675 9282 9281
23226 0 34449 14688 14688 39635 39634
4136 1 4135 3 2 2 2
39465 0 16668 3896 3896 16097 16093
16257 0 23562 381 381 769 764
4227 6 32367 14317 14314 1292 1292
40607 0 4227 19956 19956 40809 40806
16679 1 16678 2 2 2 2
1122 9 23212 2 2 2 2
23212 0 2918 8 8 549 473
7532 1 7531 7 3 4 3
29273 1 14570 2 2 6 3
5949 0 3779 9 9 976 923
8913 0 3779 115 115 5021 4966
23795 2 2580 1 1 44 8
9939 2 2580 1 1 115 73
20115 2 2580 1 1 52 13
36622 2 2580 1 1 72 32
15250 5 2644 1 1 23 7
4951 1 5069 3 2 5 2
7948 1 8993 2 2 2 2
3755 1 18943 4 2 3 2
18943 1 30961 2 2 3 2
17857 1 11523 3 3 3 2
6924 4 37669 142 128 31 31
6924 4 25551 167 152 10 10
30696 4 40310 491 491 238 238
5259 0 9217 42 42 730 722
28032 0 5259 437 437 7111 7103
20159 4 23395 73 72 63 63
17347 4 20159 146 142 4 4
3882 4 10151 31 31 20 20
8811 0 2340 14 14 143 141
32387 0 8811 2917 2917 24669 24666
35192 0 2340 32 32 210 207
19066 6 13595 5964 5958 1588 1588
2887 0 2938 5 5 21 18
2887 1 7436 4 2 4 2
15497 1 2938 2 2 3 2
25015 4 28828 960 960 3039 3039
21810 4 25015 178 169 123 123
3850 0 160 152 152 1738 1697
15553 0 160 57 57 1508 1468
17933 0 160 262 262 2701 2659
30234 0 2731 2 2 52 25
46 0 14274 3619 3619 9531 9525
14834 1 16497 6 3 5 2
14834 1 8390 2 2 4 4
14834 1 5110 4 2 11 4
40922 0 14834 39029 39029 40931 40926
11673 1 5110 2 2 12 4
29358 0 2687 2 2 24 2
8288 0 2687 2 2 40 5
33791 0 2687 2 2 30 2
33543 0 40596 40809 40808 4794 4794
172 4 7119 3623 3622 2289 2289
35331 5 172 2 2 407 62
28580 5 172 2 2 706 357
18603 5 172 322 322 29440 29080
36972 5 172 1 1 348 8
78 5 172 1 1 355 13
33614 5 172 1 1 376 32
35822 5 172 3 3 1588 1236
39121 5 172 2 2 491 144
22074 5 172 31 31 2090 1735
20314 5 172 9 9 2064 1710
1118 5 172 4 4 4253 3896
21326 1 23555 5 2 4 3
2173 6 38083 21 10 3 2
2173 6 18659 546 534 30 30
33947 4 39713 835 835 575 575
18377 3 4166 5 5 6 3
34858 0 18783 14275 14275 39101 39100
3968 1 5813 3 2 6 2
11261 1 5813 2 2 3 2
5813 1 31835 12 5 8 7
36714 0 38851 777 776 189 189
30857 0 30511 1552 1552 18800 18799
1365 1 15439 3 2 5 3
39987 0 81 2 2 106 59
36104 0 81 5 5 68 22
5785 0 26217 41 41 64 60
19380 0 26217 4 4 7 4
6787 1 26217 6 3 3 2
16634 0 9747 4 4 34 18
36078 1 7833 2 2 2 2
32975 0 9558 6 6 12 12
32975 1 32002 2 2 2 2
22353 1 15922 4 2 2 2
1604 1 6991 3 2 7 3
2547 1 14925 3 3 4 2
14212 0 14737 8 8 40 29
4130 0 3621 4 4 19 12
24323 0 3621 2372 2372 6885 6877
3621 0 9758 47 47 668 649
10319 4 33522 270 254 133 133
27683 1 39142 2 2 2 2
16503 1 110 2 2 3 2
40776 0 5310 13139 13139 40755 40745
25496 0 5310 10 9 68 59
1913 6 25274 253 248 60 59
33711 5 19257 2 1 8 1
32197 1 22383 2 2 4 4
23062 1 12031 2 2 3 2
26578 0 239 644 644 17303 17042
19936 0 239 250 250 13625 13365
40929 0 239 21823 21823 40815 40548
24226 0 239 149 149 3915 3664
20767 0 239 125 125 5863 5609
19429 0 239 903 903 12134 11875
32842 0 239 203 203 6271 6015
34670 0 239 11954 11954 30704 30440
23758 0 239 3 3 391 146
13023 0 239 26 26 2103 1853
16182 0 239 960 960 10080 9823
17401 0 239 91 91 10118 9860
34239 0 239 46 46 5566 5313
2069 1 15760 14 4 4 3
22182 1 3014 3 3 4 3
31096 1 15639 5 3 2 2
15639 1 29383 8 3 3 2
15639 1 207 5 2 5 2
13398 0 71 35 35 577 514
2736 4 13398 182 133 2 2
13398 4 7720 9 2 13 13
20939 0 2215 10 10 28 23
7946 1 1765 2 2 2 2
1947 0 1249 8 8 659 614
22728 1 16506 3 3 3 2
34810 9 22728 2 2 2 2
3254 0 2886 273 273 1091 1083
18890 4 37812 647 644 79 79
18890 4 28071 90 88 48 48
24803 4 28831 22 21 4 4
12939 1 23279 5 3 2 2
13702 1 12070 4 2 2 2
27600 0 7589 5 5 200 191
24117 1 1225 3 3 3 3
1110 0 20337 20 20 145 140
40926 0 20337 39122 39122 40943 40936
354 4 36395 13 10 4 4
24159 0 12803 9452 9452 28486 28486
26948 2 3620 10 10 879 854
37272 0 7800 944 944 8020 8009
23037 4 3762 49 47 8 8
33783 2 1326 53 53 3267 3130
22501 2 1326 1 1 424 289
31495 2 1326 1 1 379 245
19086 2 1326 2 2 672 536
38740 2 1326 1 1 312 179
38719 2 1326 68 68 11156 11018
36238 0 1326 12 12 162 148
18160 0 1200 7 7 16 16
23552 1 10327 3 2 2 2
40037 0 19153 1694 1694 12230 12228
33552 0 40037 39374 39373 40162 40162
7751 0 3712 180 180 4170 4162
7196 0 3712 121 121 3920 3913
28826 1 3712 6 5 7 2
26351 6 25426 1714 1714 2577 2577
17946 0 26351 168 168 3705 3701
10124 0 25426 18 18 51 47
6974 6 17672 203 202 23 23
19506 1 15393 2 2 3 2
32325 0 17590 653 653 20773 20765
40778 2 26169 22092 22092 40797 40797
36197 4 29170 275 275 191 191
1264 1 22448 2 2 2 2
40779 2 1646 519 519 40510 40468
40782 2 1646 416 416 39984 39943
40780 0 379 17894 17894 40845 40827
40828 0 379 1340 1340 40178 40161
14490 1 12757 3 3 5 2
34243 0 1244 3 3 286 6
12545 0 1244 16 16 301 18
28964 0 1244 8 8 615 325
4871 0 1244 2 2 279 2
17807 0 1244 10 10 526 239
14487 0 1244 13 13 284 5
40781 0 4921 14538 14538 40788 40785
9372 1 1508 3 2 4 3
2261 4 19476 47 31 2 2
2261 4 18565 38 23 2 2
5771 4 39949 61 53 2 2
13951 1 3521 6 2 6 2
18299 1 274 4 3 8 2
15954 1 34113 4 2 2 2
17141 0 21055 6 6 9 6
13878 1 26428 5 2 3 2
35918 0 391 6 6 126 123
39002 1 39001 2 2 2 2
4532 1 26446 2 2 2 2
11891 5 16320 208 208 22736 22723
13955 1 11289 2 2 6 3
1592 1 17240 5 2 2 2
15523 0 2604 3754 3754 12402 12363
36776 0 2604 915 915 29538 29496
40872 0 2604 30922 30922 40905 40862
6989 0 2604 1038 1038 3598 3562
38136 0 2604 33 33 664 629
31426 1 2604 2 2 4 2
12623 1 6107 3 3 5 2
22297 1 8322 4 2 3 2
21592 1 22297 3 2 3 2
4547 1 21674 10 2 5 2
32040 1 4547 4 3 5 2
7982 1 20572 4 4 3 2
7983 3 7982 2 2 2 2
31376 2 743 1 1 123 20
32748 2 743 11 11 1563 1454
36118 2 743 2 2 488 383
743 6 9450 9 8 5 5
39780 0 2807 9 9 6769 6764
4722 0 2807 100 100 2167 2164
35415 0 2807 1848 1848 24337 24331
15011 0 1542 9 9 107 87
10421 1 10420 4 2 3 2
26009 0 265 10 10 392 135
9536 0 265 12 12 386 130
15205 0 265 18 18 268 17
36270 0 265 6 6 370 116
39375 0 265 20 20 614 353
12974 0 265 37 37 597 337
25076 0 265 15 15 486 227
19351 0 265 12 12 345 92
11480 2 1534 12 11 201 194
40783 0 4407 9666 9666 40681 40681
4407 1 39995 3 2 2 2
8464 1 8424 6 2 4 2
23763 1 3300 2 2 10 4
24479 1 23586 2 2 3 2
28656 0 21 3 3 73 6
38617 0 21 3 3 68 2
39259 0 21 27 27 718 649
6493 0 3567 247 247 415 413
21912 0 22347 9 9 17 16
24178 1 9908 2 2 2 2
22121 0 351 2 2 126 4
25316 1 746 4 3 2 2
3063 1 4791 10 5 6 3
11495 0 4791 36 36 2909 2895
36889 0 883 15 15 336 120
22017 0 883 8 8 418 198
39078 0 883 10 10 308 93
7495 0 883 6 6 337 120
7498 0 883 7 7 218 6
36527 0 883 29 29 781 559
31583 0 883 166 166 3962 3739
40784 0 14144 2034 2034 40395 40377
3408 6 8243 79 8 5 4
3408 6 8940 824 748 82 82
3408 8 38801 37344 37278 108 108
3408 8 28506 88 23 8 7
10233 4 38705 90 76 6 6
36048 6 18704 691 691 1914 1914
1046 7 36048 6762 6644 1 1
1962 1 1961 6 2 8 5
11585 3 21329 6 3 7 6
32391 1 11972 2 2 2 2
31739 4 18679 64 62 97 97
26785 1 7703 2 2 5 2
20520 1 6788 4 2 2 2
11565 1 37185 4 2 3 3
11565 1 12441 8 2 2 2
29689 1 11565 2 2 9 2
19922 0 8858 328 328 1178 1167
15795 6 39521 308 308 5192 5192
840 8 19493 19 7 6 4
840 8 36647 23 10 5 5
840 6 30428 2325 2312 496 496
26662 0 7523 906 906 10742 10739
26756 0 9311 29 29 259 248
12636 1 24788 3 2 2 2
20784 1 387 7390 7389 3215 3215
387 1 20784 3081 3081 7664 7663
12153 3 19756 2 2 2 2
13239 0 284 625 625 4101 3875
34758 0 284 15 15 252 33
35142 0 284 29 29 529 305
33324 0 284 2 2 218 3
24884 0 284 5 5 224 8
39131 0 284 9 9 411 188
26984 1 38840 4 2 2 2
9435 1 13227 6 3 5 3
5449 0 9435 21 21 71 70
31592 1 13227 2 2 12 4
23798 1 23297 154 151 626 625
21935 1 23297 3 2 2 2
4425 0 9880 9 9 22 13
17011 3 17169 5 3 8 4
7442 1 23836 3 2 2 2
7442 0 12505 1033 1033 6185 6177
23836 1 3274 3 2 4 2
17432 1 30826 2 2 2 2
11988 4 31236 596 595 82 82
31236 4 34496 129 128 18 18
1444 0 9048 12 12 278 263
5768 0 1444 10504 10504 18591 18555
39440 0 1444 483 483 6483 6448
20898 0 9048 27 27 3975 3958
2408 0 9048 15 15 3209 3193
33742 0 9048 8008 8008 30087 30066
38351 0 9048 6010 6010 26466 26446
6375 1 8324 2 2 2 2
37317 0 6230 15768 15768 34574 34573
10713 4 2207 135 130 21 21
40786 0 1672 5094 5094 40353 40318
40892 0 1672 16461 16461 40623 40587
28472 5 10737 25 25 1424 1421
10737 6 27038 189 185 3 3
21537 0 1027 5 5 179 27
35194 0 1027 4 4 240 87
39579 4 25695 643 643 53 53
12699 0 2137 3 3 13 2
27906 0 19986 4455 4455 22156 22153
19986 1 16852 3 2 4 2
30297 1 3771 2 2 4 2
39950 0 2362 2 2 12 10
16469 0 178 100 99 6722 6709
34721 0 178 17 16 3327 3315
9225 0 178 9 9 146 135
31063 0 2110 4 4 302 114
38241 0 2110 33 33 1010 817
31237 0 2110 9 9 214 28
5590 0 2110 6 6 295 108
7272 1 33016 2 2 2 2
17837 0 7272 6 6 14 13
36109 1 33016 2 2 4 2
33016 1 33015 3 2 2 2
39272 0 12035 7 7 79 70
11022 6 27914 23 16 6 6
40787 0 5243 7533 7533 40188 40183
3741 1 18271 2 2 2 2
40788 2 593 113 113 40531 40505
27944 2 593 178 177 1074 1049
9102 2 593 28 26 32 8
40548 0 16045 1362 1361 1413 1412
758 1 10360 6 4 7 2
10360 1 10359 6 2 2 2
3223 0 3161 3 3 486 450
5881 1 18355 3 3 2 2
38969 0 16196 4 4 15 15
29347 0 1461 4968 4968 30052 30039
1650 1 16394 31873 31865 14984 14984
1650 1 16302 8 3 3 3
40174 1 1650 5456 5456 16926 16919
9952 1 37466 4 4 2 2
2245 0 2918 45 45 561 484
2245 1 2244 6 4 2 2
14233 0 2918 219 219 6207 6129
1079 0 2918 224 224 9932 9853
32727 1 24872 4 3 3 2
39701 0 5987 7561 7561 4893 4893
15176 1 18854 6 2 4 2
18854 0 7016 47 47 72 70
24327 0 3027 48 48 12959 12906
14366 0 24327 12264 12264 25394 25394
23190 1 13002 3 2 6 2
5729 1 20226 2 2 3 2
20226 0 13887 482 482 11281 11276
8274 1 8999 4 3 8 4
18181 1 8274 5 3 5 3
9428 1 8999 3 2 9 4
8511 1 31347 3 2 3 3
21811 0 278 10 10 231 52
33666 0 278 31 31 211 34
21874 0 278 8 8 221 43
29143 0 278 2 2 179 6
18106 0 278 8 8 190 15
39291 0 278 4 4 207 31
37756 0 278 11 11 525 344
511 0 15897 17 17 16 14
15736 0 1677 623 623 12946 12889
829 0 1677 13 13 708 652
27621 0 1677 4267 4267 13944 13885
29445 1 1550 3 2 6 3
18936 4 39578 35 34 13 13
34932 2 14540 9 8 25 21
647 1 6311 9 2 2 2
33210 6 17250 2386 2386 5671 5670
9637 5 1981 8 8 315 263
21619 5 1981 13 13 3574 3520
11643 3 3908 3069 3068 1238 1238
30998 1 7774 3 2 3 2
30998 1 2447 2 2 3 2
16669 2 916 2 1 222 84
8577 2 916 2 1 340 196
18018 2 916 2 1 190 55
35944 2 916 2 1 490 344
9258 2 916 2 1 242 102
34189 2 916 2 1 245 104
21737 0 2589 8 8 844 827
40303 0 2589 124 124 37891 37873
3167 1 6502 3 2 7 5
17014 2 3167 3 2 28 7
7204 1 3167 4 2 9 5
32383 0 427 2 2 72 3
13521 0 427 8 8 140 70
11437 0 427 20 20 172 100
16023 0 4958 4 4 7 5
5777 4 4318 18 5 2 1
5144 4 4318 9 6 5 3
4318 6 27523 1818 1814 687 687
19086 6 12484 5 2 7 4
12201 4 22304 126 120 28 28
10786 1 14577 5 3 7 5
20175 0 7143 4 4 20 14
1205 1 23424 4 2 3 2
35226 0 37189 176 174 385 383
19169 1 25362 3 2 2 2
14940 1 12227 2 2 4 3
12227 1 13800 5 3 2 2
2813 0 3170 32 32 566 566
3170 1 3169 4 2 3 3
35238 1 8601 2 2 4 2
36661 1 39486 2 2 2 2
17745 5 774 13 13 906 768
17745 2 1137 29 29 5083 4976
37417 5 774 1 1 138 3
29963 5 774 1 1 140 4
40735 5 774 63 63 40500 40360
23613 4 28865 40 36 4 4
24660 4 23613 26 23 2 2
6782 5 5167 7700 7700 40376 40356
34227 5 5167 552 552 11183 11164
5167 6 27267 1362 1361 43 43
40789 0 25921 6750 6750 40570 40570
18492 6 36549 4 3 4 4
864 1 14562 7 3 3 2
32699 0 14562 486 486 6778 6768
4521 1 25708 6 3 3 2
10559 1 10558 2 2 2 2
3083 0 26431 7176 7176 40474 40469
5974 0 9758 2192 2192 15973 15951
4522 0 9758 4 4 130 113
12683 0 9758 331 331 6148 6127
19 0 29519 24 24 31 29
38094 4 40790 40802 40802 39463 39463
36200 0 5055 13094 13093 20825 20825
204 1 3048 7 2 2 2
32488 1 204 4 3 6 2
40791 0 11084 5316 5316 40702 40684
33754 1 5275 2 2 2 2
32 4 32392 165 148 7 7
32 4 24489 146 130 8 8
12319 4 14836 12 7 3 3
27811 2 10916 23 22 39 34
30475 0 10916 13907 13907 15137 15137
15792 0 3763 4 4 58 53
8019 1 30805 5 2 3 3
2949 1 8019 3 2 5 2
30805 1 16646 6 4 6 2
35060 0 5892 6 6 55 47
11125 4 10606 3 3 3 3
25276 1 3926 3 2 6 2
13830 1 6490 14 8 9 9
13830 1 7308 8 3 3 2
6490 1 13830 9 9 14 8
1366 0 29 15 14 78 71
29 1 11186 4 2 4 3
6226 1 29 2 2 3 2
19987 4 11397 534 532 198 198
4506 1 9454 5 2 4 2
6037 0 39187 4922 4922 11351 11349
39187 0 11100 278 278 18397 18379
2381 2 12273 1 1 43 4
7324 2 12273 1 1 107 58
6513 0 650 261 261 918 876
37308 0 650 39 39 298 257
40792 0 9525 4907 4907 40590 40586
30839 1 10851 2 2 3 2
21181 5 232 42 41 701 692
11205 5 232 406 406 28525 28515
24984 0 232 423 423 11427 11421
38752 0 728 8 8 6870 6863
8716 6 31315 6 6 4 4
24013 1 23715 4 2 7 4
36734 5 985 3 3 169 103
7458 5 985 1 1 91 27
12641 0 39 11 11 357 149
7396 0 39 5 5 240 41
21862 0 39 8 8 329 123
21561 0 39 7 7 227 30
13466 0 39 3 3 245 44
17532 0 39 7 7 299 94
18621 0 39 16 16 719 509
1398 0 19101 31897 31897 40595 40593
13758 1 29291 2 2 5 2
4555 0 1115 5733 5733 16480 16471
39750 6 18050 277 277 7304 7303
11789 1 24319 3 3 6 5
24319 1 11789 6 5 3 3
7072 1 9237 6 3 3 2
13503 1 7072 3 2 8 3
25660 5 4520 3 3 20 16
38151 0 7155 521 521 627 621
4453 6 7580 1706 1700 36 36
7580 0 34614 54 54 774 773
26183 0 11186 3905 3905 34387 34384
35764 0 14617 17 17 1452 1451
4608 0 3699 3 3 49 30
40827 0 3699 35244 35244 40929 40908
8852 0 7403 465 465 11647 11642
8176 1 8852 4 2 3 2
193 6 27058 78 25 2 2
193 6 11869 55 3 2 2
193 6 18878 214 160 32 32
19842 4 22836 191 186 14 14
21930 1 21045 2 2 4 2
21930 0 12252 77 77 756 749
5745 1 14074 2 2 3 2
26613 1 9037 3 2 4 2
9037 0 3099 451 451 1920 1919
7396 4 28775 133 118 2 2
24578 3 23111 7 4 3 3
21061 1 25626 2 2 2 2
24011 0 12474 33039 33039 32575 32573
13829 1 16710 3 3 2 2
4185 1 13829 3 2 7 5
13829 3 25284 5 3 5 3
12211 0 6042 110 110 4637 4626
13978 1 2276 2 2 4 2
39294 4 26572 4000 4000 7079 7079
33294 0 3229 3 3 14 5
8108 0 3229 3734 3734 28471 28461
3229 1 22044 5 3 4 2
6633 7 40129 22707 22695 24 24
6633 7 12050 1276 1266 2 2
16200 0 1852 26 26 2905 2857
16201 1 16200 4 2 4 2
19710 6 10760 6 5 21 16
32734 1 3419 2 2 4 2
4779 1 14955 3 2 3 2
3716 1 1998 2 2 5 3
40577 0 3716 29021 29021 40923 40909
31620 0 3716 578 578 3649 3637
28941 0 3716 11212 11212 38858 38845
17519 0 3716 28 28 197 186
9620 0 3716 11 11 74 64
2915 1 12159 14 5 8 4
522 1 21041 2 2 3 2
522 1 13953 5 3 7 2
522 0 16646 941 941 3188 3188
32701 0 522 32 32 743 731
31153 0 36722 17841 17841 3871 3869
36722 0 1474 6096 6096 40329 40314
7592 1 9560 5 2 2 2
2035 1 8589 3 2 6 3
25494 1 8589 2 2 2 2
4666 1 4665 5 2 2 2
4665 0 6717 16 16 121 119
6144 1 19664 2 2 4 2
28456 2 1773 2 2 80 42
28456 6 22320 1551 1549 786 786
5443 2 1773 3 3 139 100
18213 1 18982 2 2 3 2
18716 0 37537 980 980 19447 19445
6882 9 10563 2 2 2 2
40794 0 32275 30108 30108 40813 40812
19296 1 6611 4 3 3 2
16065 0 36140 16 16 214 211
40829 0 16065 24439 24439 40730 40729
32071 1 23898 3 2 2 2
37285 0 184 9 9 451 149
39009 0 184 4 4 769 466
3395 0 184 21 21 311 17
32164 0 184 7 7 305 13
34310 0 184 2 2 301 11
39279 0 184 4 4 293 7
11281 0 184 2 2 294 7
30773 0 184 8 8 314 18
15734 0 184 2 2 295 7
5209 0 184 4 4 343 45
16507 0 184 2 2 303 12
40030 0 184 2 2 289 6
1190 6 31657 26 14 2 2
1190 6 39319 36 23 2 2
17492 1 20700 3 2 2 2
16074 0 18268 8 8 10 5
21289 0 18268 19 19 29 23
14746 1 23603 75 74 604 602
7078 6 36019 29 29 14 14
7486 0 7078 75 75 113 105
4225 1 13633 7 2 7 4
4225 1 11780 5 2 3 2
754 1 2375 5 2 2 2
1823 7 36030 31 30 37 36
6054 0 4123 44 44 4053 4018
6054 3 1296 2807 2805 13669 13668
3215 0 7911 8 8 39 36
6678 1 7911 3 2 2 2
16802 1 8850 8 4 5 3
1076 1 1075 10 2 3 2
1076 1 27277 4 2 4 4
18470 1 18469 2 2 2 2
7673 1 10866 3 2 3 3
7673 1 8629 4 2 3 2
8644 1 14101 2 2 2 2
493 0 1629 8 8 176 165
2736 4 26470 68 23 2 2
2736 4 34726 74 28 4 4
2736 4 35146 99 51 5 5
2736 4 33515 61 17 2 2
35179 0 19119 52 52 315 314
13379 4 19119 187 184 14 14
28508 2 3843 4 2 29 1
40099 2 3843 23 22 305 276
9537 1 3843 2 2 5 2
25746 0 11870 20632 20632 21929 21929
26637 6 24424 6 6 4 4
15305 5 2978 2 2 188 119
10135 5 2978 3 3 144 77
14631 0 3275 1148 1148 2627 2621
1043 1 14631 5 2 9 3
39736 1 21554 2 2 2 2
39736 0 4427 75 75 5190 5168
8260 0 7895 6 6 39 35
16624 0 8260 21455 21455 36480 36478
36792 1 37816 2 2 2 2
40796 2 3317 88 88 40509 40476
11856 1 2643 2 2 5 3
8104 1 4274 4 2 2 2
8104 1 12438 6 2 2 2
9749 1 13574 4 2 3 2
40797 0 19420 3078 3078 39686 39684
24056 0 9777 2759 2759 24431 24430
12866 6 7036 15 15 22 22
19409 4 36350 1181 1181 9 9
28857 0 706 37 37 97 84
19163 0 18538 12 12 1045 1042
16614 1 25570 3 2 2 2
16614 1 8351 2 2 2 2
24052 1 24051 2 2 2 2
29706 4 499 3 3 2 2
34810 0 17502 40403 40403 34853 34853
40798 0 38876 11327 11327 40176 40176
26283 6 40443 10431 10431 6540 6540
32794 0 18895 120 120 10462 10454
3034 2 1137 1 1 103 2
19442 2 1137 1 1 101 2
26122 4 31544 69 63 7 7
17880 1 20417 3 2 2 2
3499 1 20417 3 2 3 2
20434 0 21190 11315 11315 10497 10496
13327 6 22210 3 3 4 4
40799 0 5636 8711 8711 39456 39456
14768 6 24252 5 4 5 3
9578 0 473 755 755 9013 9010
20196 1 21248 3 2 4 3
21248 9 11908 3 3 2 2
6765 1 27335 3 2 3 2
37410 0 27335 23120 23120 33964 33963
12725 1 21889 3 3 3 2
19754 0 4059 8 8 15 12
9461 4 12081 3 2 3 2
8574 0 5381 32 32 379 368
8574 1 8573 5 3 2 2
29585 1 8574 3 2 6 3
13699 0 5381 3499 3499 30558 30546
36608 0 123 5511 5511 11562 11554
24094 0 123 8217 8217 35840 35831
516 0 292 4 4 261 20
31393 0 292 5 5 249 12
14242 0 292 7 7 741 490
33413 0 292 295 295 4394 4142
15177 0 292 3 3 250 12
39499 0 292 2 2 231 2
13524 0 292 2 2 237 4
31996 0 292 6 6 306 61
26845 0 292 3 3 244 9
14814 0 292 2 2 245 9
13283 1 2720 3 2 4 3
2720 1 5598 5 3 6 2
34387 1 26855 2 2 2 2
26856 1 26855 2 2 3 2
37173 4 10091 1386 1386 7210 7210
19951 0 20010 409 408 4261 4254
40800 0 28344 14720 14720 40586 40585
24652 0 26678 2987 2987 10840 10836
27632 0 31556 2 2 21 19
8336 6 2824 1299 1299 123 123
14255 1 19144 3 2 4 2
20014 0 14262 52 52 3760 3755
40801 0 16573 14181 14181 40721 40717
2360 1 4933 3 2 6 2
40802 0 39415 18246 18246 40699 40699
30541 0 22903 9547 9547 15586 15585
20618 1 9942 5 3 5 2
38150 0 712 5 5 449 444
25109 0 7757 75 75 50 48
40803 0 5646 259 259 39326 39322
1003 1 5646 5 3 6 2
35081 1 28378 2 2 3 2
11590 1 29649 3 2 2 2
39026 0 29817 2507 2507 30814 30812
13903 6 32368 2026 2022 108 108
30745 1 37402 3 2 2 2
10159 1 38458 3 2 2 2
27696 1 6690 2 2 2 2
28744 1 6690 2 2 11 2
20852 1 6690 2 2 4 2
40885 0 6690 17946 17946 40853 40845
16732 0 10532 621 621 21382 21377
6916 0 19429 801 801 752 752
10276 1 9887 6 2 6 3
4800 1 9900 4 2 4 2
19570 1 4800 3 2 3 2
17182 1 2190 2 2 2 2
4461 0 19310 823 823 8952 8944
1046 7 18091 7354 7235 4 4
1046 7 18788 1515 1399 1 1
1046 7 39181 33041 32920 12 11
37226 0 11964 76 76 1544 1542
11632 9 24469 7 6 3 3
40699 0 12729 19119 19119 40756 40741
14428 0 772 226 226 395 386
19055 0 772 4671 4671 30591 30581
40710 0 31312 38682 38682 40940 40938
11686 1 5336 7 2 7 3
30852 1 3198 2 2 3 2
29243 0 26808 9689 9689 13156 13156
21449 0 12858 3 3 11 7
12857 1 21449 5 2 4 3
3233 1 4145 4 2 4 2
19055 1 19054 2 2 2 2
8310 6 12531 10 1 5 3
7557 1 7633 5 3 2 2
17844 0 7120 7790 7790 31069 31066
1269 1 11040 3 3 4 2
11040 1 14848 5 2 4 2
26676 0 8201 29 29 7262 7249
28241 1 7436 2 2 3 2
18458 9 31641 5 5 4 3
31641 3 37842 8 7 3 3
25873 0 2795 25422 25422 34939 34938
17430 1 14006 3 2 5 2
13991 0 6823 24 24 562 556
19570 1 23428 4 2 4 2
8288 4 37118 61 59 6 6
40805 0 33924 23997 23997 40719 40718
25230 0 6253 698 698 1383 1378
15292 3 10198 2 2 4 2
39489 0 11666 21114 21114 36031 36013
39489 1 15557 2 2 2 2
37831 2 11666 4866 4866 3188 3188
15516 1 12820 4 3 4 2
34071 1 12820 4 2 2 2
4175 4 8602 8 2 2 2
24042 1 5537 2 2 2 2
19211 0 4744 12 12 28 25
31371 0 7474 2118 2118 16557 16550
27812 0 7474 23339 23339 39957 39949
28947 4 15200 336 336 11 11
18660 6 21000 259 259 400 400
15472 0 25385 7781 7781 20101 20098
12507 0 13404 263 263 2733 2728
26342 1 17895 4 2 4 2
2152 1 8496 2 2 5 2
39760 0 574 15 15 249 206
40877 0 574 26089 26089 40922 40876
35412 5 11510 8 8 336 317
2085 6 10383 14 8 2 2
14202 1 14201 2 2 2 2
1043 1 20085 4 2 3 2
40806 0 6850 34270 34270 40815 40790
40503 0 9914 6971 6971 13566 13564
14770 1 14307 3 2 3 2
32716 1 17183 2 2 3 2
35390 1 3256 2 2 3 2
4482 4 9719 205 201 24 24
20428 0 3527 6550 6550 32974 32957
3527 6 20663 2955 2955 123 123
30409 2 35441 73 73 858 858
11083 1 5302 2 2 3 2
23196 1 10129 2 2 3 2
1066 1 29752 3 2 2 2
40807 0 3538 15220 15220 40800 40787
22793 0 3538 4 4 16 4
6768 6 24640 54 51 83 81
6768 6 10205 32157 32153 14313 14313
2869 1 15125 4 2 3 2
29302 0 15125 921 921 19973 19971
9588 0 1406 47 47 864 854
18159 0 17493 170 170 1700 1694
21497 1 33875 8 5 2 2
20938 1 22485 3 2 5 3
13056 6 39139 189 187 21 21
23942 0 26928 20 20 771 769
28004 0 6478 242 242 228 226
4747 0 22951 6 6 10 6
20860 5 2566 471 471 31720 31703
7590 5 2566 51 51 4363 4347
20768 0 17402 114 114 245 243
35193 1 20768 2 2 3 2
8572 0 5856 31 31 1061 1036
17370 0 5856 3173 3173 26216 26188
31972 0 5856 23 23 1935 1908
17380 1 15779 3 2 3 2
27964 0 16186 35 35 1028 1022
15981 0 1328 50 50 142 129
26071 1 9303 3 2 5 3
9303 9 21981 2 2 2 2
38768 0 29318 23 23 2089 2085
36229 0 18254 1520 1520 19499 19482
1019 4 596 44 22 2 2
1019 4 8780 51 28 3 3
23239 1 15927 3 2 4 3
30477 1 23239 3 2 4 2
21996 6 20017 626 624 771 771
21996 6 11995 1801 1798 1601 1601
25766 0 22616 93 93 3149 3146
9455 0 23399 669 669 10642 10636
23000 6 39446 939 939 1137 1137
122 1 7516 6 2 8 3
11412 1 19152 4 3 2 2
8803 1 27429 2 2 2 2
15261 0 14295 8469 8469 26499 26498
25268 4 21905 12 10 3 3
15504 1 8591 7 3 5 2
8591 1 16989 2 2 2 2
15601 10 15600 4 4 2 2
31927 1 15601 2 2 2 2
34363 5 8522 16749 16749 39947 39947
33641 0 19894 12673 12673 14827 14826
33826 1 19127 2 2 2 2
39523 0 2723 36 36 8819 8781
39523 1 21345 2 2 2 2
7540 0 2723 109 109 4103 4066
4541 0 2723 58 58 1020 985
28671 0 7444 14 13 41 38
40808 0 40809 37163 37163 24441 24441
26933 0 1475 2593 2593 22129 22109
35848 0 18654 5 5 73 68
19162 0 18654 8 8 39 35
29185 6 40731 36301 36300 5300 5300
3467 1 3466 2 2 3 2
15345 5 4450 1304 1304 20460 20454
7117 1 7049 4 3 2 2
32624 6 26608 1127 1126 1370 1370
2269 1 2268 2 2 2 2
30613 0 6961 5 5 9 7
2956 4 29945 16 12 3 3
40706 0 10059 11763 11763 40673 40670
3866 4 38485 128 120 56 56
3866 4 24189 50 43 13 13
9119 0 21826 32828 32828 34845 34845
18389 3 999 7 5 8 6
999 3 18389 8 6 7 5
35808 1 32154 38292 38292 9722 9722
37756 4 40810 40684 40684 16154 16154
20583 1 27612 2 2 2 2
1020 0 3141 2 2 62 12
28305 0 3141 2 2 51 2
6564 0 11337 21228 21228 25603 25602
23511 0 15656 7 7 304 278
5394 1 2601 2 2 3 2
19679 0 5394 19 19 65 58
2004 1 24164 3 2 2 2
2004 0 30642 11938 11938 25885 25884
25774 1 12289 5 2 5 2
24676 0 24224 2 2 6 5
23848 1 8714 3 2 3 2
17814 4 3175 3061 3060 21 21
17465 1 17464 3 2 2 2
22570 1 22569 2 2 2 2
6630 0 4722 83 83 1119 1111
1142 0 4722 2348 2348 11231 11222
23700 1 24343 3 2 2 2
9573 6 3123 128 128 603 580
15354 6 3123 14 14 178 157
14853 6 3123 80 79 712 688
6067 1 28605 2 2 2 2
8474 4 17327 10247 10247 2647 2647
30941 1 3753 4 2 5 3
30941 1 33174 2 2 2 2
11546 0 4442 12 12 12228 12194
6865 4 2298 11 7 2 2
1021 1 207 7 4 4 2
2872 0 17555 1496 1495 20857 20851
268 0 17555 676 676 7128 7123
40811 0 2664 11229 11229 40834 40817
40871 0 2664 7335 7335 40637 40621
2664 0 2624 8 8 53 46
35435 0 12605 30 30 51 48
29862 1 29861 3 3 3 2
31789 0 494 10294 10294 36685 36673
22923 0 28916 25 25 33 32
27985 1 27484 3 3 3 2
29410 0 16944 92 92 1029 1025
11888 0 36918 3237 3237 15370 15367
37558 2 741 1 1 82 36
28640 2 741 1 1 48 5
9021 2 741 1 1 46 4
22157 3 1791 4 3 5 3
22158 3 1791 6 4 2 2
8471 1 6302 3 2 2 2
32069 0 19823 1643 1643 10721 10719
38790 0 13 9762 9762 40604 40590
19437 1 22294 3 2 3 2
25022 1 32013 2 2 4 3
39553 0 4628 96 96 43 34
40833 0 4628 31401 31401 40923 40913
11144 1 2617 2 2 2 2
38399 1 1022 2 2 6 2
10536 1 36694 2 2 3 3
40178 1 1578 21957 21957 39418 39416
40864 0 1578 30152 30152 40801 40795
22410 1 37961 4 2 2 2
15647 4 32971 1297 1297 1301 1301
1708 0 8438 47 47 545 544
6124 1 5907 3 2 8 4
8270 1 6124 13 6 4 2
5826 1 10722 3 2 6 4
21697 0 2070 1077 1077 4931 4931
6530 1 22543 4 2 2 2
5932 1 21935 8 4 2 2
28875 3 5192 5 4 5 4
28676 3 28875 4 2 3 3
5178 1 14819 3 2 3 2
21092 0 5178 2193 2193 30746 30717
16318 0 5178 493 493 3608 3580
40918 0 5178 30175 30175 40871 40840
31349 1 5178 2 2 4 2
27341 1 31627 4 2 2 2
912 0 7047 3 3 97 84
739 0 912 36 36 84 73
24031 0 7047 8 8 246 232
30204 1 7047 6 2 4 2
40812 0 17281 368 368 35900 35900
9906 1 36905 3 2 3 3
6743 0 8355 209 209 1133 1111
1538 0 8355 872 872 12259 12236
35277 1 27784 2 2 2 2
5869 1 26782 6 2 2 2
40813 0 19386 37464 37464 40889 40887
38378 1 22534 2 2 3 2
31576 0 30844 12031 12031 378 378
10205 1 10204 4 2 3 2
11177 1 37094 5 2 2 2
7045 1 2382 2 2 4 2
21977 5 16419 45 45 3941 3934
3364 1 3363 3 2 4 2
3528 0 10834 375 375 4691 4688
17960 4 24312 19 15 2 2
27223 1 20426 2 2 3 2
24636 1 6535 2 2 2 2
23949 5 212 1 1 41 13
27657 5 828 7 6 73 59
1410 1 24564 8169 8169 18933 18932
3066 0 8076 1027 1027 6015 6007
18215 1 1414 3 2 9 2
10895 1 13973 7 2 2 2
3239 4 39144 75 25 3 3
3239 4 27881 122 71 6 6
3239 4 36428 51 2 2 2
18904 3 17353 3 2 3 2
7935 1 2201 5 3 6 4
17190 1 757 4 2 3 3
1415 1 32170 3 2 2 2
23786 1 2902 2 2 9 3
2029 1 18094 3 2 2 2
553 1 13871 3 2 4 2
24179 1 10508 3 2 3 2
25575 1 10508 2 2 2 2
27360 6 36837 7 7 59 59
31841 0 19545 35432 35432 40893 40892
33840 0 1754 1025 1025 24067 24055
40875 2 1754 49 49 40651 40645
38079 2 1754 385 384 8102 8097
40815 0 39071 3111 3111 40557 40555
29342 0 8978 284 284 14641 14625
6890 0 36281 4722 4722 8529 8529
8040 1 21358 28 24 8 7
10520 0 24854 6926 6926 11762 11762
28943 1 243 3 2 2 2
20030 0 13734 5599 5599 30914 30912
4563 0 12505 11 11 32 26
37725 0 23377 2 2 8 3
26865 1 19204 5 3 2 2
20288 6 29915 7 5 10 9
24515 2 20288 1 1 37 32
18855 0 2060 5 5 28 15
26308 5 18855 2888 2888 40164 40150
24430 0 2060 45 45 2197 2183
11475 1 13563 128 125 52 48
13563 1 11475 51 47 119 116
14231 0 7944 601 601 1678 1677
36007 6 17148 1791 1791 20116 20116
13350 0 29456 3 3 3 3
36696 5 9528 2 1 10 1
19256 5 9528 2 1 9 1
30889 0 33367 9213 9212 1190 1190
26734 0 2288 37 37 31 29
16979 4 35069 308 308 19 19
23628 0 2614 115 115 226 222
39567 0 4694 217 217 7657 7643
6695 0 32813 30648 30648 30967 30967
15469 0 6418 29 29 671 647
34418 1 25064 2 2 4 3
8727 1 8726 2 2 2 2
14189 1 23592 6 2 2 2
35545 1 14189 3 3 5 2
10877 1 11728 7 3 7 3
32814 0 4976 23 23 657 654
4165 3 25845 7 4 3 3
20625 1 7778 3 2 3 2
30076 0 10715 220 220 905 902
40816 0 14697 23678 23678 40812 40812
14697 1 31992 2 2 2 2
19191 1 27971 2 2 3 2
13842 0 11910 570 570 1566 1565
5985 6 10735 19 12 31 24
12732 3 28417 4 3 4 3
12732 1 26677 4 3 2 2
6204 1 6203 2 2 2 2
40817 0 19840 23689 23689 40810 40807
3387 0 19840 2178 2178 25874 25872
6550 1 2423 3 2 6 2
2423 1 24830 10 2 5 2
2924 4 30666 152 79 3 3
2924 4 2659 151 79 2 2
2924 4 29020 192 117 3 3
2924 4 36766 178 104 3 3
1379 1 25548 2 2 2 2
6265 1 1379 5 3 5 3
18135 3 294 1551 1548 3424 3424
2209 1 24141 6 4 3 2
15500 1 4546 4 3 6 3
15500 1 7996 2 2 4 2
31596 6 8773 28167 28167 26827 26827
40818 0 35587 10885 10885 40301 40301
34338 1 9890 2 2 5 2
14748 1 9890 2 2 8 2
9890 1 12054 9 2 2 2
40819 0 15962 6919 6919 39230 39229
16130 0 10326 717 717 6624 6622
40820 0 20319 3534 3534 40012 40011
11212 0 1856 89 89 1529 1515
14579 1 1856 3 2 7 3
28303 3 9776 3 3 5 4
9776 1 9775 3 2 2 2
561 0 5278 91 91 155 146
13724 4 995 27 26 13 13
154 1 153 2 2 4 2
5791 1 11553 4 2 4 3
24115 1 18755 4 3 4 2
28674 0 3041 1266 1266 18150 18143
40821 0 14864 12170 12170 40497 40492
17883 0 18836 9253 9253 19541 19538
40822 0 9367 2820 2820 40586 40564
40930 0 9367 23055 23055 40862 40839
7005 0 9367 9 9 1427 1407
26765 1 9367 2 2 5 2
2151 0 4180 1592 1591 1086 1084
40823 0 11638 15740 15740 40762 40745
18175 1 18573 3 2 4 2
24724 1 3969 4 3 2 2
3969 0 3582 469 469 5964 5937
17345 0 3969 10 10 47 43
34877 1 6582 4 2 7 3
6582 1 16956 8 3 9 5
26100 1 28248 2 2 3 2
33245 0 3980 10 10 36 34
4106 1 4105 3 2 2 2
584 1 28894 67 65 4 4
35143 1 33405 2 2 3 2
17003 0 479 2 2 24 14
9877 5 6166 1 1 10 1
30263 1 25760 3 3 2 2
30656 1 25760 3 3 3 2
1999 4 17069 182 175 5 5
18272 1 19427 3 2 4 2
29081 1 13187 2 2 2 2
16522 0 3780 9 9 429 393
26742 0 15839 44 44 821 818
1918 6 39340 1385 1378 259 259
11624 1 20815 2 2 3 2
13939 0 7027 12925 12925 30095 30089
5788 0 7027 35 35 62 57
40824 0 2657 2194 2194 40537 40530
1294 0 25140 1879 1879 7931 7928
21281 0 428 10999 10999 32664 32638
40911 0 428 31684 31684 40878 40851
39800 1 30816 2 2 3 2
12660 0 1095 28 27 42 31
17450 0 1095 2246 2246 22005 21993
11922 0 14898 95 95 825 807
23590 0 12772 3874 3874 8017 8014
3072 1 15159 8 4 5 2
24523 0 8582 38 38 580 573
188 6 29407 6 3 9 5
39603 4 27065 6112 6112 10473 10473
4691 1 14239 3 2 2 2
36188 1 4691 3 2 3 2
36501 0 4902 62 62 21 21
40022 0 6784 2 2 10 5
4121 1 17988 4 2 4 3
34845 5 10076 8 6 8 3
19999 4 35620 40 31 3 3
25642 0 31168 99 98 1477 1476
28192 2 3865 3 2 47 29
25039 0 2409 13 13 109 86
34598 0 2409 6 6 238 214
40825 0 22386 8035 8035 38580 38579
15804 0 10824 33 33 105 100
40826 0 30737 3540 3540 40475 40474
11678 4 24132 1410 1410 2358 2358
11178 1 14178 5 2 2 2
19319 1 11039 3 2 9 4
23526 0 9730 439 439 14852 14850
12960 0 23054 19496 19495 3399 3399
18237 1 14439 3 2 5 2
17375 6 39568 21 19 3 3
6955 0 2697 18 18 46 44
16533 0 2697 40 40 48 45
27268 1 11354 2 2 5 2
1968 1 1967 6 3 7 4
20914 0 1967 8 8 18 10
23271 0 7641 10 10 3 3
19684 3 19683 3 2 3 3
4983 6 33006 2 2 2 2
17534 9 12584 2 2 3 3
6871 1 18043 638 636 63 62
5628 7 18994 22263 22230 4 4
2502 1 20104 4 2 3 2
15657 0 4985 15733 15733 26379 26377
34914 1 6434 2 2 2 2
39981 0 306 127 127 17643 17626
21026 0 306 4 4 20 4
37154 5 9269 664 664 16634 16631
9073 1 5502 3 2 5 4
30127 0 1623 965 965 20491 20488
16304 0 30127 6417 6417 12664 12664
16980 1 4548 3 2 5 2
469 0 14498 19 19 820 809
9243 6 35214 358 354 6 6
36148 4 23121 596 595 677 677
3358 1 4743 10 3 5 3
9720 0 4743 94 94 362 352
40888 0 4743 17337 17337 40865 40854
2064 1 2154 2 2 3 2
22278 1 35919 2 2 2 2
36060 0 14935 12364 12364 38944 38935
27146 5 11426 3 3 22 12
3169 0 3813 11 11 65 47
3823 1 3813 3 3 4 2
20664 4 26988 3705 3703 406 406
6374 1 11133 6 4 3 2
33074 2 7 2 2 812 775
18961 2 7 1 1 64 28
17395 0 7902 195 195 1034 1030
22908 1 5606 4 2 2 2
10254 1 10253 3 2 3 2
40906 0 10253 11737 11737 40829 40815
14113 1 5076 2 2 5 2
36403 1 10838 2 2 2 2
14974 0 14973 18 18 15 7
14973 3 19845 9 7 6 6
40831 0 4593 6645 6645 40413 40413
31084 1 27014 2 2 3 2
12467 4 39860 7 2 3 3
40832 0 6630 1586 1586 40315 40311
26778 4 2803 895 895 746 746
3765 1 28497 3 2 2 2
20691 1 4936 2 2 2 2
7886 0 12463 395 395 8109 8103
14999 4 31316 5654 5654 4309 4309
22172 0 11068 382 382 488 474
454 3 16514 4 2 3 2
3025 1 16514 3 2 5 4
29578 0 15788 13411 13411 23211 23210
23802 0 21987 259 259 25810 25807
21987 0 20963 2600 2600 28552 28551
11759 2 10987 4 4 13 12
38689 0 12894 18287 18287 40587 40577
40834 0 14087 29740 29740 40789 40789
14853 1 5935 2 2 4 2
4044 4 31152 152 152 9 9
29372 0 24630 117 117 5583 5578
24630 0 22399 3584 3584 8566 8565
19479 5 4701 1 1 22 1
8240 5 4701 1 1 23 1
33163 5 4554 2 1 8 1
29553 1 26733 2 2 2 2
29553 0 8837 7536 7536 13175 13173
6792 1 14058 3 2 4 2
21282 0 15062 26713 26713 29452 29452
23036 4 36472 72 66 5 5
5783 4 23036 100 91 5 5
40835 0 40836 32318 32318 20187 20187
18778 6 32930 1511 1510 15 15
18778 0 5314 13 13 441 414
24621 2 17930 2 1 7 1
27989 2 17930 3 1 15 5
26041 0 4289 4 4 3 3
16899 4 24507 1759 1759 3542 3542
14917 3 17826 9 6 5 4
30990 9 28312 2 2 2 2
8980 1 3552 2 2 3 2
33079 0 3582 312 312 13331 13303
16497 1 26305 2 2 2 2
26368 1 8799 3 2 3 2
4480 1 32602 5 2 2 2
35059 0 27412 201 201 2293 2290
2645 4 29221 510 502 43 43
23462 0 5675 57 57 451 442
40853 0 23462 10748 10748 40846 40841
25133 5 5012 2 1 11 5
14927 4 5288 146 142 8 8
11058 2 6577 1 1 583 529
60 2 6577 5 5 487 434
7534 9 18226 3 2 2 2
10204 1 10208 2 2 3 2
5031 1 28475 2 2 4 2
15312 0 12860 3715 3715 6509 6509
21401 1 1933 2 2 7 4
12469 1 1992 2 2 3 3
18451 5 1238 1 1 9 3
37552 0 2655 17 17 27 23
2655 0 9806 4932 4932 34881 34875
40284 0 6614 16852 16852 31732 31709
3130 1 27019 3 3 2 2
23982 0 37653 22 22 7115 7113
20447 1 9918 2 2 2 2
15028 1 16314 8 5 7 3
15028 1 5116 7 5 6 3
40628 0 33021 9651 9651 40489 40489
3648 1 3647 4 3 6 3
19317 0 1107 1201 1201 20492 20482
830 1 21753 5 2 3 2
8270 1 9886 26 17 16 13
14780 1 6419 7 3 4 3
40837 0 15224 13307 13307 40831 40819
7188 0 11737 12 12 580 570
10277 1 32396 2 2 3 2
10277 1 2951 4 3 8 4
15054 1 2951 5 3 6 3
25047 0 19223 13885 13885 38346 38346
23871 0 918 39 39 1312 1305
40840 0 918 12618 12618 40773 40765
8168 0 13192 3679 3679 35708 35708
10293 1 12214 2 2 2 2
23642 0 26543 8115 8115 33217 33217
26543 1 12312 4 2 5 2
4913 4 20284 226 195 3 3
3331 5 16655 17 17 177 175
3331 1 35484 6 3 2 2
16739 1 16646 2 2 5 2
6726 1 5782 6 3 2 2
6726 3 6725 16 14 6 6
11335 1 6726 2 2 5 3
5491 1 1201 3 2 6 2
6549 1 14425 6 3 4 2
5544 1 3327 3 2 4 2
3403 1 6328 2 2 2 2
7229 4 37460 57 40 9 9
20544 1 28902 4 3 3 2
3291 1 20544 5 2 5 3
530 1 21170 4 2 2 2
9371 1 9370 3 2 5 3
26061 0 9371 492 492 2143 2140
9371 0 5623 71 71 1910 1908
21518 1 29527 2 2 4 2
35181 0 21518 996 996 24940 24937
36581 0 16397 367 366 375 375
3972 7 37089 24661 24582 6 6
8883 0 5790 64 64 74 74
38389 0 7334 8 8 40 38
27814 0 9178 24 24 66 64
10855 1 19155 2 2 2 2
10855 1 31116 14 13 15 14
1431 4 27265 36 21 3 3
27563 1 35599 2 2 2 2
1193 4 39361 18 7 2 2
39975 0 7068 56 56 2056 2048
3855 0 3909 9 9 15 8
28703 0 3909 15753 15753 21371 21363
11573 1 13583 3 2 2 2
40841 0 16266 21458 21458 40781 40758
2434 0 16266 6 5 28 7
40842 0 67 21030 21030 40697 40688
1154 0 18959 23709 23709 40530 40528
32397 0 13044 2330 2330 22153 22144
17819 1 653 3 2 3 2
37840 0 313 22 22 219 211
40843 0 3679 22291 22291 40678 40667
40843 4 5346 37278 37278 37151 37151
13988 0 168 2171 2171 16336 16331
38754 2 10661 15 14 367 364
29501 0 6358 3999 3999 38124 38122
29860 0 18587 24566 24566 31314 31314
33438 1 36858 2 2 3 2
36858 1 35629 2 2 2 2
12381 0 1474 327 327 4886 4872
2863 0 6499 11498 11498 8933 8932
7328 0 5714 28028 28028 26341 26340
14412 0 20621 54 54 3414 3413
35316 5 38173 41 39 49 48
20490 1 7847 4 3 3 2
21077 4 10657 5 4 2 2
10380 0 1964 4 4 9 7
17802 1 3847 3 2 6 5
29031 4 40721 40761 40760 3256 3256
29630 5 22311 1 1 10 6
14888 4 21122 24 15 3 3
14888 0 2518 2 2 46 2
819 1 7732 6 2 7 3
7100 4 29718 886 884 160 160
8077 1 7192 2 2 2 2
16136 1 39043 3 2 2 2
13225 1 15253 3 2 7 4
40844 0 6467 3209 3209 40581 40574
6069 0 37345 72 72 20 19
4895 0 8093 13741 13741 40591 40564
21558 1 13645 2 2 2 2
10544 6 38325 277 261 16 16
23888 0 1730 5 5 176 76
33667 0 1730 4 4 231 130
22133 0 1730 4 4 133 34
19623 0 1730 2 2 116 19
28603 4 38563 5 4 3 3
16620 1 2522 5 5 7 2
24900 3 5965 2 2 3 2
3989 4 18951 112 105 10 10
22965 1 167 6 3 4 2
35645 0 7367 7166 7166 4397 4397
36255 0 10055 2 2 8 2
1574 1 8899 9 4 4 2
21174 5 2295 103 103 25083 24982
34328 5 2295 1527 1527 27420 27318
28418 5 2295 548 548 32583 32480
34439 5 2295 7 7 407 308
40845 0 32455 5874 5874 40773 40772
35000 0 9668 2 2 24 8
32116 0 21176 141 141 2946 2944
23390 0 40586 36088 36088 20039 20039
40848 0 23390 24697 24697 39976 39973
19903 4 29357 376 376 1225 1225
35177 0 14481 2 2 9 9
12330 0 11599 328 328 17206 17200
3579 1 19372 3 2 4 2
9842 0 3579 385 385 20979 20966
22422 1 9505 3 2 5 2
15330 1 28910 2 2 3 3
22889 0 11852 1767 1767 28898 28889
29771 9 3592 5 5 7 7
25748 1 34204 2 2 2 2
1772 6 37182 276 272 47 47
15158 0 40846 39502 39502 297 297
40847 0 8407 32847 32847 40842 40842
35466 0 11507 10 10 9 6
12327 0 411 450 450 9361 9338
21952 4 9376 6 6 7 7
4177 6 5022 222 207 15 15
5040 0 220 7 7 57 48
20777 0 30968 4828 4828 16420 16419
17995 1 415 5 3 6 3
6540 0 6677 353 353 1266 1264
30360 1 7239 2 2 6 2
1226 4 33413 403 379 4 4
36259 5 860 35 35 13352 13280
30840 5 860 3 3 526 456
39831 1 4370 3 3 3 2
17244 1 15986 2 2 3 2
9116 4 34497 9 7 4 4
4771 4 11796 56 4 2 2
18918 0 15687 9 9 13 10
18918 6 31983 547 538 3 3
29544 0 6411 2895 2895 13907 13900
13258 1 515 2 2 4 2
7665 4 11919 52 48 6 6
8356 1 22637 9 2 5 2
17180 1 8356 2 2 5 2
39574 0 13157 1686 1686 40054 40051
20711 1 1090 4 3 7 3
32427 0 24062 14130 14130 37666 37665
40849 0 13412 5060 5060 40689 40684
4316 0 1500 4 4 110 84
29122 0 1500 88 88 404 377
29916 0 33246 54 54 2 2
33246 0 425 245 244 2585 2566
3714 1 3991 3 3 2 2
6702 1 4469 5 3 6 2
20629 0 10089 7 7 14 14
18423 1 20629 2 2 3 2
4855 1 19562 4 2 4 2
11423 1 4213 8 4 6 2
10241 0 10481 11624 11624 26414 26412
27097 0 10241 18 18 95 85
5125 6 35244 3 3 5 5
10842 1 11135 3 2 3 2
3451 1 3450 2 2 8 3
3450 1 6752 7 3 3 3
26219 0 15966 167 167 194 191
20729 0 30962 5097 5097 5483 5483
31196 0 30962 24087 24087 35986 35985
36881 0 119 45 45 255 218
119 0 2748 26 25 129 119
2323 1 23181 3 2 2 2
14339 9 16095 3 2 2 2
32957 0 5195 9 9 321 315
32623 1 5195 3 2 5 2
32917 0 9489 1350 1350 23360 23356
40688 0 3489 9171 9171 40537 40476
13220 2 6815 49 48 331 327
5097 1 27076 7 4 2 2
17030 1 2573 3 2 8 3
2573 1 9486 6 2 2 2
37807 1 30144 2 2 2 2
2521 1 38597 2 2 2 2
6946 1 8731 3 2 3 2
9873 9 35523 2 2 2 2
1071 6 14854 64 58 2 2
3398 4 14735 84 67 3 3
5855 1 7329 4 2 5 3
3929 1 27247 12 2 2 2
16292 1 29803 4 2 2 2
6578 0 5973 879 879 4276 4272
40850 0 1543 31571 31571 40784 40727
37429 1 32885 2 2 2 2
5932 1 5931 5 4 2 2
14336 1 2808 2 2 2 2
23816 0 13145 5 5 13 13
16675 0 11522 16439 16439 18288 18288
40851 0 14187 1018 1018 40370 40366
10755 4 22444 6 5 5 5
11129 1 13730 8 2 9 4
25343 1 13730 7 4 7 3
8639 0 3289 26 26 821 798
3289 6 36920 387 370 5 5
8776 1 1347 4 3 6 3
1347 1 4276 4 3 3 2
39300 0 1590 17 17 7550 7527
37068 1 22654 2 2 2 2
1801 1 21363 3 2 2 2
31983 0 35119 1360 1360 3486 3485
31983 6 2119 649 647 227 227
19488 0 3006 23248 23248 26854 26844
19488 1 38649 26210 26210 21610 21610
40852 0 6747 27615 27615 40914 40912
28133 0 18038 8 8 35 32
8634 9 19910 3 2 3 3
11304 0 19910 7 7 97 96
20413 0 1973 5 5 407 352
26353 1 4814 7 6 12 8
22355 0 11595 714 714 12500 12494
1588 1 19716 2 2 3 2
11612 1 21343 3 2 3 2
5569 1 10107 7 3 9 4
5923 1 5569 4 2 4 3
24840 0 14776 33 33 19 19
24031 4 32273 13936 13936 931 931
12006 1 23328 3 2 2 2
15403 4 40478 41 41 22 22
16346 0 16005 3 3 30 28
7668 1 35530 4 2 2 2
9434 4 40717 40728 40725 21225 21225
22914 1 3088 3 2 4 2
2945 9 2944 2 2 2 2
24743 1 24742 2 2 2 2
31284 1 19047 3 3 3 2
1664 1 16927 6 3 3 2
40307 0 4362 8692 8692 30040 30033
29218 1 4362 3 2 2 2
4362 0 8787 5 5 14 7
17040 8 37417 160 159 45 45
39206 0 12650 2 2 30 10
29976 5 5742 13 13 2178 2155
15635 5 5742 14 14 254 232
903 5 5742 1 1 27 7
17663 4 9378 89 86 14 14
20364 1 26993 3 2 3 3
27150 0 3232 6981 6981 23788 23781
40854 0 14981 10586 10586 40594 40590
40855 0 25028 8838 8838 40430 40430
40678 5 5841 2249 2249 40772 40759
26893 3 11921 33331 33329 14684 14684
38438 0 24102 11935 11935 37014 37010
22467 0 22049 324 324 7481 7478
15542 0 22049 3060 3060 8974 8970
40856 0 8153 9318 9318 40543 40524
36147 0 8153 1031 1031 16484 16466
10925 1 8153 4 2 4 2
34372 4 36708 363 363 24 24
7489 6 35302 247 242 14 13
9267 0 1292 8 8 174 169
5975 0 8327 5288 5288 27665 27656
112 6 23406 89 44 3 3
6559 1 18773 3 2 3 2
13687 1 7279 3 3 4 2
37981 0 904 77 77 210 199
15563 1 17861 3 2 6 3
24736 1 14901 3 2 2 2
7506 1 27215 11 4 2 2
28486 1 28485 2 2 2 2
22848 1 33665 2 2 3 2
15952 0 3163 3 3 69 29
9298 0 3163 7 7 48 9
28717 0 3163 2 2 41 3
17876 3 17875 2 2 2 2
22196 1 22195 2 2 2 2
13637 1 27685 5 2 2 2
10125 4 13911 20 18 3 3
4146 0 37135 15 15 16 15
31487 4 8818 1416 1416 2981 2981
36976 0 4550 1193 1193 13600 13502
24513 0 4550 24 24 289 192
27936 0 4550 7 7 175 79
12322 0 4550 6 6 103 9
40857 0 2021 38097 38097 40839 40785
27575 0 6658 8364 8364 21411 21399
19537 9 28961 3 3 3 3
1070 0 17546 2263 2263 13433 13429
9755 1 9754 2 2 3 2
769 1 9754 3 3 4 2
40381 0 34906 10 10 10 10
15427 0 134 2532 2532 20447 20433
134 1 2633 5 2 2 2
1511 0 15914 7094 7094 4153 4150
5005 1 28613 8 3 3 2
18503 1 5005 3 2 10 3
40140 0 27752 9 8 15 12
16225 4 4698 166 163 28 28
40858 0 15284 1599 1599 38776 38770
628 1 627 2 2 3 2
16800 4 32120 108 108 79 79
25305 0 2099 9 9 31 4
13821 1 13530 3 2 3 2
16002 1 36632 2 2 3 2
40859 0 37052 26639 26639 40728 40727
6188 4 24112 73 55 3 3
6188 4 24347 21 4 1 1
15067 0 18496 24397 24397 33682 33682
29361 1 18956 2 2 4 3
10119 1 25492 6 3 5 3
28682 1 6956 2 2 2 2
22077 5 6956 1 1 20 1
720 9 26603 3 2 2 2
18029 0 8812 2 2 13 12
36166 1 16798 2 2 2 2
30646 4 33263 2260 2260 131 131
10063 0 8348 19628 19628 25841 25834
28320 1 27155 2 2 2 2
27155 1 29136 3 2 3 2
737 0 704 9892 9892 19768 19767
16207 1 16206 2 2 2 2
37148 0 23650 5937 5937 5681 5681
33954 1 14292 2 2 3 2
29886 1 28685 2 2 3 2
9855 6 33387 188 164 38 34
3785 0 28084 30276 30276 7157 7156
20088 5 3785 118 118 10567 10551
32514 5 3785 2550 2550 21003 20985
6922 1 6921 7 3 7 2
6921 1 7885 8 2 7 3
7656 1 11492 3 2 3 2
16454 1 15118 9 4 6 3
27917 0 8192 19 19 14 11
27917 1 5927 24 23 81 76
5927 1 27917 75 70 23 22
4197 0 8050 19 19 14 11
4197 1 37513 3 2 2 2
25431 1 5635 2 2 6 2
15018 1 18772 4 2 2 2
9762 6 8948 8881 8877 1482 1482
30927 6 25532 2816 2816 5110 5110
19315 1 39214 2 2 2 2
39214 0 32965 5 5 5 5
18563 0 4302 448 448 3465 3463
21993 1 19504 3 2 2 2
9794 0 26796 3 2 9 9
40860 0 1945 8550 8550 40659 40635
13748 1 11108 5 3 3 2
4384 1 24793 3 2 3 2
10633 4 19550 6838 6838 12658 12658
27322 1 37139 2 2 2 2
40383 0 38168 4 4 13 13
7362 4 32362 18 5 2 2
22231 1 8513 2 2 3 2
40692 0 8924 12553 12553 40604 40595
1685 1 12089 5 2 2 2
450 4 4488 23 6 2 2
39094 5 3918 185 185 28829 28811
40914 5 3918 1527 1527 40617 40598
2315 0 3918 3 3 113 105
40869 0 3918 10229 10229 40778 40769
39375 4 35988 7 7 8 8
33362 0 724 532 532 13623 13606
4388 4 38068 55 43 12 12
24592 0 13837 6517 6517 28436 28432
4109 6 1349 68 64 8 7
20971 4 929 3529 3529 11401 11400
23939 0 929 5 5 606 595
2108 1 23830 5 2 4 3
137 1 39790 2 2 2 2
14471 4 26704 77 73 4 4
38379 0 2037 6893 6893 25583 25580
3297 1 2037 4 2 2 2
19597 1 29925 2 2 2 2
9472 3 9553 18023 18023 34558 34556
24002 1 31718 2 2 2 2
13378 4 37002 45 37 6 6
18672 8 18729 40 40 44 41
23066 0 10976 14684 14684 28551 28551
37193 0 36623 20804 20804 24930 24930
35461 0 15432 177 177 8935 8933
6086 1 37968 149 149 142 142
39988 0 6132 13505 13505 37319 37313
27635 0 6879 17 17 67 67
12792 1 18251 4 4 3 2
25299 0 17090 1966 1966 912 910
22804 0 9256 16 16 30 27
22046 1 449 2 2 3 2
26701 5 39164 16812 16812 8694 8694
33010 4 37752 729 728 112 112
17564 4 28570 511 511 58 58
14394 1 27202 2 2 2 2
40861 0 35307 36934 36934 40922 40922
36533 1 31832 2 2 2 2
1421 1 13698 2 2 2 2
1421 1 1420 5 2 2 2
15918 1 8898 3 2 3 3
39681 2 3869 2 2 269 237
13147 2 3869 7 7 228 197
29520 1 38175 2 2 2 2
7705 4 29204 193 186 50 50
31945 1 533 2 2 3 2
20267 1 11332 3 2 2 2
40862 0 6138 34086 34086 40858 40843
12405 1 2536 2 2 6 5
22145 0 267 952 952 16848 16824
12466 4 38408 39 19 2 2
12466 4 38825 151 130 5 5
16552 1 10073 3 2 2 2
31672 0 16442 29 29 12 12
34829 0 34921 5 5 27 25
6539 1 27537 9 5 2 2
24829 0 20017 745 745 2179 2174
28048 0 20017 927 927 17649 17643
40863 0 22831 624 624 40399 40394
9658 0 22831 2116 2115 7817 7813
17365 6 1148 22239 22239 15251 15251
11735 1 13906 2 2 2 2
10734 0 10886 27 27 351 337
1494 0 15383 5303 5303 9901 9900
31725 6 3983 118 118 117 116
3023 1 19162 2 2 4 2
28499 0 2833 265 265 7006 6991
4250 3 26422 6 5 5 3
14121 1 5862 8 6 7 3
1002 0 15449 3388 3388 1318 1313
14237 9 14236 2 2 2 2
40286 1 14159 2 2 3 2
1432 4 24308 77 61 5 5
29759 0 21793 4 4 13 12
40 0 9353 775 775 6214 6206
36532 1 36531 2 2 2 2
4832 1 7867 3 2 2 2
27716 6 14968 262 262 258 258
304 0 25231 30225 30225 28049 28048
8542 1 19421 6 2 2 2
30629 1 15712 2 2 2 2
20027 2 9746 1 1 19 8
26019 0 4682 3 3 11 7
15092 4 32205 2817 2813 121 121
13106 4 30126 132 121 19 19
7451 0 9653 4 4 3 3
14198 1 7551 2 2 10 2
19206 1 11656 3 3 6 2
938 1 29478 4 2 2 2
19923 0 13346 3 3 368 360
40895 0 13346 313 313 40443 40433
8767 0 2776 9 9 151 127
17206 0 4193 1048 1048 3994 3992
9026 1 21448 2 2 6 2
10884 1 23870 4 3 4 2
10884 0 12402 34 34 374 373
33656 0 17442 689 689 14105 14101
29844 1 36062 3 2 2 2
39433 6 40246 4 3 4 4
13370 4 32777 8 7 14 14
40865 0 34557 40798 40798 40916 40915
12307 1 5388 2 2 4 2
8628 3 1186 64 63 26 26
4299 0 1562 11 11 56 49
18208 6 35649 1820 1820 5825 5825
12758 0 980 3024 3024 6147 6146
26577 4 38800 57 57 17 17
40866 0 8678 8507 8507 40695 40692
32294 0 1897 269 269 23269 23196
6937 1 1897 4 2 7 4
9481 9 158 4 3 5 2
13100 9 9481 3 2 3 3
15588 1 15587 4 3 2 2
13773 0 27141 11 11 176 173
25916 0 16303 2 2 15 6
36297 0 16303 6 6 159 149
20354 1 18989 2 2 2 2
973 1 13336 4 2 8 2
5185 0 13336 2185 2185 8931 8927
9012 5 7786 1 1 22 3
33237 1 410 2 2 2 2
14633 6 31433 2898 2897 1240 1240
14633 6 8142 433 433 1102 1102
40867 0 339 9171 9171 40700 40697
3453 1 18417 8 2 2 2
8951 1 28285 4 2 3 2
1460 1 8951 2 2 3 2
8222 1 6150 6 2 3 2
8054 3 25795 4 2 2 2
6845 1 2779 3 2 3 3
19202 0 12252 8 8 41 35
20124 1 18592 2 2 5 2
20124 0 14100 20 20 159 155
30846 0 2941 9 9 53 52
39027 0 9415 15 15 4361 4349
23350 1 17390 2 2 5 4
8558 1 7530 4 3 4 2
40868 0 5700 20608 20608 40546 40546
32469 0 324 59 59 17693 17673
8545 0 324 58 58 3349 3330
25032 1 25031 2 2 2 2
38057 9 30720 2 2 2 2
2030 0 1832 23 23 49 39
1637 0 5616 11 11 56 48
9928 0 5616 27 27 1382 1373
1702 4 29665 131 127 14 14
36951 4 24229 64 62 12 12
6008 1 1041 2 2 3 2
14647 0 13213 85 84 7 7
699 1 22618 2 2 2 2
35907 4 37894 13 13 11 11
13383 1 2789 6 2 4 3
2713 6 7645 37 3 5 4
11577 1 7731 3 2 3 2
40870 0 1335 23417 23417 40800 40799
24483 1 12798 3 2 2 2
17309 0 30810 111 109 157 155
10156 1 963 6 3 4 2
2452 1 3976 5 3 9 5
2452 1 7086 7 3 12 5
40905 0 3387 22556 22556 40727 40713
7217 1 3387 3 2 3 3
8525 4 37769 5878 5876 128 128
35828 0 1364 11 11 76 46
26559 6 35828 16271 16271 444 444
16493 1 19237 12 11 33 26
2933 1 7202 5 4 7 3
6048 9 22594 2 2 2 2
29003 1 35415 2 2 2 2
20788 1 10332 2 2 3 2
5707 1 5706 2 2 4 2
29609 1 29608 2 2 2 2
22190 1 35891 4 2 3 2
22190 1 11262 5 2 8 5
9192 1 19649 2 2 2 2
26202 0 7136 10 10 8 7
36138 0 7877 27 24 93 90
23317 0 6977 1659 1659 15429 15394
40920 0 6977 9746 9746 40684 40648
36948 1 27706 610 610 4004 4003
34777 1 14753 2 2 2 2
1620 4 23845 28 13 2 2
12071 1 18026 3 2 2 2
8848 5 14818 1 1 14 1
11500 6 11034 10 4 5 3
16013 1 5367 5 2 5 3
10574 6 36868 4 1 2 1
18072 0 1880 109 109 1566 1551
7031 1 26802 6 3 2 2
32487 1 10667 4 2 5 3
28680 1 10686 3 3 3 2
9031 4 20091 138 121 8 8
37696 0 13023 1383 1383 11161 11153
5434 1 5433 3 2 3 2
24552 2 8531 369 368 1716 1713
35789 5 3276 18 18 9112 9081
31511 5 3276 19 19 13978 13946
39401 0 24275 40 39 1563 1551
27408 0 4448 3 2 15 7
13163 1 17198 4 2 2 2
8664 1 2489 3 2 6 2
2489 1 15398 8 3 2 2
25485 2 3943 1 1 32 2
38545 2 3943 1 1 36 4
36055 6 19589 747 747 21616 21616
19768 0 5156 37 37 1032 1000
26405 0 5156 2 2 39 8
17022 6 35666 1825 1822 1337 1337
17022 6 3619 1208 1206 85 85
4621 1 88 3 2 3 2
40873 0 28355 26524 26524 40928 40926
2460 9 9748 2 2 3 3
36214 0 573 8 8 207 168
40874 0 22716 10737 10737 39403 39403
25322 4 40518 500 500 311 311
2760 0 11134 63 63 324 318
4446 9 1807 9 6 3 3
11636 0 4446 1247 1247 14305 14304
36303 1 2876 2 2 2 2
37244 1 21630 2 2 3 2
38942 1 2626 37 37 1130 1127
31471 0 2626 7 7 19 18
3018 0 27173 15 15 3 3
26985 0 7600 5 5 81 76
37635 0 7600 672 672 1911 1905
8617 6 7587 1348 1337 839 839
24972 0 1142 8024 8024 24775 24773
680 7 38698 29070 29008 2 2
680 7 40901 40644 40581 29 29
6028 0 29623 39985 39985 40494 40494
29623 0 33835 10511 10511 32163 32160
36506 4 25083 118 118 25 25
7152 1 4236 3 2 4 2
22504 0 7152 179 179 1468 1463
40876 0 1295 4053 4053 40559 40553
21646 1 1295 4 3 5 2
22690 0 9531 3 3 52 48
34554 0 9531 28 28 226 221
701 1 25692 3 3 3 2
14347 1 5567 2 2 3 2
22500 1 15849 3 2 3 2
24584 6 29929 2 2 2 2
18192 4 1499 2 2 2 2
17820 1 654 5 2 5 2
23192 1 654 2 2 7 2
34164 0 21362 5085 5085 22437 22432
23961 0 6776 5 5 82 74
14951 5 6776 214 214 17771 17766
2111 1 35677 4 2 2 2
32320 1 16031 29701 29701 32744 32744
31261 4 13766 1102 1102 340 340
38116 9 9 3 3 5 4
40068 0 28942 26779 26779 32988 32988
21724 1 8592 8 4 3 2
4229 1 37036 27706 27702 3647 3647
29447 0 15913 15 15 45 40
16697 4 31051 69 64 4 4
5443 6 33646 54 36 15 14
13087 1 36310 4 3 3 2
22927 4 27025 94 94 92 92
24129 1 15215 2 2 3 2
24953 0 13135 152 152 9965 9956
22068 0 29955 38555 38555 7994 7994
6111 0 23960 16 16 30 28
6111 1 11198 6 2 2 2
2003 0 4127 201 201 6952 6948
40878 0 34399 2035 2035 40291 40287
26349 1 19291 3 2 2 2
15641 1 5982 5 2 4 2
21253 0 5982 1513 1513 16381 16381
3948 3 25669 4494 4490 421 421
40879 0 39495 25550 25550 36895 36895
10738 0 8594 1431 1431 1107 1101
40612 0 8594 6630 6630 40629 40622
12395 0 4161 2 2 148 120
40942 0 4161 36134 36134 40914 40884
26530 0 25605 4 4 4 3
25576 0 19971 5749 5749 34525 34519
3574 6 39280 341 337 6 6
35051 1 36988 2 2 2 2
19269 6 3870 253 252 33 33
26457 1 21879 2 2 3 2
16049 4 31756 32 30 22 22
26279 5 6146 4 4 548 537
31974 5 6146 19 19 616 604
22137 5 3531 2 2 40 18
15837 1 15836 2 2 2 2
3895 0 3721 538 538 1938 1903
23820 6 25420 14 9 6 5
23820 6 11103 7 3 3 2
28203 4 29473 398 394 110 110
2999 1 36067 5 2 2 2
11766 5 10754 3 3 31 12
40880 0 10330 1113 1113 40167 40162
29695 1 25945 2 2 3 3
15242 6 5534 4 2 4 2
16017 3 30757 2573 2571 1546 1545
9486 3 6190 576 571 240 240
10504 6 36780 1088 1081 768 768
31226 0 17728 566 566 12321 12312
8734 1 1538 3 2 2 2
29667 0 249 223 223 3287 3241
7681 0 249 11 11 527 483
1196 5 12328 2218 2218 39751 39734
29190 5 2139 13 13 9006 8979
9335 5 2139 43 43 5253 5227
13338 1 18054 4 2 2 2
19110 4 40436 53 53 20 20
1935 0 7945 15 15 4222 4199
1104 0 7945 8 7 144 123
32001 2 3539 740 740 3543 3542
7118 0 3978 57 57 113 92
27765 0 206 1386 1386 19346 19316
16624 9 15794 2 2 2 2
1966 4 24890 5481 5479 756 756
31338 0 8266 5 5 45 41
40221 5 73 1 1 54 2
3410 4 40221 18 17 5 5
29650 5 73 75 75 24058 24000
4984 0 73 5 5 33 23
7890 1 8556 8 4 4 2
32343 0 7890 2733 2733 27159 27142
4686 0 9935 1254 1254 11017 11001
1690 1 5111 7 4 3 2
23282 0 1690 25 24 303 293
10335 1 2363 3 3 4 2
19856 1 15917 2 2 3 2
15168 1 35514 2 2 2 2
40881 0 9334 22601 22601 40839 40834
28253 1 28252 2 2 3 2
11736 1 678 4 2 4 2
12371 1 20336 8 4 2 2
26039 1 31200 18383 18383 17083 17083
39168 1 23614 2 2 2 2
20692 1 21524 2 2 2 2
24359 1 36592 2 2 3 2
6740 1 6335 4 2 3 2
38194 0 6335 14279 14279 36588 36588
5315 0 18408 4 4 3 3
11605 4 40002 280 280 108 108
12921 1 24570 11 3 4 2
21374 1 12921 3 2 11 3
5134 2 4633 1 1 12 1
35877 0 85 7 7 352 119
23185 0 85 42 42 1702 1463
40756 0 85 32183 32183 40742 40494
26136 1 26135 2 2 2 2
37633 0 20754 605 605 18750 18749
40883 0 1222 25653 25653 40819 40805
40904 0 1222 11014 11014 40748 40735
19190 1 22874 3 2 2 2
14563 2 35454 40943 40941 1923 1923
12530 1 5329 2 2 3 2
37793 0 425 52 52 9287 9267
7112 1 21005 2 2 7 3
13785 6 30026 3347 3346 5435 5435
30892 1 27200 2 2 2 2
22309 1 11345 3 2 9 2
652 1 11489 3 3 3 2
21523 0 5914 25 25 5287 5283
19459 1 8641 2 2 3 2
103 0 9917 511 511 1619 1618
34367 1 30925 2 2 3 2
39210 0 36049 288 288 8599 8598
27244 6 22681 516 515 66 66
12608 4 21734 19 16 5 5
31281 1 6359 2 2 6 2
40153 0 6359 26284 26284 40594 40586
28257 1 28256 3 2 2 2
3741 6 11977 4 2 7 4
8455 0 14334 101 101 78 77
11170 1 606 6 2 4 2
9097 4 33963 61 60 9 9
15436 1 15435 3 2 2 2
9201 1 9200 3 2 4 3
6058 0 5378 38 38 921 907
5378 1 9054 5 2 8 3
24455 0 7235 10 10 3628 3623
40886 0 36491 22267 22267 38709 38708
27948 0 29072 2605 2605 28478 28474
2574 1 10949 3 2 8 4
15184 1 36822 2 2 3 2
17033 1 208 2 2 3 2
5633 0 4663 702 702 11947 11931
23779 0 17423 11379 11379 32268 32264
31140 0 1615 12 12 208 203
25999 1 31140 2 2 3 2
29071 0 25203 4328 4328 16128 16125
4929 4 37085 415 409 262 262
11962 4 5667 17 13 4 4
14732 6 18907 15748 15747 124 124
4582 0 23340 1137 1137 4678 4674
2940 0 23340 19 19 29 26
6093 10 24981 4 3 3 3
14001 0 36202 211 211 1959 1959
37407 0 19919 6 6 8144 8141
28934 0 6210 2012 2011 411 408
13298 1 26814 4 2 3 2
12356 1 20726 2 2 2 2
11679 7 15652 112 106 10 9
18992 0 780 19 19 2180 2172
12696 0 1750 9557 9557 14617 14615
22477 1 2282 4 2 2 2
17701 4 36065 374 374 23 23
20641 0 36866 3777 3777 10769 10768
31601 0 1352 45 45 1059 1053
36144 0 28533 1305 1305 1582 1582
22400 2 2183 2 2 163 132
39117 2 5348 21 20 12 10
12905 1 5832 5 3 3 2
16355 1 22399 2110 2105 1936 1936
8334 2 35737 55 55 995 994
13347 0 26570 10 10 39 37
40889 0 34949 31674 31674 40890 40889
12551 0 7485 668 668 4733 4732
3154 1 27514 3 2 2 2
35950 0 20760 6 6 32 27
20760 0 25127 40 40 408 407
23933 1 23098 3 2 5 2
12685 6 19180 2409 2403 126 126
12358 2 4168 2 2 16 6
7700 2 4168 2 2 11 2
35674 0 16517 11035 11035 29432 29431
6813 1 5175 2 2 3 3
7375 1 7374 3 2 2 2
40890 2 23906 6113 6113 40782 40782
21948 4 38918 695 695 480 480
17500 9 17499 2 2 2 2
6759 1 21078 3 3 2 2
11196 0 24534 1316 1316 1288 1285
16734 7 13678 5314 5311 6 6
865 1 17946 8 2 2 2
1821 6 39122 425 411 34 34
11630 1 31896 2 2 2 2
7284 1 17756 4 3 2 2
26770 5 6829 1 1 8 2
37565 1 22789 3 3 3 2
11926 1 11925 2 2 3 3
27446 1 22702 5 3 3 2
13999 0 37238 129 129 245 244
2050 6 30438 8515 8515 9354 9354
21493 0 24309 8801 8801 38979 38979
40891 0 13449 31648 31648 40863 40862
15390 1 38904 10631 10630 576 576
33146 1 2101 5 4 15 7
17987 3 17986 5 3 3 2
29746 3 17987 2 2 7 5
2692 0 10487 2318 2318 4327 4324
32902 1 29338 2 2 3 3
14511 6 11512 5225 5218 458 458
6117 1 683 2 2 7 3
25817 0 40019 11788 11788 21607 21607
39730 4 31900 17103 17103 26061 26061
14912 3 19439 3 2 3 3
34332 4 1842 251 247 69 69
29957 5 8285 95 95 2823 2819
8398 4 40398 3658 3658 190 190
13141 4 36356 49 37 6 6
24146 1 36079 2 2 2 2
12197 1 24146 6 3 3 2
8973 0 15567 2488 2488 4426 4425
2840 1 18631 2 2 2 2
4993 1 4648 3 2 13 4
15543 4 26788 2271 2271 8487 8487
9926 1 1976 4 2 5 3
40893 0 10088 8275 8275 40838 40833
18632 0 15264 7607 7606 28464 28461
25930 4 9684 70 65 7 7
39714 5 5407 2 2 268 243
31612 1 9688 2 2 3 2
1782 1 1781 3 2 4 2
34009 6 39128 217 214 104 103
25597 0 4132 2527 2527 34214 34204
16378 0 2054 17 17 29 12
12541 0 2054 6 6 24 8
2054 1 17904 6377 6377 5100 5099
18557 9 18725 2 2 2 2
40453 1 28165 2 2 2 2
7231 0 16733 14375 14375 989 989
17867 1 14085 3 2 4 3
36201 4 39259 1137 1136 34 34
17202 0 12720 19 19 86 76
28053 0 4049 158 158 13113 13099
25593 0 4049 349 349 22508 22493
4049 1 28361 3 3 5 3
22873 1 37187 3 2 2 2
37187 0 3391 9042 9042 24481 24477
30984 1 6485 4 2 3 2
12052 1 6794 3 2 3 2
6371 6 13857 3688 3683 243 242
1675 3 3261 7 3 3 2
32329 0 39076 14527 14527 23255 23255
1788 0 22163 5 5 9 5
8791 1 15310 3 2 5 2
13863 1 15310 6 2 4 2
3838 1 15310 4 2 12 5
36716 0 15310 89 89 1280 1280
23303 1 6584 3 2 3 3
9014 0 13840 4717 4717 17321 17316
9501 1 16279 4 3 3 2
9412 1 35482 3 2 2 2
26517 1 352 12 10 24 15
30651 1 30650 3 2 2 2
13606 0 5759 6 6 75 60
24242 4 40495 862 862 1668 1668
3024 1 8489 3 2 9 3
4914 4 5471 130 125 6 6
16649 0 11808 21 21 178 173
16580 1 16649 2 2 2 2
8882 1 30608 2 2 2 2
24380 6 4034 13 13 50 48
20967 1 38940 51 48 17 17
38940 1 20967 17 17 50 47
12345 4 32572 111 110 6 6
17336 1 6811 2 2 4 2
4393 0 21188 27 27 83 81
16082 0 19592 23530 23530 39722 39721
13599 4 38034 253 253 155 155
2399 3 852 5 3 3 3
26551 1 17969 4 2 2 2
19862 1 25685 7 3 3 3
33100 0 23835 58 58 316 310
38732 1 16818 2 2 3 2
30257 4 39983 128 128 98 98
2097 1 9439 7 3 5 2
8891 1 8890 2 2 4 3
10946 1 16189 23 20 8 7
23311 5 666 11 11 1535 1507
7605 1 16736 3 2 3 2
40896 0 23801 40335 40335 40938 40936
3152 1 34834 4 2 2 2
8027 0 17129 25470 25470 39996 39995
18036 1 23414 4 2 4 3
10896 1 5187 2 2 2 2
29378 0 14065 5 5 93 91
11268 1 18820 5 4 13 10
10603 3 7644 3 2 5 4
28163 6 33290 49 49 91 91
26372 1 2839 4 2 3 2
13731 1 3340 6 4 3 3
30635 1 27499 2 2 3 2
19561 2 12788 23 21 33 31
6316 1 14884 7 5 7 6
14884 1 6316 9 8 8 6
40071 0 542 91 91 2586 2572
24433 1 24432 2 2 2 2
8518 8 19686 72 67 11 11
36028 1 13581 2 2 3 2
23015 1 39472 3 2 2 2
29941 0 8121 1615 1615 2669 2664
11007 0 39628 6313 6313 10822 10821
38483 1 35975 2 2 2 2
27069 0 17594 12 12 280 279
31414 0 21528 14 14 40 37
10966 0 6448 154 154 721 717
7275 0 36151 8850 8850 15475 15474
10347 0 12311 8 8 163 152
40897 0 15992 33553 33553 40918 40913
29348 1 9181 2 2 6 2
181 4 20452 180 175 11 11
30056 0 13450 399 398 2113 2107
13510 0 34706 4155 4155 26360 26358
9041 1 8986 10 6 7 2
33052 1 6521 3 2 3 3
26934 4 36843 134 134 220 220
2778 1 2777 5 2 2 2
28399 9 24687 2 2 4 4
28399 0 7125 8 8 11 9
163 1 9522 6 2 3 2
38964 6 15538 4 2 5 3
36295 6 20656 3268 3268 1282 1282
7947 1 3044 6 3 6 2
24577 0 6103 7018 7018 12433 12430
39447 2 955 21 20 132 120
27080 0 35724 187 187 935 935
18317 0 16471 198 198 4258 4255
40899 0 1371 9810 9810 40803 40780
35847 0 1371 3 3 105 83
32447 6 14556 100 99 5 4
5046 5 5363 663 663 36459 36444
31855 0 1378 4 4 79 19
19994 0 1378 10 10 81 20
25740 0 1378 353 353 216 154
40676 0 1378 6047 6047 40392 40329
20832 0 2453 438 438 19577 19523
38637 0 35536 165 165 705 705
29542 6 38922 21 21 13 13
17578 1 8885 3 2 5 3
40900 0 3668 16242 16242 40839 40831
38879 4 40465 120 120 317 317
23645 1 3271 3 2 3 2
10717 1 23392 3 2 6 4
7129 6 37636 1189 1169 3 3
7129 6 39342 68 49 16 13
22752 1 11603 4 3 3 2
13171 0 2104 74 74 4141 4125
3840 4 25993 28 27 3 3
6976 1 6542 2 2 2 2
6504 0 17314 13 13 112 105
1218 1 18913 6 2 2 2
23637 1 22005 2 2 2 2
12259 4 40042 1978 1978 6049 6049
29053 0 31232 5 5 39 35
14841 1 11642 4 2 4 2
12434 1 11406 3 2 5 2
4571 1 19807 2 2 2 2
12516 1 16943 2 2 4 3
9471 1 28564 3 2 2 2
40902 0 30686 12111 12111 40497 40496
215 1 13069 5 2 3 2
28342 4 21955 230 230 85 85
4050 1 5908 3 2 2 2
10960 0 16571 20214 20214 29935 29934
3343 1 1512 6 2 5 4
15421 1 7039 6 2 3 2
40903 0 23890 3048 3048 40336 40335
18173 1 23932 4 2 3 2
26645 1 11702 2 2 3 2
15117 1 11702 2 2 2 2
7241 1 9423 3 2 2 2
15866 1 20662 3 2 5 2
308 1 23762 6 3 2 2
1602 1 20590 3 2 3 2
7541 1 7540 3 2 2 2
4015 0 32323 14803 14803 6262 6262
36003 2 3957 4 3 5 1
11479 0 4865 310 310 12211 12205
1202 0 14475 4186 4186 12590 12587
14612 1 19739 2 2 3 2
7024 0 6752 26 26 905 890
32853 0 5203 3267 3267 19985 19983
37253 0 40396 30898 30898 37303 37301
34648 0 16831 16 16 36 35
1613 1 3914 5 3 6 3
10826 0 26562 1125 1125 18515 18510
23101 1 12527 3 2 4 2
27830 0 8061 1251 1250 10922 10920
20864 1 6464 2 2 4 2
5262 6 29332 1332 1330 1618 1618
35821 0 16863 2333 2333 27554 27548
13407 1 4967 3 2 3 2
9713 1 18011 3 2 2 2
31393 4 27927 1421 1421 2964 2964
12347 1 13214 4 2 2 2
22063 1 36525 2 2 2 2
37425 0 4766 4520 4520 8340 8340
27152 4 38832 86 85 3 3
31830 5 24055 709 709 2196 2196
15799 6 17609 12 1 1 1
38974 0 621 4 4 79 78
17241 0 17150 2 2 4 3
2858 4 33960 60 28 2 2
26230 0 10765 3 3 20 13
19752 1 19897 8 4 4 2
38731 0 10922 27 27 2983 2980
30909 6 31031 37898 37898 39517 39517
40907 0 25161 16935 16935 40550 40548
36978 0 692 8 8 460 436
29708 0 692 7 7 76 53
20476 1 6724 5895 5894 8243 8241
40908 0 7921 32776 32776 40869 40869
2443 9 5163 7 6 2 2
12141 1 2443 3 3 2 2
7159 4 32394 206 204 48 48
9995 0 1520 16 16 234 224
3657 1 11758 12 12 251 247
687 6 27283 35309 35288 1146 1146
8662 0 716 9 9 69 31
7974 1 3145 6 3 2 2
24517 1 9302 2 2 6 4
7449 0 7095 16549 16548 11107 11107
31989 4 40175 321 321 14 14
40909 0 3338 16257 16257 40808 40800
19172 0 15730 14 13 19 18
15433 6 23550 24132 24129 4040 4040
15869 1 9418 4 2 4 3
27694 3 13419 2 2 3 2
21543 0 14367 16924 16924 27308 27302
5015 4 5256 9 2 2 2
16016 1 10865 4 3 2 2
2379 0 14652 7188 7188 17172 17172
40910 0 10662 20360 20360 40792 40784
13388 1 17572 3 2 4 2
38526 0 17405 15788 15788 34273 34265
9889 0 38560 2278 2278 32522 32521
11600 0 13047 5 5 21 13
40912 0 9931 5568 5568 40605 40605
36575 0 34172 2979 2979 2228 2225
19960 6 20910 36799 36798 18625 18625
10868 1 6529 3 2 3 2
25398 1 30292 2 2 3 2
13664 1 23487 4 2 2 2
40913 2 1214 291 291 40645 40626
13094 2 1214 5 3 23 5
16437 0 26208 4757 4757 19010 19008
22757 1 22756 3 2 3 3
40260 0 26108 3 3 35 33
32735 0 5654 2 2 12 9
3447 1 9780 7 3 3 2
14404 1 3447 2 2 5 3
7985 1 4209 3 3 6 3
40915 0 10407 38146 38146 40879 40879
6851 1 6468 3 2 5 2
15604 3 4192 14 14 11 11
9074 0 2243 7 7 82 81
16945 1 27937 2 2 2 2
37937 2 17319 15 14 173 169
17444 1 7040 2 2 3 2
24542 0 21434 18416 18416 36380 36379
19654 0 38248 3295 3295 298 298
40916 0 25194 15570 15570 40642 40641
3512 1 1507 5 2 3 3
35515 4 5683 339 339 2744 2744
26598 1 13630 2 2 2 2
3815 1 39428 3 2 2 2
4037 0 16708 7 7 161 157
29698 0 8868 17213 17212 28170 28169
15051 1 14230 2 2 2 2
1006 3 17460 3 2 7 3
20944 1 2415 4 2 5 2
9847 3 11802 6723 6715 3501 3501
19964 4 40677 40851 40848 16504 16504
23100 1 23574 2 2 2 2
21645 1 16026 5 3 4 3
3046 0 140 270 270 9474 9468
1732 6 23260 24 11 2 2
29279 4 22476 529 529 9 9
21641 0 8412 800 800 1102 1101
40283 0 13935 404 404 127 124
20075 1 5623 4 2 3 2
32173 0 25942 9 9 228 225
17114 1 9438 2 2 3 2
33419 4 28271 265 263 37 37
40917 0 5681 20436 20436 40675 40674
15907 1 15906 3 2 4 2
15906 1 26088 5 2 2 2
14098 4 39569 73 71 168 168
4725 1 3135 3 2 4 3
24645 1 21259 3 2 3 2
22111 1 25386 2 2 3 2
11499 1 5619 2 2 5 2
3068 1 3431 5 2 5 4
7765 1 7764 4 2 2 2
11813 1 30361 4 2 2 2
13330 1 4080 2 2 2 2
40919 0 27595 32402 32402 40870 40869
26579 0 27595 972 971 14256 14256
20569 1 7364 3 2 7 2
27835 1 30774 2 2 2 2
2212 6 39573 40532 40532 20703 20703
29644 1 22647 2 2 3 2
28102 1 13943 2 2 3 2
39806 0 4094 19021 19021 24321 24321
11333 0 1873 31 31 612 603
7708 1 7707 2 2 2 2
20826 6 37122 71 70 61 61
35116 1 2058 2 2 6 2
4697 1 3858 3 2 4 2
11455 4 7090 119 115 4 4
40921 0 10175 10127 10127 40722 40716
38431 1 28014 2 2 2 2
12033 1 19844 3 2 3 2
5245 0 33893 2873 2873 1339 1339
34222 0 38513 103 103 1669 1668
8695 1 8694 2 2 4 2
3104 1 3103 2 2 3 2
15438 1 11384 3 3 3 2
31721 1 24228 2 2 2 2
2370 4 3245 25 5 3 3
8754 1 6098 2 2 3 2
8754 1 4244 6 3 4 2
18988 0 27345 6 6 28 27
40923 0 13663 1608 1608 40550 40529
11049 0 722 1174 1174 23255 23247
38784 0 6570 85 85 993 978
16141 4 16183 19 17 6 6
496 1 32512 3 2 2 2
37743 1 14493 2 2 6 3
5090 1 38941 3 2 2 2
34217 1 30032 3 2 3 2
16865 1 8774 2 2 2 2
26008 1 24248 3354 3352 3369 3369
37763 1 3707 2 2 2 2
22457 6 34682 60 60 188 188
33138 1 11811 2 2 2 2
25767 4 33687 173 173 6 6
13958 4 28025 35 27 3 3
656 1 37010 4 2 2 2
10583 1 2117 6 4 9 2
20736 1 17537 1564 1564 1426 1425
10184 0 28333 265 265 254 250
38142 0 26564 27513 27513 16833 16833
3096 4 25112 294 286 32 32
15613 0 15381 4 4 71 67
22584 1 12684 3 3 4 2
10350 1 13671 2 2 2 2
7514 1 25165 4 2 3 2
25852 1 20593 2 2 3 2
14893 0 27550 275 275 2888 2888
22787 1 22786 2 2 3 2
5300 0 27067 43 42 96 96
622 0 8078 2 2 15 4
24444 8 33475 275 275 15655 15655
35002 0 19318 187 187 1270 1268
5466 0 115 198 198 6346 6330
19843 0 2682 2 2 30 29
22395 0 5140 5762 5762 24436 24432
20504 0 11647 20 20 3426 3417
11184 4 27448 1326 1317 21 21
33563 0 18375 20250 20250 2471 2471
19846 1 18645 1843 1841 447 446
23722 0 20561 11901 11901 13514 13514
36869 1 18872 2 2 7 3
1358 1 1357 4 2 2 2
13443 1 1717 4 2 4 2
9968 1 13305 4 3 3 2
6222 1 29825 3 2 3 2
19156 0 89 14615 14615 39336 39318
28882 9 3696 2 2 2 2
40924 0 22072 2292 2292 38416 38412
30066 1 7387 2 2 4 2
15533 0 7387 50 50 385 379
6506 6 39335 607 600 21 21
29368 0 40057 40113 40113 28853 28853
27225 6 33459 74 67 16 16
34773 0 34386 7275 7275 38619 38617
40449 0 1803 20722 20722 30561 30553
21774 6 9252 2661 2661 17774 17774
18483 1 17730 3 2 3 2
18247 1 33545 2 2 2 2
38623 0 5839 2129 2129 22274 22269
4359 1 29197 4 2 6 2
29197 1 13612 5 2 3 2
27198 1 6242 3 3 2 2
27447 1 4053 3 2 3 3
13806 1 28087 2 2 3 2
40925 0 19888 23035 23035 40589 40589
9983 4 21913 141 139 20 20
20348 0 11447 29 29 889 889
38036 0 1666 418 418 21254 21243
32679 0 34089 8878 8878 2745 2745
35965 4 17251 55 55 61 61
18481 6 27900 3787 3787 616 616
37628 1 32564 2 2 2 2
4466 1 21189 3 3 2 2
640 1 7220 3 2 3 2
24070 0 18975 26703 26703 34753 34751
2758 1 22165 3 2 3 2
4556 1 9927 4 2 5 2
40353 0 10745 1772 1772 28850 28845
19632 1 35311 2 2 2 2
39784 1 31199 2 2 2 2
4594 0 5891 170 170 11044 11040
4491 0 19288 356 356 475 473
30729 4 33668 310 310 299 299
34985 0 3925 215 215 3869 3865
28487 1 7168 3 3 6 2
26416 1 36198 4 2 2 2
34811 0 1272 469 469 8478 8461
3263 1 2390 3 2 3 2
11689 0 15537 17 17 69 66
28752 0 4416 6 6 28 27
27422 0 8663 72 72 5703 5701
5643 1 3754 3 2 2 2
11366 1 26527 7 3 5 2
24792 1 893 2 2 3 2
6657 1 21399 2 2 2 2
18566 1 6657 2 2 3 2
39413 0 5325 12 12 6764 6738
11969 1 26616 9 9 4 3
36488 1 6245 2 2 6 2
11151 1 17991 3 2 2 2
3136 1 16161 3 2 2 2
30980 0 3884 56 55 2062 2057
30250 1 32816 4 2 2 2
4638 1 29948 2 2 2 2
27855 0 9636 131 131 208 208
22777 1 35880 4 2 2 2
3901 1 1387 2 2 6 6
22243 0 13777 54 54 50 41
5542 1 30223 2 2 3 2
38033 0 20954 6018 6018 3352 3352
29753 0 15565 710 710 9919 9911
29266 4 13537 9913 9913 2238 2238
1937 6 25054 4454 4451 3281 3281
21124 0 14843 16440 16440 40317 40314
40927 0 290 25738 25738 40694 40649
31744 4 8674 101 100 7 7
40127 0 2558 674 673 3422 3407
2529 4 12558 142 135 9 9
7694 1 33571 5 2 3 3
22610 0 27194 11 10 62 57
30249 0 6066 17363 17363 35705 35704
658 0 13432 2174 2174 18420 18414
40928 0 9369 10035 10035 40491 40490
38434 0 9010 1312 1312 6988 6987
30241 6 28445 6 3 2 2
35998 1 12005 2 2 5 2
37809 2 18294 1201 1200 1987 1985
11424 1 34792 8 3 4 4
35840 0 11072 7072 7072 40531 40526
28978 1 22902 2 2 2 2
11576 6 38596 101 99 4 4
1930 4 36216 371 364 11 11
7939 1 10211 5 2 4 3
28794 4 27413 258 258 38 38
5741 0 1817 38 38 5 5
5741 6 31343 5 2 3 3
19214 6 3845 111 107 6 5
23468 1 1116 4 2 4 2
19251 1 13436 4 3 3 2
30832 0 17008 4642 4641 2985 2985
10086 1 10085 2 2 3 2
20123 1 21785 4 3 4 2
29801 1 16682 2 2 6 2
2714 6 17927 113 69 19 15
3544 6 29062 41 30 25 24
16737 0 2582 150 150 10655 10651
37791 0 27732 5 5 877 872
17526 4 11245 58 56 17 17
1533 0 604 874 874 4493 4482
39727 1 9142 2 2 8 3
13018 3 4849 3 2 3 2
32445 0 36854 9 9 295 293
30065 6 21979 110 110 1010 1007
1742 6 21979 7835 7835 18712 18708
23039 1 22926 4 2 2 2
32339 1 27741 3 2 4 2
17262 4 33581 481 480 292 292
26419 1 3896 2 2 3 2
2404 6 17683 36 34 4 4
33189 0 14812 4773 4773 31865 31861
26452 9 7754 1572 1572 9893 9892
19015 1 28438 2 2 2 2
12913 1 9397 2 2 4 2
40931 0 27727 17740 17740 40777 40776
1419 1 22014 4 2 2 2
22075 4 35020 150 149 133 133
14470 4 37913 146 145 25 25
28719 0 7960 1297 1297 10137 10137
8597 1 843 2 2 4 2
14278 0 7240 4415 4415 16446 16429
2970 0 8651 5170 5170 12766 12765
17407 6 4098 3946 3945 379 379
15599 5 6014 153 153 992 989
23298 0 37796 15 15 9 7
23743 4 1839 596 592 155 155
9242 1 9241 2 2 3 2
40932 0 8840 26750 26750 40744 40737
20097 1 39891 6 3 2 2
28366 1 34247 3 2 2 2
23644 0 37462 4731 4731 1407 1407
9572 9 9571 4 4 2 2
30724 1 28310 2 2 3 2
18933 4 6687 98 96 5 5
17759 0 2861 96 96 1604 1596
40933 0 15371 9018 9018 40679 40675
38707 1 6267 2 2 2 2
4208 1 4207 4 3 3 2
15219 1 38553 2 2 2 2
23158 4 15716 272 272 74 74
21950 1 27256 2 2 3 2
34499 0 3934 5322 5322 28413 28410
35578 1 3227 2 2 3 2
7908 1 6243 32 25 17 16
1914 6 14604 1109 1085 201 201
38010 0 30717 1043 1043 6806 6805
40934 0 22330 11766 11766 40725 40725
36509 0 1481 13012 13012 11922 11921
17630 1 5576 2 2 2 2
16260 4 1174 183 177 20 20
8162 2 27707 1004 1004 3221 3221
28523 9 16965 2 2 3 3
40935 0 16658 5153 5153 40531 40528
25614 0 86 13 13 193 190
18620 3 6300 3 2 3 2
10303 0 1380 23 23 45 30
37033 0 20187 529 529 3496 3495
26386 0 18443 6605 6605 10873 10872
38926 0 5480 14037 14037 30535 30534
29831 0 12577 30 29 36 29
15782 0 21097 3676 3676 40492 40489
22438 1 8094 2 2 3 2
40936 2 3999 13936 13936 40776 40737
1838 0 11464 5586 5586 18748 18746
14405 6 31106 1425 1422 770 770
38576 6 23883 707 707 1677 1677
17088 4 35425 2514 2514 658 658
849 10 13402 5 5 5 5
31905 1 5241 3 2 4 2
5409 0 9991 18 18 46 44
7245 0 31986 2626 2626 15913 15912
34983 1 16742 2 2 2 2
10762 1 12714 3 2 3 3
10953 0 273 12 12 121 107
26769 0 1194 2 2 13 11
12790 6 38666 10 9 3 2
20833 0 14547 63 63 838 838
31477 0 20633 3 3 12 10
25922 1 17748 4 2 2 2
35874 0 3549 22 22 135 120
24436 1 2798 2 2 2 2
25966 1 11230 2 2 2 2
16275 1 18980 5 3 5 2
7862 4 17841 32 29 8 8
12959 0 12265 990 990 11503 11503
40938 0 25310 17943 17943 40157 40155
35627 0 3269 3 3 12 9
18098 1 22245 9 3 2 2
35614 0 5846 3 3 43 13
29207 1 24456 3 2 6 3
1048 1 24443 3 2 3 2
22767 5 6095 2 2 25 22
12231 0 16476 2 2 7 3
19496 1 30112 2 2 5 2
40940 0 7382 12589 12589 40731 40728
8838 1 20614 5 2 3 2
30101 1 30632 4 2 4 2
9830 1 34527 2 2 3 2
40941 0 13946 1367 1367 40465 40463
28643 0 11339 9 9 479 475
13847 1 14386 3 2 4 2
27260 1 35256 3 2 3 2
35120 4 33416 24 22 3 3
6728 1 6727 13 4 5 3
