1678 7 40551 421 183 1 1
1678 7 18056 331 97 1 1
1678 7 30089 385 150 1 1
1678 7 36781 298 68 1 1
1678 7 18000 266 37 1 1
1678 7 9202 437 198 1 1
1678 7 26036 11780 11539 5 5
1678 7 35669 307 76 1 1
1678 7 40887 38884 38641 17 17
1678 7 38204 29453 29211 16 16
17935 9 35175 3 3 2 2
785 8 10116 19505 19047 10 10
785 8 37575 6015 5566 7 7
785 8 21817 15895 15439 3 3
785 8 18729 679 235 20 17
785 8 12268 4144 3697 5 5
785 8 29200 13128 12674 7 7
785 8 23537 29594 29128 4 4
785 8 6770 24543 24082 19 19
785 8 1493 34311 33840 18 18
785 8 28822 17010 16553 3 3
785 8 15703 30535 30068 97 97
785 8 8245 38955 38483 10 10
785 8 36761 33117 32647 22 22
785 8 155 7864 7413 3 3
785 8 39420 29252 28788 2 2
785 8 38749 20787 20328 5 5
785 7 11761 23944 23930 61 61
16176 4 33688 2676 2674 1406 1406
18671 0 11241 8 8 43 28
19621 0 11241 4 4 34 20
15582 0 4030 149 149 904 875
25033 0 4030 2 2 37 12
31351 0 4030 45 45 506 478
19165 0 2969 5 5 310 301
21012 1 19165 6 3 3 2
16748 6 29001 9 8 8 6
31740 0 1183 28 28 1494 1451
26184 1 32091 89 86 6 6
32091 1 26184 6 6 82 79
4194 1 6975 2 2 3 2
6975 1 3569 3 2 8 3
15602 0 4367 1408 1408 23653 23624
6546 0 4367 28 28 5624 5597
24512 1 24859 2 2 2 2
33182 0 5053 10550 10550 30858 30855
5945 6 10270 16 13 20 19
5109 0 22368 1452 1452 30488 30483
20774 0 8060 46 46 6 6
12274 1 9268 2 2 3 2
12842 1 15886 6 2 3 2
13394 1 3789 4 2 2 2
13394 0 3459 6051 6051 37989 37980
38200 3 8055 5 4 7 5
36698 0 586 63 63 14921 14841
13143 0 586 38 38 2030 1953
7684 1 586 4 3 9 4
586 3 772 17 7 4 3
586 3 3510 32 21 7 7
586 1 11276 11 4 4 2
38212 2 121 8 8 3846 3346
34053 2 121 7 7 8040 7536
21130 2 121 6 6 1476 984
22680 2 121 2 1 474 1
33440 2 121 11 11 6022 5520
37929 2 121 5 5 861 375
25514 2 121 17 17 5547 5046
31531 2 121 5 5 1025 535
15287 2 121 7 7 2927 2429
30007 2 121 2 1 479 4
33594 2 121 2 2 505 27
31050 2 121 6 6 1700 1206
10443 2 121 2 1 472 1
13776 2 121 3 2 554 74
28371 2 121 20 20 2863 2366
25046 2 121 7 7 1012 523
29285 2 121 18 18 17615 17107
29029 2 121 3 3 866 379
39017 2 121 3 3 701 218
36587 2 121 20 20 10085 9578
29042 2 121 9 9 3654 3155
20341 2 121 7 7 2096 1601
33915 2 121 9 9 1386 895
14588 2 121 3 2 498 21
121 6 39924 78 74 16 16
40757 0 1311 2858 2858 34992 34975
40804 0 1311 3106 3106 35692 35674
1311 0 896 23 23 36 31
18270 1 18269 4 2 2 2
13049 0 4990 9 9 905 886
36351 0 4990 7 7 1568 1548
29179 1 10971 2 2 2 2
23886 0 6769 2 2 6 5
30612 0 4411 109 109 1763 1762
14866 0 3633 8 8 439 434
35748 0 11399 674 674 12604 12598
31413 0 15186 8 8 9 7
20145 0 11015 6 6 14 13
40728 5 914 135 135 29891 29597
28450 5 914 34 34 16169 15878
7848 5 914 3 3 646 362
35945 5 914 2 2 577 294
25546 5 914 7 7 2939 2650
38155 5 914 2 2 1951 1664
36490 5 914 10 10 5602 5312
31958 5 914 3 3 1269 983
16022 5 914 10 9 377 95
1595 5 914 5 5 363 82
5734 1 377 4 2 3 2
22785 0 5734 11 11 25 24
1255 6 24915 81 81 9133 9133
14244 1 11981 2 2 6 3
19390 0 4369 126 126 2554 2535
15364 0 4369 24 24 8509 8487
6533 0 4369 133 133 3227 3206
20079 0 4369 58 58 2630 2610
3634 1 4369 5 2 2 2
10990 1 4301 6 2 3 2
16398 1 2783 5 4 9 3
2783 1 1316 11 4 7 3
31737 0 16660 3 2 15 2
40758 0 6286 6206 6206 28103 28091
36771 0 6286 6 6 43 33
23301 0 6286 77 77 154 143
6286 1 7865 3 3 3 2
40759 0 45 15340 15340 38422 38419
45 1 44 14 3 2 2
30663 4 40225 239 238 68 68
14235 0 20549 74 74 2436 2431
20549 1 8731 4 3 7 3
15727 0 20842 3 3 4 3
28017 0 10090 344 344 19452 19437
40795 0 10090 1166 1166 17418 17404
32851 1 11382 3 3 3 2
21858 0 14369 61 61 3226 3222
34003 0 20650 2 2 14 13
5656 1 624 3 2 7 2
624 1 34337 6 2 2 2
32035 1 33317 2 2 2 2
6074 0 11052 1592 1592 293 293
6074 1 6073 3 2 2 2
31355 4 35983 105 102 33 33
10203 0 23680 8653 8653 34950 34950
34114 4 1598 4 3 4 4
15430 4 617 21 6 3 1
617 6 23164 305 290 448 448
40760 0 3796 2745 2745 19885 19873
40898 0 3796 301 301 3784 3773
27089 0 25460 2 2 11 3
38920 0 20791 4953 4953 9490 9490
26740 0 15987 52 52 2434 2429
26740 5 4475 4 4 70 50
33592 0 3640 2 2 93 24
21749 0 16741 6 6 18 14
40287 6 21134 3 3 6 6
14022 1 6297 6 2 2 2
14504 1 14022 2 2 6 2
40761 0 448 5911 5911 29352 29327
23685 1 146 3 2 4 3
24780 0 39997 20996 20996 10055 10055
40762 0 1763 6474 6474 30449 30444
6572 1 6944 7 3 4 2
6944 0 1701 1440 1440 20687 20680
4031 1 9327 10 2 7 4
37067 1 10473 2 2 3 2
23647 0 1338 4 3 29 2
23277 0 13709 150 150 14085 14065
3947 0 12235 118 118 2958 2949
12250 1 12717 2 2 2 2
271 6 40026 3420 3393 783 783
14931 1 36099 18 16 9 8
36099 1 14931 29 28 26 24
36099 1 27949 2 2 3 2
14576 5 2971 5 5 125 61
13484 5 2971 1 1 63 1
7443 1 25067 5 2 4 3
16880 0 18633 339 339 3556 3550
16881 1 16880 2 2 5 3
17282 0 228 5 5 5092 5019
33871 0 228 19 19 5220 5146
40763 0 987 10955 10955 33594 33589
20046 0 4696 36 36 1060 1053
8415 2 7033 3 1 6 1
15870 1 18392 3 2 5 4
25017 9 18392 3 3 4 3
3787 1 8742 5 4 9 5
23980 0 3787 277 277 3059 3042
8742 1 19068 9 5 8 3
11482 1 10803 3 2 2 2
2901 0 30222 18150 18150 24811 24811
10757 0 3459 657 657 13126 13119
26302 0 3459 1734 1734 16672 16664
10581 4 27666 1379 1379 6318 6318
11449 2 6220 3490 3489 4577 4570
258 6 35861 19779 19775 1816 1816
25183 3 11235 210 210 1071 1070
15107 1 15106 2 2 2 2
20809 4 32820 14363 14344 465 465
20809 4 32206 482 464 34 34
4981 1 17073 5 3 3 2
16542 0 4523 26 25 51 49
40894 0 16542 6281 6281 16798 16796
10161 1 10160 3 2 5 2
10160 0 15134 735 735 14403 14396
26185 1 15249 2 2 2 2
1771 1 1770 7 2 3 2
1771 1 9610 8 2 5 2
1771 1 36226 6 2 2 2
24128 0 8842 1715 1715 18778 18775
26157 1 31405 3 2 3 2
31405 1 31404 3 2 2 2
6096 1 29574 5 2 2 2
31306 6 34770 8908 8908 37574 37574
65 9 439 2 2 2 2
9078 1 23938 3 2 3 2
10215 0 5164 7951 7950 19550 19541
1559 8 14508 62 44 2 1
1559 8 25902 15808 15789 113 113
23501 0 1668 2825 2825 27891 27820
20112 1 27611 3 3 2 2
29717 0 30926 11259 11259 39241 39240
40020 0 17095 3093 3093 17737 17736
23138 0 1929 18 18 6240 6010
38723 0 1929 2 2 223 3
27757 0 1929 9 9 1140 913
35086 0 1929 6 6 286 63
20750 0 1929 13 13 1059 833
38906 0 1929 69 69 5580 5351
18333 0 1929 5 5 236 15
15970 1 3369 3 2 4 2
8306 2 25327 9 8 12 5
25327 5 3250 3 3 38 26
32633 1 5596 6 5 9 5
30166 0 5644 7 7 87 70
3771 0 5644 29 29 1047 1029
36968 0 18425 3065 3065 15789 15786
4765 1 4764 3 2 7 3
17970 0 4765 63 63 2917 2912
13604 2 251 1 1 10 1
37309 0 30216 678 678 3466 3466
38488 0 19873 22646 22646 32619 32618
21703 2 1136 8 7 448 380
37709 2 1136 26 25 1237 1167
29422 2 1136 27 26 902 833
34900 2 1136 8 7 323 256
4319 2 1136 546 546 13699 13627
35289 1 33808 2 2 3 2
7560 1 5488 3 2 6 2
40937 0 5488 21167 21167 29992 29989
13163 0 5488 111 111 72 70
3087 1 18847 3 2 2 2
27819 0 3087 2410 2410 21799 21783
29206 1 25712 3 2 3 3
4485 0 608 19 19 1027 663
4485 1 4213 7 4 7 2
2562 0 608 38 38 5391 5015
20006 0 608 285 285 20246 19850
40838 0 608 11 11 3638 3265
40777 0 608 44 44 7826 7445
39245 0 608 55 55 12272 11884
40814 0 608 135 135 18371 17978
14223 0 608 146 146 18833 18439
1328 0 608 2 2 3883 3509
40785 0 608 55 55 11221 10834
40830 0 608 45 45 9303 8921
28595 0 608 32 32 9624 9241
7793 0 608 305 305 26714 26314
40884 0 608 144 144 15956 15565
30256 0 608 4 4 2482 2113
33590 0 608 15 15 1239 873
40793 0 608 58 58 7566 7186
37242 0 608 100 100 24493 24095
9757 0 608 254 254 27558 27157
21406 0 608 98 98 20799 20402
40764 0 29777 6623 6623 31496 31494
13128 0 959 34 34 3750 3718
35052 0 959 51 51 2376 2345
14092 1 7130 4 3 5 3
40765 0 18 2234 2234 15829 15829
37609 0 25129 1250 1250 9525 9521
3268 1 10028 2 2 5 3
40766 0 35564 14529 14529 25357 25357
15729 1 12999 9 6 12 10
12999 1 15729 13 11 10 7
35258 4 25396 53 53 63 63
38187 1 29741 2 2 4 3
38187 0 2275 75 75 6011 5977
40767 0 15247 17511 17511 33195 33192
27131 1 17012 2 2 2 2
15936 0 23068 13 13 10 8
7803 1 13968 13 11 15 13
13968 1 7803 15 13 13 11
40572 0 32910 21974 21974 33527 33524
39830 0 32910 4 4 18 16
14004 0 25065 6 6 24 21
25065 0 4789 59 59 3739 3737
32733 0 248 20 20 175 166
10121 0 248 33 33 307 297
30194 0 7722 3 3 21 9
23606 0 4877 10 10 389 378
32247 0 4877 2 2 74 64
30622 0 2318 7 7 360 238
26982 0 2318 495 495 6327 6199
9320 0 2318 98 98 5936 5810
26224 0 2318 2079 2079 19588 19458
18713 0 2318 24 24 5991 5864
38875 0 2318 1158 1158 12542 12413
3443 1 12083 3 2 3 2
13887 0 3443 25 25 489 477
18271 0 3443 3 3 49 39
4423 0 24850 2 2 9 8
1038 4 13190 552 381 16 16
1038 4 40447 675 503 7 7
1038 4 33781 336 169 6 6
1038 4 31677 361 193 6 6
1038 4 7455 271 107 4 4
23751 4 8080 63 59 3 3
8080 4 23312 34 31 3 3
25625 5 2176 7 7 2730 2626
24036 5 2176 3 3 344 243
18415 5 2176 71 71 16727 16622
29637 0 28168 25 24 126 121
17924 0 7315 1338 1338 13172 13167
13300 0 11301 2729 2729 13308 13297
13300 6 14769 17973 17970 15963 15962
25115 0 11301 11476 11476 33029 33017
20438 0 11301 814 814 11944 11934
37862 0 11301 15 15 369 360
34851 4 31118 20 19 6 6
40242 0 24346 15064 15064 32930 32927
26644 1 4985 4 3 2 2
26644 1 16054 3 3 3 2
8110 0 12168 4 4 58 23
36165 0 12168 481 481 19014 18977
22455 6 27199 3814 3814 34652 34652
7288 1 36878 2 2 2 2
19322 5 7288 206 206 4985 4970
40768 0 1784 1283 1283 28792 28744
15769 0 1784 13 13 2250 2205
40438 0 1784 37 37 6556 6510
40839 0 1784 246 246 13254 13207
27441 0 25270 36320 36320 31090 31089
25270 0 6354 5766 5766 5551 5548
12380 1 20717 5 2 3 2
3729 0 20717 141 141 7730 7719
176 1 25906 27 26 131 128
25906 1 176 213 210 57 56
40769 0 10981 34765 34765 40348 40347
24894 0 7247 8 8 45 36
27000 0 7247 17 17 487 477
17047 0 13439 10925 10925 38217 38217
40770 0 3005 3078 3078 37041 37027
12076 1 3005 3 2 7 3
12740 4 40747 31732 31732 37148 37148
16545 1 14634 2 2 9 2
4313 1 3457 10 4 9 5
1482 0 13752 1782 1782 223 223
1482 1 35255 7 3 3 2
11251 1 13752 3 2 3 2
28721 1 22741 2 2 2 2
28721 0 15897 4 4 6 4
3761 0 8987 13113 13113 17173 17173
8987 3 23784 25724 25724 14197 14197
7280 1 26118 3 2 2 2
28912 1 26118 4 3 3 2
38386 0 1904 2 2 4 2
6607 1 11157 5 2 3 2
637 6 31616 23358 23313 7516 7516
637 6 39715 696 655 85 85
637 6 14054 46 7 10 10
637 6 39536 22688 22644 2897 2897
637 6 23571 2541 2498 921 921
637 6 40404 2385 2343 578 578
637 6 29851 477 437 88 88
5767 4 21704 19 1 1 1
3432 4 7926 15 13 4 4
3509 0 3407 3 3 19 15
13238 0 3407 4 4 15 12
26647 1 3407 4 3 7 2
24287 1 17938 3 2 4 3
36533 9 24287 4 4 5 4
17939 1 17938 2 2 5 3
9673 1 8487 5 2 7 4
7998 1 9673 5 2 4 2
8487 1 7998 4 2 5 2
3814 1 3548 7 4 2 2
23744 0 296 9 9 196 54
21505 0 296 194 194 3069 2919
7397 0 296 55 55 1248 1100
10506 0 296 17 17 371 226
38028 0 296 4 4 163 22
12013 0 296 42 42 708 561
15119 0 296 5 5 160 20
36945 0 296 229 229 4749 4598
36798 0 51 32 32 2126 1931
38369 0 51 629 629 8207 8009
40705 0 51 4284 4284 33191 32989
20387 0 51 386 386 6918 6721
40810 0 51 820 820 6176 5980
27837 0 51 18 18 451 259
5886 0 51 17 17 1999 1805
20051 1 20050 3 2 4 2
20861 1 5558 3 2 4 2
26868 0 6233 4 4 26 17
26868 1 5872 5 3 5 2
37434 0 917 26 26 54 52
25228 0 917 5908 5907 2609 2606
20402 0 16155 9258 9258 12124 12123
30004 0 2482 4 4 121 112
18986 0 2482 10 10 961 951
39024 0 29467 18717 18716 15582 15580
38724 0 29467 1584 1584 1803 1802
36561 5 129 5 5 888 844
1583 0 129 74 74 4494 4485
406 1 1287 6 4 14 4
23997 1 406 3 2 3 3
18173 1 1287 5 3 13 4
40882 0 1287 198 198 15202 15162
332 0 1287 13 13 307 269
18612 4 33576 32 13 8 8
18612 4 19325 625 604 6 6
12266 4 18612 23 16 3 3
5940 0 532 9 9 85 12
1521 0 532 15 15 535 457
40279 0 532 14 14 502 425
30426 0 532 11 11 149 73
15231 0 532 4 4 86 12
40771 0 10613 24881 24881 36431 36420
29184 1 22723 5 3 4 3
29184 1 30903 2 2 2 2
6386 0 26454 2258 2258 25261 25257
3277 1 37105 2 2 3 2
31630 0 33081 28969 28969 40629 40628
33081 0 3606 8350 8350 22829 22816
1354 1 1353 2 2 3 2
4940 6 40772 9180 9178 626 626
4385 0 4940 185 185 2382 2372
29446 0 4940 113 113 6679 6668
24366 1 7539 2 2 2 2
9683 6 40773 8449 8448 4488 4488
40773 0 2732 10680 10680 23562 23559
33864 0 13576 6 6 16 11
28351 1 685 2 2 5 5
35900 3 685 5 5 15 12
8053 1 32295 7 2 3 2
35212 0 8053 46 46 1488 1486
8643 0 1819 7 6 36 30
7117 1 8643 4 3 5 3
24594 5 1819 2 2 250 210
3210 5 1819 1 1 37 1
27467 0 31416 6636 6636 40460 40458
464 1 3675 2 2 9 3
3675 1 12232 9 3 3 2
3675 1 19310 8 3 5 4
4006 1 7203 6 3 3 2
1307 1 11050 3 2 13 4
10097 6 15251 3034 3034 1333 1333
21168 1 10097 3 2 4 2
23083 0 26718 17802 17802 15264 15264
21673 0 26120 7493 7493 33168 33167
26120 0 6426 10 10 86 78
24650 0 27939 17318 17318 39225 39221
38457 1 9568 2 2 3 2
27178 0 2497 160 160 9520 9422
31174 0 2497 7 7 921 829
19058 0 2497 80 80 2779 2684
23035 0 2497 53 53 1885 1792
5147 0 2497 60 60 2587 2493
5305 1 1 6 3 3 2
29442 1 5305 5 3 7 4
12784 4 1630 165 159 3 3
12784 4 5463 20 15 2 2
25315 1 20655 6 3 4 3
8198 0 20655 1700 1700 6056 6052
20655 1 5129 4 3 8 4
931 0 2275 48 48 4591 4559
11433 0 2275 19 19 5080 5047
14758 0 9787 11 11 3773 3754
36898 0 1686 108 108 1716 1709
40774 0 16369 23532 23532 38964 38959
17226 1 10110 2 2 3 2
27870 2 2023 1 1 69 19
18478 2 2023 6 6 657 604
11490 2 2023 4 4 225 173
20278 2 2023 12 12 3498 3444
16554 1 29212 4 2 3 2
29212 0 34093 1199 1199 3399 3399
36825 0 20796 46 46 28 23
5335 5 9988 311 311 2463 2460
29725 5 9988 13 13 466 464
1864 4 39744 99 22 2 2
1864 4 12986 275 195 19 19
1864 4 9221 137 58 5 5
1864 0 1703 3 3 41 9
12378 1 3604 3 2 6 2
9895 1 13428 7 3 2 2
15667 1 15666 2 2 4 2
2507 3 4435 167 166 528 528
6789 9 2507 2 2 2 2
16918 1 2507 7 3 8 2
20071 4 20803 85 80 6 6
20849 1 14778 5 3 2 2
13053 1 24622 2 2 5 2
40284 1 24622 3 3 6 2
19366 0 20234 4998 4998 28949 28947
26315 0 19366 4 4 15 8
35882 2 2524 182 181 190 146
33234 2 2524 14 13 54 12
40939 2 2524 660 660 26236 26191
8199 0 15331 48 48 108 106
19502 1 12706 2 2 3 3
11732 1 7659 3 2 8 3
29649 0 11732 232 232 5666 5658
7659 1 7279 8 3 6 3
12815 4 27688 35 14 2 2
12815 4 20570 58 36 5 5
26871 0 2084 1731 1731 632 632
4955 6 15531 3 2 5 2
8178 1 11153 2 2 2 2
2181 6 20785 1699 1681 810 810
2181 6 11583 849 832 253 253
23792 0 30977 517 517 1331 1326
4102 4 38587 138 127 5 5
40775 0 35896 33135 33135 37001 37000
6696 1 21296 4 2 4 2
21295 1 6696 2 2 4 2
8023 1 21296 4 3 3 2
3303 0 10707 720 720 6820 6794
17408 0 4099 11131 11131 37944 37943
23226 0 34449 13317 13317 40240 40239
4136 1 4135 4 2 2 2
39465 0 16668 5287 5287 22640 22636
16257 0 23562 2401 2401 4076 4071
4227 6 32367 32957 32954 4345 4345
40607 0 4227 3575 3575 9382 9379
16679 1 16678 2 2 3 3
1122 9 23212 4 3 4 4
23212 0 2918 5 5 124 48
7532 1 7531 6 2 3 2
29273 1 14570 2 2 6 3
5949 0 3779 11 11 1808 1756
8913 0 3779 15 15 2893 2840
23795 2 2580 2 2 46 11
9939 2 2580 5 5 114 74
20115 2 2580 6 6 119 78
36622 2 2580 2 2 47 11
15250 5 2644 2 2 35 19
4951 1 5069 4 3 6 3
7948 1 8993 4 2 2 2
3755 1 18943 4 2 3 2
18943 1 30961 3 2 3 2
17857 1 11523 4 3 4 2
6924 4 37669 219 204 4 4
6924 4 25551 118 104 6 6
30696 4 40310 455 455 499 499
5259 0 9217 53 53 2504 2496
28032 0 5259 55 55 367 359
20159 4 23395 237 236 73 73
17347 4 20159 456 452 5 5
3882 4 10151 191 191 278 278
8811 0 2340 233 233 31663 31661
32387 0 8811 4631 4631 21651 21648
35192 0 2340 148 148 35421 35418
19066 6 13595 25961 25955 5253 5253
2887 0 2938 9 9 20 17
2887 1 7436 4 2 5 3
15497 1 2938 2 2 3 2
25015 4 28828 3466 3466 24517 24517
21810 4 25015 862 853 46 46
3850 0 160 120 120 3260 3222
15553 0 160 151 151 4766 4725
17933 0 160 479 479 3536 3497
30234 0 2731 63 63 391 364
46 0 14274 723 723 6388 6382
14834 1 16497 4 3 5 2
14834 1 8390 5 3 8 4
14834 1 5110 13 10 13 4
40922 0 14834 931 931 12772 12767
11673 1 5110 3 2 7 3
29358 0 2687 2 2 43 8
8288 0 2687 6 6 88 52
33791 0 2687 3 3 39 6
33543 0 40596 7285 7284 9420 9420
172 4 7119 26102 26101 12782 12782
35331 5 172 3 3 631 285
28580 5 172 3 3 1902 1551
18603 5 172 58 58 14412 14054
36972 5 172 2 2 356 17
78 5 172 2 2 775 426
33614 5 172 2 2 425 82
35822 5 172 2 2 399 57
39121 5 172 3 3 2013 1661
22074 5 172 147 147 20103 19743
20314 5 172 4 4 1294 944
1118 5 172 4 4 3827 3473
21326 1 23555 6 2 3 2
2173 6 38083 14 4 3 2
2173 6 18659 63 51 17 17
33947 4 39713 1026 1026 4183 4183
18377 3 4166 6 5 6 3
34858 0 18783 12737 12737 40796 40795
3968 1 5813 3 2 6 2
11261 1 5813 2 2 7 2
5813 1 31835 25 18 29 28
36714 0 38851 2272 2271 2365 2365
30857 0 30511 607 607 4615 4614
1365 1 15439 3 2 5 3
39987 0 81 38 38 364 317
36104 0 81 4 4 57 11
5785 0 26217 19 19 65 61
19380 0 26217 4 4 12 9
6787 1 26217 4 3 3 2
16634 0 9747 10 10 100 84
36078 1 7833 2 2 2 2
32975 0 9558 4490 4490 3519 3519
32975 1 32002 2 2 4 4
22353 1 15922 4 2 3 3
1604 1 6991 6 4 7 4
2547 1 14925 2 2 2 2
14212 0 14737 6 6 42 30
4130 0 3621 5 5 31 24
24323 0 3621 987 987 18838 18830
3621 0 9758 26 26 144 126
10319 4 33522 348 332 14 14
27683 1 39142 2 2 2 2
16503 1 110 3 3 3 2
40776 0 5310 6590 6590 24215 24205
25496 0 5310 6 5 39 30
1913 6 25274 5149 5144 1434 1433
33711 5 19257 2 1 8 1
32197 1 22383 2 2 2 2
23062 1 12031 2 2 3 2
26578 0 239 142 142 25849 25585
19936 0 239 338 338 26424 26159
40929 0 239 28 28 7123 6871
24226 0 239 290 290 17268 17010
20767 0 239 275 275 24116 23853
19429 0 239 448 448 19090 18829
32842 0 239 1647 1647 35924 35658
34670 0 239 3489 3489 37806 37539
23758 0 239 5 5 2401 2152
13023 0 239 11 11 1428 1181
16182 0 239 167 167 6424 6173
17401 0 239 15 15 4335 4085
34239 0 239 53 53 16193 15936
2069 1 15760 14 4 4 3
22182 1 3014 4 3 4 3
31096 1 15639 5 3 6 2
15639 1 29383 8 3 3 2
15639 1 207 6 3 3 2
13398 0 71 47 47 1993 1930
2736 4 13398 2248 2199 34 34
13398 4 7720 9 2 2 2
20939 0 2215 5 5 22 17
7946 1 1765 3 2 3 2
1947 0 1249 40 40 3033 2988
22728 1 16506 3 3 2 2
34810 9 22728 2 2 2 2
3254 0 2886 241 241 877 869
18890 4 37812 79 77 10 10
18890 4 28071 10412 10409 129 129
24803 4 28831 194 193 281 281
12939 1 23279 5 3 2 2
13702 1 12070 7 3 3 2
27600 0 7589 7 7 2188 2179
24117 1 1225 2 2 2 2
1110 0 20337 307 307 3379 3374
40926 0 20337 553 553 6817 6811
354 4 36395 107 104 11 11
24159 0 12803 18647 18647 29635 29635
26948 2 3620 9 9 953 928
37272 0 7800 3239 3239 28961 28950
23037 4 3762 15 13 6 6
33783 2 1326 270 270 10963 10826
22501 2 1326 5 5 365 229
31495 2 1326 1 1 194 59
19086 2 1326 1 1 130 2
38740 2 1326 1 1 184 50
38719 2 1326 2049 2049 34157 34019
36238 0 1326 147 147 3902 3888
18160 0 1200 9 9 22 22
23552 1 10327 5 3 4 2
40037 0 19153 9795 9795 38290 38288
33552 0 40037 7020 7019 23111 23111
7751 0 3712 309 309 39577 39568
7196 0 3712 43 43 3668 3661
28826 1 3712 6 5 5 2
26351 6 25426 1218 1218 3778 3778
17946 0 26351 37 37 2062 2058
10124 0 25426 139 139 175 171
6974 6 17672 1462 1461 68 68
19506 1 15393 4 3 3 2
32325 0 17590 119 119 10416 10408
40778 2 26169 3843 3843 7933 7933
36197 4 29170 511 511 697 697
1264 1 22448 7 4 3 2
40779 2 1646 3333 3333 30970 30927
40782 2 1646 2148 2148 24321 24279
40780 0 379 3409 3409 21754 21736
40828 0 379 1665 1665 15801 15784
14490 1 12757 3 3 5 2
34243 0 1244 78 78 7818 7528
12545 0 1244 29 29 1853 1571
28964 0 1244 69 69 5785 5496
4871 0 1244 26 26 3876 3589
17807 0 1244 72 72 3894 3606
14487 0 1244 9 9 285 9
40781 0 4921 18439 18439 36056 36053
9372 1 1508 3 2 4 3
2261 4 19476 38 22 2 2
2261 4 18565 37 22 3 3
5771 4 39949 41 33 4 4
13951 1 3521 6 2 6 2
18299 1 274 10 9 15 8
15954 1 34113 5 2 2 2
17141 0 21055 7 7 39 36
13878 1 26428 5 2 3 2
35918 0 391 5 5 76 73
39002 1 39001 2 2 2 2
4532 1 26446 2 2 2 2
11891 5 16320 1013 1013 24960 24946
13955 1 11289 2 2 7 4
1592 1 17240 7 2 2 2
15523 0 2604 18 18 763 727
36776 0 2604 572 572 34092 34050
40872 0 2604 2689 2689 30793 30752
6989 0 2604 426 426 8455 8417
38136 0 2604 19 19 400 365
31426 1 2604 4 3 12 4
12623 1 6107 4 4 5 2
22297 1 8322 4 2 4 3
21592 1 22297 3 2 4 2
4547 1 21674 10 3 5 2
32040 1 4547 3 2 14 6
7982 1 20572 3 3 5 2
7983 3 7982 2 2 2 2
31376 2 743 3 3 171 68
32748 2 743 7 7 1567 1460
36118 2 743 9 9 3717 3609
743 6 9450 3 2 7 7
39780 0 2807 5 5 65 62
4722 0 2807 53 53 3942 3938
35415 0 2807 1523 1523 17820 17815
15011 0 1542 1099 1099 11501 11481
10421 1 10420 7 4 3 2
26009 0 265 9 9 321 71
9536 0 265 10 10 649 397
15205 0 265 6 6 1048 794
36270 0 265 5 5 399 148
39375 0 265 28 28 4882 4621
12974 0 265 233 233 8365 8103
25076 0 265 10 10 1155 898
19351 0 265 13 13 1061 805
11480 2 1534 9 8 16 9
40783 0 4407 30443 30443 38869 38869
4407 1 39995 9 2 3 3
8464 1 8424 5 2 4 2
23763 1 3300 2 2 8 2
24479 1 23586 6 3 3 2
28656 0 21 19 19 137 70
38617 0 21 3 3 74 8
39259 0 21 87 87 844 776
6493 0 3567 54 54 70 68
21912 0 22347 46 46 137 136
24178 1 9908 7 2 3 3
22121 0 351 10 10 214 90
25316 1 746 5 3 3 2
3063 1 4791 13 8 15 12
11495 0 4791 78 78 19863 19849
36889 0 883 5 5 224 12
22017 0 883 979 979 32768 32545
39078 0 883 95 95 3682 3462
7495 0 883 11 11 852 638
7498 0 883 31 31 1587 1372
36527 0 883 30 30 1701 1484
31583 0 883 4 4 291 78
40784 0 14144 13567 13567 39534 39516
3408 6 8243 67 1 2 1
3408 6 8940 1243 1167 54 54
3408 8 38801 12879 12813 7 7
3408 8 28506 68 3 2 1
10233 4 38705 47 33 3 3
36048 6 18704 9837 9837 10109 10109
1046 7 36048 338 222 1 1
1962 1 1961 8 3 7 4
11585 3 21329 16 13 11 10
32391 1 11972 2 2 2 2
31739 4 18679 274 272 91 91
26785 1 7703 2 2 4 2
20520 1 6788 4 2 2 2
11565 1 37185 8 2 3 3
11565 1 12441 9 2 2 2
29689 1 11565 2 2 9 2
19922 0 8858 84 84 65 54
15795 6 39521 1166 1166 1889 1889
840 8 19493 62 50 11 9
840 8 36647 189 176 26 26
840 6 30428 695 682 27 27
26662 0 7523 3139 3139 19440 19437
26756 0 9311 111 111 7933 7922
12636 1 24788 8 4 2 2
20784 1 387 928 927 328 328
387 1 20784 181 181 443 442
12153 3 19756 4 3 2 2
13239 0 284 20 20 1976 1751
34758 0 284 16 16 405 187
35142 0 284 19 19 810 589
33324 0 284 2 2 249 32
24884 0 284 8 8 452 233
39131 0 284 12 12 1623 1399
26984 1 38840 4 2 2 2
9435 1 13227 8 5 12 4
5449 0 9435 51 51 57 56
31592 1 13227 2 2 11 4
23798 1 23297 9404 9401 15517 15516
21935 1 23297 3 2 2 2
4425 0 9880 8 8 21 12
17011 3 17169 9 7 14 10
7442 1 23836 4 2 3 2
7442 0 12505 1221 1221 4910 4902
23836 1 3274 3 2 4 2
17432 1 30826 3 3 2 2
11988 4 31236 505 504 74 74
31236 4 34496 3 2 2 2
1444 0 9048 17 17 2048 2032
5768 0 1444 1320 1320 8565 8529
39440 0 1444 30 30 716 681
20898 0 9048 31 31 26670 26650
2408 0 9048 106 106 5043 5026
33742 0 9048 12488 12488 35494 35473
38351 0 9048 432 432 7031 7013
6375 1 8324 3 2 2 2
37317 0 6230 4581 4581 15072 15070
10713 4 2207 233 228 6 6
40786 0 1672 3164 3164 22578 22543
40892 0 1672 7089 7089 38167 38131
28472 5 10737 1215 1215 11997 11994
10737 6 27038 300 296 5 5
21537 0 1027 5 5 172 22
35194 0 1027 13 13 17046 16893
39579 4 25695 1944 1944 607 607
12699 0 2137 2 2 13 2
27906 0 19986 10104 10104 35490 35487
19986 1 16852 4 2 4 2
30297 1 3771 3 2 6 4
39950 0 2362 21 21 15 13
16469 0 178 16 15 257 245
34721 0 178 8 7 34 23
9225 0 178 142 142 12688 12675
31063 0 2110 51 51 2138 1951
38241 0 2110 349 349 7460 7268
31237 0 2110 8 8 350 165
5590 0 2110 78 78 2340 2152
7272 1 33016 2 2 4 2
17837 0 7272 5 5 41 40
36109 1 33016 2 2 3 2
33016 1 33015 4 2 2 2
39272 0 12035 3 3 25 16
11022 6 27914 36 29 9 9
40787 0 5243 24123 24123 39934 39929
3741 1 18271 2 2 2 2
40788 2 593 10 10 4375 4348
27944 2 593 78 77 1094 1069
9102 2 593 31 29 54 30
40548 0 16045 6756 6755 623 622
758 1 10360 7 5 8 3
10360 1 10359 7 2 2 2
3223 0 3161 2 2 353 317
5881 1 18355 6 5 2 2
38969 0 16196 7 7 22 22
29347 0 1461 6426 6426 25074 25061
1650 1 16394 24411 24403 5005 5005
1650 1 16302 9 3 2 2
40174 1 1650 702 702 4731 4724
9952 1 37466 7 2 2 2
2245 0 2918 127 127 3765 3688
2245 1 2244 6 4 5 3
14233 0 2918 432 432 12165 12085
1079 0 2918 1479 1479 27066 26985
32727 1 24872 4 3 3 2
39701 0 5987 38511 38511 30617 30617
15176 1 18854 9 3 4 2
18854 0 7016 1009 1009 9946 9944
24327 0 3027 1131 1131 25282 25228
14366 0 24327 6724 6724 40647 40647
23190 1 13002 3 2 4 2
5729 1 20226 2 2 3 2
20226 0 13887 157 157 3860 3855
8274 1 8999 7 5 14 9
18181 1 8274 4 2 2 2
9428 1 8999 3 2 7 3
8511 1 31347 3 2 2 2
21811 0 278 6 6 262 87
33666 0 278 7 7 173 3
21874 0 278 13 13 855 678
29143 0 278 8 8 261 87
18106 0 278 21 21 1779 1598
39291 0 278 17 17 1516 1336
37756 0 278 5 5 222 51
511 0 15897 229 229 523 520
15736 0 1677 437 437 23744 23687
829 0 1677 8 8 130 76
27621 0 1677 1643 1643 26655 26597
29445 1 1550 5 4 6 3
18936 4 39578 17 16 7 7
34932 2 14540 5 4 21 17
647 1 6311 10 3 2 2
33210 6 17250 6574 6574 16299 16298
9637 5 1981 3 3 71 19
21619 5 1981 3 3 233 180
11643 3 3908 22075 22074 1781 1781
30998 1 7774 3 2 3 2
30998 1 2447 2 2 3 2
16669 2 916 2 1 163 23
8577 2 916 2 1 343 200
18018 2 916 2 1 231 89
35944 2 916 2 1 197 56
9258 2 916 5 4 646 500
34189 2 916 2 1 147 8
21737 0 2589 175 175 28690 28672
40303 0 2589 139 139 17828 17811
3167 1 6502 5 2 7 4
17014 2 3167 5 4 31 10
7204 1 3167 5 3 8 3
32383 0 427 39 39 3692 3621
13521 0 427 3 3 83 14
11437 0 427 64 64 479 409
16023 0 4958 4 4 8 6
5777 4 4318 17 4 2 1
5144 4 4318 9 6 4 2
4318 6 27523 408 404 569 569
19086 6 12484 4 1 4 1
12201 4 22304 203 198 60 60
10786 1 14577 4 2 5 3
20175 0 7143 4 4 12 6
1205 1 23424 4 2 4 3
35226 0 37189 1084 1082 864 862
19169 1 25362 3 2 3 2
14940 1 12227 3 2 4 3
12227 1 13800 5 3 4 2
2813 0 3170 36 36 32 32
3170 1 3169 6 3 3 3
35238 1 8601 2 2 4 2
36661 1 39486 2 2 2 2
17745 5 774 34 34 15805 15665
17745 2 1137 43 43 7917 7810
37417 5 774 1 1 134 1
29963 5 774 2 2 143 7
40735 5 774 9 9 1126 987
23613 4 28865 16 12 3 3
24660 4 23613 200 197 5 5
6782 5 5167 11641 11641 40616 40596
34227 5 5167 213 213 12518 12499
5167 6 27267 2448 2447 61 61
40789 0 25921 8936 8936 32695 32695
18492 6 36549 6 5 3 3
864 1 14562 7 3 4 3
32699 0 14562 722 722 13537 13527
4521 1 25708 7 3 4 3
10559 1 10558 2 2 2 2
3083 0 26431 4089 4089 26098 26093
5974 0 9758 3057 3057 22571 22549
4522 0 9758 9 9 637 618
12683 0 9758 910 910 11684 11663
19 0 29519 179 179 193 191
38094 4 40790 6022 6022 6381 6381
36200 0 5055 22599 22598 24751 24751
204 1 3048 9 4 2 2
32488 1 204 3 2 6 2
40791 0 11084 2813 2813 20378 20360
33754 1 5275 2 2 3 2
32 4 32392 212 197 16 16
32 4 24489 289 273 51 51
12319 4 14836 35 30 6 6
27811 2 10916 45 44 39 34
30475 0 10916 679 679 1345 1345
15792 0 3763 3 3 22 17
8019 1 30805 6 2 4 3
2949 1 8019 5 2 7 3
30805 1 16646 9 7 7 3
35060 0 5892 3 3 11 4
11125 4 10606 3 3 3 3
25276 1 3926 4 3 7 2
13830 1 6490 18 12 21 21
13830 1 7308 8 3 3 2
6490 1 13830 34 34 24 18
1366 0 29 15 14 94 87
29 1 11186 4 2 3 2
6226 1 29 2 2 4 2
19987 4 11397 2304 2302 95 95
4506 1 9454 5 2 4 2
6037 0 39187 1038 1038 10196 10194
39187 0 11100 276 276 38667 38649
2381 2 12273 1 1 49 1
7324 2 12273 1 1 104 55
6513 0 650 83 83 525 484
37308 0 650 93 93 2595 2553
40792 0 9525 9725 9725 35713 35709
30839 1 10851 2 2 2 2
21181 5 232 18 17 266 257
11205 5 232 350 350 35703 35693
24984 0 232 651 651 7172 7166
38752 0 728 132 132 7039 7032
8716 6 31315 6 6 2 2
24013 1 23715 5 3 7 4
36734 5 985 3 3 100 36
7458 5 985 4 4 130 65
12641 0 39 7 7 370 168
7396 0 39 8 8 525 321
21862 0 39 13 13 340 139
21561 0 39 3 3 237 38
13466 0 39 5 5 1798 1588
17532 0 39 85 85 4784 4572
18621 0 39 4 4 215 18
1398 0 19101 3366 3366 32554 32552
13758 1 29291 4 3 5 2
4555 0 1115 946 946 30959 30950
39750 6 18050 51 51 4126 4125
11789 1 24319 3 3 3 2
24319 1 11789 3 2 3 3
7072 1 9237 13 7 7 6
13503 1 7072 3 2 9 3
25660 5 4520 2 2 8 4
38151 0 7155 85 85 289 284
4453 6 7580 8197 8191 655 655
7580 0 34614 6188 6188 24533 24532
26183 0 11186 517 517 10687 10684
35764 0 14617 82 82 204 203
4608 0 3699 11 11 931 912
40827 0 3699 5633 5633 35714 35693
8852 0 7403 279 279 3421 3416
8176 1 8852 4 2 3 2
193 6 27058 55 4 2 2
193 6 11869 134 80 2 2
193 6 18878 73 20 2 2
19842 4 22836 338 333 9 9
21930 1 21045 2 2 4 2
21930 0 12252 12 12 93 87
5745 1 14074 3 2 3 2
26613 1 9037 3 2 4 2
9037 0 3099 780 780 4387 4386
7396 4 28775 234 219 4 4
24578 3 23111 26 23 11 11
21061 1 25626 2 2 2 2
24011 0 12474 35521 35521 37114 37112
13829 1 16710 6 4 2 2
4185 1 13829 3 2 7 5
13829 3 25284 5 3 5 3
12211 0 6042 107 107 8101 8090
13978 1 2276 2 2 5 2
39294 4 26572 19274 19274 34177 34177
33294 0 3229 1 1 10 1
8108 0 3229 1861 1861 23574 23564
3229 1 22044 5 2 4 2
6633 7 40129 7087 7075 2 2
6633 7 12050 5433 5423 2 2
16200 0 1852 25 25 689 641
16201 1 16200 5 2 4 2
19710 6 10760 5 4 9 4
32734 1 3419 2 2 4 2
4779 1 14955 3 2 3 2
3716 1 1998 2 2 7 3
40577 0 3716 11359 11359 35961 35947
31620 0 3716 2382 2382 20260 20247
28941 0 3716 3826 3826 18660 18648
17519 0 3716 104 104 523 512
9620 0 3716 20 20 69 59
2915 1 12159 16 3 9 5
522 1 21041 5 3 4 2
522 1 13953 6 3 7 2
522 0 16646 5890 5890 38327 38327
32701 0 522 17 17 106 94
31153 0 36722 15571 15571 38111 38109
36722 0 1474 313 313 25821 25806
7592 1 9560 5 2 2 2
2035 1 8589 5 2 5 2
25494 1 8589 2 2 4 2
4666 1 4665 5 2 2 2
4665 0 6717 2 2 12 10
6144 1 19664 2 2 4 2
28456 2 1773 1 1 46 9
28456 6 22320 181 179 122 122
5443 2 1773 1 1 53 14
18213 1 18982 4 3 3 2
18716 0 37537 266 266 8212 8210
6882 9 10563 3 3 3 3
40794 0 32275 1254 1254 4495 4494
19296 1 6611 5 4 3 2
16065 0 36140 20 20 126 123
40829 0 16065 32491 32491 33959 33958
32071 1 23898 3 2 3 2
37285 0 184 20 20 777 481
39009 0 184 101 101 7248 6947
3395 0 184 6 6 364 74
32164 0 184 17 17 2851 2552
34310 0 184 2 2 286 2
39279 0 184 65 65 4098 3798
11281 0 184 4 4 323 35
30773 0 184 11 11 374 83
15734 0 184 7 7 447 155
5209 0 184 77 77 15695 15392
16507 0 184 7 7 514 221
40030 0 184 39 39 9274 8972
1190 6 31657 36 24 5 5
1190 6 39319 129 116 12 12
17492 1 20700 3 2 2 2
16074 0 18268 2 2 7 2
21289 0 18268 2 2 9 3
14746 1 23603 782 781 728 726
7078 6 36019 62 62 92 92
7486 0 7078 339 339 1011 1003
4225 1 13633 6 2 6 3
4225 1 11780 7 2 5 3
754 1 2375 5 2 3 2
1823 7 36030 28 27 142 141
6054 0 4123 7 7 414 380
6054 3 1296 884 882 1821 1820
3215 0 7911 7 7 10 7
6678 1 7911 3 2 4 3
16802 1 8850 7 3 6 4
1076 1 1075 10 2 8 7
1076 1 27277 9 2 4 4
18470 1 18469 2 2 2 2
7673 1 10866 6 4 4 4
7673 1 8629 3 2 3 2
8644 1 14101 3 2 2 2
493 0 1629 35 35 1084 1072
2736 4 26470 81 35 2 2
2736 4 34726 66 21 3 3
2736 4 35146 95 48 6 6
2736 4 33515 47 4 2 2
35179 0 19119 3755 3755 6071 6070
13379 4 19119 1275 1272 186 186
28508 2 3843 4 2 30 2
40099 2 3843 78 77 1562 1533
9537 1 3843 4 4 7 3
25746 0 11870 39024 39024 38923 38922
26637 6 24424 2 2 5 5
15305 5 2978 2 2 370 302
10135 5 2978 6 6 2303 2233
14631 0 3275 95 95 93 87
1043 1 14631 5 3 9 3
39736 1 21554 2 2 3 2
39736 0 4427 7 7 145 123
8260 0 7895 9 9 36 32
16624 0 8260 1722 1722 16588 16586
36792 1 37816 2 2 2 2
40796 2 3317 79 79 11949 11916
11856 1 2643 3 3 5 3
8104 1 4274 5 2 2 2
8104 1 12438 6 2 2 2
9749 1 13574 4 2 3 2
40797 0 19420 12110 12110 34618 34616
24056 0 9777 1976 1976 7766 7765
12866 6 7036 6 6 5 5
19409 4 36350 2243 2243 138 138
28857 0 706 14 14 107 94
19163 0 18538 295 295 1932 1929
16614 1 25570 4 2 2 2
16614 1 8351 5 2 2 2
24052 1 24051 2 2 2 2
29706 4 499 3 3 2 2
34810 0 17502 15937 15937 12641 12641
40798 0 38876 35946 35946 38295 38295
26283 6 40443 13540 13540 16140 16140
32794 0 18895 22 22 18636 18628
3034 2 1137 1 1 95 1
19442 2 1137 1 1 99 1
26122 4 31544 79 73 8 8
17880 1 20417 3 2 2 2
3499 1 20417 3 2 3 2
20434 0 21190 3892 3892 5138 5137
13327 6 22210 3 3 3 3
40799 0 5636 37951 37951 36657 36657
14768 6 24252 14 13 28 26
9578 0 473 2038 2038 21418 21415
20196 1 21248 3 2 4 3
21248 9 11908 6 5 2 2
6765 1 27335 4 2 3 2
37410 0 27335 21022 21022 33449 33448
12725 1 21889 3 3 3 2
19754 0 4059 3 3 15 12
9461 4 12081 2 1 2 1
8574 0 5381 23 23 285 274
8574 1 8573 5 2 3 2
29585 1 8574 2 2 4 2
13699 0 5381 360 360 6466 6454
36608 0 123 6525 6525 28691 28683
24094 0 123 2835 2835 29632 29623
516 0 292 10 10 309 68
31393 0 292 5 5 266 28
14242 0 292 3 3 325 83
33413 0 292 157 157 10138 9886
15177 0 292 4 4 252 17
39499 0 292 19 19 2676 2425
13524 0 292 17 17 1033 785
31996 0 292 7 7 2239 1990
26845 0 292 8 8 281 42
14814 0 292 4 4 238 6
13283 1 2720 4 2 5 3
2720 1 5598 6 4 7 3
34387 1 26855 2 2 3 2
26856 1 26855 2 2 2 2
37173 4 10091 1024 1024 14014 14014
19951 0 20010 912 911 6185 6178
40800 0 28344 11159 11159 30285 30284
24652 0 26678 1611 1611 5302 5298
27632 0 31556 3 3 71 69
8336 6 2824 1228 1228 1093 1093
14255 1 19144 3 2 4 2
20014 0 14262 585 585 26392 26387
40801 0 16573 22717 22717 38935 38931
2360 1 4933 4 3 7 3
40802 0 39415 3010 3010 26357 26357
30541 0 22903 2537 2537 11810 11809
20618 1 9942 4 2 4 2
38150 0 712 126 126 1772 1767
25109 0 7757 263 263 320 318
40803 0 5646 2499 2499 20899 20895
1003 1 5646 3 2 7 3
35081 1 28378 2 2 2 2
11590 1 29649 2 2 2 2
39026 0 29817 5591 5591 38546 38544
13903 6 32368 855 851 68 68
30745 1 37402 3 2 2 2
10159 1 38458 7 4 2 2
27696 1 6690 2 2 10 2
28744 1 6690 2 2 11 2
20852 1 6690 3 3 7 2
40885 0 6690 5118 5118 20748 20740
16732 0 10532 1510 1510 37927 37922
6916 0 19429 8581 8581 10114 10114
10276 1 9887 6 2 6 3
4800 1 9900 4 2 7 5
19570 1 4800 3 2 4 2
17182 1 2190 2 2 2 2
4461 0 19310 356 356 3939 3931
1046 7 18091 26995 26873 4 4
1046 7 18788 10937 10816 2 2
1046 7 39181 5401 5283 2 1
37226 0 11964 1424 1424 13709 13707
11632 9 24469 11 10 3 3
40699 0 12729 2665 2665 30382 30367
14428 0 772 36 36 94 85
19055 0 772 3025 3025 27331 27321
40710 0 31312 3034 3034 16585 16583
11686 1 5336 8 2 8 4
30852 1 3198 2 2 4 2
29243 0 26808 7680 7680 6174 6174
21449 0 12858 32 32 66 62
12857 1 21449 9 5 3 2
3233 1 4145 4 2 4 2
19055 1 19054 2 2 2 2
8310 6 12531 10 1 3 1
7557 1 7633 5 3 4 3
17844 0 7120 415 415 1724 1721
1269 1 11040 3 2 6 2
11040 1 14848 10 6 4 2
26676 0 8201 398 398 35381 35367
28241 1 7436 3 3 4 3
18458 9 31641 6 6 4 3
31641 3 37842 3 2 2 2
25873 0 2795 32597 32597 39341 39340
17430 1 14006 5 4 6 3
13991 0 6823 8 8 311 305
19570 1 23428 4 2 4 2
8288 4 37118 211 209 60 60
40805 0 33924 1459 1459 2746 2745
25230 0 6253 325 325 2869 2864
15292 3 10198 11 11 6 4
39489 0 11666 2321 2321 14046 14028
39489 1 15557 2 2 4 2
37831 2 11666 30184 30184 13184 13184
15516 1 12820 5 3 4 3
34071 1 12820 5 3 5 3
4175 4 8602 23 17 3 3
24042 1 5537 2 2 2 2
19211 0 4744 695 695 777 774
31371 0 7474 1280 1280 39251 39243
27812 0 7474 6301 6301 24068 24061
28947 4 15200 676 676 180 180
18660 6 21000 21230 21230 12625 12625
15472 0 25385 14859 14859 32298 32294
12507 0 13404 1632 1632 25194 25189
26342 1 17895 3 2 4 2
2152 1 8496 2 2 5 2
39760 0 574 5 5 83 40
40877 0 574 19 19 435 391
35412 5 11510 8 8 300 281
2085 6 10383 12 6 4 4
14202 1 14201 2 2 6 2
1043 1 20085 6 3 5 4
40806 0 6850 169 169 3415 3390
40503 0 9914 7172 7172 23791 23789
14770 1 14307 3 2 4 2
32716 1 17183 2 2 3 2
35390 1 3256 2 2 3 2
4482 4 9719 568 564 19 19
20428 0 3527 7699 7699 29507 29490
3527 6 20663 329 329 21 21
30409 2 35441 11 11 3 3
11083 1 5302 2 2 3 2
23196 1 10129 2 2 6 3
1066 1 29752 4 2 2 2
40807 0 3538 4203 4203 29400 29387
22793 0 3538 2 2 17 5
6768 6 24640 245 242 148 146
6768 6 10205 23603 23599 5704 5704
2869 1 15125 4 2 5 3
29302 0 15125 2811 2811 14139 14137
9588 0 1406 2755 2755 22123 22112
18159 0 17493 54 54 152 146
21497 1 33875 6 4 2 2
20938 1 22485 2 2 5 3
13056 6 39139 3845 3843 258 258
23942 0 26928 28 28 1064 1062
28004 0 6478 143 143 89 87
4747 0 22951 2 2 7 3
20860 5 2566 200 200 25105 25089
7590 5 2566 202 202 33119 33102
20768 0 17402 82 82 389 387
35193 1 20768 2 2 3 2
8572 0 5856 5 5 177 152
17370 0 5856 6 6 280 253
31972 0 5856 24 24 10062 10034
17380 1 15779 3 2 3 2
27964 0 16186 148 148 4929 4923
15981 0 1328 209 209 896 883
26071 1 9303 3 2 6 4
9303 9 21981 3 3 2 2
38768 0 29318 313 313 2044 2040
36229 0 18254 1052 1052 22949 22932
1019 4 596 47 25 2 2
1019 4 8780 64 41 2 2
23239 1 15927 5 2 4 3
30477 1 23239 3 2 4 2
21996 6 20017 7839 7837 1945 1945
21996 6 11995 13616 13613 4636 4636
25766 0 22616 6584 6584 36855 36852
9455 0 23399 1308 1308 6182 6176
23000 6 39446 381 381 111 111
122 1 7516 7 2 9 4
11412 1 19152 5 4 2 2
8803 1 27429 2 2 2 2
15261 0 14295 8315 8315 35433 35432
25268 4 21905 11 9 5 5
15504 1 8591 7 3 5 3
8591 1 16989 4 2 3 3
15601 10 15600 6 6 2 2
31927 1 15601 2 2 4 3
34363 5 8522 25706 25706 40064 40064
33641 0 19894 37575 37575 24119 24118
33826 1 19127 2 2 3 2
39523 0 2723 43 43 6953 6917
39523 1 21345 2 2 3 2
7540 0 2723 94 94 13263 13225
4541 0 2723 38 38 17080 17041
28671 0 7444 15 14 46 43
40808 0 40809 10548 10548 35155 35155
26933 0 1475 1621 1621 26059 26039
35848 0 18654 224 224 5979 5974
19162 0 18654 9 9 33 29
29185 6 40731 28534 28533 37200 37200
3467 1 3466 3 2 3 2
15345 5 4450 160 160 11453 11447
7117 1 7049 5 3 3 2
32624 6 26608 3166 3165 15787 15787
2269 1 2268 5 3 4 2
30613 0 6961 3 3 6 4
2956 4 29945 45 41 4 4
40706 0 10059 13959 13959 37137 37134
3866 4 38485 407 399 101 101
3866 4 24189 9 2 2 2
9119 0 21826 17696 17696 35769 35769
18389 3 999 7 5 5 3
999 3 18389 5 3 6 4
35808 1 32154 10272 10272 4931 4931
37756 4 40810 14055 14055 27215 27215
20583 1 27612 2 2 2 2
1020 0 3141 13 13 286 235
28305 0 3141 5 5 81 32
6564 0 11337 20242 20242 20017 20016
23511 0 15656 973 973 23859 23833
5394 1 2601 2 2 3 2
19679 0 5394 65 65 382 375
2004 1 24164 7 2 2 2
2004 0 30642 3601 3601 10670 10669
25774 1 12289 5 2 8 2
24676 0 24224 14 14 18 17
23848 1 8714 4 3 4 3
17814 4 3175 114 113 4 4
17465 1 17464 3 2 2 2
22570 1 22569 2 2 3 2
6630 0 4722 190 190 1398 1390
1142 0 4722 846 846 10858 10849
23700 1 24343 15 14 9 9
9573 6 3123 410 410 1845 1822
15354 6 3123 21 21 631 609
14853 6 3123 29 28 215 194
6067 1 28605 2 2 2 2
8474 4 17327 15989 15989 4080 4080
30941 1 3753 3 2 6 3
30941 1 33174 4 2 4 3
11546 0 4442 70 70 2923 2889
6865 4 2298 92 88 5 5
1021 1 207 7 4 6 3
2872 0 17555 795 794 40622 40615
268 0 17555 649 649 35431 35425
40811 0 2664 7852 7852 37821 37804
40871 0 2664 1790 1790 24709 24693
2664 0 2624 6 6 39 32
35435 0 12605 100 100 295 292
29862 1 29861 3 3 3 2
31789 0 494 4000 4000 34067 34055
22923 0 28916 261 261 416 415
27985 1 27484 3 3 4 3
29410 0 16944 3754 3754 27454 27450
11888 0 36918 1354 1354 27674 27671
37558 2 741 1 1 66 22
28640 2 741 2 2 254 208
9021 2 741 1 1 43 1
22157 3 1791 4 3 3 2
22158 3 1791 5 3 4 2
8471 1 6302 3 2 2 2
32069 0 19823 8651 8651 23546 23544
38790 0 13 2769 2769 28595 28581
19437 1 22294 3 2 3 2
25022 1 32013 2 2 5 4
39553 0 4628 256 256 118 109
40833 0 4628 15634 15634 38834 38824
11144 1 2617 2 2 3 2
38399 1 1022 2 2 6 2
10536 1 36694 2 2 2 2
40178 1 1578 15287 15287 24764 24762
40864 0 1578 6911 6911 24189 24183
22410 1 37961 4 2 2 2
15647 4 32971 231 231 928 928
1708 0 8438 74 74 14603 14602
6124 1 5907 4 2 8 4
8270 1 6124 12 4 4 2
5826 1 10722 3 2 5 3
21697 0 2070 10672 10672 8810 8810
6530 1 22543 3 2 3 2
5932 1 21935 11 5 3 2
28875 3 5192 4 3 6 5
28676 3 28875 7 4 4 3
5178 1 14819 8 2 5 4
21092 0 5178 949 949 40085 40053
16318 0 5178 467 467 7391 7362
40918 0 5178 2949 2949 27001 26971
31349 1 5178 2 2 7 2
27341 1 31627 4 2 2 2
912 0 7047 70 70 9825 9811
739 0 912 21 21 192 181
24031 0 7047 56 56 6625 6612
30204 1 7047 7 3 5 3
40812 0 17281 6710 6710 25809 25809
9906 1 36905 6 2 4 4
6743 0 8355 305 305 5734 5711
1538 0 8355 374 374 19763 19739
35277 1 27784 2 2 2 2
5869 1 26782 7 2 2 2
40813 0 19386 17664 17664 29455 29453
38378 1 22534 2 2 6 2
31576 0 30844 36194 36194 12305 12305
10205 1 10204 4 2 3 2
11177 1 37094 7 3 2 2
7045 1 2382 2 2 6 2
21977 5 16419 21 21 412 405
3364 1 3363 6 5 5 3
3528 0 10834 24 24 135 132
17960 4 24312 19 15 2 2
27223 1 20426 2 2 3 2
24636 1 6535 3 2 3 2
23949 5 212 1 1 37 9
27657 5 828 5 4 30 16
1410 1 24564 946 946 2025 2024
3066 0 8076 1423 1423 11268 11260
18215 1 1414 4 3 13 3
10895 1 13973 8 3 2 2
3239 4 39144 133 84 13 13
3239 4 27881 187 137 26 26
3239 4 36428 1963 1912 133 133
18904 3 17353 5 4 3 2
7935 1 2201 7 4 6 4
17190 1 757 4 2 2 2
1415 1 32170 6 2 2 2
23786 1 2902 2 2 8 2
2029 1 18094 6 2 2 2
553 1 13871 4 2 6 4
24179 1 10508 3 2 3 2
25575 1 10508 2 2 2 2
27360 6 36837 3 3 2 2
31841 0 19545 2371 2371 14527 14526
33840 0 1754 2616 2616 18689 18677
40875 2 1754 32 32 8341 8336
38079 2 1754 892 891 20256 20250
40815 0 39071 11560 11560 30823 30821
29342 0 8978 4220 4220 27179 27163
6890 0 36281 4491 4491 31518 31518
8040 1 21358 19 15 5 4
10520 0 24854 23339 23339 32865 32865
28943 1 243 4 3 3 3
20030 0 13734 11171 11171 27820 27818
4563 0 12505 33 33 128 121
37725 0 23377 2 2 9 4
26865 1 19204 6 4 6 4
20288 6 29915 6 4 5 4
24515 2 20288 3 3 242 237
18855 0 2060 6 6 98 85
26308 5 18855 147 147 20631 20617
24430 0 2060 154 154 2463 2449
11475 1 13563 1794 1791 4686 4682
13563 1 11475 1228 1224 959 956
14231 0 7944 647 647 8231 8230
36007 6 17148 5157 5157 38056 38056
13350 0 29456 5 5 3 3
36696 5 9528 2 1 11 2
19256 5 9528 2 1 9 1
30889 0 33367 3111 3110 1193 1193
26734 0 2288 8 8 12 10
16979 4 35069 68 68 69 69
23628 0 2614 3984 3984 3690 3686
39567 0 4694 2 2 96 82
6695 0 32813 39831 39831 33604 33604
15469 0 6418 44 44 500 476
34418 1 25064 3 2 6 5
8727 1 8726 4 2 2 2
14189 1 23592 12 8 20 20
35545 1 14189 3 3 5 2
10877 1 11728 7 3 8 3
32814 0 4976 14 14 30 27
4165 3 25845 13 10 3 3
20625 1 7778 3 2 3 2
30076 0 10715 3313 3313 21867 21864
40816 0 14697 21595 21595 38543 38543
14697 1 31992 7 3 2 2
19191 1 27971 2 2 3 2
13842 0 11910 22193 22193 33928 33927
5985 6 10735 12 5 25 18
12732 3 28417 5 4 8 7
12732 1 26677 4 3 2 2
6204 1 6203 2 2 2 2
40817 0 19840 6761 6761 22263 22261
3387 0 19840 8866 8866 40582 40579
6550 1 2423 3 2 10 2
2423 1 24830 7 2 5 2
2924 4 30666 318 243 29 29
2924 4 2659 116 44 4 4
2924 4 29020 195 122 13 13
2924 4 36766 96 25 2 2
1379 1 25548 5 3 2 2
6265 1 1379 3 2 5 3
18135 3 294 25135 25132 19791 19791
2209 1 24141 8 4 3 2
15500 1 4546 4 3 6 3
15500 1 7996 3 3 6 4
31596 6 8773 2646 2646 13964 13964
40818 0 35587 10361 10361 33071 33071
34338 1 9890 2 2 10 2
14748 1 9890 2 2 11 2
9890 1 12054 11 2 3 2
40819 0 15962 31230 31230 28573 28572
16130 0 10326 3306 3306 5318 5316
40820 0 20319 23578 23578 37640 37639
11212 0 1856 250 250 18120 18106
14579 1 1856 4 3 6 2
28303 3 9776 4 4 9 7
9776 1 9775 4 3 2 2
561 0 5278 243 243 1175 1166
13724 4 995 2835 2834 49 49
154 1 153 3 3 5 2
5791 1 11553 4 2 4 2
24115 1 18755 3 2 5 3
28674 0 3041 2404 2404 15520 15513
40821 0 14864 24757 24757 39519 39514
17883 0 18836 1435 1435 8243 8240
40822 0 9367 1214 1214 23641 23618
40930 0 9367 2257 2257 21849 21827
7005 0 9367 69 69 1780 1760
26765 1 9367 3 2 6 2
2151 0 4180 2600 2599 2526 2524
40823 0 11638 2194 2194 20512 20495
18175 1 18573 4 2 4 2
24724 1 3969 5 2 4 2
3969 0 3582 1995 1995 16523 16496
17345 0 3969 293 293 7755 7751
34877 1 6582 4 2 5 2
6582 1 16956 9 2 7 3
26100 1 28248 2 2 5 3
33245 0 3980 3 3 7 5
4106 1 4105 6 4 2 2
584 1 28894 15 13 3 3
35143 1 33405 2 2 2 2
17003 0 479 2 2 17 7
9877 5 6166 1 1 39 3
30263 1 25760 3 3 2 2
30656 1 25760 3 3 3 2
1999 4 17069 1138 1131 7 7
18272 1 19427 2 2 4 3
29081 1 13187 2 2 5 2
16522 0 3780 5 5 268 232
26742 0 15839 13 13 149 146
1918 6 39340 1150 1143 115 115
11624 1 20815 2 2 2 2
13939 0 7027 295 295 493 487
5788 0 7027 80 80 253 248
40824 0 2657 4170 4170 30956 30949
1294 0 25140 1910 1910 11506 11503
21281 0 428 963 963 22336 22309
40911 0 428 223 223 5826 5800
39800 1 30816 2 2 3 2
12660 0 1095 4 3 38 27
17450 0 1095 760 760 18813 18801
11922 0 14898 425 425 7874 7856
23590 0 12772 8968 8968 20705 20702
3072 1 15159 7 3 7 5
24523 0 8582 24 24 97 90
188 6 29407 10 7 22 18
39603 4 27065 287 287 1751 1751
4691 1 14239 3 2 2 2
36188 1 4691 3 2 3 2
36501 0 4902 1136 1136 601 601
40022 0 6784 4 4 22 17
4121 1 17988 4 2 3 2
34845 5 10076 10 8 13 8
19999 4 35620 50 41 2 2
25642 0 31168 1945 1944 4595 4594
28192 2 3865 2 1 33 15
25039 0 2409 10 10 92 69
34598 0 2409 4 4 1588 1564
40825 0 22386 32085 32085 33705 33704
15804 0 10824 13 13 46 41
40826 0 30737 28821 28821 37151 37150
11678 4 24132 10964 10964 12756 12756
11178 1 14178 9 2 3 3
19319 1 11039 4 3 7 2
23526 0 9730 2524 2524 6859 6857
12960 0 23054 36563 36562 25659 25659
18237 1 14439 3 2 7 2
17375 6 39568 21 19 13 13
6955 0 2697 11 11 26 24
16533 0 2697 14 14 31 28
27268 1 11354 3 2 6 2
1968 1 1967 6 3 7 4
20914 0 1967 4 4 11 3
23271 0 7641 6 6 7 7
19684 3 19683 7 6 3 3
4983 6 33006 2 2 2 2
17534 9 12584 3 2 2 2
6871 1 18043 2031 2029 755 754
5628 7 18994 35721 35688 17 17
2502 1 20104 5 2 4 3
15657 0 4985 21463 21463 31094 31092
34914 1 6434 2 2 5 2
39981 0 306 40 40 33908 33891
21026 0 306 4 4 28 12
37154 5 9269 422 422 24865 24862
9073 1 5502 4 3 7 5
30127 0 1623 645 645 25033 25030
16304 0 30127 2445 2445 8751 8751
16980 1 4548 4 2 5 2
469 0 14498 15 15 973 962
9243 6 35214 16 12 2 2
36148 4 23121 677 676 1760 1760
3358 1 4743 9 2 6 4
9720 0 4743 34 34 249 239
40888 0 4743 1282 1282 24918 24907
2064 1 2154 2 2 3 2
22278 1 35919 2 2 2 2
36060 0 14935 268 268 8913 8904
27146 5 11426 1 1 14 5
3169 0 3813 3 3 82 64
3823 1 3813 3 3 8 3
20664 4 26988 4217 4215 1577 1577
6374 1 11133 3 2 4 2
33074 2 7 5 5 119 82
18961 2 7 1 1 39 4
17395 0 7902 4842 4842 9125 9122
22908 1 5606 5 2 4 2
10254 1 10253 4 3 3 2
40906 0 10253 349 349 12107 12093
14113 1 5076 3 3 7 3
36403 1 10838 2 2 3 2
14974 0 14973 9 9 21 13
14973 3 19845 26 24 8 8
40831 0 4593 13142 13142 20071 20071
31084 1 27014 2 2 4 2
12467 4 39860 8 3 2 2
40832 0 6630 2904 2904 24150 24146
26778 4 2803 615 615 550 550
3765 1 28497 3 2 2 2
20691 1 4936 2 2 5 2
7886 0 12463 29 29 2524 2518
14999 4 31316 3619 3619 19000 19000
22172 0 11068 160 160 121 108
454 3 16514 10 8 13 11
3025 1 16514 3 2 3 2
29578 0 15788 25986 25986 32738 32737
23802 0 21987 711 711 39271 39268
21987 0 20963 3434 3434 39202 39201
11759 2 10987 53 53 438 437
38689 0 12894 370 370 25412 25402
40834 0 14087 11346 11346 11655 11655
14853 1 5935 2 2 5 3
4044 4 31152 109 109 28 28
29372 0 24630 305 305 9359 9354
24630 0 22399 8400 8400 35480 35479
19479 5 4701 1 1 23 1
8240 5 4701 1 1 25 2
33163 5 4554 2 1 10 3
29553 1 26733 2 2 2 2
29553 0 8837 10780 10780 36358 36356
6792 1 14058 3 2 5 3
21282 0 15062 20741 20741 7578 7578
23036 4 36472 60 54 2 2
5783 4 23036 213 204 5 5
40835 0 40836 2353 2353 25633 25633
18778 6 32930 609 608 23 23
18778 0 5314 3 3 166 139
24621 2 17930 4 1 9 1
27989 2 17930 4 2 19 9
26041 0 4289 8 8 2 2
16899 4 24507 1055 1055 2900 2900
14917 3 17826 7 4 5 4
30990 9 28312 2 2 2 2
8980 1 3552 3 2 3 2
33079 0 3582 6885 6885 28304 28276
16497 1 26305 5 2 2 2
26368 1 8799 4 3 3 2
4480 1 32602 6 2 2 2
35059 0 27412 61 61 1162 1159
2645 4 29221 265 257 3 3
23462 0 5675 79 79 620 611
40853 0 23462 16882 16882 36049 36044
25133 5 5012 2 1 10 4
14927 4 5288 187 183 14 14
11058 2 6577 1 1 97 46
60 2 6577 7 7 1530 1476
7534 9 18226 3 2 2 2
10204 1 10208 2 2 3 2
5031 1 28475 3 3 4 2
15312 0 12860 8197 8197 14946 14946
21401 1 1933 2 2 15 8
12469 1 1992 10 5 4 3
18451 5 1238 2 1 10 3
37552 0 2655 4 4 16 12
2655 0 9806 1834 1834 18008 18002
40284 0 6614 8079 8079 34635 34610
3130 1 27019 5 2 3 2
23982 0 37653 813 813 1465 1463
20447 1 9918 4 2 3 2
15028 1 16314 8 5 9 5
15028 1 5116 6 4 8 4
40628 0 33021 22389 22388 33299 33299
3648 1 3647 3 2 6 3
19317 0 1107 14959 14959 36437 36427
830 1 21753 8 4 4 3
8270 1 9886 14 5 6 3
14780 1 6419 8 4 3 2
40837 0 15224 3660 3660 24535 24523
7188 0 11737 11 11 141 131
10277 1 32396 6 5 3 2
10277 1 2951 4 4 8 3
15054 1 2951 9 4 7 3
25047 0 19223 6203 6203 34206 34206
23871 0 918 746 746 6162 6155
40840 0 918 4373 4373 23833 23825
8168 0 13192 9357 9357 29949 29949
10293 1 12214 2 2 3 2
23642 0 26543 6486 6486 11017 11017
26543 1 12312 4 2 4 2
4913 4 20284 66 35 2 2
3331 5 16655 186 186 5486 5484
3331 1 35484 3 2 2 2
16739 1 16646 2 2 5 2
6726 1 5782 5 2 2 2
6726 3 6725 15 13 5 5
11335 1 6726 2 2 5 2
5491 1 1201 3 2 7 2
6549 1 14425 6 3 5 3
5544 1 3327 4 3 8 2
3403 1 6328 3 3 3 2
7229 4 37460 2935 2918 40 40
20544 1 28902 5 3 3 2
3291 1 20544 6 2 6 4
530 1 21170 6 2 2 2
9371 1 9370 3 2 4 2
26061 0 9371 1831 1831 4276 4273
9371 0 5623 133 133 10968 10966
21518 1 29527 2 2 4 2
35181 0 21518 639 639 23141 23138
36581 0 16397 2299 2298 1065 1065
3972 7 37089 26548 26469 2 2
8883 0 5790 2124 2124 871 871
38389 0 7334 6 6 70 68
27814 0 9178 46 46 473 471
10855 1 19155 2 2 3 2
10855 1 31116 13 12 13 12
1431 4 27265 162 146 4 4
27563 1 35599 2 2 2 2
1193 4 39361 40 29 3 3
39975 0 7068 5444 5444 15157 15149
3855 0 3909 3 3 19 12
28703 0 3909 17338 17338 34481 34473
11573 1 13583 3 2 7 4
40841 0 16266 1886 1886 15019 14996
2434 0 16266 4 3 24 3
40842 0 67 403 403 9139 9130
1154 0 18959 2060 2060 29377 29375
32397 0 13044 2627 2627 34916 34907
17819 1 653 3 2 4 3
37840 0 313 9 9 237 229
40843 0 3679 418 418 5921 5910
40843 4 5346 40058 40058 1309 1309
13988 0 168 1698 1698 24306 24301
38754 2 10661 6 5 13 10
29501 0 6358 5657 5657 40782 40780
29860 0 18587 7552 7552 3518 3518
33438 1 36858 2 2 3 2
36858 1 35629 3 2 2 2
12381 0 1474 1530 1530 9482 9468
2863 0 6499 773 773 491 490
7328 0 5714 28080 28080 30198 30197
14412 0 20621 2415 2415 33840 33839
35316 5 38173 6 4 8 7
20490 1 7847 3 2 4 3
21077 4 10657 117 116 20 20
10380 0 1964 11 11 15 13
17802 1 3847 3 2 7 6
29031 4 40721 37701 37700 27713 27713
29630 5 22311 2 2 18 14
14888 4 21122 206 197 28 28
14888 0 2518 7 7 110 42
819 1 7732 6 2 7 3
7100 4 29718 678 676 618 618
8077 1 7192 3 3 5 2
16136 1 39043 4 2 2 2
13225 1 15253 3 2 6 3
40844 0 6467 1004 1004 12732 12725
6069 0 37345 2852 2852 1882 1881
4895 0 8093 28 28 1405 1378
21558 1 13645 2 2 3 2
10544 6 38325 48 33 15 15
23888 0 1730 85 85 3333 3234
33667 0 1730 68 68 4235 4134
22133 0 1730 9 9 111 14
19623 0 1730 3 3 181 83
28603 4 38563 33 32 8 8
16620 1 2522 7 6 8 3
24900 3 5965 4 4 4 3
3989 4 18951 141 134 6 6
22965 1 167 5 3 4 2
35645 0 7367 1764 1764 1388 1388
36255 0 10055 1 1 7 1
1574 1 8899 9 4 5 3
21174 5 2295 152 152 33645 33542
34328 5 2295 12 12 4871 4770
28418 5 2295 89 89 16110 16008
34439 5 2295 4 4 153 55
40845 0 32455 6721 6721 26122 26121
35000 0 9668 34 34 7764 7748
32116 0 21176 2433 2433 17352 17350
23390 0 40586 2903 2903 33708 33708
40848 0 23390 3949 3949 13989 13986
19903 4 29357 1673 1673 290 290
35177 0 14481 4 4 10 10
12330 0 11599 64 64 1304 1298
3579 1 19372 3 2 4 2
9842 0 3579 844 844 40510 40497
22422 1 9505 6 5 10 6
15330 1 28910 3 2 3 3
22889 0 11852 2801 2801 33680 33671
29771 9 3592 5 5 10 10
25748 1 34204 2 2 2 2
1772 6 37182 22 18 9 9
15158 0 40846 819 819 4955 4955
40847 0 8407 32055 32055 39750 39750
35466 0 11507 5 5 7 4
12327 0 411 94 94 5129 5106
21952 4 9376 27 27 11 11
4177 6 5022 53 38 5 5
5040 0 220 5 5 16 7
20777 0 30968 21945 21945 13091 13090
17995 1 415 5 3 10 3
6540 0 6677 303 303 600 598
30360 1 7239 2 2 7 3
1226 4 33413 2686 2662 63 63
36259 5 860 23 23 14269 14198
30840 5 860 1 1 82 13
39831 1 4370 3 3 6 2
17244 1 15986 3 3 6 3
9116 4 34497 9 7 3 3
4771 4 11796 1638 1585 29 29
18918 0 15687 9 9 17 14
18918 6 31983 4362 4353 20 20
29544 0 6411 2724 2724 10788 10781
13258 1 515 2 2 9 2
7665 4 11919 25 21 5 5
8356 1 22637 9 2 5 2
17180 1 8356 2 2 9 2
39574 0 13157 4876 4876 32554 32551
20711 1 1090 4 3 6 2
32427 0 24062 24086 24086 38438 38437
40849 0 13412 11383 11383 34890 34885
4316 0 1500 4 4 128 102
29122 0 1500 233 233 6196 6169
29916 0 33246 9 9 3 3
33246 0 425 8034 8033 27498 27478
3714 1 3991 2 2 2 2
6702 1 4469 5 3 6 2
20629 0 10089 22 22 227 227
18423 1 20629 6 3 3 2
4855 1 19562 7 2 6 3
11423 1 4213 8 4 6 2
10241 0 10481 8193 8193 40526 40524
27097 0 10241 5 5 89 79
5125 6 35244 2 2 5 5
10842 1 11135 3 2 3 2
3451 1 3450 2 2 9 4
3450 1 6752 10 5 4 3
26219 0 15966 1247 1247 1266 1263
20729 0 30962 4817 4817 25218 25218
31196 0 30962 22870 22870 30691 30690
36881 0 119 3 3 552 515
119 0 2748 67 66 490 480
2323 1 23181 3 2 2 2
14339 9 16095 5 4 3 3
32957 0 5195 5 5 28 22
32623 1 5195 3 2 5 2
32917 0 9489 3703 3703 31900 31896
40688 0 3489 23 23 5175 5114
13220 2 6815 2 1 18 14
5097 1 27076 7 4 3 3
17030 1 2573 4 3 9 4
2573 1 9486 8 3 3 2
37807 1 30144 2 2 2 2
2521 1 38597 6 3 2 2
6946 1 8731 4 3 5 2
9873 9 35523 3 3 3 3
1071 6 14854 11 5 2 2
3398 4 14735 31 14 2 2
5855 1 7329 6 2 4 2
3929 1 27247 12 2 2 2
16292 1 29803 4 2 2 2
6578 0 5973 69 69 152 149
40850 0 1543 743 743 8629 8572
37429 1 32885 2 2 2 2
5932 1 5931 7 3 2 2
14336 1 2808 2 2 4 2
23816 0 13145 5 5 7 7
16675 0 11522 23879 23879 15606 15606
40851 0 14187 7172 7172 24646 24642
10755 4 22444 6 5 8 8
11129 1 13730 10 4 9 4
25343 1 13730 6 3 7 3
8639 0 3289 8 8 109 86
3289 6 36920 850 833 7 7
8776 1 1347 3 2 6 3
1347 1 4276 6 3 4 2
39300 0 1590 22 22 6607 6583
37068 1 22654 2 2 3 3
1801 1 21363 3 2 2 2
31983 0 35119 23779 23779 19449 19448
31983 6 2119 28032 28030 31349 31349
19488 0 3006 9703 9703 29120 29110
19488 1 38649 25811 25811 14438 14438
40852 0 6747 25527 25527 36573 36571
28133 0 18038 23 23 180 177
8634 9 19910 3 2 3 2
11304 0 19910 5 5 10 9
20413 0 1973 2 2 460 405
26353 1 4814 9 8 11 7
22355 0 11595 622 622 10343 10337
1588 1 19716 3 2 5 4
11612 1 21343 3 2 3 2
5569 1 10107 6 2 8 3
5923 1 5569 5 3 5 2
24840 0 14776 29 29 97 97
24031 4 32273 24033 24033 8568 8568
12006 1 23328 3 2 2 2
15403 4 40478 44 44 27 27
16346 0 16005 21 21 244 242
7668 1 35530 3 2 2 2
9434 4 40717 16449 16446 803 803
22914 1 3088 3 2 4 2
2945 9 2944 2 2 2 2
24743 1 24742 2 2 2 2
31284 1 19047 3 3 3 2
1664 1 16927 6 4 5 4
40307 0 4362 2109 2109 23185 23178
29218 1 4362 3 2 2 2
4362 0 8787 9 9 34 27
17040 8 37417 218 217 366 366
39206 0 12650 2 2 23 3
29976 5 5742 3 3 126 104
15635 5 5742 15 15 342 319
903 5 5742 2 2 39 18
17663 4 9378 28 25 3 3
20364 1 26993 3 2 3 3
27150 0 3232 2716 2716 32433 32426
40854 0 14981 32074 32074 38852 38848
40855 0 25028 8142 8142 32511 32511
40678 5 5841 36 36 3607 3594
26893 3 11921 4285 4283 452 452
38438 0 24102 528 528 16465 16461
22467 0 22049 25 25 837 834
15542 0 22049 947 947 15986 15982
40856 0 8153 498 498 11159 11141
36147 0 8153 193 193 14860 14841
10925 1 8153 5 3 4 2
34372 4 36708 116 116 44 44
7489 6 35302 61 56 11 10
9267 0 1292 76 76 3322 3317
5975 0 8327 807 807 12331 12321
112 6 23406 50 6 2 2
6559 1 18773 3 2 4 2
13687 1 7279 3 3 4 2
37981 0 904 34 34 242 230
15563 1 17861 6 3 7 4
24736 1 14901 3 2 2 2
7506 1 27215 11 3 2 2
28486 1 28485 2 2 2 2
22848 1 33665 3 2 3 2
15952 0 3163 4 4 55 15
9298 0 3163 4 4 44 6
28717 0 3163 3 3 54 15
17876 3 17875 3 3 2 2
22196 1 22195 2 2 2 2
13637 1 27685 2 2 2 2
10125 4 13911 14 12 3 3
4146 0 37135 245 245 188 186
31487 4 8818 2189 2189 17784 17784
36976 0 4550 4255 4255 20713 20615
24513 0 4550 21 21 412 317
27936 0 4550 6 6 1003 906
12322 0 4550 12 12 117 24
40857 0 2021 708 708 18128 18075
27575 0 6658 8248 8248 19692 19680
19537 9 28961 3 3 3 3
1070 0 17546 856 856 3072 3068
9755 1 9754 2 2 5 2
769 1 9754 3 3 4 2
40381 0 34906 16 16 10 10
15427 0 134 7185 7185 33048 33034
134 1 2633 5 2 2 2
1511 0 15914 24731 24731 13662 13659
5005 1 28613 10 3 4 3
18503 1 5005 3 2 10 3
40140 0 27752 20 19 18 15
16225 4 4698 920 917 108 108
40858 0 15284 3527 3527 16987 16981
628 1 627 3 2 4 3
16800 4 32120 115 115 1482 1482
25305 0 2099 31 31 472 445
13821 1 13530 3 2 3 2
16002 1 36632 4 2 3 2
40859 0 37052 302 302 6835 6834
6188 4 24112 131 113 9 9
6188 4 24347 46 29 2 2
15067 0 18496 14048 14048 37829 37829
29361 1 18956 2 2 3 2
10119 1 25492 7 2 5 3
28682 1 6956 2 2 2 2
22077 5 6956 1 1 19 1
720 9 26603 3 2 3 2
18029 0 8812 3 3 4 3
36166 1 16798 2 2 2 2
30646 4 33263 931 931 193 193
10063 0 8348 1424 1424 25145 25138
28320 1 27155 3 2 3 2
27155 1 29136 3 2 3 2
737 0 704 4327 4327 11172 11171
16207 1 16206 2 2 2 2
37148 0 23650 14698 14698 21415 21415
33954 1 14292 2 2 3 2
29886 1 28685 3 2 4 2
9855 6 33387 27 3 8 5
3785 0 28084 39941 39941 23467 23466
20088 5 3785 1061 1061 16718 16702
32514 5 3785 344 344 23631 23614
6922 1 6921 7 3 8 2
6921 1 7885 8 2 8 3
7656 1 11492 3 2 3 2
16454 1 15118 7 2 6 3
27917 0 8192 5 5 18 15
27917 1 5927 10 9 26 21
5927 1 27917 20 15 9 8
4197 0 8050 46 46 16 13
4197 1 37513 6 2 2 2
25431 1 5635 2 2 6 2
15018 1 18772 4 2 2 2
9762 6 8948 26129 26125 20553 20553
30927 6 25532 4285 4285 8102 8102
19315 1 39214 3 2 2 2
39214 0 32965 3 3 4 4
18563 0 4302 133 133 3803 3801
21993 1 19504 9 4 3 3
9794 0 26796 79 78 35 35
40860 0 1945 1039 1039 24694 24670
13748 1 11108 5 3 3 2
4384 1 24793 3 2 3 2
10633 4 19550 5025 5025 32618 32618
27322 1 37139 2 2 2 2
40383 0 38168 93 93 21 21
7362 4 32362 19 6 2 2
22231 1 8513 2 2 3 2
40692 0 8924 5265 5265 22109 22100
1685 1 12089 5 2 2 2
450 4 4488 32 15 2 2
39094 5 3918 1144 1144 37711 37693
40914 5 3918 76 76 14379 14362
2315 0 3918 202 202 10632 10624
40869 0 3918 3159 3159 35534 35525
39375 4 35988 7 7 37 37
33362 0 724 4002 4002 37296 37276
4388 4 38068 19 7 2 2
24592 0 13837 5151 5151 24815 24811
4109 6 1349 39 35 3 2
20971 4 929 15274 15274 17627 17626
23939 0 929 5 5 489 478
2108 1 23830 5 2 3 2
137 1 39790 2 2 2 2
14471 4 26704 323 319 80 80
38379 0 2037 455 455 3342 3339
3297 1 2037 4 2 2 2
19597 1 29925 4 2 2 2
9472 3 9553 11196 11196 15272 15270
24002 1 31718 2 2 3 2
13378 4 37002 1709 1701 14 14
18672 8 18729 8 8 6 4
23066 0 10976 17871 17871 24417 24417
37193 0 36623 16270 16270 30498 30498
35461 0 15432 15767 15767 28961 28959
6086 1 37968 41 41 66 66
39988 0 6132 895 895 13160 13154
27635 0 6879 3986 3986 34151 34151
12792 1 18251 3 3 3 2
25299 0 17090 3648 3648 6287 6285
22804 0 9256 14 14 30 27
22046 1 449 2 2 4 2
26701 5 39164 4444 4444 885 885
33010 4 37752 1550 1549 4381 4381
17564 4 28570 3358 3358 13840 13840
14394 1 27202 2 2 3 2
40861 0 35307 40779 40779 38284 38284
36533 1 31832 2 2 3 2
1421 1 13698 4 2 2 2
1421 1 1420 5 2 2 2
15918 1 8898 3 2 3 3
39681 2 3869 4 4 346 315
13147 2 3869 5 5 531 499
29520 1 38175 2 2 2 2
7705 4 29204 344 337 23 23
31945 1 533 2 2 3 2
20267 1 11332 3 2 3 2
40862 0 6138 5294 5294 25953 25938
12405 1 2536 2 2 7 3
22145 0 267 285 285 8917 8893
12466 4 38408 110 90 2 2
12466 4 38825 121 100 5 5
16552 1 10073 3 2 2 2
31672 0 16442 800 800 37 37
34829 0 34921 10 10 386 384
6539 1 27537 9 4 2 2
24829 0 20017 3969 3969 21976 21971
28048 0 20017 3597 3597 40545 40539
40863 0 22831 10916 10916 30730 30725
9658 0 22831 12203 12202 20528 20524
17365 6 1148 16638 16638 20297 20297
11735 1 13906 3 2 2 2
10734 0 10886 7 7 500 486
1494 0 15383 1548 1548 2248 2247
31725 6 3983 51 51 99 98
3023 1 19162 2 2 5 3
28499 0 2833 608 608 4717 4702
4250 3 26422 4 3 4 2
14121 1 5862 10 8 8 3
1002 0 15449 13542 13542 16336 16331
14237 9 14236 2 2 4 4
40286 1 14159 2 2 3 2
1432 4 24308 103 87 8 8
29759 0 21793 4 4 6 5
40 0 9353 1792 1792 5992 5984
36532 1 36531 2 2 2 2
4832 1 7867 6 2 2 2
27716 6 14968 1963 1963 808 808
304 0 25231 11614 11614 15940 15939
8542 1 19421 6 2 2 2
30629 1 15712 2 2 3 2
20027 2 9746 1 1 11 1
26019 0 4682 3 3 26 22
15092 4 32205 35147 35142 8630 8630
13106 4 30126 72 61 8 8
7451 0 9653 8 8 5 5
14198 1 7551 2 2 10 2
19206 1 11656 6 3 6 2
938 1 29478 4 2 2 2
19923 0 13346 12 12 562 554
40895 0 13346 13336 13336 35347 35337
8767 0 2776 238 238 7628 7604
17206 0 4193 3447 3447 6553 6551
9026 1 21448 4 4 8 4
10884 1 23870 4 3 4 2
10884 0 12402 62 62 66 65
33656 0 17442 2764 2764 38828 38824
29844 1 36062 3 2 2 2
39433 6 40246 4 3 6 6
13370 4 32777 12 11 14 14
40865 0 34557 7501 7501 39559 39558
12307 1 5388 2 2 5 3
8628 3 1186 153 152 45 45
4299 0 1562 311 311 2665 2658
18208 6 35649 1911 1911 2702 2702
12758 0 980 5006 5006 19830 19829
26577 4 38800 33 33 10 10
40866 0 8678 11740 11740 33424 33421
32294 0 1897 2172 2172 36570 36494
6937 1 1897 6 3 12 5
9481 9 158 5 4 5 2
13100 9 9481 3 2 2 2
15588 1 15587 7 3 3 2
13773 0 27141 11 11 125 122
25916 0 16303 5 5 24 15
36297 0 16303 3 3 89 79
20354 1 18989 2 2 2 2
973 1 13336 7 5 10 4
5185 0 13336 261 261 5964 5960
9012 5 7786 4 4 73 54
33237 1 410 2 2 2 2
14633 6 31433 4166 4165 972 972
14633 6 8142 20 20 113 113
40867 0 339 354 354 2927 2924
3453 1 18417 8 2 2 2
8951 1 28285 4 2 3 2
1460 1 8951 2 2 4 2
8222 1 6150 6 2 3 2
8054 3 25795 7 5 3 3
6845 1 2779 3 2 2 2
19202 0 12252 24 24 619 612
20124 1 18592 4 4 7 4
20124 0 14100 319 319 22556 22552
30846 0 2941 6 6 46 45
39027 0 9415 53 53 1985 1973
23350 1 17390 2 2 4 3
8558 1 7530 5 4 4 2
40868 0 5700 39711 39711 35960 35960
32469 0 324 132 132 33587 33567
8545 0 324 187 187 2901 2882
25032 1 25031 3 2 2 2
38057 9 30720 2 2 2 2
2030 0 1832 46 46 664 654
1637 0 5616 40 40 1047 1039
9928 0 5616 35 35 1383 1374
1702 4 29665 148 144 11 11
36951 4 24229 250 248 28 28
6008 1 1041 2 2 3 2
14647 0 13213 18 17 3 3
699 1 22618 2 2 2 2
35907 4 37894 73 73 24 24
13383 1 2789 6 2 3 2
2713 6 7645 59 18 5 4
11577 1 7731 6 5 4 2
40870 0 1335 37657 37657 31200 31199
24483 1 12798 3 2 5 3
17309 0 30810 245 243 477 475
10156 1 963 6 3 6 4
2452 1 3976 4 3 9 5
2452 1 7086 6 3 12 5
40905 0 3387 1598 1598 7607 7593
7217 1 3387 3 2 2 2
8525 4 37769 89 87 8 8
35828 0 1364 286 286 24819 24789
26559 6 35828 40635 40635 2955 2955
16493 1 19237 3 2 10 3
2933 1 7202 6 3 8 3
6048 9 22594 4 3 2 2
29003 1 35415 5 2 2 2
20788 1 10332 6 3 3 2
5707 1 5706 5 4 4 2
29609 1 29608 2 2 2 2
22190 1 35891 6 3 4 3
22190 1 11262 5 3 6 3
9192 1 19649 5 2 3 2
26202 0 7136 14 14 25 24
36138 0 7877 11 8 7 4
23317 0 6977 16236 16236 40718 40682
40920 0 6977 435 435 10430 10395
36948 1 27706 7651 7651 18300 18299
34777 1 14753 2 2 3 2
1620 4 23845 26 11 2 2
12071 1 18026 6 2 2 2
8848 5 14818 1 1 19 5
11500 6 11034 96 89 8 6
16013 1 5367 6 3 4 2
10574 6 36868 7 3 14 13
18072 0 1880 1204 1204 13594 13579
7031 1 26802 5 2 6 5
32487 1 10667 5 3 5 3
28680 1 10686 3 3 3 2
9031 4 20091 190 171 14 14
37696 0 13023 479 479 9342 9334
5434 1 5433 5 2 4 3
24552 2 8531 37 36 264 261
35789 5 3276 16 16 4512 4481
31511 5 3276 29 29 18819 18787
39401 0 24275 19 18 985 973
27408 0 4448 3 2 15 7
13163 1 17198 4 2 3 2
8664 1 2489 3 2 4 2
2489 1 15398 6 2 2 2
25485 2 3943 1 1 33 2
38545 2 3943 1 1 36 4
36055 6 19589 4333 4333 26780 26780
19768 0 5156 1337 1337 20241 20209
26405 0 5156 4 4 75 44
17022 6 35666 5096 5093 8000 8000
17022 6 3619 680 678 71 71
4621 1 88 4 3 4 2
40873 0 28355 6786 6786 24648 24646
2460 9 9748 2 2 2 2
36214 0 573 57 57 4315 4276
40874 0 22716 39162 39162 35618 35618
25322 4 40518 545 545 1255 1255
2760 0 11134 43 43 472 466
4446 9 1807 11 8 4 4
11636 0 4446 12 12 190 189
36303 1 2876 2 2 2 2
37244 1 21630 2 2 2 2
38942 1 2626 55 55 826 823
31471 0 2626 6 6 18 17
3018 0 27173 6 6 3 3
26985 0 7600 52 52 571 565
37635 0 7600 12 12 24 19
8617 6 7587 14355 14344 10066 10066
24972 0 1142 5274 5274 32148 32146
680 7 38698 19378 19316 2 2
680 7 40901 34169 34106 12 12
6028 0 29623 9230 9230 11383 11383
29623 0 33835 7598 7598 23860 23857
36506 4 25083 1736 1736 244 244
7152 1 4236 3 2 6 4
22504 0 7152 2539 2539 9570 9565
40876 0 1295 9187 9187 29014 29008
21646 1 1295 4 3 7 3
22690 0 9531 25 25 95 91
34554 0 9531 446 446 3939 3934
701 1 25692 2 2 3 2
14347 1 5567 5 2 4 2
22500 1 15849 3 2 3 2
24584 6 29929 2 2 6 6
18192 4 1499 2 2 3 3
17820 1 654 6 3 8 3
23192 1 654 2 2 6 2
34164 0 21362 1634 1634 8946 8942
23961 0 6776 4 4 62 54
14951 5 6776 165 165 38701 38696
2111 1 35677 4 2 2 2
32320 1 16031 38542 38542 39657 39657
31261 4 13766 945 945 5792 5792
38116 9 9 3 3 6 5
40068 0 28942 32839 32839 9682 9682
21724 1 8592 7 3 4 2
4229 1 37036 10583 10579 5253 5253
29447 0 15913 61 61 220 215
16697 4 31051 61 57 6 6
5443 6 33646 22 4 7 6
13087 1 36310 3 2 3 2
22927 4 27025 353 353 68 68
24129 1 15215 3 2 3 2
24953 0 13135 5837 5837 26840 26831
22068 0 29955 39599 39599 10598 10598
6111 0 23960 157 157 84 82
6111 1 11198 6 2 2 2
2003 0 4127 524 524 8071 8067
40878 0 34399 29179 29179 37510 37506
26349 1 19291 3 2 3 2
15641 1 5982 7 2 7 5
21253 0 5982 6127 6127 38155 38155
3948 3 25669 6899 6895 152 152
40879 0 39495 37748 37748 34596 34596
10738 0 8594 732 732 4786 4780
40612 0 8594 6619 6619 22640 22633
12395 0 4161 3 3 52 24
40942 0 4161 2468 2468 13787 13758
26530 0 25605 8 8 5 4
25576 0 19971 4038 4038 38926 38920
3574 6 39280 100 96 5 5
35051 1 36988 2 2 2 2
19269 6 3870 347 346 27 27
26457 1 21879 2 2 3 2
16049 4 31756 326 324 91 91
26279 5 6146 4 4 62 51
31974 5 6146 125 125 14633 14621
22137 5 3531 3 3 37 15
15837 1 15836 2 2 2 2
3895 0 3721 12 12 131 96
23820 6 25420 15 10 4 3
23820 6 11103 8 4 4 3
28203 4 29473 311 307 125 125
2999 1 36067 5 2 2 2
11766 5 10754 3 3 76 57
40880 0 10330 116 116 807 802
29695 1 25945 2 2 2 2
15242 6 5534 6 4 4 2
16017 3 30757 3680 3678 2484 2483
9486 3 6190 97 93 37 37
10504 6 36780 563 557 663 663
31226 0 17728 291 291 15540 15531
8734 1 1538 4 3 2 2
29667 0 249 252 252 5948 5903
7681 0 249 341 341 7413 7367
1196 5 12328 811 811 28632 28615
29190 5 2139 20 20 21962 21935
9335 5 2139 2 2 328 304
13338 1 18054 5 3 2 2
19110 4 40436 710 710 610 610
1935 0 7945 7 7 434 412
1104 0 7945 8 7 44 23
32001 2 3539 39 39 2485 2484
7118 0 3978 19 19 76 55
27765 0 206 687 687 7870 7840
16624 9 15794 2 2 2 2
1966 4 24890 22957 22955 451 451
31338 0 8266 20 20 327 323
40221 5 73 1 1 65 10
3410 4 40221 749 748 24 24
29650 5 73 49 49 34493 34434
4984 0 73 2 2 15 5
7890 1 8556 7 3 6 4
32343 0 7890 2036 2036 29245 29228
4686 0 9935 365 365 4043 4027
1690 1 5111 17 5 4 3
23282 0 1690 25 24 189 179
10335 1 2363 2 2 9 2
19856 1 15917 3 2 3 2
15168 1 35514 2 2 3 3
40881 0 9334 7000 7000 23792 23787
28253 1 28252 2 2 4 3
11736 1 678 4 2 4 2
12371 1 20336 6 2 3 2
26039 1 31200 401 401 1132 1132
39168 1 23614 2 2 2 2
20692 1 21524 3 2 2 2
24359 1 36592 2 2 3 2
6740 1 6335 4 2 3 2
38194 0 6335 25369 25369 37115 37115
5315 0 18408 3 3 3 3
11605 4 40002 84 84 34 34
12921 1 24570 13 3 7 5
21374 1 12921 3 2 13 3
5134 2 4633 1 1 9 1
35877 0 85 44 44 994 760
23185 0 85 626 626 22241 21993
40756 0 85 1089 1089 20412 20165
26136 1 26135 2 2 2 2
37633 0 20754 3032 3032 20855 20854
40883 0 1222 10691 10691 37986 37972
40904 0 1222 2811 2811 21909 21896
19190 1 22874 6 5 5 2
14563 2 35454 40940 40938 819 819
12530 1 5329 2 2 3 2
37793 0 425 206 206 5655 5636
7112 1 21005 2 2 7 3
13785 6 30026 4184 4183 27559 27559
30892 1 27200 2 2 2 2
22309 1 11345 4 3 13 6
652 1 11489 6 3 3 2
21523 0 5914 3444 3444 10541 10537
19459 1 8641 2 2 9 5
103 0 9917 1858 1858 28911 28910
34367 1 30925 2 2 3 2
39210 0 36049 2902 2902 35027 35026
27244 6 22681 217 216 23 23
12608 4 21734 221 218 70 70
31281 1 6359 2 2 7 2
40153 0 6359 2611 2611 34063 34055
28257 1 28256 3 2 3 2
3741 6 11977 6 4 9 6
8455 0 14334 310 310 563 562
11170 1 606 7 2 7 5
9097 4 33963 146 145 46 46
15436 1 15435 5 4 4 4
9201 1 9200 4 2 3 3
6058 0 5378 20 20 307 293
5378 1 9054 5 2 10 5
24455 0 7235 3736 3736 36808 36803
40886 0 36491 28393 28393 31726 31725
27948 0 29072 5195 5195 40416 40412
2574 1 10949 13 9 11 7
15184 1 36822 2 2 3 2
17033 1 208 2 2 3 2
5633 0 4663 437 437 19204 19188
23779 0 17423 3156 3156 15121 15117
31140 0 1615 702 702 8003 7998
25999 1 31140 2 2 4 3
29071 0 25203 61 61 142 139
4929 4 37085 2643 2637 647 647
11962 4 5667 82 78 30 30
14732 6 18907 3703 3702 30 30
4582 0 23340 6391 6391 15489 15485
2940 0 23340 40 40 42 39
6093 10 24981 3 2 3 3
14001 0 36202 40 40 182 182
37407 0 19919 263 263 32992 32989
28934 0 6210 51 50 58 55
13298 1 26814 3 2 3 2
12356 1 20726 3 2 3 2
11679 7 15652 1780 1773 39 38
18992 0 780 113 113 3253 3245
12696 0 1750 788 788 9974 9972
22477 1 2282 6 2 2 2
17701 4 36065 160 160 23 23
20641 0 36866 11617 11617 39108 39107
31601 0 1352 4807 4807 38011 38005
36144 0 28533 13553 13553 15206 15206
22400 2 2183 3 3 91 60
39117 2 5348 5 4 6 4
12905 1 5832 4 2 4 3
16355 1 22399 71 66 103 103
8334 2 35737 1284 1284 7129 7128
13347 0 26570 5 5 14 12
40889 0 34949 27104 27104 39405 39404
12551 0 7485 5089 5089 7827 7826
3154 1 27514 4 2 2 2
35950 0 20760 156 156 604 599
20760 0 25127 3493 3493 31754 31753
23933 1 23098 3 2 5 2
12685 6 19180 20409 20403 76 76
12358 2 4168 1 1 16 7
7700 2 4168 3 3 21 11
35674 0 16517 30266 30266 33284 33283
6813 1 5175 4 2 2 2
7375 1 7374 3 2 3 2
40890 2 23906 21552 21552 31526 31526
21948 4 38918 9892 9892 27235 27235
17500 9 17499 2 2 2 2
6759 1 21078 5 2 3 2
11196 0 24534 2043 2043 957 954
16734 7 13678 17858 17855 33 33
865 1 17946 11 2 2 2
1821 6 39122 956 942 44 44
11630 1 31896 5 2 2 2
7284 1 17756 3 2 2 2
26770 5 6829 1 1 7 1
37565 1 22789 4 3 4 3
11926 1 11925 6 2 5 4
27446 1 22702 4 2 4 2
13999 0 37238 198 198 188 187
2050 6 30438 14647 14647 14482 14482
21493 0 24309 8951 8951 37555 37555
40891 0 13449 2078 2078 4799 4798
15390 1 38904 18560 18559 879 879
33146 1 2101 13 12 13 5
17987 3 17986 13 11 4 3
29746 3 17987 12 12 20 18
2692 0 10487 7 7 45 42
32902 1 29338 2 2 2 2
14511 6 11512 21157 21150 1815 1815
6117 1 683 2 2 7 2
25817 0 40019 1376 1376 2458 2458
39730 4 31900 12696 12696 24019 24019
14912 3 19439 10 7 5 5
34332 4 1842 231 227 30 30
29957 5 8285 12 12 2020 2016
8398 4 40398 17772 17772 19748 19748
13141 4 36356 179 167 14 14
24146 1 36079 3 2 3 3
12197 1 24146 6 3 3 2
8973 0 15567 4905 4905 10264 10263
2840 1 18631 4 3 3 3
4993 1 4648 3 2 11 2
15543 4 26788 1125 1125 5331 5331
9926 1 1976 5 3 5 3
40893 0 10088 15005 15005 33036 33031
18632 0 15264 7114 7113 34620 34617
25930 4 9684 38 33 5 5
39714 5 5407 2 2 44 20
31612 1 9688 3 3 3 2
1782 1 1781 3 2 5 2
34009 6 39128 149 146 246 245
25597 0 4132 5235 5235 39433 39423
16378 0 2054 6 6 25 9
12541 0 2054 11 11 31 14
2054 1 17904 7703 7703 15720 15719
18557 9 18725 2 2 2 2
40453 1 28165 2 2 4 2
7231 0 16733 29436 29436 11661 11661
17867 1 14085 3 2 5 4
36201 4 39259 3131 3130 875 875
17202 0 12720 13 13 39 30
28053 0 4049 474 474 28118 28103
25593 0 4049 997 997 13962 13948
4049 1 28361 4 4 5 3
22873 1 37187 9 3 3 3
37187 0 3391 7671 7671 27080 27076
30984 1 6485 5 3 5 3
12052 1 6794 3 2 6 3
6371 6 13857 9503 9499 2960 2959
1675 3 3261 7 3 4 3
32329 0 39076 27851 27851 32847 32847
1788 0 22163 3 3 18 14
8791 1 15310 5 4 23 16
13863 1 15310 12 4 8 3
3838 1 15310 5 3 10 4
36716 0 15310 4338 4338 25779 25779
23303 1 6584 3 2 11 5
9014 0 13840 103 103 1227 1223
9501 1 16279 4 3 4 3
9412 1 35482 6 2 2 2
26517 1 352 15 13 29 20
30651 1 30650 3 2 2 2
13606 0 5759 5 5 57 42
24242 4 40495 908 908 4075 4075
3024 1 8489 3 2 11 5
4914 4 5471 148 143 7 7
16649 0 11808 153 153 691 685
16580 1 16649 3 2 3 2
8882 1 30608 4 2 2 2
24380 6 4034 6 6 17 15
20967 1 38940 20 17 17 17
38940 1 20967 41 41 40 37
12345 4 32572 11 10 2 2
17336 1 6811 2 2 4 2
4393 0 21188 13 13 179 177
16082 0 19592 33615 33615 40556 40555
13599 4 38034 329 329 162 162
2399 3 852 7 5 4 4
26551 1 17969 4 2 5 3
19862 1 25685 8 4 3 3
33100 0 23835 32 32 219 213
38732 1 16818 2 2 4 2
30257 4 39983 5597 5597 2597 2597
2097 1 9439 9 5 8 4
8891 1 8890 2 2 6 3
10946 1 16189 14 11 7 6
23311 5 666 3 3 93 65
7605 1 16736 2 2 3 2
40896 0 23801 65 65 3082 3080
3152 1 34834 3 2 2 2
8027 0 17129 2466 2466 7576 7575
18036 1 23414 4 2 3 2
10896 1 5187 2 2 2 2
29378 0 14065 4 4 19 17
11268 1 18820 5 4 5 2
10603 3 7644 3 2 5 4
28163 6 33290 3233 3233 6944 6944
26372 1 2839 5 3 4 2
13731 1 3340 6 4 4 2
30635 1 27499 3 2 4 2
19561 2 12788 84 82 21 19
6316 1 14884 15 13 10 9
14884 1 6316 12 11 14 12
40071 0 542 55 55 394 381
24433 1 24432 3 2 2 2
8518 8 19686 14 9 3 3
36028 1 13581 2 2 4 2
23015 1 39472 3 2 3 3
29941 0 8121 117 117 165 160
11007 0 39628 1365 1365 5851 5850
38483 1 35975 2 2 2 2
27069 0 17594 4 4 20 19
31414 0 21528 15 15 18 15
10966 0 6448 115 115 1216 1212
7275 0 36151 21496 21496 38853 38852
10347 0 12311 138 138 1177 1166
40897 0 15992 122 122 2086 2081
29348 1 9181 2 2 6 2
181 4 20452 165 160 7 7
30056 0 13450 213 212 1517 1511
13510 0 34706 3789 3789 26539 26537
9041 1 8986 7 3 8 3
33052 1 6521 3 2 5 2
26934 4 36843 692 692 2168 2168
2778 1 2777 6 3 2 2
28399 9 24687 2 2 3 3
28399 0 7125 29 29 12 10
163 1 9522 6 2 3 2
38964 6 15538 5 3 5 3
36295 6 20656 12650 12650 12486 12486
7947 1 3044 6 3 9 2
24577 0 6103 7242 7242 28622 28619
39447 2 955 29 28 775 763
27080 0 35724 2526 2526 6449 6449
18317 0 16471 1154 1154 35664 35661
40899 0 1371 3145 3145 30735 30712
35847 0 1371 97 97 2429 2407
32447 6 14556 172 170 7 6
5046 5 5363 130 130 24404 24389
31855 0 1378 5 5 89 29
19994 0 1378 8 8 217 155
25740 0 1378 221 221 199 138
40676 0 1378 920 920 14639 14576
20832 0 2453 191 191 17404 17351
38637 0 35536 140 140 1444 1444
29542 6 38922 36 36 20 20
17578 1 8885 4 3 5 3
40900 0 3668 5676 5676 29687 29679
38879 4 40465 26 26 103 103
23645 1 3271 3 2 3 2
10717 1 23392 3 2 6 4
7129 6 37636 54 35 2 2
7129 6 39342 128 108 46 43
22752 1 11603 5 3 4 2
13171 0 2104 6 6 230 214
3840 4 25993 24 23 3 3
6976 1 6542 2 2 2 2
6504 0 17314 29 29 169 162
1218 1 18913 6 2 2 2
23637 1 22005 2 2 2 2
12259 4 40042 2325 2325 10229 10229
29053 0 31232 16 16 2395 2391
14841 1 11642 4 2 5 3
12434 1 11406 4 3 5 2
4571 1 19807 3 2 2 2
12516 1 16943 2 2 5 3
9471 1 28564 6 3 2 2
40902 0 30686 27569 27569 29638 29637
215 1 13069 7 3 3 2
28342 4 21955 409 409 177 177
4050 1 5908 4 3 2 2
10960 0 16571 10248 10248 24322 24321
3343 1 1512 6 2 4 3
15421 1 7039 7 2 3 2
40903 0 23890 5863 5863 27445 27444
18173 1 23932 3 2 4 2
26645 1 11702 2 2 2 2
15117 1 11702 2 2 3 2
7241 1 9423 4 2 3 3
15866 1 20662 3 2 5 2
308 1 23762 7 3 2 2
1602 1 20590 5 2 3 2
7541 1 7540 4 3 3 2
4015 0 32323 11324 11324 2866 2866
36003 2 3957 35 34 407 403
11479 0 4865 50 50 4001 3995
1202 0 14475 7132 7132 31920 31917
14612 1 19739 5 3 3 2
7024 0 6752 4 4 37 23
32853 0 5203 6302 6302 36861 36859
37253 0 40396 6824 6824 34894 34892
34648 0 16831 815 815 7186 7185
1613 1 3914 5 3 6 3
10826 0 26562 4143 4143 29121 29116
23101 1 12527 3 2 4 2
27830 0 8061 24489 24488 28987 28985
20864 1 6464 2 2 4 2
5262 6 29332 1739 1737 8134 8134
35821 0 16863 289 289 2447 2441
13407 1 4967 4 3 5 3
9713 1 18011 3 2 2 2
31393 4 27927 12688 12688 25189 25189
12347 1 13214 5 2 2 2
22063 1 36525 2 2 2 2
37425 0 4766 720 720 2335 2335
27152 4 38832 18 17 3 3
31830 5 24055 30 30 57 57
15799 6 17609 13 2 2 2
38974 0 621 46 46 215 214
17241 0 17150 2 2 2 1
2858 4 33960 6701 6668 19 19
26230 0 10765 3 3 213 206
19752 1 19897 7 3 4 2
38731 0 10922 52 52 4186 4183
30909 6 31031 33787 33787 38985 38985
40907 0 25161 26908 26908 37332 37330
36978 0 692 156 156 8988 8964
29708 0 692 9 9 399 376
20476 1 6724 4304 4303 5942 5940
40908 0 7921 17503 17503 35483 35483
2443 9 5163 6 5 2 2
12141 1 2443 3 3 6 3
7159 4 32394 175 172 27 27
9995 0 1520 4 4 33 23
3657 1 11758 18 18 191 187
687 6 27283 10127 10106 1135 1135
8662 0 716 32 32 2534 2496
7974 1 3145 6 3 5 3
24517 1 9302 2 2 5 3
7449 0 7095 15426 15425 7490 7490
31989 4 40175 103 103 43 43
40909 0 3338 17758 17758 37861 37853
19172 0 15730 42 41 30 29
15433 6 23550 27460 27457 1207 1207
15869 1 9418 4 2 6 4
27694 3 13419 2 2 3 2
21543 0 14367 1408 1408 4383 4377
5015 4 5256 10 3 2 2
16016 1 10865 3 2 2 2
2379 0 14652 26887 26887 29303 29303
40910 0 10662 2020 2020 15262 15255
13388 1 17572 3 2 3 2
38526 0 17405 2189 2189 21746 21738
9889 0 38560 3846 3846 26103 26102
11600 0 13047 9 9 34 26
40912 0 9931 4816 4816 25599 25599
36575 0 34172 22134 22134 29323 29320
19960 6 20910 38029 38028 31297 31297
10868 1 6529 4 2 7 4
25398 1 30292 2 2 4 2
13664 1 23487 4 2 3 2
40913 2 1214 21 21 5828 5809
13094 2 1214 3 1 19 1
16437 0 26208 8367 8367 10736 10734
22757 1 22756 3 2 3 3
40260 0 26108 2 2 5 3
32735 0 5654 22 22 181 178
3447 1 9780 9 4 3 2
14404 1 3447 3 2 6 2
7985 1 4209 2 2 6 3
40915 0 10407 8917 8917 17481 17481
6851 1 6468 3 2 7 3
15604 3 4192 14 14 8 8
9074 0 2243 15 15 41 40
16945 1 27937 2 2 2 2
37937 2 17319 7 6 9 5
17444 1 7040 2 2 3 2
24542 0 21434 18032 18032 28049 28048
19654 0 38248 27192 27192 18388 18388
40916 0 25194 5248 5248 25857 25856
3512 1 1507 7 4 3 3
35515 4 5683 5464 5464 15016 15016
26598 1 13630 2 2 2 2
3815 1 39428 4 2 2 2
4037 0 16708 5 5 24 20
29698 0 8868 13704 13703 11512 11511
15051 1 14230 2 2 6 2
1006 3 17460 7 6 14 10
20944 1 2415 4 2 6 2
9847 3 11802 4515 4508 870 870
19964 4 40677 8435 8432 3412 3412
23100 1 23574 3 2 3 2
21645 1 16026 5 3 5 3
3046 0 140 1502 1502 15746 15740
1732 6 23260 15 2 1 1
29279 4 22476 92 92 9 9
21641 0 8412 6995 6995 3743 3742
40283 0 13935 284 284 247 244
20075 1 5623 4 2 3 3
32173 0 25942 5 5 42 39
17114 1 9438 2 2 3 2
33419 4 28271 22 20 7 7
40917 0 5681 14012 14012 29801 29800
15907 1 15906 3 2 5 2
15906 1 26088 6 3 3 2
14098 4 39569 1685 1683 182 182
4725 1 3135 3 2 5 4
24645 1 21259 3 2 3 2
22111 1 25386 2 2 3 2
11499 1 5619 4 3 5 2
3068 1 3431 6 2 4 3
7765 1 7764 4 2 5 4
11813 1 30361 10 3 2 2
13330 1 4080 3 2 2 2
40919 0 27595 5999 5999 31532 31532
26579 0 27595 2694 2693 36949 36948
20569 1 7364 3 2 9 3
27835 1 30774 2 2 2 2
2212 6 39573 11435 11435 4716 4716
29644 1 22647 2 2 3 2
28102 1 13943 2 2 3 2
39806 0 4094 19325 19325 29750 29750
11333 0 1873 146 146 21227 21218
7708 1 7707 2 2 3 2
20826 6 37122 217 216 165 165
35116 1 2058 2 2 6 2
4697 1 3858 3 2 3 2
11455 4 7090 5909 5905 45 45
40921 0 10175 3491 3491 33823 33817
38431 1 28014 2 2 2 2
12033 1 19844 3 2 4 2
5245 0 33893 12339 12339 34283 34283
34222 0 38513 5415 5415 6102 6101
8695 1 8694 2 2 5 2
3104 1 3103 2 2 3 2
15438 1 11384 3 3 4 2
31721 1 24228 3 2 2 2
2370 4 3245 44 25 5 5
8754 1 6098 8 5 3 2
8754 1 4244 5 3 4 2
18988 0 27345 7 7 38 37
40923 0 13663 3597 3597 35796 35775
11049 0 722 65 65 6009 6001
38784 0 6570 27 27 981 966
16141 4 16183 8 6 2 2
496 1 32512 4 2 2 2
37743 1 14493 2 2 6 3
5090 1 38941 3 2 2 2
34217 1 30032 3 2 3 2
16865 1 8774 2 2 3 2
26008 1 24248 160 158 137 137
37763 1 3707 2 2 2 2
22457 6 34682 16931 16931 32758 32758
33138 1 11811 2 2 2 2
25767 4 33687 337 337 438 438
13958 4 28025 53 45 2 2
656 1 37010 4 2 2 2
10583 1 2117 14 10 13 6
20736 1 17537 25800 25800 22498 22497
10184 0 28333 157 157 93 89
38142 0 26564 19680 19680 16901 16901
3096 4 25112 68 60 2 2
15613 0 15381 4 4 203 199
22584 1 12684 3 3 5 3
10350 1 13671 4 2 3 3
7514 1 25165 5 3 4 3
25852 1 20593 2 2 3 2
14893 0 27550 5995 5995 30220 30220
22787 1 22786 2 2 3 2
5300 0 27067 4985 4984 16417 16417
622 0 8078 2 2 50 39
24444 8 33475 573 573 14475 14475
35002 0 19318 99 99 1073 1071
5466 0 115 2288 2288 21269 21253
19843 0 2682 3 3 8 7
22395 0 5140 2170 2170 13297 13293
20504 0 11647 211 211 9890 9881
11184 4 27448 19581 19572 414 414
33563 0 18375 19149 19149 3303 3303
19846 1 18645 1315 1313 538 537
23722 0 20561 4155 4155 2803 2803
36869 1 18872 2 2 9 4
1358 1 1357 4 2 2 2
13443 1 1717 4 2 5 3
9968 1 13305 4 3 6 2
6222 1 29825 3 2 3 2
19156 0 89 58 58 3119 3102
28882 9 3696 2 2 2 2
40924 0 22072 15406 15406 36041 36037
30066 1 7387 2 2 4 2
15533 0 7387 253 253 3875 3869
6506 6 39335 299 292 221 221
29368 0 40057 36394 36394 37169 37169
27225 6 33459 42 35 25 25
34773 0 34386 3474 3474 31620 31618
40449 0 1803 2420 2420 17465 17457
21774 6 9252 31169 31169 37619 37619
18483 1 17730 4 3 4 2
18247 1 33545 2 2 2 2
38623 0 5839 4448 4448 20993 20988
4359 1 29197 3 2 6 2
29197 1 13612 6 2 5 2
27198 1 6242 3 3 6 2
27447 1 4053 2 2 3 3
13806 1 28087 2 2 3 2
40925 0 19888 2144 2144 5869 5869
9983 4 21913 1780 1778 1040 1040
20348 0 11447 16 16 53 53
38036 0 1666 4678 4678 26054 26043
32679 0 34089 9998 9998 4157 4157
35965 4 17251 89 89 44 44
18481 6 27900 15292 15292 1317 1317
37628 1 32564 2 2 3 2
4466 1 21189 6 5 5 2
640 1 7220 3 2 3 2
24070 0 18975 21716 21716 32324 32322
2758 1 22165 2 2 4 3
4556 1 9927 4 2 6 2
40353 0 10745 7515 7515 18272 18267
19632 1 35311 2 2 2 2
39784 1 31199 2 2 2 2
4594 0 5891 68 68 959 955
4491 0 19288 2084 2084 20458 20456
30729 4 33668 1327 1327 4708 4708
34985 0 3925 4051 4051 25605 25601
28487 1 7168 2 2 6 2
26416 1 36198 4 2 2 2
34811 0 1272 719 719 7127 7109
3263 1 2390 3 2 5 3
11689 0 15537 4 4 12 9
28752 0 4416 10 10 23 22
27422 0 8663 613 613 584 582
5643 1 3754 3 2 3 2
11366 1 26527 6 2 5 2
24792 1 893 2 2 3 2
6657 1 21399 3 2 2 2
18566 1 6657 2 2 3 2
39413 0 5325 140 140 32247 32221
11969 1 26616 5 5 3 2
36488 1 6245 2 2 6 2
11151 1 17991 3 2 4 2
3136 1 16161 5 4 3 2
30980 0 3884 67 66 560 555
30250 1 32816 4 2 3 3
4638 1 29948 2 2 2 2
27855 0 9636 11137 11137 610 610
22777 1 35880 4 2 2 2
3901 1 1387 3 2 3 3
22243 0 13777 4 4 22 13
5542 1 30223 6 2 3 2
38033 0 20954 31540 31540 34909 34909
29753 0 15565 150 150 3797 3789
29266 4 13537 3242 3242 8081 8081
1937 6 25054 7418 7415 7178 7178
21124 0 14843 7581 7581 38210 38207
40927 0 290 101 101 7288 7244
31744 4 8674 149 148 15 15
40127 0 2558 243 242 4630 4615
2529 4 12558 223 216 29 29
7694 1 33571 5 2 3 3
22610 0 27194 94 93 327 322
30249 0 6066 6432 6432 12170 12169
658 0 13432 1008 1008 6011 6005
40928 0 9369 35026 35026 40206 40205
38434 0 9010 14529 14529 10833 10832
30241 6 28445 28 25 2 2
35998 1 12005 2 2 5 2
37809 2 18294 7922 7921 4390 4388
11424 1 34792 9 2 3 3
35840 0 11072 563 563 30090 30085
28978 1 22902 2 2 2 2
11576 6 38596 166 164 29 29
1930 4 36216 83 76 9 9
7939 1 10211 5 2 4 3
28794 4 27413 92 92 209 209
5741 0 1817 63 63 9 9
5741 6 31343 6 3 3 3
19214 6 3845 1035 1031 24 23
23468 1 1116 4 2 5 3
19251 1 13436 4 3 8 4
30832 0 17008 28846 28845 15084 15084
10086 1 10085 2 2 5 2
20123 1 21785 3 2 5 2
29801 1 16682 2 2 5 2
2714 6 17927 70 26 30 26
3544 6 29062 19 8 8 7
16737 0 2582 1385 1385 26069 26065
37791 0 27732 3 3 14 9
17526 4 11245 408 406 23 23
1533 0 604 1192 1192 24153 24142
39727 1 9142 2 2 8 2
13018 3 4849 9 7 7 6
32445 0 36854 11 11 441 439
30065 6 21979 143 143 1289 1286
1742 6 21979 17001 17001 34742 34738
23039 1 22926 5 3 2 2
32339 1 27741 3 2 4 2
17262 4 33581 458 457 62 62
26419 1 3896 2 2 3 2
2404 6 17683 17 15 3 3
33189 0 14812 2876 2876 14968 14964
26452 9 7754 5209 5209 18733 18732
19015 1 28438 8 5 6 3
12913 1 9397 2 2 4 2
40931 0 27727 18440 18440 36053 36052
1419 1 22014 4 2 3 2
22075 4 35020 547 546 414 414
14470 4 37913 750 749 17 17
28719 0 7960 6929 6929 39245 39245
8597 1 843 2 2 3 2
14278 0 7240 300 300 9282 9265
2970 0 8651 1753 1753 9192 9191
17407 6 4098 1989 1988 163 163
15599 5 6014 267 267 4206 4203
23298 0 37796 6 6 17 15
23743 4 1839 904 900 64 64
9242 1 9241 2 2 4 2
40932 0 8840 2815 2815 20819 20812
20097 1 39891 5 2 2 2
28366 1 34247 3 2 2 2
23644 0 37462 19038 19038 11010 11010
9572 9 9571 4 4 2 2
30724 1 28310 2 2 3 2
18933 4 6687 1661 1658 33 33
17759 0 2861 14 14 392 384
40933 0 15371 3165 3165 19638 19634
38707 1 6267 2 2 3 2
4208 1 4207 3 2 3 2
15219 1 38553 3 2 2 2
23158 4 15716 889 889 2289 2289
21950 1 27256 2 2 4 3
34499 0 3934 1162 1162 21622 21619
35578 1 3227 2 2 4 2
7908 1 6243 40 33 18 17
1914 6 14604 526 503 111 111
38010 0 30717 366 366 7099 7098
40934 0 22330 19172 19172 35638 35638
36509 0 1481 12805 12805 28021 28020
17630 1 5576 4 3 3 2
16260 4 1174 334 328 25 25
8162 2 27707 395 395 1874 1874
28523 9 16965 2 2 3 3
40935 0 16658 4695 4695 37348 37345
25614 0 86 140 140 543 540
18620 3 6300 4 3 5 4
10303 0 1380 12 12 40 25
37033 0 20187 477 477 494 493
26386 0 18443 3213 3213 1600 1600
38926 0 5480 5070 5070 25023 25022
29831 0 12577 4 3 18 11
15782 0 21097 11658 11658 40595 40592
22438 1 8094 2 2 4 2
40936 2 3999 779 779 19604 19566
1838 0 11464 213 213 2398 2396
14405 6 31106 313 310 94 94
38576 6 23883 19286 19286 31211 31211
17088 4 35425 950 950 292 292
849 10 13402 4 4 4 4
31905 1 5241 3 2 5 4
5409 0 9991 24 24 94 92
7245 0 31986 2708 2708 6907 6906
34983 1 16742 2 2 2 2
10762 1 12714 4 2 2 2
10953 0 273 8 8 110 96
26769 0 1194 3 3 23 21
12790 6 38666 4 3 7 6
20833 0 14547 5017 5017 24637 24637
31477 0 20633 2 2 5 3
25922 1 17748 4 2 3 2
35874 0 3549 19 19 385 370
24436 1 2798 2 2 3 2
25966 1 11230 3 3 3 2
16275 1 18980 5 3 7 3
7862 4 17841 9 6 4 4
12959 0 12265 3399 3399 21993 21993
40938 0 25310 24099 24099 39798 39796
35627 0 3269 2 2 15 12
18098 1 22245 8 2 2 2
35614 0 5846 4 4 37 7
29207 1 24456 3 2 5 3
1048 1 24443 4 3 3 2
22767 5 6095 2 2 7 4
12231 0 16476 7 7 31 25
19496 1 30112 2 2 5 2
40940 0 7382 8846 8846 33682 33679
8838 1 20614 6 3 3 2
30101 1 30632 4 2 4 2
9830 1 34527 2 2 3 2
40941 0 13946 21602 21602 38652 38650
28643 0 11339 28 28 1071 1067
13847 1 14386 4 3 4 2
27260 1 35256 4 3 3 2
35120 4 33416 3470 3467 24 24
6728 1 6727 19 9 7 5
