1678 7 40551 647 410 1 1
1678 7 18056 947 709 1 1
1678 7 30089 605 369 1 1
1678 7 36781 1513 1273 1 1
1678 7 18000 289 59 1 1
1678 7 9202 264 35 1 1
1678 7 26036 4890 4649 1 1
1678 7 35669 467 234 1 1
1678 7 40887 40590 40347 118 118
1678 7 38204 25542 25300 16 16
17935 9 35175 6 6 2 2
785 8 10116 11040 10592 21 21
785 8 37575 6881 6435 1 1
785 8 21817 25642 25182 23 23
785 8 18729 444 2 3 1
785 8 12268 24793 24335 7 7
785 8 29200 35665 35196 32 32
785 8 23537 25065 24606 7 7
785 8 6770 22731 22276 4 4
785 8 1493 20941 20488 8 8
785 8 28822 31779 31316 4 4
785 8 15703 31964 31500 245 245
785 8 8245 16797 16346 53 53
785 8 36761 12508 12058 1 1
785 8 155 34554 34086 4 4
785 8 39420 37163 36693 70 70
785 8 38749 31669 31207 7 7
785 7 11761 5447 5433 13 13
16176 4 33688 2542 2540 947 947
18671 0 11241 3 3 38 23
19621 0 11241 1 1 15 1
15582 0 4030 32 32 1323 1294
25033 0 4030 2 2 77 51
31351 0 4030 17 17 626 598
19165 0 2969 35 35 1363 1354
21012 1 19165 12 9 11 10
16748 6 29001 22 21 81 79
31740 0 1183 5 5 420 377
26184 1 32091 18935 18932 2293 2293
32091 1 26184 2556 2556 20956 20953
4194 1 6975 2 2 3 2
6975 1 3569 3 2 9 4
15602 0 4367 5098 5098 20345 20316
6546 0 4367 56 56 9463 9435
24512 1 24859 2 2 3 2
33182 0 5053 3973 3973 11243 11240
5945 6 10270 193 190 358 357
5109 0 22368 3018 3018 39663 39658
20774 0 8060 919 919 195 195
12274 1 9268 2 2 3 2
12842 1 15886 7 3 5 4
13394 1 3789 5 3 2 2
13394 0 3459 809 809 4041 4033
38200 3 8055 16 15 225 223
36698 0 586 91 91 7105 7027
13143 0 586 27 27 11491 11412
7684 1 586 4 3 20 15
586 3 772 24 14 3 2
586 3 3510 560 549 6 6
586 1 11276 12 5 4 2
38212 2 121 4 4 1387 886
34053 2 121 3 3 1072 577
21130 2 121 1 1 687 203
22680 2 121 2 1 587 105
33440 2 121 1 1 1011 520
37929 2 121 4 4 1034 540
25514 2 121 2 2 1298 798
31531 2 121 2 2 1559 1056
15287 2 121 43 43 4664 4156
30007 2 121 2 1 476 3
33594 2 121 2 2 914 425
31050 2 121 6 6 1237 739
10443 2 121 2 1 482 6
13776 2 121 2 1 485 8
28371 2 121 2 2 1028 535
25046 2 121 4 4 1025 533
29285 2 121 2 2 664 181
29029 2 121 7 7 1401 899
39017 2 121 2 2 1003 513
36587 2 121 10 10 1822 1317
29042 2 121 4 4 1676 1172
20341 2 121 2 2 796 310
33915 2 121 1 1 719 234
14588 2 121 2 1 512 32
121 6 39924 335 331 2099 2099
40757 0 1311 2580 2580 40649 40632
40804 0 1311 616 616 40726 40708
1311 0 896 395 395 2089 2084
18270 1 18269 6 4 2 2
13049 0 4990 14 14 5581 5562
36351 0 4990 18 18 7467 7447
29179 1 10971 2 2 2 2
23886 0 6769 118 118 1449 1448
30612 0 4411 3361 3361 12613 12612
14866 0 3633 34 34 2368 2363
35748 0 11399 22507 22507 39870 39863
31413 0 15186 2 2 9 7
20145 0 11015 1597 1597 12695 12694
40728 5 914 3229 3229 40890 40596
28450 5 914 159 159 21729 21439
7848 5 914 2 2 639 359
35945 5 914 1 1 4585 4301
25546 5 914 3 3 17190 16902
38155 5 914 2 2 3996 3713
36490 5 914 270 270 33971 33680
31958 5 914 2 2 2597 2315
16022 5 914 381 380 7913 7627
1595 5 914 4 4 648 367
5734 1 377 7 5 6 5
22785 0 5734 1673 1673 5808 5807
1255 6 24915 3114 3114 31176 31176
14244 1 11981 2 2 6 3
19390 0 4369 22 22 229 210
15364 0 4369 164 164 16050 16029
6533 0 4369 6273 6273 28996 28973
20079 0 4369 1368 1368 18780 18758
3634 1 4369 156 153 7 7
10990 1 4301 8 3 3 2
16398 1 2783 5 4 10 3
2783 1 1316 14 7 8 4
31737 0 16660 2 1 14 1
40758 0 6286 6170 6170 40474 40462
36771 0 6286 2 2 44 34
23301 0 6286 150 150 184 173
6286 1 7865 3 3 3 2
40759 0 45 16671 16671 40546 40543
45 1 44 21 10 2 2
30663 4 40225 1363 1362 57 57
14235 0 20549 531 531 26632 26627
20549 1 8731 39 38 56 52
15727 0 20842 52 52 15 14
28017 0 10090 358 358 35650 35636
40795 0 10090 10846 10846 40581 40566
32851 1 11382 278 278 7980 7979
21858 0 14369 6 6 942 938
34003 0 20650 408 408 138 137
5656 1 624 6 5 10 5
624 1 34337 13 8 2 2
32035 1 33317 2 2 2 2
6074 0 11052 16346 16346 16607 16607
6074 1 6073 3 2 2 2
31355 4 35983 261 258 34 34
10203 0 23680 14173 14173 34200 34200
34114 4 1598 1154 1153 318 318
15430 4 617 12 1 3 1
617 6 23164 4947 4932 342 342
40760 0 3796 1670 1670 40551 40540
40898 0 3796 14205 14205 40858 40846
27089 0 25460 1 1 9 1
38920 0 20791 7017 7017 8207 8207
26740 0 15987 34 34 2410 2405
26740 5 4475 1 1 438 418
33592 0 3640 2 2 418 349
21749 0 16741 3 3 111 107
40287 6 21134 56 56 28 28
14022 1 6297 8 4 3 3
14504 1 14022 2 2 15 11
40761 0 448 2966 2966 40194 40169
23685 1 146 3 2 3 2
24780 0 39997 32273 32273 16568 16568
40762 0 1763 3311 3311 40582 40577
6572 1 6944 8 4 4 2
6944 0 1701 1357 1357 11640 11633
4031 1 9327 14 6 7 4
37067 1 10473 2 2 3 2
23647 0 1338 12 11 842 815
23277 0 13709 122 122 12102 12083
3947 0 12235 275 275 2422 2413
12250 1 12717 2 2 2 2
271 6 40026 2884 2857 127 127
14931 1 36099 408 406 1236 1235
36099 1 14931 669 668 125 123
36099 1 27949 2 2 3 2
14576 5 2971 38 38 1151 1087
13484 5 2971 1 1 63 1
7443 1 25067 15 12 5 4
16880 0 18633 6278 6278 17533 17527
16881 1 16880 2 2 5 3
17282 0 228 5 5 7490 7416
33871 0 228 11 11 8011 7936
40763 0 987 4068 4068 38739 38734
20046 0 4696 513 513 18399 18392
8415 2 7033 5 3 10 5
15870 1 18392 3 2 5 4
25017 9 18392 2 2 3 2
3787 1 8742 7 6 11 7
23980 0 3787 80 80 742 725
8742 1 19068 8 4 10 5
11482 1 10803 5 4 2 2
2901 0 30222 30352 30352 21425 21425
10757 0 3459 583 583 16717 16708
26302 0 3459 177 177 2844 2837
10581 4 27666 4740 4740 14916 14916
11449 2 6220 164 163 2987 2980
258 6 35861 23558 23554 1885 1885
25183 3 11235 13045 13045 24167 24166
15107 1 15106 2 2 2 2
20809 4 32820 535 517 12 12
20809 4 32206 3319 3300 117 117
4981 1 17073 5 3 3 2
16542 0 4523 92 91 1295 1293
40894 0 16542 4442 4442 38952 38950
10161 1 10160 5 4 14 11
10160 0 15134 2905 2905 19435 19428
26185 1 15249 2 2 3 3
1771 1 1770 9 4 5 4
1771 1 9610 21 15 5 2
1771 1 36226 6 2 2 2
24128 0 8842 5566 5566 34790 34787
26157 1 31405 3 2 3 2
31405 1 31404 5 4 4 4
6096 1 29574 9 6 3 3
31306 6 34770 2283 2283 22476 22476
65 9 439 2 2 2 2
9078 1 23938 4 3 3 2
10215 0 5164 43 42 7433 7424
1559 8 14508 257 239 3 2
1559 8 25902 36700 36681 11 11
23501 0 1668 12977 12977 36944 36872
20112 1 27611 3 3 2 2
29717 0 30926 7952 7952 33531 33530
40020 0 17095 6168 6168 39015 39014
23138 0 1929 2 2 270 45
38723 0 1929 2 2 899 669
27757 0 1929 1 1 238 15
35086 0 1929 2 2 251 27
20750 0 1929 1 1 220 2
38906 0 1929 2 2 277 51
18333 0 1929 2 2 365 137
15970 1 3369 4 3 32 30
8306 2 25327 6 5 34 27
25327 5 3250 785 785 13306 13294
32633 1 5596 6 5 14 10
30166 0 5644 12 12 1372 1354
3771 0 5644 2 2 46 29
36968 0 18425 2560 2560 18283 18280
4765 1 4764 23 22 12 8
17970 0 4765 268 268 11402 11397
13604 2 251 8 8 575 566
37309 0 30216 4982 4982 9100 9100
38488 0 19873 27466 27466 35945 35944
21703 2 1136 6 5 240 170
37709 2 1136 4 3 148 79
29422 2 1136 3 2 98 31
34900 2 1136 4 3 144 76
4319 2 1136 4 4 1641 1570
35289 1 33808 2 2 7 6
7560 1 5488 3 2 12 8
40937 0 5488 25569 25569 40590 40587
13163 0 5488 6625 6625 16934 16932
3087 1 18847 3 2 3 3
27819 0 3087 2605 2605 20091 20076
29206 1 25712 3 2 4 4
4485 0 608 98 98 3236 2873
4485 1 4213 7 4 6 2
2562 0 608 6462 6462 20205 19825
40838 0 608 36070 36070 40882 40481
14223 0 608 307 307 4872 4507
9757 0 608 1224 1224 10851 10480
21406 0 608 4524 4524 26031 25649
20006 0 608 2795 2795 27818 27435
1328 0 608 36 36 12346 11974
30256 0 608 9 9 8396 8027
28595 0 608 15165 15165 32740 32354
40884 0 608 21018 21018 40639 40241
33590 0 608 6 6 4054 3690
40777 0 608 27013 27013 40806 40406
39245 0 608 8896 8896 28112 27728
40785 0 608 6899 6899 40349 39956
40793 0 608 7738 7738 40310 39919
40814 0 608 13158 13158 40468 40073
7793 0 608 1341 1341 20138 19759
37242 0 608 13215 13215 37054 36666
40830 0 608 14497 14497 40478 40082
40764 0 29777 19937 19937 40901 40899
13128 0 959 30 30 7458 7427
35052 0 959 14189 14189 30733 30701
14092 1 7130 4 3 8 6
40765 0 18 10346 10346 40896 40896
37609 0 25129 6856 6856 31915 31911
3268 1 10028 3 2 5 3
40766 0 35564 30543 30543 39757 39756
15729 1 12999 6 3 8 6
12999 1 15729 9 7 8 5
35258 4 25396 45 45 31 31
38187 1 29741 2 2 4 3
38187 0 2275 458 458 8993 8960
40767 0 15247 4749 4749 36568 36565
27131 1 17012 3 3 4 4
15936 0 23068 23 23 6 4
7803 1 13968 99 97 190 188
13968 1 7803 50 48 30 28
40572 0 32910 12011 12011 39039 39036
39830 0 32910 2 2 9 7
14004 0 25065 6 6 65 62
25065 0 4789 182 182 15312 15310
32733 0 248 118 118 1466 1457
10121 0 248 407 407 2523 2513
30194 0 7722 86 86 3999 3987
23606 0 4877 4 4 10077 10066
32247 0 4877 3 3 1602 1592
30622 0 2318 1 1 156 36
26982 0 2318 206 206 4207 4078
9320 0 2318 12 12 1870 1743
26224 0 2318 1173 1173 9276 9145
18713 0 2318 12 12 749 623
38875 0 2318 21 21 1954 1826
3443 1 12083 5 4 3 2
13887 0 3443 285 285 6182 6172
18271 0 3443 53 53 10075 10064
4423 0 24850 9 9 15 14
1038 4 13190 298 128 7 7
1038 4 40447 214 52 1 1
1038 4 33781 282 116 4 4
1038 4 31677 316 143 5 5
1038 4 7455 294 125 3 3
23751 4 8080 262 258 6 6
8080 4 23312 5 2 1 1
25625 5 2176 1 1 1985 1883
24036 5 2176 359 359 24703 24597
18415 5 2176 1 1 3600 3497
29637 0 28168 875 874 2888 2883
17924 0 7315 1396 1396 13000 12995
13300 0 11301 177 177 1970 1961
13300 6 14769 13732 13729 11844 11843
25115 0 11301 1917 1917 10109 10097
20438 0 11301 776 776 8914 8903
37862 0 11301 209 209 8625 8615
34851 4 31118 188 187 11 11
40242 0 24346 15461 15461 38661 38658
26644 1 4985 4 3 3 2
26644 1 16054 3 3 3 2
8110 0 12168 8 8 1437 1402
36165 0 12168 1805 1805 17075 17038
22455 6 27199 6303 6303 35547 35547
7288 1 36878 2 2 2 2
19322 5 7288 42 42 4784 4770
40768 0 1784 3012 3012 40669 40621
15769 0 1784 17 17 4213 4168
40438 0 1784 116 116 28103 28057
40839 0 1784 3427 3427 40570 40523
27441 0 25270 32827 32827 34137 34136
25270 0 6354 9597 9597 8378 8375
12380 1 20717 9 6 29 28
3729 0 20717 953 953 38187 38176
176 1 25906 1494 1493 19969 19966
25906 1 176 18073 18070 1632 1631
40769 0 10981 4797 4797 40457 40456
24894 0 7247 1 1 11 2
27000 0 7247 1219 1219 39007 38997
17047 0 13439 12519 12519 37219 37219
40770 0 3005 6224 6224 40834 40820
12076 1 3005 5 4 10 4
12740 4 40747 39087 39087 29460 29460
16545 1 14634 3 3 342 335
4313 1 3457 12 6 7 3
1482 0 13752 13980 13980 7669 7669
1482 1 35255 6 2 5 4
11251 1 13752 3 2 3 2
28721 1 22741 2 2 2 2
28721 0 15897 2 2 119 116
3761 0 8987 10600 10600 7942 7942
8987 3 23784 28456 28456 26262 26262
7280 1 26118 4 3 60 59
28912 1 26118 103 102 11 11
38386 0 1904 1 1 3 1
6607 1 11157 5 2 3 2
637 6 31616 920 878 16 16
637 6 39715 1654 1609 83 83
637 6 14054 203 164 2 2
637 6 39536 933 890 18 18
637 6 23571 1146 1102 55 55
637 6 40404 906 865 5 5
637 6 29851 899 859 29 29
5767 4 21704 789 771 2 2
3432 4 7926 425 423 16 16
3509 0 3407 166 166 2189 2185
13238 0 3407 53 53 69 66
26647 1 3407 4 3 9 4
24287 1 17938 11 10 11 9
36533 9 24287 5 5 175 174
17939 1 17938 2 2 5 4
9673 1 8487 20 17 22 19
7998 1 9673 5 2 4 2
8487 1 7998 7 5 15 12
3814 1 3548 6 3 2 2
23744 0 296 136 136 10222 10071
21505 0 296 30 30 4892 4743
7397 0 296 1 1 141 1
10506 0 296 1 1 151 8
38028 0 296 1 1 142 1
12013 0 296 12 12 5415 5265
15119 0 296 31 31 1326 1182
36945 0 296 11 11 2833 2687
36798 0 51 7 7 1162 970
38369 0 51 4 4 2796 2599
40705 0 51 3752 3752 40334 40133
20387 0 51 5 5 1474 1281
40810 0 51 10974 10974 40736 40534
27837 0 51 13 13 1645 1451
5886 0 51 7 7 2296 2101
20051 1 20050 3 2 4 2
20861 1 5558 3 2 4 2
26868 0 6233 26 26 5659 5650
26868 1 5872 7 5 19 16
37434 0 917 248 248 18391 18388
25228 0 917 1258 1257 950 948
20402 0 16155 3295 3295 29429 29428
30004 0 2482 5 5 5027 5017
18986 0 2482 62 62 2303 2294
39024 0 29467 8200 8199 6828 6827
38724 0 29467 10607 10607 25959 25957
36561 5 129 4 4 11090 11046
1583 0 129 174 174 18684 18675
406 1 1287 9 7 14 7
23997 1 406 4 3 4 3
18173 1 1287 29 27 270 260
40882 0 1287 190 190 40429 40389
332 0 1287 49 49 2595 2557
18612 4 33576 63 43 1 1
18612 4 19325 76 55 1 1
12266 4 18612 16 9 1 1
5940 0 532 1 1 77 2
1521 0 532 2 2 111 34
40279 0 532 2 2 183 105
30426 0 532 1 1 74 1
15231 0 532 2 2 88 12
40771 0 10613 1337 1337 36904 36893
29184 1 22723 3 2 3 2
29184 1 30903 5 3 2 2
6386 0 26454 9116 9116 39318 39314
3277 1 37105 17 17 3 2
31630 0 33081 10835 10835 40317 40316
33081 0 3606 1141 1141 9404 9391
1354 1 1353 3 2 7 2
4940 6 40772 40748 40746 1756 1756
4385 0 4940 604 604 31656 31646
29446 0 4940 462 462 36611 36600
24366 1 7539 2 2 2 2
9683 6 40773 37758 37757 58 58
40773 0 2732 3002 3002 39795 39792
33864 0 13576 86 86 2437 2432
28351 1 685 2 2 5 5
35900 3 685 5 5 949 946
8053 1 32295 9 3 4 3
35212 0 8053 141 141 3520 3518
8643 0 1819 43 42 493 487
7117 1 8643 6 4 7 5
24594 5 1819 1 1 7045 7005
3210 5 1819 1 1 39 2
27467 0 31416 2892 2892 37460 37458
464 1 3675 2 2 53 47
3675 1 12232 12 7 3 2
3675 1 19310 24 18 26 25
4006 1 7203 6 3 3 2
1307 1 11050 25 24 88 79
10097 6 15251 6473 6473 2399 2399
21168 1 10097 5 4 4 2
23083 0 26718 22554 22554 23883 23883
21673 0 26120 2312 2312 12827 12826
26120 0 6426 8 8 186 178
24650 0 27939 10544 10544 33959 33955
38457 1 9568 2 2 3 2
27178 0 2497 2 2 1950 1855
31174 0 2497 3 3 5213 5116
19058 0 2497 3 3 1651 1557
23035 0 2497 13 13 6821 6723
5147 0 2497 229 229 10405 10306
5305 1 1 14 11 3 2
29442 1 5305 5 3 8 5
12784 4 1630 116 112 3 3
12784 4 5463 366 360 7 7
25315 1 20655 7 4 32 31
8198 0 20655 494 494 3982 3978
20655 1 5129 4 3 12 8
931 0 2275 17 17 3302 3270
11433 0 2275 172 172 9703 9669
14758 0 9787 32 32 6451 6432
36898 0 1686 197 197 10895 10888
40774 0 16369 14612 14612 40398 40393
17226 1 10110 2 2 3 2
27870 2 2023 11 11 1619 1566
18478 2 2023 3 3 565 515
11490 2 2023 15 15 2299 2245
20278 2 2023 8 8 1277 1225
16554 1 29212 4 2 3 2
29212 0 34093 24846 24846 13998 13998
36825 0 20796 13 13 168 163
5335 5 9988 3511 3511 34269 34267
29725 5 9988 338 338 36954 36951
1864 4 39744 254 173 5 5
1864 4 12986 211 132 2 2
1864 4 9221 139 61 1 1
1864 0 1703 1 1 32 1
12378 1 3604 3 2 6 2
9895 1 13428 8 4 3 3
15667 1 15666 2 2 4 2
2507 3 4435 3065 3064 4919 4919
6789 9 2507 3 3 7 6
16918 1 2507 7 3 14 5
20071 4 20803 35 30 1 1
20849 1 14778 5 3 2 2
13053 1 24622 3 3 5 2
40284 1 24622 2 2 21 17
19366 0 20234 5668 5668 34214 34212
26315 0 19366 4 4 721 714
35882 2 2524 200 199 915 871
33234 2 2524 2 1 49 7
40939 2 2524 88 88 40807 40762
8199 0 15331 514 514 2489 2487
19502 1 12706 3 2 3 3
11732 1 7659 24 23 21 16
29649 0 11732 14706 14706 38452 38444
7659 1 7279 8 3 6 3
12815 4 27688 254 232 1 1
12815 4 20570 300 277 3 3
26871 0 2084 19160 19160 11497 11497
4955 6 15531 11 10 74 71
8178 1 11153 2 2 2 2
2181 6 20785 1781 1763 124 124
2181 6 11583 1082 1065 61 61
23792 0 30977 12 12 1298 1293
4102 4 38587 80 70 8 8
40775 0 35896 39023 39023 40129 40128
6696 1 21296 4 2 7 5
21295 1 6696 2 2 4 2
8023 1 21296 4 3 3 2
3303 0 10707 1074 1074 8203 8177
17408 0 4099 12642 12642 38353 38352
23226 0 34449 12530 12530 33098 33097
4136 1 4135 5 2 2 2
39465 0 16668 2242 2242 37046 37042
16257 0 23562 9176 9176 6825 6820
4227 6 32367 34782 34779 1908 1908
40607 0 4227 778 778 40301 40298
16679 1 16678 2 2 4 3
1122 9 23212 8 7 4 4
23212 0 2918 11 11 4120 4043
7532 1 7531 12 8 4 3
29273 1 14570 3 3 11 8
5949 0 3779 10 10 2212 2158
8913 0 3779 45 45 3700 3645
23795 2 2580 1 1 110 68
9939 2 2580 1 1 79 39
20115 2 2580 1 1 78 39
36622 2 2580 1 1 66 29
15250 5 2644 1 1 18 2
4951 1 5069 3 2 5 2
7948 1 8993 4 2 2 2
3755 1 18943 7 5 5 4
18943 1 30961 4 3 4 3
17857 1 11523 4 3 4 2
6924 4 37669 216 202 10 10
6924 4 25551 274 259 15 15
30696 4 40310 205 205 29 29
5259 0 9217 11 11 668 660
28032 0 5259 35 35 1241 1233
20159 4 23395 384 383 28 28
17347 4 20159 12048 12044 36 36
3882 4 10151 87 87 265 265
8811 0 2340 362 362 39174 39172
32387 0 8811 4029 4029 15244 15241
35192 0 2340 503 503 40273 40270
19066 6 13595 22750 22744 3823 3823
2887 0 2938 1953 1953 17213 17210
2887 1 7436 4 2 6 4
15497 1 2938 3 3 4 3
25015 4 28828 178 178 868 868
21810 4 25015 130 121 11 11
3850 0 160 25 25 3760 3721
15553 0 160 118 118 9966 9924
17933 0 160 21 21 7436 7396
30234 0 2731 2 2 133 106
46 0 14274 1055 1055 4929 4924
14834 1 16497 30 27 5 2
14834 1 8390 14 12 10 6
14834 1 5110 3 2 16 7
40922 0 14834 3296 3296 40487 40482
11673 1 5110 3 2 13 5
29358 0 2687 2 2 150 114
8288 0 2687 1 1 35 1
33791 0 2687 1 1 34 1
33543 0 40596 40228 40227 3642 3642
172 4 7119 24201 24200 6082 6082
35331 5 172 27 27 10881 10530
28580 5 172 2 2 2117 1772
18603 5 172 31 31 15884 15527
36972 5 172 2 2 1223 880
78 5 172 1 1 1896 1552
33614 5 172 5 5 779 438
35822 5 172 4 4 11975 11623
39121 5 172 3 3 12992 12639
22074 5 172 163 163 15024 14668
20314 5 172 8 8 14071 13717
1118 5 172 4 4 14867 14512
21326 1 23555 11 7 16 13
2173 6 38083 18 7 2 1
2173 6 18659 416 404 11 11
33947 4 39713 1083 1083 3952 3952
18377 3 4166 7 6 7 4
34858 0 18783 4000 4000 39481 39480
3968 1 5813 3 2 7 2
11261 1 5813 2 2 9 3
5813 1 31835 10 3 5 4
36714 0 38851 30816 30815 2433 2433
30857 0 30511 7603 7603 30778 30777
1365 1 15439 27 26 11 9
39987 0 81 2 2 517 470
36104 0 81 2 2 142 96
5785 0 26217 1804 1804 8557 8553
19380 0 26217 3 3 42 39
6787 1 26217 8 5 5 4
16634 0 9747 106 106 2503 2487
36078 1 7833 2 2 3 3
32975 0 9558 22397 22397 33145 33145
32975 1 32002 2 2 3 3
22353 1 15922 4 2 3 3
1604 1 6991 8 6 10 6
2547 1 14925 2 2 4 2
14212 0 14737 10 10 66 55
4130 0 3621 15 15 135 128
24323 0 3621 2312 2312 29448 29440
3621 0 9758 32 32 309 292
10319 4 33522 262 246 28 28
27683 1 39142 2 2 2 2
16503 1 110 3 3 6 2
40776 0 5310 23 23 35681 35671
25496 0 5310 6 5 166 157
1913 6 25274 498 493 69 68
33711 5 19257 2 1 8 1
32197 1 22383 3 3 4 4
23062 1 12031 3 3 4 3
26578 0 239 11 11 5374 5125
19936 0 239 4319 4319 23273 23010
40929 0 239 13056 13056 40547 40281
24226 0 239 6116 6116 15735 15477
20767 0 239 9588 9588 20328 20066
19429 0 239 1835 1835 14447 14190
32842 0 239 443 443 18796 18535
34670 0 239 13708 13708 26112 25848
23758 0 239 2 2 6200 5950
13023 0 239 19 19 3889 3642
16182 0 239 418 418 10903 10648
17401 0 239 25 25 9852 9598
34239 0 239 21 21 6340 6089
2069 1 15760 17 7 4 3
22182 1 3014 3 2 3 2
31096 1 15639 5 3 8 3
15639 1 29383 7 3 3 2
15639 1 207 9 4 5 2
13398 0 71 494 494 2706 2643
2736 4 13398 11862 11813 69 69
13398 4 7720 28 21 100 100
20939 0 2215 3 3 982 977
7946 1 1765 3 2 4 3
1947 0 1249 3 3 917 872
22728 1 16506 3 3 6 4
34810 9 22728 2 2 2 2
3254 0 2886 20 20 697 689
18890 4 37812 808 806 31 31
18890 4 28071 815 812 39 39
24803 4 28831 1962 1961 210 210
12939 1 23279 27 25 8 8
13702 1 12070 8 4 12 11
27600 0 7589 14 14 5433 5424
24117 1 1225 4 4 3 3
1110 0 20337 282 282 2460 2455
40926 0 20337 5702 5702 40664 40657
354 4 36395 695 692 2 2
24159 0 12803 11306 11306 22893 22893
26948 2 3620 9 9 1659 1634
37272 0 7800 240 240 29071 29060
23037 4 3762 191 189 5 5
33783 2 1326 42 42 3919 3782
22501 2 1326 1 1 351 217
31495 2 1326 1 1 642 506
19086 2 1326 3 3 243 110
38740 2 1326 3 3 387 252
38719 2 1326 322 322 30444 30306
36238 0 1326 19 19 743 729
18160 0 1200 456 456 482 482
23552 1 10327 5 3 5 3
40037 0 19153 6429 6429 38541 38539
33552 0 40037 7427 7426 28489 28489
7751 0 3712 315 315 37365 37356
7196 0 3712 311 311 6962 6955
28826 1 3712 3 2 30 22
26351 6 25426 569 569 1063 1063
17946 0 26351 165 165 8394 8390
10124 0 25426 2015 2015 18419 18415
6974 6 17672 846 845 68 68
19506 1 15393 3 2 3 2
32325 0 17590 25 25 4465 4457
40778 2 26169 26951 26951 40837 40837
36197 4 29170 3866 3866 3983 3983
1264 1 22448 8 5 4 3
40779 2 1646 16 16 39575 39533
40782 2 1646 23 23 40180 40137
40780 0 379 954 954 40040 40023
40828 0 379 4122 4122 40575 40557
14490 1 12757 3 3 7 4
34243 0 1244 7 7 957 671
12545 0 1244 1 1 277 1
28964 0 1244 3 3 1737 1449
4871 0 1244 3 3 299 18
17807 0 1244 8 8 886 601
14487 0 1244 2 2 289 9
40781 0 4921 11621 11621 40179 40176
9372 1 1508 3 2 4 3
2261 4 19476 36 21 1 1
2261 4 18565 49 33 1 1
5771 4 39949 30 22 1 1
13951 1 3521 6 2 6 2
18299 1 274 3 2 9 3
15954 1 34113 72 69 3 3
17141 0 21055 4 4 5 2
13878 1 26428 6 3 4 3
35918 0 391 81 81 6773 6770
39002 1 39001 2 2 2 2
4532 1 26446 2 2 2 2
11891 5 16320 120 120 29268 29255
13955 1 11289 4 2 6 3
1592 1 17240 18 13 2 2
15523 0 2604 12 12 2874 2839
36776 0 2604 3158 3158 38836 38794
40872 0 2604 821 821 40413 40370
6989 0 2604 420 420 3106 3070
38136 0 2604 124 124 8331 8292
31426 1 2604 4 3 42 34
12623 1 6107 50 50 18 15
22297 1 8322 4 2 3 2
21592 1 22297 3 2 6 4
4547 1 21674 14 6 7 4
32040 1 4547 3 2 10 2
7982 1 20572 4 4 5 2
7983 3 7982 3 2 3 2
31376 2 743 1 1 711 607
32748 2 743 18 18 2538 2430
36118 2 743 36 36 3246 3137
743 6 9450 12 11 14 14
39780 0 2807 558 558 23599 23594
4722 0 2807 47 47 5796 5793
35415 0 2807 17214 17214 34060 34054
15011 0 1542 67 67 1399 1379
10421 1 10420 9 6 6 5
26009 0 265 2 2 301 46
9536 0 265 1 1 255 4
15205 0 265 1 1 259 7
36270 0 265 2 2 507 247
39375 0 265 2 2 367 111
12974 0 265 119 119 821 560
25076 0 265 4 4 2194 1932
19351 0 265 3 3 374 117
11480 2 1534 9 8 349 342
40783 0 4407 19505 19505 39724 39724
4407 1 39995 32 25 2 2
8464 1 8424 7 3 5 3
23763 1 3300 2 2 17 11
24479 1 23586 6 3 3 2
28656 0 21 2 2 71 4
38617 0 21 1 1 67 1
39259 0 21 1063 1063 9046 8977
6493 0 3567 8803 8803 28838 28836
21912 0 22347 93 93 343 342
24178 1 9908 10 5 2 2
22121 0 351 2 2 259 135
25316 1 746 5 3 4 3
3063 1 4791 310 305 194 191
11495 0 4791 20 20 5899 5885
36889 0 883 2 2 303 89
22017 0 883 4 4 1288 1066
39078 0 883 5 5 812 593
7495 0 883 2 2 597 380
7498 0 883 1 1 219 7
36527 0 883 3 3 1133 913
31583 0 883 3 3 732 514
40784 0 14144 10263 10263 40621 40603
3408 6 8243 72 5 2 1
3408 6 8940 4550 4474 166 166
3408 8 38801 37178 37112 25 25
3408 8 28506 571 506 12 11
10233 4 38705 3247 3233 2 2
36048 6 18704 1469 1469 6564 6564
1046 7 36048 5569 5453 3 3
1962 1 1961 7 3 6 3
11585 3 21329 2626 2623 955 954
32391 1 11972 2 2 2 2
31739 4 18679 131 129 12 12
26785 1 7703 2 2 14 9
20520 1 6788 4 2 3 2
11565 1 37185 14 7 4 4
11565 1 12441 24 16 5 5
29689 1 11565 3 3 18 10
19922 0 8858 295 295 9050 9038
15795 6 39521 12057 12057 37708 37708
840 8 19493 30 18 27 25
840 8 36647 47 34 8 8
840 6 30428 6241 6228 166 166
26662 0 7523 1080 1080 19381 19378
26756 0 9311 247 247 10403 10392
12636 1 24788 7 3 2 2
20784 1 387 31946 31945 11490 11490
387 1 20784 9686 9686 20378 20377
12153 3 19756 905 904 3 3
13239 0 284 6 6 522 296
34758 0 284 1 1 234 13
35142 0 284 1 1 216 2
33324 0 284 1 1 222 6
24884 0 284 1 1 225 7
39131 0 284 3 3 326 102
26984 1 38840 4 2 2 2
9435 1 13227 6 3 12 5
5449 0 9435 949 949 376 375
31592 1 13227 7 7 161 153
23798 1 23297 5980 5977 11556 11555
21935 1 23297 3 2 2 2
4425 0 9880 4 4 59 50
17011 3 17169 110 108 174 170
7442 1 23836 5 3 7 5
7442 0 12505 2064 2064 6102 6094
23836 1 3274 4 2 4 2
17432 1 30826 3 3 2 2
11988 4 31236 10835 10834 114 114
31236 4 34496 103 102 50 50
1444 0 9048 25 25 1807 1792
5768 0 1444 5722 5722 21957 21921
39440 0 1444 138 138 8901 8866
20898 0 9048 24 24 15985 15966
2408 0 9048 1528 1528 8719 8701
33742 0 9048 14470 14470 25019 24999
38351 0 9048 4383 4383 33981 33960
6375 1 8324 3 2 2 2
37317 0 6230 9670 9670 39337 39336
10713 4 2207 172 167 36 36
40786 0 1672 807 807 40207 40172
40892 0 1672 14751 14751 40856 40820
28472 5 10737 121 121 9981 9978
10737 6 27038 622 618 5 5
21537 0 1027 1 1 150 1
35194 0 1027 2 2 427 274
39579 4 25695 2713 2713 518 518
12699 0 2137 9 9 20 9
27906 0 19986 13688 13688 35450 35447
19986 1 16852 5 3 6 4
30297 1 3771 6 5 8 6
39950 0 2362 12 12 148 146
16469 0 178 31 30 8085 8072
34721 0 178 212 211 7503 7491
9225 0 178 80 80 2664 2653
31063 0 2110 6 6 5106 4913
38241 0 2110 32 32 4673 4481
31237 0 2110 2 2 202 17
5590 0 2110 4 4 311 123
7272 1 33016 2 2 3 2
17837 0 7272 2963 2963 16239 16238
36109 1 33016 2 2 4 2
33016 1 33015 4 2 2 2
39272 0 12035 2 2 92 83
11022 6 27914 1820 1813 158 158
40787 0 5243 7966 7966 39603 39598
3741 1 18271 4 4 2 2
40788 2 593 3 3 40330 40304
27944 2 593 44 43 516 491
9102 2 593 3 1 26 2
40548 0 16045 5128 5127 2491 2490
758 1 10360 14 12 10 5
10360 1 10359 30 25 4 4
3223 0 3161 2 2 1416 1380
5881 1 18355 8 7 2 2
38969 0 16196 30 30 254 254
29347 0 1461 11784 11784 31703 31690
1650 1 16394 20255 20247 4328 4328
1650 1 16302 11 6 7 7
40174 1 1650 8030 8030 18830 18823
9952 1 37466 20 12 2 2
2245 0 2918 96 96 3943 3867
2245 1 2244 6 4 5 2
14233 0 2918 105 105 8431 8353
1079 0 2918 2011 2011 12323 12244
32727 1 24872 3 2 3 2
39701 0 5987 33859 33859 29071 29071
15176 1 18854 14 8 10 8
18854 0 7016 577 577 5147 5145
24327 0 3027 10 10 8516 8463
14366 0 24327 11064 11064 40372 40372
23190 1 13002 5 4 36 32
5729 1 20226 2 2 3 2
20226 0 13887 312 312 5651 5646
8274 1 8999 6 4 8 4
18181 1 8274 6 4 6 4
9428 1 8999 4 3 11 6
8511 1 31347 3 2 2 2
21811 0 278 1 1 179 4
33666 0 278 1 1 178 4
21874 0 278 1 1 174 2
29143 0 278 1 1 181 4
18106 0 278 1 1 173 2
39291 0 278 1 1 180 4
37756 0 278 2 2 204 24
511 0 15897 81 81 7 5
15736 0 1677 4567 4567 22072 22013
829 0 1677 6 6 1032 976
27621 0 1677 3031 3031 21830 21772
29445 1 1550 4 3 6 3
18936 4 39578 51 50 27 27
34932 2 14540 21 20 419 415
647 1 6311 9 2 2 2
33210 6 17250 4007 4007 11397 11397
9637 5 1981 5 5 4806 4754
21619 5 1981 5 5 7599 7545
11643 3 3908 16268 16267 1797 1797
30998 1 7774 3 2 6 5
30998 1 2447 2 2 3 2
16669 2 916 2 1 305 160
8577 2 916 2 1 278 135
18018 2 916 2 1 346 200
35944 2 916 2 1 266 124
9258 2 916 2 1 199 59
34189 2 916 2 1 198 59
21737 0 2589 134 134 24494 24477
40303 0 2589 9 9 26855 26837
3167 1 6502 7 2 8 5
17014 2 3167 14 13 577 556
7204 1 3167 7 5 24 19
32383 0 427 1 1 71 2
13521 0 427 2 2 107 37
11437 0 427 12 12 354 283
16023 0 4958 39 39 65 63
5777 4 4318 18 5 2 1
5144 4 4318 30 27 9 7
4318 6 27523 1343 1339 297 297
19086 6 12484 4 1 4 1
12201 4 22304 67 62 11 11
10786 1 14577 5 3 12 10
20175 0 7143 33 33 1335 1329
1205 1 23424 4 2 4 3
35226 0 37189 745 743 496 494
19169 1 25362 3 2 20 19
14940 1 12227 3 2 5 3
12227 1 13800 5 3 5 3
2813 0 3170 45 45 1499 1499
3170 1 3169 11 8 7 7
35238 1 8601 3 3 6 4
36661 1 39486 7 6 2 2
17745 5 774 89 89 14957 14818
17745 2 1137 91 91 10884 10777
37417 5 774 1 1 703 567
29963 5 774 1 1 329 194
40735 5 774 2143 2143 40900 40760
23613 4 28865 2197 2193 2 2
24660 4 23613 884 881 35 35
6782 5 5167 3188 3188 40242 40222
34227 5 5167 705 705 17895 17876
5167 6 27267 12233 12232 4028 4028
40789 0 25921 15546 15546 40723 40723
18492 6 36549 133 132 4 4
864 1 14562 7 3 3 2
32699 0 14562 2448 2448 29775 29765
4521 1 25708 9 5 3 2
10559 1 10558 2 2 2 2
3083 0 26431 1901 1901 11361 11356
5974 0 9758 4914 4914 16357 16335
4522 0 9758 19 19 1363 1345
12683 0 9758 1929 1929 13011 12990
19 0 29519 2221 2221 7032 7030
38094 4 40790 40706 40706 32503 32503
36200 0 5055 6882 6881 16183 16183
204 1 3048 15 10 31 31
32488 1 204 6 5 31 26
40791 0 11084 45 45 39384 39366
33754 1 5275 2 2 3 2
32 4 32392 200 183 12 12
32 4 24489 193 177 11 11
12319 4 14836 20 15 2 2
27811 2 10916 44 43 281 276
30475 0 10916 21180 21180 17283 17283
15792 0 3763 2 2 3459 3454
8019 1 30805 11 7 8 7
2949 1 8019 6 3 7 3
30805 1 16646 11 9 7 4
35060 0 5892 11 11 1948 1941
11125 4 10606 8 8 23 23
25276 1 3926 4 3 8 3
13830 1 6490 949 943 92 92
13830 1 7308 7 2 3 2
6490 1 13830 95 95 506 500
1366 0 29 249 248 1830 1823
29 1 11186 5 3 7 6
6226 1 29 30 30 801 799
19987 4 11397 33 31 9 9
4506 1 9454 7 4 7 5
6037 0 39187 923 923 2441 2439
39187 0 11100 196 196 34532 34514
2381 2 12273 1 1 49 1
7324 2 12273 1 1 51 2
6513 0 650 808 808 1528 1487
37308 0 650 41 41 6072 6030
40792 0 9525 1536 1536 40261 40257
30839 1 10851 2 2 2 2
21181 5 232 195 194 5387 5378
11205 5 232 114 114 33090 33080
24984 0 232 3088 3088 25497 25491
38752 0 728 7834 7834 36206 36199
8716 6 31315 189 189 303 303
24013 1 23715 5 3 7 4
36734 5 985 2 2 1254 1189
7458 5 985 13 13 460 396
12641 0 39 1 1 369 161
7396 0 39 1 1 194 2
21862 0 39 1 1 219 21
21561 0 39 1 1 203 6
13466 0 39 1 1 191 1
17532 0 39 1 1 383 174
18621 0 39 1 1 357 150
1398 0 19101 2362 2362 26030 26028
13758 1 29291 4 3 5 2
4555 0 1115 4451 4451 29601 29592
39750 6 18050 615 615 20061 20060
11789 1 24319 121 121 12 11
24319 1 11789 3 2 5 5
7072 1 9237 66 60 17 16
13503 1 7072 4 3 10 4
25660 5 4520 11 11 937 933
38151 0 7155 2130 2130 16680 16674
4453 6 7580 24099 24093 278 278
7580 0 34614 105 105 2683 2682
26183 0 11186 1395 1395 31058 31055
35764 0 14617 6533 6533 21321 21320
4608 0 3699 153 153 5995 5976
40827 0 3699 3797 3797 40752 40731
8852 0 7403 8344 8344 30571 30566
8176 1 8852 13 11 3 2
193 6 27058 179 126 1 1
193 6 11869 162 110 1 1
193 6 18878 435 381 6 6
19842 4 22836 1121 1116 55 55
21930 1 21045 2 2 3 2
21930 0 12252 87 87 977 971
5745 1 14074 4 3 3 2
26613 1 9037 7 6 4 2
9037 0 3099 3464 3464 10250 10249
7396 4 28775 1898 1883 6 6
24578 3 23111 4387 4384 103 103
21061 1 25626 2 2 3 3
24011 0 12474 26819 26819 27481 27479
13829 1 16710 12 10 3 3
4185 1 13829 3 2 6 4
13829 3 25284 12 10 6 4
12211 0 6042 554 554 23289 23278
13978 1 2276 2 2 6 3
39294 4 26572 19691 19691 2419 2419
33294 0 3229 3 3 522 513
8108 0 3229 1361 1361 25303 25293
3229 1 22044 10 7 5 3
6633 7 40129 26668 26656 15 15
6633 7 12050 16159 16148 1 1
16200 0 1852 372 372 5810 5762
16201 1 16200 6 3 6 4
19710 6 10760 6 5 17 12
32734 1 3419 2 2 4 2
4779 1 14955 4 3 3 2
3716 1 1998 2 2 7 3
40577 0 3716 2248 2248 40400 40386
31620 0 3716 832 832 21928 21916
28941 0 3716 3526 3526 22938 22925
17519 0 3716 882 882 5150 5139
9620 0 3716 172 172 2439 2429
2915 1 12159 26 12 9 5
522 1 21041 7 4 5 3
522 1 13953 6 4 10 4
522 0 16646 5969 5969 38625 38625
32701 0 522 97 97 2667 2655
31153 0 36722 17493 17493 14143 14141
36722 0 1474 3778 3778 40210 40195
7592 1 9560 8 5 2 2
2035 1 8589 6 2 4 2
25494 1 8589 2 2 10 7
4666 1 4665 10 7 3 2
4665 0 6717 248 248 2802 2800
6144 1 19664 2 2 5 3
28456 2 1773 9 9 637 598
28456 6 22320 1672 1670 302 302
5443 2 1773 1 1 110 72
18213 1 18982 4 3 3 2
18716 0 37537 698 698 35443 35441
6882 9 10563 2 2 2 2
40794 0 32275 11959 11959 40636 40635
19296 1 6611 10 9 7 6
16065 0 36140 291 291 685 682
40829 0 16065 35644 35644 38962 38961
32071 1 23898 5 4 3 2
37285 0 184 1 1 291 2
39009 0 184 2 2 2537 2234
3395 0 184 1 1 288 2
32164 0 184 1 1 306 12
34310 0 184 1 1 296 6
39279 0 184 2 2 335 37
11281 0 184 1 1 299 7
30773 0 184 1 1 319 23
15734 0 184 1 1 297 6
5209 0 184 14 14 1258 957
16507 0 184 1 1 289 2
40030 0 184 2 2 651 351
1190 6 31657 44 32 2 2
1190 6 39319 54 41 6 6
17492 1 20700 4 2 2 2
16074 0 18268 1 1 6 1
21289 0 18268 1 1 7 1
14746 1 23603 4451 4450 13689 13687
7078 6 36019 108 108 7 7
7486 0 7078 557 557 1164 1156
4225 1 13633 23 19 8 5
4225 1 11780 28 23 22 20
754 1 2375 5 2 3 2
1823 7 36030 12 11 26 25
6054 0 4123 218 218 9031 8996
6054 3 1296 7773 7771 8480 8479
3215 0 7911 6 6 2090 2087
6678 1 7911 5 4 12 10
16802 1 8850 15 11 11 9
1076 1 1075 9 2 6 5
1076 1 27277 11 3 2 2
18470 1 18469 2 2 2 2
7673 1 10866 4 2 3 3
7673 1 8629 3 2 3 2
8644 1 14101 4 2 2 2
493 0 1629 18 18 939 928
2736 4 26470 67 21 1 1
2736 4 34726 59 15 1 1
2736 4 35146 191 143 6 6
2736 4 33515 68 21 1 1
35179 0 19119 1957 1957 33830 33829
13379 4 19119 480 477 183 183
28508 2 3843 14 12 170 142
40099 2 3843 14 13 890 861
9537 1 3843 14 14 54 50
25746 0 11870 10700 10700 21571 21571
26637 6 24424 214 214 648 648
15305 5 2978 2 2 4157 4089
10135 5 2978 7 7 4351 4282
14631 0 3275 265 265 1409 1403
1043 1 14631 21 19 22 16
39736 1 21554 2 2 12 11
39736 0 4427 821 821 34920 34898
8260 0 7895 19 19 1440 1436
16624 0 8260 1786 1786 13669 13667
36792 1 37816 2 2 2 2
40796 2 3317 69 69 40825 40792
11856 1 2643 2 2 19 17
8104 1 4274 6 2 3 3
8104 1 12438 5 2 3 3
9749 1 13574 6 4 4 3
40797 0 19420 1132 1132 39784 39782
24056 0 9777 10305 10305 33837 33836
12866 6 7036 247 247 176 176
19409 4 36350 8574 8574 109 109
28857 0 706 17 17 2063 2050
19163 0 18538 29 29 8277 8274
16614 1 25570 4 2 3 3
16614 1 8351 8 5 4 4
24052 1 24051 2 2 2 2
29706 4 499 93 93 56 56
34810 0 17502 35535 35535 13362 13362
40798 0 38876 35148 35148 38758 38758
26283 6 40443 11698 11698 17919 17919
32794 0 18895 9 9 392 384
3034 2 1137 1 1 102 2
19442 2 1137 1 1 100 1
26122 4 31544 34 28 2 2
17880 1 20417 4 3 6 5
3499 1 20417 4 3 4 4
20434 0 21190 12918 12918 16160 16159
13327 6 22210 3 3 43 43
40799 0 5636 33272 33272 39657 39657
14768 6 24252 7 6 9 7
9578 0 473 3843 3843 21542 21539
20196 1 21248 4 3 14 13
21248 9 11908 10 9 9 9
6765 1 27335 4 2 3 2
37410 0 27335 7279 7279 29703 29702
12725 1 21889 4 4 2 2
19754 0 4059 4 4 116 113
9461 4 12081 2 1 2 1
8574 0 5381 109 109 4820 4809
8574 1 8573 6 3 3 2
29585 1 8574 3 2 6 3
13699 0 5381 2303 2303 17932 17920
36608 0 123 4475 4475 28012 28003
24094 0 123 2266 2266 25599 25591
516 0 292 1 1 244 3
31393 0 292 2 2 517 269
14242 0 292 2 2 1146 896
33413 0 292 8 8 2887 2635
15177 0 292 1 1 260 15
39499 0 292 3 3 347 100
13524 0 292 1 1 238 1
31996 0 292 2 2 562 313
26845 0 292 1 1 242 3
14814 0 292 1 1 234 1
13283 1 2720 8 6 92 90
2720 1 5598 330 328 83 79
34387 1 26855 4 4 6 5
26856 1 26855 2 2 2 2
37173 4 10091 1397 1397 8887 8887
19951 0 20010 649 648 4984 4977
40800 0 28344 17680 17680 39861 39860
24652 0 26678 5981 5981 15116 15112
27632 0 31556 61 61 16264 16262
8336 6 2824 1855 1855 216 216
14255 1 19144 6 5 9 7
20014 0 14262 2404 2404 39285 39280
40801 0 16573 17562 17562 39625 39621
2360 1 4933 3 2 6 2
40802 0 39415 4109 4109 40269 40269
30541 0 22903 2455 2455 2604 2603
20618 1 9942 6 4 9 6
38150 0 712 97 97 22776 22771
25109 0 7757 425 425 281 279
40803 0 5646 19786 19786 40315 40311
1003 1 5646 8 6 9 5
35081 1 28378 2 2 2 2
11590 1 29649 28 26 2 2
39026 0 29817 4057 4057 34023 34021
13903 6 32368 4900 4896 110 110
30745 1 37402 5 4 36 36
10159 1 38458 9 6 2 2
27696 1 6690 5 5 770 761
28744 1 6690 2 2 9 2
20852 1 6690 5 5 163 155
40885 0 6690 8250 8250 40457 40449
16732 0 10532 949 949 19387 19383
6916 0 19429 10212 10212 7565 7565
10276 1 9887 7 3 6 3
4800 1 9900 4 2 4 2
19570 1 4800 3 2 4 2
17182 1 2190 2 2 2 2
4461 0 19310 1268 1268 14047 14039
1046 7 18091 4225 4111 3 3
1046 7 18788 15300 15182 1 1
1046 7 39181 37453 37332 6 5
37226 0 11964 1172 1172 27921 27919
11632 9 24469 60 59 4 4
40699 0 12729 1204 1204 40499 40484
14428 0 772 770 770 4384 4375
19055 0 772 1493 1493 37726 37716
40710 0 31312 236 236 40300 40298
11686 1 5336 8 3 7 3
30852 1 3198 2 2 4 2
29243 0 26808 20675 20675 31609 31609
21449 0 12858 17 17 160 156
12857 1 21449 42 38 5 4
3233 1 4145 7 5 5 3
19055 1 19054 2 2 2 2
8310 6 12531 83 74 8 6
7557 1 7633 6 4 6 5
17844 0 7120 2016 2016 20558 20555
1269 1 11040 5 4 13 9
11040 1 14848 16 12 4 2
26676 0 8201 146 146 26445 26432
28241 1 7436 2 2 3 2
18458 9 31641 20 20 21 20
31641 3 37842 3 2 2 2
25873 0 2795 24573 24573 22147 22146
17430 1 14006 4 3 10 7
13991 0 6823 46 46 4408 4402
19570 1 23428 7 5 87 85
8288 4 37118 88 86 16 16
40805 0 33924 19468 19468 40728 40727
25230 0 6253 241 241 869 864
15292 3 10198 349 349 194 192
39489 0 11666 10980 10980 28815 28797
39489 1 15557 2 2 4 2
37831 2 11666 32904 32904 11851 11851
15516 1 12820 7 5 10 9
34071 1 12820 6 4 14 12
4175 4 8602 31 26 2 2
24042 1 5537 2 2 2 2
19211 0 4744 2374 2374 3499 3496
31371 0 7474 2648 2648 40385 40377
27812 0 7474 782 782 16447 16440
28947 4 15200 2188 2188 131 131
18660 6 21000 40251 40251 36158 36158
15472 0 25385 10828 10828 37334 37331
12507 0 13404 2832 2832 20660 20655
26342 1 17895 16 14 29 27
2152 1 8496 2 2 5 2
39760 0 574 868 868 21904 21861
40877 0 574 549 549 40333 40288
35412 5 11510 6 6 5723 5704
2085 6 10383 7 1 1 1
14202 1 14201 3 3 27 23
1043 1 20085 56 53 10 9
40806 0 6850 12246 12246 40798 40773
40503 0 9914 9766 9766 31717 31715
14770 1 14307 8 7 36 34
32716 1 17183 2 2 4 3
35390 1 3256 2 2 3 2
4482 4 9719 352 348 15 15
20428 0 3527 1466 1466 25475 25458
3527 6 20663 10587 10587 306 306
30409 2 35441 5396 5396 1432 1432
11083 1 5302 3 3 3 2
23196 1 10129 2 2 7 4
1066 1 29752 6 4 2 2
40807 0 3538 8861 8861 40806 40793
22793 0 3538 4 4 194 182
6768 6 24640 703 700 585 583
6768 6 10205 27253 27249 5209 5209
2869 1 15125 6 4 13 11
29302 0 15125 4768 4768 32937 32935
9588 0 1406 382 382 18450 18439
18159 0 17493 263 263 389 383
21497 1 33875 9 7 2 2
20938 1 22485 4 3 5 3
13056 6 39139 3087 3085 191 191
23942 0 26928 4 4 210 208
28004 0 6478 8758 8758 18146 18144
4747 0 22951 2 2 7 3
20860 5 2566 28 28 27959 27942
7590 5 2566 88 88 24211 24195
20768 0 17402 15 15 54 52
35193 1 20768 3 3 3 2
8572 0 5856 29 29 2149 2124
17370 0 5856 1213 1213 12546 12518
31972 0 5856 21 21 3935 3909
17380 1 15779 3 2 3 2
27964 0 16186 50 50 21399 21393
15981 0 1328 10 10 274 261
26071 1 9303 4 3 7 4
9303 9 21981 6 6 4 4
38768 0 29318 11 11 5780 5776
36229 0 18254 54 54 8822 8805
1019 4 596 42 19 2 2
1019 4 8780 36 14 1 1
23239 1 15927 6 3 4 3
30477 1 23239 3 2 4 2
21996 6 20017 1430 1428 2089 2089
21996 6 11995 13011 13008 2997 2997
25766 0 22616 291 291 10371 10368
9455 0 23399 2870 2870 27937 27931
23000 6 39446 2663 2663 2035 2035
122 1 7516 9 3 9 4
11412 1 19152 7 6 5 5
8803 1 27429 5 4 2 2
15261 0 14295 5611 5611 37808 37807
25268 4 21905 68 66 3 3
15504 1 8591 13 9 5 2
8591 1 16989 6 3 3 3
15601 10 15600 38 38 102 102
31927 1 15601 2 2 4 3
34363 5 8522 3806 3806 36337 36337
33641 0 19894 26681 26681 13801 13800
33826 1 19127 2 2 3 2
39523 0 2723 67 67 22850 22813
39523 1 21345 2 2 363 362
7540 0 2723 79 79 8562 8526
4541 0 2723 111 111 27775 27737
28671 0 7444 3166 3165 8164 8161
40808 0 40809 25538 25538 22270 22270
26933 0 1475 936 936 23476 23456
35848 0 18654 779 779 22859 22854
19162 0 18654 11 11 580 576
29185 6 40731 40358 40357 9548 9548
3467 1 3466 6 4 5 4
15345 5 4450 231 231 17513 17507
7117 1 7049 5 4 9 7
32624 6 26608 989 988 353 353
2269 1 2268 5 3 6 4
30613 0 6961 3 3 113 111
2956 4 29945 727 723 122 122
40706 0 10059 22778 22778 40783 40780
3866 4 38485 579 571 135 135
3866 4 24189 121 114 2 2
9119 0 21826 10114 10114 21875 21875
18389 3 999 5 3 6 4
999 3 18389 7 5 8 6
35808 1 32154 26321 26321 7129 7129
37756 4 40810 36443 36443 2692 2692
20583 1 27612 2 2 2 2
1020 0 3141 1 1 53 3
28305 0 3141 1 1 50 1
6564 0 11337 17841 17841 11284 11283
23511 0 15656 13 13 1143 1117
5394 1 2601 2 2 3 2
19679 0 5394 1243 1243 5322 5315
2004 1 24164 8 3 2 2
2004 0 30642 1205 1205 112 111
25774 1 12289 5 2 15 9
24676 0 24224 2471 2471 8295 8294
23848 1 8714 6 5 8 4
17814 4 3175 33158 33157 17278 17278
17465 1 17464 3 2 2 2
22570 1 22569 2 2 3 2
6630 0 4722 402 402 6150 6142
1142 0 4722 1025 1025 12638 12629
23700 1 24343 3 2 4 4
9573 6 3123 2181 2181 7609 7586
15354 6 3123 52 52 2479 2457
14853 6 3123 203 202 1793 1772
6067 1 28605 2 2 2 2
8474 4 17327 10704 10704 6345 6345
30941 1 3753 7 5 9 6
30941 1 33174 3 2 4 3
11546 0 4442 4982 4982 29048 29014
6865 4 2298 290 286 20 20
1021 1 207 9 6 4 2
2872 0 17555 1020 1019 40468 40461
268 0 17555 896 896 37774 37768
40811 0 2664 3285 3285 40469 40453
40871 0 2664 11751 11751 40743 40726
2664 0 2624 158 158 1252 1245
35435 0 12605 1949 1949 11381 11378
29862 1 29861 2 2 5 4
31789 0 494 1761 1761 30593 30581
22923 0 28916 6369 6369 19162 19161
27985 1 27484 3 3 5 4
29410 0 16944 1312 1312 11877 11873
11888 0 36918 461 461 11960 11957
37558 2 741 1 1 173 127
28640 2 741 1 1 66 24
9021 2 741 1 1 86 41
22157 3 1791 7 6 8 6
22158 3 1791 5 3 4 3
8471 1 6302 3 2 3 3
32069 0 19823 2662 2662 17433 17431
38790 0 13 1146 1146 34758 34744
19437 1 22294 3 2 5 4
25022 1 32013 2 2 7 6
39553 0 4628 486 486 854 845
40833 0 4628 4457 4457 38265 38255
11144 1 2617 2 2 13 12
38399 1 1022 2 2 7 3
10536 1 36694 2 2 2 2
40178 1 1578 21092 21092 39508 39506
40864 0 1578 21610 21610 40525 40519
22410 1 37961 4 2 6 6
15647 4 32971 14929 14929 18819 18819
1708 0 8438 135 135 32825 32824
6124 1 5907 4 2 10 5
8270 1 6124 13 5 5 3
5826 1 10722 4 3 8 6
21697 0 2070 7261 7261 23917 23917
6530 1 22543 5 3 4 3
5932 1 21935 25 19 3 2
28875 3 5192 5 4 5 4
28676 3 28875 5 2 5 4
5178 1 14819 22 16 5 4
21092 0 5178 426 426 37425 37396
16318 0 5178 102 102 2594 2566
40918 0 5178 2437 2437 40518 40488
31349 1 5178 12 12 93 87
27341 1 31627 5 3 3 3
912 0 7047 33 33 7168 7154
739 0 912 4764 4764 14500 14489
24031 0 7047 54 54 3689 3676
30204 1 7047 231 227 331 329
40812 0 17281 4307 4307 39992 39992
9906 1 36905 7 3 2 2
6743 0 8355 181 181 3759 3737
1538 0 8355 2180 2180 37128 37104
35277 1 27784 2 2 4 4
5869 1 26782 7 2 2 2
40813 0 19386 9209 9209 39938 39936
38378 1 22534 2 2 6 2
31576 0 30844 40190 40190 24056 24056
10205 1 10204 6 4 10 9
11177 1 37094 6 2 2 2
7045 1 2382 2 2 10 6
21977 5 16419 122 122 27839 27832
3364 1 3363 4 3 6 4
3528 0 10834 2870 2870 7154 7151
17960 4 24312 63 59 9 9
27223 1 20426 2 2 4 3
24636 1 6535 6 5 14 13
23949 5 212 2 2 620 592
27657 5 828 5 4 6067 6053
1410 1 24564 16609 16609 21604 21603
3066 0 8076 627 627 5901 5893
18215 1 1414 10 9 195 184
10895 1 13973 10 5 48 48
3239 4 39144 188 137 4 4
3239 4 27881 164 114 3 3
3239 4 36428 159 110 3 3
18904 3 17353 4 3 5 4
7935 1 2201 5 2 6 4
17190 1 757 4 2 3 3
1415 1 32170 6 2 2 2
23786 1 2902 2 2 28 20
2029 1 18094 6 2 2 2
553 1 13871 4 2 5 3
24179 1 10508 3 2 2 2
25575 1 10508 4 4 70 69
27360 6 36837 9 9 33 33
31841 0 19545 4083 4083 37788 37787
33840 0 1754 614 614 23116 23104
40875 2 1754 116 116 40784 40778
38079 2 1754 9 8 755 750
40815 0 39071 2514 2514 39930 39928
29342 0 8978 7975 7975 26680 26664
6890 0 36281 4733 4733 8510 8510
8040 1 21358 38 34 5 4
10520 0 24854 22132 22132 32949 32949
28943 1 243 6 5 3 3
20030 0 13734 7159 7159 30517 30515
4563 0 12505 94 94 68 62
37725 0 23377 1 1 6 1
26865 1 19204 4 2 5 2
20288 6 29915 3 1 3 2
24515 2 20288 4 4 344 339
18855 0 2060 32 32 2271 2258
26308 5 18855 583 583 39963 39949
24430 0 2060 2351 2351 32942 32928
11475 1 13563 2193 2190 1965 1961
13563 1 11475 2678 2674 2099 2096
14231 0 7944 3307 3307 32116 32115
36007 6 17148 10214 10214 36908 36908
13350 0 29456 752 752 372 372
36696 5 9528 2 1 81 72
19256 5 9528 2 1 50 42
30889 0 33367 12076 12075 426 426
26734 0 2288 46 46 1058 1056
16979 4 35069 907 907 1235 1235
23628 0 2614 255 255 6428 6424
39567 0 4694 30 30 8181 8167
6695 0 32813 39197 39197 32091 32091
15469 0 6418 81 81 1872 1848
34418 1 25064 3 2 4 3
8727 1 8726 4 2 2 2
14189 1 23592 6 2 2 2
35545 1 14189 2 2 6 2
10877 1 11728 7 3 8 3
32814 0 4976 18 18 4552 4549
4165 3 25845 1003 1000 5 5
20625 1 7778 3 2 2 2
30076 0 10715 4860 4860 15554 15551
40816 0 14697 29670 29670 40592 40592
14697 1 31992 8 4 2 2
19191 1 27971 2 2 3 2
13842 0 11910 5363 5363 19035 19034
5985 6 10735 8 1 17 10
12732 3 28417 56 55 403 402
12732 1 26677 4 3 2 2
6204 1 6203 2 2 2 2
40817 0 19840 894 894 40014 40012
3387 0 19840 6936 6936 40488 40485
6550 1 2423 4 3 17 8
2423 1 24830 11 3 5 2
2924 4 30666 171 99 2 2
2924 4 2659 161 90 1 1
2924 4 29020 230 156 4 4
2924 4 36766 232 157 2 2
1379 1 25548 5 3 3 2
6265 1 1379 5 3 5 3
18135 3 294 11120 11117 5227 5227
2209 1 24141 9 5 3 2
15500 1 4546 2 2 6 3
15500 1 7996 4 3 4 2
31596 6 8773 20909 20909 34808 34808
40818 0 35587 21445 21445 33931 33931
34338 1 9890 2 2 12 3
14748 1 9890 2 2 11 3
9890 1 12054 12 3 4 3
40819 0 15962 24582 24582 39914 39913
16130 0 10326 6495 6495 27307 27305
40820 0 20319 2804 2804 39922 39921
11212 0 1856 584 584 16594 16580
14579 1 1856 7 6 45 41
28303 3 9776 5 5 1818 1816
9776 1 9775 5 4 3 3
561 0 5278 762 762 4887 4878
13724 4 995 6599 6598 241 241
154 1 153 3 3 11 8
5791 1 11553 5 3 6 4
24115 1 18755 3 2 3 2
28674 0 3041 5803 5803 32923 32916
40821 0 14864 4769 4769 38255 38250
17883 0 18836 361 361 3607 3605
40822 0 9367 1896 1896 40781 40758
40930 0 9367 777 777 40571 40549
7005 0 9367 405 405 22710 22689
26765 1 9367 5 4 10 6
2151 0 4180 1062 1061 1993 1991
40823 0 11638 5342 5342 40921 40904
18175 1 18573 16 14 4 2
24724 1 3969 7 4 6 4
3969 0 3582 193 193 5631 5604
17345 0 3969 1627 1627 24709 24705
34877 1 6582 4 2 11 3
6582 1 16956 10 3 8 4
26100 1 28248 2 2 16 14
33245 0 3980 2 2 5 3
4106 1 4105 12 10 2 2
584 1 28894 1232 1230 184 184
35143 1 33405 2 2 5 4
17003 0 479 11 11 83 73
9877 5 6166 1 1 1 1
30263 1 25760 2 2 2 2
30656 1 25760 3 3 3 2
1999 4 17069 99 92 2 2
18272 1 19427 4 2 5 3
29081 1 13187 2 2 35 32
16522 0 3780 2 2 401 365
26742 0 15839 876 876 14270 14267
1918 6 39340 1196 1189 41 41
11624 1 20815 4 3 4 2
13939 0 7027 86 86 543 538
5788 0 7027 3075 3075 7094 7088
40824 0 2657 2898 2898 40093 40086
1294 0 25140 871 871 18122 18119
21281 0 428 2661 2661 28387 28361
40911 0 428 6093 6093 40899 40872
39800 1 30816 2 2 6 5
12660 0 1095 24 23 165 154
17450 0 1095 760 760 15258 15246
11922 0 14898 1 1 33 15
23590 0 12772 14842 14842 26695 26692
3072 1 15159 8 4 6 3
24523 0 8582 216 216 5377 5370
188 6 29407 4 1 19 15
39603 4 27065 510 510 512 512
4691 1 14239 4 3 18 18
36188 1 4691 3 2 3 2
36501 0 4902 20985 20985 27393 27393
40022 0 6784 3 3 296 291
4121 1 17988 19 17 10 9
34845 5 10076 12 10 9 4
19999 4 35620 126 117 5 5
25642 0 31168 1511 1510 4417 4416
28192 2 3865 6 5 94 76
25039 0 2409 6 6 202 181
34598 0 2409 18 18 14307 14283
40825 0 22386 20378 20378 35154 35153
15804 0 10824 158 158 1140 1135
40826 0 30737 22328 22328 39975 39974
11678 4 24132 2542 2542 4435 4435
11178 1 14178 10 3 3 3
19319 1 11039 8 7 15 10
23526 0 9730 23101 23101 30743 30741
12960 0 23054 27750 27749 10475 10475
18237 1 14439 3 2 8 3
17375 6 39568 19 17 5 5
6955 0 2697 84 84 2106 2104
16533 0 2697 1443 1443 3084 3081
27268 1 11354 6 5 10 6
1968 1 1967 5 2 7 4
20914 0 1967 2 2 12 4
23271 0 7641 1240 1240 40 40
19684 3 19683 89 88 6 6
4983 6 33006 2 2 17 17
17534 9 12584 3 2 3 3
6871 1 18043 1095 1093 394 393
5628 7 18994 35611 35578 1 1
2502 1 20104 5 2 3 2
15657 0 4985 1085 1085 5574 5572
34914 1 6434 2 2 5 2
39981 0 306 2311 2311 40295 40278
21026 0 306 35 35 2119 2103
37154 5 9269 641 641 26144 26141
9073 1 5502 15 14 10 8
30127 0 1623 2754 2754 40172 40169
16304 0 30127 13102 13102 15323 15323
16980 1 4548 4 2 10 7
469 0 14498 1 1 56 46
9243 6 35214 2708 2704 19 19
36148 4 23121 873 872 593 593
3358 1 4743 12 6 11 9
9720 0 4743 187 187 1585 1575
40888 0 4743 437 437 40512 40501
2064 1 2154 2 2 3 2
22278 1 35919 2 2 2 2
36060 0 14935 1185 1185 37528 37519
27146 5 11426 1 1 2997 2987
3169 0 3813 14 14 1144 1126
3823 1 3813 129 129 720 715
20664 4 26988 1195 1193 51 51
6374 1 11133 4 2 4 2
33074 2 7 9 9 1177 1140
18961 2 7 1 1 40 5
17395 0 7902 1223 1223 10025 10022
22908 1 5606 7 4 5 3
10254 1 10253 4 3 21 20
40906 0 10253 428 428 40106 40092
14113 1 5076 2 2 14 11
36403 1 10838 2 2 3 2
14974 0 14973 479 479 1908 1900
14973 3 19845 25 23 5 5
40831 0 4593 25882 25882 39988 39988
31084 1 27014 2 2 4 2
12467 4 39860 426 420 2 2
40832 0 6630 5928 5928 40573 40569
26778 4 2803 933 933 3444 3444
3765 1 28497 4 3 3 3
20691 1 4936 2 2 117 114
7886 0 12463 1097 1097 19269 19263
14999 4 31316 8443 8443 22225 22225
22172 0 11068 52 52 132 119
454 3 16514 16 14 127 125
3025 1 16514 3 2 7 6
29578 0 15788 15408 15408 26134 26133
23802 0 21987 630 630 37367 37364
21987 0 20963 2193 2193 37664 37663
11759 2 10987 10 10 168 167
38689 0 12894 995 995 35847 35837
40834 0 14087 5252 5252 38190 38190
14853 1 5935 2 2 4 2
4044 4 31152 1183 1183 78 78
29372 0 24630 36 36 7607 7602
24630 0 22399 8404 8404 39040 39039
19479 5 4701 1 1 23 2
8240 5 4701 1 1 277 255
33163 5 4554 2 1 12 5
29553 1 26733 2 2 2 2
29553 0 8837 7179 7179 36791 36789
6792 1 14058 4 3 7 5
21282 0 15062 17256 17256 15624 15624
23036 4 36472 300 294 4 4
5783 4 23036 1435 1426 7 7
40835 0 40836 8341 8341 8566 8566
18778 6 32930 3587 3586 43 43
18778 0 5314 59 59 11156 11129
24621 2 17930 4 1 9 1
27989 2 17930 3 1 10 1
26041 0 4289 2101 2101 1472 1472
16899 4 24507 525 525 469 469
14917 3 17826 9 6 5 4
30990 9 28312 2 2 2 2
8980 1 3552 4 3 3 2
33079 0 3582 186 186 13826 13798
16497 1 26305 5 2 2 2
26368 1 8799 4 3 3 2
4480 1 32602 6 2 2 2
35059 0 27412 46 46 7217 7214
2645 4 29221 215 207 3 3
23462 0 5675 7663 7663 25263 25254
40853 0 23462 8964 8964 40591 40586
25133 5 5012 10 9 13 7
14927 4 5288 81 77 3 3
11058 2 6577 1 1 658 606
60 2 6577 10 10 1172 1119
7534 9 18226 7 6 2 2
10204 1 10208 3 2 4 3
5031 1 28475 3 3 6 4
15312 0 12860 17940 17940 29127 29127
21401 1 1933 5 5 73 66
12469 1 1992 9 4 3 2
18451 5 1238 2 1 9 2
37552 0 2655 478 478 10655 10651
2655 0 9806 1025 1025 26127 26121
40284 0 6614 3470 3470 36522 36499
3130 1 27019 7 4 3 2
23982 0 37653 2204 2204 34610 34608
20447 1 9918 4 2 3 2
15028 1 16314 5 2 10 5
15028 1 5116 4 2 11 5
40628 0 33021 2942 2941 36741 36741
3648 1 3647 3 2 6 3
19317 0 1107 5957 5957 27557 27547
830 1 21753 45 41 6 5
8270 1 9886 16 7 6 3
14780 1 6419 14 10 4 3
40837 0 15224 9580 9580 40142 40130
7188 0 11737 385 385 8162 8152
10277 1 32396 3 3 3 2
10277 1 2951 5 4 10 5
15054 1 2951 8 3 7 3
25047 0 19223 1477 1477 26217 26217
23871 0 918 16 16 4863 4856
40840 0 918 11930 11930 40859 40851
8168 0 13192 14170 14170 30318 30318
10293 1 12214 2 2 3 2
23642 0 26543 8943 8943 33256 33256
26543 1 12312 10 8 11 8
4913 4 20284 76 47 1 1
3331 5 16655 20 20 351 349
3331 1 35484 7 4 3 3
16739 1 16646 15 15 10 6
6726 1 5782 6 2 2 2
6726 3 6725 40 38 4 4
11335 1 6726 4 4 9 5
5491 1 1201 7 6 95 90
6549 1 14425 31 28 5 3
5544 1 3327 6 5 16 10
3403 1 6328 4 4 60 59
7229 4 37460 1560 1543 49 49
20544 1 28902 5 3 3 2
3291 1 20544 7 3 5 3
530 1 21170 7 3 2 2
9371 1 9370 3 2 5 3
26061 0 9371 2673 2673 20098 20095
9371 0 5623 607 607 25954 25952
21518 1 29527 2 2 6 4
35181 0 21518 2212 2212 39138 39135
36581 0 16397 2680 2679 355 355
3972 7 37089 28002 27924 4 4
8883 0 5790 16421 16421 6640 6640
38389 0 7334 2357 2357 17188 17186
27814 0 9178 39 39 515 513
10855 1 19155 2 2 4 3
10855 1 31116 583 582 3975 3974
1431 4 27265 152 137 3 3
27563 1 35599 2 2 2 2
1193 4 39361 166 155 8 8
39975 0 7068 1743 1743 24055 24047
3855 0 3909 4 4 14 7
28703 0 3909 3133 3133 17883 17875
11573 1 13583 3 2 8 5
40841 0 16266 2172 2172 40526 40503
2434 0 16266 48 47 140 119
40842 0 67 4517 4517 40825 40816
1154 0 18959 2144 2144 38331 38329
32397 0 13044 589 589 18844 18835
17819 1 653 5 4 7 6
37840 0 313 3 3 5955 5947
40843 0 3679 18762 18762 40716 40705
40843 4 5346 40779 40779 33799 33799
13988 0 168 42 42 1860 1855
38754 2 10661 4 3 15 12
29501 0 6358 5051 5051 40806 40804
29860 0 18587 4220 4220 1010 1010
33438 1 36858 2 2 3 2
36858 1 35629 3 2 2 2
12381 0 1474 299 299 4207 4193
2863 0 6499 9544 9544 3551 3550
7328 0 5714 26952 26952 28973 28972
14412 0 20621 673 673 24406 24405
35316 5 38173 99 97 525 524
20490 1 7847 15 14 4 3
21077 4 10657 1527 1526 164 164
10380 0 1964 2470 2470 3311 3309
17802 1 3847 3 2 3 2
29031 4 40721 40601 40600 15755 15755
29630 5 22311 2 2 1602 1598
14888 4 21122 59 50 6 6
14888 0 2518 1 1 65 1
819 1 7732 8 4 10 6
7100 4 29718 159 157 4 4
8077 1 7192 2 2 10 7
16136 1 39043 5 3 2 2
13225 1 15253 5 4 7 4
40844 0 6467 5906 5906 40813 40806
6069 0 37345 379 379 185 184
4895 0 8093 787 787 32479 32452
21558 1 13645 2 2 6 5
10544 6 38325 89 74 3 3
23888 0 1730 19 19 1018 918
33667 0 1730 105 105 7081 6980
22133 0 1730 1 1 98 1
19623 0 1730 6 6 159 60
28603 4 38563 107 106 4 4
16620 1 2522 5 4 10 4
24900 3 5965 7 7 22 21
3989 4 18951 1368 1361 80 80
22965 1 167 8 5 8 6
35645 0 7367 22544 22544 11423 11423
36255 0 10055 1 1 7 1
1574 1 8899 11 6 6 4
21174 5 2295 135 135 29078 28976
34328 5 2295 95 95 21690 21589
28418 5 2295 460 460 35161 35058
34439 5 2295 2 2 4317 4217
40845 0 32455 8395 8395 40650 40649
35000 0 9668 1 1 76 60
32116 0 21176 3219 3219 28822 28820
23390 0 40586 36121 36121 36528 36528
40848 0 23390 12799 12799 40495 40492
19903 4 29357 230 230 51 51
35177 0 14481 5124 5124 22455 22455
12330 0 11599 55 55 4232 4226
3579 1 19372 11 10 4 2
9842 0 3579 365 365 37493 37480
22422 1 9505 4 3 10 6
15330 1 28910 3 2 3 3
22889 0 11852 537 537 27638 27629
29771 9 3592 7 7 157 157
25748 1 34204 2 2 2 2
1772 6 37182 1032 1028 255 255
15158 0 40846 38493 38493 23467 23467
40847 0 8407 14935 14935 40483 40483
35466 0 11507 1 1 5 2
12327 0 411 71 71 6682 6659
21952 4 9376 288 288 4 4
4177 6 5022 30 15 3 3
5040 0 220 2 2 16 7
20777 0 30968 22147 22147 19644 19643
17995 1 415 6 4 12 4
6540 0 6677 2154 2154 5507 5505
30360 1 7239 3 3 50 46
1226 4 33413 942 918 7 7
36259 5 860 500 500 34739 34666
30840 5 860 1 1 6544 6474
39831 1 4370 3 3 50 45
17244 1 15986 2 2 46 43
9116 4 34497 276 274 3 3
4771 4 11796 184 132 2 2
18918 0 15687 80 80 229 226
18918 6 31983 19879 19870 62 62
29544 0 6411 3786 3786 9367 9360
13258 1 515 3 3 30 23
7665 4 11919 147 142 5 5
8356 1 22637 16 9 6 3
17180 1 8356 3 3 11 4
39574 0 13157 2588 2588 39591 39588
20711 1 1090 6 5 6 2
32427 0 24062 16828 16828 33137 33136
40849 0 13412 14413 14413 40798 40793
4316 0 1500 1 1 70 44
29122 0 1500 3 3 199 172
29916 0 33246 5804 5804 541 541
33246 0 425 20 19 586 567
3714 1 3991 3 3 2 2
6702 1 4469 20 18 102 98
20629 0 10089 421 421 12 12
18423 1 20629 6 3 3 2
4855 1 19562 7 2 5 2
11423 1 4213 11 7 9 4
10241 0 10481 2344 2344 38336 38334
27097 0 10241 1 1 35 25
5125 6 35244 988 988 1808 1808
10842 1 11135 3 2 3 2
3451 1 3450 2 2 9 4
3450 1 6752 21 16 86 84
26219 0 15966 622 622 1672 1669
20729 0 30962 10260 10260 26216 26216
31196 0 30962 28899 28899 37804 37803
36881 0 119 6 6 1512 1475
119 0 2748 245 244 3933 3923
2323 1 23181 8 7 2 2
14339 9 16095 295 294 58 58
32957 0 5195 2 2 88 82
32623 1 5195 3 2 5 2
32917 0 9489 1426 1426 26467 26463
40688 0 3489 3159 3159 39832 39771
13220 2 6815 11 10 71 67
5097 1 27076 10 7 5 5
17030 1 2573 6 5 18 13
2573 1 9486 9 4 3 2
37807 1 30144 2 2 2 2
2521 1 38597 27 24 2 2
6946 1 8731 4 3 6 3
9873 9 35523 2 2 2 2
1071 6 14854 1072 1066 77 77
3398 4 14735 21 4 1 1
5855 1 7329 6 2 4 2
3929 1 27247 20 10 2 2
16292 1 29803 9 7 4 4
6578 0 5973 2463 2463 9687 9684
40850 0 1543 6147 6147 40289 40232
37429 1 32885 13 13 2 2
5932 1 5931 10 6 3 3
14336 1 2808 2 2 4 2
23816 0 13145 4 4 10 10
16675 0 11522 23124 23124 7284 7284
40851 0 14187 14919 14919 40538 40534
10755 4 22444 199 198 20 20
11129 1 13730 9 3 9 4
25343 1 13730 6 3 8 4
8639 0 3289 3 3 123 100
3289 6 36920 17058 17041 302 302
8776 1 1347 3 2 5 2
1347 1 4276 6 3 4 2
39300 0 1590 39 39 17311 17287
37068 1 22654 2 2 2 2
1801 1 21363 3 2 2 2
31983 0 35119 17854 17854 36433 36432
31983 6 2119 10879 10877 12861 12861
19488 0 3006 3694 3694 24253 24243
19488 1 38649 30630 30630 25029 25029
40852 0 6747 4634 4634 38867 38865
28133 0 18038 13 13 1180 1177
8634 9 19910 8 7 41 40
11304 0 19910 12 12 1001 1000
20413 0 1973 12 12 6117 6062
26353 1 4814 7 6 9 5
22355 0 11595 13 13 1427 1421
1588 1 19716 5 4 3 2
11612 1 21343 3 2 4 3
5569 1 10107 7 3 9 4
5923 1 5569 5 3 7 3
24840 0 14776 973 973 247 247
24031 4 32273 27319 27319 29364 29364
12006 1 23328 5 4 3 3
15403 4 40478 44 44 21 21
16346 0 16005 34 34 511 509
7668 1 35530 5 2 2 2
9434 4 40717 39941 39938 970 970
22914 1 3088 3 2 4 2
2945 9 2944 2 2 2 2
24743 1 24742 2 2 4 3
31284 1 19047 2 2 3 2
1664 1 16927 6 3 3 2
40307 0 4362 32492 32492 40507 40500
29218 1 4362 187 186 323 323
4362 0 8787 7 7 48 41
17040 8 37417 436 435 31 31
39206 0 12650 1 1 22 2
29976 5 5742 1 1 1587 1565
15635 5 5742 26 26 2204 2181
903 5 5742 1 1 340 320
17663 4 9378 96 93 8 8
20364 1 26993 8 7 4 4
27150 0 3232 7701 7701 39526 39519
40854 0 14981 30494 30494 40255 40251
40855 0 25028 4199 4199 39195 39195
40678 5 5841 10773 10773 40709 40696
26893 3 11921 31613 31611 6977 6977
38438 0 24102 2262 2262 35352 35348
22467 0 22049 148 148 1324 1321
15542 0 22049 1966 1966 19135 19130
40856 0 8153 475 475 39695 39676
36147 0 8153 414 414 11936 11918
10925 1 8153 24 22 75 73
34372 4 36708 35 35 12 12
7489 6 35302 199 194 14 13
9267 0 1292 1645 1645 30413 30408
5975 0 8327 112 112 5819 5810
112 6 23406 157 112 1 1
6559 1 18773 3 2 4 3
13687 1 7279 3 3 4 2
37981 0 904 44 44 1338 1326
15563 1 17861 8 5 10 7
24736 1 14901 3 2 2 2
7506 1 27215 17 9 2 2
28486 1 28485 2 2 2 2
22848 1 33665 4 3 4 3
15952 0 3163 10 10 568 529
9298 0 3163 1 1 39 1
28717 0 3163 64 64 764 724
17876 3 17875 2 2 2 2
22196 1 22195 2 2 2 2
13637 1 27685 7 4 2 2
10125 4 13911 2075 2073 5 5
4146 0 37135 221 221 275 274
31487 4 8818 10997 10997 16556 16556
36976 0 4550 228 228 4228 4130
24513 0 4550 1 1 96 2
27936 0 4550 3 3 2254 2157
12322 0 4550 4 4 217 121
40857 0 2021 6172 6172 40466 40413
27575 0 6658 32617 32617 34171 34159
19537 9 28961 2 2 3 3
1070 0 17546 3980 3980 33353 33349
9755 1 9754 2 2 5 2
769 1 9754 2 2 4 2
40381 0 34906 31570 31570 25773 25773
15427 0 134 1959 1959 24696 24682
134 1 2633 25 22 3 3
1511 0 15914 4456 4456 1033 1030
5005 1 28613 10 3 2 2
18503 1 5005 4 3 23 16
40140 0 27752 2 1 10 7
16225 4 4698 107 104 14 14
40858 0 15284 7250 7250 40821 40815
628 1 627 3 2 3 2
16800 4 32120 44 44 110 110
25305 0 2099 2 2 30 3
13821 1 13530 3 2 3 2
16002 1 36632 10 7 3 2
40859 0 37052 11226 11226 40849 40848
6188 4 24112 87 69 3 3
6188 4 24347 30 14 1 1
15067 0 18496 16658 16658 39745 39745
29361 1 18956 2 2 4 3
10119 1 25492 15 10 5 3
28682 1 6956 4 4 3 3
22077 5 6956 1 1 776 757
720 9 26603 3 2 4 3
18029 0 8812 4 4 129 128
36166 1 16798 2 2 4 4
30646 4 33263 15424 15424 8810 8810
10063 0 8348 32622 32622 34837 34830
28320 1 27155 3 2 3 2
27155 1 29136 3 2 3 2
737 0 704 4386 4386 13679 13678
16207 1 16206 2 2 3 3
37148 0 23650 7649 7649 19954 19954
33954 1 14292 3 3 4 3
29886 1 28685 4 3 5 3
9855 6 33387 74 50 7 3
3785 0 28084 39295 39295 16238 16238
20088 5 3785 33 33 5975 5959
32514 5 3785 215 215 28221 28203
6922 1 6921 7 3 10 4
6921 1 7885 12 6 18 13
7656 1 11492 3 2 3 2
16454 1 15118 9 4 8 5
27917 0 8192 1 1 6 3
27917 1 5927 7 6 34 29
5927 1 27917 20 15 4 3
4197 0 8050 291 291 33 30
4197 1 37513 12 8 2 2
25431 1 5635 4 4 16 12
15018 1 18772 4 2 2 2
9762 6 8948 5614 5610 1512 1512
30927 6 25532 1093 1093 2789 2789
19315 1 39214 3 2 2 2
39214 0 32965 107 107 145 145
18563 0 4302 73 73 3606 3604
21993 1 19504 19 14 2 2
9794 0 26796 86 85 21 21
40860 0 1945 1014 1014 40716 40692
13748 1 11108 8 6 3 2
4384 1 24793 4 3 3 2
10633 4 19550 2307 2307 8393 8393
27322 1 37139 2 2 3 3
40383 0 38168 15013 15013 23053 23053
7362 4 32362 14 1 1 1
22231 1 8513 3 3 10 9
40692 0 8924 20952 20952 40765 40756
1685 1 12089 7 4 25 25
450 4 4488 163 145 9 9
39094 5 3918 711 711 39093 39075
40914 5 3918 271 271 40692 40673
2315 0 3918 802 802 33082 33074
40869 0 3918 2721 2721 40592 40583
39375 4 35988 78 78 9 9
33362 0 724 757 757 17843 17826
4388 4 38068 28 17 1 1
24592 0 13837 12201 12201 31292 31288
4109 6 1349 180 176 17 16
20971 4 929 37077 37077 20531 20530
23939 0 929 3 3 2894 2883
2108 1 23830 6 3 3 2
137 1 39790 2 2 3 3
14471 4 26704 151 147 20 20
38379 0 2037 4416 4416 27739 27736
3297 1 2037 4 2 2 2
19597 1 29925 4 2 3 3
9472 3 9553 3403 3403 3038 3036
24002 1 31718 2 2 3 2
13378 4 37002 55 47 1 1
18672 8 18729 112 112 123 120
23066 0 10976 31758 31758 37844 37844
37193 0 36623 22521 22521 24321 24321
35461 0 15432 12288 12288 30305 30303
6086 1 37968 240 240 572 572
39988 0 6132 15983 15983 38882 38876
27635 0 6879 6737 6737 33580 33580
12792 1 18251 7 7 3 2
25299 0 17090 5449 5449 20366 20364
22804 0 9256 19 19 174 171
22046 1 449 2 2 4 2
26701 5 39164 19533 19533 4175 4175
33010 4 37752 208 207 23 23
17564 4 28570 6571 6571 9313 9313
14394 1 27202 2 2 6 5
40861 0 35307 39398 39398 35605 35605
36533 1 31832 2 2 4 3
1421 1 13698 7 5 2 2
1421 1 1420 20 17 3 3
15918 1 8898 3 2 3 3
39681 2 3869 4 4 1173 1141
13147 2 3869 20 20 552 521
29520 1 38175 2 2 3 3
7705 4 29204 1344 1338 64 64
31945 1 533 2 2 3 2
20267 1 11332 3 2 3 2
40862 0 6138 11348 11348 40781 40766
12405 1 2536 3 3 14 9
22145 0 267 17901 17901 30390 30366
12466 4 38408 82 62 2 2
12466 4 38825 174 153 1 1
16552 1 10073 3 2 4 4
31672 0 16442 8990 8990 827 827
34829 0 34921 104 104 1988 1986
6539 1 27537 10 5 2 2
24829 0 20017 164 164 3228 3223
28048 0 20017 1764 1764 39609 39603
40863 0 22831 8491 8491 40757 40752
9658 0 22831 2791 2790 8936 8932
17365 6 1148 12041 12041 33430 33430
11735 1 13906 3 2 6 6
10734 0 10886 3 3 46 32
1494 0 15383 22193 22193 27892 27891
31725 6 3983 86 86 1008 1007
3023 1 19162 3 3 5 3
28499 0 2833 2984 2984 14632 14617
4250 3 26422 12 11 5 3
14121 1 5862 229 227 680 675
1002 0 15449 2044 2044 3274 3269
14237 9 14236 5 5 67 67
40286 1 14159 2 2 3 2
1432 4 24308 41 26 3 3
29759 0 21793 4 4 10 9
40 0 9353 1220 1220 5963 5955
36532 1 36531 2 2 2 2
4832 1 7867 9 5 2 2
27716 6 14968 1980 1980 227 227
304 0 25231 19006 19006 15992 15991
8542 1 19421 6 2 2 2
30629 1 15712 2 2 4 3
20027 2 9746 3 3 222 211
26019 0 4682 2 2 13 9
15092 4 32205 34915 34911 10462 10462
13106 4 30126 196 185 27 27
7451 0 9653 9772 9772 4210 4210
14198 1 7551 3 3 10 2
19206 1 11656 8 5 7 3
938 1 29478 5 3 2 2
19923 0 13346 6 6 12727 12718
40895 0 13346 5701 5701 40559 40549
8767 0 2776 220 220 2520 2496
17206 0 4193 3813 3813 12163 12161
9026 1 21448 4 4 9 5
10884 1 23870 4 3 4 2
10884 0 12402 5340 5340 16332 16331
33656 0 17442 831 831 21569 21565
29844 1 36062 3 2 2 2
39433 6 40246 2 1 1 1
13370 4 32777 612 611 4189 4189
40865 0 34557 3706 3706 29710 29709
12307 1 5388 3 3 9 6
8628 3 1186 194 193 61 61
4299 0 1562 408 408 5454 5447
18208 6 35649 11366 11366 26894 26894
12758 0 980 10642 10642 24675 24674
26577 4 38800 35 35 10 10
40866 0 8678 20787 20787 40421 40418
32294 0 1897 61 61 20652 20579
6937 1 1897 20 17 144 137
9481 9 158 3 2 6 3
13100 9 9481 3 2 6 5
15588 1 15587 7 3 3 2
13773 0 27141 9 9 793 790
25916 0 16303 3 3 11 2
36297 0 16303 274 274 14877 14867
20354 1 18989 2 2 4 4
973 1 13336 806 804 1205 1199
5185 0 13336 1120 1120 22290 22286
9012 5 7786 1 1 83 64
33237 1 410 5 5 2 2
14633 6 31433 12267 12266 6611 6611
14633 6 8142 1292 1292 1963 1963
40867 0 339 5878 5878 40760 40757
3453 1 18417 14 8 4 4
8951 1 28285 4 2 5 4
1460 1 8951 3 3 5 3
8222 1 6150 6 2 4 3
8054 3 25795 6941 6939 1489 1489
6845 1 2779 3 2 2 2
19202 0 12252 2356 2356 8364 8357
20124 1 18592 3 3 9 6
20124 0 14100 165 165 7928 7924
30846 0 2941 2 2 614 613
39027 0 9415 1136 1136 36759 36747
23350 1 17390 2 2 3 2
8558 1 7530 5 4 4 2
40868 0 5700 10072 10072 31701 31701
32469 0 324 135 135 28429 28409
8545 0 324 58 58 3691 3673
25032 1 25031 3 2 2 2
38057 9 30720 2 2 2 2
2030 0 1832 21 21 108 98
1637 0 5616 744 744 6651 6642
9928 0 5616 4 4 22 14
1702 4 29665 245 241 19 19
36951 4 24229 161 159 13 13
6008 1 1041 2 2 3 2
14647 0 13213 2257 2256 13 13
699 1 22618 2 2 2 2
35907 4 37894 97 97 112 112
13383 1 2789 7 3 7 6
2713 6 7645 188 147 5 4
11577 1 7731 6 5 4 2
40870 0 1335 15369 15369 33000 32999
24483 1 12798 3 2 12 10
17309 0 30810 2128 2126 831 829
10156 1 963 6 3 4 2
2452 1 3976 6 3 7 3
2452 1 7086 7 3 10 3
40905 0 3387 15207 15207 40894 40880
7217 1 3387 4 3 3 3
8525 4 37769 5528 5526 129 129
35828 0 1364 209 209 36922 36892
26559 6 35828 40870 40870 15741 15741
16493 1 19237 3 2 81 75
2933 1 7202 5 2 9 4
6048 9 22594 6 5 2 2
29003 1 35415 30 27 2 2
20788 1 10332 48 45 11 10
5707 1 5706 2 2 5 3
29609 1 29608 2 2 2 2
22190 1 35891 7 4 5 4
22190 1 11262 4 2 8 5
9192 1 19649 7 2 3 2
26202 0 7136 6 6 318 317
36138 0 7877 4 1 18 15
23317 0 6977 1820 1820 12553 12518
40920 0 6977 3720 3720 40741 40705
36948 1 27706 11458 11458 21865 21864
34777 1 14753 2 2 7 6
1620 4 23845 27 12 2 2
12071 1 18026 8 4 2 2
8848 5 14818 1 1 21 7
11500 6 11034 192 185 16 14
16013 1 5367 6 3 5 3
10574 6 36868 25 21 10 9
18072 0 1880 911 911 5475 5460
7031 1 26802 6 3 3 2
32487 1 10667 6 4 5 3
28680 1 10686 2 2 3 2
9031 4 20091 138 121 4 4
37696 0 13023 3024 3024 19682 19674
5434 1 5433 7 4 5 4
24552 2 8531 676 675 17089 17086
35789 5 3276 40 40 16625 16594
31511 5 3276 28 28 28928 28896
39401 0 24275 96 95 5206 5194
27408 0 4448 6 5 15 7
13163 1 17198 6 4 4 3
8664 1 2489 3 2 41 36
2489 1 15398 9 4 2 2
25485 2 3943 1 1 43 11
38545 2 3943 1 1 31 1
36055 6 19589 5087 5087 34033 34033
19768 0 5156 47 47 17163 17131
26405 0 5156 2 2 171 140
17022 6 35666 609 607 17 17
17022 6 3619 841 838 20 20
4621 1 88 8 7 176 174
40873 0 28355 33654 33654 40800 40798
2460 9 9748 2 2 2 2
36214 0 573 4 4 588 549
40874 0 22716 33703 33703 36250 36250
25322 4 40518 651 651 303 303
2760 0 11134 450 450 4731 4725
4446 9 1807 9 6 2 2
11636 0 4446 389 389 18019 18018
36303 1 2876 4 4 4 4
37244 1 21630 2 2 4 2
38942 1 2626 337 337 17731 17728
31471 0 2626 3 3 705 704
3018 0 27173 943 943 63 63
26985 0 7600 8 8 229 223
37635 0 7600 1 1 38 33
8617 6 7587 1325 1314 157 157
24972 0 1142 1101 1101 6263 6261
680 7 38698 29961 29900 5 5
680 7 40901 40738 40675 16 16
6028 0 29623 21142 21142 33314 33314
29623 0 33835 2118 2118 22040 22037
36506 4 25083 271 271 42 42
7152 1 4236 3 2 5 3
22504 0 7152 1765 1765 27864 27859
40876 0 1295 8265 8265 39634 39628
21646 1 1295 3 2 7 3
22690 0 9531 3 3 76 72
34554 0 9531 245 245 1740 1735
701 1 25692 4 4 9 6
14347 1 5567 11 8 5 3
22500 1 15849 5 4 3 2
24584 6 29929 2 2 79 79
18192 4 1499 5 5 1 1
17820 1 654 14 11 8 4
23192 1 654 4 4 9 4
34164 0 21362 9071 9071 36186 36181
23961 0 6776 86 86 12218 12209
14951 5 6776 193 193 36998 36993
2111 1 35677 5 3 2 2
32320 1 16031 23336 23336 31501 31501
31261 4 13766 816 816 310 310
38116 9 9 3 3 16 15
40068 0 28942 27224 27224 24949 24949
21724 1 8592 10 6 7 5
4229 1 37036 29048 29044 9825 9825
29447 0 15913 3512 3512 15350 15345
16697 4 31051 51 47 3 3
5443 6 33646 23 5 3 2
13087 1 36310 6 5 3 2
22927 4 27025 5897 5897 809 809
24129 1 15215 6 5 5 4
24953 0 13135 777 777 26601 26592
22068 0 29955 40727 40727 16019 16019
6111 0 23960 1162 1162 1140 1138
6111 1 11198 6 2 2 2
2003 0 4127 829 829 15958 15954
40878 0 34399 5857 5857 39933 39929
26349 1 19291 12 11 3 2
15641 1 5982 6 2 4 2
21253 0 5982 6853 6853 39178 39178
3948 3 25669 4493 4489 152 152
40879 0 39495 39848 39848 34616 34616
10738 0 8594 4307 4307 39592 39586
40612 0 8594 7270 7270 40414 40407
12395 0 4161 3 3 886 858
40942 0 4161 1873 1873 40501 40471
26530 0 25605 4174 4174 1441 1440
25576 0 19971 5177 5177 37760 37754
3574 6 39280 361 357 31 31
35051 1 36988 2 2 2 2
19269 6 3870 3715 3714 174 174
26457 1 21879 2 2 3 2
16049 4 31756 622 620 113 113
26279 5 6146 26 26 24267 24255
31974 5 6146 56 56 17971 17960
22137 5 3531 20 20 3119 3097
15837 1 15836 2 2 2 2
3895 0 3721 138 138 1624 1589
23820 6 25420 17 12 5 4
23820 6 11103 12 8 4 3
28203 4 29473 308 305 74 74
2999 1 36067 5 2 3 3
11766 5 10754 1 1 717 698
40880 0 10330 6606 6606 40836 40831
29695 1 25945 2 2 2 2
15242 6 5534 14 12 25 23
16017 3 30757 8075 8073 5257 5256
9486 3 6190 328 324 32 32
10504 6 36780 2644 2637 222 222
31226 0 17728 716 716 13223 13214
8734 1 1538 4 3 2 2
29667 0 249 39 39 16410 16364
7681 0 249 2 2 886 842
1196 5 12328 193 193 38879 38862
29190 5 2139 37 37 16886 16860
9335 5 2139 12 12 10515 10490
13338 1 18054 21 19 70 70
19110 4 40436 240 240 216 216
1935 0 7945 651 651 13511 13489
1104 0 7945 12 11 2229 2208
32001 2 3539 1008 1008 19191 19190
7118 0 3978 145 145 1002 981
27765 0 206 24 24 5354 5324
16624 9 15794 2 2 2 2
1966 4 24890 17350 17348 760 760
31338 0 8266 3 3 246 242
40221 5 73 1 1 709 654
3410 4 40221 2475 2474 87 87
29650 5 73 67 67 27799 27741
4984 0 73 1 1 32 21
7890 1 8556 7 3 4 2
32343 0 7890 2418 2418 26532 26515
4686 0 9935 535 535 8303 8287
1690 1 5111 17 4 3 2
23282 0 1690 8 7 70 60
10335 1 2363 3 3 13 6
19856 1 15917 3 2 3 2
15168 1 35514 2 2 2 2
40881 0 9334 1656 1656 40424 40419
28253 1 28252 3 3 4 3
11736 1 678 4 2 4 2
12371 1 20336 9 5 4 3
26039 1 31200 19689 19689 9678 9678
39168 1 23614 2 2 4 4
20692 1 21524 3 2 2 2
24359 1 36592 2 2 4 3
6740 1 6335 4 2 3 2
38194 0 6335 28844 28844 30412 30412
5315 0 18408 41 41 73 73
11605 4 40002 81 81 45 45
12921 1 24570 312 302 9 7
21374 1 12921 8 7 27 17
5134 2 4633 1 1 11 1
35877 0 85 9 9 1237 1000
23185 0 85 28 28 9161 8916
40756 0 85 3375 3375 40292 40044
26136 1 26135 2 2 2 2
37633 0 20754 2456 2456 29048 29047
40883 0 1222 930 930 40484 40470
40904 0 1222 129 129 39033 39020
19190 1 22874 4 3 6 3
14563 2 35454 40943 40941 2477 2477
12530 1 5329 2 2 3 2
37793 0 425 3053 3053 39904 39884
7112 1 21005 2 2 93 89
13785 6 30026 16354 16353 33619 33619
30892 1 27200 2 2 2 2
22309 1 11345 63 62 440 433
652 1 11489 9 4 4 3
21523 0 5914 4294 4294 28718 28714
19459 1 8641 2 2 14 10
103 0 9917 641 641 1294 1293
34367 1 30925 2 2 3 2
39210 0 36049 17291 17291 39893 39892
27244 6 22681 4445 4444 116 116
12608 4 21734 34 31 5 5
31281 1 6359 3 3 14 9
40153 0 6359 8703 8703 40052 40044
28257 1 28256 4 3 10 9
3741 6 11977 3 1 4 1
8455 0 14334 2234 2234 7834 7833
11170 1 606 27 21 7 5
9097 4 33963 393 392 110 110
15436 1 15435 4 3 3 3
9201 1 9200 5 3 3 3
6058 0 5378 152 152 14088 14074
5378 1 9054 47 44 24 19
24455 0 7235 24 24 7301 7296
40886 0 36491 26388 26388 36977 36976
27948 0 29072 3826 3826 37829 37825
2574 1 10949 14 10 8 4
15184 1 36822 2 2 3 2
17033 1 208 2 2 3 2
5633 0 4663 2573 2573 25767 25751
23779 0 17423 7344 7344 31222 31218
31140 0 1615 770 770 9040 9035
25999 1 31140 2 2 5 4
29071 0 25203 2663 2663 7863 7860
4929 4 37085 272 266 63 63
11962 4 5667 50 46 4 4
14732 6 18907 30344 30343 232 232
4582 0 23340 1481 1481 8767 8763
2940 0 23340 587 587 930 927
6093 10 24981 59 58 13 13
14001 0 36202 402 402 683 683
37407 0 19919 496 496 38111 38108
28934 0 6210 2994 2993 2218 2215
13298 1 26814 9 7 6 5
12356 1 20726 3 2 2 2
11679 7 15652 152 146 7 6
18992 0 780 1821 1821 29382 29374
12696 0 1750 4791 4791 20081 20079
22477 1 2282 8 3 2 2
17701 4 36065 1097 1097 505 505
20641 0 36866 13347 13347 38384 38383
31601 0 1352 246 246 17856 17850
36144 0 28533 7814 7814 6621 6621
22400 2 2183 7 7 489 458
39117 2 5348 4 3 32 30
12905 1 5832 5 3 4 3
16355 1 22399 2194 2189 1354 1354
8334 2 35737 54 54 5319 5318
13347 0 26570 625 625 462 460
40889 0 34949 39425 39425 40764 40763
12551 0 7485 5960 5960 10752 10751
3154 1 27514 4 2 2 2
35950 0 20760 475 475 11534 11529
20760 0 25127 3131 3131 31814 31813
23933 1 23098 13 12 159 156
12685 6 19180 35275 35269 432 432
12358 2 4168 2 2 135 126
7700 2 4168 3 3 188 178
35674 0 16517 20324 20324 28838 28837
6813 1 5175 4 2 2 2
7375 1 7374 6 4 3 2
40890 2 23906 4093 4093 40702 40702
21948 4 38918 2697 2697 3006 3006
17500 9 17499 3 3 5 5
6759 1 21078 6 3 3 2
11196 0 24534 7823 7823 6684 6681
16734 7 13678 8130 8126 14 14
865 1 17946 50 41 7 7
1821 6 39122 6733 6719 47 47
11630 1 31896 9 6 2 2
7284 1 17756 4 3 2 2
26770 5 6829 1 1 43 37
37565 1 22789 5 3 3 2
11926 1 11925 6 2 4 3
27446 1 22702 6 4 6 4
13999 0 37238 1887 1887 4844 4843
2050 6 30438 3123 3123 8619 8619
21493 0 24309 8952 8952 37861 37861
40891 0 13449 20317 20317 40574 40573
15390 1 38904 37202 37201 9948 9948
33146 1 2101 3 2 17 9
17987 3 17986 929 927 34 33
29746 3 17987 16 16 1871 1869
2692 0 10487 552 552 685 682
32902 1 29338 2 2 6 6
14511 6 11512 20026 20019 344 344
6117 1 683 2 2 9 3
25817 0 40019 30437 30437 26708 26708
39730 4 31900 12180 12180 31313 31313
14912 3 19439 272 269 3 3
34332 4 1842 159 155 22 22
29957 5 8285 76 76 14757 14753
8398 4 40398 8274 8274 544 544
13141 4 36356 64 52 3 3
24146 1 36079 3 2 2 2
12197 1 24146 9 6 3 2
8973 0 15567 4991 4991 23502 23501
2840 1 18631 5 4 3 3
4993 1 4648 4 3 27 18
15543 4 26788 1730 1730 7415 7415
9926 1 1976 4 2 5 3
40893 0 10088 4801 4801 40283 40278
18632 0 15264 609 608 3873 3870
25930 4 9684 1651 1646 1721 1721
39714 5 5407 5 5 7796 7771
31612 1 9688 2 2 3 2
1782 1 1781 4 3 19 15
34009 6 39128 776 773 689 688
25597 0 4132 5424 5424 40154 40144
16378 0 2054 5 5 120 103
12541 0 2054 1 1 25 9
2054 1 17904 20520 20520 28077 28076
18557 9 18725 2 2 2 2
40453 1 28165 3 3 66 64
7231 0 16733 39698 39698 26820 26820
17867 1 14085 3 2 5 4
36201 4 39259 18940 18939 859 859
17202 0 12720 2348 2348 6489 6479
28053 0 4049 41 41 27420 27406
25593 0 4049 241 241 36769 36754
4049 1 28361 4 4 5 3
22873 1 37187 13 6 2 2
37187 0 3391 7450 7450 27084 27080
30984 1 6485 5 3 7 5
12052 1 6794 3 2 5 2
6371 6 13857 6620 6616 884 883
1675 3 3261 14 10 4 3
32329 0 39076 30875 30875 9412 9412
1788 0 22163 103 103 1496 1492
8791 1 15310 4 3 47 40
13863 1 15310 12 4 7 2
3838 1 15310 4 2 32 26
36716 0 15310 457 457 11845 11845
23303 1 6584 3 2 318 312
9014 0 13840 149 149 9965 9961
9501 1 16279 4 3 3 2
9412 1 35482 6 2 2 2
26517 1 352 18 16 32 24
30651 1 30650 3 2 6 6
13606 0 5759 2 2 38 23
24242 4 40495 1060 1060 3992 3992
3024 1 8489 5 4 14 8
4914 4 5471 134 129 5 5
16649 0 11808 353 353 3399 3394
16580 1 16649 3 2 4 2
8882 1 30608 8 6 2 2
24380 6 4034 1045 1045 3434 3432
20967 1 38940 13671 13668 374 374
38940 1 20967 775 775 18538 18535
12345 4 32572 907 906 103 103
17336 1 6811 2 2 4 2
4393 0 21188 612 612 25805 25803
16082 0 19592 15324 15324 39410 39409
13599 4 38034 176 176 62 62
2399 3 852 472 470 482 482
26551 1 17969 5 3 14 12
19862 1 25685 8 4 3 3
33100 0 23835 144 144 3203 3197
38732 1 16818 2 2 4 2
30257 4 39983 290 290 38 38
2097 1 9439 32 28 42 38
8891 1 8890 2 2 6 3
10946 1 16189 8 5 4 3
23311 5 666 1 1 485 457
7605 1 16736 3 2 3 2
40896 0 23801 7384 7384 38135 38133
3152 1 34834 4 2 2 2
8027 0 17129 32915 32915 39408 39407
18036 1 23414 4 3 3 2
10896 1 5187 2 2 2 2
29378 0 14065 13 13 3632 3630
11268 1 18820 659 658 7493 7490
10603 3 7644 36 35 205 204
28163 6 33290 277 277 318 318
26372 1 2839 4 2 5 3
13731 1 3340 4 2 7 4
30635 1 27499 3 2 4 2
19561 2 12788 27 25 19 17
6316 1 14884 24 22 6 5
14884 1 6316 6 5 11 9
40071 0 542 3 3 302 289
24433 1 24432 3 2 2 2
8518 8 19686 32 27 5 5
36028 1 13581 3 3 4 2
23015 1 39472 3 2 2 2
29941 0 8121 866 866 1794 1789
11007 0 39628 7853 7853 5220 5219
38483 1 35975 2 2 2 2
27069 0 17594 78 78 14521 14520
31414 0 21528 846 846 1081 1078
10966 0 6448 2715 2715 23677 23673
7275 0 36151 8688 8688 30839 30838
10347 0 12311 420 420 3165 3154
40897 0 15992 7718 7718 40838 40833
29348 1 9181 2 2 11 6
181 4 20452 289 284 8 8
30056 0 13450 1091 1090 3631 3625
13510 0 34706 816 816 23113 23111
9041 1 8986 10 6 8 3
33052 1 6521 4 3 12 8
26934 4 36843 225 225 251 251
2778 1 2777 7 4 4 4
28399 9 24687 4 4 4 4
28399 0 7125 63 63 28 26
163 1 9522 9 5 4 3
38964 6 15538 6 4 3 1
36295 6 20656 39409 39409 37372 37372
7947 1 3044 6 3 11 4
24577 0 6103 5245 5245 22928 22925
39447 2 955 3 2 139 127
27080 0 35724 4976 4976 28468 28468
18317 0 16471 2850 2850 36343 36340
40899 0 1371 1624 1624 40650 40627
35847 0 1371 2 2 4656 4634
32447 6 14556 652 650 5 4
5046 5 5363 695 695 37265 37250
31855 0 1378 4 4 3367 3305
19994 0 1378 69 69 346 287
25740 0 1378 583 583 1178 1118
40676 0 1378 1998 1998 40433 40370
20832 0 2453 2352 2352 25732 25678
38637 0 35536 96 96 4410 4410
29542 6 38922 190 190 90 90
17578 1 8885 6 5 6 4
40900 0 3668 13299 13299 40898 40890
38879 4 40465 64 64 153 153
23645 1 3271 7 6 11 10
10717 1 23392 3 2 7 5
7129 6 37636 934 914 2 2
7129 6 39342 24 5 8 5
22752 1 11603 5 3 4 2
13171 0 2104 150 150 10441 10425
3840 4 25993 84 83 2 2
6976 1 6542 2 2 2 2
6504 0 17314 85 85 134 127
1218 1 18913 7 3 2 2
23637 1 22005 2 2 2 2
12259 4 40042 1396 1396 1548 1548
29053 0 31232 82 82 5039 5035
14841 1 11642 4 2 4 2
12434 1 11406 3 2 6 3
4571 1 19807 3 2 2 2
12516 1 16943 2 2 6 4
9471 1 28564 18 14 2 2
40902 0 30686 10348 10348 38834 38833
215 1 13069 27 22 4 3
28342 4 21955 823 823 302 302
4050 1 5908 4 3 2 2
10960 0 16571 8790 8790 22920 22919
3343 1 1512 6 2 3 2
15421 1 7039 22 17 7 6
40903 0 23890 18183 18183 40300 40299
18173 1 23932 3 2 6 4
26645 1 11702 2 2 3 2
15117 1 11702 2 2 2 2
7241 1 9423 4 2 2 2
15866 1 20662 3 2 9 6
308 1 23762 7 3 2 2
1602 1 20590 5 2 3 2
7541 1 7540 8 7 15 14
4015 0 32323 36919 36919 11576 11576
36003 2 3957 3 2 11 7
11479 0 4865 1225 1225 21835 21829
1202 0 14475 2308 2308 12659 12656
14612 1 19739 4 2 4 2
7024 0 6752 792 792 13043 13028
32853 0 5203 187 187 18260 18258
37253 0 40396 12928 12928 11404 11403
34648 0 16831 7780 7780 18263 18262
1613 1 3914 5 3 6 3
10826 0 26562 255 255 6389 6384
23101 1 12527 3 2 4 2
27830 0 8061 9440 9439 19853 19851
20864 1 6464 2 2 4 2
5262 6 29332 8627 8624 14911 14911
35821 0 16863 26110 26110 39902 39896
13407 1 4967 4 3 5 3
9713 1 18011 3 2 2 2
31393 4 27927 2114 2114 8838 8838
12347 1 13214 9 6 2 2
22063 1 36525 2 2 2 2
37425 0 4766 9533 9533 23721 23721
27152 4 38832 309 308 19 19
31830 5 24055 1027 1027 2925 2925
15799 6 17609 12 1 1 1
38974 0 621 1278 1278 17020 17019
17241 0 17150 7 7 5 4
2858 4 33960 131 100 1 1
26230 0 10765 14 14 2485 2478
19752 1 19897 7 3 7 5
38731 0 10922 26 26 2948 2945
30909 6 31031 14370 14370 36584 36584
40907 0 25161 31817 31817 40185 40183
36978 0 692 4 4 3432 3409
29708 0 692 2 2 4173 4149
20476 1 6724 2602 2601 6754 6752
40908 0 7921 13276 13276 40050 40050
2443 9 5163 6 5 2 2
12141 1 2443 2 2 6 3
7159 4 32394 297 295 12 12
9995 0 1520 15 15 3919 3909
3657 1 11758 5843 5843 27606 27602
687 6 27283 39634 39613 7072 7072
8662 0 716 8 8 2004 1966
7974 1 3145 7 4 19 17
24517 1 9302 2 2 6 4
7449 0 7095 17836 17835 10278 10278
31989 4 40175 70 70 7 7
40909 0 3338 13216 13216 40207 40199
19172 0 15730 961 960 221 220
15433 6 23550 29486 29483 30 30
15869 1 9418 5 3 5 3
27694 3 13419 4 4 33 32
21543 0 14367 5702 5702 22363 22357
5015 4 5256 46 39 13 13
16016 1 10865 6 5 3 3
2379 0 14652 6750 6750 19063 19063
40910 0 10662 7331 7331 40665 40657
13388 1 17572 4 3 3 2
38526 0 17405 481 481 15507 15499
9889 0 38560 15486 15486 38753 38752
11600 0 13047 2 2 149 141
40912 0 9931 14591 14591 40507 40507
36575 0 34172 11444 11444 8532 8529
19960 6 20910 38296 38295 23069 23069
10868 1 6529 4 2 8 5
25398 1 30292 2 2 5 3
13664 1 23487 6 4 5 4
40913 2 1214 14 14 40380 40361
13094 2 1214 3 1 19 1
16437 0 26208 5618 5618 6978 6977
22757 1 22756 3 2 2 2
40260 0 26108 2 2 29 27
32735 0 5654 11 11 387 384
3447 1 9780 8 3 3 2
14404 1 3447 4 3 9 4
7985 1 4209 6 6 16 13
40915 0 10407 31894 31894 40889 40889
6851 1 6468 6 5 7 3
15604 3 4192 22 22 58 58
9074 0 2243 5 5 190 189
16945 1 27937 2 2 2 2
37937 2 17319 2 1 6 3
17444 1 7040 2 2 3 2
24542 0 21434 9670 9670 20304 20303
19654 0 38248 23026 23026 3890 3890
40916 0 25194 15582 15582 40810 40809
3512 1 1507 6 3 3 3
35515 4 5683 1100 1100 1527 1527
26598 1 13630 2 2 10 10
3815 1 39428 16 14 3 3
4037 0 16708 3 3 1032 1028
29698 0 8868 213 212 553 552
15051 1 14230 3 3 22 18
1006 3 17460 66 65 823 819
20944 1 2415 6 4 14 10
9847 3 11802 9775 9768 3032 3032
19964 4 40677 40455 40452 10493 10493
23100 1 23574 3 2 4 3
21645 1 16026 7 5 5 3
3046 0 140 16634 16634 36062 36056
1732 6 23260 21 9 1 1
29279 4 22476 3877 3877 2981 2981
21641 0 8412 3395 3395 1176 1175
40283 0 13935 9 9 23 20
20075 1 5623 4 2 2 2
32173 0 25942 20 20 838 835
17114 1 9438 2 2 3 2
33419 4 28271 214 212 18 18
40917 0 5681 21605 21605 40228 40227
15907 1 15906 4 3 6 3
15906 1 26088 7 4 4 3
14098 4 39569 331 329 160 160
4725 1 3135 3 2 4 3
24645 1 21259 3 2 4 3
22111 1 25386 2 2 2 2
11499 1 5619 3 2 5 2
3068 1 3431 9 5 5 4
7765 1 7764 6 4 28 27
11813 1 30361 10 3 2 2
13330 1 4080 3 2 5 4
40919 0 27595 13859 13859 40818 40817
26579 0 27595 3825 3824 37236 37236
20569 1 7364 5 4 16 10
27835 1 30774 2 2 2 2
2212 6 39573 38979 38979 5800 5800
29644 1 22647 2 2 7 6
28102 1 13943 2 2 4 3
39806 0 4094 14010 14010 20233 20233
11333 0 1873 158 158 18984 18975
7708 1 7707 3 2 4 3
20826 6 37122 6707 6706 15543 15543
35116 1 2058 2 2 6 2
4697 1 3858 3 2 4 2
11455 4 7090 132 128 4 4
40921 0 10175 2181 2181 40675 40669
38431 1 28014 2 2 21 21
12033 1 19844 3 2 4 2
5245 0 33893 8936 8936 24042 24042
34222 0 38513 3273 3273 19025 19024
8695 1 8694 5 5 6 3
3104 1 3103 2 2 3 2
15438 1 11384 3 3 4 2
31721 1 24228 4 3 2 2
2370 4 3245 59 40 7 7
8754 1 6098 49 46 7 6
8754 1 4244 5 3 4 2
18988 0 27345 35 35 958 957
40923 0 13663 13969 13969 40895 40874
11049 0 722 159 159 28448 28440
38784 0 6570 152 152 19994 19979
16141 4 16183 693 691 27 27
496 1 32512 5 3 3 3
37743 1 14493 3 3 8 5
5090 1 38941 3 2 2 2
34217 1 30032 3 2 3 2
16865 1 8774 3 3 4 3
26008 1 24248 2493 2491 74 74
37763 1 3707 2 2 2 2
22457 6 34682 38029 38029 38478 38478
33138 1 11811 2 2 2 2
25767 4 33687 1721 1721 467 467
13958 4 28025 34 26 2 2
656 1 37010 4 2 2 2
10583 1 2117 10 6 11 4
20736 1 17537 23794 23794 36841 36840
10184 0 28333 148 148 193 189
38142 0 26564 23232 23232 17672 17672
3096 4 25112 162 154 1 1
15613 0 15381 166 166 5560 5556
22584 1 12684 3 3 4 2
10350 1 13671 4 2 3 3
7514 1 25165 4 2 5 4
25852 1 20593 2 2 3 2
14893 0 27550 4506 4506 34642 34642
22787 1 22786 2 2 3 2
5300 0 27067 4421 4420 14044 14044
622 0 8078 63 63 3146 3135
24444 8 33475 9 9 2458 2458
35002 0 19318 6614 6614 29188 29186
5466 0 115 4498 4498 21739 21723
19843 0 2682 3 3 64 63
22395 0 5140 107 107 3744 3740
20504 0 11647 50 50 14019 14010
11184 4 27448 34621 34612 396 396
33563 0 18375 14478 14478 400 400
19846 1 18645 22900 22898 8822 8821
23722 0 20561 5044 5044 26106 26106
36869 1 18872 3 3 8 3
1358 1 1357 4 2 2 2
13443 1 1717 4 2 6 4
9968 1 13305 3 2 6 2
6222 1 29825 149 148 4 3
19156 0 89 1061 1061 34225 34207
28882 9 3696 2 2 2 2
40924 0 22072 1030 1030 39361 39357
30066 1 7387 10 10 84 82
15533 0 7387 881 881 24558 24552
6506 6 39335 945 938 54 54
29368 0 40057 40777 40777 36284 36284
27225 6 33459 104 97 10 10
34773 0 34386 1215 1215 37591 37589
40449 0 1803 2361 2361 19016 19008
21774 6 9252 10411 10411 11655 11655
18483 1 17730 3 2 5 3
18247 1 33545 2 2 2 2
38623 0 5839 1384 1384 20978 20973
4359 1 29197 3 2 8 4
29197 1 13612 10 6 11 8
27198 1 6242 3 3 11 6
27447 1 4053 4 4 67 67
13806 1 28087 26 26 3 2
40925 0 19888 16474 16474 40786 40786
9983 4 21913 335 333 35 35
20348 0 11447 254 254 142 142
38036 0 1666 1085 1085 21795 21784
32679 0 34089 29640 29640 26914 26914
35965 4 17251 6386 6386 2620 2620
18481 6 27900 26820 26820 4887 4887
37628 1 32564 9 9 3 2
4466 1 21189 5 4 9 6
640 1 7220 3 2 3 2
24070 0 18975 18189 18189 34258 34256
2758 1 22165 2 2 3 2
4556 1 9927 5 3 9 5
40353 0 10745 11233 11233 36836 36831
19632 1 35311 2 2 2 2
39784 1 31199 2 2 2 2
4594 0 5891 405 405 18873 18869
4491 0 19288 3220 3220 24579 24577
30729 4 33668 248 248 271 271
34985 0 3925 1079 1079 5900 5896
28487 1 7168 52 52 19 15
26416 1 36198 4 2 2 2
34811 0 1272 792 792 10652 10635
3263 1 2390 4 2 7 4
11689 0 15537 5 5 12 9
28752 0 4416 597 597 5585 5584
27422 0 8663 118 118 12979 12977
5643 1 3754 3 2 3 2
11366 1 26527 7 3 5 2
24792 1 893 2 2 3 2
6657 1 21399 3 2 2 2
18566 1 6657 5 5 3 2
39413 0 5325 23 23 15813 15787
11969 1 26616 4 4 3 2
36488 1 6245 2 2 6 2
11151 1 17991 4 3 5 3
3136 1 16161 4 3 3 2
30980 0 3884 48 47 2759 2754
30250 1 32816 4 2 3 3
4638 1 29948 2 2 2 2
27855 0 9636 26402 26402 19592 19592
22777 1 35880 4 2 2 2
3901 1 1387 3 2 4 4
22243 0 13777 1367 1367 14145 14136
5542 1 30223 16 12 3 2
38033 0 20954 17173 17173 38362 38362
29753 0 15565 79 79 4972 4964
29266 4 13537 16746 16746 18417 18417
1937 6 25054 18475 18472 13241 13241
21124 0 14843 3208 3208 39137 39134
40927 0 290 8854 8854 40415 40369
31744 4 8674 592 591 111 111
40127 0 2558 1476 1475 17205 17191
2529 4 12558 296 289 46 46
7694 1 33571 5 2 3 3
22610 0 27194 4069 4068 18501 18496
30249 0 6066 2248 2248 17494 17493
658 0 13432 1160 1160 5970 5964
40928 0 9369 32641 32641 40638 40637
38434 0 9010 2242 2242 3498 3497
30241 6 28445 5690 5687 6 6
35998 1 12005 4 4 7 4
37809 2 18294 1729 1728 3812 3810
11424 1 34792 15 8 4 4
35840 0 11072 611 611 38063 38058
28978 1 22902 2 2 2 2
11576 6 38596 626 624 26 26
1930 4 36216 337 330 8 8
7939 1 10211 5 2 4 3
28794 4 27413 2574 2574 4213 4213
5741 0 1817 8214 8214 476 476
5741 6 31343 5 2 1 1
19214 6 3845 1385 1381 35 34
23468 1 1116 27 25 37 35
19251 1 13436 10 9 125 121
30832 0 17008 33648 33647 24695 24695
10086 1 10085 2 2 6 3
20123 1 21785 4 3 6 3
29801 1 16682 2 2 5 2
2714 6 17927 169 125 16 12
3544 6 29062 55 44 2 1
16737 0 2582 9016 9016 38839 38835
37791 0 27732 8 8 996 991
17526 4 11245 2594 2592 84 84
1533 0 604 1609 1609 9136 9125
39727 1 9142 2 2 24 18
13018 3 4849 12 10 44 43
32445 0 36854 186 186 30672 30670
30065 6 21979 740 740 6612 6609
1742 6 21979 684 684 15264 15260
23039 1 22926 8 6 2 2
32339 1 27741 6 5 6 4
17262 4 33581 934 933 136 136
26419 1 3896 2 2 3 2
2404 6 17683 1599 1597 188 188
33189 0 14812 6065 6065 29063 29059
26452 9 7754 5587 5587 14783 14782
19015 1 28438 5 2 5 2
12913 1 9397 2 2 4 2
40931 0 27727 11240 11240 40117 40116
1419 1 22014 6 4 4 3
22075 4 35020 1050 1049 437 437
14470 4 37913 149 148 21 21
28719 0 7960 5304 5304 36507 36507
8597 1 843 2 2 6 2
14278 0 7240 6402 6402 27642 27625
2970 0 8651 14496 14496 32895 32894
17407 6 4098 31947 31946 6249 6249
15599 5 6014 83 83 1186 1183
23298 0 37796 8 8 14 12
23743 4 1839 3807 3803 352 352
9242 1 9241 2 2 7 5
40932 0 8840 7211 7211 40598 40591
20097 1 39891 5 2 2 2
28366 1 34247 4 3 3 3
23644 0 37462 18237 18237 3250 3250
9572 9 9571 45 45 2 2
30724 1 28310 2 2 3 2
18933 4 6687 2838 2836 32 32
17759 0 2861 1437 1437 34781 34772
40933 0 15371 4711 4711 40431 40427
38707 1 6267 2 2 3 2
4208 1 4207 4 3 9 8
15219 1 38553 8 7 2 2
23158 4 15716 239 239 122 122
21950 1 27256 4 2 3 2
34499 0 3934 3941 3941 34950 34947
35578 1 3227 2 2 4 2
7908 1 6243 1139 1132 188 187
1914 6 14604 2049 2025 161 161
38010 0 30717 285 285 21370 21369
40934 0 22330 8914 8914 40365 40365
36509 0 1481 10363 10363 13688 13687
17630 1 5576 3 2 3 2
16260 4 1174 163 157 9 9
8162 2 27707 1786 1786 6714 6714
28523 9 16965 4 4 7 7
40935 0 16658 378 378 40325 40322
25614 0 86 222 222 8202 8199
18620 3 6300 26 25 329 328
10303 0 1380 14 14 341 326
37033 0 20187 3182 3182 15486 15485
26386 0 18443 14483 14483 13124 13123
38926 0 5480 15100 15100 32759 32758
29831 0 12577 5 4 120 113
15782 0 21097 3427 3427 29693 29690
22438 1 8094 3 3 4 2
40936 2 3999 775 775 40699 40660
1838 0 11464 1354 1354 9974 9972
14405 6 31106 1616 1613 307 307
38576 6 23883 3391 3391 10134 10134
17088 4 35425 5363 5363 516 516
849 10 13402 14 14 12 12
31905 1 5241 4 3 5 3
5409 0 9991 637 637 18429 18427
7245 0 31986 5678 5678 28479 28478
34983 1 16742 2 2 6 4
10762 1 12714 6 4 6 6
10953 0 273 107 107 2185 2170
26769 0 1194 44 44 66 64
12790 6 38666 11 10 4 3
20833 0 14547 10450 10450 31012 31012
31477 0 20633 6 6 593 591
25922 1 17748 11 9 5 4
35874 0 3549 30 30 8700 8685
24436 1 2798 2 2 7 6
25966 1 11230 4 4 5 4
16275 1 18980 5 3 7 3
7862 4 17841 2304 2301 1527 1527
12959 0 12265 1056 1056 13156 13156
40938 0 25310 22629 22629 39025 39023
35627 0 3269 2 2 14 11
18098 1 22245 13 7 2 2
35614 0 5846 1 1 39 10
29207 1 24456 5 4 12 9
1048 1 24443 4 3 4 3
22767 5 6095 1 1 6 3
12231 0 16476 2 2 24 18
19496 1 30112 2 2 5 2
40940 0 7382 18607 18607 40724 40721
8838 1 20614 5 2 5 4
30101 1 30632 5 3 6 4
9830 1 34527 3 2 3 2
40941 0 13946 30625 30625 40556 40554
28643 0 11339 11 11 8149 8145
13847 1 14386 4 3 18 16
27260 1 35256 8 7 7 6
35120 4 33416 3007 3004 65 65
6728 1 6727 21 11 5 3
