33512 0 4410 4 4 140 104
16031 1 32320 34605 34605 31483 31483
40543 5 172 2 2 684 335
40543 0 2607 392 392 3981 3961
33473 5 172 1 1 395 56
9179 5 172 2 2 16476 16116
33575 5 172 2 1 403 63
16648 5 172 1 1 410 69
31526 5 172 1 1 491 145
6771 5 172 1 1 427 84
15476 5 172 2 2 5823 5465
29269 5 172 4 4 22299 21938
11606 5 172 2 2 527 179
2234 5 172 2 2 799 448
23355 5 172 2 2 736 386
15278 4 39692 1220 1214 643 643
22936 0 14838 15 15 33 33
31887 2 743 26 26 6118 6009
13265 2 743 3 3 346 241
33786 2 743 6 6 1911 1803
8790 2 743 2 2 277 173
29405 0 27360 13 13 14 12
35494 1 15192 2 2 3 2
35494 0 6837 12304 12304 13304 13303
18925 1 32325 4 2 4 2
32325 1 8085 4 2 3 2
3750 4 38184 284 254 5 5
3750 4 40324 217 188 7 7
3750 4 17381 45 17 2 2
6331 1 10283 8 7 3 2
11500 6 4785 9 3 5 3
14258 4 24038 43 33 2 2
32661 6 20759 5 5 8 7
12387 1 12386 4 3 6 3
28490 4 38427 45 44 12 12
21840 0 107 2 2 46 3
12784 4 107 953 946 56 56
107 0 5198 2 2 10139 10119
27747 1 27746 4 4 2 2
3916 1 27549 87 80 12 9
6527 5 2139 49 48 2553 2527
16255 5 2139 3 3 1045 1020
1618 4 14555 56 55 70 70
29103 1 9873 4 3 3 3
38285 0 18633 67 67 693 688
38285 1 26278 3 3 3 2
30253 0 18633 229 229 1605 1599
27022 1 435 2 2 2 2
32496 0 4125 1996 1996 9328 9320
24483 0 4125 1250 1250 9060 9053
15337 1 4125 8 6 12 9
4388 4 36757 63 51 6 6
30756 1 32955 3 3 3 2
30757 9 30756 2 2 2 2
16250 1 28482 8 4 3 3
39594 0 51 25 25 8181 7978
13386 0 51 22 22 6839 6638
22734 0 51 27 27 7336 7134
40690 0 51 64 64 4752 4555
40660 0 51 49 49 3367 3172
21035 1 22109 5 3 4 3
24101 0 28349 13 13 61 51
38672 0 28349 374 374 1307 1296
40559 0 6722 11869 11869 19311 19307
4705 1 15839 7 4 7 4
39464 0 4705 10 10 273 246
21731 4 9107 79 77 51 51
7590 5 34746 31544 31543 37393 37393
7878 0 7590 38685 38685 35798 35798
39562 0 2740 14686 14686 18812 18812
3212 1 29129 18 11 7 7
3212 1 16271 8 2 4 3
22208 1 3212 7 6 20 13
14179 0 16065 27178 27178 24112 24112
12801 1 4187 6 5 9 4
19501 0 2021 115 114 5079 5028
40645 0 2021 274 274 11844 11792
27628 0 2021 421 421 19188 19135
23729 0 38913 2613 2613 1453 1453
8720 1 9417 5 3 7 5
32234 1 8720 2 2 6 4
12896 1 8372 11 8 6 6
1441 0 27945 39611 39611 39947 39946
4170 6 37882 304 290 175 175
2046 0 39706 54 54 3554 3553
14436 1 14436 1 1 1 1
38948 0 20990 4006 4006 13064 13060
20990 1 905 4 4 12 7
9769 0 8193 228 228 220 220
12450 6 8001 17 8 4 3
1031 1 12972 6 3 7 5
1031 1 1030 11 7 10 10
2604 1 6752 12 4 4 3
11156 0 2604 749 749 10393 10355
2427 0 2604 249 249 5519 5484
20604 0 2604 10716 10716 34158 34115
26334 0 2604 4855 4855 25249 25208
5353 0 6752 28 28 518 503
3451 0 6752 11 11 839 823
34042 1 10659 6 6 19 14
22643 4 31669 1806 1806 9772 9772
3358 1 24240 37 29 16 16
3358 1 4026 9 3 6 4
40560 0 3229 9911 9911 23481 23470
39572 2 121 2 1 474 1
34055 2 121 1 1 752 257
36425 2 121 2 2 1225 718
33961 2 121 1 1 628 139
22605 2 121 1 1 700 208
34749 2 121 2 1 489 11
7185 2 121 2 1 484 7
39473 2 121 1 1 851 353
36051 2 121 1 1 568 83
38744 2 121 2 2 1176 671
40601 2 121 3 3 14857 14348
31131 2 121 2 1 491 12
16157 2 121 1 1 658 168
10391 1 121 9 9 8 8
13173 0 25097 7805 7805 20314 20311
1421 0 608 11 11 25100 24708
6033 0 608 80 80 31043 30647
40723 0 608 104 104 24165 23775
40732 0 608 45 45 19119 18733
31776 0 608 3 3 793 428
26284 0 608 27 27 24786 24395
40750 0 608 67 67 11739 11362
40752 0 608 56 56 12072 11693
12593 0 608 35 35 31325 30927
21041 0 608 184 184 36984 36583
36535 0 608 15 15 23073 22685
40642 0 608 24 24 13600 13219
6612 0 608 8 8 7861 7486
12763 0 608 3 3 1470 1102
38498 0 608 2 2 581 217
1763 0 608 2 2 1650 1281
35305 0 608 3 3 3916 3544
40693 0 608 61 61 23105 22716
31350 0 608 4 4 814 448
37399 2 2580 1 1 47 8
35976 2 2580 2 2 71 30
21024 2 2580 3 3 322 280
37837 2 2580 1 1 37 2
14534 0 273 3 3 23 11
3275 0 273 1722 1722 37080 37065
28793 1 273 5 5 35 31
40561 0 2759 39707 39707 28890 28890
17054 0 13663 6 6 33 13
18662 1 11511 3 2 3 2
39324 0 21892 7 7 6 4
5681 0 5376 4 4 31 11
39137 0 3699 317 317 4683 4662
5121 0 4055 22197 22197 30601 30598
28225 0 10933 7743 7743 20213 20204
12586 1 18347 13 10 10 9
18347 1 8083 4 3 6 2
8678 1 15844 7 4 3 2
8678 1 8677 8 4 3 3
1900 9 8459 2 2 2 2
13142 1 6617 22 19 8 7
13142 1 3658 11 9 20 19
11554 1 11553 26 21 16 14
6724 1 20476 7834 7832 6692 6691
6973 6 11688 107 91 2 2
28474 0 574 9264 9264 30243 30197
40638 0 574 694 694 9603 9559
3829 1 3828 7 4 9 5
3363 1 3828 8 6 8 5
5303 0 2409 6 6 182 159
19117 1 5303 5 4 12 11
10728 0 2409 4 4 168 146
2409 3 10728 1555 1555 247 247
20385 4 38169 7279 7279 13778 13778
919 0 36150 5533 5533 14129 14128
15726 1 2782 6 6 5 3
2090 1 33833 11 7 2 2
13956 1 23540 38 34 7 7
26983 0 13956 4118 4118 15427 15419
29443 9 7135 2 2 3 2
26279 0 10532 964 964 5311 5307
10532 1 11231 6 4 6 2
8610 1 16790 5 3 5 3
32576 0 296 47 47 7347 7195
32576 4 39358 18810 18810 27555 27555
28775 0 296 4 4 318 173
21869 0 296 6 6 352 206
40110 0 296 3 3 233 90
5339 0 296 2 2 146 7
40350 0 296 2 2 261 117
18338 1 25376 9 7 3 3
18338 1 34572 7 6 3 3
25119 0 10706 4 4 999 987
6372 0 10706 29 28 165 154
187 1 34587 4 2 6 6
23114 0 8709 1047 1047 7861 7856
23114 9 22355 3 3 3 3
3873 1 28613 10 5 2 2
3449 1 3448 9 8 27 19
1778 1 5313 11 7 4 3
16939 1 16938 5 4 2 2
25259 1 10976 8 5 7 6
25259 0 1054 7 7 22 18
3874 0 21706 36 36 101 100
17484 0 2318 9 9 394 268
9443 0 2318 5 5 285 161
36678 0 2318 3 3 127 7
31243 0 2318 3 3 147 26
7726 0 2318 212 212 11188 11058
3353 0 2318 4 4 251 128
14943 9 14942 2 2 3 3
14943 1 16039 2 2 3 2
2677 1 13356 8 4 5 4
35968 0 32619 279 279 1157 1154
31267 0 265 2 2 312 60
30115 0 265 7 7 1878 1619
39657 0 265 6 6 960 703
39858 0 265 2 2 252 3
22580 0 265 6 6 359 106
14709 0 265 3 3 290 39
40562 0 21091 10777 10777 15589 15587
21135 1 12220 4 4 5 3
38664 0 71 2 2 67 6
30298 0 71 3 3 70 8
3066 1 3065 13 10 5 5
23421 0 13784 3160 3160 2753 2751
7620 1 21508 3 3 18 17
3069 4 14224 2746 2724 24 24
14224 4 25214 673 669 82 82
40563 2 6404 666 666 16502 16492
40653 2 6404 377 377 14034 14025
40687 2 6404 917 917 19617 19606
14071 0 278 4 4 201 25
13708 0 278 5 5 344 165
37453 0 278 2 2 181 8
18193 0 278 2 2 173 2
36053 0 278 5 5 664 484
40571 0 278 189 189 8314 8132
40564 0 12078 3201 3201 12201 12195
4462 0 12078 1219 1219 6012 6007
31848 0 10547 3 3 8 6
40565 0 6230 22823 22823 21532 21531
20013 1 1128 5 2 8 3
3348 0 20013 17521 17521 29672 29660
35716 0 21460 10103 10103 5393 5393
7754 3 1296 16 14 12 12
7754 9 26452 14173 14172 14591 14591
1296 9 9053 7 7 7 7
4834 1 21474 7 6 2 2
21474 0 2168 4 4 54 47
33636 0 27948 36096 36096 37467 37465
36719 1 21614 17 14 7 7
40647 0 36719 21183 21183 18906 18905
1594 4 35451 145 141 26 26
7059 1 37735 7 3 2 2
11387 0 1062 2873 2873 9024 9020
4472 1 1062 12 8 10 7
158 1 157 10 10 6 5
157 5 73 3 3 529 473
28915 0 6166 8 8 90 83
25685 0 6166 10 10 267 259
1741 5 6166 2 2 106 69
40566 0 3087 274 274 557 542
8935 1 20348 10 10 3 2
6215 5 8935 82 82 18882 18876
40567 0 5596 11688 11688 11592 11592
5596 1 2050 9 5 5 3
14614 1 632 5 4 6 4
23862 0 20853 11819 11819 12528 12527
39256 0 292 3 3 767 516
31751 0 292 4 4 400 153
6985 0 292 2 2 240 2
2794 0 292 2 2 234 2
17776 0 292 2 2 242 2
29809 0 292 3 3 241 2
6800 0 292 4 4 260 15
2388 0 292 3 3 251 7
34453 0 292 5 5 528 278
8087 0 292 4 4 297 51
35031 0 292 2 2 243 2
7483 1 4704 4 4 3 2
7381 5 7483 5 5 10 6
18107 1 7419 4 2 4 3
18107 1 33365 3 2 2 2
30799 0 3068 109 109 1881 1867
18024 1 18023 7 4 4 3
24564 1 1410 30764 30763 27378 27378
11009 0 24586 6 6 16 14
27654 0 11009 33 33 41 41
9001 1 31090 5 3 2 2
31091 1 31090 7 6 5 4
40568 0 19619 7192 7192 12812 12809
1193 4 5665 148 136 9 9
29132 0 160 58 58 2261 2220
21888 0 160 37 37 1080 1040
40545 0 160 4 4 46 9
14250 0 160 4 4 45 9
7765 1 3854 4 3 14 8
3854 1 4433 17 11 4 2
10544 6 10337 37 23 5 5
10544 6 30885 51 35 17 17
10544 6 17616 26 13 3 3
10544 6 33395 13 2 2 2
10544 6 32223 16 4 2 2
2466 0 11399 781 781 11539 11533
5110 1 14834 11 3 5 2
5110 1 22509 10 3 3 2
5110 1 13199 9 3 4 2
30654 0 2915 8559 8559 34225 34221
878 1 16142 12 8 14 10
16142 1 878 15 11 17 13
12156 1 16142 5 3 8 5
1555 4 14720 20 14 3 3
1555 0 39 5 5 250 49
27854 6 9726 4 2 3 2
22790 1 20846 4 2 5 5
40569 0 28991 35622 35622 30478 30478
31570 1 22745 6 5 6 6
6277 4 13724 22 16 7 7
22265 1 15939 3 2 5 5
3601 4 11291 535 534 170 170
18464 4 28236 81 81 587 587
21200 1 24456 9 3 4 2
18828 1 21200 5 3 10 4
8407 1 5210 12 9 6 4
5210 1 9174 17 15 18 18
8298 1 8297 2 2 13 6
35442 0 21 101 101 4848 4779
5771 4 35442 8766 8757 539 539
16159 1 6497 20 16 13 11
1826 4 36945 526 519 20 20
15560 1 16616 6 4 4 2
5937 1 15560 4 2 5 3
16616 1 35701 4 2 3 3
24090 0 27455 2915 2914 1526 1526
3209 1 19072 4 4 4 2
3209 1 2516 31 30 8 7
6274 0 3209 6448 6448 15840 15836
32074 1 32874 5 4 8 7
1353 1 16331 8 3 5 3
11260 1 11259 9 9 10 8
21431 0 11260 39 39 89 87
5666 0 8929 2 2 33 18
21034 0 2918 29 29 6559 6481
31631 0 2918 1388 1388 29360 29279
39298 0 4365 5 5 54 39
38449 0 23581 4 4 23 20
923 0 12300 11894 11894 13793 13793
785 8 923 10200 9744 2 2
16936 0 39 5 5 315 111
6688 0 39 13 13 1205 995
33920 0 39 5 5 859 651
16930 0 39 3 3 206 9
16260 0 39 6 6 398 192
9285 0 39 3 3 227 28
36679 0 39 42 42 14135 13923
13037 0 39 3 3 294 92
17754 0 39 7 7 232 32
34332 0 2518 4 4 83 16
24798 0 2518 17 17 963 894
2518 0 4990 4 4 24996 24976
36326 1 67 3 3 8 7
31714 6 15538 119 118 99 96
25285 1 25279 3 2 4 2
37786 0 14737 4 4 15 3
14737 0 4030 7 7 368 341
40570 0 10106 13354 13354 11324 11324
2527 1 15676 4 3 11 10
9741 1 22270 5 4 5 4
22719 0 8583 5 5 40 30
680 7 39181 3337 3277 2 1
680 7 29533 4731 4670 1 1
21810 4 40571 8051 8041 1781 1781
33488 0 4931 25724 25724 33483 33478
30169 4 22524 653 653 369 369
1374 8 9876 5119 5117 252 252
1374 6 6774 29 14 6 4
35169 3 35168 3 3 3 3
6888 0 11405 521 521 3764 3758
6889 1 6888 54 51 22 21
11405 1 12069 3 3 11 7
31720 1 33038 4 4 2 2
14747 1 16665 6 3 7 2
30485 0 12240 13343 13343 19466 19465
35384 1 24098 2 2 8 6
33950 1 24098 8 7 12 9
4617 4 2317 53 46 3 3
26645 0 18798 19 19 165 161
1038 4 20161 235 65 2 2
1038 4 39009 2314 2139 4 4
1038 4 31457 275 102 2 2
1038 4 35729 213 44 2 2
1038 4 9526 262 90 2 2
1038 4 36663 173 9 2 2
1038 4 25174 180 15 2 2
1038 4 29468 298 124 2 2
1038 4 40317 192 25 2 2
13441 0 13179 63 63 52 51
31542 0 28557 6190 6190 6302 6300
5421 1 33580 14 14 14 13
8378 1 15959 6 6 16 14
35680 0 16547 3 3 23 18
4601 1 1480 4 3 8 4
23297 1 23798 1681 1680 1957 1954
36430 1 11632 2 2 18 12
7798 1 10220 4 3 6 5
23291 0 7798 9127 9127 16180 16177
9868 0 9017 3 3 14 3
14301 1 22543 5 5 10 8
9933 4 37354 7708 7708 14818 14818
12205 1 12204 3 3 7 5
24146 0 17669 8626 8626 16957 16955
28393 0 1434 12 12 228 168
18831 4 28393 312 310 49 49
36594 0 1434 7 7 281 220
26925 0 1434 6 6 152 93
18116 4 1434 10 4 4 4
21358 1 8040 4 3 7 4
12579 1 8040 10 8 18 14
33003 0 10761 37116 37116 35894 35894
23374 0 739 24 24 46 43
32479 1 37820 6 4 5 5
2181 8 30733 19 16 1 1
15394 1 32040 7 5 5 4
28746 1 24321 34 31 14 13
28746 1 16782 8 6 3 2
37839 0 2110 2 2 206 18
38849 0 2110 4 4 329 137
9193 0 2110 2 2 248 57
20494 0 2110 5 5 381 188
38709 0 2110 37 37 4361 4167
30037 0 2110 2 2 193 8
36409 0 6991 613 613 4156 4148
36409 1 20042 5 4 5 3
39061 0 914 38 38 278 272
24739 5 914 8 8 20808 20516
40612 5 914 24 24 30524 30231
14021 5 914 2 2 516 231
22854 5 914 2 2 441 157
40047 5 914 1 1 331 51
4847 5 914 1 1 282 5
25072 5 914 1 1 280 4
7476 5 914 2 2 2233 1946
792 5 914 1 1 284 6
914 1 19506 7 6 9 8
8543 1 28419 3 3 4 3
4324 4 13072 35 21 11 11
3407 0 643 220 220 4305 4299
3855 1 643 10 5 6 4
37188 1 1558 5 5 30 24
40712 0 1558 23170 23170 39087 39073
26674 0 1558 2 2 91 78
30420 0 22047 18580 18579 19501 19500
35704 4 40572 28860 28860 35640 35640
37073 2 7 1 1 43 7
8520 1 5407 5 4 4 4
30398 5 5407 2 2 327 302
11562 0 9512 7381 7381 11058 11057
40684 0 9512 21566 21566 20146 20144
11780 1 18482 9 7 5 4
2837 0 36460 341 341 23032 23029
33600 0 2837 33029 33029 39455 39450
40573 0 11043 9450 9450 27980 27958
40574 0 11043 12975 12975 27999 27976
21093 0 11043 7 7 66 45
40497 0 85 3 3 797 560
1958 0 85 6 6 7216 6974
39304 0 85 3 3 834 596
30762 0 85 12 12 7732 7489
8844 0 85 4 4 792 556
24944 0 85 138 138 22716 22468
40402 0 85 13 13 9000 8756
5552 0 85 9 9 4529 4288
1522 0 85 3 3 1343 1103
37844 0 85 6 6 1290 1051
40665 0 85 66 66 9466 9221
5115 0 85 4 4 753 518
28159 0 85 3 3 279 46
85 0 12888 19 19 30265 30256
31425 1 15729 7 6 6 3
12042 1 1777 6 4 4 3
12042 0 8268 327 327 1152 1145
18518 1 14006 4 2 5 3
23766 5 7293 8 6 6 5
15279 0 23766 696 696 1821 1821
33175 0 5978 43 43 3975 3953
15358 1 15357 2 2 2 2
16701 0 1677 9 9 1621 1565
13 0 1677 4 4 404 349
30757 0 1677 152 152 11093 11035
7419 1 5076 7 6 8 4
27444 1 17724 11 10 6 5
294 1 18895 4 2 14 13
40575 0 22039 9980 9980 14364 14360
31455 0 1027 5 5 176 25
16597 0 1027 6 6 177 25
40576 0 40452 4093 4093 4514 4514
35090 0 17121 2685 2685 5837 5835
19086 6 21626 6 2 5 2
7887 1 7886 10 9 2 2
34521 6 37498 14 14 6 6
12662 1 40577 12621 12615 17571 17571
40577 1 12662 19970 19970 29093 29087
39496 1 16365 12828 12828 9966 9966
16365 1 39496 3678 3678 4224 4224
11479 1 5180 6 5 10 6
956 1 5180 5 4 11 6
12458 6 16563 52 49 14 13
12921 1 25846 13 4 6 5
36880 4 37832 417 417 2924 2924
877 1 14090 39 34 10 9
14090 1 877 9 8 28 23
8082 0 81 2 2 56 11
2497 1 13459 112 112 99 99
31712 0 2497 24 24 4072 3976
25460 0 2497 12 12 5506 5409
30267 0 2497 5 5 955 862
14684 0 2497 40 40 11565 11465
15327 0 284 2 2 233 11
32738 0 284 2 2 216 2
7747 0 284 4 4 222 4
23048 0 284 3 3 508 284
36041 0 284 2 2 219 3
38651 0 284 7 7 1148 923
13843 1 13842 4 3 2 2
38649 1 19488 10445 10445 5660 5660
21810 0 2687 2 2 35 2
5646 1 5645 10 6 7 3
5184 1 28989 4 2 3 2
16262 0 16080 69 69 758 755
16080 0 314 6 6 161 155
38255 0 18636 30 30 46 45
16914 1 1218 3 3 9 5
11597 1 2084 12 8 4 3
26872 0 11597 4 4 12 11
38264 0 1629 4 4 53 43
15932 0 1629 132 132 18258 18246
14940 0 1629 10313 10313 34311 34298
23686 1 7865 7 7 26 24
40578 0 971 7644 7644 13361 13357
4933 0 1287 464 464 8201 8162
17077 1 1287 14 13 23 15
21855 1 1287 15 15 42 33
2477 9 9034 2 2 10 9
9035 1 9034 6 5 10 7
9452 0 16895 15508 15508 22152 22151
15534 4 27189 19471 19470 21923 21923
15549 0 5198 8 8 2669 2650
29419 1 23228 5 2 6 4
29419 1 16566 4 2 6 5
29983 1 29419 3 3 11 8
8761 0 9048 19 19 483 467
16341 0 9048 1548 1548 38273 38252
18043 1 6871 60 59 66 64
14676 1 15857 6 5 15 11
4402 1 31378 12 9 5 5
1144 1 9716 2 2 2 2
20128 4 19080 51 47 6 6
20128 4 32553 12 9 3 3
40579 0 33801 6007 6007 5573 5573
39697 0 33801 12574 12574 28196 28195
10515 1 20545 9 6 7 7
10515 1 23161 6 4 6 6
20152 1 10916 8 5 3 2
15078 0 1542 201 201 24109 24088
3408 6 8332 99 24 2 2
3408 6 33157 76 2 3 2
3408 8 40605 13848 13781 4 4
3408 4 1256 3 3 6 6
22973 6 8518 564 564 456 455
15512 6 8518 71 68 8 8
37981 1 37980 2 2 2 2
36402 6 38419 199 199 485 485
35889 0 1222 16815 16815 25513 25499
1630 4 3954 16 11 3 3
27378 5 2295 1 1 136 38
16787 5 2295 3 3 177 77
2295 0 20085 1328 1328 7931 7929
2674 1 25490 15 10 12 12
2674 1 37183 20 14 11 11
31859 5 11873 15287 15287 33418 33414
18301 1 11873 3 2 4 2
3961 4 38195 6 4 2 2
10495 0 65 178 178 1277 1266
19204 0 65 2 2 22 13
29854 0 65 2 2 23 13
4387 0 16744 213 213 607 604
14355 2 1137 1 1 102 2
31617 2 1137 1 1 104 3
10756 2 1137 1 1 100 1
23780 2 1137 1 1 109 7
19983 2 1137 1 1 119 13
20239 2 1137 1 1 115 11
40735 2 1137 106 106 24929 24821
3870 6 7609 43 37 4 4
12556 0 3870 7494 7494 11586 11580
1226 4 6870 323 300 16 16
23617 4 1226 6437 6435 56 56
6870 4 29653 331 331 859 859
2536 1 11404 11 6 3 2
2536 0 5973 1743 1743 8104 8100
12282 1 7778 6 6 4 3
40580 0 22983 8776 8776 11303 11301
12754 0 184 2 2 297 8
2752 0 184 4 4 332 32
30560 0 184 3 3 314 17
31172 0 184 3 3 307 14
36649 0 184 3 3 311 15
39598 0 184 2 2 293 6
29336 0 184 4 4 522 220
3249 1 9317 6 4 5 4
20805 0 11858 17217 17217 26636 26629
40593 0 11858 16440 16440 27179 27171
11617 1 36457 6 5 3 3
11617 1 3182 11 9 3 3
3060 0 11617 2 2 9 4
40581 0 12650 5935 5935 16311 16290
11149 6 40581 23699 23675 3857 3857
785 8 11138 2141 1692 1 1
785 8 40710 15227 14764 2 2
785 8 36327 20296 19828 2 2
785 8 39015 16109 15644 2 2
785 8 38312 1185 740 1 1
785 8 27403 9566 9111 2 2
785 8 1422 483 40 1 1
785 8 22169 10488 10031 3 3
785 8 30680 15005 14543 2 2
785 8 37209 16786 16320 2 2
785 8 24124 15635 15171 2 2
785 8 25693 13227 12767 2 2
785 8 446 447 5 1 1
785 8 21727 1356 909 1 1
19992 0 27240 440 440 295 293
6448 0 20717 5 5 26 16
5058 1 6448 6 6 10 6
21155 1 6448 15 14 24 19
40663 0 6448 9036 9036 17229 17224
40582 0 6644 12019 12019 27279 27269
35177 1 298 5 5 9 7
6700 0 2052 4 4 15 13
15310 1 13032 27 20 11 9
20936 1 17024 13 10 8 8
7054 0 20936 30885 30885 36496 36495
39068 0 5731 8413 8413 9719 9719
40583 0 290 226 226 4924 4879
8787 0 290 35 35 27900 27854
28170 5 290 11 10 265 242
27556 5 290 24 24 3718 3694
4123 1 290 515 513 519 518
2858 4 290 25194 25161 3291 3291
38753 0 16960 59 59 228 223
29292 1 20260 5 4 4 3
7491 1 3611 6 2 2 2
10450 4 40584 36660 36654 30143 30143
40584 0 427 2392 2392 21222 21149
7966 0 9605 17 17 43 40
32027 0 12798 2682 2682 4495 4495
32795 1 1063 2 2 7 6
2920 1 17874 4 4 4 2
2920 1 4427 8 7 10 5
129 1 4427 4 3 7 3
32885 0 13252 3257 3257 14284 14280
16493 0 20467 513 513 336 336
40585 0 38674 24901 24901 21978 21978
34 3 10832 12362 12362 4730 4730
8982 1 26420 8 5 4 3
2675 0 965 6 6 101 69
16821 0 965 3 3 79 48
17630 0 9068 11991 11991 27501 27498
18501 6 11746 16 16 80 80
18495 0 17922 10439 10439 16876 16875
17278 2 7488 4 2 7 4
2499 1 13511 6 5 3 3
36662 1 17710 2 2 2 2
36331 1 19237 8 8 49 42
18045 1 1998 59 57 184 179
3130 1 4954 12 8 14 7
13102 0 24336 6 6 30 28
271 8 28240 342 331 11 11
271 6 40624 26017 25989 5578 5578
12111 0 13254 122 122 34118 34107
19649 0 13254 2609 2609 25986 25976
10494 0 20781 5952 5952 15614 15611
5360 1 23897 3 3 2 2
23898 1 23897 5 4 3 2
17935 1 2212 12 8 2 2
9847 3 26719 8918 8911 1897 1897
33866 9 23829 2 2 5 5
40586 0 19015 14377 14377 28254 28240
40713 0 19015 4132 4132 14717 14704
22702 0 16200 9 9 14 12
3541 1 20787 5 5 7 5
6267 1 20787 5 4 3 2
24216 1 1742 31 29 5 4
1742 0 2571 4749 4749 16349 16347
9291 0 4466 421 421 839 838
3600 0 2216 2 2 9 3
29682 1 6044 5 3 15 13
40587 0 17191 12987 12987 20903 20900
16309 3 31279 21 16 3 3
40588 0 10342 14853 14853 14031 14030
15741 5 2786 358 358 17829 17817
2786 1 31467 2 2 3 2
22083 6 37406 2738 2737 6257 6257
27641 1 17450 3 3 12 11
5520 1 6140 9 8 9 8
37977 0 4550 157 157 4943 4846
22986 0 4550 9 9 242 147
13964 4 20032 72 59 3 3
20032 4 22514 201 197 29 29
5289 1 2452 12 9 20 16
6078 0 5289 3235 3235 17439 17427
32 4 22428 549 532 23 23
25738 1 1502 6 4 6 4
27499 1 25738 9 7 7 5
11607 6 9604 30883 30882 15245 15245
383 9 6658 4 4 6 5
6658 1 382 10 5 5 3
16197 1 6658 9 8 17 12
24259 0 16169 7699 7699 36163 36127
22335 0 16169 254 254 16422 16387
25952 4 36629 6648 6648 12915 12915
32112 4 37795 5077 5077 12782 12782
20499 0 1592 10 10 36 31
19836 0 4030 3 3 48 22
3908 1 31477 6 5 7 6
7874 4 13716 966 938 13 13
10974 4 38608 2567 2565 1498 1498
1018 1 7659 2 2 18 14
7144 4 24030 200 198 102 102
12048 4 7144 15 8 3 3
5500 1 21297 12 5 5 4
5500 0 9200 632 632 232 232
27615 0 5220 2 2 28 16
19850 1 2151 10 8 13 10
16779 1 16998 3 2 2 2
10771 4 10410 18 15 3 3
10771 4 21127 75 71 10 10
12627 0 21127 5 5 17 14
40589 2 1646 132 132 6221 6180
32664 5 774 1 1 138 3
30156 5 774 1 1 133 2
27981 5 774 1 1 143 6
13550 5 774 1 1 134 2
21966 5 774 1 1 137 3
19088 5 774 2 2 1050 911
27383 5 774 1 1 136 3
17731 0 774 7 7 20 10
21818 6 37463 19954 19952 12282 12282
10205 0 11093 210 210 4327 4306
36918 0 11093 205 205 14664 14642
2974 0 11093 5912 5912 25491 25468
13543 0 11093 13 13 219 199
14057 0 7284 24583 24582 10667 10667
7284 1 1156 5 4 8 4
3972 7 20913 15976 15898 8 8
3972 7 40458 10198 10121 10 10
36867 0 8952 2420 2420 1713 1713
39341 4 7922 28811 28811 471 471
9031 4 34522 33 16 2 2
9031 4 36372 262 243 14 14
9031 4 22734 453 433 13 13
40590 0 27411 18895 18895 22602 22600
5334 0 8355 273 273 3923 3900
8355 0 37159 8651 8651 39632 39632
29370 0 32370 876 875 995 994
38392 0 2833 1305 1305 9279 9263
17123 1 22282 2 2 4 3
11931 1 23210 5 4 4 4
3929 1 6637 50 39 14 13
39809 0 15772 125 125 50 50
3014 1 16068 4 3 6 3
5872 1 17690 13 10 2 2
38213 0 13538 331 331 1480 1474
15641 1 27635 9 5 5 5
33238 2 955 67 66 645 632
5920 0 30694 2444 2444 4923 4922
14280 1 5920 15 10 14 8
15530 0 4225 65 65 478 478
28112 0 19783 7 7 18 15
31385 0 19783 802 802 1876 1872
1220 0 19783 2887 2887 18614 18609
15603 1 15 12 9 9 8
15 1 5976 10 9 8 7
4744 1 27814 17 12 9 8
26459 0 12430 6920 6920 28428 28425
12430 1 4066 28 24 10 9
9361 1 26566 6 3 4 4
4323 1 10025 14 11 10 8
30746 0 4323 6836 6836 12957 12956
21869 4 16617 59 58 25 25
26942 1 31134 2 2 2 2
12877 0 4127 27 27 43 40
9331 0 9481 23109 23109 24275 24274
11045 1 10096 9 5 5 3
18526 1 6001 6 6 4 3
6002 1 6001 6 6 22 20
4984 1 3637 4 3 3 3
33272 5 4984 10 10 346 340
40591 0 2215 8353 8353 15260 15254
26189 0 15682 10299 10298 10525 10524
8657 6 18527 19814 19814 20176 20176
2095 0 4792 532 532 855 851
17447 0 4792 145 145 623 620
32551 0 7192 22858 22858 39869 39849
727 1 7192 8 5 4 2
38904 1 15390 9331 9331 5007 5006
38713 1 6445 3 2 12 7
36718 0 38713 2849 2849 1346 1346
21331 0 14398 1190 1190 1962 1961
1671 0 8078 14 14 435 423
16941 6 5249 7 7 3 2
34019 0 7149 580 580 22002 21964
18807 1 18806 28 24 10 10
16369 1 3715 9 5 6 6
18079 1 16369 7 7 8 4
26616 0 24680 940 940 8905 8903
26616 1 11969 6 5 9 9
36080 0 34647 3587 3586 1663 1663
9970 1 22186 4 2 5 4
21084 4 35872 8 6 3 3
38715 0 5011 2 2 18 9
4226 0 11100 18938 18938 38572 38555
18612 4 33719 54 35 3 3
40592 0 3742 7512 7512 29815 29792
40481 0 4992 14474 14474 31160 31158
39479 0 28777 1285 1285 860 860
1650 1 40174 26277 26270 33195 33195
1650 1 1311 23 17 22 19
1650 0 21879 15490 15490 29822 29822
16394 1 1650 31894 31894 29345 29337
9761 0 1650 6 6 25 21
7968 0 239 58 58 30345 30080
7968 1 11878 8 7 3 2
3491 0 239 12 12 2241 1993
40419 0 239 37 37 13141 12885
17572 0 239 51 51 19684 19422
134 0 239 2 2 696 451
40620 0 239 168 168 26155 25891
5037 0 239 9 9 2394 2145
23341 0 239 85 85 30660 30394
30294 0 239 6 6 3920 3669
11839 0 239 320 320 35182 34915
38423 0 5720 35891 35890 38672 38664
36383 0 6139 615 615 5989 5982
23143 1 19335 28 24 12 12
6619 1 23143 8 7 8 4
2002 0 19290 19524 19524 29401 29401
2033 1 10164 13 9 4 4
34032 0 13475 9147 9147 13856 13854
34006 1 34291 3 2 3 3
1920 4 13057 93 38 2 2
1920 4 14332 60 7 2 2
1920 4 17214 109 53 2 2
1920 4 20671 62 8 2 2
4419 1 1849 8 3 4 4
4419 1 8002 6 2 4 2
32151 5 11426 1 1 12 3
18951 4 31532 860 852 265 265
18951 4 32437 189 182 47 47
30591 0 49 4 4 22 11
3608 4 24144 78 54 2 2
3608 4 19987 101 75 2 2
3608 4 751 95 70 2 2
17073 1 4982 4 3 5 3
30457 0 3668 13525 13524 19849 19842
13681 4 18265 26 20 3 3
13681 4 39987 104 97 3 3
18301 5 1981 9 9 8254 8200
40455 0 26054 21046 21046 38569 38567
9094 1 352 2 2 19 11
352 1 26517 28 19 16 14
18661 1 12085 3 2 2 2
15620 4 22311 64 58 7 7
33409 0 22311 1064 1063 1445 1444
1258 1 1257 3 3 4 3
1258 1 7835 4 3 4 3
7440 9 35492 3 3 3 3
40594 0 32069 22637 22637 19309 19309
4292 1 4291 16 9 7 7
13227 1 13641 13 5 6 5
13227 1 540 12 5 7 5
12002 1 7957 5 4 5 4
40595 0 26503 1224 1224 1162 1162
40596 0 16944 21866 21866 31670 31665
16944 1 16943 5 4 6 5
13138 1 13137 7 6 11 9
23155 0 3062 51 51 858 847
40600 0 3062 25525 25525 36454 36442
13408 5 2064 2 2 49 25
2652 1 15263 9 6 13 12
606 1 31605 9 7 3 3
27110 0 11322 10580 10580 14860 14857
9199 1 6691 10 9 19 16
6691 1 35867 15 12 4 4
15253 1 22571 6 3 6 2
22571 1 16934 23 19 2 2
12011 0 9758 11 11 1283 1263
12011 1 4723 6 5 6 4
27410 0 9758 8 8 142 125
11818 1 12928 5 3 4 3
14656 1 11818 5 4 6 4
16439 0 3281 20724 20724 31255 31252
3281 1 5769 5 3 6 2
23498 1 35393 4 3 2 2
12469 0 15650 5 5 4 3
19415 4 36359 7522 7516 2594 2594
19415 4 9039 929 924 148 148
15564 1 25098 4 3 4 3
29421 2 28324 33798 33797 11326 11326
4753 0 1271 21 21 57 49
403 1 1271 5 3 8 4
26741 1 17064 8 5 9 8
31116 1 29683 6 6 9 8
31116 1 10855 12 11 13 12
11565 0 19217 590 590 1384 1383
10666 1 2269 4 3 6 4
38441 0 610 3 3 39 5
40747 0 610 303 303 3321 3284
38589 0 610 60 60 1785 1749
39062 0 610 3 3 73 38
8986 1 27775 9 4 5 4
40597 0 1285 2342 2342 16483 16476
14201 1 22872 9 5 14 13
14201 1 22141 6 3 2 2
17803 0 34579 5 5 14 12
37095 0 34579 5 5 11 10
11611 1 4777 9 7 9 5
20848 1 4777 5 4 8 5
11687 0 11199 9 9 518 500
14407 1 11687 6 4 7 4
2991 1 29472 4 2 3 2
13950 0 13637 7 7 37 32
21726 0 13637 3 3 10 6
23452 0 27533 30553 30553 35593 35591
6739 1 1414 5 4 14 4
11097 1 1414 4 4 13 4
1379 9 8161 2 2 2 2
35420 1 23199 2 2 6 4
23199 1 8758 5 3 8 7
39781 4 29034 7 7 4 4
24328 1 26984 4 3 4 2
27592 0 883 5 5 838 618
26057 0 883 8 8 2327 2105
35017 0 883 5 5 399 180
31955 0 883 3 3 268 53
14966 0 883 4 4 262 48
11358 1 11357 4 3 2 2
21577 1 19963 6 4 5 4
28849 6 1609 21 18 8 7
1609 6 8263 40 34 3 3
8531 0 14081 384 384 5240 5229
28503 1 28407 2 2 2 2
39294 0 17478 6746 6746 11953 11949
40598 0 2348 3603 3603 5484 5482
23960 0 13199 754 754 11361 11358
399 1 398 28 25 18 17
24160 0 6684 88 88 538 535
40599 0 11712 22730 22730 21010 21009
18982 0 5876 204 204 486 484
18213 1 5876 3813 3811 5273 5273
5876 1 18213 4038 4038 2512 2510
34510 4 19961 10 8 4 4
30259 1 21208 9 5 4 3
17577 4 34771 102 102 186 186
30657 1 2445 4 3 3 3
19374 4 10501 26617 26617 15725 15725
26690 6 38361 5955 5954 4585 4585
5142 6 18018 934 919 451 451
8335 6 5142 32 21 3 2
7831 0 21055 3095 3095 6130 6126
27907 1 14404 844 843 696 694
14404 1 27907 420 418 577 576
1175 0 14404 214 214 72 70
25106 0 38339 10372 10372 23987 23987
7779 1 33053 4 3 2 2
4104 1 7779 8 7 3 2
7006 0 36034 6103 6102 5140 5138
35113 9 26863 3 3 4 4
12815 4 20100 246 224 4 4
9564 1 1329 6 6 10 6
21276 0 3984 12993 12993 24263 24253
1652 0 3984 1478 1478 6578 6569
3625 0 4435 21 21 52 50
31367 0 4435 17 17 109 106
30581 1 16682 5 5 6 3
36064 5 2176 42 42 19544 19438
99 5 2176 1 1 112 14
9641 5 2176 3 3 242 142
16171 5 2176 6 6 320 217
26128 5 2176 98 98 38197 38090
1908 5 2176 3 3 268 167
10424 5 2176 3 3 313 211
2176 1 11120 4 3 4 4
10 4 8672 513 508 43 43
4643 6 5961 310 304 76 76
16211 1 18929 2 2 3 3
4844 1 15639 7 6 13 8
21835 1 36257 2 2 2 2
32931 2 5970 12326 12325 13891 13886
19745 1 2237 6 3 7 4
10276 0 5907 7 7 26 23
20837 1 9151 2 2 5 2
15147 0 1938 10 10 147 141
18040 0 11068 60 60 105 91
5173 4 23709 1041 1036 116 116
15430 6 9646 223 222 13 13
15430 4 3544 89 73 7 5
1388 1 20463 3 3 2 2
39201 0 10557 4 4 12 4
4701 6 6142 24 24 26 26
39620 5 4701 2 2 33 10
17538 5 1819 15 15 6586 6545
14012 1 8954 16 12 11 8
5148 4 21781 394 394 1857 1857
22752 1 11878 13 10 6 4
26368 1 8800 7 6 5 4
24546 9 793 3 3 6 6
33697 0 1749 11 11 74 60
12548 1 7959 2 2 2 2
2170 6 36952 233 206 6 6
2170 6 1435 110 84 4 4
2170 6 17789 4493 4465 210 210
40628 0 2170 2295 2295 11762 11740
11745 1 17019 6 3 5 2
1914 6 18394 386 363 167 167
1914 8 19753 968 958 44 44
4058 0 9924 408 408 11276 11269
37876 0 4058 13 13 36 26
8628 0 14367 354 354 1544 1539
8628 3 14961 13960 13958 2726 2726
39060 0 9003 2608 2608 1806 1806
23809 0 3362 1232 1232 31669 31616
18746 0 3362 110 110 6594 6542
34253 0 3362 42 42 5911 5860
29236 1 35973 7 5 5 5
29236 1 29751 5 4 2 2
1764 1 26830 10 6 4 3
26830 1 1764 10 9 15 11
40262 4 38717 193 193 131 131
22671 0 21247 39337 39336 40031 40031
9129 4 26293 56 46 5 5
20158 1 33956 3 2 2 2
35386 0 2558 11 10 60 47
35386 1 4810 2 2 3 2
34559 0 2558 1861 1860 7086 7071
2101 1 33146 12 5 6 5
2101 1 20147 11 5 5 4
2101 1 15727 18 10 4 4
34312 6 40486 14228 14228 14802 14802
2381 6 39759 2012 2006 1761 1761
34198 0 4847 10 10 729 699
38741 0 4847 5 5 147 118
26334 1 17027 5 2 3 3
26334 1 11324 4 2 4 3
4277 0 4056 14152 14152 32107 32103
11573 0 4056 5207 5207 15641 15638
24326 1 19636 11 9 3 2
37944 0 6042 16 16 601 591
6042 0 11666 4 4 101 84
40749 0 24944 25732 25732 24250 24249
8498 1 7256 5 3 4 2
16881 1 9338 5 4 13 10
25360 1 30394 6 4 3 3
16533 1 457 33 30 21 19
16533 1 5139 25 23 18 14
5139 1 20874 7 3 3 3
113 6 26801 5 3 3 2
18225 4 31949 1375 1373 142 142
31096 0 26764 39078 39078 39992 39992
23445 1 20144 3 3 4 3
1322 6 37390 936 925 796 796
35223 0 31661 17 17 177 173
6083 4 7925 586 586 2411 2411
36842 0 4161 5 5 184 156
40673 0 4161 5621 5621 26893 26864
17498 1 21619 5 3 3 3
17498 1 1654 6 3 7 6
39970 0 3052 174 174 622 621
25857 0 28155 4 4 8 8
35205 0 10662 4 4 61 55
3104 0 10662 2033 2033 10979 10971
27896 6 40601 34427 34426 32074 32074
4359 1 21993 3 2 9 4
28307 0 21993 8981 8981 24569 24568
40602 0 300 414 414 17183 17078
21701 0 300 90 90 4322 4219
18354 0 300 2775 2775 36202 36095
7446 0 300 2270 2270 31949 31843
40703 0 300 335 335 15047 14943
21213 1 25178 3 2 3 3
11884 9 3041 11 10 8 7
9796 4 30359 13 10 4 4
4764 1 21744 13 9 12 12
13887 1 1866 25 23 7 7
13675 1 13726 3 2 2 2
27185 1 27184 4 4 4 3
29913 0 959 3 3 128 98
21128 0 959 2 2 38 9
30482 5 985 8 8 2773 2705
6067 5 985 1 1 89 25
12898 5 985 5 5 226 160
33867 0 985 260 260 851 846
19990 0 985 4 4 25 21
6754 1 35743 5 3 4 4
12952 0 38827 786 786 540 540
16576 1 38827 12 10 4 4
1678 7 27909 261 30 1 1
1678 7 17606 294 60 1 1
1678 7 34411 336 99 1 1
1678 7 38159 418 180 1 1
1678 7 33433 254 24 1 1
10710 1 38566 2 2 2 2
23757 2 2023 3 3 59 11
8705 2 2023 12 12 917 863
2286 2 2023 5 5 69 20
7964 3 1791 4 3 7 4
5580 0 3139 3375 3375 8014 8006
19705 6 7282 233 232 863 863
11170 1 15337 10 5 6 4
22652 4 28628 714 714 612 612
40603 0 5178 564 564 9099 9069
40753 0 5178 569 569 8699 8670
5607 1 5839 3 2 4 2
27112 0 5607 13590 13590 28150 28144
40604 0 3773 20351 20351 19067 19067
23502 0 3591 2809 2809 13815 13809
3591 1 23828 9 6 9 7
3591 1 4974 6 4 8 5
13512 1 11627 5 5 5 4
11627 0 32691 7304 7304 11487 11487
40605 0 7851 30517 30517 18423 18423
40536 0 2861 5052 5052 14582 14574
18541 6 29772 1398 1398 1464 1464
17171 1 14314 3 3 5 3
6430 1 1025 6 2 6 3
33808 0 12168 3 3 68 32
4680 3 30046 17 16 21 21
4680 1 4679 2 2 2 2
26874 1 21974 7 5 11 10
40606 2 9677 1344 1344 11145 11145
13297 4 19277 197 197 530 530
871 1 6778 3 2 16 11
6778 1 18012 11 6 9 7
3278 1 37105 2 2 2 2
40607 6 7316 1781 1781 7388 7387
40607 6 2974 23641 23640 29239 29239
39590 2 17930 4 1 10 1
35134 1 29177 3 3 3 2
37759 4 33633 195 195 480 480
18141 0 20337 219 219 2137 2131
25756 0 18141 12938 12938 11498 11498
31924 0 2137 3 3 15 3
16768 1 3527 7 6 16 16
15053 1 25331 21 18 4 3
2951 1 25331 31 26 6 4
26706 8 17041 59 51 68 65
26404 4 38397 1806 1806 7129 7129
40608 0 11269 9225 9225 11602 11600
570 4 37732 7980 7978 8614 8614
9157 2 17319 3 2 6 2
16875 1 3343 8 6 27 23
9424 9 9423 4 4 2 2
9424 9 30295 124 123 128 127
30295 9 9424 73 72 82 81
28528 2 1425 27 26 214 193
40661 2 1425 149 149 11536 11514
16252 0 2071 9 9 56 35
8344 1 23341 6 4 3 3
23784 1 34483 2 2 2 2
7763 1 7762 6 4 4 4
30165 5 860 1 1 145 75
17944 5 860 5 5 4765 4693
9290 5 860 7 7 1982 1911
15462 1 30636 9 7 6 6
35232 1 35821 2 2 2 2
25564 0 8404 4 4 138 120
33907 0 24173 16869 16869 33616 33615
26592 0 8194 10 10 39 37
483 0 8194 1442 1442 15061 15058
9566 1 3309 5 2 4 3
40609 0 27148 3767 3767 15341 15337
40718 0 2951 7455 7455 12389 12388
11761 1 12999 7 4 10 8
26237 1 26236 3 2 3 3
24009 6 38249 11 11 6 6
38964 6 24009 747 744 219 219
3708 0 9694 2752 2752 33440 33437
40610 0 22619 27180 27180 31371 31365
25185 1 32634 5 4 2 2
40611 0 12710 14089 14089 17240 17237
5005 9 12710 29 28 33 32
7711 4 13896 75 67 6 6
21444 0 1668 56 56 8046 7977
17426 0 1668 293 293 16173 16102
38358 0 1668 555 555 20504 20432
5746 1 1668 3 2 4 2
26493 0 228 5 5 1495 1422
40675 0 228 626 626 25389 25313
22038 0 228 10 10 5525 5451
12895 4 10906 5088 5086 69 69
40453 0 10316 5 5 54 46
112 6 11189 57 11 2 2
3830 1 905 4 4 11 7
708 1 707 8 5 5 2
22664 1 9804 3 3 7 5
36523 0 4686 7394 7394 14496 14496
35422 0 10385 25664 25664 31628 31626
30775 4 5073 8423 8423 3542 3542
5073 1 5072 3 3 5 4
10680 6 18425 178 177 86 86
15029 1 11029 17 15 9 7
38345 0 7537 21417 21417 24952 24951
350 4 38228 68 65 24 24
10620 0 1244 4 4 323 41
40677 0 1244 54 54 7416 7124
33735 0 1244 3 3 344 61
15016 0 1244 16 16 1962 1672
29065 0 1244 2 2 420 136
15149 0 1244 3 3 776 488
16145 0 1244 2 2 308 28
10903 0 1244 2 2 291 14
4345 0 1244 5 5 300 21
30266 0 1244 5 5 646 359
36703 0 1244 2 2 280 4
19553 4 9540 824 824 562 562
450 4 20276 95 78 2 2
21982 4 450 146 140 4 4
37161 1 14121 3 3 3 2
20816 1 14121 4 3 6 4
11305 0 14274 20 20 143 138
12347 9 39027 9 9 2 2
17462 6 8373 284 268 91 91
17462 6 38751 211 196 31 31
11067 1 10029 2 2 3 2
5221 1 11848 3 2 4 3
6901 1 3580 11 7 5 3
15047 9 3513 20 17 36 34
3513 1 12072 12 6 8 3
19227 0 8492 2755 2755 5995 5992
12728 4 4840 138 129 3 3
12728 4 40336 8368 8358 341 341
1053 1 5405 29 27 7 7
1053 0 507 2788 2788 24173 24156
523 6 11110 29 2 3 2
34511 0 17252 36 36 125 113
11212 1 11211 6 5 22 19
8644 1 17442 12 9 10 10
40700 0 8644 4440 4440 21243 21231
19547 0 23405 429 428 3919 3909
3994 1 3993 10 5 5 2
31541 0 27211 5848 5848 9600 9598
36276 0 3679 7 7 31 21
40613 0 3721 16525 16525 33460 33424
14007 0 34084 16 16 40 36
26371 0 12250 92 91 86 84
28054 5 12250 3244 3244 31810 31797
39517 2 40614 3790 3789 303 303
40614 0 621 15697 15697 15450 15448
6014 0 1641 625 625 26106 26100
4778 0 1641 5173 5173 13614 13609
12527 1 31620 4 2 3 3
24997 4 4731 11992 11992 26596 26596
36026 0 2392 18251 18251 19362 19361
37802 0 2392 756 755 318 318
4182 4 2884 22 11 2 2
4182 4 36637 165 153 7 7
36637 0 1378 2 2 73 14
38852 1 36779 9 8 3 2
7696 0 251 2 2 58 4
28258 0 251 2 2 93 38
39711 0 251 99 99 11153 11097
24111 1 24110 2 2 2 2
40306 0 18126 2396 2396 29803 29794
12124 1 12123 3 3 4 2
15913 5 4475 2 1 21 2
19517 0 15913 4 4 16 12
4475 0 3779 23 23 940 888
39636 0 19687 11374 11374 18515 18514
11271 1 27213 26 19 8 7
11271 1 32517 12 6 5 4
32517 1 8906 8 7 12 7
24608 4 30747 6 4 2 2
23217 1 24399 4 3 4 3
29094 0 19267 12762 12762 24017 24015
3498 1 449 3 3 3 2
449 0 18847 4699 4699 5037 5037
17435 1 8639 5 3 3 2
37239 2 1136 24 24 8617 8546
40615 0 34949 26889 26889 21693 21692
36310 0 13741 16 16 679 672
36310 1 33374 4 3 2 2
19988 0 5541 1234 1234 7042 7031
3478 1 3477 2 2 2 2
39338 0 2342 4244 4244 11739 11735
37502 2 2524 11 10 93 50
38205 2 2524 2 1 56 14
2714 8 39449 878 860 4 4
2714 8 36914 15709 15689 14 14
2714 8 10915 5697 5678 28 28
10239 1 23646 8 7 9 7
6491 4 33367 3908 3906 2737 2737
8572 1 2319 8 6 13 8
2203 1 3505 11 7 12 10
2203 1 2202 12 7 11 10
7534 1 2203 4 3 10 5
4312 9 1881 4 4 4 4
1881 1 32034 2 2 6 5
22224 2 6577 9 9 1324 1269
37828 2 6577 4 4 617 564
34631 2 6577 3 3 522 470
18135 3 961 4 3 12 11
18135 3 20631 6 4 17 16
20631 10 24127 18 18 10 10
26739 0 18996 282 282 4164 4156
26740 1 26739 4 3 3 2
40616 0 37405 23664 23664 21035 21034
32555 1 16514 5 5 5 5
57 1 14678 15 8 7 6
1750 1 14678 8 5 3 3
14678 3 3713 17 15 18 15
14678 3 24654 22 19 77 72
40617 0 20218 12108 12108 17200 17195
13411 1 23555 22 18 16 13
5505 0 11298 950 950 5027 5024
5505 3 11131 5 2 6 2
19316 0 4045 22870 22870 37156 37155
4899 1 9805 10 6 7 6
21273 4 25459 11 2 2 2
30787 0 1897 241 241 16658 16582
30787 1 8109 3 3 3 2
40728 0 1897 155 155 8603 8529
17481 0 1897 27 27 3133 3061
40740 0 1897 168 168 6632 6559
4621 1 4620 9 8 21 17
14843 0 23268 125 125 6118 6114
12016 1 12015 2 2 9 7
19364 1 19363 6 4 2 2
40432 0 5164 11786 11785 21605 21596
34663 2 34482 489 489 560 560
4270 7 27605 493 454 2 2
4270 7 39989 132 94 1 1
24865 1 29189 5 4 5 4
10074 0 7611 2 2 48 38
30125 4 21696 23469 23468 16142 16142
5262 6 1060 2616 2614 5604 5604
4252 1 4251 4 4 8 5
22399 1 16355 6747 6747 14190 14185
40351 0 23777 4724 4724 8545 8545
28134 0 25797 3 3 2 2
36095 0 17496 13875 13875 15352 15351
40618 0 20146 3275 3275 3774 3773
11641 3 6465 39174 39169 26527 26527
17723 1 36872 5 4 2 2
40243 0 9712 192 192 118 114
31655 6 23676 271 268 12 12
7363 1 9383 4 3 8 3
927 1 19126 3 2 3 3
18550 1 11874 12 8 12 8
6872 1 17571 9 7 6 5
22182 1 3015 4 3 5 4
31726 0 2708 2 2 34 8
10510 1 31299 4 2 6 5
10510 1 11468 3 2 5 4
5637 0 14019 688 688 28384 28371
37295 0 5637 13733 13733 34407 34389
40651 0 14019 1089 1089 8201 8189
19127 0 32193 37144 37144 39226 39224
40619 0 17352 14093 14093 15565 15565
18931 1 7658 7 5 2 2
24917 1 24916 2 2 2 2
14958 0 8926 8363 8363 19796 19793
2199 0 12062 20 19 41 37
37781 4 33570 35 35 23 23
2638 1 13670 13 8 10 6
4988 6 37733 4517 4516 4427 4427
7538 0 2453 173 173 16509 16456
6470 0 2453 141 141 10243 10192
3450 0 2453 178 178 17725 17671
23404 1 36206 2 2 2 2
18078 1 18077 2 2 2 2
12966 4 7733 9 8 6 5
2725 6 35944 4406 4402 8130 8130
2725 6 38746 1630 1627 1872 1872
6374 1 6373 7 5 8 5
18028 4 23156 9 7 2 2
27874 1 9022 4 4 12 10
7520 0 6342 66 66 72 71
26885 1 36088 24 20 15 14
40337 0 3712 342 342 10796 10788
11866 0 2723 141 141 7631 7596
40672 0 2723 515 515 17435 17398
19663 5 5949 91 91 6450 6443
10405 4 39191 59 56 9 9
31833 0 2612 11063 11063 21096 21094
27749 0 2612 7063 7063 15018 15017
36563 6 10574 6 4 3 2
40621 0 17882 2487 2487 2631 2630
6572 1 34940 107 102 91 91
2450 1 6572 4 3 8 4
34940 1 6572 15 15 33 28
11303 0 16874 116 116 550 548
3894 6 39306 85 77 16 15
38351 1 38350 2 2 2 2
221 3 8712 13 11 28 24
8712 3 2533 16 12 13 11
40622 0 140 1252 1252 3848 3842
16189 1 10946 4 3 7 4
22380 1 29033 37 33 12 11
33769 1 969 4 4 4 3
21347 6 28199 194 194 1695 1695
5013 4 21215 11026 11025 5307 5307
40623 0 9319 31743 31743 29612 29610
9319 6 20165 25 21 17 16
22384 1 2522 3 2 10 4
30132 1 32978 4 3 3 3
28058 6 25609 25 19 8 7
4994 1 4993 2 2 7 6
515 0 2507 5 5 19 14
515 1 25909 23 16 4 3
2739 1 8642 20 14 4 4
8991 0 10772 61 61 14625 14615
1796 0 10772 665 665 40489 40477
28422 0 10772 55 55 2741 2732
21206 0 10772 1472 1472 25069 25058
3799 0 507 4610 4610 18035 18019
3335 4 15150 27668 27664 218 218
28623 1 16535 3 3 4 3
2736 4 39631 79 33 2 2
30472 0 13465 19441 19441 28714 28713
33343 1 22 15 15 81 79
10950 1 13236 9 5 7 3
2967 1 2966 3 3 6 2
39937 0 7513 1136 1135 407 407
9419 1 9418 4 3 5 3
39013 1 36698 2 2 3 3
29610 1 10919 2 2 2 2
4538 3 20612 30858 30858 31012 31012
30780 0 35793 2858 2858 12232 12231
24724 0 8582 15821 15821 33170 33162
8582 3 31244 39180 39180 39145 39145
32853 1 1076 6 6 18 10
16397 1 1054 7 3 10 4
1054 1 16397 9 3 7 3
20574 1 20573 2 2 2 2
17492 1 25092 9 7 11 9
38372 5 9152 695 695 19590 19586
20274 0 9152 317 317 1366 1365
20264 1 24542 6 5 8 6
18955 0 7329 9 9 94 87
23987 0 4369 22 22 457 435
4369 0 3 7 7 3514 3501
2124 1 1068 7 4 13 11
33595 0 1068 21275 21275 39538 39521
5628 7 37755 57 25 4 3
5628 7 12647 34 3 2 1
3996 1 6728 8 7 21 11
40624 2 8477 334 334 22182 22163
40625 2 1565 124 124 13238 13221
36784 2 1565 50 49 407 391
2962 4 22234 223 193 6 6
2962 4 29412 87 58 3 3
6633 7 36193 4560 4549 8 8
40626 0 614 19286 19286 21142 21139
31835 1 5813 5 4 10 4
25903 0 9834 1128 1128 13471 13466
16418 0 8858 514 514 2879 2868
32204 1 21012 4 3 11 8
36815 4 18543 24990 24990 36594 36594
5960 1 5959 3 3 8 6
5959 1 20633 5 3 3 2
3186 0 19366 2 2 8 2
34490 0 19366 2 2 7 2
9285 4 3566 252 249 92 92
28491 0 21937 12583 12583 7493 7493
14560 0 3579 2012 2012 13394 13382
1548 0 13970 27 27 223 216
24781 0 9745 794 794 2161 2158
37605 1 10437 2 2 4 3
21783 4 36057 397 391 125 125
39777 0 28386 2 2 2 2
12874 0 25149 10 10 44 39
34886 0 19548 5532 5532 13715 13714
38549 0 3218 4153 4152 7766 7759
6806 0 3218 8 8 69 63
5707 1 9142 6 5 9 4
21471 0 21813 3 3 7 4
3766 8 8009 11 5 5 2
13145 1 9402 6 3 6 4
17843 0 28399 237 237 73 73
40627 0 1666 22925 22925 31967 31955
1666 0 8325 3 3 29 20
654 0 412 13 13 89 82
14956 2 12037 2296 2295 3046 3041
617 6 6774 72 58 26 23
9968 1 9967 4 4 10 8
27085 0 35359 7 7 7 7
1637 1 34420 5 3 3 2
5730 0 36803 26697 26697 40643 40641
838 6 32152 67 59 2 2
23103 0 3276 16 16 241 223
35721 0 3276 8 8 225 208
18987 1 3276 83 80 10 9
40629 0 36565 6647 6647 6413 6412
1164 6 6638 7 2 4 2
34239 9 18569 3 3 9 8
11837 4 28447 17 10 2 2
28130 0 12447 5262 5262 10553 10549
3649 1 31930 3 2 3 3
11584 0 5856 63 63 4799 4772
15608 0 11584 24 24 708 705
33433 0 9304 674 673 1300 1291
11509 6 13575 42 41 25 25
3459 1 18716 379 368 32 32
28208 1 3459 2 2 28 18
18716 1 3459 17 17 248 237
33370 4 36554 134 134 56 56
36554 4 19332 3 3 3 3
28158 1 24705 4 3 5 5
3450 1 13968 7 3 3 2
32129 0 885 120 120 7632 7625
23550 0 341 8 8 98 92
20836 1 23921 20 16 5 4
23921 1 19782 13 12 4 4
20335 0 25270 10051 10051 14131 14131
32163 4 27952 37 36 8 8
22393 0 1973 10 10 477 422
40727 0 1973 549 549 12591 12534
25244 0 1945 6351 6351 32048 32026
33880 0 1945 18595 18594 36698 36674
24265 1 658 2 2 3 2
8592 1 8591 39 37 10 7
799 6 14682 205 187 22 21
799 6 23999 41 24 4 3
36839 0 32330 4760 4760 3925 3925
9877 9 17446 3 3 6 5
9284 6 40237 24547 24547 15661 15661
8440 0 10175 137 137 1047 1042
15799 6 17610 20 8 12 12
1955 1 12334 2 2 2 2
15612 1 33784 3 3 9 7
26154 6 29880 14 11 2 2
27300 1 30734 14 10 4 4
27525 0 3582 14 14 968 942
30440 0 27525 41 41 73 72
11629 1 3582 21 17 6 6
3325 0 31371 10736 10736 33184 33181
8222 0 5081 1940 1940 20424 20422
9760 1 9759 2 2 3 3
1709 1 2722 16 12 8 8
12888 6 33923 17 16 11 10
23634 0 4578 11704 11704 20948 20946
3258 9 23634 2 2 2 2
17187 1 13864 4 3 7 6
17187 1 11812 7 5 11 7
17187 1 6726 8 5 8 5
9561 4 39738 194 189 54 54
40630 0 4049 14091 14091 29208 29192
23531 0 4049 913 913 4196 4183
19 1 6484 18 10 14 11
19331 0 6850 5 4 34 10
27088 1 9828 2 2 2 2
35702 0 15222 80 80 63 61
20635 6 21042 203 201 53 53
22261 1 13269 3 3 4 2
22970 1 22969 7 4 4 4
18827 4 15294 667 667 1824 1824
9782 1 3951 2 2 3 3
35390 0 7258 25740 25740 40135 40135
36733 6 32656 230 230 179 179
38009 0 28740 267 267 882 881
26011 2 4090 830 828 2257 2227
36107 2 4090 4 3 86 57
33747 1 4090 2 2 4 3
36531 2 499 4 4 233 200
24281 1 11177 4 4 15 11
1223 7 34593 122 109 2 2
24757 1 2423 5 4 11 3
2423 1 2422 19 10 4 4
22776 1 9885 4 3 12 8
15285 1 9885 5 4 7 4
9885 1 28854 19 15 11 10
10713 4 34491 840 834 105 105
21164 0 1390 569 569 4642 4631
32940 0 30056 2539 2539 11567 11566
21775 0 25753 217 217 1581 1580
33648 1 6674 2 2 7 4
2761 0 4715 4 4 16 3
6696 0 4715 155 155 2814 2800
17030 9 4295 8 8 13 13
13412 0 21233 8 8 113 111
28826 1 6595 12 10 13 10
20832 1 11711 7 5 9 4
14280 1 11926 6 2 9 5
29160 1 15901 7 5 6 3
16032 6 33387 22 12 9 6
11676 0 14498 2 2 34 24
16565 2 11676 8 8 675 674
31288 6 28201 1830 1830 8391 8391
40631 0 12856 15626 15626 17729 17727
24723 1 5785 11 8 9 6
4523 1 5616 10 8 12 10
12257 3 13172 9 5 10 8
12257 3 535 7 4 9 8
26683 0 5772 1494 1494 10263 10231
336 1 17653 12 10 10 8
1046 7 15073 293 178 1 1
1046 7 30406 14016 13894 4 4
1046 7 27214 406 289 1 1
1046 7 33079 7962 7843 1 1
1046 7 5787 384 268 1 1
2624 1 19875 7 6 15 13
19876 1 19875 5 5 22 19
15802 0 7902 1300 1300 12667 12663
9265 0 3141 2 2 69 18
12722 0 3141 13 13 123 71
10103 0 3141 71 71 1828 1775
7145 5 1658 1 1 12 1
7145 0 1669 4924 4924 16999 16993
12738 5 1658 30 30 960 948
17951 0 1658 1277 1277 2960 2954
27703 9 34293 6 5 3 3
29800 4 28661 303 302 154 154
6381 1 190 10 7 7 7
859 9 12748 2 2 4 4
30017 1 859 4 3 3 3
18820 1 11268 10 7 6 5
1823 0 4690 1289 1289 2615 2615
21777 0 6768 3099 3099 2570 2569
6768 6 21336 7 5 4 3
40091 0 4569 2531 2531 26985 26968
14867 2 741 1 1 52 7
14867 4 4956 51 51 154 152
12851 2 741 1 1 46 3
20925 1 20924 4 2 6 6
1674 1 931 6 6 3 3
34244 0 32041 3 3 3 3
40632 0 7551 10054 10054 32767 32734
14712 0 7551 9 9 107 75
2716 1 35898 12 9 3 3
40633 0 13777 7340 7340 15128 15118
37358 1 31163 3 3 3 2
11679 7 23483 5301 5294 7 7
7229 4 27626 58 42 3 3
22653 0 16517 15838 15838 17642 17642
16217 0 5288 32 32 261 257
2278 6 26447 178 169 34 34
24890 4 33643 227 226 157 157
32433 0 15559 3423 3423 9402 9400
22947 3 32423 31453 31451 28854 28854
23487 9 11721 4 4 2 2
15940 1 23487 7 6 5 5
23487 0 13665 20 20 47 45
18752 1 299 18 15 22 18
18752 0 8047 705 705 8098 8091
15683 6 19775 5 3 3 2
39821 0 33635 502 502 347 345
12743 1 17790 5 4 14 7
40634 0 28094 2961 2961 7618 7613
2256 1 14167 11 9 3 3
18933 4 20525 555 553 48 48
17224 1 10004 9 5 6 4
37117 0 6089 5317 5317 19742 19731
3733 1 37117 4 3 6 5
2521 0 8501 581 581 22314 22309
16781 1 14407 29 24 18 16
14716 0 14407 2700 2700 6553 6551
8270 0 36693 146 146 35 34
6368 5 4264 4 2 7 1
35387 1 19174 4 4 5 3
13187 1 18773 10 7 5 3
10051 0 11733 118 118 32 25
26059 4 39209 4 3 3 3
11003 1 3102 12 8 6 5
10718 1 11003 4 3 9 5
11003 0 12665 26635 26635 32274 32273
3102 0 37135 39 39 83 82
18521 1 21925 2 2 3 2
8854 1 7411 4 3 8 5
16381 0 23939 38 38 62 62
451 0 1929 2 2 223 4
33456 0 1929 4 4 405 179
24694 0 1929 3 3 226 6
39387 0 1929 3 3 238 15
7613 1 12661 8 5 5 5
7197 1 15448 18 16 5 4
17662 1 15448 2 2 2 2
37672 0 16158 11660 11660 6197 6197
21547 1 21546 2 2 5 4
10702 1 23017 6 2 2 2
438 1 34948 7 6 5 5
18006 4 18624 22 22 15 15
9736 0 18836 797 797 3936 3934
26667 1 37019 3 3 2 2
2440 0 6281 4 4 45 37
26061 1 34300 12 11 4 4
7854 1 4665 10 8 2 2
4819 4 14283 7 5 4 4
38806 0 30214 13702 13702 39061 39061
8314 1 16121 7 4 4 2
39546 0 27758 37 36 81 76
19102 2 1216 35 34 59 57
29584 1 17589 6 4 4 3
23903 0 2218 9797 9797 24907 24899
10504 6 23689 60 54 19 18
21753 1 24319 4 3 2 2
27512 2 9554 719 719 24197 24195
33772 0 18060 5233 5233 11370 11369
40635 0 11401 24971 24971 31033 31025
37827 0 12143 12706 12706 26693 26690
10219 1 15914 9 8 19 16
40636 0 10144 18654 18654 21854 21848
25012 1 28395 7 7 2 2
10163 1 36165 6 5 4 3
13634 1 16425 8 6 6 6
10718 1 3101 12 10 16 14
32269 4 13378 2790 2789 76 76
132 6 7098 431 404 3 3
132 8 30058 36 9 2 1
24046 2 7098 16 16 161 159
34096 2 6504 7 6 14 11
16928 1 39641 64 57 10 10
10361 0 11019 652 651 530 529
31941 1 1800 28235 28235 24255 24253
1800 1 31941 8524 8522 9981 9981
15215 0 10045 562 562 1140 1140
13118 4 38898 667 661 47 47
32650 1 7755 11 10 11 9
12467 4 34649 8 2 2 2
9896 1 18285 2 2 2 2
7667 1 12425 5 4 6 3
13792 1 1506 21 19 12 11
27011 1 15878 7 4 8 5
29234 0 35329 1520 1520 2226 2226
7943 0 10653 5 5 220 214
17967 0 7943 54 54 345 340
27950 1 7080 2 2 4 2
32191 0 30183 3 3 4 4
8067 4 31485 796 796 1481 1481
40637 2 3638 3119 3119 30006 30003
3845 0 33389 5 5 26 19
34507 0 1864 21481 21480 595 595
1864 4 25736 102 24 2 2
1864 4 34970 116 37 2 2
9467 1 9580 8 7 8 6
13612 1 17386 25 22 5 5
13700 1 35600 5 3 3 3
4329 0 8286 70 70 566 562
32613 1 25386 2 2 3 2
5658 1 17587 4 3 20 16
5658 1 6582 16 14 25 17
39787 0 127 3 3 44 7
14136 0 127 14 14 7178 7140
13276 1 13275 3 3 3 2
40639 0 13366 27446 27446 20166 20166
13367 1 13366 3 2 2 2
40275 5 7288 3 3 105 91
1302 0 875 21201 21201 29574 29574
1302 1 25385 9 6 8 7
875 1 12410 8 4 4 3
4494 1 89 7 6 20 18
18990 0 89 771 771 27739 27721
40640 0 24053 9959 9959 8681 8680
18859 1 233 10 10 35 30
12436 0 233 2264 2264 2936 2936
7065 1 30772 14 11 2 2
934 0 7065 7 7 5 5
2370 4 38227 49 29 2 2
2370 4 36484 25 6 3 3
25146 1 23224 4 4 4 2
30650 5 5167 17 17 547 529
4399 0 17631 9775 9774 12887 12885
4487 1 23828 11 10 12 9
40641 0 6889 3905 3905 11663 11659
14877 0 673 26 26 49 30
11236 1 11235 3 3 6 4
18886 1 5777 6 5 4 4
23603 1 14746 493 491 349 348
38534 6 21834 2 2 4 4
29015 4 35243 1276 1276 3226 3226
5305 9 11107 3 3 3 3
1754 1 11107 13 8 5 4
4526 0 16078 2 2 54 41
33020 0 17455 2733 2733 3407 3402
11439 0 3779 29 29 11486 11433
11995 6 27315 687 677 20 20
4069 1 10264 8 6 5 3
16543 2 7941 105 105 7755 7754
30820 4 40098 19 19 32 32
7608 6 17250 36333 36333 35164 35163
34850 0 14755 772 772 478 476
29978 0 14755 387 387 237 236
1608 0 27044 79 79 361 358
21522 0 4706 10989 10989 13891 13891
21523 1 21522 4 4 5 3
18705 1 10129 6 4 7 5
4870 4 23128 206 188 4 4
7327 1 28238 2 2 2 2
34202 0 26992 7220 7220 7202 7202
36557 0 6350 3 3 27 21
35418 1 29484 3 2 3 3
7541 0 4367 35 35 8246 8218
11932 4 32067 325 311 8 8
10275 0 17996 1887 1887 9914 9911
39456 1 19704 3 3 5 3
18323 0 586 8 8 1725 1647
13562 0 586 21 21 5509 5430
4417 1 586 9 8 12 6
7278 1 586 9 9 20 13
27593 1 12739 5 5 11 9
12739 1 21738 5 3 4 2
12654 0 8574 2 2 3 2
9238 1 23492 7 4 5 4
31611 0 7155 161 161 579 573
7156 1 7155 9 8 13 12
7155 0 32985 199 199 6175 6173
16869 0 14047 17 17 188 185
2512 1 11785 3 3 5 2
11088 1 10937 4 3 16 13
28051 4 23671 106 106 70 70
20731 0 20684 79 79 177 176
4385 1 3236 5 5 12 6
9432 9 1667 10 8 4 3
9432 0 10503 26900 26900 20950 20950
40643 2 3999 65 65 6283 6247
40646 2 3999 173 173 12525 12486
40743 2 3999 153 153 9304 9266
40711 2 3999 65 65 6463 6426
40755 2 3999 429 429 24865 24824
12237 1 7953 11 9 8 5
25278 1 37411 4 2 3 2
408 4 23469 61 59 23 23
1148 0 17366 4184 4184 18101 18093
7956 0 627 14 14 14 14
9729 1 6968 10 10 30 23
24511 0 1344 37 37 231 231
27740 0 26327 4 4 13 8
7986 8 7255 1664 1658 25 25
7381 1 25502 9 5 2 2
2902 1 11262 11 3 5 3
9042 1 10887 10 6 8 4
9043 1 9042 8 6 15 11
6541 9 6540 3 3 9 9
40644 0 9111 367 367 1069 1063
26375 1 21045 7 7 10 8
1257 1 11847 4 3 3 2
19650 1 21679 4 2 2 2
4031 1 5234 11 3 4 3
40645 5 20085 1424 1424 15772 15771
12097 1 7899 9 7 9 5
12097 1 15381 6 5 11 10
15381 6 27596 37 35 57 56
3911 1 3910 7 7 7 6
6582 1 4443 14 7 11 7
16646 1 30805 6 2 3 2
37036 1 4229 18326 18326 16911 16907
12072 6 37740 41 38 3 3
2007 2 12273 2 2 104 55
11567 0 73 5 5 83 72
10875 0 11567 16983 16982 13028 13028
18947 5 73 6 6 2199 2142
40724 5 73 3 3 4984 4926
27976 1 38676 3 3 2 2
33023 4 28124 1850 1849 3455 3455
21030 1 8155 3 2 2 2
27238 5 13249 5 5 102 87
5870 1 5622 8 6 6 4
5622 1 5870 6 4 8 6
27901 0 19859 48 48 141 140
40662 0 19859 9971 9971 11857 11855
31613 0 29521 15536 15536 17645 17644
17378 0 6050 30 30 61 60
40155 5 4554 75 75 3252 3244
40527 0 7268 981 981 10556 10548
14066 1 11728 11 11 18 12
26527 1 20615 14 11 7 5
33593 9 20131 2 2 5 4
27280 1 21426 5 5 5 4
3040 1 17693 4 3 4 3
25658 0 485 40483 40483 39830 39829
18469 5 129 4 4 868 823
28264 2 19665 2 1 3 1
27241 5 5742 3 3 36 15
5026 0 25220 3 3 13 10
11821 0 23942 8 8 15 14
28145 0 21469 33876 33876 35380 35380
36421 0 23934 528 528 1990 1990
5784 1 37926 30 25 6 6
10931 6 4938 999 998 250 250
1857 6 34576 1981 1948 213 213
1857 8 29220 866 855 27 27
11116 1 11115 5 4 3 2
3144 1 34206 5 4 2 2
29262 1 30989 2 2 2 2
1904 0 13709 29 29 960 941
10949 1 12159 6 2 5 2
10852 1 10851 3 3 3 2
38604 0 9315 16630 16630 20975 20973
40648 0 20404 22209 22209 27438 27436
455 10 12842 9 9 30 30
5537 6 32458 9338 9338 37180 37179
3621 1 28895 42 27 6 6
4946 9 20388 6 6 2 2
37381 5 2404 2 2 74 11
18509 5 2404 10 10 3457 3393
34190 0 4417 8802 8802 27473 27469
7826 1 7825 2 2 3 2
7825 1 29516 3 2 2 2
10788 1 10787 6 5 2 2
13090 1 23239 7 5 9 7
21630 1 3350 10 8 4 3
40681 0 21630 23022 23022 22695 22694
40020 1 27893 2 2 2 2
192 0 3182 170 170 27430 27382
40659 0 3182 476 476 5594 5547
25380 1 34263 4 2 3 3
40649 0 16215 37988 37988 35044 35043
40446 1 23732 6584 6584 4262 4259
23732 1 40446 6179 6176 8598 8598
34086 6 5206 13 13 6 6
2858 0 20996 4 4 6 3
18116 0 20996 10 10 78 74
10925 1 12946 8 7 9 7
29210 0 28005 925 925 5222 5219
27124 0 25522 116 116 860 857
12679 0 25522 24363 24363 35886 35882
40650 0 7972 4611 4611 17219 17202
637 8 34610 1164 1141 68 68
8063 1 12534 31 26 4 4
18731 1 18730 50 49 60 60
20947 2 909 16 15 24 18
1431 4 36937 46 30 2 2
15092 4 39339 13447 13443 8394 8394
8626 1 17737 11 10 5 5
8142 0 267 50 50 10501 10478
13601 0 267 8 8 1555 1533
4749 1 3012 6 4 7 4
34451 0 4286 14 14 170 161
19033 0 4286 6 6 38 30
4562 1 2073 8 5 8 3
2073 0 12505 157 157 5208 5201
31431 0 724 7787 7787 26589 26571
38103 0 724 121 121 1862 1845
40654 0 724 13784 13784 31529 31510
16201 1 29447 5 3 3 3
5631 1 37242 9 7 4 4
8758 0 904 7134 7134 19348 19335
4273 0 20274 99 99 1922 1921
7509 1 28460 3 2 2 2
24248 1 26008 2244 2244 1468 1466
16580 0 4596 1275 1275 30809 30736
31450 0 4596 5 5 240 168
26018 2 7003 474 474 4264 4263
27767 0 33139 10 9 3 3
11803 1 3063 10 5 8 4
40671 0 11803 15858 15858 18374 18373
8515 0 9557 4 4 164 144
30217 4 31100 15 8 2 2
149 0 8325 63 63 953 943
16886 0 8325 6204 6204 22562 22551
6021 3 6419 29643 29643 14048 14048
8937 1 15399 4 2 8 6
15399 0 15413 7 6 5 4
16850 0 2816 12 12 189 178
1495 1 1496 5 3 4 4
22266 1 13419 4 2 2 2
4036 6 25770 4 2 3 2
9661 1 35820 15 9 7 7
33793 5 226 98 98 9429 9419
7617 0 3106 79 79 29 29
25454 0 8768 3600 3600 3079 3079
40652 0 19798 33433 33433 30774 30772
12951 1 6835 5 3 6 4
13042 1 35270 5 4 3 3
22965 1 29226 18 16 9 9
27680 4 33739 15 14 3 3
1899 1 12199 4 2 4 3
28178 1 1166 4 3 6 5
7900 0 1166 4003 4003 20371 20361
23262 6 32818 18 17 13 13
5593 6 11394 663 660 181 181
8267 1 5593 3 3 4 4
3044 1 2035 36 29 23 19
3044 1 16109 8 2 3 2
21419 4 26177 205 204 206 206
21419 4 31110 324 322 637 637
13244 1 13243 4 3 2 2
29344 0 8327 3192 3192 16261 16251
33450 4 37712 13465 13465 12917 12917
35194 4 34100 13 11 8 8
40655 0 9708 30475 30475 33565 33556
11987 1 24184 4 3 4 3
40067 0 28616 13687 13687 12578 12578
11962 0 5446 2 2 23 5
40656 0 23923 24745 24745 26289 26287
17906 1 39780 2 2 2 2
12010 0 12867 17 17 27 27
27741 0 9592 8901 8901 39303 39293
31815 0 20618 4212 4212 15988 15987
36783 1 30240 2 2 7 6
18655 0 7908 18856 18856 28399 28397
6243 1 7908 14 13 23 16
24740 1 21889 5 5 3 3
4775 1 10634 6 6 23 21
25665 0 1971 13195 13195 30594 30583
1669 3 13851 358 353 32 32
2025 6 7292 1280 1278 1707 1707
14912 1 32715 8 5 3 3
12038 0 38396 30083 30083 29124 29124
35926 5 7786 585 585 9919 9899
825 4 18445 30 19 2 2
40657 2 26386 20355 20355 17813 17813
20788 1 2698 11 9 8 5
11974 1 28533 4 2 3 2
40658 0 20524 19952 19952 18499 18497
30364 0 7177 12192 12192 38786 38780
17270 0 3160 5 5 74 58
29793 0 3160 126 126 7610 7593
23134 2 3167 175 174 1169 1147
11450 0 3167 6 6 64 53
12666 8 16098 7627 7618 55 55
12666 8 36039 2886 2878 19 19
31571 0 30708 25 25 101 99
5912 1 2368 4 2 7 4
31386 1 8649 2 2 2 2
982 1 215 6 4 10 5
33373 0 6364 61 61 420 416
13857 6 25567 16568 16568 19061 19061
13500 0 351 7 7 348 223
22904 0 351 4 4 207 83
28665 0 351 2 2 124 2
40717 0 351 140 140 9053 8927
18938 0 5892 3 3 29 22
16099 1 26369 5 4 2 2
2721 9 2720 2 2 2 2
24582 0 15825 7404 7404 6724 6719
32819 1 28176 3 3 8 7
36852 4 37506 98 98 527 527
2214 0 15911 17195 17195 13065 13065
4259 1 4258 2 2 5 3
257 1 24309 6 5 2 2
4917 0 9090 10 10 21 20
9090 1 14439 7 6 15 10
20691 0 1251 21 21 62 58
27447 1 14144 2 2 7 6
40664 0 2231 2448 2448 15405 15376
16037 0 2231 1113 1113 10828 10800
13008 1 27465 7 5 5 4
11452 0 25129 93 93 1166 1162
231 0 1467 464 464 8882 8839
3531 0 28084 11112 11112 29927 29926
3531 1 4181 4 3 5 4
6594 1 4528 2 2 9 6
19437 0 14525 1471 1471 22311 22276
8031 0 14791 361 361 2792 2781
31367 1 1787 3 3 22 21
9853 1 760 19 13 6 5
27431 0 39165 38578 38578 35893 35893
36977 0 5846 4 4 39 10
3013 0 40092 101 100 50 49
2724 4 36323 49 19 2 2
7159 4 9738 93 91 52 52
38226 0 6849 4 3 13 8
4087 3 16968 8 4 7 3
4087 3 4129 14 9 11 7
31274 1 31273 2 2 2 2
5582 1 25676 14 5 2 2
25982 1 16758 3 3 11 8
16758 1 25203 7 4 4 3
1131 4 12184 121 72 3 3
22246 0 24779 2013 2013 7633 7631
15361 6 28949 3 3 5 4
36223 0 8406 13593 13593 29846 29836
1772 8 35641 157 157 70 70
1772 8 37471 1719 1718 2376 2376
8336 2 1773 1 1 40 3
19749 1 22236 2 2 2 2
36152 0 33158 562 562 1765 1764
9803 4 33158 180 177 34 34
31178 6 27506 14 12 12 11
19480 0 22889 4 4 3 3
1803 1 3108 14 5 10 7
3108 0 30670 138 138 261 259
23633 1 27801 65 63 14 13
10997 5 6030 16 16 126 124
10997 1 30683 11 10 7 7
4151 6 35893 27 18 2 2
21421 3 7727 7 6 11 10
8947 4 25382 42 40 15 15
28887 1 2749 5 4 9 3
30602 0 7963 2353 2353 11514 11509
28803 1 7236 2 2 2 2
17376 6 18797 14 2 2 2
18797 6 7347 96 92 58 58
4486 1 6243 15 7 9 8
38461 0 30319 2332 2331 3137 3133
10089 1 7989 2 2 22 13
12058 1 2312 10 10 37 28
8268 1 5633 34 32 8 7
40666 0 16421 17697 17697 14938 14938
18179 9 5219 3 3 3 3
10733 1 1830 13 7 16 13
433 1 15766 3 2 4 2
30942 1 704 2 2 2 2
11977 0 6276 328 328 2299 2293
40667 0 25385 39295 39295 34398 34394
17801 0 24596 4263 4263 7879 7878
36884 0 4188 9466 9465 5135 5135
10301 0 9082 46 46 169 167
15234 6 20190 73 73 73 70
31040 1 34714 5 4 6 5
23336 0 36235 6606 6606 10075 10075
33510 1 34163 4 3 3 3
14971 1 14960 2 2 3 3
17273 0 4918 35759 35759 37077 37076
30507 0 542 6 6 23 11
30659 0 542 31 31 194 181
21349 4 34315 244 244 1145 1145
7012 1 7012 1 1 1 1
6351 0 5112 10 10 16 15
29074 1 29073 7 5 2 2
21454 1 39437 4 4 9 9
4178 6 21454 3788 3787 436 436
33809 1 29402 3 3 3 2
24898 0 7415 962 962 5831 5811
808 1 807 3 2 3 3
22710 0 22555 18673 18673 26033 26032
10110 1 18587 5 4 5 3
18587 0 20875 671 671 6637 6629
16329 1 3909 11 8 12 11
1432 4 8490 74 59 2 2
16905 1 10533 4 3 9 8
9956 1 2505 3 3 3 2
22993 1 6303 5 3 4 3
17529 1 8542 13 11 10 6
18744 0 6242 5 5 47 42
40668 0 881 3066 3066 6734 6730
23982 1 23981 2 2 2 2
40669 0 14189 20813 20813 18802 18800
5759 1 26443 43 41 10 10
24585 2 10398 6 6 262 237
14448 1 10398 5 4 11 10
28412 0 37012 16146 16146 19182 19181
6886 1 32873 7 6 9 8
9765 0 19420 345 345 782 781
1752 1 9904 10 4 6 3
20473 1 13402 4 3 6 4
39769 1 25538 146 146 411 411
25538 1 39769 121 121 96 96
21180 6 11296 3 2 4 3
4128 1 25065 8 8 2 2
40670 0 14798 21250 21250 21429 21427
40670 6 40706 42 42 45 45
6066 0 11939 7262 7262 32515 32506
24884 4 6439 640 640 2643 2643
26927 1 4813 8 4 6 4
12620 6 33079 2703 2703 5680 5680
23142 1 23141 5 4 3 3
2112 1 15204 5 3 4 3
31063 4 40391 13 13 41 41
23817 1 38036 3 2 2 2
35101 0 20547 304 304 729 727
34252 0 7906 18031 18031 18698 18697
6576 6 15513 9571 9571 30158 30157
2696 1 307 8 4 8 7
2831 0 2696 15 15 59 48
1570 1 15541 7 4 6 3
2232 0 35643 36015 36015 32650 32650
4771 4 1369 582 529 17 17
4771 4 10898 2770 2716 10 10
25079 0 1369 261 261 1608 1606
19764 0 29317 1569 1569 4475 4474
30894 0 2657 281 281 1129 1123
30894 1 30893 2 2 2 2
35465 2 9450 16 16 508 498
27198 0 19507 2 2 8 2
9577 1 18755 4 3 10 8
9577 1 2300 3 3 13 7
6591 1 15671 2 2 4 3
40674 0 19768 23459 23459 26014 26013
2835 1 10762 19 17 11 9
40036 0 8241 9252 9252 8060 8060
15566 4 17079 348 343 124 124
38115 1 37110 2 2 2 2
35182 1 26668 2 2 10 8
8887 0 10579 602 602 847 846
39995 0 13740 24 24 114 110
5336 1 2296 11 7 3 2
1528 1 2296 26 23 14 12
34557 0 26 2818 2818 6542 6540
12745 1 18647 5 3 5 3
7997 1 15740 5 3 4 3
7489 6 25346 1530 1524 3517 3517
22264 0 6890 11 11 9 8
21341 1 26384 4 3 4 3
130 5 1981 31 31 25123 25068
18980 1 21881 7 4 7 5
18980 1 12859 9 5 5 4
40438 4 2459 7767 7766 1066 1066
2459 0 22692 105 105 746 745
32399 6 35294 13163 13163 649 649
16433 0 15675 1736 1736 2475 2473
18645 1 19846 24911 24910 29857 29855
1831 1 13620 2 2 2 2
27640 0 35564 7489 7489 26879 26879
28049 2 12715 1625 1625 35130 35114
34427 0 119 3 3 83 45
38238 0 119 3 2 41 5
14129 1 14128 3 3 2 2
16455 0 30527 15 15 13 11
22880 0 2807 1453 1453 26168 26162
5517 1 8571 3 2 4 2
31628 0 6776 440 440 5393 5384
14732 0 6776 360 360 22682 22672
1395 1 10603 17 14 6 6
26249 1 1851 3 3 3 2
21189 1 25948 11 8 6 5
30647 0 1326 978 978 17500 17484
10370 0 1326 872 872 16181 16166
25930 4 10103 71 66 2 2
39271 2 916 2 1 214 74
39473 2 916 7 6 2300 2153
33293 2 916 2 1 356 213
13451 2 25375 8 8 20 18
1346 1 6170 16 13 14 10
2261 4 14320 198 181 19 19
1705 6 39241 41 34 5 5
858 4 23688 94 93 51 51
11337 0 13858 19511 19511 33719 33713
36322 0 427 4 4 88 19
28974 0 4885 54 54 569 559
23365 6 15758 223 223 157 157
11547 1 11546 6 3 3 3
32755 0 697 2 2 9 4
7568 1 7567 9 9 2 2
21710 0 5678 52 52 5971 5967
33405 0 5891 4 4 16 13
19993 6 40676 35175 35172 18830 18830
8878 1 6111 4 4 9 5
11299 0 8050 304 304 1384 1380
6501 1 6500 2 2 2 2
9095 0 6138 2069 2069 14104 14090
29324 0 5429 543 543 934 934
28608 4 27634 1551 1551 6815 6815
25947 1 30204 12 11 20 16
8835 6 24716 4415 4406 3866 3866
31000 4 5709 106 103 10 10
14357 0 30076 2307 2307 2475 2475
15636 1 14742 4 3 5 3
8343 1 5855 9 8 48 44
13930 0 14302 5 4 9 4
6188 4 19609 31 14 2 2
30806 1 21229 2 2 3 2
21465 1 2680 4 4 10 8
5567 0 3263 51 51 537 527
1114 0 3263 26 26 1537 1526
15163 1 28250 5 2 5 5
24491 0 21806 5329 5329 4527 4527
13957 0 21517 2602 2602 9285 9284
26206 0 1852 1765 1765 31564 31513
31320 0 1852 3 3 142 95
35402 0 1852 19 19 4202 4153
17351 0 1852 8 8 360 312
12201 4 35651 33 28 9 9
26615 1 23283 12 11 6 5
38530 0 8201 3583 3583 18874 18861
26273 0 19179 3 3 5 5
31727 0 26208 13 13 22 21
14610 4 22269 126 124 93 93
6596 1 29722 5 4 2 2
35251 4 10622 10874 10874 26371 26371
33036 1 22694 8 7 7 4
9486 3 22694 6633 6628 2625 2625
7279 1 30681 6 2 9 6
30681 1 7279 12 9 7 4
35732 0 7738 8 7 18 17
6160 1 6159 3 2 3 3
40678 0 38900 10777 10777 8614 8614
12283 1 12051 4 2 3 2
20982 0 18646 70 70 63 61
9855 6 9449 90 65 15 14
8464 1 26186 8 4 3 3
36328 0 27331 408 408 483 477
28307 1 1781 16 16 67 63
22552 0 40034 26951 26951 27862 27862
40679 0 762 7734 7734 13625 13622
40680 0 38335 6213 6213 3943 3943
8103 1 9200 11 6 3 3
22832 5 2978 2 2 142 75
14475 5 2978 8 8 1193 1123
30111 0 9494 1034 1034 4504 4494
29085 1 18188 4 3 4 3
16374 0 151 7022 7022 20411 20404
40682 0 8093 1179 1179 13532 13505
7574 4 40009 367 365 433 433
40683 0 17911 19323 19323 18994 18991
7705 4 24544 28 22 4 4
31888 0 115 3723 3723 40260 40243
115 1 10641 11 4 8 7
9351 1 17202 14 13 10 7
728 1 727 8 3 6 3
31869 5 18855 128 128 8398 8385
38772 5 18855 2 1 14 2
33573 1 10115 2 2 4 3
6813 1 5176 8 5 11 9
30270 1 25946 3 3 5 4
23870 1 10884 4 2 4 3
40110 4 30283 36 36 21 21
39171 0 8786 1210 1210 5475 5471
13098 1 17229 18 11 8 7
9972 0 7945 24 24 1708 1685
2006 0 13976 589 589 1564 1562
21615 1 20726 11 8 3 3
35582 4 39566 27609 27609 31742 31742
14559 1 1815 4 3 5 3
35120 4 2143 274 271 427 427
15991 1 12504 10 10 18 15
6429 1 22011 10 8 4 4
5547 0 10707 2 2 153 128
11434 0 10707 2 2 25 2
8030 1 4592 6 3 7 6
19180 0 7178 1082 1082 1616 1614
20863 1 24708 9 7 4 4
32763 0 11178 80 80 33 33
20883 2 3869 3 3 79 49
35373 2 3869 3 3 88 57
20259 1 28121 4 3 5 3
1015 1 24451 5 4 4 3
3316 2 13606 54 53 54 50
24587 2 13606 27 24 29 26
36313 1 28400 2 2 2 2
4016 1 4015 9 6 3 3
6051 1 9303 4 3 6 4
22179 0 25743 3535 3535 12383 12380
37112 0 3027 268 268 16385 16333
16612 0 3027 7 7 730 679
23303 0 3027 228 228 17572 17519
40685 0 14898 10408 10408 30429 30410
3073 1 5623 11 9 4 3
40686 0 15810 15125 15125 13488 13488
30554 1 16575 3 2 2 2
5024 1 5023 14 14 20 16
5023 1 14075 12 8 6 6
10386 0 32386 12 12 11 11
7372 1 7371 6 5 4 4
5715 1 7372 8 6 3 2
29949 1 15424 4 4 6 5
5878 6 40688 15485 15485 9693 9693
4191 5 15351 530 530 15578 15572
2940 1 4191 5 2 7 3
25827 1 12437 2 2 2 2
1272 3 28165 20275 20275 12450 12450
14132 0 1272 27 27 4121 4104
4011 1 4010 6 5 14 13
4845 1 28045 7 5 4 3
5366 1 30121 5 3 4 3
4481 0 726 31968 31968 34561 34559
40457 0 20078 2 2 9 7
30688 0 343 1133 1133 2724 2723
18211 1 9926 7 6 7 5
2626 1 38942 859 856 1154 1154
40689 0 5724 29026 29026 34687 34683
37366 5 7581 180 180 7961 7946
11382 1 32851 3 2 2 2
5088 1 16447 3 2 3 2
17053 4 35164 6 5 3 3
31043 0 2411 4 4 22 8
14198 9 19677 10 10 5 3
16831 1 10331 4 2 13 7
21138 1 1713 7 6 6 4
3171 1 5790 9 3 8 7
21991 1 8254 19 16 10 9
35908 0 25798 149 148 259 256
12857 1 5476 36 32 21 17
35252 0 17711 9249 9249 19631 19628
28389 0 14982 6 6 59 48
31024 4 31588 93 88 27 27
9654 1 29009 12 8 2 2
4563 1 25251 21 16 5 5
18116 4 20686 212 205 11 11
16060 0 3587 3533 3533 9464 9462
3587 4 8188 187 182 60 60
27481 1 2605 8 5 5 5
15624 0 36918 2095 2095 6807 6805
1577 1 15781 47 38 19 19
15666 1 17997 7 5 8 8
28302 4 39471 43 41 13 13
33415 5 5247 1741 1741 25571 25564
3684 6 39371 179 151 34 34
25710 1 27965 4 2 4 3
7053 1 421 6 4 5 4
40691 0 15594 36394 36394 34056 34056
32417 0 5874 4 4 21 10
11643 1 2947 4 3 5 2
10227 0 3024 19943 19943 33567 33564
27766 1 28521 4 3 4 4
38480 1 3659 2 2 2 2
9606 4 26316 32275 32275 36391 36391
29309 4 40692 18677 18677 16928 16928
14773 1 27094 3 3 9 7
22485 1 22609 5 3 5 2
30461 1 30460 2 2 5 5
12623 6 21249 20760 20758 8555 8555
26639 1 20503 2 2 3 2
33655 1 17423 3 3 8 7
19226 0 11808 20 20 152 147
26110 0 11232 3 3 40 35
40694 2 593 1044 1044 30007 29980
21150 0 15854 11 11 115 96
28268 0 11999 467 467 8697 8689
17580 0 904 21 21 86 74
40695 0 14893 10847 10847 16296 16292
34842 4 40695 40118 40118 40791 40791
14185 1 14184 9 8 4 3
8884 1 14612 14 6 7 5
16510 1 200 4 2 6 2
15432 1 18001 2 2 3 2
32997 1 13791 2 2 2 2
303 0 17950 34867 34867 34047 34047
33519 0 27346 25 25 24 24
15824 1 15823 7 7 3 2
14165 0 3327 30 30 213 211
14338 1 7944 3 2 6 3
37789 0 249 19 19 866 821
35878 0 20973 763 763 1271 1268
4738 4 12512 38074 38074 40488 40488
35985 0 8123 256 256 3637 3630
5272 0 10613 5 5 29 19
40696 0 8840 15799 15799 24173 24165
16619 1 25469 3 2 5 5
3348 5 666 1 1 28 1
2132 1 13176 5 4 5 3
34276 0 2321 36 36 50 50
19794 1 2321 14 13 14 11
9342 1 14083 34 31 6 5
30825 0 38668 21 21 64 63
6424 6 12616 104 96 28 28
21004 0 4962 1810 1810 13413 13388
22132 0 4962 6646 6646 27799 27773
40697 0 11827 14344 14344 16543 16541
30574 4 31725 1698 1697 2394 2394
12558 4 21580 17 14 5 5
37995 5 5095 2 2 5 2
24376 1 9395 5 3 4 3
39499 4 35831 20885 20885 30377 30377
11463 0 14752 10 10 155 143
33818 0 14752 17 17 179 166
22715 4 4266 1794 1794 1104 1104
12505 0 4123 8 8 10863 10828
33279 0 5569 231 231 464 464
9991 0 34008 161 161 394 394
4175 4 38868 7 2 2 2
35323 0 27596 2455 2455 7974 7970
631 1 24226 9 5 9 7
14963 1 13720 8 8 33 26
17000 1 13720 5 3 22 16
39297 0 2168 27 27 333 325
16002 1 2168 6 4 6 3
29934 4 38843 378 378 2061 2061
33092 1 31136 3 3 7 6
27031 1 13986 4 3 4 3
35263 0 1655 4022 4022 7961 7960
2450 0 4469 35 35 3183 3170
1578 1 40178 3620 3618 8646 8646
26605 6 3123 7 7 641 620
11250 0 7751 272 272 15623 15612
20723 1 6065 14 11 20 16
12012 4 26621 406 401 182 182
20541 1 6096 6 6 6 4
10408 1 6096 31 29 12 9
33794 1 19512 5 5 10 9
13633 0 19626 7 7 26 26
1586 0 13633 3729 3729 10832 10830
24020 1 24180 2 2 8 7
20628 0 13346 1823 1822 5272 5263
40698 0 2446 15840 15840 22868 22863
21278 1 21277 2 2 2 2
25474 4 40699 28930 28929 26203 26203
19291 0 8918 2939 2939 7662 7658
31396 0 14136 181 181 1939 1930
28894 1 584 11 11 48 46
8779 1 8778 2 2 2 2
29462 1 21665 5 2 4 3
8023 1 11230 4 3 4 3
20159 4 19474 6320 6318 302 302
21179 1 22813 6 3 4 3
35310 0 20208 1859 1859 10399 10390
9322 1 30070 4 3 10 8
10417 1 2419 10 7 8 7
22334 0 18443 34203 34202 30529 30528
14787 0 3443 4 4 145 135
16795 0 14750 242 242 1992 1982
40701 0 16348 14733 14733 14713 14712
40702 0 33675 21014 21014 22273 22272
6409 0 21362 227 227 7764 7760
623 1 17904 10 8 2 2
17904 1 2054 15733 15732 12106 12106
9574 1 9573 3 2 4 4
15060 1 20539 5 4 5 4
6048 0 5381 9 9 94 84
23163 0 30710 275 275 281 280
29611 1 5237 6 3 4 3
1028 0 8309 108 108 1383 1378
23172 1 8309 10 10 32 20
14353 1 19003 6 4 11 7
22019 0 2903 6 6 42 31
20023 0 1165 16 15 91 88
34338 0 36445 5355 5355 21180 21179
5001 0 17736 4731 4731 5443 5443
36419 1 3674 3 3 10 5
11263 1 23301 6 3 2 2
29082 0 26351 6 6 53 49
21660 1 26299 2 2 2 2
39966 0 18719 474 474 1059 1055
18720 1 18719 2 2 9 8
2930 6 272 12 4 5 3
3518 4 27027 44 29 2 2
36416 1 20761 9693 9693 6933 6931
20761 1 36416 20699 20697 17954 17954
33109 0 24935 190 190 214 213
6793 1 10304 2 2 6 2
40704 0 6614 3729 3729 22628 22603
40751 0 6614 488 488 6025 6002
16139 0 4350 4852 4852 34873 34868
21940 1 23937 3 3 2 2
19960 0 16266 27 27 4400 4378
1845 1 8269 4 3 5 3
232 0 2648 15 15 143 140
232 6 17789 16676 16670 7463 7462
34270 0 18015 29129 29129 28844 28844
24712 1 7631 2 2 3 3
3631 0 37202 214 214 1510 1509
18106 4 23302 7894 7894 19165 19165
3465 3 3464 6 4 13 11
9643 1 9642 5 2 5 3
34133 1 9643 3 3 8 5
670 1 2513 3 3 13 10
37205 0 39503 29613 29613 25035 25035
28259 0 36836 28487 28487 35306 35306
20126 1 16918 5 3 7 3
40272 0 692 35 35 338 315
17173 1 12824 7 6 6 5
7115 1 24859 4 4 4 3
11393 0 1590 1543 1543 21102 21078
37412 0 7056 2126 2126 15508 15493
36021 1 20995 2 2 14 13
10424 1 10423 4 4 7 4
33501 1 10423 3 2 5 3
29780 6 3760 9 8 11 11
7736 1 25350 2 2 5 4
12655 1 815 14 8 8 5
31370 1 144 4 3 6 5
1978 0 3730 14 14 17 16
32261 0 11924 7151 7151 29155 29155
8487 1 9673 10 7 8 5
33428 0 37409 3353 3352 3458 3458
23396 4 40705 7708 7707 6827 6827
29953 1 14896 5 5 14 8
14276 1 38742 4 3 3 3
7473 0 19431 13 13 7 7
5693 1 7319 3 3 4 2
22815 1 22814 2 2 2 2
34547 0 3323 11674 11674 29568 29559
4061 1 5748 3 2 6 3
20917 0 2366 12 12 20 20
7818 4 6043 60 42 2 2
6955 1 1022 8 6 7 4
7183 1 7182 3 2 3 3
12394 4 39269 20786 20785 17005 17005
27586 1 5584 2 2 4 3
18452 4 28455 1003 1003 3406 3406
4573 1 32597 2 2 2 2
15943 0 16708 354 354 1769 1764
8780 4 40707 20979 20979 26102 26102
40707 0 6292 9429 9429 16506 16496
27923 4 37614 327 327 167 167
26268 4 38287 1603 1602 2259 2259
28859 0 2729 667 667 8118 8114
23556 0 15588 26806 26806 20402 20402
844 1 6913 6 3 5 4
3714 3 3713 14 12 7 5
40708 0 33878 20700 20700 22082 22080
3153 1 37241 3 2 3 3
17086 1 12044 3 3 6 5
30713 0 4685 12 12 12 10
40709 0 1639 2224 2224 7968 7960
38976 0 16196 4 4 8 8
26147 0 11192 5 5 253 237
19874 0 11192 6 6 166 151
37730 0 19526 17 17 77 75
39748 1 19526 4 4 8 8
10389 4 6632 4970 4968 7539 7539
27700 1 2941 3 2 9 6
32864 0 15383 11650 11650 15093 15091
7665 4 35503 67 62 11 11
25037 0 18558 18231 18231 14486 14486
37968 1 6086 91 91 100 100
6703 0 23635 4890 4890 9591 9591
38553 0 1373 443 443 862 861
22107 6 36069 26 18 6 5
11759 6 5497 20 9 4 4
466 6 30194 23 14 2 2
7675 1 17823 12 8 8 7
17457 1 2429 8 5 10 4
37969 0 15954 8 8 37 35
4042 6 39726 2667 2664 2229 2229
19544 3 34567 6 5 2 2
31729 1 3925 3 3 11 10
40714 0 39507 19774 19774 17313 17313
13043 2 3943 1 1 32 1
39320 5 3785 196 196 24555 24539
5403 0 4108 893 892 1289 1287
31478 0 40396 28550 28550 30014 30012
40715 0 1096 2705 2705 7548 7538
2298 4 26266 6 2 2 2
40716 2 475 32 32 7652 7581
40733 2 475 13 13 6254 6184
25107 0 30236 17848 17848 23671 23670
10318 4 6623 341 337 45 45
21098 1 21097 3 3 2 2
34757 4 36292 357 355 459 459
19146 6 27617 88 88 60 59
27617 6 21541 18857 18856 8589 8589
14760 4 27348 176 175 94 94
10785 1 16980 8 7 8 6
1004 0 1686 1625 1625 31461 31453
13693 1 30628 4 3 6 4
31488 0 7029 6466 6466 18040 18037
16602 0 35398 9 9 25 23
7891 6 22902 457 453 10 10
5150 2 2183 1 1 32 2
21014 4 39330 6233 6233 13850 13850
16843 0 9525 24 24 39 36
30301 1 6458 2 2 3 2
5932 1 19763 26 20 14 14
34016 0 13638 34443 34443 36178 36178
14792 6 38688 4254 4254 3725 3725
11527 1 2829 5 3 4 3
13560 3 17390 5 2 4 2
40719 0 25292 14649 14649 16811 16809
11686 1 38080 27 21 5 5
15813 1 17303 5 4 3 2
40720 0 23562 3484 3484 3848 3843
19157 1 25047 3 2 2 2
11385 6 39678 87 81 18 18
4598 1 20481 8 6 8 6
26627 1 1342 5 3 5 3
14695 1 32594 6 5 2 2
31643 0 31691 725 725 6158 6157
16937 1 1926 3 2 3 2
40258 5 3918 299 299 13755 13738
33104 0 26721 4 3 2 2
27613 1 9676 7 5 10 8
6220 1 1968 8 8 18 15
26510 0 2560 1572 1572 11950 11941
19107 0 2131 24 24 57 55
1756 0 28697 7 7 9 9
12466 4 10233 62 42 2 2
28212 0 14013 4 4 20 14
34431 4 11843 13749 13748 13910 13910
3493 1 22156 15 8 7 6
40721 0 716 7109 7109 29797 29758
29284 0 1288 1109 1109 17329 17305
7360 1 28378 10 7 3 3
767 0 17590 236 236 2780 2773
6412 1 5869 5 3 7 2
15973 1 13531 9 8 7 6
35747 2 24388 4795 4795 7702 7702
25937 5 17856 176 176 13781 13773
14618 1 12003 8 7 8 8
35356 6 34036 13170 13170 12183 12183
1617 1 1616 3 2 4 3
1616 1 8901 4 3 4 2
17153 4 23170 41 41 104 104
24509 1 3374 3 3 7 4
31535 0 7656 19525 19525 36906 36890
37264 0 6538 5 5 44 40
20946 0 6538 22202 22202 24948 24943
2893 1 11706 10 4 5 3
40722 0 28479 32151 32151 27877 27877
14723 1 19646 5 3 5 3
39290 4 23003 2801 2801 2716 2716
9441 1 1130 6 3 4 3
37823 0 4500 6175 6175 11036 11034
37109 0 38181 581 581 984 983
31981 4 38538 11176 11175 12468 12468
29529 1 32020 3 3 4 3
32020 1 15386 3 2 3 2
2228 1 13955 8 4 6 4
17896 4 37233 21 20 4 4
29893 4 38282 4434 4433 3745 3745
38316 0 23713 6 6 10 9
25374 0 17209 9804 9804 11513 11511
11080 0 12720 19 19 82 72
32958 1 4855 5 4 9 4
1278 0 34927 45 45 238 236
37041 0 26960 9576 9576 15897 15895
3705 1 3704 13 8 2 2
30370 5 12413 3 2 6 3
13830 1 35079 10 5 8 8
35283 0 30108 18786 18786 14516 14515
5914 0 16686 4 4 21 19
14389 1 3261 3 2 2 2
21961 1 1473 4 3 4 3
13380 0 19861 82 82 222 218
7110 0 11813 25062 25062 28155 28152
11813 1 1114 12 4 4 4
23228 1 34145 6 4 2 2
2147 0 3510 28 28 129 127
35350 4 39634 12874 12874 26419 26419
35857 1 7386 10 9 7 5
6371 6 37307 2508 2503 394 394
18800 0 13840 9461 9461 39619 39614
5481 1 6581 13 8 18 11
14376 6 28764 1279 1276 326 326
13409 1 18792 4 3 3 2
1232 1 5716 7 3 7 5
5716 0 4961 10 10 102 96
10095 5 241 83 83 3557 3552
30274 0 27395 15665 15665 23104 23104
4092 1 3142 6 5 10 6
38217 0 998 14025 14025 17180 17177
16820 4 37663 17 11 3 3
15209 1 21887 6 5 5 5
26585 0 6289 2244 2244 4911 4907
26965 5 4450 1 1 6 1
1009 1 11417 7 4 4 4
16697 4 70 69 65 6 6
27038 0 732 87 87 5798 5795
17663 4 23020 95 92 11 11
7732 1 35326 10 6 4 4
19563 0 10026 4 4 34 27
2356 0 3805 8583 8583 36736 36730
23441 0 34078 29600 29600 28332 28331
37070 0 27913 33537 33537 33308 33308
3289 6 38527 174 158 3 3
2980 1 2979 4 3 2 2
30536 0 5049 461 461 9787 9783
16915 1 26031 4 4 13 11
19167 1 19166 9 7 9 9
8110 9 4565 2 2 4 3
25148 1 16759 2 2 5 3
9665 0 14373 1193 1193 2292 2291
30114 1 33583 1667 1667 3283 3283
33583 1 30114 9002 9002 10724 10724
10388 4 3586 408 401 88 88
27188 3 20283 3 2 10 9
24932 1 6602 5 4 5 3
35150 1 33029 5 5 6 5
10137 4 11961 21 18 3 3
4469 0 10488 33 33 7296 7290
18360 9 1757 2 2 2 2
27706 1 36948 1143 1142 2593 2593
19784 2 14738 19791 19791 15890 15890
4426 2 4633 1 1 13 2
1167 6 4633 1056 1045 8 8
9882 4 22784 2 2 2 2
22411 1 4534 6 5 10 8
14116 1 20160 8 5 5 4
39583 0 12239 7 7 18 16
31548 0 26062 386 385 638 635
26063 1 1962 4 3 11 6
34604 0 2888 16 16 26 24
29514 1 7486 2 2 24 14
4354 0 17938 9000 9000 33992 33988
3583 1 6233 7 7 10 5
5695 4 28664 876 876 2988 2988
2185 1 14535 26 20 8 8
25866 0 2185 11 11 175 155
1327 1 36228 3 3 4 2
2831 1 23698 4 2 5 3
21070 0 14562 5019 5019 38502 38491
10242 2 953 4 4 451 441
24520 1 11590 10 10 15 13
32447 6 8162 103 102 43 41
10857 1 10856 3 2 2 2
29541 1 32791 6 6 11 9
14418 3 22928 4 2 4 4
25235 0 11991 13 13 23 23
19649 1 3414 3 2 10 3
11061 9 11060 3 2 4 4
5834 1 16298 5 4 9 6
16564 5 2060 22 21 469 441
30585 0 324 10 10 328 310
21674 1 21673 15 12 6 4
16327 0 36920 34107 34107 36330 36330
31764 0 40725 27960 27960 37798 37798
20117 1 5297 8 5 2 2
40726 0 21345 13918 13918 24076 24068
23392 1 8395 7 5 6 4
15466 0 34493 3 3 9 9
32154 1 35808 11989 11989 6553 6553
30878 2 21391 9 8 79 69
414 9 3242 64 64 27 27
21497 1 25620 8 6 2 2
18780 0 1703 2 2 37 6
36989 2 22747 22688 22688 32123 32123
4814 1 26353 8 4 4 3
34514 4 16712 4722 4722 6971 6971
5463 4 9443 141 134 2 2
9443 4 37702 14 9 2 2
28035 1 17572 4 4 5 3
4816 1 19142 5 4 4 3
23070 1 16815 3 3 2 2
33617 1 10553 4 4 4 3
40729 0 25425 38863 38863 32276 32276
3378 0 2767 463 463 2802 2801
40730 0 8815 15613 15613 28673 28663
12960 0 8815 4636 4636 13020 13011
4376 1 37 38 35 88 82
39757 0 5605 5 4 21 5
18600 1 19016 10 8 5 4
3467 1 385 7 5 11 8
14223 1 6848 12 11 26 24
25195 0 11431 13828 13827 17871 17865
40731 2 35244 299 299 11204 11203
6940 1 22487 36 28 16 16
18458 1 13073 4 2 6 3
13073 6 447 6 6 4 4
7113 4 35455 3 3 2 2
16734 7 3856 10861 10857 85 85
30190 1 22568 3 3 2 2
25889 0 13000 8 8 48 47
13181 9 17866 2 2 3 3
5492 6 19902 55 53 12 12
39381 2 736 13 13 83 82
2369 1 6578 8 2 3 2
29844 0 16328 18 18 34 34
2758 1 2757 3 2 7 6
38222 2 33300 54 52 24 23
18743 6 13906 725 724 68 68
31229 4 1517 263 263 274 274
21203 4 76 334 332 50 50
40016 0 7096 33 33 17 16
19031 0 10895 1397 1397 818 818
40734 0 4733 4431 4431 6669 6667
28029 6 13250 20 19 4 4
31942 0 731 19168 19168 20978 20977
24476 1 37343 3 3 4 2
30608 0 10938 251 251 506 505
9857 1 21026 5 2 4 3
31786 1 2390 4 3 8 4
20366 0 40022 18336 18336 22529 22529
25016 0 6037 1557 1557 3638 3636
6866 1 25441 7 4 4 3
11006 1 11005 2 2 5 4
40736 0 39315 28479 28479 21810 21810
40737 0 4415 2516 2516 12630 12622
34827 4 25838 4 4 5 5
20641 0 19592 32374 32373 40622 40621
19844 1 36475 4 2 2 2
5620 1 14606 3 3 3 2
4942 1 35741 6 5 6 6
12702 0 16539 71 71 122 120
16398 5 1361 1 1 18 3
40738 0 10135 25158 25158 18881 18881
819 1 20330 16 11 31 29
20681 3 25789 22214 22214 29079 29079
2173 6 12317 20 9 3 2
29181 1 6432 3 3 17 17
346 1 6498 8 7 3 3
9709 1 9837 7 5 10 5
5266 1 5265 5 4 6 3
30985 0 17910 9260 9259 4605 4605
21628 1 16687 12 8 5 5
39393 0 5540 1110 1109 2124 2117
16844 0 34093 3524 3524 7028 7027
10330 0 5598 356 356 30357 30341
22052 1 12989 6 4 10 5
11758 1 3657 1475 1471 2974 2974
33720 0 1406 21574 21574 30197 30186
40739 0 14015 2922 2922 8563 8557
40298 0 8495 2 2 6 2
5116 1 10792 25 19 66 62
33694 0 26952 22 22 53 52
36765 0 5101 15756 15755 22198 22197
27226 4 35331 171 171 429 429
16221 1 30101 2 2 5 3
32010 5 16320 7408 7408 38962 38948
16385 4 39672 47 41 5 5
26422 3 4250 5 3 4 3
2924 4 31881 226 151 3 3
23932 1 406 5 3 5 3
40741 0 10133 487 487 864 857
1478 4 38462 224 203 4 4
15891 0 14046 3 3 21 11
25424 0 17555 27180 27180 36248 36241
13797 4 32300 3404 3404 10284 10284
405 1 404 8 7 2 2
37796 0 5866 193 193 844 839
2634 0 13504 576 575 2689 2684
26727 4 28774 3195 3192 1036 1036
26243 0 39695 2397 2397 3627 3626
3948 1 32711 20 17 8 7
4019 6 21073 16 8 5 3
1187 1 20711 4 2 3 2
36443 0 26928 1404 1404 1700 1697
29481 0 10355 9 9 19 17
1476 0 25435 1089 1089 2723 2722
38542 0 22631 2 2 4 2
39106 0 14148 34479 34479 30398 30398
28771 1 27460 6 4 6 5
16045 1 24249 2 2 2 2
16468 0 12729 15 15 137 124
24561 0 12729 20 20 141 127
40742 0 11685 6193 6193 12740 12733
15794 0 288 12431 12431 28195 28189
17369 4 28877 44 39 15 15
4197 1 13361 22 17 11 10
1566 1 31545 17 12 9 9
20016 4 29851 264 251 108 108
21241 1 21240 7 6 6 3
21240 1 17480 16 13 12 12
4088 0 9256 4008 4008 9256 9252
21664 0 31614 24 24 14 14
20867 6 22620 24750 24749 25106 25105
6116 3 12878 6 2 4 2
31524 1 6685 2 2 4 3
31665 1 11001 4 4 27 24
4541 1 14758 7 7 3 3
38652 3 11896 8 8 11 9
29789 4 11615 443 436 58 58
40744 0 26617 27729 27729 23462 23462
6122 4 39635 1195 1190 505 505
4953 0 10842 8104 8104 12389 12382
38322 0 11870 38174 38174 35400 35399
10438 0 1730 9 9 561 462
32068 0 9304 1835 1834 4051 4041
40745 0 7189 8514 8514 13192 13182
30521 1 1450 9 8 50 46
14974 1 22486 15 10 8 8
24396 1 14974 9 9 21 16
26467 1 15256 5 5 11 9
15469 1 9188 8 4 10 6
3672 4 34478 11 10 3 3
23086 0 9505 31400 31400 38896 38896
11105 6 34671 20268 20266 1514 1514
31200 1 26039 11829 11829 9253 9253
33187 0 8237 100 99 395 388
30483 1 21607 2 2 7 5
14260 0 14310 17628 17628 23528 23525
15924 0 9367 6958 6958 17934 17912
19959 6 17574 15 9 5 4
24704 0 18355 16872 16872 30784 30784
31678 4 25631 21806 21804 18536 18536
39728 1 18568 3 3 3 2
6336 4 34815 61 48 2 2
18894 0 12741 3863 3863 6706 6701
31814 0 15640 1822 1822 6950 6946
31718 1 31717 3 2 2 2
3495 1 37604 4 3 2 2
33838 0 15312 35 35 240 238
38175 10 30680 3 3 3 3
11923 1 29297 6 3 5 4
17682 4 16176 122 120 38 38
40746 0 15865 24371 24371 26216 26215
17989 1 45 9 9 39 28
162 1 161 12 7 6 5
1070 1 31232 7 5 7 4
11915 1 11914 3 3 5 4
17597 1 1779 2 2 3 3
33223 0 35286 31 31 43 42
17231 0 11078 5 5 31 28
9415 1 8217 15 12 10 9
9822 0 532 3 3 91 14
25559 0 7427 17 17 10 10
35901 1 18889 2 2 2 2
5032 1 9078 6 4 4 3
280 0 12443 8566 8566 18595 18594
3547 0 16302 1972 1972 20037 20024
37263 0 33813 12360 12360 24039 24038
40748 0 206 5232 5232 23702 23671
2410 6 36725 7461 7461 8164 8164
29420 1 33730 7 6 5 5
20556 0 268 1034 1034 15287 15283
25280 5 2971 1 1 69 6
10990 1 27947 6 2 3 3
22682 0 15763 2 2 7 4
10975 1 35401 2 2 4 3
11252 6 6012 26 18 7 6
13074 5 14951 147 147 350 348
24987 0 33083 7648 7648 8479 8478
32258 0 30454 8 8 12 12
20630 1 11278 3 2 4 2
375 1 374 3 2 7 7
24087 1 34222 11 9 4 4
22866 1 930 8 8 4 3
26540 0 19984 21970 21970 35212 35210
1203 1 11625 4 3 16 12
2995 1 16224 13 8 3 3
39628 0 35692 3801 3801 14662 14662
12922 3 16574 11 7 9 7
13536 9 7072 2 2 2 2
17977 0 6556 16322 16322 24313 24302
14591 1 20529 4 3 4 3
17537 1 20736 824 823 3241 3241
22994 0 1953 5309 5309 23865 23849
28203 4 15915 5 2 2 2
20040 1 11683 5 3 3 2
22766 0 15613 9594 9594 16428 16427
3681 1 20829 4 2 3 2
9952 1 17840 23 16 5 4
8561 8 9939 1999 1999 1629 1629
26904 1 34013 4 3 4 3
30218 6 33864 15 13 7 7
19855 4 40081 374 374 2146 2146
7107 1 4018 17 15 6 5
14459 4 30600 66 66 237 237
31262 0 19491 3 3 13 11
3049 0 13373 31533 31533 40119 40119
18036 1 21116 8 7 4 4
4102 4 26935 14 4 4 4
4051 1 4050 5 5 15 14
32772 5 5042 6 6 242 236
18593 1 8011 3 3 4 3
3037 1 458 53 51 9 8
11489 1 19752 3 2 7 3
7408 1 2641 4 2 5 2
30952 0 4379 108 108 2215 2204
19369 1 11046 6 6 13 9
40754 0 5844 30105 30105 33067 33066
13702 0 9051 556 556 354 354
14342 0 16213 3968 3968 38004 38003
38142 1 9549 3 3 4 3
22223 1 17536 4 2 4 3
2364 1 22225 13 9 11 10
27307 2 23001 4190 4190 40469 40469
2159 1 6296 25 22 7 7
3441 3 8470 6 2 4 3
11504 1 11503 3 3 5 4
28552 0 35437 6505 6505 6927 6926
32595 0 22049 7332 7332 14418 14413
34018 4 40756 27229 27229 24367 24367
12675 1 12674 5 3 5 4
22838 1 8225 3 3 12 8
9602 0 32242 25211 25211 22444 22444
