1678 7 40551 449 213 1 1
1678 7 18056 367 135 1 1
1678 7 30089 384 150 1 1
1678 7 36781 498 260 1 1
1678 7 18000 283 53 1 1
1678 7 9202 345 114 1 1
1678 7 26036 21140 20899 7 7
1678 7 35669 517 277 1 1
1678 7 40887 40910 40667 155 155
1678 7 38204 31219 30977 18 18
17935 9 35175 6 6 2 2
785 8 10116 11380 10930 13 13
785 8 37575 8017 7569 7 7
785 8 21817 27772 27313 29 29
785 8 18729 460 18 8 6
785 8 12268 9158 8709 2 2
785 8 29200 12606 12155 11 11
785 8 23537 23744 23290 14 14
785 8 6770 36332 35863 43 43
785 8 1493 15707 15254 8 8
785 8 28822 31799 31338 3 3
785 8 15703 13921 13469 14 14
785 8 8245 2620 2176 2 2
785 8 36761 37357 36887 71 71
785 8 155 26737 26280 14 14
785 8 39420 29245 28785 16 16
785 8 38749 26881 26423 13 13
785 7 11761 11854 11840 19 19
16176 4 33688 1618 1616 137 137
18671 0 11241 3 3 29 14
19621 0 11241 1 1 16 2
15582 0 4030 20 20 842 813
25033 0 4030 1 1 51 25
31351 0 4030 20 20 666 638
19165 0 2969 218 218 8273 8264
21012 1 19165 7 4 5 4
16748 6 29001 8 7 9 7
31740 0 1183 2 2 160 117
26184 1 32091 9987 9984 116 116
32091 1 26184 76 76 6917 6914
4194 1 6975 7 7 4 3
6975 1 3569 3 2 7 2
15602 0 4367 1500 1500 17240 17211
6546 0 4367 46 46 10226 10198
24512 1 24859 2 2 2 2
33182 0 5053 4471 4471 20385 20382
5945 6 10270 79 76 109 108
5109 0 22368 2017 2017 28488 28483
20774 0 8060 352 352 23 23
12274 1 9268 2 2 3 2
12842 1 15886 6 2 3 2
13394 1 3789 4 2 2 2
13394 0 3459 485 485 4421 4414
38200 3 8055 9 8 74 72
36698 0 586 64 64 4512 4435
13143 0 586 48 48 16843 16763
7684 1 586 5 4 12 6
586 3 772 48 38 5 4
586 3 3510 604 593 12 12
586 1 11276 13 6 4 2
38212 2 121 9 9 1356 855
34053 2 121 5 5 1939 1432
21130 2 121 2 2 928 438
22680 2 121 2 1 494 13
33440 2 121 2 2 821 333
37929 2 121 3 3 1063 569
25514 2 121 5 5 1104 608
31531 2 121 7 7 1736 1230
15287 2 121 13 13 1664 1159
30007 2 121 2 1 483 5
33594 2 121 1 1 820 333
31050 2 121 4 4 1292 793
10443 2 121 2 1 479 4
13776 2 121 3 2 491 11
28371 2 121 5 5 946 455
25046 2 121 1 1 778 293
29285 2 121 4 4 754 270
29029 2 121 5 5 1141 643
39017 2 121 1 1 671 189
36587 2 121 18 18 1479 975
29042 2 121 9 9 1457 954
20341 2 121 13 13 1333 833
33915 2 121 2 2 1052 559
14588 2 121 2 1 484 5
121 6 39924 330 326 1003 1003
40757 0 1311 1404 1404 40605 40587
40804 0 1311 1440 1440 40598 40581
1311 0 896 85 85 181 176
18270 1 18269 4 2 2 2
13049 0 4990 3 3 125 107
36351 0 4990 6 6 760 740
29179 1 10971 2 2 2 2
23886 0 6769 9 9 20 19
30612 0 4411 3354 3354 22393 22392
14866 0 3633 82 82 1763 1758
35748 0 11399 3612 3612 38573 38566
31413 0 15186 10 10 10 8
20145 0 11015 6 6 93 92
40728 5 914 663 663 40655 40361
28450 5 914 887 887 26380 26089
7848 5 914 1 1 464 184
35945 5 914 1 1 661 379
25546 5 914 28 28 19096 18807
38155 5 914 1 1 305 26
36490 5 914 35 35 25601 25311
31958 5 914 1 1 881 598
16022 5 914 307 306 6289 6003
1595 5 914 11 11 1981 1697
5734 1 377 4 2 3 2
22785 0 5734 1278 1278 2798 2797
1255 6 24915 6723 6723 36955 36955
14244 1 11981 2 2 6 3
19390 0 4369 3 3 33 14
15364 0 4369 238 238 17895 17873
6533 0 4369 8691 8691 34251 34228
20079 0 4369 538 538 15823 15802
3634 1 4369 5 2 2 2
10990 1 4301 7 2 3 2
16398 1 2783 5 4 11 4
2783 1 1316 15 8 8 4
31737 0 16660 2 1 14 1
40758 0 6286 3893 3893 40467 40455
36771 0 6286 4 4 30 20
23301 0 6286 217 217 246 235
6286 1 7865 2 2 3 2
40759 0 45 15995 15995 40808 40805
45 1 44 22 11 2 2
30663 4 40225 282 281 42 42
14235 0 20549 325 325 5112 5107
20549 1 8731 3 2 6 3
15727 0 20842 341 341 166 165
28017 0 10090 52 52 23568 23554
40795 0 10090 9356 9356 40810 40795
32851 1 11382 8 8 64 63
21858 0 14369 5 5 51 47
34003 0 20650 20 20 24 23
5656 1 624 3 2 9 4
624 1 34337 10 5 2 2
32035 1 33317 2 2 2 2
6074 0 11052 6923 6923 2735 2735
6074 1 6073 3 2 2 2
31355 4 35983 738 735 97 97
10203 0 23680 11333 11333 28797 28797
34114 4 1598 54 53 4 4
15430 4 617 13 3 3 1
617 6 23164 1180 1165 60 60
40760 0 3796 17857 17857 40813 40801
40898 0 3796 1519 1519 40525 40514
27089 0 25460 2 2 10 2
38920 0 20791 14156 14156 13896 13896
26740 0 15987 6 6 149 144
26740 5 4475 1 1 73 53
33592 0 3640 1 1 122 53
21749 0 16741 3 3 17 13
40287 6 21134 338 338 153 153
14022 1 6297 7 3 2 2
14504 1 14022 2 2 8 4
40761 0 448 10233 10233 40630 40605
23685 1 146 7 6 4 3
24780 0 39997 35806 35806 15319 15319
40762 0 1763 8436 8436 40811 40806
6572 1 6944 8 4 4 2
6944 0 1701 14 14 334 327
4031 1 9327 12 4 7 4
37067 1 10473 2 2 3 2
23647 0 1338 8 7 158 131
23277 0 13709 826 826 15104 15085
3947 0 12235 63 63 4245 4236
12250 1 12717 2 2 2 2
271 6 40026 1818 1791 73 73
14931 1 36099 34 32 204 203
36099 1 14931 593 592 53 51
36099 1 27949 2 2 3 2
14576 5 2971 6 6 112 49
13484 5 2971 1 1 66 4
7443 1 25067 8 5 5 4
16880 0 18633 4116 4116 20550 20543
16881 1 16880 3 2 5 3
17282 0 228 25 25 9220 9146
33871 0 228 123 123 13465 13389
40763 0 987 911 911 38810 38805
20046 0 4696 125 125 7207 7200
8415 2 7033 4 2 6 1
15870 1 18392 3 2 5 4
25017 9 18392 4 4 3 2
3787 1 8742 3 2 6 2
23980 0 3787 981 981 5302 5285
8742 1 19068 8 4 10 5
11482 1 10803 4 3 2 2
2901 0 30222 28640 28640 31075 31075
10757 0 3459 179 179 9763 9755
26302 0 3459 744 744 15016 15007
10581 4 27666 6327 6327 16748 16748
11449 2 6220 1246 1245 8883 8876
258 6 35861 10302 10298 707 707
25183 3 11235 6947 6947 21061 21060
15107 1 15106 2 2 2 2
20809 4 32820 714 696 32 32
20809 4 32206 725 706 24 24
4981 1 17073 5 3 3 2
16542 0 4523 53 52 479 477
40894 0 16542 14650 14650 40383 40381
10161 1 10160 3 2 5 2
10160 0 15134 1087 1087 5846 5839
26185 1 15249 2 2 2 2
1771 1 1770 9 5 3 2
1771 1 9610 18 12 7 4
1771 1 36226 14 9 2 2
24128 0 8842 867 867 12795 12792
26157 1 31405 3 2 3 2
31405 1 31404 3 2 2 2
6096 1 29574 10 7 3 3
31306 6 34770 250 250 2579 2579
65 9 439 2 2 5 5
9078 1 23938 3 2 3 2
10215 0 5164 554 553 16589 16579
1559 8 14508 34 16 2 1
1559 8 25902 21720 21701 7 7
23501 0 1668 4326 4326 33669 33597
20112 1 27611 2 2 2 2
29717 0 30926 2315 2315 19670 19669
40020 0 17095 18972 18972 40345 40344
23138 0 1929 10 10 1574 1344
38723 0 1929 1 1 220 1
27757 0 1929 1 1 222 2
35086 0 1929 1 1 227 3
20750 0 1929 1 1 223 2
38906 0 1929 2 2 249 22
18333 0 1929 3 3 351 122
15970 1 3369 3 2 4 2
8306 2 25327 3 2 33 26
25327 5 3250 351 351 9045 9033
32633 1 5596 3 2 7 3
30166 0 5644 28 28 7042 7024
3771 0 5644 7 7 1035 1018
36968 0 18425 4228 4228 14763 14760
4765 1 4764 4 3 7 3
17970 0 4765 12 12 1513 1508
13604 2 251 1 1 138 129
37309 0 30216 2443 2443 2932 2932
38488 0 19873 8191 8191 6495 6494
21703 2 1136 3 2 104 37
37709 2 1136 3 2 225 155
29422 2 1136 3 2 180 112
34900 2 1136 3 2 199 130
4319 2 1136 10 10 1390 1319
35289 1 33808 2 2 3 2
7560 1 5488 3 2 6 2
40937 0 5488 797 797 37254 37251
13163 0 5488 1930 1930 2535 2533
3087 1 18847 3 2 3 3
27819 0 3087 2706 2706 25192 25177
29206 1 25712 3 2 4 4
4485 0 608 103 103 2914 2550
4485 1 4213 8 5 8 3
2562 0 608 8270 8270 23210 22830
40838 0 608 17247 17247 40662 40267
14223 0 608 2237 2237 16424 16051
9757 0 608 1491 1491 11402 11035
21406 0 608 1506 1506 21652 21273
20006 0 608 6782 6782 32956 32569
1328 0 608 45 45 14140 13771
30256 0 608 29 29 7372 7007
28595 0 608 8488 8488 30006 29621
40884 0 608 26478 26478 40881 40481
33590 0 608 2342 2342 19213 18835
40777 0 608 21542 21542 40781 40383
39245 0 608 3451 3451 27504 27120
40785 0 608 15919 15919 40733 40337
40793 0 608 4470 4470 40335 39945
40814 0 608 5793 5793 40336 39945
7793 0 608 7509 7509 24100 23718
37242 0 608 1544 1544 24221 23838
40830 0 608 11333 11333 40657 40263
40764 0 29777 8602 8602 40723 40721
13128 0 959 6 6 4656 4625
35052 0 959 5398 5398 30632 30600
14092 1 7130 4 3 4 2
40765 0 18 16234 16234 40913 40913
37609 0 25129 12799 12799 38125 38120
3268 1 10028 3 2 5 3
40766 0 35564 33037 33037 40341 40340
15729 1 12999 6 3 10 8
12999 1 15729 12 10 10 7
35258 4 25396 121 121 27 27
38187 1 29741 2 2 4 3
38187 0 2275 50 50 6374 6342
40767 0 15247 5224 5224 39089 39086
27131 1 17012 2 2 2 2
15936 0 23068 4 4 6 4
7803 1 13968 14 12 27 25
13968 1 7803 40 38 11 9
40572 0 32910 33870 33870 40782 40779
39830 0 32910 3 3 9 7
14004 0 25065 32 32 88 85
25065 0 4789 132 132 8495 8493
32733 0 248 38 38 542 532
10121 0 248 54 54 478 469
30194 0 7722 9 9 678 666
23606 0 4877 8 8 3801 3790
32247 0 4877 2 2 578 568
30622 0 2318 1 1 196 75
26982 0 2318 49 49 1398 1271
9320 0 2318 25 25 1463 1335
26224 0 2318 4056 4056 15373 15242
18713 0 2318 2 2 370 245
38875 0 2318 69 69 1799 1670
3443 1 12083 5 4 3 2
13887 0 3443 329 329 4378 4367
18271 0 3443 4 4 1153 1143
4423 0 24850 52 52 44 43
1038 4 13190 267 98 4 4
1038 4 40447 250 83 2 2
1038 4 33781 269 99 4 4
1038 4 31677 206 44 1 1
1038 4 7455 210 47 1 1
23751 4 8080 53 49 4 4
8080 4 23312 104 101 8 8
25625 5 2176 3 3 4462 4359
24036 5 2176 4 4 6480 6376
18415 5 2176 6 6 7327 7222
29637 0 28168 67 66 339 334
17924 0 7315 1547 1547 19397 19392
13300 0 11301 124 124 1461 1452
13300 6 14769 9009 9006 11562 11561
25115 0 11301 2006 2006 7953 7942
20438 0 11301 643 643 8439 8427
37862 0 11301 399 399 4532 4522
34851 4 31118 7 6 5 5
40242 0 24346 6179 6179 29013 29010
26644 1 4985 4 3 3 2
26644 1 16054 3 3 3 2
8110 0 12168 10 10 1663 1628
36165 0 12168 864 864 19455 19418
22455 6 27199 1668 1668 31451 31451
7288 1 36878 2 2 2 2
19322 5 7288 13 13 3608 3594
40768 0 1784 9540 9540 40832 40784
15769 0 1784 19 19 4532 4487
40438 0 1784 100 100 20209 20163
40839 0 1784 2266 2266 40621 40574
27441 0 25270 33767 33767 35913 35912
25270 0 6354 874 874 2809 2806
12380 1 20717 5 2 3 2
3729 0 20717 480 480 26209 26198
176 1 25906 1913 1912 23344 23341
25906 1 176 24665 24662 3259 3258
40769 0 10981 7210 7210 40645 40644
24894 0 7247 28 28 125 116
27000 0 7247 650 650 28140 28130
17047 0 13439 11899 11899 33577 33577
40770 0 3005 11922 11922 40848 40834
12076 1 3005 4 3 9 3
12740 4 40747 40259 40259 34137 34137
16545 1 14634 2 2 11 4
4313 1 3457 10 4 8 4
1482 0 13752 11153 11153 4592 4592
1482 1 35255 6 2 4 3
11251 1 13752 3 2 3 2
28721 1 22741 2 2 3 3
28721 0 15897 3 3 58 55
3761 0 8987 17125 17125 16406 16406
8987 3 23784 25755 25755 8494 8494
7280 1 26118 3 2 2 2
28912 1 26118 10 9 5 4
38386 0 1904 3 3 4 2
6607 1 11157 5 2 3 2
637 6 31616 710 670 25 25
637 6 39715 883 842 34 34
637 6 14054 393 354 13 13
637 6 39536 1592 1547 79 79
637 6 23571 1490 1446 68 68
637 6 40404 926 884 64 64
637 6 29851 1082 1039 22 22
5767 4 21704 134 116 2 2
3432 4 7926 218 216 3 3
3509 0 3407 28 28 158 154
13238 0 3407 19 19 69 66
26647 1 3407 4 3 7 2
24287 1 17938 4 3 5 4
36533 9 24287 3 3 12 11
17939 1 17938 2 2 12 10
9673 1 8487 39 36 13 10
7998 1 9673 5 2 4 2
8487 1 7998 4 2 5 2
3814 1 3548 5 2 2 2
23744 0 296 19 19 3185 3033
21505 0 296 30 30 2118 1967
7397 0 296 1 1 138 1
10506 0 296 2 2 165 22
38028 0 296 1 1 146 5
12013 0 296 2 2 179 35
15119 0 296 3 3 279 133
36945 0 296 23 23 1931 1781
36798 0 51 54 54 2426 2230
38369 0 51 3 3 1120 926
40705 0 51 6330 6330 40403 40203
20387 0 51 3 3 431 239
40810 0 51 12709 12709 40709 40508
27837 0 51 2 2 574 381
5886 0 51 17 17 6626 6427
20051 1 20050 3 2 5 3
20861 1 5558 3 2 6 4
26868 0 6233 9 9 2103 2094
26868 1 5872 4 2 6 3
37434 0 917 28 28 3619 3616
25228 0 917 318 317 58 56
20402 0 16155 4226 4226 18522 18521
30004 0 2482 84 84 19221 19211
18986 0 2482 18 18 753 744
39024 0 29467 2653 2652 2911 2910
38724 0 29467 11311 11311 36077 36075
36561 5 129 2 2 7199 7155
1583 0 129 208 208 21972 21963
406 1 1287 5 3 11 4
23997 1 406 3 2 3 3
18173 1 1287 11 9 122 112
40882 0 1287 17128 17128 40831 40791
332 0 1287 5 5 201 163
18612 4 33576 82 61 7 7
18612 4 19325 26 7 1 1
12266 4 18612 13 6 1 1
5940 0 532 1 1 76 2
1521 0 532 3 3 152 74
40279 0 532 1 1 78 3
30426 0 532 2 2 92 15
15231 0 532 2 2 81 5
40771 0 10613 7605 7605 39300 39289
29184 1 22723 3 2 3 2
29184 1 30903 4 2 2 2
6386 0 26454 3137 3137 34280 34276
3277 1 37105 5 5 3 2
31630 0 33081 9663 9663 40552 40551
33081 0 3606 430 430 6750 6737
1354 1 1353 3 2 7 2
4940 6 40772 40924 40922 23318 23318
4385 0 4940 427 427 30375 30365
29446 0 4940 534 534 34276 34265
24366 1 7539 2 2 2 2
9683 6 40773 40186 40185 1400 1400
40773 0 2732 13339 13339 40702 40699
33864 0 13576 9 9 44 39
28351 1 685 2 2 3 3
35900 3 685 3 3 484 481
8053 1 32295 8 2 3 2
35212 0 8053 879 879 21838 21836
8643 0 1819 4 3 234 228
7117 1 8643 5 3 4 2
24594 5 1819 1 1 3090 3050
3210 5 1819 1 1 40 1
27467 0 31416 1948 1948 32710 32708
464 1 3675 3 3 70 64
3675 1 12232 25 19 5 4
3675 1 19310 7 2 3 2
4006 1 7203 6 3 3 2
1307 1 11050 5 4 14 5
10097 6 15251 13819 13819 7898 7898
21168 1 10097 4 3 4 2
23083 0 26718 32655 32655 33993 33993
21673 0 26120 4957 4957 31583 31582
26120 0 6426 12 12 239 231
24650 0 27939 18011 18011 36932 36928
38457 1 9568 2 2 3 2
27178 0 2497 6 6 2165 2068
31174 0 2497 2 2 2115 2019
19058 0 2497 2 2 929 836
23035 0 2497 44 44 4531 4433
5147 0 2497 8 8 4926 4827
5305 1 1 7 4 3 2
29442 1 5305 4 2 7 4
12784 4 1630 73 68 1 1
12784 4 5463 277 271 4 4
25315 1 20655 5 2 4 3
8198 0 20655 2371 2371 16340 16336
20655 1 5129 3 2 8 4
931 0 2275 70 70 9799 9765
11433 0 2275 49 49 8023 7990
14758 0 9787 12 12 7242 7223
36898 0 1686 33 33 6337 6330
40774 0 16369 8697 8697 40405 40400
17226 1 10110 2 2 3 2
27870 2 2023 4 4 569 519
18478 2 2023 18 18 2306 2253
11490 2 2023 11 11 1258 1206
20278 2 2023 41 41 6810 6756
16554 1 29212 4 2 3 2
29212 0 34093 23379 23379 6958 6958
36825 0 20796 1 1 18 13
5335 5 9988 17 17 760 758
29725 5 9988 59 59 9410 9407
1864 4 39744 198 119 4 4
1864 4 12986 218 138 6 6
1864 4 9221 229 148 8 8
1864 0 1703 1 1 29 1
12378 1 3604 3 2 6 2
9895 1 13428 8 4 2 2
15667 1 15666 2 2 4 2
2507 3 4435 5301 5300 4216 4216
6789 9 2507 2 2 8 7
16918 1 2507 7 3 14 5
20071 4 20803 50 45 1 1
20849 1 14778 5 3 2 2
13053 1 24622 3 3 5 2
40284 1 24622 2 2 9 5
19366 0 20234 4173 4173 27605 27603
26315 0 19366 3 3 39 32
35882 2 2524 754 753 7048 7004
33234 2 2524 2 1 45 4
40939 2 2524 4 4 40735 40690
8199 0 15331 3976 3976 24939 24937
19502 1 12706 3 2 4 4
11732 1 7659 5 4 9 4
29649 0 11732 4883 4883 38948 38940
7659 1 7279 7 2 4 2
12815 4 27688 113 91 3 3
12815 4 20570 35 14 1 1
26871 0 2084 932 932 113 113
4955 6 15531 4 3 7 4
8178 1 11153 2 2 2 2
2181 6 20785 1605 1588 109 109
2181 6 11583 4177 4159 179 179
23792 0 30977 8 8 1408 1403
4102 4 38587 54 44 2 2
40775 0 35896 3193 3193 32184 32183
6696 1 21296 4 2 4 2
21295 1 6696 2 2 4 2
8023 1 21296 4 3 3 2
3303 0 10707 5344 5344 12324 12298
17408 0 4099 9026 9026 27725 27724
23226 0 34449 10931 10931 38489 38488
4136 1 4135 5 2 2 2
39465 0 16668 9930 9930 22830 22826
16257 0 23562 9328 9328 10524 10519
4227 6 32367 35528 35525 1810 1810
40607 0 4227 14221 14221 40771 40768
16679 1 16678 2 2 4 3
1122 9 23212 7 6 2 2
23212 0 2918 4 4 3584 3506
7532 1 7531 10 6 3 2
29273 1 14570 2 2 7 4
5949 0 3779 7 7 1869 1815
8913 0 3779 33 33 6596 6541
23795 2 2580 1 1 133 93
9939 2 2580 2 2 222 180
20115 2 2580 1 1 62 23
36622 2 2580 1 1 59 21
15250 5 2644 1 1 23 7
4951 1 5069 3 2 5 2
7948 1 8993 4 2 2 2
3755 1 18943 4 2 3 2
18943 1 30961 3 2 3 2
17857 1 11523 4 3 5 3
6924 4 37669 264 249 6 6
6924 4 25551 62 48 1 1
30696 4 40310 1785 1785 2964 2964
5259 0 9217 33 33 1798 1790
28032 0 5259 96 96 1603 1595
20159 4 23395 8439 8438 442 442
17347 4 20159 9720 9716 17 17
3882 4 10151 29 29 17 17
8811 0 2340 249 249 20181 20179
32387 0 8811 7263 7263 30873 30870
35192 0 2340 206 206 29591 29588
19066 6 13595 5101 5095 590 590
2887 0 2938 2 2 13 10
2887 1 7436 4 2 6 4
15497 1 2938 4 4 3 2
25015 4 28828 142 142 1747 1747
21810 4 25015 185 176 22 22
3850 0 160 11 11 1576 1537
15553 0 160 39 39 3099 3059
17933 0 160 193 193 9100 9058
30234 0 2731 2 2 333 306
46 0 14274 719 719 5972 5966
14834 1 16497 14 11 5 2
14834 1 8390 4 3 8 4
14834 1 5110 9 7 16 7
40922 0 14834 18961 18961 40818 40813
11673 1 5110 3 2 12 4
29358 0 2687 1 1 34 1
8288 0 2687 1 1 37 1
33791 0 2687 1 1 36 1
33543 0 40596 40380 40379 1470 1470
172 4 7119 19717 19716 17554 17554
35331 5 172 4 4 2224 1878
28580 5 172 3 3 3481 3132
18603 5 172 17 17 17333 16974
36972 5 172 14 14 1615 1271
78 5 172 1 1 1255 913
33614 5 172 2 2 2281 1934
35822 5 172 2 2 7823 7469
39121 5 172 2 2 2323 1975
22074 5 172 28 28 7378 7025
20314 5 172 3 3 5502 5150
1118 5 172 1 1 1833 1488
21326 1 23555 7 3 5 2
2173 6 38083 16 5 2 1
2173 6 18659 594 582 43 43
33947 4 39713 699 699 1096 1096
18377 3 4166 5 4 5 2
34858 0 18783 5027 5027 40250 40249
3968 1 5813 4 3 8 2
11261 1 5813 2 2 7 2
5813 1 31835 10 3 5 4
36714 0 38851 36075 36074 20728 20728
30857 0 30511 7173 7173 27068 27067
1365 1 15439 13 12 7 5
39987 0 81 2 2 143 96
36104 0 81 1 1 47 2
5785 0 26217 278 278 365 361
19380 0 26217 2 2 7 4
6787 1 26217 6 3 3 2
16634 0 9747 11 11 1029 1013
36078 1 7833 2 2 2 2
32975 0 9558 588 588 5612 5612
32975 1 32002 2 2 2 2
22353 1 15922 4 2 3 3
1604 1 6991 4 2 6 3
2547 1 14925 3 3 4 2
14212 0 14737 2 2 13 2
4130 0 3621 5 5 14 7
24323 0 3621 220 220 6813 6805
3621 0 9758 8 8 48 31
10319 4 33522 121 105 4 4
27683 1 39142 2 2 2 2
16503 1 110 3 3 6 2
40776 0 5310 272 272 38807 38797
25496 0 5310 3 2 118 109
1913 6 25274 957 952 124 123
33711 5 19257 2 1 10 3
32197 1 22383 3 3 4 4
23062 1 12031 2 2 3 2
26578 0 239 89 89 10218 9963
19936 0 239 3131 3131 27129 26865
40929 0 239 30578 30578 40888 40621
24226 0 239 643 643 9215 8963
20767 0 239 571 571 11342 11085
19429 0 239 1017 1017 11193 10937
32842 0 239 1810 1810 19479 19218
34670 0 239 8440 8440 29297 29032
23758 0 239 2 2 2893 2644
13023 0 239 9 9 1301 1055
16182 0 239 328 328 8247 7996
17401 0 239 80 80 12111 11853
34239 0 239 146 146 17013 16753
2069 1 15760 15 5 4 3
22182 1 3014 5 3 3 2
31096 1 15639 5 3 7 3
15639 1 29383 7 3 3 2
15639 1 207 8 3 4 2
13398 0 71 41 41 748 685
2736 4 13398 394 345 5 5
13398 4 7720 52 45 10 10
20939 0 2215 14 14 6615 6610
7946 1 1765 3 2 3 2
1947 0 1249 6 6 1312 1267
22728 1 16506 2 2 4 2
34810 9 22728 2 2 2 2
3254 0 2886 248 248 3166 3158
18890 4 37812 346 343 62 62
18890 4 28071 109 107 23 23
24803 4 28831 270 269 72 72
12939 1 23279 8 6 2 2
13702 1 12070 7 3 4 3
27600 0 7589 80 80 12088 12079
24117 1 1225 4 4 2 2
1110 0 20337 228 228 1970 1965
40926 0 20337 14806 14806 40876 40869
354 4 36395 244 241 4 4
24159 0 12803 10293 10293 21434 21434
26948 2 3620 12 12 1514 1489
37272 0 7800 46 46 4755 4744
23037 4 3762 513 511 25 25
33783 2 1326 35 35 1663 1526
22501 2 1326 1 1 405 272
31495 2 1326 1 1 529 394
19086 2 1326 8 8 471 337
38740 2 1326 2 2 542 406
38719 2 1326 494 494 31367 31229
36238 0 1326 28 28 1300 1286
18160 0 1200 885 885 777 777
23552 1 10327 4 2 4 2
40037 0 19153 5381 5381 29480 29478
33552 0 40037 8328 8327 24135 24135
7751 0 3712 507 507 37871 37862
7196 0 3712 140 140 5300 5293
28826 1 3712 6 5 12 4
26351 6 25426 1332 1332 1481 1481
17946 0 26351 47 47 1119 1115
10124 0 25426 1061 1061 3359 3355
6974 6 17672 733 732 55 55
19506 1 15393 3 2 3 2
32325 0 17590 77 77 7386 7378
40778 2 26169 6326 6326 39611 39611
36197 4 29170 1395 1395 1376 1376
1264 1 22448 6 3 3 2
40779 2 1646 84 84 40648 40606
40782 2 1646 63 63 40355 40314
40780 0 379 370 370 39542 39525
40828 0 379 12776 12776 40807 40789
14490 1 12757 2 2 5 2
34243 0 1244 2 2 282 3
12545 0 1244 3 3 291 7
28964 0 1244 3 3 526 237
4871 0 1244 1 1 280 2
17807 0 1244 2 2 315 29
14487 0 1244 1 1 279 2
40781 0 4921 20055 20055 40755 40752
9372 1 1508 3 2 4 3
2261 4 19476 46 30 4 4
2261 4 18565 41 26 1 1
5771 4 39949 56 48 1 1
13951 1 3521 6 2 8 4
18299 1 274 4 3 10 3
15954 1 34113 5 2 2 2
17141 0 21055 4 4 8 5
13878 1 26428 5 2 3 2
35918 0 391 469 469 26254 26251
39002 1 39001 2 2 2 2
4532 1 26446 17 17 2 2
11891 5 16320 118 118 29308 29295
13955 1 11289 2 2 4 2
1592 1 17240 7 2 2 2
15523 0 2604 52 52 2151 2116
36776 0 2604 3292 3292 37255 37213
40872 0 2604 4644 4644 40534 40491
6989 0 2604 2398 2398 21026 20986
38136 0 2604 930 930 7510 7472
31426 1 2604 4 3 11 3
12623 1 6107 99 99 23 20
22297 1 8322 4 2 3 2
21592 1 22297 3 2 5 3
4547 1 21674 11 3 7 4
32040 1 4547 4 3 10 2
7982 1 20572 5 5 6 3
7983 3 7982 4 3 3 2
31376 2 743 1 1 271 167
32748 2 743 7 7 1409 1301
36118 2 743 6 6 2677 2568
743 6 9450 12 11 18 18
39780 0 2807 173 173 11211 11207
4722 0 2807 33 33 2341 2338
35415 0 2807 6039 6039 34310 34304
15011 0 1542 197 197 1271 1251
10421 1 10420 8 5 3 2
26009 0 265 3 3 336 79
9536 0 265 4 4 404 144
15205 0 265 1 1 252 1
36270 0 265 2 2 905 644
39375 0 265 3 3 321 65
12974 0 265 3 3 299 44
25076 0 265 2 2 264 12
19351 0 265 3 3 355 96
11480 2 1534 17 16 549 542
40783 0 4407 11295 11295 39078 39078
4407 1 39995 9 2 2 2
8464 1 8424 7 3 4 2
23763 1 3300 2 2 12 6
24479 1 23586 6 3 3 2
28656 0 21 2 2 80 13
38617 0 21 2 2 69 3
39259 0 21 607 607 17786 17717
6493 0 3567 463 463 1205 1203
21912 0 22347 67 67 168 167
24178 1 9908 7 2 2 2
22121 0 351 1 1 122 1
25316 1 746 5 3 6 5
3063 1 4791 31 26 85 82
11495 0 4791 42 42 16696 16682
36889 0 883 3 3 297 80
22017 0 883 3 3 554 334
39078 0 883 2 2 251 39
7495 0 883 7 7 591 370
7498 0 883 6 6 252 39
36527 0 883 2 2 269 54
31583 0 883 3 3 407 188
40784 0 14144 13469 13469 40614 40596
3408 6 8243 82 12 2 1
3408 6 8940 492 416 2 2
3408 8 38801 39318 39252 87 87
3408 8 28506 89 24 6 5
10233 4 38705 759 745 3 3
36048 6 18704 375 375 5831 5831
1046 7 36048 6185 6067 2 2
1962 1 1961 10 5 7 4
11585 3 21329 62 59 62 61
32391 1 11972 2 2 2 2
31739 4 18679 53 51 7 7
26785 1 7703 2 2 7 2
20520 1 6788 4 2 3 2
11565 1 37185 10 2 3 3
11565 1 12441 9 2 2 2
29689 1 11565 2 2 10 2
19922 0 8858 105 105 6205 6194
15795 6 39521 1683 1683 16477 16477
840 8 19493 13 1 6 4
840 8 36647 83 70 11 11
840 6 30428 4598 4585 184 184
26662 0 7523 919 919 12637 12634
26756 0 9311 335 335 11871 11860
12636 1 24788 8 4 2 2
20784 1 387 16022 16021 10318 10318
387 1 20784 12137 12137 26509 26508
12153 3 19756 126 125 3 3
13239 0 284 2 2 246 24
34758 0 284 1 1 222 4
35142 0 284 2 2 255 32
33324 0 284 1 1 215 2
24884 0 284 1 1 223 4
39131 0 284 2 2 257 33
26984 1 38840 4 2 2 2
9435 1 13227 7 4 11 4
5449 0 9435 789 789 374 373
31592 1 13227 2 2 12 4
23798 1 23297 4343 4340 5683 5682
21935 1 23297 3 2 2 2
4425 0 9880 4 4 61 52
17011 3 17169 17 15 50 46
7442 1 23836 4 2 4 2
7442 0 12505 2766 2766 13825 13817
23836 1 3274 5 3 5 3
17432 1 30826 2 2 2 2
11988 4 31236 19690 19689 174 174
31236 4 34496 11 10 1 1
1444 0 9048 3 3 420 405
5768 0 1444 9712 9712 17831 17795
39440 0 1444 25 25 1186 1151
20898 0 9048 37 37 19333 19313
2408 0 9048 125 125 4718 4702
33742 0 9048 1880 1880 16339 16320
38351 0 9048 12524 12524 36991 36970
6375 1 8324 3 2 2 2
37317 0 6230 1445 1445 14241 14240
10713 4 2207 1229 1224 39 39
40786 0 1672 1695 1695 40558 40522
40892 0 1672 31 31 37441 37406
28472 5 10737 38 38 1733 1730
10737 6 27038 1444 1440 6 6
21537 0 1027 1 1 155 5
35194 0 1027 1 1 157 6
39579 4 25695 1853 1853 45 45
12699 0 2137 1 1 15 4
27906 0 19986 12316 12316 33506 33503
19986 1 16852 5 3 4 2
30297 1 3771 3 2 4 2
39950 0 2362 2 2 12 10
16469 0 178 346 345 9315 9303
34721 0 178 1071 1070 17404 17391
9225 0 178 57 57 2566 2555
31063 0 2110 5 5 1000 810
38241 0 2110 49 49 4165 3971
31237 0 2110 2 2 533 346
5590 0 2110 16 16 493 307
7272 1 33016 2 2 4 2
17837 0 7272 776 776 9357 9356
36109 1 33016 2 2 3 2
33016 1 33015 4 2 2 2
39272 0 12035 2 2 20 11
11022 6 27914 1338 1331 33 33
40787 0 5243 40 40 26161 26156
3741 1 18271 2 2 2 2
40788 2 593 184 184 40624 40597
27944 2 593 134 133 3877 3852
9102 2 593 10 8 41 17
40548 0 16045 2837 2836 391 390
758 1 10360 5 3 7 2
10360 1 10359 8 3 2 2
3223 0 3161 2 2 1128 1092
5881 1 18355 5 4 2 2
38969 0 16196 5 5 15 15
29347 0 1461 19833 19833 35777 35764
1650 1 16394 15552 15544 3605 3605
1650 1 16302 7 2 2 2
40174 1 1650 1375 1375 11656 11649
9952 1 37466 16 8 2 2
2245 0 2918 17 17 1429 1353
2245 1 2244 6 4 5 2
14233 0 2918 16 16 7458 7379
1079 0 2918 21 21 2588 2511
32727 1 24872 3 2 3 2
39701 0 5987 35513 35513 10502 10502
15176 1 18854 9 3 5 3
18854 0 7016 4456 4456 28487 28485
24327 0 3027 328 328 17485 17432
14366 0 24327 19102 19102 40251 40251
23190 1 13002 4 3 14 10
5729 1 20226 2 2 3 2
20226 0 13887 116 116 4790 4785
8274 1 8999 6 4 11 6
18181 1 8274 4 2 4 2
9428 1 8999 3 2 7 3
8511 1 31347 3 2 2 2
21811 0 278 1 1 176 2
33666 0 278 1 1 179 2
21874 0 278 1 1 178 2
29143 0 278 1 1 177 2
18106 0 278 1 1 175 2
39291 0 278 2 2 274 93
37756 0 278 1 1 172 1
511 0 15897 66 66 20 18
15736 0 1677 518 518 14076 14019
829 0 1677 5 5 594 539
27621 0 1677 6687 6687 26157 26098
29445 1 1550 4 3 7 4
18936 4 39578 68 67 18 18
34932 2 14540 11 10 103 99
647 1 6311 9 2 2 2
33210 6 17250 2005 2005 20901 20901
9637 5 1981 12 12 5594 5541
21619 5 1981 9 9 8911 8857
11643 3 3908 18008 18007 2895 2895
30998 1 7774 3 2 3 2
30998 1 2447 2 2 3 2
16669 2 916 2 1 147 8
8577 2 916 2 1 373 227
18018 2 916 2 1 272 127
35944 2 916 2 1 186 45
9258 2 916 2 1 216 74
34189 2 916 2 1 241 98
21737 0 2589 73 73 13756 13739
40303 0 2589 294 294 35512 35494
3167 1 6502 7 2 6 3
17014 2 3167 2 1 34 13
7204 1 3167 6 4 12 7
32383 0 427 2 2 78 8
13521 0 427 2 2 73 4
11437 0 427 5 5 118 47
16023 0 4958 4 4 7 5
5777 4 4318 24 10 2 1
5144 4 4318 36 33 10 8
4318 6 27523 1681 1677 115 115
19086 6 12484 4 1 4 1
12201 4 22304 352 346 44 44
10786 1 14577 5 3 8 6
20175 0 7143 23 23 401 395
1205 1 23424 4 2 3 2
35226 0 37189 86 84 31 29
19169 1 25362 3 2 4 3
14940 1 12227 3 2 4 2
12227 1 13800 5 3 4 2
2813 0 3170 8029 8029 8971 8971
3170 1 3169 6 3 3 3
35238 1 8601 2 2 4 2
36661 1 39486 3 2 2 2
17745 5 774 84 84 22645 22506
17745 2 1137 53 53 11651 11544
37417 5 774 1 1 139 7
29963 5 774 1 1 157 22
40735 5 774 7624 7624 40938 40798
23613 4 28865 410 406 2 2
24660 4 23613 2498 2495 212 212
6782 5 5167 1430 1430 40276 40256
34227 5 5167 465 465 29354 29335
5167 6 27267 19807 19806 1544 1544
40789 0 25921 7603 7603 40710 40710
18492 6 36549 34 33 2 2
864 1 14562 7 3 4 3
32699 0 14562 3160 3160 34120 34110
4521 1 25708 8 4 3 2
10559 1 10558 2 2 2 2
3083 0 26431 694 694 12319 12314
5974 0 9758 907 907 9016 8995
4522 0 9758 64 64 1743 1723
12683 0 9758 275 275 9323 9301
19 0 29519 271 271 93 91
38094 4 40790 40900 40900 27792 27792
36200 0 5055 9431 9430 19801 19801
204 1 3048 7 2 2 2
32488 1 204 4 3 7 2
40791 0 11084 644 644 40323 40305
33754 1 5275 2 2 3 2
32 4 32392 219 202 15 15
32 4 24489 169 153 7 7
12319 4 14836 57 52 2 2
27811 2 10916 45 44 255 250
30475 0 10916 15597 15597 24719 24719
15792 0 3763 2 2 979 974
8019 1 30805 9 5 3 2
2949 1 8019 6 3 9 5
30805 1 16646 9 7 8 5
35060 0 5892 3 3 1200 1192
11125 4 10606 5 5 3 3
25276 1 3926 4 3 7 2
13830 1 6490 10 4 5 5
13830 1 7308 8 3 4 3
6490 1 13830 47 47 14 8
1366 0 29 4 3 8 1
29 1 11186 5 3 3 2
6226 1 29 2 2 7 5
19987 4 11397 491 489 74 74
4506 1 9454 5 2 5 3
6037 0 39187 1877 1877 7797 7795
39187 0 11100 165 165 32581 32563
2381 2 12273 1 1 48 1
7324 2 12273 1 1 50 1
6513 0 650 187 187 1543 1502
37308 0 650 24 24 4595 4553
40792 0 9525 17260 17260 40733 40729
30839 1 10851 2 2 3 2
21181 5 232 7 6 203 194
11205 5 232 128 128 31183 31173
24984 0 232 62 62 9561 9555
38752 0 728 2771 2771 29902 29895
8716 6 31315 789 789 900 900
24013 1 23715 4 2 7 4
36734 5 985 11 11 3871 3804
7458 5 985 3 3 369 305
12641 0 39 5 5 466 257
7396 0 39 1 1 198 2
21862 0 39 1 1 201 4
21561 0 39 1 1 204 5
13466 0 39 1 1 218 17
17532 0 39 4 4 481 271
18621 0 39 1 1 280 75
1398 0 19101 6932 6932 33339 33337
13758 1 29291 4 3 5 2
4555 0 1115 4528 4528 29762 29753
39750 6 18050 2437 2437 24617 24616
11789 1 24319 13 13 3 2
24319 1 11789 4 3 3 3
7072 1 9237 11 5 3 2
13503 1 7072 4 3 9 3
25660 5 4520 2 2 84 80
38151 0 7155 236 236 1503 1498
4453 6 7580 32318 32312 2118 2118
7580 0 34614 9 9 660 659
26183 0 11186 610 610 21799 21796
35764 0 14617 1580 1580 3670 3669
4608 0 3699 62 62 3462 3443
40827 0 3699 8091 8091 40599 40578
8852 0 7403 574 574 8484 8479
8176 1 8852 4 2 3 2
193 6 27058 364 310 3 3
193 6 11869 207 155 1 1
193 6 18878 308 255 3 3
19842 4 22836 308 303 9 9
21930 1 21045 2 2 3 2
21930 0 12252 14 14 594 588
5745 1 14074 4 3 3 2
26613 1 9037 4 3 4 2
9037 0 3099 6619 6619 26177 26176
7396 4 28775 751 736 15 15
24578 3 23111 175 172 6 6
21061 1 25626 2 2 2 2
24011 0 12474 36855 36855 38197 38195
13829 1 16710 6 4 3 3
4185 1 13829 5 4 7 5
13829 3 25284 5 3 4 2
12211 0 6042 296 296 20247 20236
13978 1 2276 2 2 5 2
39294 4 26572 20336 20336 11527 11527
33294 0 3229 2 2 160 151
8108 0 3229 3706 3706 29312 29302
3229 1 22044 5 2 4 2
6633 7 40129 8200 8189 2 2
6633 7 12050 3171 3161 1 1
16200 0 1852 57 57 4404 4355
16201 1 16200 5 3 6 4
19710 6 10760 6 5 19 14
32734 1 3419 2 2 4 2
4779 1 14955 3 2 3 2
3716 1 1998 4 4 8 4
40577 0 3716 8350 8350 40822 40808
31620 0 3716 3810 3810 37821 37808
28941 0 3716 712 712 16438 16426
17519 0 3716 135 135 303 293
9620 0 3716 228 228 1170 1159
2915 1 12159 19 5 10 6
522 1 21041 7 4 4 2
522 1 13953 6 4 8 2
522 0 16646 3901 3901 29192 29192
32701 0 522 13 13 329 317
31153 0 36722 24161 24161 35054 35052
36722 0 1474 2428 2428 39959 39944
7592 1 9560 6 3 2 2
2035 1 8589 6 2 4 2
25494 1 8589 2 2 5 2
4666 1 4665 5 2 2 2
4665 0 6717 1435 1435 17461 17459
6144 1 19664 2 2 4 2
28456 2 1773 2 2 153 115
28456 6 22320 750 748 138 138
5443 2 1773 2 2 172 133
18213 1 18982 4 3 3 2
18716 0 37537 461 461 20155 20153
6882 9 10563 3 3 2 2
40794 0 32275 1621 1621 40274 40273
19296 1 6611 4 3 3 2
16065 0 36140 413 413 2377 2374
40829 0 16065 30053 30053 36890 36889
32071 1 23898 4 3 3 2
37285 0 184 1 1 294 3
39009 0 184 13 13 5618 5315
3395 0 184 1 1 279 1
32164 0 184 1 1 281 1
34310 0 184 1 1 287 1
39279 0 184 1 1 295 3
11281 0 184 1 1 293 3
30773 0 184 2 2 308 11
15734 0 184 2 2 305 9
5209 0 184 51 51 4876 4574
16507 0 184 2 2 310 12
40030 0 184 2 2 318 19
1190 6 31657 59 46 4 4
1190 6 39319 24 12 1 1
17492 1 20700 4 2 2 2
16074 0 18268 4 4 22 16
21289 0 18268 7 7 21 16
14746 1 23603 304 303 2645 2643
7078 6 36019 9602 9602 1864 1864
7486 0 7078 1596 1596 23216 23208
4225 1 13633 9 4 5 2
4225 1 11780 6 2 4 2
754 1 2375 5 2 3 2
1823 7 36030 54 53 136 135
6054 0 4123 30 30 6063 6029
6054 3 1296 4951 4949 8961 8960
3215 0 7911 6 6 122 119
6678 1 7911 3 2 5 3
16802 1 8850 11 7 6 4
1076 1 1075 10 2 3 2
1076 1 27277 9 2 4 4
18470 1 18469 2 2 2 2
7673 1 10866 4 2 4 4
7673 1 8629 3 2 3 2
8644 1 14101 4 2 2 2
493 0 1629 9 9 168 157
2736 4 26470 68 21 1 1
2736 4 34726 61 17 1 1
2736 4 35146 118 70 4 4
2736 4 33515 65 19 1 1
35179 0 19119 21 21 1452 1451
13379 4 19119 126 123 17 17
28508 2 3843 13 11 92 64
40099 2 3843 15 14 965 936
9537 1 3843 2 2 6 2
25746 0 11870 12560 12560 19569 19569
26637 6 24424 201 201 279 279
15305 5 2978 1 1 1908 1839
10135 5 2978 5 5 2080 2010
14631 0 3275 391 391 7762 7756
1043 1 14631 8 5 15 9
39736 1 21554 2 2 6 5
39736 0 4427 349 349 22752 22730
8260 0 7895 26 26 1012 1008
16624 0 8260 1358 1358 11328 11326
36792 1 37816 2 2 2 2
40796 2 3317 1441 1441 40921 40888
11856 1 2643 2 2 7 5
8104 1 4274 6 2 2 2
8104 1 12438 5 2 2 2
9749 1 13574 4 2 4 3
40797 0 19420 43 43 39111 39109
24056 0 9777 2428 2428 21502 21501
12866 6 7036 358 358 663 663
19409 4 36350 15775 15775 184 184
28857 0 706 20 20 4763 4750
19163 0 18538 780 780 16028 16025
16614 1 25570 5 2 5 5
16614 1 8351 4 2 2 2
24052 1 24051 2 2 2 2
29706 4 499 6 6 24 24
34810 0 17502 38738 38738 24441 24441
40798 0 38876 18192 18192 37087 37087
26283 6 40443 19474 19474 8698 8698
32794 0 18895 11 11 3457 3449
3034 2 1137 1 1 107 2
19442 2 1137 1 1 100 1
26122 4 31544 41 35 1 1
17880 1 20417 3 2 3 2
3499 1 20417 3 2 2 2
20434 0 21190 28591 28591 26693 26692
13327 6 22210 9 9 88 88
40799 0 5636 23401 23401 36951 36951
14768 6 24252 2 1 4 2
9578 0 473 298 298 14423 14420
20196 1 21248 3 2 4 3
21248 9 11908 7 6 2 2
6765 1 27335 4 2 3 2
37410 0 27335 726 726 24686 24685
12725 1 21889 14 14 3 2
19754 0 4059 3 3 31 28
9461 4 12081 2 1 2 1
8574 0 5381 84 84 3370 3359
8574 1 8573 6 3 3 2
29585 1 8574 3 2 6 3
13699 0 5381 154 154 8343 8331
36608 0 123 6376 6376 22041 22033
24094 0 123 3694 3694 35619 35610
516 0 292 1 1 233 1
31393 0 292 2 2 245 3
14242 0 292 2 2 405 157
33413 0 292 18 18 3449 3198
15177 0 292 2 2 244 3
39499 0 292 2 2 309 62
13524 0 292 1 1 235 1
31996 0 292 3 3 922 672
26845 0 292 1 1 232 1
14814 0 292 1 1 242 2
13283 1 2720 4 2 6 4
2720 1 5598 10 8 30 26
34387 1 26855 2 2 2 2
26856 1 26855 3 3 5 4
37173 4 10091 11299 11299 30929 30929
19951 0 20010 172 171 2753 2746
40800 0 28344 759 759 38393 38392
24652 0 26678 8503 8503 14221 14217
27632 0 31556 44 44 10295 10293
8336 6 2824 1837 1837 283 283
14255 1 19144 3 2 4 2
20014 0 14262 1226 1226 32582 32577
40801 0 16573 19531 19531 39428 39424
2360 1 4933 3 2 7 3
40802 0 39415 25992 25992 40867 40867
30541 0 22903 1893 1893 11584 11583
20618 1 9942 5 3 8 5
38150 0 712 25 25 4169 4164
25109 0 7757 105 105 56 54
40803 0 5646 10607 10607 40243 40239
1003 1 5646 9 7 10 6
35081 1 28378 2 2 2 2
11590 1 29649 4 2 2 2
39026 0 29817 968 968 20473 20471
13903 6 32368 2046 2042 45 45
30745 1 37402 3 2 2 2
10159 1 38458 7 4 2 2
27696 1 6690 2 2 24 15
28744 1 6690 2 2 9 2
20852 1 6690 3 3 10 2
40885 0 6690 5028 5028 40758 40750
16732 0 10532 1508 1508 38048 38043
6916 0 19429 8287 8287 12070 12070
10276 1 9887 7 3 6 3
4800 1 9900 4 2 4 2
19570 1 4800 3 2 4 2
17182 1 2190 2 2 2 2
4461 0 19310 312 312 6367 6359
1046 7 18091 14516 14397 2 2
1046 7 18788 5509 5393 1 1
1046 7 39181 35629 35509 5 4
37226 0 11964 158 158 10938 10936
11632 9 24469 13 12 5 5
40699 0 12729 2509 2509 40575 40560
14428 0 772 440 440 3138 3129
19055 0 772 1743 1743 36651 36641
40710 0 31312 9007 9007 40873 40871
11686 1 5336 8 3 6 2
30852 1 3198 2 2 4 2
29243 0 26808 21358 21358 31397 31397
21449 0 12858 3 3 11 7
12857 1 21449 7 4 4 3
3233 1 4145 5 3 5 3
19055 1 19054 2 2 2 2
8310 6 12531 54 45 10 8
7557 1 7633 5 3 5 4
17844 0 7120 4319 4319 25339 25336
1269 1 11040 3 2 6 2
11040 1 14848 9 5 4 2
26676 0 8201 87 87 22628 22615
28241 1 7436 2 2 5 4
18458 9 31641 8 8 4 3
31641 3 37842 6 5 2 2
25873 0 2795 25668 25668 34309 34308
17430 1 14006 3 2 5 2
13991 0 6823 132 132 8340 8334
19570 1 23428 5 3 21 19
8288 4 37118 25 23 3 3
40805 0 33924 19860 19860 40712 40711
25230 0 6253 316 316 660 655
15292 3 10198 24 24 12 10
39489 0 11666 23887 23887 34666 34648
39489 1 15557 2 2 4 2
37831 2 11666 5282 5282 6114 6114
15516 1 12820 4 2 5 4
34071 1 12820 4 2 6 4
4175 4 8602 16 11 1 1
24042 1 5537 2 2 2 2
19211 0 4744 2228 2228 3365 3362
31371 0 7474 2467 2467 40267 40259
27812 0 7474 1445 1445 19054 19047
28947 4 15200 118 118 34 34
18660 6 21000 40267 40267 34861 34861
15472 0 25385 11801 11801 38805 38802
12507 0 13404 1815 1815 33044 33039
26342 1 17895 4 2 4 2
2152 1 8496 3 3 5 2
39760 0 574 25 25 4769 4726
40877 0 574 3824 3824 40663 40618
35412 5 11510 9 9 2941 2922
2085 6 10383 13 7 3 3
14202 1 14201 2 2 6 2
1043 1 20085 4 2 4 3
40806 0 6850 5727 5727 40759 40734
40503 0 9914 6566 6566 19183 19181
14770 1 14307 5 4 4 2
32716 1 17183 2 2 7 6
35390 1 3256 2 2 3 2
4482 4 9719 1065 1061 19 19
20428 0 3527 9197 9197 34326 34309
3527 6 20663 7548 7548 177 177
30409 2 35441 5558 5558 1203 1203
11083 1 5302 6 6 3 2
23196 1 10129 2 2 4 2
1066 1 29752 5 3 2 2
40807 0 3538 13946 13946 40887 40874
22793 0 3538 1 1 17 5
6768 6 24640 6579 6576 5795 5793
6768 6 10205 33050 33046 3742 3742
2869 1 15125 5 3 5 3
29302 0 15125 1951 1951 16485 16483
9588 0 1406 7 7 729 719
18159 0 17493 668 668 4611 4605
21497 1 33875 7 5 2 2
20938 1 22485 3 2 5 3
13056 6 39139 4502 4500 403 403
23942 0 26928 7 7 410 408
28004 0 6478 3132 3132 7944 7942
4747 0 22951 2 2 6 2
20860 5 2566 38 38 21699 21683
7590 5 2566 1656 1656 38606 38589
20768 0 17402 120 120 453 451
35193 1 20768 2 2 3 2
8572 0 5856 38 38 2642 2617
17370 0 5856 467 467 8943 8915
31972 0 5856 2 2 2952 2925
17380 1 15779 3 2 3 2
27964 0 16186 33 33 11767 11761
15981 0 1328 10 10 115 102
26071 1 9303 3 2 8 5
9303 9 21981 2 2 3 3
38768 0 29318 18 18 9360 9356
36229 0 18254 72 72 13882 13865
1019 4 596 45 22 1 1
1019 4 8780 39 17 1 1
23239 1 15927 6 3 3 2
30477 1 23239 3 2 4 2
21996 6 20017 2415 2412 2798 2798
21996 6 11995 1872 1870 864 864
25766 0 22616 1748 1748 12547 12544
9455 0 23399 773 773 16538 16532
23000 6 39446 1801 1801 1205 1205
122 1 7516 9 3 9 4
11412 1 19152 6 5 2 2
8803 1 27429 3 2 2 2
15261 0 14295 9924 9924 33797 33796
25268 4 21905 146 144 2 2
15504 1 8591 7 3 5 2
8591 1 16989 10 7 3 3
15601 10 15600 4 4 2 2
31927 1 15601 2 2 3 2
34363 5 8522 5206 5206 34791 34791
33641 0 19894 26633 26633 14377 14376
33826 1 19127 2 2 3 2
39523 0 2723 21 21 14254 14217
39523 1 21345 2 2 5 4
7540 0 2723 52 52 5047 5011
4541 0 2723 83 83 17582 17544
28671 0 7444 327 326 2701 2698
40808 0 40809 28332 28332 21342 21342
26933 0 1475 1557 1557 23529 23509
35848 0 18654 176 176 21595 21590
19162 0 18654 23 23 883 879
29185 6 40731 39011 39010 10337 10337
3467 1 3466 4 2 3 2
15345 5 4450 53 53 10538 10532
7117 1 7049 4 3 4 2
32624 6 26608 1057 1056 565 565
2269 1 2268 4 2 4 2
30613 0 6961 4 4 207 205
2956 4 29945 286 282 68 68
40706 0 10059 1394 1394 39995 39992
3866 4 38485 194 186 37 37
3866 4 24189 61 54 2 2
9119 0 21826 27931 27931 24468 24468
18389 3 999 7 5 9 7
999 3 18389 7 5 7 5
35808 1 32154 39753 39753 29788 29788
37756 4 40810 40798 40798 32427 32427
20583 1 27612 2 2 2 2
1020 0 3141 1 1 50 1
28305 0 3141 1 1 51 1
6564 0 11337 18939 18939 9696 9695
23511 0 15656 2 2 80 54
5394 1 2601 2 2 3 2
19679 0 5394 38 38 284 277
2004 1 24164 9 4 2 2
2004 0 30642 5534 5534 5761 5760
25774 1 12289 5 2 10 4
24676 0 24224 531 531 2647 2646
23848 1 8714 3 2 7 3
17814 4 3175 30812 30811 13245 13245
17465 1 17464 3 2 2 2
22570 1 22569 2 2 3 2
6630 0 4722 18 18 816 808
1142 0 4722 69 69 4137 4128
23700 1 24343 3 2 2 2
9573 6 3123 440 440 983 961
15354 6 3123 1129 1129 10882 10858
14853 6 3123 15 14 317 296
6067 1 28605 2 2 2 2
8474 4 17327 17961 17961 3689 3689
30941 1 3753 5 3 6 3
30941 1 33174 3 2 3 2
11546 0 4442 153 153 15062 15028
6865 4 2298 16 12 2 2
1021 1 207 10 7 9 6
2872 0 17555 882 881 39382 39375
268 0 17555 734 734 25239 25233
40811 0 2664 4390 4390 40628 40612
40871 0 2664 5001 5001 40757 40740
2664 0 2624 3 3 14 7
35435 0 12605 7 7 114 111
29862 1 29861 2 2 3 2
31789 0 494 4842 4842 35411 35399
22923 0 28916 1865 1865 2338 2337
27985 1 27484 3 3 5 4
29410 0 16944 1253 1253 7440 7436
11888 0 36918 1685 1685 27486 27483
37558 2 741 1 1 121 75
28640 2 741 1 1 75 32
9021 2 741 1 1 52 10
22157 3 1791 4 3 5 3
22158 3 1791 4 2 3 2
8471 1 6302 3 2 2 2
32069 0 19823 20812 20812 36520 36518
38790 0 13 7388 7388 39739 39725
19437 1 22294 3 2 3 2
25022 1 32013 2 2 4 3
39553 0 4628 67 67 74 65
40833 0 4628 102 102 29292 29282
11144 1 2617 2 2 3 2
38399 1 1022 2 2 5 2
10536 1 36694 2 2 3 3
40178 1 1578 10480 10480 37529 37527
40864 0 1578 3311 3311 40298 40292
22410 1 37961 4 2 2 2
15647 4 32971 3674 3674 2627 2627
1708 0 8438 132 132 30572 30571
6124 1 5907 4 2 8 4
8270 1 6124 14 5 4 2
5826 1 10722 4 3 6 4
21697 0 2070 27 27 130 130
6530 1 22543 4 2 3 2
5932 1 21935 9 5 3 2
28875 3 5192 3 2 6 5
28676 3 28875 5 2 3 2
5178 1 14819 9 3 5 4
21092 0 5178 768 768 39217 39188
16318 0 5178 5008 5008 20536 20508
40918 0 5178 25453 25453 40941 40909
31349 1 5178 4 4 10 4
27341 1 31627 4 2 2 2
912 0 7047 44 44 6993 6979
739 0 912 2502 2502 10617 10606
24031 0 7047 17 17 403 390
30204 1 7047 19 15 39 37
40812 0 17281 964 964 39583 39583
9906 1 36905 6 2 2 2
6743 0 8355 958 958 8243 8221
1538 0 8355 1037 1037 22010 21987
35277 1 27784 2 2 3 3
5869 1 26782 7 2 2 2
40813 0 19386 16027 16027 40162 40160
38378 1 22534 2 2 6 2
31576 0 30844 40127 40127 24037 24037
10205 1 10204 4 2 4 3
11177 1 37094 8 4 2 2
7045 1 2382 2 2 6 2
21977 5 16419 23 23 4580 4573
3364 1 3363 3 2 4 2
3528 0 10834 909 909 5173 5170
17960 4 24312 68 64 9 9
27223 1 20426 2 2 3 2
24636 1 6535 4 3 3 2
23949 5 212 5 5 2244 2216
27657 5 828 2 1 112 98
1410 1 24564 19488 19488 21096 21095
3066 0 8076 1691 1691 6727 6719
18215 1 1414 4 3 23 12
10895 1 13973 8 3 3 3
3239 4 39144 125 74 1 1
3239 4 27881 93 44 2 2
3239 4 36428 96 46 1 1
18904 3 17353 5 4 4 3
7935 1 2201 5 2 5 3
17190 1 757 5 3 2 2
1415 1 32170 6 2 2 2
23786 1 2902 2 2 12 4
2029 1 18094 6 2 2 2
553 1 13871 4 2 5 3
24179 1 10508 4 3 3 2
25575 1 10508 2 2 2 2
27360 6 36837 128 128 434 434
31841 0 19545 6783 6783 39476 39475
33840 0 1754 1438 1438 33734 33722
40875 2 1754 808 808 40841 40835
38079 2 1754 111 110 3325 3320
40815 0 39071 26173 26173 40627 40625
29342 0 8978 991 991 18713 18697
6890 0 36281 1088 1088 3774 3774
8040 1 21358 755 751 20 19
10520 0 24854 16671 16671 22757 22757
28943 1 243 5 4 2 2
20030 0 13734 5345 5345 30678 30676
4563 0 12505 26 26 149 143
37725 0 23377 1 1 6 1
26865 1 19204 5 3 5 2
20288 6 29915 5 3 8 7
24515 2 20288 3 3 814 809
18855 0 2060 22 22 456 443
26308 5 18855 23 23 31919 31905
24430 0 2060 602 602 11665 11651
11475 1 13563 5312 5309 2090 2086
13563 1 11475 1877 1873 5332 5329
14231 0 7944 1309 1309 14836 14835
36007 6 17148 2221 2221 15992 15992
13350 0 29456 209 209 754 754
36696 5 9528 2 1 32 23
19256 5 9528 2 1 11 3
30889 0 33367 14955 14954 253 253
26734 0 2288 15335 15335 27009 27007
16979 4 35069 341 341 220 220
23628 0 2614 16 16 233 229
39567 0 4694 3 3 885 871
6695 0 32813 36341 36341 30172 30172
15469 0 6418 2 2 138 114
34418 1 25064 3 2 3 2
8727 1 8726 4 2 3 3
14189 1 23592 6 2 2 2
35545 1 14189 3 3 6 2
10877 1 11728 7 3 8 3
32814 0 4976 10 10 2940 2937
4165 3 25845 552 549 3 3
20625 1 7778 3 2 3 2
30076 0 10715 1310 1310 7424 7421
40816 0 14697 16795 16795 40660 40660
14697 1 31992 8 4 2 2
19191 1 27971 2 2 3 2
13842 0 11910 5325 5325 21276 21275
5985 6 10735 13 6 49 42
12732 3 28417 5 4 16 15
12732 1 26677 5 4 2 2
6204 1 6203 2 2 2 2
40817 0 19840 3285 3285 40562 40559
3387 0 19840 6213 6213 40161 40159
6550 1 2423 3 2 12 3
2423 1 24830 11 3 5 2
2924 4 30666 179 107 1 1
2924 4 2659 132 61 1 1
2924 4 29020 225 150 3 3
2924 4 36766 189 116 3 3
1379 1 25548 5 3 3 2
6265 1 1379 4 2 5 3
18135 3 294 7275 7272 4900 4900
2209 1 24141 7 3 3 2
15500 1 4546 3 3 6 3
15500 1 7996 4 3 4 2
31596 6 8773 25969 25969 39816 39816
40818 0 35587 8368 8368 36486 36486
34338 1 9890 3 3 12 3
14748 1 9890 2 2 10 2
9890 1 12054 11 2 3 2
40819 0 15962 37901 37901 40856 40855
16130 0 10326 3402 3402 9080 9078
40820 0 20319 22986 22986 40748 40747
11212 0 1856 424 424 16971 16957
14579 1 1856 4 3 6 2
28303 3 9776 4 4 390 388
9776 1 9775 3 2 2 2
561 0 5278 204 204 819 810
13724 4 995 416 415 70 70
154 1 153 2 2 6 3
5791 1 11553 4 2 7 5
24115 1 18755 3 2 5 3
28674 0 3041 107 107 8319 8312
40821 0 14864 14275 14275 40318 40313
17883 0 18836 2357 2357 13743 13741
40822 0 9367 6759 6759 40917 40894
40930 0 9367 12 12 39759 39737
7005 0 9367 15 15 2021 2001
26765 1 9367 4 3 7 3
2151 0 4180 921 920 1120 1118
40823 0 11638 416 416 40428 40411
18175 1 18573 10 8 4 2
24724 1 3969 5 2 4 2
3969 0 3582 37 37 3007 2980
17345 0 3969 1622 1622 6528 6524
34877 1 6582 4 2 10 3
6582 1 16956 10 3 8 4
26100 1 28248 2 2 6 4
33245 0 3980 4 4 8 6
4106 1 4105 8 6 2 2
584 1 28894 9681 9679 1025 1025
35143 1 33405 2 2 3 2
17003 0 479 1 1 116 106
9877 5 6166 1 1 9 1
30263 1 25760 3 3 2 2
30656 1 25760 3 3 3 2
1999 4 17069 141 134 3 3
18272 1 19427 4 2 4 2
29081 1 13187 2 2 5 2
16522 0 3780 16 16 1095 1059
26742 0 15839 99 99 10613 10610
1918 6 39340 1330 1323 99 99
11624 1 20815 4 3 4 2
13939 0 7027 162 162 1707 1701
5788 0 7027 19 19 48 43
40824 0 2657 5027 5027 40754 40747
1294 0 25140 913 913 4899 4896
21281 0 428 1997 1997 25416 25390
40911 0 428 1627 1627 40724 40697
39800 1 30816 2 2 4 3
12660 0 1095 162 161 1654 1643
17450 0 1095 43 43 6732 6720
11922 0 14898 33 33 2907 2889
23590 0 12772 6597 6597 14398 14395
3072 1 15159 8 4 5 2
24523 0 8582 13 13 942 935
188 6 29407 4 1 13 9
39603 4 27065 614 614 949 949
4691 1 14239 3 2 2 2
36188 1 4691 3 2 3 2
36501 0 4902 22145 22145 11466 11466
40022 0 6784 2 2 50 45
4121 1 17988 4 2 5 4
34845 5 10076 4 2 9 4
19999 4 35620 32 23 2 2
25642 0 31168 14 13 73 72
28192 2 3865 2 1 23 5
25039 0 2409 65 65 838 817
34598 0 2409 25 25 12928 12904
40825 0 22386 36326 36326 39904 39903
15804 0 10824 52 52 153 148
40826 0 30737 23440 23440 40636 40635
11678 4 24132 938 938 2133 2133
11178 1 14178 9 2 3 3
19319 1 11039 4 3 7 2
23526 0 9730 1288 1288 11590 11588
12960 0 23054 21018 21017 10743 10743
18237 1 14439 4 3 7 2
17375 6 39568 86 84 4 4
6955 0 2697 36 36 1429 1426
16533 0 2697 255 255 917 915
27268 1 11354 6 5 6 2
1968 1 1967 5 2 6 3
20914 0 1967 2 2 9 1
23271 0 7641 1746 1746 73 73
19684 3 19683 13 12 3 3
4983 6 33006 2 2 3 3
17534 9 12584 4 3 3 3
6871 1 18043 2818 2816 395 394
5628 7 18994 27675 27642 10 10
2502 1 20104 5 2 3 2
15657 0 4985 1151 1151 1743 1741
34914 1 6434 2 2 5 2
39981 0 306 9525 9525 40586 40569
21026 0 306 277 277 9332 9316
37154 5 9269 1913 1913 39712 39709
9073 1 5502 3 2 8 6
30127 0 1623 2461 2461 39673 39670
16304 0 30127 25009 25009 19079 19079
16980 1 4548 4 2 8 5
469 0 14498 1 1 24 14
9243 6 35214 4644 4640 12 12
36148 4 23121 247 246 330 330
3358 1 4743 10 3 6 4
9720 0 4743 1008 1008 4911 4901
40888 0 4743 20001 20001 40843 40832
2064 1 2154 2 2 3 2
22278 1 35919 2 2 2 2
36060 0 14935 2769 2769 37411 37402
27146 5 11426 1 1 709 699
3169 0 3813 5 5 102 84
3823 1 3813 3 3 8 3
20664 4 26988 3969 3967 294 294
6374 1 11133 4 3 4 2
33074 2 7 3 3 1080 1043
18961 2 7 1 1 56 21
17395 0 7902 1610 1610 9072 9069
22908 1 5606 6 3 4 2
10254 1 10253 4 3 3 2
40906 0 10253 2285 2285 40527 40513
14113 1 5076 2 2 6 2
36403 1 10838 2 2 3 2
14974 0 14973 265 265 622 614
14973 3 19845 6 4 4 4
40831 0 4593 10231 10231 38543 38543
31084 1 27014 2 2 4 2
12467 4 39860 55 49 1 1
40832 0 6630 541 541 39642 39638
26778 4 2803 435 435 592 592
3765 1 28497 3 2 3 3
20691 1 4936 2 2 8 5
7886 0 12463 1670 1670 36913 36907
14999 4 31316 6137 6137 23356 23356
22172 0 11068 5 5 23 10
454 3 16514 6 4 9 7
3025 1 16514 3 2 5 4
29578 0 15788 11029 11029 29356 29355
23802 0 21987 522 522 34957 34954
21987 0 20963 2313 2313 34938 34937
11759 2 10987 44 44 33 32
38689 0 12894 2025 2025 39819 39809
40834 0 14087 33107 33107 40238 40238
14853 1 5935 2 2 4 2
4044 4 31152 1405 1405 174 174
29372 0 24630 1057 1057 22184 22179
24630 0 22399 7624 7624 38979 38978
19479 5 4701 3 3 146 123
8240 5 4701 1 1 23 2
33163 5 4554 2 1 19 12
29553 1 26733 2 2 2 2
29553 0 8837 12293 12293 27305 27303
6792 1 14058 4 3 5 3
21282 0 15062 7665 7665 6298 6298
23036 4 36472 385 379 5 5
5783 4 23036 1108 1099 11 11
40835 0 40836 30389 30389 28393 28393
18778 6 32930 7885 7884 193 193
18778 0 5314 12 12 3051 3024
24621 2 17930 3 1 9 1
27989 2 17930 3 1 14 4
26041 0 4289 18 18 6 6
16899 4 24507 334 334 623 623
14917 3 17826 9 6 5 4
30990 9 28312 2 2 2 2
8980 1 3552 4 3 3 2
33079 0 3582 1173 1173 26180 26152
16497 1 26305 5 2 2 2
26368 1 8799 3 3 3 2
4480 1 32602 6 2 5 5
35059 0 27412 58 58 4397 4394
2645 4 29221 268 260 8 8
23462 0 5675 5355 5355 22171 22162
40853 0 23462 269 269 39929 39924
25133 5 5012 4 3 10 4
14927 4 5288 204 200 37 37
11058 2 6577 1 1 140 88
60 2 6577 4 4 551 498
7534 9 18226 3 2 2 2
10204 1 10208 3 2 3 2
5031 1 28475 3 3 4 2
15312 0 12860 8379 8379 18520 18520
21401 1 1933 2 2 14 7
12469 1 1992 8 3 3 2
18451 5 1238 2 1 8 1
37552 0 2655 4 4 18 14
2655 0 9806 281 281 6659 6653
40284 0 6614 3588 3588 29750 29727
3130 1 27019 7 4 3 2
23982 0 37653 558 558 11098 11096
20447 1 9918 4 2 3 2
15028 1 16314 4 2 10 5
15028 1 5116 5 2 11 5
40628 0 33021 25473 25472 40378 40378
3648 1 3647 3 2 6 3
19317 0 1107 2274 2274 31666 31656
830 1 21753 18 14 4 3
8270 1 9886 13 5 7 4
14780 1 6419 8 4 4 3
40837 0 15224 9680 9680 40400 40388
7188 0 11737 61 61 2224 2214
10277 1 32396 5 4 4 3
10277 1 2951 4 4 10 5
15054 1 2951 9 4 9 5
25047 0 19223 3666 3666 30191 30191
23871 0 918 12 12 1502 1495
40840 0 918 13030 13030 40760 40752
8168 0 13192 9461 9461 35526 35526
10293 1 12214 2 2 4 3
23642 0 26543 10471 10471 33563 33563
26543 1 12312 5 3 6 3
4913 4 20284 61 30 1 1
3331 5 16655 15 15 65 63
3331 1 35484 8 5 2 2
16739 1 16646 7 7 9 5
6726 1 5782 8 4 2 2
6726 3 6725 13 11 3 3
11335 1 6726 2 2 5 2
5491 1 1201 3 2 7 2
6549 1 14425 8 5 5 3
5544 1 3327 4 3 10 4
3403 1 6328 3 3 3 2
7229 4 37460 585 568 29 29
20544 1 28902 5 3 3 2
3291 1 20544 6 2 5 3
530 1 21170 8 4 2 2
9371 1 9370 3 2 6 4
26061 0 9371 985 985 4882 4879
9371 0 5623 487 487 15066 15064
21518 1 29527 2 2 5 3
35181 0 21518 1496 1496 23986 23983
36581 0 16397 2801 2800 878 878
3972 7 37089 27879 27800 3 3
8883 0 5790 3839 3839 1222 1222
38389 0 7334 8247 8247 37887 37885
27814 0 9178 24 24 394 392
10855 1 19155 4 4 3 2
10855 1 31116 273 272 3296 3295
1431 4 27265 49 33 2 2
27563 1 35599 2 2 2 2
1193 4 39361 66 55 6 6
39975 0 7068 234 234 5604 5596
3855 0 3909 3 3 13 6
28703 0 3909 28348 28348 37376 37368
11573 1 13583 5 4 9 6
40841 0 16266 5102 5102 40766 40743
2434 0 16266 28 27 556 535
40842 0 67 20264 20264 40877 40868
1154 0 18959 10120 10120 40099 40097
32397 0 13044 1251 1251 32930 32921
17819 1 653 3 2 3 2
37840 0 313 10 10 2048 2040
40843 0 3679 2352 2352 39864 39853
40843 4 5346 40544 40544 34232 34232
13988 0 168 264 264 11609 11604
38754 2 10661 3 2 28 25
29501 0 6358 5865 5865 40745 40743
29860 0 18587 6398 6398 3997 3997
33438 1 36858 2 2 3 2
36858 1 35629 3 2 2 2
12381 0 1474 1990 1990 15160 15146
2863 0 6499 5066 5066 4815 4814
7328 0 5714 13632 13632 18082 18081
14412 0 20621 1341 1341 38709 38708
35316 5 38173 160 158 1075 1074
20490 1 7847 3 2 3 2
21077 4 10657 380 379 82 82
10380 0 1964 119 119 126 124
17802 1 3847 3 2 5 4
29031 4 40721 40803 40802 9937 9937
29630 5 22311 1 1 288 284
14888 4 21122 93 84 8 8
14888 0 2518 1 1 69 1
819 1 7732 6 2 7 3
7100 4 29718 8277 8275 3119 3119
8077 1 7192 2 2 7 4
16136 1 39043 5 3 3 3
13225 1 15253 3 2 5 2
40844 0 6467 848 848 40408 40401
6069 0 37345 130 130 54 53
4895 0 8093 22647 22647 39601 39574
21558 1 13645 2 2 3 2
10544 6 38325 158 142 23 23
23888 0 1730 2 2 118 17
33667 0 1730 2 2 112 12
22133 0 1730 1 1 100 1
19623 0 1730 1 1 99 1
28603 4 38563 93 92 4 4
16620 1 2522 5 4 10 4
24900 3 5965 4 4 6 5
3989 4 18951 7700 7693 96 96
22965 1 167 5 3 4 2
35645 0 7367 10592 10592 6662 6662
36255 0 10055 1 1 7 1
1574 1 8899 8 3 4 2
21174 5 2295 190 190 26369 26267
34328 5 2295 62 62 21618 21517
28418 5 2295 111 111 36104 36001
34439 5 2295 4 4 3130 3030
40845 0 32455 23777 23777 40841 40840
35000 0 9668 1 1 34 18
32116 0 21176 1617 1617 15416 15414
23390 0 40586 37814 37814 30000 30000
40848 0 23390 36145 36145 40919 40916
19903 4 29357 1506 1506 236 236
35177 0 14481 179 179 228 228
12330 0 11599 81 81 5243 5237
3579 1 19372 13 12 4 2
9842 0 3579 556 556 39331 39318
22422 1 9505 3 2 8 4
15330 1 28910 3 2 2 2
22889 0 11852 99 99 12207 12198
29771 9 3592 4 4 99 99
25748 1 34204 2 2 2 2
1772 6 37182 771 767 150 150
15158 0 40846 38174 38174 11582 11582
40847 0 8407 15897 15897 40563 40563
35466 0 11507 3 3 7 4
12327 0 411 146 146 7995 7972
21952 4 9376 1295 1295 147 147
4177 6 5022 167 152 7 7
5040 0 220 3 3 21 12
20777 0 30968 22718 22718 22131 22130
17995 1 415 5 3 11 3
6540 0 6677 1548 1548 3851 3849
30360 1 7239 2 2 7 3
1226 4 33413 8182 8158 244 244
36259 5 860 25 25 21368 21295
30840 5 860 3 3 2654 2584
39831 1 4370 3 3 9 4
17244 1 15986 2 2 9 6
9116 4 34497 102 100 3 3
4771 4 11796 119 68 1 1
18918 0 15687 272 272 607 604
18918 6 31983 3412 3403 6 6
29544 0 6411 1140 1140 6179 6172
13258 1 515 2 2 9 2
7665 4 11919 235 230 4 4
8356 1 22637 15 8 5 2
17180 1 8356 3 3 10 3
39574 0 13157 2171 2171 39165 39162
20711 1 1090 5 4 6 2
32427 0 24062 22769 22769 34614 34613
40849 0 13412 781 781 40363 40358
4316 0 1500 4 4 124 97
29122 0 1500 5 5 97 71
29916 0 33246 860 860 4 4
33246 0 425 1194 1193 11514 11495
3714 1 3991 4 4 2 2
6702 1 4469 4 2 27 23
20629 0 10089 2689 2689 15457 15457
18423 1 20629 5 2 3 2
4855 1 19562 7 2 5 2
11423 1 4213 8 4 6 2
10241 0 10481 1336 1336 29832 29830
27097 0 10241 2 2 169 159
5125 6 35244 58 58 416 416
10842 1 11135 3 2 3 2
3451 1 3450 2 2 8 3
3450 1 6752 10 5 6 4
26219 0 15966 161 161 282 279
20729 0 30962 17624 17624 35959 35958
31196 0 30962 23442 23442 27258 27258
36881 0 119 19 19 2307 2269
119 0 2748 110 109 2904 2894
2323 1 23181 3 2 2 2
14339 9 16095 4 3 2 2
32957 0 5195 3 3 120 114
32623 1 5195 3 2 6 3
32917 0 9489 2028 2028 24187 24183
40688 0 3489 769 769 39976 39915
13220 2 6815 7 6 276 272
5097 1 27076 27 24 5 5
17030 1 2573 5 4 8 3
2573 1 9486 8 3 3 2
37807 1 30144 2 2 2 2
2521 1 38597 12 9 2 2
6946 1 8731 3 2 8 4
9873 9 35523 4 4 3 3
1071 6 14854 610 604 27 27
3398 4 14735 29 12 1 1
5855 1 7329 6 2 4 2
3929 1 27247 17 6 2 2
16292 1 29803 4 2 2 2
6578 0 5973 885 885 2623 2619
40850 0 1543 16828 16828 40883 40826
37429 1 32885 2 2 2 2
5932 1 5931 12 6 2 2
14336 1 2808 2 2 4 2
23816 0 13145 4 4 8 8
16675 0 11522 13776 13776 2077 2077
40851 0 14187 6773 6773 40413 40409
10755 4 22444 143 142 8 8
11129 1 13730 8 2 9 4
25343 1 13730 6 3 8 4
8639 0 3289 3 3 477 454
3289 6 36920 18375 18358 169 169
8776 1 1347 3 2 5 2
1347 1 4276 5 2 4 2
39300 0 1590 2 2 5451 5428
37068 1 22654 2 2 2 2
1801 1 21363 3 2 2 2
31983 0 35119 9439 9439 18065 18064
31983 6 2119 11043 11041 11910 11910
19488 0 3006 1096 1096 7625 7615
19488 1 38649 31629 31629 25326 25326
40852 0 6747 11245 11245 40113 40111
28133 0 18038 36 36 499 496
8634 9 19910 7 6 12 11
11304 0 19910 9 9 2413 2412
20413 0 1973 3 3 1391 1336
26353 1 4814 5 4 8 4
22355 0 11595 751 751 30745 30739
1588 1 19716 4 3 3 2
11612 1 21343 3 2 3 2
5569 1 10107 8 4 9 4
5923 1 5569 4 2 7 3
24840 0 14776 9420 9420 815 815
24031 4 32273 28317 28317 11270 11270
12006 1 23328 3 2 2 2
15403 4 40478 22 22 9 9
16346 0 16005 190 190 2584 2582
7668 1 35530 5 2 2 2
9434 4 40717 40573 40570 4510 4510
22914 1 3088 3 2 4 2
2945 9 2944 2 2 2 2
24743 1 24742 2 2 3 2
31284 1 19047 2 2 3 2
1664 1 16927 6 3 4 3
40307 0 4362 32473 32473 39564 39557
29218 1 4362 6 5 15 15
4362 0 8787 3 3 30 23
17040 8 37417 96 95 9 9
39206 0 12650 1 1 22 2
29976 5 5742 3 3 1409 1386
15635 5 5742 10 10 850 828
903 5 5742 8 8 209 188
17663 4 9378 138 134 11 11
20364 1 26993 3 2 2 2
27150 0 3232 7015 7015 39844 39837
40854 0 14981 337 337 26088 26084
40855 0 25028 28665 28665 40535 40535
40678 5 5841 5203 5203 40767 40754
26893 3 11921 33769 33767 8580 8580
38438 0 24102 860 860 28072 28068
22467 0 22049 1073 1073 5108 5105
15542 0 22049 1005 1005 8274 8270
40856 0 8153 12145 12145 40683 40664
36147 0 8153 39 39 5496 5478
10925 1 8153 5 3 5 3
34372 4 36708 521 521 159 159
7489 6 35302 400 395 19 18
9267 0 1292 785 785 27102 27097
5975 0 8327 654 654 15537 15528
112 6 23406 154 109 1 1
6559 1 18773 3 2 4 3
13687 1 7279 5 5 6 3
37981 0 904 118 118 906 894
15563 1 17861 5 2 6 3
24736 1 14901 3 2 2 2
7506 1 27215 17 9 2 2
28486 1 28485 2 2 2 2
22848 1 33665 3 2 3 2
15952 0 3163 101 101 1521 1481
9298 0 3163 1 1 40 1
28717 0 3163 1 1 39 1
17876 3 17875 3 3 2 2
22196 1 22195 2 2 2 2
13637 1 27685 5 2 2 2
10125 4 13911 731 729 6 6
4146 0 37135 1177 1177 1807 1805
31487 4 8818 9072 9072 13489 13489
36976 0 4550 82 82 1281 1183
24513 0 4550 2 2 101 7
27936 0 4550 5 5 1065 968
12322 0 4550 1 1 94 1
40857 0 2021 19729 19729 40653 40599
27575 0 6658 5375 5375 17557 17545
19537 9 28961 4 4 3 3
1070 0 17546 2834 2834 10346 10342
9755 1 9754 2 2 4 2
769 1 9754 2 2 5 2
40381 0 34906 17630 17630 2991 2991
15427 0 134 1487 1487 18051 18037
134 1 2633 5 2 3 3
1511 0 15914 3991 3991 970 967
5005 1 28613 10 3 3 2
18503 1 5005 3 2 10 3
40140 0 27752 4 3 45 42
16225 4 4698 1132 1129 56 56
40858 0 15284 8069 8069 40867 40861
628 1 627 3 2 4 3
16800 4 32120 132 132 254 254
25305 0 2099 2 2 209 182
13821 1 13530 3 2 3 2
16002 1 36632 9 6 3 2
40859 0 37052 14945 14945 40834 40833
6188 4 24112 68 50 2 2
6188 4 24347 35 18 1 1
15067 0 18496 23442 23442 39168 39168
29361 1 18956 2 2 4 3
10119 1 25492 11 6 8 6
28682 1 6956 2 2 2 2
22077 5 6956 1 1 21 2
720 9 26603 3 2 4 3
18029 0 8812 2 2 9 8
36166 1 16798 2 2 2 2
30646 4 33263 5497 5497 2492 2492
10063 0 8348 36047 36047 37162 37155
28320 1 27155 3 2 3 2
27155 1 29136 3 2 3 2
737 0 704 3524 3524 11462 11461
16207 1 16206 2 2 2 2
37148 0 23650 18346 18346 28763 28763
33954 1 14292 2 2 3 2
29886 1 28685 3 2 5 3
9855 6 33387 101 77 8 4
3785 0 28084 40690 40690 35192 35191
20088 5 3785 18 18 4243 4227
32514 5 3785 1017 1017 37710 37692
6922 1 6921 7 3 8 2
6921 1 7885 13 7 11 6
7656 1 11492 3 2 4 3
16454 1 15118 8 3 6 3
27917 0 8192 3 3 13 10
27917 1 5927 12 11 388 383
5927 1 27917 140 135 12 11
4197 0 8050 3942 3942 3439 3436
4197 1 37513 6 2 2 2
25431 1 5635 2 2 6 2
15018 1 18772 4 2 2 2
9762 6 8948 7664 7660 5549 5549
30927 6 25532 3733 3733 2856 2856
19315 1 39214 3 2 2 2
39214 0 32965 83 83 428 428
18563 0 4302 176 176 9451 9449
21993 1 19504 27 22 2 2
9794 0 26796 6 5 3 3
40860 0 1945 9461 9461 40848 40824
13748 1 11108 5 3 3 2
4384 1 24793 5 4 3 2
10633 4 19550 1670 1670 2695 2695
27322 1 37139 2 2 3 3
40383 0 38168 424 424 390 390
7362 4 32362 14 1 1 1
22231 1 8513 2 2 5 4
40692 0 8924 6665 6665 40249 40240
1685 1 12089 5 2 2 2
450 4 4488 166 148 4 4
39094 5 3918 676 676 40075 40057
40914 5 3918 874 874 40767 40748
2315 0 3918 1559 1559 28811 28803
40869 0 3918 8728 8728 40892 40883
39375 4 35988 266 266 561 561
33362 0 724 1140 1140 25865 25847
4388 4 38068 44 32 2 2
24592 0 13837 2636 2636 17356 17352
4109 6 1349 41 37 2 1
20971 4 929 33465 33465 19028 19027
23939 0 929 4 4 3067 3056
2108 1 23830 5 2 3 2
137 1 39790 2 2 2 2
14471 4 26704 185 181 34 34
38379 0 2037 7648 7648 33550 33547
3297 1 2037 4 2 2 2
19597 1 29925 5 3 2 2
9472 3 9553 6003 6003 19219 19217
24002 1 31718 2 2 3 2
13378 4 37002 156 148 5 5
18672 8 18729 64 64 81 78
23066 0 10976 18752 18752 35026 35026
37193 0 36623 14921 14921 13782 13782
35461 0 15432 7230 7230 32166 32164
6086 1 37968 66 66 109 109
39988 0 6132 14608 14608 37270 37264
27635 0 6879 5901 5901 27528 27528
12792 1 18251 4 4 3 2
25299 0 17090 2260 2260 6701 6699
22804 0 9256 51 51 406 403
22046 1 449 2 2 4 2
26701 5 39164 18383 18383 14030 14030
33010 4 37752 2087 2086 1067 1067
17564 4 28570 4105 4105 6786 6786
14394 1 27202 2 2 3 2
40861 0 35307 34156 34156 36952 36952
36533 1 31832 2 2 3 2
1421 1 13698 4 2 3 3
1421 1 1420 11 8 4 4
15918 1 8898 3 2 3 3
39681 2 3869 3 3 815 783
13147 2 3869 17 17 700 669
29520 1 38175 2 2 2 2
7705 4 29204 54 48 6 6
31945 1 533 2 2 3 2
20267 1 11332 3 2 3 2
40862 0 6138 24713 24713 40874 40859
12405 1 2536 2 2 10 5
22145 0 267 704 704 20849 20825
12466 4 38408 175 154 2 2
12466 4 38825 261 239 4 4
16552 1 10073 3 2 2 2
31672 0 16442 10182 10182 2221 2221
34829 0 34921 1601 1601 23087 23085
6539 1 27537 10 5 2 2
24829 0 20017 289 289 16630 16625
28048 0 20017 1240 1240 38738 38732
40863 0 22831 1129 1129 40379 40374
9658 0 22831 578 577 947 943
17365 6 1148 29153 29153 32888 32888
11735 1 13906 3 2 5 5
10734 0 10886 22 22 464 450
1494 0 15383 32495 32495 32245 32243
31725 6 3983 88 88 502 501
3023 1 19162 2 2 4 2
28499 0 2833 7693 7693 24763 24748
4250 3 26422 4 3 5 3
14121 1 5862 21 19 45 40
1002 0 15449 1674 1674 1563 1558
14237 9 14236 2 2 4 4
40286 1 14159 2 2 3 2
1432 4 24308 59 43 3 3
29759 0 21793 14 14 214 213
40 0 9353 937 937 6410 6402
36532 1 36531 2 2 3 3
4832 1 7867 7 3 2 2
27716 6 14968 766 766 194 194
304 0 25231 11977 11977 5941 5940
8542 1 19421 6 2 2 2
30629 1 15712 2 2 3 2
20027 2 9746 1 1 72 61
26019 0 4682 2 2 16 12
15092 4 32205 7399 7395 151 151
13106 4 30126 207 196 9 9
7451 0 9653 23 23 84 84
14198 1 7551 2 2 10 2
19206 1 11656 5 2 7 3
938 1 29478 4 2 2 2
19923 0 13346 6 6 17925 17916
40895 0 13346 2009 2009 40683 40673
8767 0 2776 92 92 351 327
17206 0 4193 3613 3613 7856 7854
9026 1 21448 3 3 9 5
10884 1 23870 4 3 4 2
10884 0 12402 6254 6254 8234 8233
33656 0 17442 1335 1335 28460 28456
29844 1 36062 3 2 2 2
39433 6 40246 14 13 6 6
13370 4 32777 253 252 2004 2004
40865 0 34557 4157 4157 40055 40054
12307 1 5388 3 3 10 7
8628 3 1186 652 651 253 253
4299 0 1562 621 621 4196 4189
18208 6 35649 18471 18471 25892 25892
12758 0 980 8220 8220 25184 25183
26577 4 38800 27 27 16 16
40866 0 8678 30861 30861 40730 40727
32294 0 1897 147 147 17709 17637
6937 1 1897 5 2 15 8
9481 9 158 3 2 5 2
13100 9 9481 3 2 4 3
15588 1 15587 7 3 3 2
13773 0 27141 4 4 3312 3309
25916 0 16303 2 2 13 4
36297 0 16303 10 10 1922 1912
20354 1 18989 2 2 2 2
973 1 13336 5 3 12 6
5185 0 13336 201 201 1777 1773
9012 5 7786 1 1 67 48
33237 1 410 2 2 2 2
14633 6 31433 11840 11839 1573 1573
14633 6 8142 218 218 437 437
40867 0 339 1670 1670 40616 40613
3453 1 18417 8 2 2 2
8951 1 28285 4 2 3 2
1460 1 8951 2 2 4 2
8222 1 6150 6 2 4 3
8054 3 25795 322 320 158 158
6845 1 2779 3 2 4 4
19202 0 12252 820 820 9200 9193
20124 1 18592 2 2 5 2
20124 0 14100 98 98 1349 1345
30846 0 2941 14 14 8323 8322
39027 0 9415 3506 3506 32139 32127
23350 1 17390 3 3 4 3
8558 1 7530 5 4 4 2
40868 0 5700 37224 37224 39618 39618
32469 0 324 66 66 16041 16021
8545 0 324 91 91 5997 5978
25032 1 25031 3 2 2 2
38057 9 30720 2 2 2 2
2030 0 1832 7 7 115 105
1637 0 5616 142 142 4933 4924
9928 0 5616 26 26 307 299
1702 4 29665 179 175 10 10
36951 4 24229 205 203 50 50
6008 1 1041 2 2 3 2
14647 0 13213 20 19 3 3
699 1 22618 2 2 2 2
35907 4 37894 114 114 13 13
13383 1 2789 7 3 4 3
2713 6 7645 97 56 3 2
11577 1 7731 3 2 4 2
40870 0 1335 15016 15016 34775 34774
24483 1 12798 3 2 8 6
17309 0 30810 758 756 255 253
10156 1 963 6 3 5 3
2452 1 3976 7 4 7 3
2452 1 7086 10 6 11 4
40905 0 3387 2741 2741 40580 40566
7217 1 3387 3 2 2 2
8525 4 37769 3115 3113 162 162
35828 0 1364 1290 1290 39300 39270
26559 6 35828 40850 40850 11879 11879
16493 1 19237 3 2 31 24
2933 1 7202 5 2 9 4
6048 9 22594 8 7 2 2
29003 1 35415 5 2 2 2
20788 1 10332 8 5 3 2
5707 1 5706 2 2 5 3
29609 1 29608 2 2 2 2
22190 1 35891 6 3 3 2
22190 1 11262 4 2 9 7
9192 1 19649 7 2 3 2
26202 0 7136 6 6 40 39
36138 0 7877 12 9 127 124
23317 0 6977 1306 1306 15057 15022
40920 0 6977 7419 7419 40860 40824
36948 1 27706 4798 4798 9648 9647
34777 1 14753 2 2 3 2
1620 4 23845 18 3 1 1
12071 1 18026 10 6 2 2
8848 5 14818 1 1 136 122
11500 6 11034 174 167 10 8
16013 1 5367 5 2 5 3
10574 6 36868 16 12 8 7
18072 0 1880 66 66 2108 2093
7031 1 26802 6 3 3 2
32487 1 10667 7 5 8 6
28680 1 10686 2 2 3 2
9031 4 20091 187 168 10 10
37696 0 13023 241 241 9590 9582
5434 1 5433 5 2 3 2
24552 2 8531 915 914 15022 15019
35789 5 3276 3 3 13249 13218
31511 5 3276 45 45 33477 33445
39401 0 24275 13 12 3417 3405
27408 0 4448 3 2 15 7
13163 1 17198 4 2 3 2
8664 1 2489 3 2 8 3
2489 1 15398 8 3 2 2
25485 2 3943 1 1 39 8
38545 2 3943 1 1 42 10
36055 6 19589 947 947 21009 21009
19768 0 5156 43 43 4860 4828
26405 0 5156 6 6 556 525
17022 6 35666 2069 2066 253 253
17022 6 3619 1066 1064 79 79
4621 1 88 3 2 27 25
40873 0 28355 423 423 38153 38151
2460 9 9748 3 3 2 2
36214 0 573 2 2 366 327
40874 0 22716 37859 37859 39405 39405
25322 4 40518 1995 1995 729 729
2760 0 11134 381 381 12214 12208
4446 9 1807 24 21 6 6
11636 0 4446 642 642 15547 15546
36303 1 2876 2 2 2 2
37244 1 21630 2 2 4 2
38942 1 2626 20 20 5131 5128
31471 0 2626 43 43 2750 2749
3018 0 27173 118 118 3 3
26985 0 7600 47 47 586 580
37635 0 7600 9 9 177 172
8617 6 7587 911 900 91 91
24972 0 1142 3729 3729 26844 26842
680 7 38698 27030 26969 3 3
680 7 40901 40724 40661 11 11
6028 0 29623 33157 33157 36039 36039
29623 0 33835 8692 8692 31544 31541
36506 4 25083 210 210 44 44
7152 1 4236 3 2 5 3
22504 0 7152 2329 2329 17596 17591
40876 0 1295 7879 7879 40599 40593
21646 1 1295 3 2 7 3
22690 0 9531 4 4 47 43
34554 0 9531 94 94 1210 1205
701 1 25692 3 3 5 2
14347 1 5567 5 2 4 2
22500 1 15849 3 2 3 2
24584 6 29929 3 3 20 20
18192 4 1499 1 1 2 2
17820 1 654 9 6 8 3
23192 1 654 2 2 6 2
34164 0 21362 11984 11984 37161 37156
23961 0 6776 253 253 13206 13196
14951 5 6776 108 108 35575 35570
2111 1 35677 4 2 2 2
32320 1 16031 15169 15169 30144 30144
31261 4 13766 807 807 790 790
38116 9 9 3 3 7 6
40068 0 28942 28194 28194 30133 30133
21724 1 8592 9 5 7 5
4229 1 37036 31404 31400 4816 4816
29447 0 15913 62 62 438 433
16697 4 31051 149 144 6 6
5443 6 33646 70 52 6 5
13087 1 36310 3 2 3 2
22927 4 27025 28045 28045 2914 2914
24129 1 15215 4 3 3 2
24953 0 13135 246 246 18640 18631
22068 0 29955 40529 40529 17773 17773
6111 0 23960 126 126 94 92
6111 1 11198 6 2 2 2
2003 0 4127 76 76 14270 14266
40878 0 34399 5726 5726 40418 40414
26349 1 19291 3 2 3 2
15641 1 5982 10 5 6 4
21253 0 5982 8397 8397 36280 36280
3948 3 25669 568 564 12 12
40879 0 39495 39863 39863 37717 37717
10738 0 8594 3169 3169 26927 26921
40612 0 8594 6089 6089 40619 40612
12395 0 4161 2 2 175 148
40942 0 4161 12499 12499 40716 40686
26530 0 25605 1848 1848 687 686
25576 0 19971 2614 2614 32832 32826
3574 6 39280 1375 1371 16 16
35051 1 36988 2 2 2 2
19269 6 3870 9519 9518 737 737
26457 1 21879 3 3 4 3
16049 4 31756 306 304 47 47
26279 5 6146 60 60 20346 20334
31974 5 6146 20 20 9058 9047
22137 5 3531 3 3 1157 1135
15837 1 15836 2 2 2 2
3895 0 3721 19 19 557 522
23820 6 25420 31 26 5 4
23820 6 11103 13 9 3 2
28203 4 29473 357 353 220 220
2999 1 36067 5 2 2 2
11766 5 10754 1 1 529 510
40880 0 10330 14234 14234 40914 40909
29695 1 25945 2 2 2 2
15242 6 5534 6 4 9 7
16017 3 30757 5255 5253 1922 1921
9486 3 6190 494 490 51 51
10504 6 36780 1136 1129 251 251
31226 0 17728 482 482 10951 10942
8734 1 1538 3 2 2 2
29667 0 249 17 17 3168 3122
7681 0 249 4 4 1379 1334
1196 5 12328 703 703 40238 40221
29190 5 2139 2 2 6189 6164
9335 5 2139 81 81 17864 17838
13338 1 18054 5 3 8 8
19110 4 40436 192 192 158 158
1935 0 7945 70 70 9857 9835
1104 0 7945 4 3 400 379
32001 2 3539 290 290 18735 18734
7118 0 3978 35 35 176 155
27765 0 206 939 939 21741 21711
16624 9 15794 3 3 3 3
1966 4 24890 27521 27519 752 752
31338 0 8266 5 5 832 828
40221 5 73 1 1 121 66
3410 4 40221 607 606 18 18
29650 5 73 10 10 23555 23497
4984 0 73 1 1 22 12
7890 1 8556 8 4 4 2
32343 0 7890 16190 16190 35258 35241
4686 0 9935 258 258 12069 12053
1690 1 5111 21 8 8 7
23282 0 1690 32 31 667 657
10335 1 2363 3 3 19 12
19856 1 15917 3 2 3 2
15168 1 35514 2 2 3 3
40881 0 9334 21072 21072 40916 40911
28253 1 28252 2 2 3 2
11736 1 678 4 2 4 2
12371 1 20336 11 7 7 6
26039 1 31200 24143 24143 5914 5914
39168 1 23614 2 2 4 4
20692 1 21524 3 2 2 2
24359 1 36592 2 2 3 2
6740 1 6335 4 2 3 2
38194 0 6335 17586 17586 28322 28322
5315 0 18408 1517 1517 1384 1384
11605 4 40002 155 155 131 131
12921 1 24570 73 63 8 6
21374 1 12921 6 5 15 5
5134 2 4633 1 1 11 1
35877 0 85 15 15 850 615
23185 0 85 21 21 9750 9505
40756 0 85 24290 24290 40901 40653
26136 1 26135 2 2 2 2
37633 0 20754 6655 6655 23281 23280
40883 0 1222 1441 1441 40403 40390
40904 0 1222 564 564 40461 40447
19190 1 22874 4 3 6 3
14563 2 35454 40943 40941 2850 2850
12530 1 5329 2 2 3 2
37793 0 425 387 387 30267 30247
7112 1 21005 2 2 7 3
13785 6 30026 23655 23654 34978 34978
30892 1 27200 2 2 2 2
22309 1 11345 4 3 10 3
652 1 11489 9 4 4 3
21523 0 5914 5148 5148 26542 26538
19459 1 8641 2 2 9 5
103 0 9917 3110 3110 16948 16947
34367 1 30925 2 2 3 2
39210 0 36049 17339 17339 40096 40095
27244 6 22681 4958 4957 117 117
12608 4 21734 71 68 8 8
31281 1 6359 2 2 10 5
40153 0 6359 1314 1314 39699 39691
28257 1 28256 3 2 3 2
3741 6 11977 3 1 4 1
8455 0 14334 1113 1113 1444 1443
11170 1 606 13 7 5 3
9097 4 33963 203 202 39 39
15436 1 15435 3 2 2 2
9201 1 9200 4 2 3 3
6058 0 5378 147 147 6455 6441
5378 1 9054 6 3 11 6
24455 0 7235 166 166 21948 21943
40886 0 36491 15228 15228 38976 38975
27948 0 29072 4331 4331 39137 39133
2574 1 10949 10 6 9 5
15184 1 36822 2 2 3 2
17033 1 208 2 2 3 2
5633 0 4663 734 734 16686 16670
23779 0 17423 3753 3753 14862 14858
31140 0 1615 1005 1005 10314 10309
25999 1 31140 2 2 3 2
29071 0 25203 1239 1239 5412 5409
4929 4 37085 375 369 51 51
11962 4 5667 51 47 7 7
14732 6 18907 33839 33838 802 802
4582 0 23340 3610 3610 17471 17467
2940 0 23340 73 73 21 18
6093 10 24981 3 2 3 3
14001 0 36202 296 296 593 593
37407 0 19919 1014 1014 39843 39840
28934 0 6210 438 437 145 142
13298 1 26814 4 2 3 2
12356 1 20726 3 2 3 2
11679 7 15652 282 276 9 8
18992 0 780 392 392 6802 6794
12696 0 1750 9058 9058 28121 28119
22477 1 2282 8 3 2 2
17701 4 36065 151 151 11 11
20641 0 36866 10538 10538 29807 29806
31601 0 1352 1112 1112 32846 32840
36144 0 28533 2069 2069 8248 8248
22400 2 2183 5 5 668 637
39117 2 5348 22 21 10 8
12905 1 5832 5 3 5 4
16355 1 22399 4689 4684 1347 1347
8334 2 35737 222 222 27091 27090
13347 0 26570 21 21 54 52
40889 0 34949 19819 19819 40365 40364
12551 0 7485 452 452 280 279
3154 1 27514 4 2 2 2
35950 0 20760 6 6 158 153
20760 0 25127 1575 1575 15201 15200
23933 1 23098 5 4 9 6
12685 6 19180 15848 15842 150 150
12358 2 4168 1 1 147 138
7700 2 4168 1 1 213 203
35674 0 16517 21205 21205 22201 22200
6813 1 5175 4 2 2 2
7375 1 7374 4 2 3 2
40890 2 23906 2106 2106 40579 40579
21948 4 38918 3424 3424 5955 5955
17500 9 17499 2 2 2 2
6759 1 21078 6 3 3 2
11196 0 24534 2724 2724 4571 4568
16734 7 13678 9680 9677 20 20
865 1 17946 11 2 2 2
1821 6 39122 2454 2440 49 49
11630 1 31896 5 2 2 2
7284 1 17756 5 3 2 2
26770 5 6829 1 1 23 17
37565 1 22789 5 3 3 2
11926 1 11925 6 2 5 4
27446 1 22702 5 3 6 4
13999 0 37238 1028 1028 530 529
2050 6 30438 9559 9559 8105 8105
21493 0 24309 3812 3812 38855 38855
40891 0 13449 14032 14032 40446 40445
15390 1 38904 35143 35142 12082 12082
33146 1 2101 6 5 15 7
17987 3 17986 254 252 14 13
29746 3 17987 5 5 354 352
2692 0 10487 36 36 300 297
32902 1 29338 2 2 5 5
14511 6 11512 19152 19145 187 187
6117 1 683 2 2 9 3
25817 0 40019 27695 27695 23650 23650
39730 4 31900 5739 5739 23279 23279
14912 3 19439 55 52 3 3
34332 4 1842 188 184 10 10
29957 5 8285 307 307 21843 21839
8398 4 40398 13341 13341 2043 2043
13141 4 36356 84 72 7 7
24146 1 36079 3 2 3 3
12197 1 24146 7 4 3 2
8973 0 15567 2296 2296 9073 9072
2840 1 18631 4 3 2 2
4993 1 4648 4 3 18 9
15543 4 26788 1834 1834 7157 7157
9926 1 1976 4 2 5 3
40893 0 10088 92 92 40172 40167
18632 0 15264 321 320 5787 5784
25930 4 9684 323 318 44 44
39714 5 5407 2 2 3521 3496
31612 1 9688 4 4 3 2
1782 1 1781 3 2 6 3
34009 6 39128 714 711 1145 1144
25597 0 4132 4175 4175 39996 39986
16378 0 2054 2 2 23 7
12541 0 2054 2 2 58 41
2054 1 17904 15286 15286 27068 27067
18557 9 18725 3 3 2 2
40453 1 28165 2 2 5 3
7231 0 16733 35367 35367 20827 20827
17867 1 14085 3 2 3 2
36201 4 39259 11129 11128 37 37
17202 0 12720 350 350 2722 2712
28053 0 4049 81 81 33779 33764
25593 0 4049 10 10 10166 10152
4049 1 28361 2 2 5 3
22873 1 37187 11 4 2 2
37187 0 3391 966 966 18757 18753
30984 1 6485 5 3 5 3
12052 1 6794 3 2 5 2
6371 6 13857 8595 8591 781 780
1675 3 3261 8 4 5 4
32329 0 39076 26688 26688 19658 19658
1788 0 22163 1 1 12 8
8791 1 15310 3 2 9 4
13863 1 15310 24 16 15 9
3838 1 15310 5 3 32 25
36716 0 15310 542 542 10314 10314
23303 1 6584 3 2 82 76
9014 0 13840 683 683 15653 15648
9501 1 16279 4 3 3 2
9412 1 35482 6 2 2 2
26517 1 352 17 15 40 31
30651 1 30650 3 2 2 2
13606 0 5759 50 50 507 492
24242 4 40495 1176 1176 3588 3588
3024 1 8489 3 2 11 5
4914 4 5471 183 178 5 5
16649 0 11808 27 27 202 197
16580 1 16649 3 2 4 2
8882 1 30608 6 4 2 2
24380 6 4034 2836 2836 6261 6259
20967 1 38940 5982 5979 195 195
38940 1 20967 192 192 4384 4381
12345 4 32572 50 49 2 2
17336 1 6811 2 2 4 2
4393 0 21188 787 787 19274 19272
16082 0 19592 26099 26099 40369 40368
13599 4 38034 156 156 64 64
2399 3 852 37 35 18 18
26551 1 17969 4 2 5 3
19862 1 25685 9 5 3 3
33100 0 23835 83 83 3880 3874
38732 1 16818 2 2 4 2
30257 4 39983 256 256 88 88
2097 1 9439 10 6 8 4
8891 1 8890 2 2 7 4
10946 1 16189 409 406 43 42
23311 5 666 1 1 290 262
7605 1 16736 4 3 3 2
40896 0 23801 151 151 28058 28056
3152 1 34834 4 2 2 2
8027 0 17129 34731 34731 40356 40355
18036 1 23414 5 3 3 2
10896 1 5187 2 2 2 2
29378 0 14065 15 15 1058 1056
11268 1 18820 256 255 2621 2618
10603 3 7644 10 9 24 23
28163 6 33290 524 524 779 779
26372 1 2839 4 2 4 2
13731 1 3340 6 4 8 4
30635 1 27499 3 2 4 2
19561 2 12788 5 3 14 12
6316 1 14884 11 9 9 8
14884 1 6316 7 6 10 8
40071 0 542 88 88 6791 6778
24433 1 24432 3 2 2 2
8518 8 19686 89 84 5 5
36028 1 13581 2 2 4 2
23015 1 39472 3 2 2 2
29941 0 8121 3 3 8 3
11007 0 39628 4172 4172 7187 7186
38483 1 35975 2 2 2 2
27069 0 17594 35 35 11131 11130
31414 0 21528 3257 3257 6382 6379
10966 0 6448 3864 3864 14846 14842
7275 0 36151 21142 21142 35131 35130
10347 0 12311 26 26 549 538
40897 0 15992 34823 34823 40940 40935
29348 1 9181 2 2 7 2
181 4 20452 262 257 7 7
30056 0 13450 75 74 210 204
13510 0 34706 951 951 31325 31323
9041 1 8986 9 5 9 4
33052 1 6521 4 3 9 5
26934 4 36843 320 320 143 143
2778 1 2777 6 3 2 2
28399 9 24687 4 4 4 4
28399 0 7125 754 754 302 300
163 1 9522 7 3 5 4
38964 6 15538 4 2 4 2
36295 6 20656 39597 39597 37391 37391
7947 1 3044 5 2 9 2
24577 0 6103 3830 3830 10872 10869
39447 2 955 5 4 125 113
27080 0 35724 482 482 5469 5469
18317 0 16471 1121 1121 26642 26639
40899 0 1371 1885 1885 40606 40583
35847 0 1371 2 2 6038 6016
32447 6 14556 6500 6498 8 7
5046 5 5363 116 116 36940 36925
31855 0 1378 5 5 1020 958
19994 0 1378 5 5 138 79
25740 0 1378 129 129 144 84
40676 0 1378 856 856 40354 40291
20832 0 2453 395 395 13868 13814
38637 0 35536 168 168 5097 5097
29542 6 38922 60 60 35 35
17578 1 8885 3 2 5 3
40900 0 3668 7742 7742 40813 40805
38879 4 40465 19 19 10 10
23645 1 3271 5 4 3 2
10717 1 23392 3 2 6 4
7129 6 37636 646 626 2 2
7129 6 39342 156 137 26 23
22752 1 11603 5 3 5 3
13171 0 2104 3812 3812 16971 16955
3840 4 25993 133 132 5 5
6976 1 6542 2 2 2 2
6504 0 17314 40 40 221 214
1218 1 18913 7 3 2 2
23637 1 22005 2 2 2 2
12259 4 40042 761 761 480 480
29053 0 31232 21 21 5055 5051
14841 1 11642 4 2 4 2
12434 1 11406 4 3 6 3
4571 1 19807 3 2 2 2
12516 1 16943 2 2 4 3
9471 1 28564 7 3 3 3
40902 0 30686 10625 10625 39212 39211
215 1 13069 18 13 4 3
28342 4 21955 308 308 196 196
4050 1 5908 4 3 2 2
10960 0 16571 6614 6614 16031 16030
3343 1 1512 6 2 4 3
15421 1 7039 7 2 6 5
40903 0 23890 3522 3522 40030 40029
18173 1 23932 3 2 4 2
26645 1 11702 2 2 3 2
15117 1 11702 2 2 2 2
7241 1 9423 4 2 2 2
15866 1 20662 3 2 5 2
308 1 23762 8 4 2 2
1602 1 20590 5 2 3 2
7541 1 7540 4 3 4 3
4015 0 32323 37290 37290 21117 21117
36003 2 3957 4 3 17 13
11479 0 4865 171 171 10524 10518
1202 0 14475 6210 6210 36692 36689
14612 1 19739 4 2 4 2
7024 0 6752 9 9 1695 1680
32853 0 5203 2205 2205 26879 26877
37253 0 40396 8878 8878 10988 10987
34648 0 16831 727 727 3454 3453
1613 1 3914 4 2 6 3
10826 0 26562 363 363 4226 4221
23101 1 12527 3 2 4 2
27830 0 8061 8985 8984 19090 19088
20864 1 6464 2 2 4 2
5262 6 29332 628 626 105 105
35821 0 16863 15419 15419 39831 39825
13407 1 4967 3 2 6 4
9713 1 18011 3 2 2 2
31393 4 27927 2912 2912 8626 8626
12347 1 13214 9 6 2 2
22063 1 36525 2 2 2 2
37425 0 4766 17364 17364 27667 27667
27152 4 38832 41 40 4 4
31830 5 24055 481 481 2866 2866
15799 6 17609 12 1 1 1
38974 0 621 59 59 2538 2537
17241 0 17150 3 3 5 4
2858 4 33960 389 357 5 5
26230 0 10765 40 40 2351 2344
19752 1 19897 8 4 6 4
38731 0 10922 63 63 9705 9702
30909 6 31031 13294 13294 31563 31563
40907 0 25161 8574 8574 38356 38354
36978 0 692 5 5 8535 8510
29708 0 692 2 2 876 853
20476 1 6724 17941 17940 18552 18550
40908 0 7921 17894 17894 40632 40632
2443 9 5163 7 6 2 2
12141 1 2443 2 2 6 3
7159 4 32394 279 277 59 59
9995 0 1520 5 5 722 712
3657 1 11758 544 544 16540 16536
687 6 27283 33570 33549 8896 8896
8662 0 716 3 3 642 604
7974 1 3145 6 3 5 3
24517 1 9302 2 2 5 3
7449 0 7095 14793 14792 5821 5821
31989 4 40175 458 458 62 62
40909 0 3338 1474 1474 39010 39002
19172 0 15730 377 376 183 182
15433 6 23550 13830 13827 5 5
15869 1 9418 4 2 3 2
27694 3 13419 2 2 3 2
21543 0 14367 2142 2142 12219 12213
5015 4 5256 45 38 3 3
16016 1 10865 8 7 3 3
2379 0 14652 10905 10905 17038 17038
40910 0 10662 5487 5487 40630 40622
13388 1 17572 3 2 3 2
38526 0 17405 5800 5800 27693 27685
9889 0 38560 3293 3293 25164 25163
11600 0 13047 1 1 9 1
40912 0 9931 6711 6711 40754 40754
36575 0 34172 6535 6535 9167 9164
19960 6 20910 30443 30442 7224 7224
10868 1 6529 4 2 6 3
25398 1 30292 2 2 4 2
13664 1 23487 5 3 5 4
40913 2 1214 489 489 40871 40852
13094 2 1214 3 1 21 3
16437 0 26208 12397 12397 10685 10683
22757 1 22756 3 2 2 2
40260 0 26108 4 4 90 88
32735 0 5654 27 27 154 151
3447 1 9780 9 4 3 2
14404 1 3447 3 2 7 2
7985 1 4209 8 8 9 6
40915 0 10407 23738 23738 40598 40598
6851 1 6468 9 8 10 6
15604 3 4192 7 7 8 8
9074 0 2243 25 25 309 308
16945 1 27937 2 2 2 2
37937 2 17319 4 3 63 59
17444 1 7040 2 2 3 2
24542 0 21434 1746 1746 19392 19391
19654 0 38248 27662 27662 33931 33931
40916 0 25194 6090 6090 40718 40717
3512 1 1507 7 4 3 3
35515 4 5683 13571 13571 2438 2438
26598 1 13630 2 2 2 2
3815 1 39428 5 3 2 2
4037 0 16708 2 2 10 6
29698 0 8868 4876 4875 7768 7767
15051 1 14230 2 2 10 6
1006 3 17460 11 10 77 73
20944 1 2415 5 3 8 4
9847 3 11802 5282 5275 1609 1609
19964 4 40677 40635 40632 12196 12196
23100 1 23574 3 2 3 2
21645 1 16026 5 3 4 2
3046 0 140 6668 6668 34767 34761
1732 6 23260 35 22 1 1
29279 4 22476 364 364 85 85
21641 0 8412 12909 12909 16363 16362
40283 0 13935 3 3 105 102
20075 1 5623 4 2 4 3
32173 0 25942 305 305 6619 6616
17114 1 9438 2 2 3 2
33419 4 28271 184 182 30 30
40917 0 5681 3480 3480 40296 40295
15907 1 15906 4 3 5 2
15906 1 26088 5 2 3 2
14098 4 39569 375 373 74 74
4725 1 3135 3 2 4 3
24645 1 21259 3 2 3 2
22111 1 25386 2 2 2 2
11499 1 5619 4 3 6 3
3068 1 3431 11 7 4 3
7765 1 7764 5 3 5 4
11813 1 30361 11 3 2 2
13330 1 4080 3 2 4 3
40919 0 27595 18853 18853 40790 40789
26579 0 27595 3142 3141 34319 34319
20569 1 7364 3 2 10 4
27835 1 30774 2 2 2 2
2212 6 39573 38341 38341 8535 8535
29644 1 22647 2 2 3 2
28102 1 13943 2 2 4 3
39806 0 4094 8200 8200 9465 9465
11333 0 1873 60 60 5702 5693
7708 1 7707 3 2 4 3
20826 6 37122 958 957 451 451
35116 1 2058 2 2 6 2
4697 1 3858 3 2 4 2
11455 4 7090 241 237 8 8
40921 0 10175 7934 7934 40741 40735
38431 1 28014 2 2 2 2
12033 1 19844 3 2 4 2
5245 0 33893 5513 5513 25260 25260
34222 0 38513 287 287 10883 10882
8695 1 8694 2 2 5 2
3104 1 3103 2 2 3 2
15438 1 11384 3 3 4 2
31721 1 24228 3 2 2 2
2370 4 3245 56 36 2 2
8754 1 6098 6 3 3 2
8754 1 4244 5 3 4 2
18988 0 27345 32 32 1255 1254
40923 0 13663 10911 10911 40808 40787
11049 0 722 271 271 25746 25738
38784 0 6570 96 96 13821 13806
16141 4 16183 1630 1628 189 189
496 1 32512 4 2 2 2
37743 1 14493 2 2 7 4
5090 1 38941 3 2 2 2
34217 1 30032 3 2 3 2
16865 1 8774 2 2 3 2
26008 1 24248 1906 1904 177 177
37763 1 3707 2 2 2 2
22457 6 34682 34866 34866 38429 38429
33138 1 11811 2 2 2 2
25767 4 33687 1172 1172 159 159
13958 4 28025 21 13 1 1
656 1 37010 4 2 2 2
10583 1 2117 8 4 9 3
20736 1 17537 10044 10044 7163 7162
10184 0 28333 118 118 148 144
38142 0 26564 2867 2867 705 705
3096 4 25112 138 130 5 5
15613 0 15381 184 184 9101 9097
22584 1 12684 3 3 4 2
10350 1 13671 4 2 3 3
7514 1 25165 4 2 5 4
25852 1 20593 2 2 3 2
14893 0 27550 3269 3269 24910 24910
22787 1 22786 2 2 3 2
5300 0 27067 519 518 1412 1412
622 0 8078 25 25 931 920
24444 8 33475 1317 1317 16292 16292
35002 0 19318 1784 1784 18452 18450
5466 0 115 5280 5280 28860 28844
19843 0 2682 2 2 8 7
22395 0 5140 899 899 10212 10208
20504 0 11647 93 93 13279 13270
11184 4 27448 24358 24349 189 189
33563 0 18375 12173 12173 358 358
19846 1 18645 4163 4161 196 195
23722 0 20561 10974 10974 13693 13693
36869 1 18872 2 2 9 4
1358 1 1357 6 4 2 2
13443 1 1717 4 2 5 3
9968 1 13305 3 2 6 2
6222 1 29825 13 12 4 3
19156 0 89 4166 4166 37017 36999
28882 9 3696 2 2 2 2
40924 0 22072 2984 2984 39584 39580
30066 1 7387 3 3 6 4
15533 0 7387 260 260 3967 3961
6506 6 39335 1187 1180 114 114
29368 0 40057 40877 40877 39260 39260
27225 6 33459 211 204 20 20
34773 0 34386 4451 4451 39306 39304
40449 0 1803 2710 2710 14591 14583
21774 6 9252 2513 2513 9848 9848
18483 1 17730 3 2 5 3
18247 1 33545 2 2 2 2
38623 0 5839 1267 1267 19983 19978
4359 1 29197 3 2 7 3
29197 1 13612 6 2 10 7
27198 1 6242 3 3 9 4
27447 1 4053 2 2 6 6
13806 1 28087 2 2 3 2
40925 0 19888 32055 32055 40845 40845
9983 4 21913 298 296 32 32
20348 0 11447 482 482 5663 5663
38036 0 1666 3583 3583 28878 28867
32679 0 34089 16615 16615 18740 18740
35965 4 17251 53 53 117 117
18481 6 27900 28195 28195 6333 6333
37628 1 32564 2 2 3 2
4466 1 21189 6 5 5 2
640 1 7220 3 2 3 2
24070 0 18975 5800 5800 18833 18831
2758 1 22165 2 2 3 2
4556 1 9927 4 2 8 4
40353 0 10745 17877 17877 37692 37687
19632 1 35311 2 2 2 2
39784 1 31199 2 2 2 2
4594 0 5891 327 327 13267 13263
4491 0 19288 2688 2688 18922 18920
30729 4 33668 682 682 2089 2089
34985 0 3925 2211 2211 25970 25966
28487 1 7168 2 2 6 2
26416 1 36198 4 2 2 2
34811 0 1272 89 89 6973 6956
3263 1 2390 4 2 6 3
11689 0 15537 22 22 75 72
28752 0 4416 4 4 24 23
27422 0 8663 760 760 12265 12263
5643 1 3754 3 2 3 2
11366 1 26527 7 3 5 2
24792 1 893 2 2 3 2
6657 1 21399 3 2 2 2
18566 1 6657 2 2 3 2
39413 0 5325 38 38 17611 17585
11969 1 26616 3 3 3 2
36488 1 6245 2 2 6 2
11151 1 17991 5 4 5 3
3136 1 16161 5 4 4 3
30980 0 3884 1851 1850 11897 11892
30250 1 32816 5 3 2 2
4638 1 29948 2 2 3 3
27855 0 9636 11596 11596 5713 5713
22777 1 35880 4 2 3 3
3901 1 1387 5 4 8 8
22243 0 13777 493 493 3315 3306
5542 1 30223 17 13 3 2
38033 0 20954 19202 19202 36021 36021
29753 0 15565 816 816 12003 11995
29266 4 13537 8207 8207 1005 1005
1937 6 25054 14246 14243 7856 7856
21124 0 14843 1172 1172 28223 28220
40927 0 290 10670 10670 40278 40233
31744 4 8674 1380 1379 251 251
40127 0 2558 1706 1705 20098 20083
2529 4 12558 358 351 35 35
7694 1 33571 5 2 2 2
22610 0 27194 935 934 4979 4974
30249 0 6066 1360 1360 11730 11729
658 0 13432 87 87 2148 2142
40928 0 9369 1036 1036 38435 38434
38434 0 9010 3026 3026 5665 5664
30241 6 28445 543 540 2 2
35998 1 12005 2 2 5 2
37809 2 18294 378 377 1429 1427
11424 1 34792 13 6 3 3
35840 0 11072 394 394 38574 38569
28978 1 22902 2 2 2 2
11576 6 38596 1298 1296 44 44
1930 4 36216 1951 1944 67 67
7939 1 10211 6 3 4 3
28794 4 27413 216 216 95 95
5741 0 1817 2850 2850 470 470
5741 6 31343 9 6 3 3
19214 6 3845 2205 2201 29 28
23468 1 1116 10 8 4 2
19251 1 13436 5 4 13 9
30832 0 17008 25014 25013 12158 12158
10086 1 10085 2 2 5 2
20123 1 21785 4 3 5 2
29801 1 16682 2 2 6 2
2714 6 17927 89 45 13 9
3544 6 29062 18 7 2 1
16737 0 2582 1240 1240 17663 17659
37791 0 27732 5 5 587 582
17526 4 11245 4273 4271 102 102
1533 0 604 861 861 13568 13557
39727 1 9142 2 2 13 7
13018 3 4849 25 23 16 15
32445 0 36854 54 54 3167 3165
30065 6 21979 638 638 6520 6517
1742 6 21979 581 581 11890 11886
23039 1 22926 5 3 2 2
32339 1 27741 3 2 4 2
17262 4 33581 1123 1122 128 128
26419 1 3896 2 2 3 2
2404 6 17683 572 570 57 57
33189 0 14812 2297 2297 21048 21044
26452 9 7754 7448 7448 28844 28843
19015 1 28438 5 2 6 3
12913 1 9397 2 2 4 2
40931 0 27727 11856 11856 39905 39904
1419 1 22014 5 3 4 3
22075 4 35020 1329 1328 1069 1069
14470 4 37913 80 79 6 6
28719 0 7960 5890 5890 36330 36330
8597 1 843 2 2 6 2
14278 0 7240 6793 6793 22757 22740
2970 0 8651 688 688 4623 4622
17407 6 4098 36124 36123 4247 4247
15599 5 6014 420 420 11924 11921
23298 0 37796 3 3 13 11
23743 4 1839 3643 3639 339 339
9242 1 9241 2 2 5 3
40932 0 8840 17780 17780 40743 40735
20097 1 39891 6 3 3 3
28366 1 34247 4 3 2 2
23644 0 37462 12950 12950 1051 1051
9572 9 9571 5 5 2 2
30724 1 28310 2 2 3 2
18933 4 6687 173 171 13 13
17759 0 2861 992 992 32698 32689
40933 0 15371 12187 12187 40763 40759
38707 1 6267 2 2 3 2
4208 1 4207 4 3 3 2
15219 1 38553 3 2 2 2
23158 4 15716 401 401 172 172
21950 1 27256 4 2 3 2
34499 0 3934 12626 12626 38474 38471
35578 1 3227 2 2 4 2
7908 1 6243 453 446 50 49
1914 6 14604 439 416 8 8
38010 0 30717 1492 1492 23391 23390
40934 0 22330 26057 26057 40874 40874
36509 0 1481 6934 6934 30714 30713
17630 1 5576 3 2 3 2
16260 4 1174 124 118 8 8
8162 2 27707 692 692 944 944
28523 9 16965 2 2 4 4
40935 0 16658 10043 10043 40779 40776
25614 0 86 154 154 10272 10269
18620 3 6300 4 3 5 4
10303 0 1380 10 10 96 81
37033 0 20187 568 568 133 132
26386 0 18443 4860 4860 1921 1921
38926 0 5480 5100 5100 16440 16439
29831 0 12577 3 2 83 76
15782 0 21097 3942 3942 31562 31559
22438 1 8094 2 2 4 2
40936 2 3999 240 240 40647 40608
1838 0 11464 2107 2107 22677 22675
14405 6 31106 3983 3980 555 555
38576 6 23883 1804 1804 4824 4824
17088 4 35425 24547 24547 1156 1156
849 10 13402 5 5 5 5
31905 1 5241 4 3 5 3
5409 0 9991 605 605 5496 5494
7245 0 31986 5664 5664 17398 17397
34983 1 16742 2 2 4 2
10762 1 12714 4 2 5 5
10953 0 273 4 4 374 360
26769 0 1194 9 9 67 65
12790 6 38666 12 11 9 8
20833 0 14547 5017 5017 25504 25504
31477 0 20633 2 2 11 9
25922 1 17748 4 2 3 2
35874 0 3549 22 22 898 883
24436 1 2798 2 2 5 4
25966 1 11230 2 2 4 2
16275 1 18980 4 2 7 3
7862 4 17841 989 986 81 81
12959 0 12265 1036 1036 6316 6316
40938 0 25310 4495 4495 37983 37981
35627 0 3269 2 2 15 12
18098 1 22245 8 2 2 2
35614 0 5846 1 1 30 1
29207 1 24456 4 3 5 2
1048 1 24443 3 2 3 2
22767 5 6095 8 8 1739 1736
12231 0 16476 2 2 23 17
19496 1 30112 2 2 5 2
40940 0 7382 4256 4256 40436 40433
8838 1 20614 5 2 4 3
30101 1 30632 4 2 4 2
9830 1 34527 3 2 3 2
40941 0 13946 15099 15099 40524 40522
28643 0 11339 24 24 9505 9501
13847 1 14386 3 2 10 8
27260 1 35256 5 4 4 3
35120 4 33416 2521 2519 77 77
6728 1 6727 24 14 9 7
