1678 7 40551 356 116 1 1
1678 7 18056 318 82 1 1
1678 7 30089 307 73 1 1
1678 7 36781 287 55 1 1
1678 7 18000 265 35 1 1
1678 7 9202 242 13 1 1
1678 7 26036 2508 2267 2 2
1678 7 35669 323 85 1 1
1678 7 40887 40664 40421 20 20
1678 7 38204 27704 27462 72 72
17935 9 35175 7 7 2 2
785 8 10116 13615 13160 23 23
785 8 37575 1466 1020 2 2
785 8 21817 12159 11705 6 6
785 8 18729 444 2 5 2
785 8 12268 4323 3875 2 2
785 8 29200 18453 17990 22 22
785 8 23537 17771 17310 4 4
785 8 6770 15839 15379 3 3
785 8 1493 6783 6334 7 7
785 8 28822 32837 32367 65 65
785 8 15703 3575 3128 85 85
785 8 8245 10602 10150 6 6
785 8 36761 26952 26483 3 3
785 8 155 24148 23681 7 7
785 8 39420 22185 21719 7 7
785 8 38749 21040 20575 6 6
785 7 11761 16834 16820 209 209
16176 4 33688 591 589 121 121
18671 0 11241 4 4 28 14
19621 0 11241 9 9 406 391
15582 0 4030 12 12 314 285
25033 0 4030 1 1 47 21
31351 0 4030 2 2 72 45
19165 0 2969 21 21 184 175
21012 1 19165 5 3 2 2
16748 6 29001 13 12 47 45
31740 0 1183 2 2 63 20
26184 1 32091 16252 16249 2619 2619
32091 1 26184 2485 2485 17416 17413
4194 1 6975 2 2 3 2
6975 1 3569 3 2 7 2
15602 0 4367 1869 1869 14307 14278
6546 0 4367 9 9 2813 2786
24512 1 24859 2 2 3 2
33182 0 5053 5661 5661 21315 21312
5945 6 10270 6 3 5 4
5109 0 22368 1380 1380 22806 22801
20774 0 8060 62 62 15 15
12274 1 9268 2 2 3 2
12842 1 15886 6 2 3 2
13394 1 3789 4 2 2 2
13394 0 3459 55 55 460 453
38200 3 8055 4 3 6 4
36698 0 586 76 76 1616 1539
13143 0 586 34 34 7808 7729
7684 1 586 4 3 7 3
586 3 772 25 15 5 4
586 3 3510 85 74 9 9
586 1 11276 5 2 4 2
38212 2 121 4 4 1184 684
34053 2 121 3 3 827 340
21130 2 121 1 1 684 200
22680 2 121 2 1 480 4
33440 2 121 7 7 1106 608
37929 2 121 3 3 862 374
25514 2 121 6 6 923 431
31531 2 121 4 4 1252 750
15287 2 121 20 20 1665 1159
30007 2 121 2 1 475 3
33594 2 121 2 2 893 402
31050 2 121 9 9 2099 1592
10443 2 121 2 1 479 4
13776 2 121 2 1 478 4
28371 2 121 4 4 1177 678
25046 2 121 1 1 999 504
29285 2 121 2 2 575 93
29029 2 121 5 5 1234 733
39017 2 121 1 1 583 100
36587 2 121 30 30 1540 1036
29042 2 121 9 9 1586 1081
20341 2 121 3 3 944 451
33915 2 121 2 2 864 375
14588 2 121 2 1 489 8
121 6 39924 430 426 178 178
40757 0 1311 1821 1821 40542 40524
40804 0 1311 1371 1371 40511 40494
1311 0 896 133 133 508 503
18270 1 18269 4 2 2 2
13049 0 4990 78 78 4902 4883
36351 0 4990 69 69 11856 11836
29179 1 10971 2 2 2 2
23886 0 6769 6 6 32 31
30612 0 4411 2804 2804 12048 12047
14866 0 3633 12 12 1277 1272
35748 0 11399 5011 5011 35745 35738
31413 0 15186 4 4 6 4
20145 0 11015 1564 1564 25295 25294
40728 5 914 2047 2047 40742 40448
28450 5 914 1040 1040 25600 25309
7848 5 914 5 5 993 712
35945 5 914 6 6 1636 1352
25546 5 914 3 3 6451 6162
38155 5 914 2 2 1130 848
36490 5 914 4 4 6392 6104
31958 5 914 6 6 3809 3523
16022 5 914 36 35 2014 1729
1595 5 914 4 4 472 192
5734 1 377 4 2 3 2
22785 0 5734 7 7 21 20
1255 6 24915 1395 1395 2991 2991
14244 1 11981 2 2 6 3
19390 0 4369 38 38 202 183
15364 0 4369 69 69 3002 2981
6533 0 4369 11770 11770 31769 31746
20079 0 4369 178 178 8999 8977
3634 1 4369 5 2 2 2
10990 1 4301 7 2 3 2
16398 1 2783 4 3 9 3
2783 1 1316 10 3 7 3
31737 0 16660 2 1 14 1
40758 0 6286 5491 5491 40493 40481
36771 0 6286 39 39 398 387
23301 0 6286 11 11 29 19
6286 1 7865 2 2 3 2
40759 0 45 18725 18725 40714 40711
45 1 44 14 3 2 2
30663 4 40225 270 269 54 54
14235 0 20549 122 122 2981 2976
20549 1 8731 3 2 6 2
15727 0 20842 10 10 4 3
28017 0 10090 1491 1491 29334 29320
40795 0 10090 8784 8784 40684 40669
32851 1 11382 48 48 688 687
21858 0 14369 5 5 156 152
34003 0 20650 2335 2335 1904 1903
5656 1 624 4 3 7 2
624 1 34337 6 2 2 2
32035 1 33317 2 2 2 2
6074 0 11052 5250 5250 1048 1048
6074 1 6073 3 2 2 2
31355 4 35983 2477 2474 868 868
10203 0 23680 4133 4133 14426 14426
34114 4 1598 94 93 3 3
15430 4 617 19 4 3 1
617 6 23164 760 745 90 90
40760 0 3796 1729 1729 40464 40453
40898 0 3796 4350 4350 40539 40527
27089 0 25460 1 1 9 1
38920 0 20791 77 77 242 242
26740 0 15987 14 14 85 80
26740 5 4475 1 1 25 5
33592 0 3640 1 1 81 12
21749 0 16741 84 84 3009 3005
40287 6 21134 5 5 6 6
14022 1 6297 6 2 2 2
14504 1 14022 2 2 6 2
40761 0 448 4085 4085 40694 40669
23685 1 146 3 2 4 3
24780 0 39997 26522 26522 28147 28147
40762 0 1763 28380 28380 40902 40897
6572 1 6944 7 3 4 2
6944 0 1701 29 29 369 362
4031 1 9327 10 2 5 2
37067 1 10473 2 2 3 2
23647 0 1338 20 19 102 75
23277 0 13709 179 179 8029 8010
3947 0 12235 29 29 3762 3753
12250 1 12717 2 2 2 2
271 6 40026 1669 1642 289 289
14931 1 36099 40 38 177 176
36099 1 14931 213 212 44 42
36099 1 27949 2 2 3 2
14576 5 2971 1 1 69 6
13484 5 2971 1 1 61 1
7443 1 25067 5 2 3 2
16880 0 18633 3916 3916 9723 9716
16881 1 16880 3 2 4 2
17282 0 228 2 2 1296 1223
33871 0 228 2140 2140 15034 14958
40763 0 987 19982 19982 40482 40477
20046 0 4696 78 78 1723 1716
8415 2 7033 6 4 10 5
15870 1 18392 3 2 4 3
25017 9 18392 3 3 4 3
3787 1 8742 3 2 7 3
23980 0 3787 81 81 655 638
8742 1 19068 5 2 7 3
11482 1 10803 2 2 2 2
2901 0 30222 9515 9515 17190 17190
10757 0 3459 86 86 5748 5739
26302 0 3459 59 59 2841 2833
10581 4 27666 362 362 1485 1485
11449 2 6220 981 980 7928 7921
258 6 35861 37794 37790 1863 1863
25183 3 11235 413 413 4646 4645
15107 1 15106 2 2 2 2
20809 4 32820 962 943 192 192
20809 4 32206 326 308 15 15
4981 1 17073 4 2 3 2
16542 0 4523 18 17 36 34
40894 0 16542 11668 11668 38348 38346
10161 1 10160 3 2 5 2
10160 0 15134 970 970 10682 10675
26185 1 15249 2 2 2 2
1771 1 1770 8 3 3 2
1771 1 9610 10 4 5 2
1771 1 36226 4 2 2 2
24128 0 8842 550 550 10248 10245
26157 1 31405 3 2 3 2
31405 1 31404 3 2 2 2
6096 1 29574 5 2 2 2
31306 6 34770 179 179 1216 1216
65 9 439 2 2 3 3
9078 1 23938 2 2 3 2
10215 0 5164 1110 1109 16494 16484
1559 8 14508 31 13 2 1
1559 8 25902 31762 31743 9 9
23501 0 1668 17799 17799 36061 35989
20112 1 27611 2 2 2 2
29717 0 30926 6192 6192 37584 37583
40020 0 17095 11585 11585 33658 33657
23138 0 1929 6 6 456 226
38723 0 1929 2 2 348 121
27757 0 1929 1 1 219 1
35086 0 1929 9 9 246 22
20750 0 1929 2 2 273 47
38906 0 1929 1 1 223 2
18333 0 1929 5 5 362 133
15970 1 3369 3 2 4 2
8306 2 25327 4 3 15 8
25327 5 3250 23 23 305 293
32633 1 5596 4 3 7 3
30166 0 5644 179 179 6892 6874
3771 0 5644 20 20 177 160
36968 0 18425 5209 5209 29844 29841
4765 1 4764 3 2 6 2
17970 0 4765 1555 1555 9920 9915
13604 2 251 5 5 187 178
37309 0 30216 113 113 956 956
38488 0 19873 24813 24813 37968 37967
21703 2 1136 3 2 287 218
37709 2 1136 3 2 288 218
29422 2 1136 3 2 244 176
34900 2 1136 3 2 74 7
4319 2 1136 6 6 1396 1325
35289 1 33808 2 2 3 2
7560 1 5488 3 2 5 2
40937 0 5488 18757 18757 39636 39633
13163 0 5488 16382 16382 33097 33095
3087 1 18847 3 2 2 2
27819 0 3087 6459 6459 32173 32158
29206 1 25712 3 2 2 2
4485 0 608 6 6 688 324
4485 1 4213 5 2 6 2
2562 0 608 8043 8043 17212 16834
20006 0 608 179 179 12275 11901
40838 0 608 36032 36032 40518 40117
40777 0 608 15651 15651 39670 39279
39245 0 608 21928 21928 27761 27378
40814 0 608 13727 13727 39453 39063
14223 0 608 4840 4840 10570 10198
1328 0 608 33 33 9117 8746
40785 0 608 9557 9557 39403 39014
40830 0 608 23237 23237 39991 39595
28595 0 608 39845 39845 37674 37286
7793 0 608 648 648 9020 8650
40884 0 608 13254 13254 39730 39338
30256 0 608 2 2 2059 1692
33590 0 608 29198 29198 28258 27874
40793 0 608 18953 18953 40013 39616
37242 0 608 27617 27617 29843 29458
9757 0 608 8736 8736 16805 16428
21406 0 608 58 58 6372 6004
40764 0 29777 10593 10593 40683 40681
13128 0 959 9 9 4356 4325
35052 0 959 3037 3037 21476 21444
14092 1 7130 3 2 3 2
40765 0 18 11652 11652 40798 40798
37609 0 25129 5842 5842 26067 26063
3268 1 10028 3 2 5 3
40766 0 35564 37619 37619 40149 40148
15729 1 12999 32 29 15 13
12999 1 15729 15 13 33 30
35258 4 25396 59 59 51 51
38187 1 29741 2 2 3 2
38187 0 2275 1256 1256 6857 6824
40767 0 15247 30283 30283 39124 39121
27131 1 17012 2 2 2 2
15936 0 23068 7 7 9 7
7803 1 13968 41 39 58 56
13968 1 7803 53 51 50 48
40572 0 32910 22304 22304 40161 40158
39830 0 32910 15 15 99 97
14004 0 25065 2 2 40 37
25065 0 4789 85 85 8444 8442
32733 0 248 14 14 565 556
10121 0 248 45 45 812 802
30194 0 7722 5 5 112 100
23606 0 4877 29 29 1544 1533
32247 0 4877 3 3 150 140
30622 0 2318 2 2 134 13
26982 0 2318 64 64 1715 1587
9320 0 2318 111 111 1325 1198
26224 0 2318 1207 1207 10427 10296
18713 0 2318 8 8 566 440
38875 0 2318 154 154 1745 1616
3443 1 12083 3 2 3 2
13887 0 3443 419 419 9619 9608
18271 0 3443 24 24 1033 1023
4423 0 24850 1 1 9 8
1038 4 13190 344 177 47 47
1038 4 40447 238 73 22 22
1038 4 33781 733 565 101 101
1038 4 31677 859 689 211 211
1038 4 7455 2671 2497 546 546
23751 4 8080 42 38 4 4
8080 4 23312 27 24 4 4
25625 5 2176 5 5 3241 3137
24036 5 2176 5 5 1597 1495
18415 5 2176 7 7 2931 2828
29637 0 28168 299 298 1270 1265
17924 0 7315 1477 1477 16767 16762
13300 0 11301 289 289 2217 2207
13300 6 14769 62 59 361 360
25115 0 11301 423 423 1887 1878
20438 0 11301 2642 2642 31848 31836
37862 0 11301 362 362 7636 7625
34851 4 31118 32 31 5 5
40242 0 24346 425 425 3817 3814
26644 1 4985 3 3 3 2
26644 1 16054 4 3 3 2
8110 0 12168 5 5 142 107
36165 0 12168 1908 1908 18490 18453
22455 6 27199 743 743 7252 7252
7288 1 36878 2 2 2 2
19322 5 7288 259 259 6625 6610
40768 0 1784 25447 25447 40648 40600
15769 0 1784 10 10 335 290
40438 0 1784 645 645 18746 18700
40839 0 1784 21182 21182 40522 40475
27441 0 25270 29360 29360 33865 33864
25270 0 6354 4836 4836 5664 5661
12380 1 20717 5 2 3 2
3729 0 20717 1045 1045 38099 38088
176 1 25906 6436 6435 25821 25818
25906 1 176 24575 24572 6149 6148
40769 0 10981 10735 10735 40670 40669
24894 0 7247 3 3 13 4
27000 0 7247 1152 1152 37862 37852
17047 0 13439 30529 30529 40174 40174
40770 0 3005 17718 17718 40900 40886
12076 1 3005 3 2 9 3
12740 4 40747 40645 40645 36175 36175
16545 1 14634 2 2 9 2
4313 1 3457 9 3 7 3
1482 0 13752 10 10 9 9
1482 1 35255 6 2 3 2
11251 1 13752 3 2 3 2
28721 1 22741 2 2 2 2
28721 0 15897 4 4 12 10
3761 0 8987 6142 6142 9743 9743
8987 3 23784 4053 4053 1420 1420
7280 1 26118 3 2 2 2
28912 1 26118 3 2 3 2
38386 0 1904 1 1 3 1
6607 1 11157 5 2 3 2
637 6 31616 240 200 14 14
637 6 39715 486 443 17 17
637 6 14054 99 60 16 16
637 6 39536 971 927 46 46
637 6 23571 266 225 15 15
637 6 40404 342 300 7 7
637 6 29851 1008 963 38 38
5767 4 21704 842 824 73 73
3432 4 7926 175 173 17 17
3509 0 3407 4 4 84 80
13238 0 3407 9 9 66 63
26647 1 3407 4 3 7 2
24287 1 17938 3 2 5 3
36533 9 24287 4 4 4 3
17939 1 17938 2 2 3 2
9673 1 8487 9 6 8 5
7998 1 9673 3 2 4 2
8487 1 7998 4 2 5 2
3814 1 3548 5 2 2 2
23744 0 296 77 77 2376 2226
21505 0 296 649 649 4401 4250
7397 0 296 1 1 140 1
10506 0 296 2 2 141 1
38028 0 296 1 1 143 2
12013 0 296 247 247 5852 5700
15119 0 296 3 3 175 32
36945 0 296 18 18 1212 1065
36798 0 51 33 33 1232 1035
38369 0 51 45 45 1194 998
40705 0 51 8676 8676 40375 40174
20387 0 51 105 105 1062 867
40810 0 51 6829 6829 40445 40243
27837 0 51 2 2 197 5
5886 0 51 7 7 592 399
20051 1 20050 3 2 4 2
20861 1 5558 3 2 4 2
26868 0 6233 5 5 109 100
26868 1 5872 4 2 5 2
37434 0 917 5 5 66 64
25228 0 917 1691 1690 154 151
20402 0 16155 12374 12374 30896 30895
30004 0 2482 6 6 1566 1556
18986 0 2482 7 7 95 86
39024 0 29467 6525 6524 2965 2964
38724 0 29467 1399 1399 6519 6517
36561 5 129 3 3 612 568
1583 0 129 1057 1057 16349 16340
406 1 1287 5 3 12 3
23997 1 406 3 2 3 3
18173 1 1287 4 2 13 3
40882 0 1287 458 458 40162 40122
332 0 1287 463 463 9339 9301
18612 4 33576 59 38 10 10
18612 4 19325 25 5 1 1
12266 4 18612 27 20 3 3
5940 0 532 1 1 75 1
1521 0 532 4 4 1069 991
40279 0 532 2 2 83 7
30426 0 532 1 1 74 1
15231 0 532 1 1 76 1
40771 0 10613 19663 19663 40388 40377
29184 1 22723 3 2 3 2
29184 1 30903 4 2 2 2
6386 0 26454 4159 4159 35106 35102
3277 1 37105 4 4 2 2
31630 0 33081 7768 7768 40062 40061
33081 0 3606 1139 1139 5426 5413
1354 1 1353 3 2 7 2
4940 6 40772 40630 40628 9933 9933
4385 0 4940 7 7 2148 2138
29446 0 4940 833 833 31574 31563
24366 1 7539 2 2 2 2
9683 6 40773 40864 40863 23424 23424
40773 0 2732 7112 7112 40744 40741
33864 0 13576 4 4 121 116
28351 1 685 2 2 2 2
35900 3 685 3 3 13 10
8053 1 32295 9 3 3 2
35212 0 8053 4 4 62 60
8643 0 1819 2 1 15 9
7117 1 8643 5 3 4 2
24594 5 1819 12 12 5787 5747
3210 5 1819 1 1 55 16
27467 0 31416 2362 2362 32417 32415
464 1 3675 2 2 8 2
3675 1 12232 7 2 3 2
3675 1 19310 8 2 3 2
4006 1 7203 5 2 3 2
1307 1 11050 3 2 11 2
10097 6 15251 202 202 237 237
21168 1 10097 4 3 4 2
23083 0 26718 12509 12509 23659 23659
21673 0 26120 2233 2233 5099 5098
26120 0 6426 1 1 17 9
24650 0 27939 16481 16481 30693 30689
38457 1 9568 2 2 3 2
27178 0 2497 783 783 12368 12268
31174 0 2497 2 2 909 813
19058 0 2497 3 3 363 271
23035 0 2497 3 3 815 721
5147 0 2497 21 21 1414 1317
5305 1 1 5 3 3 2
29442 1 5305 4 2 7 4
12784 4 1630 53 48 1 1
12784 4 5463 362 356 4 4
25315 1 20655 5 2 4 3
8198 0 20655 2454 2454 24148 24144
20655 1 5129 4 3 6 2
931 0 2275 2 2 1785 1753
11433 0 2275 15570 15570 24533 24499
14758 0 9787 18 18 2108 2089
36898 0 1686 1000 1000 14405 14398
40774 0 16369 9965 9965 40184 40179
17226 1 10110 2 2 3 2
27870 2 2023 7 7 548 497
18478 2 2023 11 11 733 681
11490 2 2023 8 8 1301 1248
20278 2 2023 21 21 1670 1616
16554 1 29212 4 2 3 2
29212 0 34093 5202 5202 1593 1593
36825 0 20796 42 42 135 130
5335 5 9988 301 301 8734 8732
29725 5 9988 260 260 21176 21173
1864 4 39744 268 187 23 23
1864 4 12986 111 34 2 2
1864 4 9221 154 75 6 6
1864 0 1703 1 1 33 1
12378 1 3604 3 2 6 2
9895 1 13428 6 2 2 2
15667 1 15666 2 2 4 2
2507 3 4435 16988 16987 12897 12897
6789 9 2507 4 4 10 9
16918 1 2507 7 3 9 3
20071 4 20803 15 10 1 1
20849 1 14778 4 2 2 2
13053 1 24622 2 2 5 2
40284 1 24622 2 2 6 2
19366 0 20234 6098 6098 33192 33190
26315 0 19366 2 2 16 9
35882 2 2524 2149 2148 4471 4427
33234 2 2524 3 2 53 12
40939 2 2524 368 368 40658 40613
8199 0 15331 9932 9932 37835 37833
19502 1 12706 3 2 2 2
11732 1 7659 3 2 6 2
29649 0 11732 15444 15444 33045 33037
7659 1 7279 7 2 5 2
12815 4 27688 100 79 5 5
12815 4 20570 378 355 70 70
26871 0 2084 13731 13731 8583 8583
4955 6 15531 4 3 4 1
8178 1 11153 2 2 2 2
2181 6 20785 953 936 329 329
2181 6 11583 1018 1000 107 107
23792 0 30977 123 123 2427 2422
4102 4 38587 610 599 276 276
40775 0 35896 20776 20776 40008 40007
6696 1 21296 3 2 2 2
21295 1 6696 2 2 4 2
8023 1 21296 4 3 4 2
3303 0 10707 9708 9708 12189 12163
17408 0 4099 865 865 8511 8510
23226 0 34449 11493 11493 37272 37271
4136 1 4135 5 2 3 3
39465 0 16668 2449 2449 27810 27806
16257 0 23562 5359 5359 4361 4356
4227 6 32367 8420 8417 565 565
40607 0 4227 23125 23125 40739 40736
16679 1 16678 2 2 3 2
1122 9 23212 9 8 2 2
23212 0 2918 2 2 842 766
7532 1 7531 7 3 4 3
29273 1 14570 2 2 6 3
5949 0 3779 7 7 679 627
8913 0 3779 2533 2533 7933 7878
23795 2 2580 1 1 46 10
9939 2 2580 1 1 57 19
20115 2 2580 1 1 70 31
36622 2 2580 1 1 48 11
15250 5 2644 2 2 41 25
4951 1 5069 3 2 5 2
7948 1 8993 3 2 2 2
3755 1 18943 4 2 3 2
18943 1 30961 3 2 3 2
17857 1 11523 4 3 4 2
6924 4 37669 3488 3473 478 478
6924 4 25551 189 175 66 66
30696 4 40310 57 57 17 17
5259 0 9217 9 9 206 198
28032 0 5259 239 239 3331 3323
20159 4 23395 355 354 255 255
17347 4 20159 503 499 3 3
3882 4 10151 3 3 3 3
8811 0 2340 503 503 14983 14981
32387 0 8811 7655 7655 28552 28549
35192 0 2340 665 665 39571 39568
19066 6 13595 7368 7362 687 687
2887 0 2938 3657 3657 25886 25883
2887 1 7436 4 2 3 2
15497 1 2938 2 2 3 2
25015 4 28828 431 431 945 945
21810 4 25015 83 74 7 7
3850 0 160 15 15 1273 1234
15553 0 160 24 24 3132 3090
17933 0 160 34 34 1734 1694
30234 0 2731 3 3 88 61
46 0 14274 142 142 336 331
14834 1 16497 6 3 5 2
14834 1 8390 3 2 6 2
14834 1 5110 5 3 12 3
40922 0 14834 21757 21757 40667 40662
11673 1 5110 3 2 10 3
29358 0 2687 2 2 213 177
8288 0 2687 2 2 41 6
33791 0 2687 1 1 35 1
33543 0 40596 40612 40611 5252 5252
172 4 7119 9834 9833 6439 6439
35331 5 172 3 3 1562 1214
28580 5 172 2 2 1136 790
18603 5 172 8 8 5631 5274
36972 5 172 2 2 525 183
78 5 172 3 3 1255 908
33614 5 172 2 2 719 375
35822 5 172 3 3 2020 1671
39121 5 172 11 11 5943 5585
22074 5 172 128 128 8578 8219
20314 5 172 5 5 3287 2934
1118 5 172 3 3 2723 2372
21326 1 23555 6 2 4 2
2173 6 38083 16 5 2 1
2173 6 18659 387 375 38 38
33947 4 39713 398 398 417 417
18377 3 4166 3 2 5 2
34858 0 18783 6246 6246 36718 36717
3968 1 5813 3 2 7 2
11261 1 5813 2 2 8 2
5813 1 31835 11 4 5 4
36714 0 38851 28332 28331 1334 1334
30857 0 30511 5185 5185 29294 29293
1365 1 15439 3 2 5 3
39987 0 81 2 2 85 38
36104 0 81 2 2 50 4
5785 0 26217 67 67 41 37
19380 0 26217 3 3 17 14
6787 1 26217 5 2 3 2
16634 0 9747 14 14 387 371
36078 1 7833 2 2 2 2
32975 0 9558 23319 23319 31698 31698
32975 1 32002 2 2 3 3
22353 1 15922 4 2 2 2
1604 1 6991 4 2 6 3
2547 1 14925 2 2 4 2
14212 0 14737 3 3 18 7
4130 0 3621 3 3 19 12
24323 0 3621 325 325 5825 5817
3621 0 9758 66 66 1226 1206
10319 4 33522 255 239 72 72
27683 1 39142 2 2 2 2
16503 1 110 3 3 4 2
40776 0 5310 19308 19308 40795 40785
25496 0 5310 5 4 65 56
1913 6 25274 395 390 30 29
33711 5 19257 2 1 8 1
32197 1 22383 2 2 4 4
23062 1 12031 2 2 3 2
26578 0 239 1148 1148 13152 12897
19936 0 239 12884 12884 30826 30564
40929 0 239 22459 22459 40662 40395
24226 0 239 3724 3724 14329 14072
20767 0 239 3055 3055 13707 13451
19429 0 239 3467 3467 14357 14099
32842 0 239 24829 24829 31318 31054
34670 0 239 3789 3789 25060 24799
23758 0 239 33 33 7326 7072
13023 0 239 20 20 1578 1330
16182 0 239 131 131 4793 4542
17401 0 239 477 477 15374 15115
34239 0 239 7 7 2967 2718
2069 1 15760 14 4 4 3
22182 1 3014 2 2 3 2
31096 1 15639 3 2 4 3
15639 1 29383 8 3 3 2
15639 1 207 7 3 4 2
13398 0 71 33 33 118 55
2736 4 13398 142 93 2 2
13398 4 7720 104 97 6 6
20939 0 2215 6 6 20 15
7946 1 1765 3 2 3 2
1947 0 1249 7 7 1021 976
22728 1 16506 2 2 4 2
34810 9 22728 2 2 2 2
3254 0 2886 9191 9191 31826 31818
18890 4 37812 52 50 3 3
18890 4 28071 57 54 11 11
24803 4 28831 102 101 26 26
12939 1 23279 5 3 2 2
13702 1 12070 6 2 4 3
27600 0 7589 3 3 106 97
24117 1 1225 3 3 3 3
1110 0 20337 18 18 395 390
40926 0 20337 6140 6140 40718 40711
354 4 36395 259 256 5 5
24159 0 12803 2402 2402 6455 6455
26948 2 3620 10 10 850 825
37272 0 7800 434 434 18885 18874
23037 4 3762 47 45 4 4
33783 2 1326 51 51 1752 1615
22501 2 1326 1 1 282 148
31495 2 1326 1 1 399 264
19086 2 1326 6 6 442 306
38740 2 1326 1 1 211 78
38719 2 1326 90 90 17859 17721
36238 0 1326 75 75 2055 2040
18160 0 1200 2611 2611 276 276
23552 1 10327 4 2 4 2
40037 0 19153 2495 2495 18963 18961
33552 0 40037 21419 21418 29101 29101
7751 0 3712 254 254 25065 25056
7196 0 3712 14 14 828 821
28826 1 3712 6 4 11 3
26351 6 25426 28 28 37 37
17946 0 26351 65 65 8614 8609
10124 0 25426 13 13 286 282
6974 6 17672 226 225 9 9
19506 1 15393 2 2 3 2
32325 0 17590 865 865 15036 15028
40778 2 26169 4175 4175 40432 40432
36197 4 29170 937 937 306 306
1264 1 22448 5 2 3 2
40779 2 1646 48 48 40367 40324
40782 2 1646 65 65 39746 39705
40780 0 379 4686 4686 40737 40719
40828 0 379 2803 2803 40545 40528
14490 1 12757 2 2 5 2
34243 0 1244 3 3 368 84
12545 0 1244 6 6 295 17
28964 0 1244 13 13 1610 1320
4871 0 1244 3 3 299 20
17807 0 1244 4 4 305 25
14487 0 1244 3 3 362 79
40781 0 4921 9749 9749 39821 39818
9372 1 1508 3 2 4 3
2261 4 19476 50 34 4 4
2261 4 18565 45 30 2 2
5771 4 39949 37 29 1 1
13951 1 3521 6 2 6 2
18299 1 274 3 2 10 3
15954 1 34113 5 2 2 2
17141 0 21055 3 3 12 9
13878 1 26428 5 2 3 2
35918 0 391 4 4 228 225
39002 1 39001 2 2 2 2
4532 1 26446 2 2 2 2
11891 5 16320 76 76 21018 21005
13955 1 11289 5 3 6 3
1592 1 17240 7 2 2 2
15523 0 2604 6 6 66 31
36776 0 2604 806 806 23268 23229
40872 0 2604 3298 3298 40549 40506
6989 0 2604 803 803 6717 6680
38136 0 2604 15 15 136 100
31426 1 2604 4 3 11 3
12623 1 6107 2 2 3 2
22297 1 8322 4 2 3 2
21592 1 22297 3 2 4 2
4547 1 21674 10 2 6 3
32040 1 4547 3 2 9 2
7982 1 20572 3 3 5 2
7983 3 7982 3 2 2 2
31376 2 743 2 2 242 138
32748 2 743 9 9 1369 1260
36118 2 743 6 6 458 352
743 6 9450 4 3 5 5
39780 0 2807 5812 5812 20679 20674
4722 0 2807 52 52 3899 3896
35415 0 2807 22810 22810 28169 28163
15011 0 1542 15 15 243 223
10421 1 10420 5 2 3 2
26009 0 265 9 9 397 143
9536 0 265 5 5 328 75
15205 0 265 26 26 1269 1009
36270 0 265 3 3 322 70
39375 0 265 13 13 966 707
12974 0 265 2 2 264 15
25076 0 265 16 16 2189 1928
19351 0 265 3 3 271 20
11480 2 1534 6 5 35 28
40783 0 4407 7350 7350 40378 40378
4407 1 39995 7 2 2 2
8464 1 8424 6 2 4 2
23763 1 3300 2 2 6 2
24479 1 23586 5 2 3 2
28656 0 21 1 1 69 2
38617 0 21 1 1 67 1
39259 0 21 775 775 9768 9699
6493 0 3567 194 194 216 214
21912 0 22347 9 9 15 14
24178 1 9908 7 2 2 2
22121 0 351 1 1 124 2
25316 1 746 5 3 3 2
3063 1 4791 8 3 7 4
11495 0 4791 41 41 2002 1988
36889 0 883 3 3 238 25
22017 0 883 3 3 262 48
39078 0 883 5 5 444 225
7495 0 883 24 24 993 772
7498 0 883 30 30 361 145
36527 0 883 2 2 1060 838
31583 0 883 4 4 417 199
40784 0 14144 3399 3399 40442 40424
3408 6 8243 80 7 2 1
3408 6 8940 767 691 95 95
3408 8 38801 32532 32466 30 30
3408 8 28506 81 16 3 2
10233 4 38705 176 162 11 11
36048 6 18704 5097 5097 23690 23690
1046 7 36048 5375 5257 1 1
1962 1 1961 3 2 5 3
11585 3 21329 14 11 12 11
32391 1 11972 2 2 2 2
31739 4 18679 117 115 11 11
26785 1 7703 2 2 7 2
20520 1 6788 4 2 3 2
11565 1 37185 10 2 2 2
11565 1 12441 9 2 2 2
29689 1 11565 2 2 10 2
19922 0 8858 7 7 73 62
15795 6 39521 472 472 12589 12589
840 8 19493 13 1 3 1
840 8 36647 63 50 5 5
840 6 30428 20481 20468 536 536
26662 0 7523 2875 2875 21817 21814
26756 0 9311 12 12 335 324
12636 1 24788 7 3 2 2
20784 1 387 13331 13330 7244 7244
387 1 20784 4964 4964 9753 9752
12153 3 19756 4 3 2 2
13239 0 284 2 2 241 23
34758 0 284 3 3 534 308
35142 0 284 2 2 280 58
33324 0 284 3 3 313 89
24884 0 284 3 3 293 70
39131 0 284 3 3 373 148
26984 1 38840 4 2 2 2
9435 1 13227 6 3 10 4
5449 0 9435 2511 2511 276 275
31592 1 13227 3 3 12 4
23798 1 23297 305 302 996 995
21935 1 23297 2 2 2 2
4425 0 9880 3 3 15 6
17011 3 17169 6 4 14 10
7442 1 23836 4 2 4 2
7442 0 12505 431 431 4185 4177
23836 1 3274 4 2 4 2
17432 1 30826 3 3 2 2
11988 4 31236 329 328 43 43
31236 4 34496 19 18 2 2
1444 0 9048 2 2 71 56
5768 0 1444 12363 12363 19653 19617
39440 0 1444 705 705 8475 8440
20898 0 9048 36 36 11670 11652
2408 0 9048 672 672 6126 6109
33742 0 9048 36254 36254 33849 33828
38351 0 9048 679 679 12214 12194
6375 1 8324 3 2 2 2
37317 0 6230 1443 1443 11345 11344
10713 4 2207 2583 2578 88 88
40786 0 1672 3503 3503 40538 40502
40892 0 1672 3457 3457 40439 40404
28472 5 10737 29 29 1525 1522
10737 6 27038 28 24 2 2
21537 0 1027 3 3 169 17
35194 0 1027 2 2 207 54
39579 4 25695 475 475 118 118
12699 0 2137 1 1 15 3
27906 0 19986 13268 13268 38444 38441
19986 1 16852 4 2 5 3
30297 1 3771 3 2 4 2
39950 0 2362 5 5 18 16
16469 0 178 10 9 899 888
34721 0 178 14 13 2269 2256
9225 0 178 83 83 2179 2167
31063 0 2110 4 4 388 197
38241 0 2110 10 10 339 150
31237 0 2110 3 3 240 55
5590 0 2110 116 116 1255 1061
7272 1 33016 2 2 3 2
17837 0 7272 246 246 1168 1167
36109 1 33016 2 2 4 2
33016 1 33015 4 2 2 2
39272 0 12035 2 2 83 74
11022 6 27914 107 100 12 12
40787 0 5243 14615 14615 39992 39987
3741 1 18271 2 2 2 2
40788 2 593 334 334 40884 40857
27944 2 593 510 509 4766 4741
9102 2 593 20 18 37 13
40548 0 16045 2503 2502 5046 5045
758 1 10360 4 2 7 2
10360 1 10359 7 2 2 2
3223 0 3161 2 2 96 60
5881 1 18355 4 3 2 2
38969 0 16196 8 8 27 27
29347 0 1461 31153 31153 33950 33937
1650 1 16394 28092 28084 15766 15766
1650 1 16302 7 2 2 2
40174 1 1650 4559 4559 15621 15614
9952 1 37466 12 4 3 3
2245 0 2918 88 88 2485 2408
2245 1 2244 6 4 5 2
14233 0 2918 11 11 5628 5550
1079 0 2918 2687 2687 9791 9712
32727 1 24872 3 2 3 2
39701 0 5987 34401 34401 9134 9134
15176 1 18854 9 3 5 3
18854 0 7016 1445 1445 17208 17206
24327 0 3027 24 24 6401 6350
14366 0 24327 8982 8982 39760 39760
23190 1 13002 3 2 6 2
5729 1 20226 2 2 3 2
20226 0 13887 13000 13000 23329 23324
8274 1 8999 5 3 6 2
18181 1 8274 4 2 4 3
9428 1 8999 3 2 7 2
8511 1 31347 2 2 2 2
21811 0 278 3 3 875 695
33666 0 278 2 2 186 12
21874 0 278 8 8 1150 969
29143 0 278 1 1 171 1
18106 0 278 2 2 195 19
39291 0 278 3 3 452 275
37756 0 278 1 1 174 3
511 0 15897 20 20 18 15
15736 0 1677 38 38 8865 8808
829 0 1677 25 25 1515 1459
27621 0 1677 39337 39337 36419 36360
29445 1 1550 4 3 4 2
18936 4 39578 33 32 18 18
34932 2 14540 4 3 11 7
647 1 6311 8 2 2 2
33210 6 17250 624 624 3442 3442
9637 5 1981 2 2 329 276
21619 5 1981 28 28 5698 5644
11643 3 3908 24021 24020 11020 11020
30998 1 7774 3 2 3 2
30998 1 2447 2 2 3 2
16669 2 916 2 1 161 21
8577 2 916 2 1 168 27
18018 2 916 2 1 337 194
35944 2 916 2 1 456 311
9258 2 916 2 1 380 236
34189 2 916 2 1 150 11
21737 0 2589 88 88 7189 7172
40303 0 2589 269 269 26104 26086
3167 1 6502 6 2 7 4
17014 2 3167 2 1 27 6
7204 1 3167 4 2 7 2
32383 0 427 1 1 76 7
13521 0 427 2 2 115 44
11437 0 427 3 3 81 11
16023 0 4958 5 5 8 6
5777 4 4318 23 9 2 1
5144 4 4318 8 5 4 2
4318 6 27523 444 440 499 499
19086 6 12484 4 1 4 1
12201 4 22304 19 14 1 1
10786 1 14577 5 3 4 2
20175 0 7143 12 12 110 104
1205 1 23424 4 2 3 2
35226 0 37189 47 45 119 117
19169 1 25362 3 2 3 2
14940 1 12227 3 2 4 2
12227 1 13800 3 2 2 2
2813 0 3170 219 219 466 466
3170 1 3169 5 2 3 3
35238 1 8601 2 2 3 2
36661 1 39486 3 2 2 2
17745 5 774 5 5 2102 1963
17745 2 1137 5 5 387 280
37417 5 774 1 1 142 5
29963 5 774 1 1 132 1
40735 5 774 102 102 40574 40434
23613 4 28865 693 689 9 9
24660 4 23613 325 322 21 21
6782 5 5167 2316 2316 39575 39555
34227 5 5167 441 441 16650 16631
5167 6 27267 5435 5434 670 670
40789 0 25921 6338 6338 40687 40687
18492 6 36549 5 4 2 2
864 1 14562 7 3 3 2
32699 0 14562 858 858 22917 22907
4521 1 25708 7 3 3 2
10559 1 10558 2 2 2 2
3083 0 26431 17981 17981 36720 36715
5974 0 9758 422 422 6495 6474
4522 0 9758 3 3 124 107
12683 0 9758 1687 1687 12727 12705
19 0 29519 279 279 154 152
38094 4 40790 40708 40708 37595 37595
36200 0 5055 13009 13008 32198 32198
204 1 3048 7 2 4 4
32488 1 204 3 2 5 2
40791 0 11084 27451 27451 40929 40911
33754 1 5275 2 2 3 2
32 4 32392 91 75 3 3
32 4 24489 114 97 15 15
12319 4 14836 538 533 76 76
27811 2 10916 56 55 61 56
30475 0 10916 32355 32355 40167 40167
15792 0 3763 3 3 258 253
8019 1 30805 5 2 2 2
2949 1 8019 5 2 6 2
30805 1 16646 15 13 21 17
35060 0 5892 3 3 18 11
11125 4 10606 1 1 1 1
25276 1 3926 3 2 7 2
13830 1 6490 9312 9306 4587 4587
13830 1 7308 6 2 3 2
6490 1 13830 4227 4227 8521 8515
1366 0 29 36 35 172 165
29 1 11186 4 2 3 2
6226 1 29 2 2 4 2
19987 4 11397 2980 2978 791 791
4506 1 9454 5 2 4 2
6037 0 39187 363 363 1018 1016
39187 0 11100 330 330 23954 23937
2381 2 12273 1 1 22 1
7324 2 12273 1 1 50 1
6513 0 650 3215 3215 3265 3223
37308 0 650 22 22 1569 1528
40792 0 9525 5892 5892 40628 40624
30839 1 10851 2 2 2 2
21181 5 232 31 30 703 694
11205 5 232 145 145 29886 29876
24984 0 232 497 497 13029 13023
38752 0 728 5282 5282 27769 27762
8716 6 31315 5 5 4 4
24013 1 23715 4 2 7 4
36734 5 985 2 2 114 50
7458 5 985 3 3 154 89
12641 0 39 7 7 443 236
7396 0 39 1 1 205 7
21862 0 39 3 3 225 24
21561 0 39 1 1 200 4
13466 0 39 1 1 212 13
17532 0 39 5 5 237 34
18621 0 39 8 8 533 324
1398 0 19101 21447 21447 31061 31059
13758 1 29291 3 2 5 2
4555 0 1115 1171 1171 4389 4380
39750 6 18050 290 290 9545 9544
11789 1 24319 7 7 4 3
24319 1 11789 3 2 6 6
7072 1 9237 9 3 3 2
13503 1 7072 3 2 9 3
25660 5 4520 1 1 6 2
38151 0 7155 113 113 50 45
4453 6 7580 7465 7459 533 533
7580 0 34614 112 112 1192 1191
26183 0 11186 70 70 8149 8146
35764 0 14617 2 2 33 32
4608 0 3699 8 8 482 463
40827 0 3699 21036 21036 40895 40874
8852 0 7403 5338 5338 21237 21232
8176 1 8852 4 2 3 2
193 6 27058 295 242 3 3
193 6 11869 54 2 1 1
193 6 18878 625 571 49 49
19842 4 22836 47 42 6 6
21930 1 21045 2 2 4 2
21930 0 12252 47 47 820 814
5745 1 14074 3 2 3 2
26613 1 9037 3 2 4 2
9037 0 3099 137 137 464 463
7396 4 28775 161 146 2 2
24578 3 23111 8 5 4 4
21061 1 25626 2 2 2 2
24011 0 12474 38352 38352 35764 35762
13829 1 16710 3 2 2 2
4185 1 13829 3 2 4 2
13829 3 25284 5 3 4 2
12211 0 6042 254 254 18583 18572
13978 1 2276 2 2 5 2
39294 4 26572 3354 3354 3432 3432
33294 0 3229 2 2 12 3
8108 0 3229 6516 6516 23387 23377
3229 1 22044 5 2 4 2
6633 7 40129 1835 1825 6 6
6633 7 12050 2428 2417 2 2
16200 0 1852 1404 1404 7657 7610
16201 1 16200 5 2 4 2
19710 6 10760 2 1 7 2
32734 1 3419 2 2 4 2
4779 1 14955 3 2 3 2
3716 1 1998 2 2 7 3
40577 0 3716 27036 27036 40921 40907
31620 0 3716 2764 2764 37033 37021
28941 0 3716 25894 25894 38278 38265
17519 0 3716 17 17 278 267
9620 0 3716 5 5 41 31
2915 1 12159 17 3 9 5
522 1 21041 4 2 4 2
522 1 13953 7 4 8 2
522 0 16646 16671 16671 40388 40388
32701 0 522 2034 2034 5229 5217
31153 0 36722 21570 21570 32395 32393
36722 0 1474 6280 6280 39806 39791
7592 1 9560 5 2 2 2
2035 1 8589 6 2 4 2
25494 1 8589 2 2 3 2
4666 1 4665 5 2 3 2
4665 0 6717 6 6 13 11
6144 1 19664 2 2 4 2
28456 2 1773 2 2 111 72
28456 6 22320 416 414 145 145
5443 2 1773 1 1 52 14
18213 1 18982 4 3 3 2
18716 0 37537 534 534 10277 10275
6882 9 10563 2 2 2 2
40794 0 32275 3351 3351 40361 40360
19296 1 6611 4 3 3 2
16065 0 36140 3811 3811 19575 19572
40829 0 16065 40292 40292 37498 37497
32071 1 23898 3 2 2 2
37285 0 184 2 2 823 523
39009 0 184 4 4 1557 1254
3395 0 184 1 1 294 4
32164 0 184 1 1 286 1
34310 0 184 1 1 289 2
39279 0 184 3 3 320 24
11281 0 184 2 2 314 19
30773 0 184 1 1 295 4
15734 0 184 1 1 288 2
5209 0 184 4 4 1008 706
16507 0 184 1 1 291 3
40030 0 184 3 3 405 108
1190 6 31657 35 23 1 1
1190 6 39319 77 64 8 8
17492 1 20700 3 2 2 2
16074 0 18268 1 1 6 1
21289 0 18268 3 3 7 1
14746 1 23603 345 344 1801 1799
7078 6 36019 32 32 67 67
7486 0 7078 621 621 2072 2064
4225 1 13633 7 2 5 2
4225 1 11780 6 2 4 2
754 1 2375 5 2 3 2
1823 7 36030 5 4 12 11
6054 0 4123 11 11 1132 1097
6054 3 1296 9215 9213 13559 13558
3215 0 7911 7 7 54 51
6678 1 7911 3 2 4 2
16802 1 8850 7 3 5 3
1076 1 1075 9 2 3 2
1076 1 27277 10 2 2 2
18470 1 18469 2 2 2 2
7673 1 10866 3 2 4 4
7673 1 8629 4 2 3 2
8644 1 14101 4 2 2 2
493 0 1629 3 3 93 81
2736 4 26470 49 4 1 1
2736 4 34726 47 3 1 1
2736 4 35146 78 30 4 4
2736 4 33515 66 20 3 3
35179 0 19119 19 19 560 559
13379 4 19119 119 116 14 14
28508 2 3843 6 4 31 3
40099 2 3843 130 129 1627 1598
9537 1 3843 2 2 6 2
25746 0 11870 13272 13272 18734 18734
26637 6 24424 118 118 341 341
15305 5 2978 1 1 80 13
10135 5 2978 2 2 165 97
14631 0 3275 64 64 50 44
1043 1 14631 4 2 8 2
39736 1 21554 2 2 4 3
39736 0 4427 5 5 1422 1400
8260 0 7895 10 10 206 202
16624 0 8260 5325 5325 36363 36361
36792 1 37816 2 2 2 2
40796 2 3317 6236 6236 40751 40718
11856 1 2643 2 2 5 3
8104 1 4274 6 2 2 2
8104 1 12438 5 2 2 2
9749 1 13574 4 2 3 2
40797 0 19420 87 87 39531 39529
24056 0 9777 6836 6836 26614 26613
12866 6 7036 7 7 11 11
19409 4 36350 554 554 4 4
28857 0 706 39 39 1974 1961
19163 0 18538 881 881 6981 6978
16614 1 25570 5 2 2 2
16614 1 8351 4 2 2 2
24052 1 24051 2 2 2 2
29706 4 499 42 42 29 29
34810 0 17502 24639 24639 27243 27243
40798 0 38876 31322 31322 39674 39674
26283 6 40443 12738 12738 6805 6805
32794 0 18895 10 10 2947 2939
3034 2 1137 1 1 105 1
19442 2 1137 1 1 98 1
26122 4 31544 104 98 14 14
17880 1 20417 3 2 3 2
3499 1 20417 3 2 2 2
20434 0 21190 17115 17115 17125 17124
13327 6 22210 4 4 29 29
40799 0 5636 40383 40383 37521 37521
14768 6 24252 5 4 8 6
9578 0 473 19259 19259 18905 18902
20196 1 21248 3 2 3 2
21248 9 11908 5 4 2 2
6765 1 27335 4 2 3 2
37410 0 27335 20231 20231 30889 30888
12725 1 21889 3 3 3 2
19754 0 4059 19 19 36 33
9461 4 12081 2 1 3 2
8574 0 5381 10 10 49 38
8574 1 8573 6 3 3 2
29585 1 8574 3 2 5 3
13699 0 5381 2701 2701 20742 20730
36608 0 123 177 177 4443 4435
24094 0 123 842 842 19563 19554
516 0 292 1 1 238 2
31393 0 292 40 40 3767 3515
14242 0 292 12 12 2080 1831
33413 0 292 5 5 2204 1953
15177 0 292 1 1 236 1
39499 0 292 19 19 1417 1169
13524 0 292 3 3 419 174
31996 0 292 4 4 633 387
26845 0 292 2 2 256 15
14814 0 292 1 1 235 1
13283 1 2720 4 2 4 2
2720 1 5598 5 3 6 2
34387 1 26855 2 2 2 2
26856 1 26855 2 2 3 2
37173 4 10091 1530 1530 11514 11514
19951 0 20010 498 497 4238 4231
40800 0 28344 11320 11320 39567 39566
24652 0 26678 9503 9503 17408 17404
27632 0 31556 4 4 1173 1171
8336 6 2824 956 956 174 174
14255 1 19144 3 2 4 2
20014 0 14262 949 949 32041 32036
40801 0 16573 8983 8983 38360 38356
2360 1 4933 3 2 6 2
40802 0 39415 1511 1511 40307 40307
30541 0 22903 4410 4410 11010 11009
20618 1 9942 5 3 5 2
38150 0 712 17 17 5295 5290
25109 0 7757 375 375 353 351
40803 0 5646 16926 16926 40497 40493
1003 1 5646 4 2 5 2
35081 1 28378 2 2 2 2
11590 1 29649 3 2 2 2
39026 0 29817 483 483 17469 17467
13903 6 32368 292 288 18 18
30745 1 37402 2 2 2 2
10159 1 38458 5 2 2 2
27696 1 6690 2 2 8 2
28744 1 6690 4 4 10 2
20852 1 6690 3 3 11 2
40885 0 6690 10785 10785 40028 40020
16732 0 10532 1471 1471 39463 39458
6916 0 19429 5423 5423 2780 2780
10276 1 9887 7 3 6 3
4800 1 9900 4 2 4 2
19570 1 4800 4 2 4 2
17182 1 2190 2 2 2 2
4461 0 19310 26297 26297 32658 32650
1046 7 18091 11596 11477 5 5
1046 7 18788 2589 2472 1 1
1046 7 39181 26567 26445 6 6
37226 0 11964 1231 1231 26149 26147
11632 9 24469 8 7 3 3
40699 0 12729 26974 26974 40854 40839
14428 0 772 95 95 151 142
19055 0 772 4869 4869 39198 39188
40710 0 31312 476 476 40231 40229
11686 1 5336 8 3 6 2
30852 1 3198 2 2 4 2
29243 0 26808 15556 15556 22228 22228
21449 0 12858 8 8 17 13
12857 1 21449 6 2 4 3
3233 1 4145 4 2 4 2
19055 1 19054 2 2 2 2
8310 6 12531 12 3 3 1
7557 1 7633 4 2 3 2
17844 0 7120 1756 1756 21111 21108
1269 1 11040 3 2 6 2
11040 1 14848 6 2 4 2
26676 0 8201 52 52 9723 9710
28241 1 7436 2 2 4 2
18458 9 31641 7 7 4 3
31641 3 37842 6 5 2 2
25873 0 2795 14627 14627 11460 11459
17430 1 14006 3 2 5 2
13991 0 6823 8 8 339 333
19570 1 23428 3 2 4 2
8288 4 37118 96 94 25 25
40805 0 33924 23160 23160 40855 40854
25230 0 6253 11 11 177 172
15292 3 10198 6 6 4 2
39489 0 11666 26241 26241 21262 21244
39489 1 15557 2 2 4 2
37831 2 11666 39217 39217 13635 13635
15516 1 12820 4 2 5 3
34071 1 12820 5 3 4 3
4175 4 8602 19 14 1 1
24042 1 5537 2 2 2 2
19211 0 4744 359 359 2475 2472
31371 0 7474 2536 2536 40338 40330
27812 0 7474 273 273 11580 11573
28947 4 15200 134 134 7 7
18660 6 21000 25382 25382 13766 13766
15472 0 25385 17930 17930 39542 39539
12507 0 13404 3717 3717 19513 19508
26342 1 17895 4 2 5 3
2152 1 8496 2 2 5 2
39760 0 574 17 17 1575 1532
40877 0 574 11567 11567 40908 40862
35412 5 11510 26 26 2067 2048
2085 6 10383 7 1 1 1
14202 1 14201 2 2 6 2
1043 1 20085 5 2 3 2
40806 0 6850 15398 15398 40795 40770
40503 0 9914 3976 3976 9047 9045
14770 1 14307 3 2 4 2
32716 1 17183 2 2 3 2
35390 1 3256 2 2 3 2
4482 4 9719 2101 2097 147 147
20428 0 3527 5378 5378 26610 26593
3527 6 20663 50 50 14 14
30409 2 35441 136 136 13 13
11083 1 5302 2 2 3 2
23196 1 10129 2 2 4 2
1066 1 29752 6 4 2 2
40807 0 3538 5934 5934 40603 40590
22793 0 3538 2 2 29 17
6768 6 24640 56 53 139 137
6768 6 10205 37213 37209 19332 19332
2869 1 15125 4 2 4 2
29302 0 15125 2009 2009 28268 28266
9588 0 1406 18 18 4231 4221
18159 0 17493 73 73 87 81
21497 1 33875 7 4 2 2
20938 1 22485 3 2 5 3
13056 6 39139 694 692 124 124
23942 0 26928 3 3 60 58
28004 0 6478 3022 3022 1651 1649
4747 0 22951 1 1 5 1
20860 5 2566 695 695 25604 25587
7590 5 2566 81 81 9245 9229
20768 0 17402 161 161 213 211
35193 1 20768 2 2 3 2
8572 0 5856 101 101 2032 2006
17370 0 5856 6661 6661 13685 13657
31972 0 5856 9 9 1681 1656
17380 1 15779 3 2 3 2
27964 0 16186 34 34 2821 2815
15981 0 1328 14 14 80 67
26071 1 9303 3 2 6 3
9303 9 21981 3 3 2 2
38768 0 29318 14 14 981 977
36229 0 18254 280 280 14017 14000
1019 4 596 43 21 3 3
1019 4 8780 392 369 51 51
23239 1 15927 6 3 3 2
30477 1 23239 3 2 6 3
21996 6 20017 642 640 1010 1010
21996 6 11995 1075 1072 1798 1798
25766 0 22616 2226 2226 16625 16622
9455 0 23399 1027 1027 9800 9794
23000 6 39446 1284 1284 1161 1161
122 1 7516 8 2 8 3
11412 1 19152 3 2 2 2
8803 1 27429 2 2 2 2
15261 0 14295 7420 7420 24931 24930
25268 4 21905 17 15 2 2
15504 1 8591 7 3 4 2
8591 1 16989 5 2 3 3
15601 10 15600 3 3 2 2
31927 1 15601 2 2 3 2
34363 5 8522 24908 24908 34237 34237
33641 0 19894 29795 29795 4962 4961
33826 1 19127 2 2 3 2
39523 0 2723 268 268 22369 22332
39523 1 21345 2 2 3 2
7540 0 2723 225 225 27002 26964
4541 0 2723 188 188 19079 19043
28671 0 7444 97 96 868 865
40808 0 40809 40193 40193 39691 39691
26933 0 1475 420 420 21108 21088
35848 0 18654 335 335 10996 10991
19162 0 18654 171 171 3332 3328
29185 6 40731 40438 40437 12835 12835
3467 1 3466 3 2 3 2
15345 5 4450 7070 7070 34833 34827
7117 1 7049 4 3 4 2
32624 6 26608 177 176 741 741
2269 1 2268 4 2 4 2
30613 0 6961 4 4 182 180
2956 4 29945 141 137 37 37
40706 0 10059 9226 9226 40770 40767
3866 4 38485 252 244 88 88
3866 4 24189 8 1 1 1
9119 0 21826 19326 19326 18239 18239
18389 3 999 5 3 7 5
999 3 18389 8 6 5 3
35808 1 32154 30605 30605 5970 5970
37756 4 40810 38620 38620 2721 2721
20583 1 27612 2 2 2 2
1020 0 3141 1 1 50 1
28305 0 3141 1 1 52 2
6564 0 11337 8271 8271 6558 6557
23511 0 15656 3 3 92 66
5394 1 2601 2 2 3 2
19679 0 5394 6 6 29 22
2004 1 24164 7 2 2 2
2004 0 30642 6183 6183 12530 12529
25774 1 12289 4 2 8 2
24676 0 24224 199 199 430 429
23848 1 8714 3 2 6 3
17814 4 3175 1187 1186 11 11
17465 1 17464 3 2 2 2
22570 1 22569 2 2 3 2
6630 0 4722 18633 18633 17842 17833
1142 0 4722 3866 3866 8265 8257
23700 1 24343 3 2 2 2
9573 6 3123 154 154 609 587
15354 6 3123 72 72 1383 1359
14853 6 3123 7 6 64 43
6067 1 28605 2 2 2 2
8474 4 17327 6196 6196 3763 3763
30941 1 3753 4 2 5 2
30941 1 33174 3 2 3 2
11546 0 4442 25286 25286 30786 30752
6865 4 2298 109 105 21 21
1021 1 207 7 4 7 4
2872 0 17555 834 833 39385 39378
268 0 17555 540 540 25827 25821
40811 0 2664 4403 4403 40764 40748
40871 0 2664 19313 19313 40919 40902
2664 0 2624 6 6 47 40
35435 0 12605 122 122 1756 1753
29862 1 29861 2 2 3 2
31789 0 494 40034 40034 40056 40044
22923 0 28916 149 149 124 123
27985 1 27484 2 2 3 2
29410 0 16944 1151 1151 7226 7222
11888 0 36918 1206 1206 11966 11964
37558 2 741 1 1 45 1
28640 2 741 3 3 301 255
9021 2 741 1 1 47 2
22157 3 1791 3 2 5 3
22158 3 1791 4 2 3 2
8471 1 6302 3 2 2 2
32069 0 19823 19601 19601 24156 24154
38790 0 13 1120 1120 38669 38655
19437 1 22294 3 2 3 2
25022 1 32013 2 2 3 2
39553 0 4628 97 97 24 15
40833 0 4628 18556 18556 38798 38788
11144 1 2617 2 2 3 2
38399 1 1022 2 2 6 2
10536 1 36694 2 2 2 2
40178 1 1578 10241 10241 33781 33779
40864 0 1578 6813 6813 40391 40385
22410 1 37961 4 2 2 2
15647 4 32971 938 938 1819 1819
1708 0 8438 73 73 20477 20476
6124 1 5907 4 2 9 4
8270 1 6124 14 6 4 2
5826 1 10722 3 2 5 3
21697 0 2070 124 124 1329 1329
6530 1 22543 4 2 4 2
5932 1 21935 8 3 3 2
28875 3 5192 4 3 5 4
28676 3 28875 5 2 4 3
5178 1 14819 8 2 3 2
21092 0 5178 818 818 35013 34984
16318 0 5178 17523 17523 27932 27904
40918 0 5178 8949 8949 40634 40604
31349 1 5178 3 3 8 2
27341 1 31627 4 2 2 2
912 0 7047 5 5 185 172
739 0 912 301 301 902 891
24031 0 7047 26 26 760 746
30204 1 7047 6 2 6 4
40812 0 17281 10676 10676 40621 40621
9906 1 36905 5 2 2 2
6743 0 8355 1789 1789 8098 8076
1538 0 8355 527 527 12459 12435
35277 1 27784 2 2 2 2
5869 1 26782 7 2 2 2
40813 0 19386 17607 17607 40229 40227
38378 1 22534 2 2 6 2
31576 0 30844 40207 40207 15400 15400
10205 1 10204 4 2 3 2
11177 1 37094 6 2 2 2
7045 1 2382 2 2 6 2
21977 5 16419 2 2 78 71
3364 1 3363 3 2 4 2
3528 0 10834 34 34 345 342
17960 4 24312 38 34 9 9
27223 1 20426 2 2 2 2
24636 1 6535 3 2 3 2
23949 5 212 1 1 39 11
27657 5 828 5 4 68 54
1410 1 24564 8659 8659 23459 23458
3066 0 8076 1238 1238 10771 10763
18215 1 1414 3 2 13 2
10895 1 13973 7 2 2 2
3239 4 39144 123 74 34 34
3239 4 27881 149 99 34 34
3239 4 36428 2579 2528 440 440
18904 3 17353 3 2 3 2
7935 1 2201 4 2 4 3
17190 1 757 4 2 2 2
1415 1 32170 6 2 2 2
23786 1 2902 2 2 10 2
2029 1 18094 6 2 2 2
553 1 13871 4 2 5 3
24179 1 10508 3 2 2 2
25575 1 10508 2 2 3 2
27360 6 36837 2 2 3 3
31841 0 19545 5512 5512 39307 39306
33840 0 1754 4327 4327 31827 31815
40875 2 1754 4065 4065 40828 40822
38079 2 1754 668 667 5408 5403
40815 0 39071 20057 20057 40771 40769
29342 0 8978 12944 12944 30478 30462
6890 0 36281 4864 4864 3400 3400
8040 1 21358 45 41 17 16
10520 0 24854 4480 4480 6892 6892
28943 1 243 3 2 2 2
20030 0 13734 4152 4152 19851 19849
4563 0 12505 5 5 13 7
37725 0 23377 1 1 6 1
26865 1 19204 4 2 5 2
20288 6 29915 3 1 3 2
24515 2 20288 2 2 24 19
18855 0 2060 2 2 27 14
26308 5 18855 211 211 34444 34430
24430 0 2060 532 532 6536 6522
11475 1 13563 41 38 20 16
13563 1 11475 20 16 46 43
14231 0 7944 493 493 2118 2117
36007 6 17148 3607 3607 17424 17424
13350 0 29456 45 45 43 43
36696 5 9528 2 1 9 1
19256 5 9528 2 1 10 1
30889 0 33367 6766 6765 563 563
26734 0 2288 9 9 75 73
16979 4 35069 302 302 38 38
23628 0 2614 79 79 230 226
39567 0 4694 28 28 3083 3069
6695 0 32813 39987 39987 31692 31692
15469 0 6418 1159 1159 7112 7088
34418 1 25064 3 2 2 2
8727 1 8726 4 2 2 2
14189 1 23592 6 2 2 2
35545 1 14189 3 3 6 2
10877 1 11728 7 3 7 2
32814 0 4976 12 12 210 207
4165 3 25845 12 9 3 3
20625 1 7778 3 2 2 2
30076 0 10715 3784 3784 27863 27860
40816 0 14697 33075 33075 40665 40665
14697 1 31992 2 2 2 2
19191 1 27971 2 2 3 2
13842 0 11910 9983 9983 18406 18405
5985 6 10735 23 16 25 18
12732 3 28417 4 3 7 6
12732 1 26677 3 2 2 2
6204 1 6203 2 2 2 2
40817 0 19840 11395 11395 40708 40705
3387 0 19840 7812 7812 39204 39202
6550 1 2423 3 2 11 2
2423 1 24830 11 2 5 2
2924 4 30666 898 824 321 321
2924 4 2659 520 447 222 222
2924 4 29020 472 400 262 262
2924 4 36766 2474 2399 1380 1380
1379 1 25548 4 3 3 2
6265 1 1379 4 2 5 3
18135 3 294 22437 22434 23054 23054
2209 1 24141 6 2 3 2
15500 1 4546 2 2 6 3
15500 1 7996 3 2 4 2
31596 6 8773 2893 2893 8133 8133
40818 0 35587 38234 38234 38352 38352
34338 1 9890 2 2 9 2
14748 1 9890 2 2 11 2
9890 1 12054 11 2 3 2
40819 0 15962 14338 14338 39681 39680
16130 0 10326 18282 18282 33585 33583
40820 0 20319 5905 5905 39933 39932
11212 0 1856 30 30 974 960
14579 1 1856 4 3 6 2
28303 3 9776 3 3 5 3
9776 1 9775 3 2 2 2
561 0 5278 43 43 194 185
13724 4 995 78 77 23 23
154 1 153 2 2 5 2
5791 1 11553 4 2 3 2
24115 1 18755 3 2 4 2
28674 0 3041 5018 5018 26140 26133
40821 0 14864 7756 7756 40196 40191
17883 0 18836 433 433 3876 3874
40822 0 9367 7491 7491 40617 40594
40930 0 9367 2370 2370 40547 40525
7005 0 9367 9 9 346 326
26765 1 9367 3 2 6 2
2151 0 4180 4087 4086 2082 2080
40823 0 11638 339 339 40379 40362
18175 1 18573 5 3 4 2
24724 1 3969 5 2 5 3
3969 0 3582 440 440 7102 7075
17345 0 3969 789 789 17380 17376
34877 1 6582 4 2 5 3
6582 1 16956 8 3 7 3
26100 1 28248 2 2 4 2
33245 0 3980 2 2 4 2
4106 1 4105 5 3 2 2
584 1 28894 45 43 6 6
35143 1 33405 2 2 3 2
17003 0 479 1 1 29 19
9877 5 6166 1 1 33 1
30263 1 25760 3 3 2 2
30656 1 25760 3 3 3 2
1999 4 17069 103 96 13 13
18272 1 19427 4 2 4 2
29081 1 13187 2 2 5 2
16522 0 3780 14 14 796 760
26742 0 15839 18 18 1339 1336
1918 6 39340 772 765 107 107
11624 1 20815 3 2 4 2
13939 0 7027 15 15 38 33
5788 0 7027 705 705 534 528
40824 0 2657 1318 1318 40331 40324
1294 0 25140 657 657 15894 15891
21281 0 428 11143 11143 30561 30535
40911 0 428 428 428 40451 40424
39800 1 30816 2 2 3 2
12660 0 1095 13 12 32 21
17450 0 1095 492 492 12017 12005
11922 0 14898 712 712 2635 2617
23590 0 12772 4191 4191 8820 8817
3072 1 15159 7 3 5 2
24523 0 8582 19 19 135 128
188 6 29407 5 2 6 2
39603 4 27065 898 898 1629 1629
4691 1 14239 3 2 2 2
36188 1 4691 3 2 3 2
36501 0 4902 12262 12262 1344 1344
40022 0 6784 2 2 7 2
4121 1 17988 4 2 3 2
34845 5 10076 8 6 8 3
19999 4 35620 133 124 4 4
25642 0 31168 72 71 818 817
28192 2 3865 2 1 40 22
25039 0 2409 2 2 53 32
34598 0 2409 4 4 5844 5820
40825 0 22386 33713 33713 38423 38422
15804 0 10824 9 9 22 17
40826 0 30737 17734 17734 40056 40055
11678 4 24132 228 228 476 476
11178 1 14178 9 2 3 3
19319 1 11039 3 2 6 2
23526 0 9730 3530 3530 10794 10792
12960 0 23054 28297 28296 12835 12835
18237 1 14439 3 2 4 2
17375 6 39568 233 231 45 45
6955 0 2697 23 23 154 152
16533 0 2697 251 251 245 242
27268 1 11354 3 2 6 2
1968 1 1967 5 2 6 3
20914 0 1967 19 19 41 33
23271 0 7641 85 85 9 9
19684 3 19683 6 5 2 2
4983 6 33006 2 2 3 3
17534 9 12584 3 2 2 2
6871 1 18043 2475 2473 175 174
5628 7 18994 20272 20239 6 6
2502 1 20104 5 2 3 2
15657 0 4985 364 364 485 483
34914 1 6434 2 2 5 2
39981 0 306 721 721 39056 39039
21026 0 306 3 3 108 92
37154 5 9269 2615 2615 35479 35476
9073 1 5502 3 2 5 3
30127 0 1623 318 318 22329 22326
16304 0 30127 20319 20319 23131 23131
16980 1 4548 4 2 5 2
469 0 14498 8 8 111 100
9243 6 35214 129 125 3 3
36148 4 23121 476 475 1232 1232
3358 1 4743 10 2 6 4
9720 0 4743 468 468 4740 4730
40888 0 4743 212 212 40376 40365
2064 1 2154 2 2 3 2
22278 1 35919 2 2 2 2
36060 0 14935 3374 3374 32829 32820
27146 5 11426 2 2 25 15
3169 0 3813 3 3 37 19
3823 1 3813 3 3 8 3
20664 4 26988 926 924 30 30
6374 1 11133 5 3 4 2
33074 2 7 2 2 314 277
18961 2 7 1 1 37 1
17395 0 7902 1465 1465 12736 12733
22908 1 5606 5 2 4 2
10254 1 10253 3 2 2 2
40906 0 10253 6056 6056 40241 40227
14113 1 5076 2 2 4 2
36403 1 10838 2 2 3 2
14974 0 14973 264 264 4923 4915
14973 3 19845 5 3 4 4
40831 0 4593 34413 34413 40260 40260
31084 1 27014 2 2 3 2
12467 4 39860 71 65 4 4
40832 0 6630 15763 15763 38711 38707
26778 4 2803 188 188 127 127
3765 1 28497 3 2 2 2
20691 1 4936 2 2 5 2
7886 0 12463 323 323 12263 12257
14999 4 31316 11301 11301 4594 4594
22172 0 11068 664 664 535 522
454 3 16514 5 3 12 10
3025 1 16514 3 2 3 2
29578 0 15788 1977 1977 3403 3402
23802 0 21987 250 250 26426 26423
21987 0 20963 727 727 17769 17768
11759 2 10987 5 5 30 29
38689 0 12894 2640 2640 37107 37097
40834 0 14087 38588 38588 40699 40699
14853 1 5935 2 2 4 2
4044 4 31152 435 435 128 128
29372 0 24630 765 765 13973 13968
24630 0 22399 10347 10347 39897 39896
19479 5 4701 4 4 921 899
8240 5 4701 3 3 1050 1027
33163 5 4554 2 1 14 7
29553 1 26733 2 2 2 2
29553 0 8837 10792 10792 32762 32760
6792 1 14058 3 2 5 3
21282 0 15062 21993 21993 15500 15500
23036 4 36472 737 731 66 66
5783 4 23036 388 379 6 6
40835 0 40836 26876 26876 23611 23611
18778 6 32930 1852 1851 142 142
18778 0 5314 19 19 1890 1863
24621 2 17930 4 1 9 1
27989 2 17930 4 2 15 5
26041 0 4289 1919 1919 2787 2787
16899 4 24507 577 577 730 730
14917 3 17826 5 2 4 3
30990 9 28312 2 2 2 2
8980 1 3552 3 2 3 2
33079 0 3582 5574 5574 27363 27335
16497 1 26305 2 2 2 2
26368 1 8799 2 2 3 2
4480 1 32602 6 2 3 3
35059 0 27412 12 12 303 300
2645 4 29221 188 180 31 31
23462 0 5675 7373 7373 10756 10747
40853 0 23462 374 374 39311 39306
25133 5 5012 2 1 8 2
14927 4 5288 426 422 152 152
11058 2 6577 1 1 371 319
60 2 6577 8 8 389 336
7534 9 18226 3 2 2 2
10204 1 10208 3 2 3 2
5031 1 28475 2 2 4 2
15312 0 12860 29426 29426 33967 33967
21401 1 1933 2 2 13 6
12469 1 1992 8 3 3 2
18451 5 1238 2 1 9 2
37552 0 2655 7 7 46 42
2655 0 9806 141 141 1647 1641
40284 0 6614 1360 1360 14147 14124
3130 1 27019 4 2 3 2
23982 0 37653 23 23 12778 12776
20447 1 9918 4 2 3 2
15028 1 16314 4 2 9 5
15028 1 5116 5 2 11 5
40628 0 33021 21838 21837 40281 40281
3648 1 3647 3 2 6 3
19317 0 1107 5617 5617 26604 26594
830 1 21753 5 2 3 2
8270 1 9886 15 6 6 3
14780 1 6419 7 3 3 2
40837 0 15224 3615 3615 39712 39700
7188 0 11737 18 18 1760 1750
10277 1 32396 3 3 3 2
10277 1 2951 5 4 9 4
15054 1 2951 7 2 7 3
25047 0 19223 15702 15702 37295 37295
23871 0 918 6 6 510 503
40840 0 918 6838 6838 40618 40610
8168 0 13192 24127 24127 22357 22357
10293 1 12214 2 2 3 2
23642 0 26543 16315 16315 18897 18897
26543 1 12312 4 2 5 2
4913 4 20284 30 1 1 1
3331 5 16655 13 13 11 9
3331 1 35484 5 3 2 2
16739 1 16646 2 2 5 2
6726 1 5782 6 2 2 2
6726 3 6725 24 22 4 4
11335 1 6726 2 2 5 2
5491 1 1201 3 2 7 2
6549 1 14425 6 3 4 2
5544 1 3327 4 3 8 2
3403 1 6328 2 2 3 2
7229 4 37460 108 91 16 16
20544 1 28902 3 3 3 2
3291 1 20544 6 2 5 3
530 1 21170 6 2 2 2
9371 1 9370 3 2 4 2
26061 0 9371 1624 1624 9174 9171
9371 0 5623 1223 1223 32937 32935
21518 1 29527 2 2 4 2
35181 0 21518 4133 4133 29502 29499
36581 0 16397 446 445 201 201
3972 7 37089 12251 12173 4 4
8883 0 5790 5556 5556 4033 4033
38389 0 7334 4961 4961 10058 10056
27814 0 9178 233 233 2384 2382
10855 1 19155 2 2 3 2
10855 1 31116 12 11 8 7
1431 4 27265 26 10 1 1
27563 1 35599 2 2 2 2
1193 4 39361 16 5 1 1
39975 0 7068 50 50 1918 1910
3855 0 3909 2 2 11 4
28703 0 3909 7295 7295 14061 14053
11573 1 13583 3 2 6 3
40841 0 16266 17004 17004 40867 40844
2434 0 16266 22 21 81 60
40842 0 67 19243 19243 40821 40812
1154 0 18959 9702 9702 39007 39005
32397 0 13044 1336 1336 20829 20820
17819 1 653 3 2 3 2
37840 0 313 47 47 1427 1419
40843 0 3679 29977 29977 40676 40665
40843 4 5346 40733 40733 38512 38512
13988 0 168 1367 1367 12212 12207
38754 2 10661 68 67 3984 3981
29501 0 6358 5451 5451 40634 40632
29860 0 18587 3315 3315 3169 3169
33438 1 36858 2 2 3 2
36858 1 35629 3 2 2 2
12381 0 1474 3056 3056 22828 22814
2863 0 6499 2983 2983 984 983
7328 0 5714 35692 35692 27887 27886
14412 0 20621 1564 1564 23593 23592
35316 5 38173 7 5 4 3
20490 1 7847 3 2 3 2
21077 4 10657 1057 1056 232 232
10380 0 1964 933 933 546 544
17802 1 3847 3 2 2 2
29031 4 40721 40847 40846 19295 19295
29630 5 22311 1 1 18 14
14888 4 21122 100 91 21 21
14888 0 2518 1 1 63 1
819 1 7732 6 2 6 2
7100 4 29718 819 817 127 127
8077 1 7192 2 2 4 2
16136 1 39043 4 2 2 2
13225 1 15253 3 2 6 3
40844 0 6467 2708 2708 40687 40680
6069 0 37345 48 48 15 14
4895 0 8093 3929 3929 36587 36560
21558 1 13645 2 2 3 2
10544 6 38325 13216 13200 1607 1607
23888 0 1730 3 3 104 4
33667 0 1730 74 74 1624 1523
22133 0 1730 1 1 101 2
19623 0 1730 2 2 100 2
28603 4 38563 73 72 3 3
16620 1 2522 5 4 7 2
24900 3 5965 2 2 3 2
3989 4 18951 77 70 8 8
22965 1 167 5 3 4 2
35645 0 7367 28237 28237 10224 10224
36255 0 10055 1 1 7 1
1574 1 8899 8 3 4 2
21174 5 2295 56 56 15227 15126
34328 5 2295 80 80 16840 16738
28418 5 2295 586 586 29327 29224
34439 5 2295 3 3 129 30
40845 0 32455 2413 2413 40506 40505
35000 0 9668 1 1 37 21
32116 0 21176 1774 1774 10800 10798
23390 0 40586 36610 36610 15859 15859
40848 0 23390 3239 3239 40058 40055
19903 4 29357 111 111 50 50
35177 0 14481 3 3 5 5
12330 0 11599 89 89 3398 3392
3579 1 19372 3 2 4 2
9842 0 3579 521 521 30126 30113
22422 1 9505 3 2 6 2
15330 1 28910 3 2 2 2
22889 0 11852 48 48 11704 11695
29771 9 3592 3 3 3 3
25748 1 34204 2 2 2 2
1772 6 37182 288 284 27 27
15158 0 40846 39515 39515 17578 17578
40847 0 8407 8561 8561 40540 40540
35466 0 11507 2 2 6 3
12327 0 411 69 69 5003 4980
21952 4 9376 108 108 6 6
4177 6 5022 25 10 3 3
5040 0 220 2 2 24 15
20777 0 30968 17342 17342 16586 16585
17995 1 415 5 3 11 3
6540 0 6677 219 219 414 412
30360 1 7239 2 2 6 2
1226 4 33413 687 663 5 5
36259 5 860 203 203 19687 19614
30840 5 860 2 2 522 453
39831 1 4370 2 2 7 2
17244 1 15986 2 2 5 2
9116 4 34497 377 375 6 6
4771 4 11796 110 58 2 2
18918 0 15687 32 32 32 29
18918 6 31983 222 213 3 3
29544 0 6411 164 164 2407 2400
13258 1 515 2 2 8 2
7665 4 11919 23 19 2 2
8356 1 22637 9 2 5 2
17180 1 8356 2 2 9 2
39574 0 13157 3232 3232 38349 38346
20711 1 1090 3 2 6 2
32427 0 24062 28277 28277 34612 34611
40849 0 13412 10816 10816 40821 40816
4316 0 1500 3 3 57 31
29122 0 1500 4 4 137 110
29916 0 33246 14 14 4 4
33246 0 425 169 168 2583 2564
3714 1 3991 3 3 2 2
6702 1 4469 4 2 9 5
20629 0 10089 8 8 17 17
18423 1 20629 5 2 3 2
4855 1 19562 7 2 5 2
11423 1 4213 7 3 7 2
10241 0 10481 3688 3688 32236 32234
27097 0 10241 39 39 360 350
5125 6 35244 5 5 5 5
10842 1 11135 3 2 3 2
3451 1 3450 2 2 7 3
3450 1 6752 8 3 5 3
26219 0 15966 88 88 34 31
20729 0 30962 6875 6875 18438 18438
31196 0 30962 11331 11331 35057 35056
36881 0 119 16 16 2424 2386
119 0 2748 12 11 273 263
2323 1 23181 3 2 2 2
14339 9 16095 4 3 2 2
32957 0 5195 4 4 37 31
32623 1 5195 3 2 5 2
32917 0 9489 4282 4282 30627 30623
40688 0 3489 11049 11049 40250 40189
13220 2 6815 2 1 20 16
5097 1 27076 5 2 2 2
17030 1 2573 3 2 8 3
2573 1 9486 8 3 3 2
37807 1 30144 2 2 2 2
2521 1 38597 6 3 2 2
6946 1 8731 3 2 5 2
9873 9 35523 2 2 2 2
1071 6 14854 436 430 14 14
3398 4 14735 58 41 7 7
5855 1 7329 6 2 5 3
3929 1 27247 13 3 2 2
16292 1 29803 4 2 2 2
6578 0 5973 11384 11384 27388 27384
40850 0 1543 16614 16614 40700 40643
37429 1 32885 2 2 2 2
5932 1 5931 7 3 2 2
14336 1 2808 2 2 4 2
23816 0 13145 8 8 159 159
16675 0 11522 29098 29098 5196 5196
40851 0 14187 24460 24460 40735 40731
10755 4 22444 22 21 2 2
11129 1 13730 8 2 9 4
25343 1 13730 7 4 6 3
8639 0 3289 2 2 205 182
3289 6 36920 341 324 5 5
8776 1 1347 3 2 5 2
1347 1 4276 5 2 4 2
39300 0 1590 11 11 5387 5364
37068 1 22654 2 2 2 2
1801 1 21363 3 2 2 2
31983 0 35119 347 347 531 530
31983 6 2119 510 508 1217 1217
19488 0 3006 8798 8798 14844 14834
19488 1 38649 30985 30985 25822 25822
40852 0 6747 2980 2980 40135 40133
28133 0 18038 50 50 276 273
8634 9 19910 3 2 3 2
11304 0 19910 5 5 41 40
20413 0 1973 2 2 243 188
26353 1 4814 13 12 14 10
22355 0 11595 443 443 10321 10315
1588 1 19716 3 2 3 2
11612 1 21343 3 2 3 2
5569 1 10107 7 3 9 4
5923 1 5569 4 2 7 3
24840 0 14776 2600 2600 2236 2236
24031 4 32273 32936 32936 27710 27710
12006 1 23328 3 2 2 2
15403 4 40478 31 31 37 37
16346 0 16005 71 71 1543 1541
7668 1 35530 4 2 2 2
9434 4 40717 40780 40777 22080 22080
22914 1 3088 3 2 4 2
2945 9 2944 2 2 2 2
24743 1 24742 2 2 3 2
31284 1 19047 2 2 3 2
1664 1 16927 5 2 3 2
40307 0 4362 36457 36457 36555 36548
29218 1 4362 2 2 2 2
4362 0 8787 2 2 20 13
17040 8 37417 257 256 76 76
39206 0 12650 1 1 22 2
29976 5 5742 3 3 203 181
15635 5 5742 6 6 255 232
903 5 5742 3 3 37 17
17663 4 9378 121 118 13 13
20364 1 26993 3 2 2 2
27150 0 3232 4119 4119 33224 33217
40854 0 14981 34818 34818 37976 37972
40855 0 25028 11628 11628 40458 40458
40678 5 5841 2457 2457 40603 40590
26893 3 11921 33523 33521 16350 16350
38438 0 24102 2406 2406 26179 26175
22467 0 22049 31 31 937 934
15542 0 22049 254 254 1975 1971
40856 0 8153 27487 27487 40696 40677
36147 0 8153 3818 3818 13129 13111
10925 1 8153 5 3 4 2
34372 4 36708 62 62 28 28
7489 6 35302 205 200 16 15
9267 0 1292 275 275 8605 8600
5975 0 8327 988 988 26143 26133
112 6 23406 46 1 1 1
6559 1 18773 3 2 3 2
13687 1 7279 3 3 4 2
37981 0 904 65 65 326 314
15563 1 17861 5 2 7 4
24736 1 14901 3 2 2 2
7506 1 27215 11 3 2 2
28486 1 28485 2 2 2 2
22848 1 33665 3 2 3 2
15952 0 3163 147 147 1453 1413
9298 0 3163 1 1 40 1
28717 0 3163 1 1 39 1
17876 3 17875 3 3 2 2
22196 1 22195 2 2 2 2
13637 1 27685 5 2 2 2
10125 4 13911 131 129 9 9
4146 0 37135 87 87 524 522
31487 4 8818 13131 13131 10933 10933
36976 0 4550 153 153 2424 2326
24513 0 4550 54 54 1163 1066
27936 0 4550 3 3 295 199
12322 0 4550 3 3 96 3
40857 0 2021 6591 6591 40513 40460
27575 0 6658 39829 39829 17793 17781
19537 9 28961 2 2 2 2
1070 0 17546 5232 5232 37533 37529
9755 1 9754 2 2 5 2
769 1 9754 2 2 4 2
40381 0 34906 473 473 64 64
15427 0 134 106 106 3494 3480
134 1 2633 5 2 3 3
1511 0 15914 5776 5776 3512 3509
5005 1 28613 10 3 3 2
18503 1 5005 3 2 10 3
40140 0 27752 3 2 10 7
16225 4 4698 173 170 18 18
40858 0 15284 4811 4811 40161 40155
628 1 627 3 2 3 2
16800 4 32120 41 41 84 84
25305 0 2099 24 24 1331 1304
13821 1 13530 3 2 3 2
16002 1 36632 5 2 3 2
40859 0 37052 2887 2887 40461 40460
6188 4 24112 46 29 2 2
6188 4 24347 71 53 5 5
15067 0 18496 19837 19837 38945 38945
29361 1 18956 2 2 4 3
10119 1 25492 8 3 4 2
28682 1 6956 2 2 2 2
22077 5 6956 1 1 31 12
720 9 26603 3 2 4 3
18029 0 8812 2 2 29 28
36166 1 16798 2 2 2 2
30646 4 33263 1192 1192 55 55
10063 0 8348 40767 40767 39375 39368
28320 1 27155 3 2 3 2
27155 1 29136 2 2 2 2
737 0 704 1014 1014 5678 5677
16207 1 16206 2 2 3 3
37148 0 23650 271 271 279 279
33954 1 14292 2 2 3 2
29886 1 28685 3 2 4 2
9855 6 33387 34 10 4 1
3785 0 28084 36712 36712 27693 27692
20088 5 3785 5 5 776 760
32514 5 3785 2270 2270 34726 34708
6922 1 6921 7 3 8 2
6921 1 7885 8 2 8 3
7656 1 11492 3 2 3 2
16454 1 15118 8 3 6 3
27917 0 8192 17 17 46 43
27917 1 5927 10 9 20 15
5927 1 27917 22 17 16 15
4197 0 8050 25 25 13 10
4197 1 37513 6 2 2 2
25431 1 5635 2 2 6 2
15018 1 18772 4 2 2 2
9762 6 8948 8804 8800 4219 4219
30927 6 25532 764 764 977 977
19315 1 39214 3 2 2 2
39214 0 32965 4 4 3 3
18563 0 4302 28 28 2487 2485
21993 1 19504 6 2 2 2
9794 0 26796 86 85 9 9
40860 0 1945 8162 8162 40886 40862
13748 1 11108 5 3 3 2
4384 1 24793 3 2 3 2
10633 4 19550 997 997 1631 1631
27322 1 37139 2 2 2 2
40383 0 38168 193 193 1491 1491
7362 4 32362 14 1 1 1
22231 1 8513 2 2 4 3
40692 0 8924 26442 26442 40827 40818
1685 1 12089 5 2 2 2
450 4 4488 162 144 12 12
39094 5 3918 89 89 32585 32567
40914 5 3918 46 46 40599 40580
2315 0 3918 5 5 426 418
40869 0 3918 1864 1864 40592 40583
39375 4 35988 183 183 598 598
33362 0 724 1798 1798 26185 26167
4388 4 38068 58 46 7 7
24592 0 13837 890 890 12369 12365
4109 6 1349 34 30 4 3
20971 4 929 22292 22292 12985 12984
23939 0 929 4 4 291 280
2108 1 23830 5 2 3 2
137 1 39790 2 2 2 2
14471 4 26704 160 156 26 26
38379 0 2037 11047 11047 35088 35085
3297 1 2037 4 2 2 2
19597 1 29925 4 2 2 2
9472 3 9553 15632 15632 37333 37331
24002 1 31718 2 2 3 2
13378 4 37002 319 311 56 56
18672 8 18729 1 1 3 1
23066 0 10976 8740 8740 34048 34048
37193 0 36623 17256 17256 24120 24120
35461 0 15432 3367 3367 13910 13908
6086 1 37968 194 194 353 353
39988 0 6132 9800 9800 31036 31030
27635 0 6879 4194 4194 10110 10110
12792 1 18251 4 4 3 2
25299 0 17090 1646 1646 1733 1731
22804 0 9256 184 184 792 789
22046 1 449 2 2 4 2
26701 5 39164 26336 26336 17219 17219
33010 4 37752 634 633 412 412
17564 4 28570 3819 3819 5414 5414
14394 1 27202 2 2 2 2
40861 0 35307 36257 36257 36225 36225
36533 1 31832 2 2 2 2
1421 1 13698 4 2 3 3
1421 1 1420 2 2 2 2
15918 1 8898 3 2 3 3
39681 2 3869 15 15 1530 1498
13147 2 3869 7 7 387 356
29520 1 38175 2 2 2 2
7705 4 29204 277 270 30 30
31945 1 533 2 2 2 2
20267 1 11332 3 2 3 2
40862 0 6138 4189 4189 40506 40491
12405 1 2536 2 2 10 5
22145 0 267 37150 37150 24862 24838
12466 4 38408 40 19 1 1
12466 4 38825 36 16 1 1
16552 1 10073 2 2 2 2
31672 0 16442 32201 32201 11994 11994
34829 0 34921 5 5 35 33
6539 1 27537 8 3 2 2
24829 0 20017 256 256 3203 3198
28048 0 20017 381 381 20459 20453
40863 0 22831 12270 12270 40642 40637
9658 0 22831 2747 2746 3053 3049
17365 6 1148 18266 18266 19591 19591
11735 1 13906 3 2 4 4
10734 0 10886 1 1 15 1
1494 0 15383 39454 39454 40281 40279
31725 6 3983 26 26 50 49
3023 1 19162 2 2 4 2
28499 0 2833 14679 14679 22927 22912
4250 3 26422 4 3 5 3
14121 1 5862 8 6 7 2
1002 0 15449 1205 1205 461 456
14237 9 14236 2 2 3 3
40286 1 14159 2 2 3 2
1432 4 24308 29 13 4 4
29759 0 21793 4 4 6 5
40 0 9353 2963 2963 16642 16634
36532 1 36531 2 2 2 2
4832 1 7867 6 2 2 2
27716 6 14968 3067 3067 791 791
304 0 25231 18394 18394 14500 14499
8542 1 19421 5 2 2 2
30629 1 15712 2 2 3 2
20027 2 9746 1 1 16 5
26019 0 4682 2 2 6 2
15092 4 32205 5401 5397 204 204
13106 4 30126 152 141 37 37
7451 0 9653 16 16 19 19
14198 1 7551 2 2 10 2
19206 1 11656 5 2 5 2
938 1 29478 4 2 2 2
19923 0 13346 2 2 1914 1906
40895 0 13346 2447 2447 40504 40494
8767 0 2776 668 668 9709 9685
17206 0 4193 4406 4406 8071 8069
9026 1 21448 2 2 6 2
10884 1 23870 4 3 5 3
10884 0 12402 870 870 2732 2731
33656 0 17442 3622 3622 37787 37783
29844 1 36062 3 2 2 2
39433 6 40246 3 2 3 3
13370 4 32777 162 161 270 270
40865 0 34557 4125 4125 35706 35705
12307 1 5388 2 2 6 3
8628 3 1186 43 42 39 39
4299 0 1562 18 18 309 302
18208 6 35649 15536 15536 24424 24424
12758 0 980 9991 9991 35979 35978
26577 4 38800 20 20 12 12
40866 0 8678 17379 17379 40446 40443
32294 0 1897 170 170 21863 21789
6937 1 1897 5 2 8 3
9481 9 158 4 3 6 3
13100 9 9481 3 2 4 3
15588 1 15587 6 3 3 2
13773 0 27141 3 3 61 58
25916 0 16303 2 2 10 1
36297 0 16303 2 2 27 17
20354 1 18989 2 2 2 2
973 1 13336 4 2 10 4
5185 0 13336 1651 1651 12896 12892
9012 5 7786 6 6 761 742
33237 1 410 2 2 2 2
14633 6 31433 6610 6609 619 619
14633 6 8142 428 428 101 101
40867 0 339 6971 6971 40710 40707
3453 1 18417 8 2 2 2
8951 1 28285 3 2 2 2
1460 1 8951 2 2 4 2
8222 1 6150 6 2 3 2
8054 3 25795 7 5 2 2
6845 1 2779 2 2 3 3
19202 0 12252 20 20 889 882
20124 1 18592 2 2 5 2
20124 0 14100 217 217 10797 10793
30846 0 2941 3 3 25 24
39027 0 9415 1132 1132 21561 21549
23350 1 17390 2 2 4 3
8558 1 7530 4 3 4 2
40868 0 5700 27472 27472 39120 39120
32469 0 324 36 36 17762 17742
8545 0 324 2106 2106 12228 12209
25032 1 25031 3 2 2 2
38057 9 30720 2 2 2 2
2030 0 1832 277 277 6902 6892
1637 0 5616 4 4 40 32
9928 0 5616 2 2 91 82
1702 4 29665 330 326 117 117
36951 4 24229 50 48 9 9
6008 1 1041 2 2 3 2
14647 0 13213 17 16 5 5
699 1 22618 2 2 2 2
35907 4 37894 141 141 16 16
13383 1 2789 6 2 4 3
2713 6 7645 42 2 3 2
11577 1 7731 3 2 4 2
40870 0 1335 3739 3739 35211 35210
24483 1 12798 3 2 4 2
17309 0 30810 23 21 25 23
10156 1 963 6 3 4 2
2452 1 3976 7 3 9 5
2452 1 7086 6 3 10 3
40905 0 3387 4798 4798 40538 40524
7217 1 3387 3 2 3 3
8525 4 37769 128 126 37 37
35828 0 1364 8 8 7676 7646
26559 6 35828 40010 40010 4738 4738
16493 1 19237 3 2 11 4
2933 1 7202 4 2 7 3
6048 9 22594 5 4 2 2
29003 1 35415 5 2 2 2
20788 1 10332 6 3 3 2
5707 1 5706 2 2 5 3
29609 1 29608 2 2 2 2
22190 1 35891 4 2 3 2
22190 1 11262 5 2 7 4
9192 1 19649 5 2 3 2
26202 0 7136 7 7 24 23
36138 0 7877 42 39 154 151
23317 0 6977 721 721 12395 12360
40920 0 6977 6641 6641 40775 40739
36948 1 27706 6546 6546 12089 12088
34777 1 14753 2 2 3 2
1620 4 23845 16 1 1 1
12071 1 18026 6 2 2 2
8848 5 14818 1 1 16 2
11500 6 11034 16 9 4 2
16013 1 5367 5 2 5 3
10574 6 36868 21 17 10 9
18072 0 1880 25 25 1641 1626
7031 1 26802 6 3 3 2
32487 1 10667 4 2 4 2
28680 1 10686 2 2 3 2
9031 4 20091 55 37 2 2
37696 0 13023 78 78 2393 2385
5434 1 5433 5 2 3 2
24552 2 8531 8183 8182 29233 29230
35789 5 3276 10 10 11318 11287
31511 5 3276 172 172 35461 35429
39401 0 24275 99 98 3328 3316
27408 0 4448 3 2 15 7
13163 1 17198 4 2 3 2
8664 1 2489 3 2 7 2
2489 1 15398 7 2 2 2
25485 2 3943 1 1 35 3
38545 2 3943 1 1 34 3
36055 6 19589 23 23 2443 2443
19768 0 5156 27 27 2362 2330
26405 0 5156 1 1 41 10
17022 6 35666 931 928 179 179
17022 6 3619 204 202 12 12
4621 1 88 3 2 4 2
40873 0 28355 25282 25282 40628 40626
2460 9 9748 2 2 2 2
36214 0 573 2 2 173 134
40874 0 22716 19250 19250 37538 37538
25322 4 40518 1033 1033 1119 1119
2760 0 11134 456 456 17027 17021
4446 9 1807 9 6 2 2
11636 0 4446 228 228 11883 11882
36303 1 2876 2 2 2 2
37244 1 21630 2 2 3 2
38942 1 2626 8307 8307 24526 24523
31471 0 2626 3 3 12 11
3018 0 27173 5 5 3 3
26985 0 7600 93 93 454 448
37635 0 7600 109 109 169 164
8617 6 7587 388 377 126 126
24972 0 1142 6287 6287 31783 31781
680 7 38698 26470 26409 3 3
680 7 40901 40632 40569 36 36
6028 0 29623 32572 32572 38889 38889
29623 0 33835 2537 2537 31035 31032
36506 4 25083 201 201 61 61
7152 1 4236 3 2 4 2
22504 0 7152 4473 4473 18281 18276
40876 0 1295 5409 5409 38780 38774
21646 1 1295 3 2 6 2
22690 0 9531 6 6 68 64
34554 0 9531 246 246 1994 1989
701 1 25692 2 2 5 2
14347 1 5567 5 2 4 2
22500 1 15849 3 2 3 2
24584 6 29929 2 2 3 3
18192 4 1499 3 3 1 1
17820 1 654 5 2 7 2
23192 1 654 2 2 6 2
34164 0 21362 8276 8276 28953 28948
23961 0 6776 3 3 54 46
14951 5 6776 246 246 22074 22069
2111 1 35677 4 2 2 2
32320 1 16031 26092 26092 35732 35732
31261 4 13766 537 537 254 254
38116 9 9 3 3 6 5
40068 0 28942 14915 14915 3720 3720
21724 1 8592 7 3 5 3
4229 1 37036 13214 13210 1724 1724
29447 0 15913 32 32 87 82
16697 4 31051 120 115 26 26
5443 6 33646 23 5 5 4
13087 1 36310 2 2 3 2
22927 4 27025 54 54 23 23
24129 1 15215 3 2 3 2
24953 0 13135 358 358 27802 27793
22068 0 29955 39954 39954 4344 4344
6111 0 23960 23 23 24 22
6111 1 11198 6 2 2 2
2003 0 4127 644 644 23686 23682
40878 0 34399 4105 4105 40072 40068
26349 1 19291 3 2 3 2
15641 1 5982 7 2 4 2
21253 0 5982 5880 5880 37011 37011
3948 3 25669 4557 4553 191 191
40879 0 39495 36010 36010 24937 24937
10738 0 8594 5591 5591 39676 39670
40612 0 8594 28889 28889 40731 40724
12395 0 4161 2 2 43 16
40942 0 4161 11710 11710 40647 40618
26530 0 25605 967 967 407 406
25576 0 19971 7830 7830 39968 39962
3574 6 39280 179 175 3 3
35051 1 36988 2 2 2 2
19269 6 3870 169 168 16 16
26457 1 21879 2 2 3 2
16049 4 31756 105 103 10 10
26279 5 6146 3 3 337 326
31974 5 6146 12 12 1559 1547
22137 5 3531 3 3 56 34
15837 1 15836 2 2 2 2
3895 0 3721 14 14 202 167
23820 6 25420 16 11 5 4
23820 6 11103 11 7 3 2
28203 4 29473 132 129 24 24
2999 1 36067 5 2 2 2
11766 5 10754 2 2 38 19
40880 0 10330 16366 16366 40824 40819
29695 1 25945 2 2 2 2
15242 6 5534 14 12 62 60
16017 3 30757 8246 8244 5211 5210
9486 3 6190 1367 1363 574 574
10504 6 36780 782 775 256 256
31226 0 17728 257 257 7939 7930
8734 1 1538 3 2 2 2
29667 0 249 20 20 1852 1806
7681 0 249 5 5 1500 1455
1196 5 12328 2104 2104 39886 39869
29190 5 2139 8 8 8174 8149
9335 5 2139 309 309 20036 20009
13338 1 18054 4 2 2 2
19110 4 40436 68 68 61 61
1935 0 7945 4 4 1629 1607
1104 0 7945 2 1 24 3
32001 2 3539 31 31 1638 1637
7118 0 3978 32 32 83 62
27765 0 206 31 31 4258 4228
16624 9 15794 2 2 2 2
1966 4 24890 25719 25717 990 990
31338 0 8266 2 2 172 168
40221 5 73 1 1 88 32
3410 4 40221 348 347 6 6
29650 5 73 40 40 26348 26290
4984 0 73 26 26 129 118
7890 1 8556 7 3 4 2
32343 0 7890 13154 13154 32782 32765
4686 0 9935 30784 30784 32415 32399
1690 1 5111 15 3 3 2
23282 0 1690 494 493 1788 1778
10335 1 2363 3 3 9 2
19856 1 15917 3 2 3 2
15168 1 35514 2 2 3 3
40881 0 9334 11262 11262 40767 40762
28253 1 28252 2 2 3 2
11736 1 678 4 2 4 2
12371 1 20336 6 2 3 2
26039 1 31200 11713 11713 15177 15177
39168 1 23614 2 2 4 4
20692 1 21524 2 2 2 2
24359 1 36592 2 2 3 2
6740 1 6335 4 2 3 2
38194 0 6335 9424 9424 36589 36589
5315 0 18408 8 8 4 4
11605 4 40002 149 149 84 84
12921 1 24570 13 3 4 2
21374 1 12921 3 2 13 3
5134 2 4633 1 1 12 1
35877 0 85 4 4 336 102
23185 0 85 15 15 2637 2392
40756 0 85 7680 7680 40405 40158
26136 1 26135 2 2 2 2
37633 0 20754 19606 19606 33905 33904
40883 0 1222 3231 3231 40497 40484
40904 0 1222 5255 5255 40585 40571
19190 1 22874 3 2 5 2
14563 2 35454 40943 40941 3165 3165
12530 1 5329 2 2 3 2
37793 0 425 787 787 32373 32353
7112 1 21005 2 2 6 2
13785 6 30026 8133 8132 14904 14904
30892 1 27200 2 2 2 2
22309 1 11345 3 2 8 2
652 1 11489 3 3 3 2
21523 0 5914 5869 5869 28883 28879
19459 1 8641 2 2 6 2
103 0 9917 906 906 5864 5863
34367 1 30925 2 2 3 2
39210 0 36049 754 754 29923 29922
27244 6 22681 781 780 46 46
12608 4 21734 49 46 5 5
31281 1 6359 2 2 8 3
40153 0 6359 9673 9673 40085 40077
28257 1 28256 3 2 3 2
3741 6 11977 3 1 4 1
8455 0 14334 1785 1785 7962 7961
11170 1 606 8 2 4 2
9097 4 33963 328 327 273 273
15436 1 15435 3 2 2 2
9201 1 9200 4 2 3 2
6058 0 5378 122 122 7946 7932
5378 1 9054 5 2 7 2
24455 0 7235 370 370 12764 12759
40886 0 36491 36883 36883 39814 39813
27948 0 29072 6396 6396 35072 35068
2574 1 10949 6 2 7 3
15184 1 36822 2 2 3 2
17033 1 208 2 2 3 2
5633 0 4663 5859 5859 20849 20833
23779 0 17423 4445 4445 21201 21197
31140 0 1615 67 67 1513 1508
25999 1 31140 2 2 3 2
29071 0 25203 145 145 1023 1020
4929 4 37085 2270 2264 386 386
11962 4 5667 45 41 9 9
14732 6 18907 36210 36209 903 903
4582 0 23340 3797 3797 3482 3478
2940 0 23340 1012 1012 1406 1403
6093 10 24981 14 13 2 2
14001 0 36202 71 71 1037 1037
37407 0 19919 230 230 27224 27221
28934 0 6210 193 192 84 81
13298 1 26814 4 2 3 2
12356 1 20726 3 2 2 2
11679 7 15652 360 354 13 12
18992 0 780 396 396 7251 7243
12696 0 1750 976 976 4206 4204
22477 1 2282 7 2 2 2
17701 4 36065 39 39 3 3
20641 0 36866 16590 16589 33904 33903
31601 0 1352 173 173 5876 5870
36144 0 28533 19842 19842 14949 14949
22400 2 2183 1 1 45 14
39117 2 5348 11 10 10 8
12905 1 5832 4 2 2 2
16355 1 22399 685 680 683 683
8334 2 35737 289 289 5137 5136
13347 0 26570 2 2 5 3
40889 0 34949 1385 1385 40358 40358
12551 0 7485 13220 13220 11805 11804
3154 1 27514 4 2 2 2
35950 0 20760 2 2 10 5
20760 0 25127 2755 2755 10919 10918
23933 1 23098 3 2 5 2
12685 6 19180 1523 1517 42 42
12358 2 4168 6 6 67 58
7700 2 4168 45 45 612 602
35674 0 16517 25097 25097 31000 30999
6813 1 5175 4 2 2 2
7375 1 7374 3 2 3 2
40890 2 23906 11045 11045 40867 40867
21948 4 38918 1423 1423 1893 1893
17500 9 17499 2 2 2 2
6759 1 21078 4 3 3 2
11196 0 24534 20529 20529 7611 7608
16734 7 13678 1750 1747 6 6
865 1 17946 11 2 2 2
1821 6 39122 113 99 11 11
11630 1 31896 5 2 2 2
7284 1 17756 4 3 2 2
26770 5 6829 1 1 7 1
37565 1 22789 4 3 3 2
11926 1 11925 6 2 3 2
27446 1 22702 4 2 4 2
13999 0 37238 1362 1362 1206 1205
2050 6 30438 1149 1149 913 913
21493 0 24309 9130 9130 31562 31562
40891 0 13449 21491 21491 40579 40578
15390 1 38904 23094 23093 4363 4363
33146 1 2101 5 4 13 5
17987 3 17986 8 6 5 4
29746 3 17987 4 4 10 8
2692 0 10487 18225 18225 14601 14598
32902 1 29338 2 2 2 2
14511 6 11512 2627 2620 63 63
6117 1 683 2 2 8 2
25817 0 40019 30278 30278 30224 30224
39730 4 31900 6481 6481 27001 27001
14912 3 19439 19 16 3 3
34332 4 1842 1002 998 220 220
29957 5 8285 18 18 2508 2504
8398 4 40398 3239 3239 399 399
13141 4 36356 29 17 1 1
24146 1 36079 3 2 2 2
12197 1 24146 5 2 3 2
8973 0 15567 1114 1114 818 817
2840 1 18631 3 2 2 2
4993 1 4648 3 2 10 2
15543 4 26788 1822 1822 5635 5635
9926 1 1976 4 2 5 3
40893 0 10088 12600 12600 40707 40702
18632 0 15264 1620 1619 13354 13351
25930 4 9684 55 50 5 5
39714 5 5407 1 1 100 75
31612 1 9688 2 2 3 2
1782 1 1781 3 2 6 2
34009 6 39128 198 195 156 155
25597 0 4132 4904 4904 39740 39730
16378 0 2054 1 1 19 3
12541 0 2054 2 2 59 42
2054 1 17904 2386 2386 1200 1199
18557 9 18725 2 2 2 2
40453 1 28165 2 2 4 2
7231 0 16733 37955 37955 24936 24936
17867 1 14085 3 2 3 2
36201 4 39259 1473 1472 25 25
17202 0 12720 10 10 38 29
28053 0 4049 366 366 15030 15016
25593 0 4049 463 463 18672 18657
4049 1 28361 2 2 5 3
22873 1 37187 9 2 2 2
37187 0 3391 8090 8090 19363 19359
30984 1 6485 4 2 4 2
12052 1 6794 3 2 4 2
6371 6 13857 4924 4919 577 576
1675 3 3261 6 2 4 3
32329 0 39076 4821 4821 5353 5353
1788 0 22163 3 3 8 4
8791 1 15310 3 2 8 2
13863 1 15310 10 2 7 2
3838 1 15310 4 2 9 2
36716 0 15310 216 216 2534 2534
23303 1 6584 3 2 9 3
9014 0 13840 18 18 1669 1665
9501 1 16279 4 3 3 2
9412 1 35482 5 2 2 2
26517 1 352 16 14 43 34
30651 1 30650 3 2 2 2
13606 0 5759 4 4 65 50
24242 4 40495 799 799 1722 1722
3024 1 8489 3 2 8 2
4914 4 5471 82 77 5 5
16649 0 11808 12 12 100 95
16580 1 16649 3 2 4 2
8882 1 30608 5 3 2 2
24380 6 4034 15 15 31 29
20967 1 38940 311 308 17 17
38940 1 20967 21 21 296 293
12345 4 32572 50 49 3 3
17336 1 6811 2 2 4 2
4393 0 21188 216 216 2025 2023
16082 0 19592 16455 16455 37619 37618
13599 4 38034 137 137 36 36
2399 3 852 4 2 3 3
26551 1 17969 4 2 4 2
19862 1 25685 6 2 3 3
33100 0 23835 27 27 136 130
38732 1 16818 2 2 4 2
30257 4 39983 1436 1436 214 214
2097 1 9439 7 3 6 2
8891 1 8890 2 2 6 3
10946 1 16189 23 20 7 6
23311 5 666 2 2 107 79
7605 1 16736 3 2 3 2
40896 0 23801 32799 32799 40794 40792
3152 1 34834 4 2 2 2
8027 0 17129 31120 31120 38753 38752
18036 1 23414 4 2 3 2
10896 1 5187 2 2 2 2
29378 0 14065 7 7 248 246
11268 1 18820 7 6 69 66
10603 3 7644 3 2 5 4
28163 6 33290 37 37 46 46
26372 1 2839 4 2 4 2
13731 1 3340 6 4 7 4
30635 1 27499 3 2 4 2
19561 2 12788 11 9 11 9
6316 1 14884 12 10 10 9
14884 1 6316 9 8 10 8
40071 0 542 6 6 1371 1358
24433 1 24432 3 2 2 2
8518 8 19686 111 106 20 20
36028 1 13581 2 2 4 2
23015 1 39472 3 2 2 2
29941 0 8121 419 419 385 380
11007 0 39628 4563 4563 3771 3770
38483 1 35975 2 2 2 2
27069 0 17594 15 15 2610 2609
31414 0 21528 277 277 145 142
10966 0 6448 67 67 1972 1968
7275 0 36151 27659 27659 32379 32378
10347 0 12311 4 4 337 326
40897 0 15992 12233 12233 40654 40649
29348 1 9181 2 2 7 2
181 4 20452 110 105 5 5
30056 0 13450 38 37 208 202
13510 0 34706 1407 1407 17295 17293
9041 1 8986 9 5 7 2
33052 1 6521 3 2 6 2
26934 4 36843 109 109 198 198
2778 1 2777 6 3 2 2
28399 9 24687 3 3 3 3
28399 0 7125 9 9 8 6
163 1 9522 6 2 3 2
38964 6 15538 4 2 4 2
36295 6 20656 31368 31368 18123 18123
7947 1 3044 5 3 8 2
24577 0 6103 2596 2596 13034 13031
39447 2 955 3 2 62 50
27080 0 35724 479 479 2214 2214
18317 0 16471 1903 1903 36364 36361
40899 0 1371 286 286 40423 40400
35847 0 1371 2 2 2314 2292
32447 6 14556 27 26 3 2
5046 5 5363 38 38 24481 24466
31855 0 1378 5 5 3137 3075
19994 0 1378 23 23 274 214
25740 0 1378 569 569 755 694
40676 0 1378 4060 4060 40628 40565
20832 0 2453 5649 5649 28234 28181
38637 0 35536 22 22 414 414
29542 6 38922 10 10 6 6
17578 1 8885 3 2 4 2
40900 0 3668 2472 2472 40562 40554
38879 4 40465 64 64 99 99
23645 1 3271 3 2 3 2
10717 1 23392 3 2 5 3
7129 6 37636 113 93 2 2
7129 6 39342 43 24 13 10
22752 1 11603 6 3 4 2
13171 0 2104 1981 1981 6257 6241
3840 4 25993 28 27 9 9
6976 1 6542 2 2 2 2
6504 0 17314 67 67 205 198
1218 1 18913 6 2 2 2
23637 1 22005 2 2 2 2
12259 4 40042 750 750 1096 1096
29053 0 31232 4 4 192 188
14841 1 11642 4 2 4 2
12434 1 11406 3 2 5 2
4571 1 19807 3 2 2 2
12516 1 16943 2 2 4 3
9471 1 28564 6 2 2 2
40902 0 30686 10727 10727 39596 39595
215 1 13069 6 2 3 2
28342 4 21955 71 71 79 79
4050 1 5908 3 2 2 2
10960 0 16571 12284 12284 10682 10681
3343 1 1512 6 2 3 2
15421 1 7039 7 2 3 2
40903 0 23890 8158 8158 40589 40588
18173 1 23932 3 2 4 2
26645 1 11702 2 2 2 2
15117 1 11702 2 2 3 2
7241 1 9423 3 2 2 2
15866 1 20662 3 2 5 2
308 1 23762 6 2 2 2
1602 1 20590 5 2 3 2
7541 1 7540 3 2 4 3
4015 0 32323 34430 34430 8637 8637
36003 2 3957 4 3 8 4
11479 0 4865 362 362 7266 7260
1202 0 14475 3743 3743 15931 15928
14612 1 19739 3 2 3 2
7024 0 6752 404 404 8686 8671
32853 0 5203 397 397 10035 10033
37253 0 40396 24240 24240 25460 25458
34648 0 16831 3189 3189 2548 2547
1613 1 3914 5 3 5 2
10826 0 26562 506 506 5403 5398
23101 1 12527 3 2 4 2
27830 0 8061 24487 24486 34216 34214
20864 1 6464 2 2 4 2
5262 6 29332 1105 1102 568 568
35821 0 16863 38433 38433 39413 39407
13407 1 4967 3 2 5 3
9713 1 18011 3 2 2 2
31393 4 27927 985 985 2152 2152
12347 1 13214 5 2 3 3
22063 1 36525 2 2 2 2
37425 0 4766 8510 8510 19504 19504
27152 4 38832 45 44 4 4
31830 5 24055 322 322 995 995
15799 6 17609 12 1 1 1
38974 0 621 3 3 564 563
17241 0 17150 4 4 6 5
2858 4 33960 351 319 27 27
26230 0 10765 11 11 16726 16719
19752 1 19897 7 3 4 2
38731 0 10922 9 9 626 623
30909 6 31031 19149 19149 37167 37167
40907 0 25161 17784 17784 37170 37168
36978 0 692 5 5 243 219
29708 0 692 2 2 57 34
20476 1 6724 2242 2241 6044 6042
40908 0 7921 20137 20137 40829 40829
2443 9 5163 3 2 2 2
12141 1 2443 2 2 5 2
7159 4 32394 130 128 11 11
9995 0 1520 27 27 919 909
3657 1 11758 7 7 194 190
687 6 27283 38469 38448 3920 3920
8662 0 716 5 5 1627 1589
7974 1 3145 6 3 4 2
24517 1 9302 2 2 4 2
7449 0 7095 24795 24794 5480 5480
31989 4 40175 125 125 14 14
40909 0 3338 3067 3067 40116 40108
19172 0 15730 133 132 20 19
15433 6 23550 24433 24430 3588 3588
15869 1 9418 4 2 3 2
27694 3 13419 2 2 3 2
21543 0 14367 28638 28638 32178 32172
5015 4 5256 9 2 2 2
16016 1 10865 3 2 2 2
2379 0 14652 4748 4748 11182 11182
40910 0 10662 10028 10028 40705 40697
13388 1 17572 3 2 4 2
38526 0 17405 724 724 8550 8542
9889 0 38560 6482 6482 14243 14242
11600 0 13047 1 1 12 4
40912 0 9931 32732 32732 40853 40853
36575 0 34172 12429 12429 22576 22573
19960 6 20910 34935 34934 25784 25784
10868 1 6529 4 2 5 2
25398 1 30292 2 2 4 2
13664 1 23487 4 2 2 2
40913 2 1214 4113 4113 40911 40892
13094 2 1214 4 2 19 1
16437 0 26208 25786 25786 15021 15019
22757 1 22756 3 2 2 2
40260 0 26108 1 1 5 3
32735 0 5654 2 2 14 11
3447 1 9780 7 2 3 2
14404 1 3447 3 2 5 2
7985 1 4209 2 2 4 2
40915 0 10407 22048 22048 40643 40643
6851 1 6468 3 2 7 3
15604 3 4192 18 18 11 11
9074 0 2243 2 2 3 2
16945 1 27937 2 2 2 2
37937 2 17319 4 3 19 15
17444 1 7040 2 2 3 2
24542 0 21434 8385 8385 15722 15721
19654 0 38248 16214 16214 29909 29909
40916 0 25194 1984 1984 40386 40385
3512 1 1507 5 2 3 3
35515 4 5683 1488 1488 678 678
26598 1 13630 3 3 2 2
3815 1 39428 4 2 2 2
4037 0 16708 3 3 152 148
29698 0 8868 21784 21783 23573 23572
15051 1 14230 2 2 7 3
1006 3 17460 5 4 9 5
20944 1 2415 4 2 6 2
9847 3 11802 12342 12335 2728 2728
19964 4 40677 40755 40752 18346 18346
23100 1 23574 3 2 3 2
21645 1 16026 3 2 5 3
3046 0 140 9249 9249 35902 35896
1732 6 23260 12 1 1 1
29279 4 22476 335 335 9 9
21641 0 8412 8619 8619 5184 5183
40283 0 13935 146 146 431 428
20075 1 5623 4 2 4 3
32173 0 25942 18 18 738 735
17114 1 9438 2 2 3 2
33419 4 28271 524 522 221 221
40917 0 5681 14690 14690 39275 39274
15907 1 15906 3 2 5 2
15906 1 26088 5 2 3 2
14098 4 39569 143 141 85 85
4725 1 3135 3 2 3 2
24645 1 21259 3 2 3 2
22111 1 25386 2 2 2 2
11499 1 5619 3 2 5 2
3068 1 3431 6 2 3 2
7765 1 7764 3 2 3 2
11813 1 30361 8 2 2 2
13330 1 4080 3 2 3 2
40919 0 27595 11559 11559 40740 40739
26579 0 27595 538 537 4977 4977
20569 1 7364 3 2 8 2
27835 1 30774 2 2 2 2
2212 6 39573 40207 40207 5930 5930
29644 1 22647 2 2 3 2
28102 1 13943 2 2 3 2
39806 0 4094 1266 1266 1254 1254
11333 0 1873 117 117 2658 2649
7708 1 7707 3 2 3 2
20826 6 37122 1120 1119 1955 1955
35116 1 2058 2 2 6 2
4697 1 3858 3 2 2 2
11455 4 7090 5364 5360 138 138
40921 0 10175 20099 20099 40878 40872
38431 1 28014 2 2 2 2
12033 1 19844 3 2 4 2
5245 0 33893 5482 5482 6367 6367
34222 0 38513 41 41 1649 1648
8695 1 8694 2 2 5 2
3104 1 3103 2 2 3 2
15438 1 11384 2 2 4 2
31721 1 24228 3 2 2 2
2370 4 3245 74 54 9 9
8754 1 6098 5 2 3 2
8754 1 4244 4 2 4 2
18988 0 27345 3 3 10 9
40923 0 13663 2806 2806 40554 40533
11049 0 722 3 3 2885 2877
38784 0 6570 81 81 3799 3784
16141 4 16183 31 29 9 9
496 1 32512 4 2 2 2
37743 1 14493 2 2 5 2
5090 1 38941 3 2 2 2
34217 1 30032 3 2 3 2
16865 1 8774 2 2 3 2
26008 1 24248 12332 12330 4027 4027
37763 1 3707 2 2 2 2
22457 6 34682 6278 6278 17719 17719
33138 1 11811 2 2 2 2
25767 4 33687 350 350 520 520
13958 4 28025 31 23 3 3
656 1 37010 4 2 2 2
10583 1 2117 8 4 11 4
20736 1 17537 3259 3259 3129 3128
10184 0 28333 3293 3293 3461 3457
38142 0 26564 26013 26013 18506 18506
3096 4 25112 190 182 55 55
15613 0 15381 2 2 216 212
22584 1 12684 3 3 3 2
10350 1 13671 4 2 3 3
7514 1 25165 5 3 3 2
25852 1 20593 2 2 3 2
14893 0 27550 20 20 859 859
22787 1 22786 2 2 3 2
5300 0 27067 436 435 2954 2954
622 0 8078 1 1 15 4
24444 8 33475 573 573 3548 3548
35002 0 19318 4227 4227 15093 15091
5466 0 115 3114 3114 14935 14919
19843 0 2682 2 2 22 21
22395 0 5140 93 93 930 926
20504 0 11647 2 2 4635 4626
11184 4 27448 17671 17662 190 190
33563 0 18375 22562 22562 956 956
19846 1 18645 5602 5600 930 929
23722 0 20561 15919 15919 24609 24609
36869 1 18872 2 2 8 3
1358 1 1357 5 3 2 2
13443 1 1717 4 2 4 2
9968 1 13305 3 2 6 2
6222 1 29825 3 2 3 2
19156 0 89 850 850 26773 26755
28882 9 3696 2 2 2 2
40924 0 22072 4334 4334 39294 39290
30066 1 7387 2 2 4 2
15533 0 7387 451 451 23132 23126
6506 6 39335 263 256 9 9
29368 0 40057 40659 40659 39202 39202
27225 6 33459 85 78 17 17
34773 0 34386 1707 1707 31796 31794
40449 0 1803 5870 5870 22404 22396
21774 6 9252 16560 16560 36142 36142
18483 1 17730 3 2 4 2
18247 1 33545 2 2 2 2
38623 0 5839 4779 4779 25974 25969
4359 1 29197 3 2 6 2
29197 1 13612 6 2 5 2
27198 1 6242 3 3 6 2
27447 1 4053 2 2 3 3
13806 1 28087 2 2 3 2
40925 0 19888 22662 22662 40788 40788
9983 4 21913 138 136 12 12
20348 0 11447 753 753 90 90
38036 0 1666 219 219 6957 6946
32679 0 34089 17962 17962 10939 10939
35965 4 17251 45 45 57 57
18481 6 27900 1858 1858 148 148
37628 1 32564 2 2 3 2
4466 1 21189 5 4 5 2
640 1 7220 3 2 3 2
24070 0 18975 16604 16604 27602 27600
2758 1 22165 2 2 3 2
4556 1 9927 4 2 6 2
40353 0 10745 1440 1440 10563 10558
19632 1 35311 2 2 2 2
39784 1 31199 2 2 2 2
4594 0 5891 40 40 3462 3458
4491 0 19288 6097 6097 38366 38364
30729 4 33668 409 409 400 400
34985 0 3925 4298 4298 13607 13603
28487 1 7168 2 2 6 2
26416 1 36198 3 2 2 2
34811 0 1272 6192 6192 16513 16496
3263 1 2390 4 2 6 3
11689 0 15537 49 49 118 115
28752 0 4416 24 24 219 218
27422 0 8663 1130 1130 19662 19660
5643 1 3754 3 2 3 2
11366 1 26527 7 3 5 2
24792 1 893 2 2 3 2
6657 1 21399 3 2 2 2
18566 1 6657 2 2 3 2
39413 0 5325 24 24 8431 8405
11969 1 26616 8 8 4 3
36488 1 6245 2 2 6 2
11151 1 17991 3 2 4 2
3136 1 16161 3 2 3 2
30980 0 3884 81 80 1364 1359
30250 1 32816 4 2 2 2
4638 1 29948 2 2 3 3
27855 0 9636 24655 24655 17432 17432
22777 1 35880 4 2 2 2
3901 1 1387 3 2 4 4
22243 0 13777 837 837 7496 7487
5542 1 30223 6 2 3 2
38033 0 20954 8015 8015 33307 33307
29753 0 15565 1149 1149 8010 8002
29266 4 13537 2278 2278 748 748
1937 6 25054 4476 4473 7607 7607
21124 0 14843 916 916 15032 15029
40927 0 290 34320 34320 40009 39963
31744 4 8674 444 443 152 152
40127 0 2558 533 532 5534 5519
2529 4 12558 206 199 14 14
7694 1 33571 4 2 2 2
22610 0 27194 23 22 174 169
30249 0 6066 24274 24274 35946 35945
658 0 13432 88 88 891 885
40928 0 9369 20640 20640 39682 39681
38434 0 9010 5997 5997 16014 16013
30241 6 28445 26 23 2 2
35998 1 12005 2 2 5 2
37809 2 18294 4074 4073 12684 12682
11424 1 34792 9 2 2 2
35840 0 11072 2772 2772 39451 39446
28978 1 22902 2 2 2 2
11576 6 38596 544 542 37 37
1930 4 36216 2449 2442 355 355
7939 1 10211 4 2 2 2
28794 4 27413 107 107 6 6
5741 0 1817 2311 2311 271 271
5741 6 31343 4 1 1 1
19214 6 3845 121 117 5 4
23468 1 1116 4 2 4 2
19251 1 13436 4 3 6 2
30832 0 17008 27007 27006 12990 12990
10086 1 10085 2 2 5 2
20123 1 21785 3 2 5 2
29801 1 16682 2 2 5 2
2714 6 17927 69 25 19 15
3544 6 29062 23 12 5 4
16737 0 2582 3247 3247 34192 34188
37791 0 27732 357 357 12133 12128
17526 4 11245 2662 2660 91 91
1533 0 604 2646 2646 28343 28332
39727 1 9142 2 2 8 3
13018 3 4849 7 5 7 6
32445 0 36854 136 136 16685 16683
30065 6 21979 19 19 227 224
1742 6 21979 2357 2357 9388 9384
23039 1 22926 4 2 2 2
32339 1 27741 3 2 4 2
17262 4 33581 171 170 50 50
26419 1 3896 2 2 3 2
2404 6 17683 219 217 91 91
33189 0 14812 1921 1921 16701 16697
26452 9 7754 3546 3546 17228 17227
19015 1 28438 2 2 2 2
12913 1 9397 2 2 4 2
40931 0 27727 30647 30647 40506 40505
1419 1 22014 5 3 3 2
22075 4 35020 33 32 13 13
14470 4 37913 708 707 34 34
28719 0 7960 4950 4950 9718 9718
8597 1 843 2 2 6 2
14278 0 7240 664 664 14183 14166
2970 0 8651 2794 2794 12474 12473
17407 6 4098 2941 2940 879 879
15599 5 6014 100 100 593 590
23298 0 37796 1 1 3 1
23743 4 1839 1554 1550 407 407
9242 1 9241 2 2 3 2
40932 0 8840 13055 13055 40688 40680
20097 1 39891 5 2 2 2
28366 1 34247 3 2 2 2
23644 0 37462 1396 1396 230 230
9572 9 9571 5 5 2 2
30724 1 28310 2 2 3 2
18933 4 6687 53 51 4 4
17759 0 2861 244 244 8681 8673
40933 0 15371 1841 1841 40475 40471
38707 1 6267 2 2 3 2
4208 1 4207 3 2 3 2
15219 1 38553 3 2 2 2
23158 4 15716 166 166 157 157
21950 1 27256 6 4 3 2
34499 0 3934 24189 24189 32150 32147
35578 1 3227 2 2 4 2
7908 1 6243 29 22 14 13
1914 6 14604 577 554 50 50
38010 0 30717 696 696 5315 5314
40934 0 22330 27827 27827 40826 40826
36509 0 1481 4878 4878 12185 12184
17630 1 5576 3 2 3 2
16260 4 1174 4310 4304 148 148
8162 2 27707 1889 1889 1343 1343
28523 9 16965 2 2 3 3
40935 0 16658 1970 1970 40465 40462
25614 0 86 44 44 990 987
18620 3 6300 3 2 4 3
10303 0 1380 12 12 41 26
37033 0 20187 1097 1097 2212 2211
26386 0 18443 7554 7554 696 696
38926 0 5480 1990 1990 22095 22094
29831 0 12577 3 2 56 49
15782 0 21097 3016 3016 23020 23017
22438 1 8094 3 3 4 2
40936 2 3999 810 810 40581 40545
1838 0 11464 1182 1182 21086 21084
14405 6 31106 1002 999 410 410
38576 6 23883 147 147 949 949
17088 4 35425 37383 37383 7933 7933
849 10 13402 4 4 3 3
31905 1 5241 3 2 5 3
5409 0 9991 2942 2942 31118 31116
7245 0 31986 8951 8951 25895 25894
34983 1 16742 2 2 3 2
10762 1 12714 4 2 2 2
10953 0 273 63 63 1661 1646
26769 0 1194 3 3 8 6
12790 6 38666 14 13 12 11
20833 0 14547 98 98 3999 3999
31477 0 20633 4 4 10 8
25922 1 17748 4 2 3 2
35874 0 3549 11 11 156 141
24436 1 2798 2 2 3 2
25966 1 11230 2 2 2 2
16275 1 18980 4 2 6 2
7862 4 17841 99 96 4 4
12959 0 12265 551 551 8155 8155
40938 0 25310 16755 16755 35962 35960
35627 0 3269 3 3 9 6
18098 1 22245 8 2 2 2
35614 0 5846 1 1 36 6
29207 1 24456 3 2 4 2
1048 1 24443 3 2 3 2
22767 5 6095 4 4 262 259
12231 0 16476 1 1 9 3
19496 1 30112 3 3 5 2
40940 0 7382 14322 14322 40851 40848
8838 1 20614 5 2 3 2
30101 1 30632 4 2 4 2
9830 1 34527 3 2 3 2
40941 0 13946 27551 27551 37612 37610
28643 0 11339 4 4 846 842
13847 1 14386 3 2 4 2
27260 1 35256 3 2 3 2
35120 4 33416 25 22 3 3
6728 1 6727 15 5 4 2
