1678 7 40551 691 455 2 2
1678 7 18056 657 424 1 1
1678 7 30089 619 389 1 1
1678 7 36781 1114 875 1 1
1678 7 18000 632 400 1 1
1678 7 9202 666 432 1 1
1678 7 26036 13252 13011 8 8
1678 7 35669 4451 4211 2 2
1678 7 40887 32525 32282 11 11
1678 7 38204 21116 20874 9 9
17935 9 35175 2 2 2 2
785 8 10116 29638 29173 63 63
785 8 37575 13662 13207 6 6
785 8 21817 4252 3803 1 1
785 8 18729 447 6 6 4
785 8 12268 2508 2060 1 1
785 8 29200 12109 11657 5 5
785 8 23537 12472 12019 6 6
785 8 6770 19239 18779 5 5
785 8 1493 32811 32342 2 2
785 8 28822 16221 15764 2 2
785 8 15703 30254 29787 144 144
785 8 8245 1585 1139 1 1
785 8 36761 13534 13080 5 5
785 8 155 16175 15719 5 5
785 8 39420 16719 16260 25 25
785 8 38749 31441 30973 25 25
785 7 11761 11206 11192 17 17
16176 4 33688 1019 1017 600 600
18671 0 11241 4 4 36 21
19621 0 11241 2 2 23 9
15582 0 4030 46 46 1010 981
25033 0 4030 1 1 40 14
31351 0 4030 17 17 359 331
19165 0 2969 44 44 3704 3695
21012 1 19165 7 4 7 6
16748 6 29001 4 3 5 3
31740 0 1183 4 4 237 194
26184 1 32091 4394 4391 24 24
32091 1 26184 142 142 5883 5880
4194 1 6975 2 2 4 3
6975 1 3569 3 2 10 5
15602 0 4367 2024 2024 23376 23347
6546 0 4367 2 2 84 57
24512 1 24859 2 2 2 2
33182 0 5053 7530 7530 31344 31341
5945 6 10270 10 7 21 20
5109 0 22368 1658 1658 38291 38286
20774 0 8060 645 645 41 41
12274 1 9268 2 2 3 2
12842 1 15886 7 3 3 2
13394 1 3789 5 3 3 3
13394 0 3459 627 627 7854 7846
38200 3 8055 6 5 10 8
36698 0 586 20 20 6725 6646
13143 0 586 205 205 7041 6961
7684 1 586 4 3 8 3
586 3 772 28 18 4 3
586 3 3510 56 45 5 5
586 1 11276 12 5 4 2
38212 2 121 10 10 1064 570
34053 2 121 11 11 1072 577
21130 2 121 1 1 732 249
22680 2 121 2 1 533 52
33440 2 121 33 33 1989 1487
37929 2 121 4 4 2165 1662
25514 2 121 4 4 1632 1133
31531 2 121 3 3 1822 1321
15287 2 121 13 13 4571 4066
30007 2 121 2 1 478 4
33594 2 121 1 1 908 420
31050 2 121 11 11 9812 9305
10443 2 121 2 1 458 1
13776 2 121 2 1 465 1
28371 2 121 1 1 994 503
25046 2 121 9 9 1806 1306
29285 2 121 2 2 931 442
29029 2 121 3 3 847 361
39017 2 121 10 10 944 454
36587 2 121 16 16 5065 4559
29042 2 121 2 2 1063 570
20341 2 121 2 2 774 290
33915 2 121 5 5 1325 828
14588 2 121 2 1 470 1
121 6 39924 107 103 389 389
40757 0 1311 1759 1759 39069 39051
40804 0 1311 1039 1039 31991 31974
1311 0 896 389 389 3018 3013
18270 1 18269 4 2 2 2
13049 0 4990 3 3 206 188
36351 0 4990 10 10 518 499
29179 1 10971 2 2 2 2
23886 0 6769 14 14 26 25
30612 0 4411 1787 1787 15779 15778
14866 0 3633 99 99 5136 5131
35748 0 11399 1985 1985 37671 37664
31413 0 15186 15 15 32 30
20145 0 11015 173 173 1403 1402
40728 5 914 107 107 29482 29189
28450 5 914 46 46 20826 20535
7848 5 914 1 1 464 185
35945 5 914 2 2 566 284
25546 5 914 3 3 5621 5333
38155 5 914 2 2 820 537
36490 5 914 189 189 20308 20018
31958 5 914 1 1 332 54
16022 5 914 43 42 1040 756
1595 5 914 19 19 2529 2242
5734 1 377 7 5 8 7
22785 0 5734 21 21 46 45
1255 6 24915 1852 1852 38407 38407
14244 1 11981 2 2 7 4
19390 0 4369 5 5 63 44
15364 0 4369 91 91 13377 13355
6533 0 4369 6004 6004 36537 36514
20079 0 4369 1008 1008 7630 7610
3634 1 4369 10 7 2 2
10990 1 4301 8 3 3 2
16398 1 2783 4 3 10 3
2783 1 1316 14 7 7 3
31737 0 16660 2 1 15 2
40758 0 6286 7670 7670 36971 36959
36771 0 6286 7 7 69 59
23301 0 6286 25 25 94 83
6286 1 7865 2 2 3 2
40759 0 45 3692 3692 33385 33382
45 1 44 19 8 2 2
30663 4 40225 96 95 40 40
14235 0 20549 308 308 15558 15553
20549 1 8731 14 13 16 12
15727 0 20842 672 672 66 65
28017 0 10090 119 119 13260 13246
40795 0 10090 2952 2952 30212 30197
32851 1 11382 57 57 68 67
21858 0 14369 7 7 307 303
34003 0 20650 325 325 96 95
5656 1 624 7 6 14 9
624 1 34337 11 6 2 2
32035 1 33317 2 2 2 2
6074 0 11052 11027 11027 5689 5689
6074 1 6073 3 2 2 2
31355 4 35983 156 153 111 111
10203 0 23680 9757 9757 24606 24606
34114 4 1598 594 593 19 19
15430 4 617 10 1 3 1
617 6 23164 574 559 68 68
40760 0 3796 5242 5242 34167 34155
40898 0 3796 1526 1526 18983 18972
27089 0 25460 1 1 9 1
38920 0 20791 13942 13942 15917 15917
26740 0 15987 9 9 305 300
26740 5 4475 1 1 41 21
33592 0 3640 1 1 70 1
21749 0 16741 4 4 12 8
40287 6 21134 5 5 5 5
14022 1 6297 9 5 3 3
14504 1 14022 2 2 7 3
40761 0 448 6116 6116 34763 34738
23685 1 146 4 3 4 3
24780 0 39997 26677 26677 21831 21831
40762 0 1763 2419 2419 28882 28877
6572 1 6944 7 3 6 4
6944 0 1701 623 623 13456 13449
4031 1 9327 10 3 7 4
37067 1 10473 2 2 3 2
23647 0 1338 44 43 1247 1220
23277 0 13709 139 139 12248 12229
3947 0 12235 21 21 679 670
12250 1 12717 3 3 2 2
271 6 40026 1194 1167 26 26
14931 1 36099 1345 1343 1741 1740
36099 1 14931 1390 1389 1772 1770
36099 1 27949 4 4 5 4
14576 5 2971 1 1 112 48
13484 5 2971 1 1 73 11
7443 1 25067 7 4 5 4
16880 0 18633 3819 3819 16449 16443
16881 1 16880 2 2 4 2
17282 0 228 5 5 9305 9229
33871 0 228 14 14 5102 5028
40763 0 987 5993 5993 25105 25100
20046 0 4696 475 475 24806 24799
8415 2 7033 3 1 6 1
15870 1 18392 4 3 5 4
25017 9 18392 3 3 4 3
3787 1 8742 5 4 12 8
23980 0 3787 456 456 5590 5573
8742 1 19068 14 10 9 4
11482 1 10803 3 2 2 2
2901 0 30222 34064 34064 24718 24718
10757 0 3459 210 210 5630 5623
26302 0 3459 970 970 9732 9723
10581 4 27666 8138 8138 14701 14701
11449 2 6220 60 59 772 765
258 6 35861 19090 19086 2141 2141
25183 3 11235 467 467 18724 18723
15107 1 15106 2 2 2 2
20809 4 32820 5001 4982 80 80
20809 4 32206 994 976 52 52
4981 1 17073 6 4 3 2
16542 0 4523 21 20 93 91
40894 0 16542 4819 4819 19133 19131
10161 1 10160 3 2 7 4
10160 0 15134 2150 2150 26381 26374
26185 1 15249 2 2 3 3
1771 1 1770 16 12 8 7
1771 1 9610 46 40 19 16
1771 1 36226 22 17 3 3
24128 0 8842 2889 2889 27418 27415
26157 1 31405 3 2 3 2
31405 1 31404 4 3 2 2
6096 1 29574 66 63 8 8
31306 6 34770 10167 10167 29763 29763
65 9 439 2 2 2 2
9078 1 23938 3 2 3 2
10215 0 5164 2858 2857 13755 13745
1559 8 14508 183 165 4 3
1559 8 25902 10697 10678 12 12
23501 0 1668 102 102 3757 3685
20112 1 27611 4 4 2 2
29717 0 30926 14090 14090 39902 39901
40020 0 17095 4786 4786 30738 30737
23138 0 1929 29 29 2010 1781
38723 0 1929 2 2 237 13
27757 0 1929 2 2 233 10
35086 0 1929 2 2 322 96
20750 0 1929 2 2 292 67
38906 0 1929 2 2 229 8
18333 0 1929 24 24 2215 1985
15970 1 3369 3 2 4 2
8306 2 25327 2 1 18 11
25327 5 3250 117 117 3516 3504
32633 1 5596 5 4 10 6
30166 0 5644 10 10 501 483
3771 0 5644 5 5 80 63
36968 0 18425 3116 3116 12667 12664
4765 1 4764 9 8 8 4
17970 0 4765 165 165 10376 10371
13604 2 251 1 1 88 79
37309 0 30216 5562 5562 16396 16396
38488 0 19873 22748 22748 31971 31970
21703 2 1136 4 3 165 96
37709 2 1136 3 2 120 53
29422 2 1136 4 3 129 61
34900 2 1136 2 1 228 158
4319 2 1136 14 14 2256 2184
35289 1 33808 6 6 13 12
7560 1 5488 6 5 15 11
40937 0 5488 19109 19109 37773 37770
13163 0 5488 988 988 1096 1094
3087 1 18847 4 3 4 4
27819 0 3087 8565 8565 38060 38045
29206 1 25712 3 2 3 3
4485 0 608 23 23 1510 1147
4485 1 4213 8 5 11 6
2562 0 608 362 362 9447 9074
20006 0 608 458 458 14797 14418
40838 0 608 2077 2077 26915 26520
40777 0 608 126 126 20751 20367
39245 0 608 890 890 22237 21850
40814 0 608 146 146 22219 21833
14223 0 608 304 304 10053 9679
1328 0 608 3 3 11218 10843
40785 0 608 485 485 24712 24319
40830 0 608 226 226 22381 21992
28595 0 608 1196 1196 31157 30758
7793 0 608 3585 3585 26120 25726
40884 0 608 298 298 22376 21988
30256 0 608 3 3 9360 8988
33590 0 608 46 46 3214 2846
40793 0 608 62 62 13733 13357
37242 0 608 600 600 24002 23610
9757 0 608 35 35 2763 2398
21406 0 608 1403 1403 32568 32168
40764 0 29777 675 675 30530 30528
13128 0 959 114 114 26313 26282
35052 0 959 9918 9918 36061 36029
14092 1 7130 4 3 9 7
40765 0 18 1180 1180 28795 28795
37609 0 25129 2208 2208 14686 14682
3268 1 10028 3 2 5 3
40766 0 35564 34037 34037 38262 38261
15729 1 12999 8 5 9 7
12999 1 15729 11 9 9 6
35258 4 25396 39 39 421 421
38187 1 29741 2 2 4 3
38187 0 2275 626 626 22482 22448
40767 0 15247 5104 5104 12643 12640
27131 1 17012 2 2 2 2
15936 0 23068 36 36 24 22
7803 1 13968 10 8 11 9
13968 1 7803 11 9 9 7
40572 0 32910 12841 12841 30191 30188
39830 0 32910 16 16 70 68
14004 0 25065 4 4 33 30
25065 0 4789 48 48 4338 4336
32733 0 248 5 5 62 53
10121 0 248 34 34 665 655
30194 0 7722 75 75 7764 7752
23606 0 4877 17 17 4989 4978
32247 0 4877 2 2 241 231
30622 0 2318 5 5 227 106
26982 0 2318 405 405 5478 5347
9320 0 2318 44 44 1508 1380
26224 0 2318 185 185 5192 5062
18713 0 2318 9 9 545 419
38875 0 2318 332 332 3544 3415
3443 1 12083 5 4 6 5
13887 0 3443 104 104 2810 2799
18271 0 3443 4 4 502 492
4423 0 24850 10 10 41 40
1038 4 13190 200 34 1 1
1038 4 40447 246 77 1 1
1038 4 33781 345 171 6 6
1038 4 31677 170 9 2 2
1038 4 7455 177 15 1 1
23751 4 8080 45 41 3 3
8080 4 23312 128 125 5 5
25625 5 2176 2 2 712 612
24036 5 2176 2 2 816 715
18415 5 2176 4 4 9043 8938
29637 0 28168 15 14 74 69
17924 0 7315 1450 1450 17942 17937
13300 0 11301 126 126 2758 2749
13300 6 14769 17660 17657 22488 22487
25115 0 11301 2438 2438 13071 13059
20438 0 11301 320 320 4289 4279
37862 0 11301 305 305 4670 4659
34851 4 31118 7 6 3 3
40242 0 24346 4489 4489 16486 16483
26644 1 4985 3 3 3 2
26644 1 16054 4 3 3 2
8110 0 12168 8 8 174 139
36165 0 12168 4071 4071 15300 15263
22455 6 27199 3109 3109 24592 24592
7288 1 36878 2 2 2 2
19322 5 7288 61 61 11996 11982
40768 0 1784 273 273 10305 10258
15769 0 1784 9 9 4298 4253
40438 0 1784 8 8 18012 17964
40839 0 1784 6 6 7131 7085
27441 0 25270 37397 37397 38648 38647
25270 0 6354 25778 25778 32685 32682
12380 1 20717 5 2 3 2
3729 0 20717 581 581 33952 33941
176 1 25906 9147 9146 22322 22319
25906 1 176 5884 5881 1184 1183
40769 0 10981 10488 10488 35058 35057
24894 0 7247 584 584 8685 8676
27000 0 7247 98 98 10405 10395
17047 0 13439 21408 21408 38346 38346
40770 0 3005 2198 2198 37087 37073
12076 1 3005 4 3 14 8
12740 4 40747 15243 15243 36941 36941
16545 1 14634 4 4 17 10
4313 1 3457 13 7 7 3
1482 0 13752 9811 9811 1981 1981
1482 1 35255 7 3 6 5
11251 1 13752 3 2 3 2
28721 1 22741 2 2 2 2
28721 0 15897 7 7 203 200
3761 0 8987 10389 10389 11548 11548
8987 3 23784 35573 35573 30984 30984
7280 1 26118 3 2 2 2
28912 1 26118 12 11 17 16
38386 0 1904 2 2 4 2
6607 1 11157 5 2 3 2
637 6 31616 1827 1783 174 174
637 6 39715 4308 4263 465 465
637 6 14054 272 233 89 89
637 6 39536 995 953 70 70
637 6 23571 436 396 70 70
637 6 40404 741 700 13 13
637 6 29851 1091 1048 124 124
5767 4 21704 165 147 2 2
3432 4 7926 317 315 16 16
3509 0 3407 3 3 8 5
13238 0 3407 53 53 179 175
26647 1 3407 4 3 8 3
24287 1 17938 3 2 7 5
36533 9 24287 6 6 32 31
17939 1 17938 2 2 6 5
9673 1 8487 6 3 7 4
7998 1 9673 5 2 4 2
8487 1 7998 5 3 5 2
3814 1 3548 6 3 3 3
23744 0 296 1192 1192 15728 15576
21505 0 296 46 46 1625 1476
7397 0 296 1 1 141 2
10506 0 296 47 47 849 701
38028 0 296 2 2 178 35
12013 0 296 7 7 442 297
15119 0 296 36 36 609 462
36945 0 296 150 150 6600 6450
36798 0 51 223 223 7843 7645
38369 0 51 58 58 2517 2321
40705 0 51 6591 6591 37833 37630
20387 0 51 5 5 204 11
40810 0 51 5782 5782 34656 34454
27837 0 51 5 5 355 160
5886 0 51 2 2 198 6
20051 1 20050 4 3 4 2
20861 1 5558 3 2 4 2
26868 0 6233 81 81 1577 1568
26868 1 5872 5 3 6 3
37434 0 917 5 5 146 144
25228 0 917 4459 4458 738 735
20402 0 16155 17101 17101 32972 32971
30004 0 2482 5 5 545 535
18986 0 2482 4 4 74 65
39024 0 29467 31089 31088 20504 20503
38724 0 29467 20954 20954 24251 24249
36561 5 129 7 7 8961 8916
1583 0 129 426 426 29823 29814
406 1 1287 5 3 12 5
23997 1 406 3 2 4 3
18173 1 1287 14 12 69 59
40882 0 1287 263 263 18616 18576
332 0 1287 74 74 2139 2101
18612 4 33576 79 58 6 6
18612 4 19325 68 48 1 1
12266 4 18612 17 10 2 2
5940 0 532 2 2 80 3
1521 0 532 2 2 76 2
40279 0 532 2 2 78 3
30426 0 532 2 2 79 3
15231 0 532 1 1 74 1
40771 0 10613 21907 21907 31447 31436
29184 1 22723 5 3 4 3
29184 1 30903 3 2 2 2
6386 0 26454 217 217 7345 7341
3277 1 37105 4 4 3 2
31630 0 33081 11747 11747 39538 39537
33081 0 3606 1275 1275 7757 7744
1354 1 1353 2 2 6 2
4940 6 40772 17485 17483 279 279
4385 0 4940 232 232 5388 5378
29446 0 4940 415 415 37381 37370
24366 1 7539 2 2 2 2
9683 6 40773 35641 35640 3763 3763
40773 0 2732 24681 24681 40210 40207
33864 0 13576 117 117 833 828
28351 1 685 2 2 5 5
35900 3 685 4 4 15 12
8053 1 32295 9 3 5 4
35212 0 8053 71 71 4597 4595
8643 0 1819 4 3 38 32
7117 1 8643 6 4 6 4
24594 5 1819 2 2 3298 3258
3210 5 1819 1 1 70 31
27467 0 31416 5695 5695 39177 39175
464 1 3675 3 3 13 7
3675 1 12232 16 10 5 4
3675 1 19310 9 4 4 3
4006 1 7203 8 5 4 3
1307 1 11050 7 6 31 22
10097 6 15251 5758 5758 2228 2228
21168 1 10097 4 3 6 4
23083 0 26718 32118 32118 34541 34541
21673 0 26120 18773 18773 39467 39466
26120 0 6426 12 12 176 168
24650 0 27939 11077 11077 35515 35511
38457 1 9568 2 2 3 2
27178 0 2497 35 35 10953 10853
31174 0 2497 30 30 3628 3532
19058 0 2497 2 2 412 320
23035 0 2497 19 19 1824 1730
5147 0 2497 172 172 10370 10271
5305 1 1 8 5 3 2
29442 1 5305 5 3 9 6
12784 4 1630 43 38 1 1
12784 4 5463 416 410 4 4
25315 1 20655 6 3 9 8
8198 0 20655 3843 3843 32328 32324
20655 1 5129 6 5 15 11
931 0 2275 15 15 5027 4994
11433 0 2275 20 20 3315 3283
14758 0 9787 27 27 15824 15805
36898 0 1686 7 7 66 59
40774 0 16369 28593 28593 39609 39604
17226 1 10110 3 3 4 3
27870 2 2023 5 5 1270 1219
18478 2 2023 4 4 1286 1234
11490 2 2023 6 6 2692 2638
20278 2 2023 13 13 2168 2115
16554 1 29212 4 2 4 3
29212 0 34093 14361 14361 6525 6525
36825 0 20796 477 477 627 622
5335 5 9988 915 915 9666 9663
29725 5 9988 9 9 1075 1073
1864 4 39744 183 104 9 9
1864 4 12986 248 167 3 3
1864 4 9221 185 105 1 1
1864 0 1703 1 1 33 2
12378 1 3604 10 9 9 5
9895 1 13428 8 4 2 2
15667 1 15666 2 2 4 2
2507 3 4435 11272 11271 6300 6300
6789 9 2507 5 5 14 13
16918 1 2507 4 2 5 2
20071 4 20803 101 96 2 2
20849 1 14778 5 3 2 2
13053 1 24622 3 3 8 4
40284 1 24622 2 2 5 2
19366 0 20234 3394 3394 32674 32672
26315 0 19366 2 2 18 11
35882 2 2524 1961 1960 2601 2557
33234 2 2524 8 7 143 101
40939 2 2524 21 21 8903 8858
8199 0 15331 526 526 2980 2978
19502 1 12706 3 2 3 3
11732 1 7659 16 15 22 17
29649 0 11732 1054 1054 26735 26727
7659 1 7279 9 4 5 2
12815 4 27688 263 240 7 7
12815 4 20570 254 232 10 10
26871 0 2084 495 495 503 503
4955 6 15531 3 2 4 1
8178 1 11153 2 2 2 2
2181 6 20785 1423 1406 229 229
2181 6 11583 1465 1447 274 274
23792 0 30977 33 33 951 946
4102 4 38587 162 152 11 11
40775 0 35896 30552 30552 38499 38498
6696 1 21296 4 2 5 3
21295 1 6696 2 2 4 2
8023 1 21296 4 3 3 2
3303 0 10707 2747 2747 17883 17857
17408 0 4099 6019 6019 25318 25317
23226 0 34449 10945 10945 39022 39021
4136 1 4135 5 2 3 3
39465 0 16668 2702 2702 12183 12179
16257 0 23562 31522 31522 37727 37721
4227 6 32367 31254 31251 282 282
40607 0 4227 5159 5159 34645 34642
16679 1 16678 2 2 5 4
1122 9 23212 3 2 2 2
23212 0 2918 2 2 730 653
7532 1 7531 11 7 5 4
29273 1 14570 3 3 8 5
5949 0 3779 3 3 2378 2325
8913 0 3779 13 13 4024 3969
23795 2 2580 1 1 50 15
9939 2 2580 1 1 87 48
20115 2 2580 1 1 105 64
36622 2 2580 1 1 68 30
15250 5 2644 1 1 22 6
4951 1 5069 4 3 8 5
7948 1 8993 4 2 2 2
3755 1 18943 4 2 4 3
18943 1 30961 3 2 5 4
17857 1 11523 4 3 5 3
6924 4 37669 137 123 2 2
6924 4 25551 271 256 7 7
30696 4 40310 414 414 1051 1051
5259 0 9217 3 3 422 414
28032 0 5259 990 990 7809 7801
20159 4 23395 5029 5028 226 226
17347 4 20159 2212 2208 8 8
3882 4 10151 134 134 283 283
8811 0 2340 95 95 25970 25968
32387 0 8811 748 748 4115 4112
35192 0 2340 207 207 39144 39141
19066 6 13595 25525 25519 4829 4829
2887 0 2938 4 4 24 21
2887 1 7436 4 2 7 5
15497 1 2938 2 2 3 2
25015 4 28828 2423 2423 10424 10424
21810 4 25015 159 150 7 7
3850 0 160 101 101 4234 4193
15553 0 160 5 5 291 254
17933 0 160 9 9 707 669
30234 0 2731 2 2 40 13
46 0 14274 200 200 918 913
14834 1 16497 5 3 5 2
14834 1 8390 6 3 10 6
14834 1 5110 4 3 13 5
40922 0 14834 7011 7011 37322 37317
11673 1 5110 6 5 15 6
29358 0 2687 2 2 42 6
8288 0 2687 1 1 35 1
33791 0 2687 1 1 34 1
33543 0 40596 12298 12297 5536 5536
172 4 7119 8939 8938 15696 15696
35331 5 172 2 2 929 578
28580 5 172 6 6 4917 4562
18603 5 172 21 21 12745 12386
36972 5 172 2 2 716 368
78 5 172 1 1 402 61
33614 5 172 1 1 373 34
35822 5 172 2 2 1110 758
39121 5 172 1 1 534 190
22074 5 172 17 17 7724 7368
20314 5 172 1 1 484 141
1118 5 172 2 2 2396 2043
21326 1 23555 7 3 4 2
2173 6 38083 17 6 2 1
2173 6 18659 428 416 22 22
33947 4 39713 744 744 12127 12127
18377 3 4166 5 4 5 2
34858 0 18783 10931 10931 40624 40623
3968 1 5813 3 2 8 3
11261 1 5813 2 2 9 3
5813 1 31835 10 3 4 3
36714 0 38851 34922 34921 30426 30426
30857 0 30511 4850 4850 23061 23060
1365 1 15439 11 10 8 6
39987 0 81 65 65 2026 1979
36104 0 81 2 2 50 4
5785 0 26217 83 83 296 292
19380 0 26217 3 3 9 6
6787 1 26217 8 5 5 4
16634 0 9747 3 3 28 12
36078 1 7833 2 2 8 8
32975 0 9558 7458 7458 3965 3965
32975 1 32002 2 2 3 3
22353 1 15922 4 2 3 3
1604 1 6991 9 7 9 5
2547 1 14925 3 3 5 3
14212 0 14737 4 4 23 11
4130 0 3621 5 5 21 14
24323 0 3621 4154 4154 35159 35151
3621 0 9758 284 284 2934 2915
10319 4 33522 238 222 15 15
27683 1 39142 2 2 2 2
16503 1 110 4 4 10 6
40776 0 5310 2726 2726 20306 20296
25496 0 5310 5 4 93 84
1913 6 25274 590 585 21 20
33711 5 19257 2 1 4 1
32197 1 22383 2 2 2 2
23062 1 12031 2 2 5 4
26578 0 239 733 733 16587 16326
19936 0 239 786 786 25370 25105
40929 0 239 125 125 18513 18251
24226 0 239 1239 1239 7365 7111
20767 0 239 1184 1184 11141 10882
19429 0 239 433 433 7580 7325
32842 0 239 2099 2099 26468 26202
34670 0 239 1119 1119 21303 21039
23758 0 239 2 2 258 19
13023 0 239 16 16 2924 2674
16182 0 239 13 13 1212 964
17401 0 239 22 22 5672 5420
34239 0 239 43 43 4808 4557
2069 1 15760 15 5 4 3
22182 1 3014 4 2 3 2
31096 1 15639 4 2 7 3
15639 1 29383 7 3 3 2
15639 1 207 10 5 7 5
13398 0 71 151 151 5521 5458
2736 4 13398 11926 11877 102 102
13398 4 7720 22 15 15 15
20939 0 2215 4 4 289 284
7946 1 1765 3 2 4 3
1947 0 1249 11 11 1345 1300
22728 1 16506 3 3 4 2
34810 9 22728 2 2 2 2
3254 0 2886 23 23 545 537
18890 4 37812 529 527 163 163
18890 4 28071 952 949 99 99
24803 4 28831 519 518 123 123
12939 1 23279 7 5 2 2
13702 1 12070 7 3 4 3
27600 0 7589 5 5 3234 3225
24117 1 1225 3 3 3 3
1110 0 20337 574 574 12652 12646
40926 0 20337 243 243 9183 9178
354 4 36395 71 68 2 2
24159 0 12803 9427 9427 15303 15303
26948 2 3620 47 47 7454 7429
37272 0 7800 2892 2892 31120 31109
23037 4 3762 92 90 17 17
33783 2 1326 40 40 6723 6586
22501 2 1326 1 1 776 640
31495 2 1326 1 1 285 152
19086 2 1326 3 3 509 374
38740 2 1326 2 2 407 273
38719 2 1326 368 368 40111 39973
36238 0 1326 238 238 7199 7183
18160 0 1200 733 733 1038 1038
23552 1 10327 4 2 4 2
40037 0 19153 7851 7851 36696 36694
33552 0 40037 2395 2394 1663 1663
7751 0 3712 411 411 40718 40709
7196 0 3712 111 111 9276 9269
28826 1 3712 5 4 15 7
26351 6 25426 878 878 8350 8350
17946 0 26351 112 112 9133 9129
10124 0 25426 1030 1030 4139 4135
6974 6 17672 98 97 3 3
19506 1 15393 3 2 3 2
32325 0 17590 32 32 7707 7699
40778 2 26169 22199 22199 29547 29547
36197 4 29170 2991 2991 15615 15615
1264 1 22448 6 3 3 2
40779 2 1646 123 123 18079 18038
40782 2 1646 139 139 34622 34579
40780 0 379 8785 8785 38540 38522
40828 0 379 7920 7920 29992 29975
14490 1 12757 3 3 5 2
34243 0 1244 3 3 346 64
12545 0 1244 9 9 352 69
28964 0 1244 3 3 524 239
4871 0 1244 2 2 282 5
17807 0 1244 5 5 308 27
14487 0 1244 2 2 283 5
40781 0 4921 3811 3811 21156 21153
9372 1 1508 3 2 4 3
2261 4 19476 44 28 1 1
2261 4 18565 40 25 1 1
5771 4 39949 74 66 7 7
13951 1 3521 8 4 7 3
18299 1 274 7 6 12 5
15954 1 34113 5 2 3 3
17141 0 21055 1 1 4 1
13878 1 26428 5 2 3 2
35918 0 391 40 40 1958 1955
39002 1 39001 2 2 2 2
4532 1 26446 16 16 2 2
11891 5 16320 34 34 26651 26637
13955 1 11289 2 2 7 4
1592 1 17240 12 7 4 4
15523 0 2604 71 71 1287 1251
36776 0 2604 2391 2391 39243 39200
40872 0 2604 2032 2032 31849 31807
6989 0 2604 368 368 4779 4742
38136 0 2604 1125 1125 5679 5641
31426 1 2604 7 6 15 7
12623 1 6107 18 18 15 12
22297 1 8322 5 3 4 3
21592 1 22297 3 2 4 2
4547 1 21674 13 5 7 4
32040 1 4547 4 3 11 3
7982 1 20572 2 2 5 2
7983 3 7982 3 2 4 3
31376 2 743 4 4 679 575
32748 2 743 3 3 1234 1128
36118 2 743 3 3 1138 1033
743 6 9450 6 5 25 25
39780 0 2807 5 5 2850 2847
4722 0 2807 21 21 3774 3770
35415 0 2807 2030 2030 29467 29462
15011 0 1542 1526 1526 19416 19396
10421 1 10420 10 7 5 4
26009 0 265 8 8 346 90
9536 0 265 5 5 411 154
15205 0 265 3 3 262 10
36270 0 265 2 2 314 60
39375 0 265 3 3 770 509
12974 0 265 10 10 421 163
25076 0 265 11 11 643 384
19351 0 265 4 4 270 17
11480 2 1534 3 2 23 16
40783 0 4407 27430 27430 37870 37870
4407 1 39995 11 4 3 3
8464 1 8424 7 3 4 2
23763 1 3300 3 3 16 10
24479 1 23586 6 3 3 2
28656 0 21 4 4 80 13
38617 0 21 2 2 69 3
39259 0 21 2522 2522 9121 9052
6493 0 3567 4799 4799 20217 20215
21912 0 22347 213 213 1308 1307
24178 1 9908 10 5 5 5
22121 0 351 3 3 151 27
25316 1 746 4 2 3 2
3063 1 4791 84 79 53 50
11495 0 4791 24 24 16562 16548
36889 0 883 5 5 380 161
22017 0 883 5 5 277 61
39078 0 883 47 47 4533 4310
7495 0 883 13 13 310 92
7498 0 883 6 6 239 25
36527 0 883 2 2 228 15
31583 0 883 13 13 1712 1490
40784 0 14144 3760 3760 30041 30023
3408 6 8243 69 1 2 1
3408 6 8940 1147 1071 14 14
3408 8 38801 34903 34837 30 30
3408 8 28506 312 247 10 9
10233 4 38705 1210 1196 17 17
36048 6 18704 7986 7986 15701 15701
1046 7 36048 6575 6458 1 1
1962 1 1961 9 4 6 3
11585 3 21329 214 211 95 94
32391 1 11972 2 2 2 2
31739 4 18679 209 207 24 24
26785 1 7703 2 2 8 3
20520 1 6788 4 2 3 2
11565 1 37185 10 3 3 3
11565 1 12441 11 3 3 3
29689 1 11565 2 2 10 2
19922 0 8858 37 37 331 320
15795 6 39521 11030 11030 22985 22985
840 8 19493 33 21 4 2
840 8 36647 141 128 2 2
840 6 30428 7840 7827 285 285
26662 0 7523 4717 4717 31166 31163
26756 0 9311 127 127 12358 12347
12636 1 24788 10 6 3 3
20784 1 387 25426 25425 21617 21617
387 1 20784 25925 25925 33057 33056
12153 3 19756 74 73 5 5
13239 0 284 19 19 1136 911
34758 0 284 4 4 276 53
35142 0 284 1 1 217 3
33324 0 284 2 2 223 5
24884 0 284 2 2 293 69
39131 0 284 2 2 257 35
26984 1 38840 4 2 2 2
9435 1 13227 7 4 10 4
5449 0 9435 34 34 27 26
31592 1 13227 7 7 37 29
23798 1 23297 557 554 757 756
21935 1 23297 5 4 3 3
4425 0 9880 6 6 13 4
17011 3 17169 12 10 15 11
7442 1 23836 6 4 7 5
7442 0 12505 160 160 959 951
23836 1 3274 5 3 4 2
17432 1 30826 3 3 2 2
11988 4 31236 23662 23661 141 141
31236 4 34496 8 7 3 3
1444 0 9048 6 6 2000 1984
5768 0 1444 8722 8722 33234 33198
39440 0 1444 110 110 2214 2179
20898 0 9048 28 28 26017 25998
2408 0 9048 20 20 1926 1911
33742 0 9048 2018 2018 33276 33255
38351 0 9048 1058 1058 27785 27765
6375 1 8324 3 2 2 2
37317 0 6230 11221 11221 37350 37349
10713 4 2207 7931 7926 43 43
40786 0 1672 3137 3137 26221 26185
40892 0 1672 1571 1571 14446 14411
28472 5 10737 28 28 7481 7478
10737 6 27038 367 363 2 2
21537 0 1027 2 2 162 12
35194 0 1027 4 4 598 445
39579 4 25695 387 387 61 61
12699 0 2137 2 2 13 2
27906 0 19986 9908 9908 27650 27647
19986 1 16852 14 12 5 3
30297 1 3771 5 4 4 2
39950 0 2362 2 2 12 10
16469 0 178 129 128 5751 5738
34721 0 178 94 93 5526 5514
9225 0 178 15 15 2273 2262
31063 0 2110 22 22 4032 3840
38241 0 2110 201 201 6844 6651
31237 0 2110 19 19 2522 2332
5590 0 2110 5 5 306 118
7272 1 33016 2 2 3 2
17837 0 7272 462 462 2333 2332
36109 1 33016 2 2 4 2
33016 1 33015 4 2 2 2
39272 0 12035 2 2 64 55
11022 6 27914 634 627 19 19
40787 0 5243 23526 23526 38554 38549
3741 1 18271 2 2 2 2
40788 2 593 87 87 22613 22586
27944 2 593 312 311 4128 4103
9102 2 593 14 12 73 49
40548 0 16045 14635 14634 2942 2941
758 1 10360 11 9 9 4
10360 1 10359 18 13 3 3
3223 0 3161 7 7 2122 2086
5881 1 18355 10 9 2 2
38969 0 16196 261 261 246 246
29347 0 1461 907 907 9355 9342
1650 1 16394 13566 13558 1205 1205
1650 1 16302 8 3 3 3
40174 1 1650 3033 3033 13115 13108
9952 1 37466 15 8 4 4
2245 0 2918 27 27 477 401
2245 1 2244 5 3 3 2
14233 0 2918 456 456 10312 10232
1079 0 2918 138 138 4601 4523
32727 1 24872 3 2 3 2
39701 0 5987 32858 32858 25190 25190
15176 1 18854 10 4 7 5
18854 0 7016 257 257 3083 3081
24327 0 3027 1309 1309 26974 26920
14366 0 24327 14115 14115 39395 39395
23190 1 13002 4 3 18 14
5729 1 20226 2 2 3 2
20226 0 13887 201 201 5187 5182
8274 1 8999 7 5 10 5
18181 1 8274 6 4 7 5
9428 1 8999 3 2 6 2
8511 1 31347 3 2 2 2
21811 0 278 2 2 201 23
33666 0 278 4 4 182 5
21874 0 278 2 2 172 2
29143 0 278 2 2 176 2
18106 0 278 2 2 173 2
39291 0 278 22 22 423 242
37756 0 278 2 2 231 51
511 0 15897 737 737 153 151
15736 0 1677 41 41 6436 6379
829 0 1677 8 8 574 519
27621 0 1677 797 797 25657 25599
29445 1 1550 7 6 9 6
18936 4 39578 34 33 5 5
34932 2 14540 9 8 11 7
647 1 6311 13 6 4 4
33210 6 17250 22298 22298 29652 29651
9637 5 1981 3 3 247 195
21619 5 1981 2 2 1276 1222
11643 3 3908 3343 3342 173 173
30998 1 7774 4 3 4 3
30998 1 2447 2 2 3 2
16669 2 916 2 1 140 1
8577 2 916 2 1 543 398
18018 2 916 3 2 743 597
35944 2 916 2 1 180 39
9258 2 916 2 1 244 101
34189 2 916 2 1 338 194
21737 0 2589 74 74 30170 30153
40303 0 2589 335 335 36135 36117
3167 1 6502 6 2 8 5
17014 2 3167 5 4 189 168
7204 1 3167 10 8 16 11
32383 0 427 1 1 70 1
13521 0 427 2 2 202 132
11437 0 427 79 79 476 405
16023 0 4958 5 5 8 6
5777 4 4318 15 4 2 1
5144 4 4318 9 6 5 3
4318 6 27523 1244 1240 875 875
19086 6 12484 4 1 4 1
12201 4 22304 352 346 37 37
10786 1 14577 5 3 7 5
20175 0 7143 4 4 19 13
1205 1 23424 4 2 4 3
35226 0 37189 737 735 539 537
19169 1 25362 3 2 3 2
14940 1 12227 4 3 5 3
12227 1 13800 4 3 4 2
2813 0 3170 1290 1290 3242 3242
3170 1 3169 8 5 5 5
35238 1 8601 2 2 5 3
36661 1 39486 3 2 2 2
17745 5 774 160 160 16970 16831
17745 2 1137 198 198 12381 12274
37417 5 774 1 1 134 2
29963 5 774 1 1 137 2
40735 5 774 338 338 33678 33538
23613 4 28865 54 50 2 2
24660 4 23613 3429 3426 138 138
6782 5 5167 10264 10264 40673 40653
34227 5 5167 1052 1052 18256 18237
5167 6 27267 8876 8875 2094 2094
40789 0 25921 4758 4758 31922 31922
18492 6 36549 4 3 2 2
864 1 14562 7 3 4 3
32699 0 14562 467 467 17335 17325
4521 1 25708 17 13 10 9
10559 1 10558 2 2 2 2
3083 0 26431 935 935 8161 8156
5974 0 9758 876 876 11147 11125
4522 0 9758 11 11 1575 1557
12683 0 9758 283 283 6978 6957
19 0 29519 35 35 33 31
38094 4 40790 33483 33483 24420 24420
36200 0 5055 17771 17770 31227 31227
204 1 3048 9 4 2 2
32488 1 204 6 5 9 4
40791 0 11084 4817 4817 32100 32082
33754 1 5275 2 2 3 2
32 4 32392 201 184 6 6
32 4 24489 51 36 2 2
12319 4 14836 70 65 5 5
27811 2 10916 13 12 62 57
30475 0 10916 3045 3045 4779 4779
15792 0 3763 5 5 1194 1189
8019 1 30805 8 4 4 3
2949 1 8019 7 4 7 3
30805 1 16646 9 7 6 3
35060 0 5892 3 3 444 436
11125 4 10606 3 3 10 10
25276 1 3926 4 3 8 3
13830 1 6490 17 11 11 11
13830 1 7308 9 4 8 7
6490 1 13830 4 4 14 8
1366 0 29 5 4 12 5
29 1 11186 4 2 4 3
6226 1 29 2 2 6 4
19987 4 11397 304 302 27 27
4506 1 9454 21 18 20 18
6037 0 39187 709 709 1899 1897
39187 0 11100 114 114 38038 38020
2381 2 12273 1 1 61 14
7324 2 12273 1 1 91 42
6513 0 650 119 119 544 503
37308 0 650 81 81 5021 4979
40792 0 9525 15179 15179 39981 39977
30839 1 10851 3 3 2 2
21181 5 232 21 20 229 220
11205 5 232 75 75 14767 14757
24984 0 232 297 297 2749 2743
38752 0 728 1701 1701 25780 25773
8716 6 31315 20 20 7 7
24013 1 23715 6 4 8 5
36734 5 985 3 3 488 422
7458 5 985 2 2 83 19
12641 0 39 3 3 227 24
7396 0 39 2 2 272 66
21862 0 39 2 2 215 14
21561 0 39 1 1 196 1
13466 0 39 3 3 465 256
17532 0 39 2 2 210 10
18621 0 39 22 22 1772 1561
1398 0 19101 1167 1167 10306 10304
13758 1 29291 5 4 5 2
4555 0 1115 350 350 13356 13347
39750 6 18050 679 679 16842 16841
11789 1 24319 4 4 3 2
24319 1 11789 3 2 3 3
7072 1 9237 11 5 4 3
13503 1 7072 4 3 13 7
25660 5 4520 3 3 223 219
38151 0 7155 735 735 3664 3659
4453 6 7580 17547 17541 340 340
7580 0 34614 136 136 889 888
26183 0 11186 623 623 21617 21614
35764 0 14617 2692 2692 1700 1699
4608 0 3699 360 360 10749 10729
40827 0 3699 6257 6257 38931 38910
8852 0 7403 1071 1071 16341 16336
8176 1 8852 5 3 3 2
193 6 27058 750 696 18 18
193 6 11869 69 17 2 2
193 6 18878 81 28 2 2
19842 4 22836 142 137 7 7
21930 1 21045 2 2 3 2
21930 0 12252 742 742 15539 15532
5745 1 14074 4 3 3 2
26613 1 9037 5 4 5 3
9037 0 3099 278 278 1122 1121
7396 4 28775 719 704 25 25
24578 3 23111 367 364 9 9
21061 1 25626 2 2 2 2
24011 0 12474 31494 31494 37484 37482
13829 1 16710 5 3 3 3
4185 1 13829 3 2 6 4
13829 3 25284 6 4 5 3
12211 0 6042 90 90 16671 16660
13978 1 2276 2 2 5 2
39294 4 26572 35597 35597 5618 5618
33294 0 3229 2 2 12 3
8108 0 3229 2053 2053 21547 21537
3229 1 22044 8 5 4 2
6633 7 40129 19438 19427 5 5
6633 7 12050 2824 2814 2 2
16200 0 1852 1155 1155 21274 21223
16201 1 16200 5 2 6 4
19710 6 10760 5 4 13 8
32734 1 3419 3 3 4 2
4779 1 14955 4 3 3 2
3716 1 1998 2 2 9 5
40577 0 3716 7324 7324 39507 39493
31620 0 3716 278 278 8211 8199
28941 0 3716 15256 15256 36438 36425
17519 0 3716 1351 1351 3572 3561
9620 0 3716 15 15 72 62
2915 1 12159 31 17 10 6
522 1 21041 7 4 6 4
522 1 13953 6 4 11 5
522 0 16646 11124 11124 39605 39605
32701 0 522 5 5 43 31
31153 0 36722 4244 4244 12622 12620
36722 0 1474 2241 2241 40184 40169
7592 1 9560 6 3 2 2
2035 1 8589 6 2 4 2
25494 1 8589 2 2 6 3
4666 1 4665 5 2 3 2
4665 0 6717 76 76 788 786
6144 1 19664 2 2 4 2
28456 2 1773 2 2 106 68
28456 6 22320 912 910 411 411
5443 2 1773 1 1 107 68
18213 1 18982 3 2 4 3
18716 0 37537 780 780 36004 36002
6882 9 10563 3 3 2 2
40794 0 32275 7900 7900 37792 37791
19296 1 6611 5 4 3 2
16065 0 36140 44 44 1101 1098
40829 0 16065 37150 37150 28453 28452
32071 1 23898 6 5 3 2
37285 0 184 1 1 293 6
39009 0 184 7 7 1032 732
3395 0 184 1 1 295 6
32164 0 184 2 2 311 14
34310 0 184 2 2 312 14
39279 0 184 27 27 1225 924
11281 0 184 1 1 287 2
30773 0 184 2 2 302 8
15734 0 184 2 2 297 7
5209 0 184 83 83 4862 4559
16507 0 184 2 2 304 9
40030 0 184 2 2 301 8
1190 6 31657 28 16 2 2
1190 6 39319 69 56 8 8
17492 1 20700 3 2 3 3
16074 0 18268 2 2 7 2
21289 0 18268 3 3 8 2
14746 1 23603 49 48 133 131
7078 6 36019 76 76 41 41
7486 0 7078 167 167 141 133
4225 1 13633 9 4 10 7
4225 1 11780 7 3 9 7
754 1 2375 8 5 9 8
1823 7 36030 289 288 88 87
6054 0 4123 9 9 835 801
6054 3 1296 10619 10617 6018 6017
3215 0 7911 8 8 28 25
6678 1 7911 5 4 16 14
16802 1 8850 14 10 8 6
1076 1 1075 10 3 4 3
1076 1 27277 12 4 5 5
18470 1 18469 2 2 2 2
7673 1 10866 3 2 4 4
7673 1 8629 6 4 4 3
8644 1 14101 4 2 3 3
493 0 1629 254 254 13674 13662
2736 4 26470 141 93 2 2
2736 4 34726 60 16 1 1
2736 4 35146 94 47 18 18
2736 4 33515 75 29 2 2
35179 0 19119 1012 1012 11901 11900
13379 4 19119 154 151 39 39
28508 2 3843 5 3 31 3
40099 2 3843 175 174 2060 2031
9537 1 3843 7 7 9 5
25746 0 11870 30904 30904 29530 29530
26637 6 24424 803 803 857 857
15305 5 2978 2 2 847 778
10135 5 2978 3 3 749 681
14631 0 3275 102 102 570 564
1043 1 14631 12 9 27 21
39736 1 21554 2 2 4 3
39736 0 4427 14 14 6044 6022
8260 0 7895 5 5 66 62
16624 0 8260 11870 11870 32718 32716
36792 1 37816 2 2 2 2
40796 2 3317 3 3 725 692
11856 1 2643 2 2 7 5
8104 1 4274 8 4 3 3
8104 1 12438 5 2 3 3
9749 1 13574 5 3 4 3
40797 0 19420 9244 9244 33475 33473
24056 0 9777 8724 8724 26844 26843
12866 6 7036 402 402 700 700
19409 4 36350 20926 20926 524 524
28857 0 706 71 71 1292 1279
19163 0 18538 1721 1721 15091 15088
16614 1 25570 5 2 2 2
16614 1 8351 4 2 3 3
24052 1 24051 2 2 2 2
29706 4 499 8 8 6 6
34810 0 17502 26580 26580 12423 12423
40798 0 38876 38162 38162 37829 37829
26283 6 40443 10435 10435 17655 17655
32794 0 18895 11 11 127 119
3034 2 1137 1 1 108 4
19442 2 1137 1 1 102 3
26122 4 31544 73 67 2 2
17880 1 20417 4 3 3 2
3499 1 20417 4 3 2 2
20434 0 21190 10815 10815 7840 7839
13327 6 22210 2 2 2 2
40799 0 5636 32126 32126 28344 28344
14768 6 24252 3 2 3 1
9578 0 473 1976 1976 10251 10248
20196 1 21248 3 2 4 3
21248 9 11908 9 8 11 11
6765 1 27335 4 2 3 2
37410 0 27335 8640 8640 35488 35487
12725 1 21889 15 15 3 2
19754 0 4059 3 3 29 26
9461 4 12081 2 1 2 1
8574 0 5381 62 62 2195 2184
8574 1 8573 5 3 4 3
29585 1 8574 3 2 5 3
13699 0 5381 1561 1561 12476 12464
36608 0 123 3445 3445 30721 30712
24094 0 123 1902 1902 25055 25047
516 0 292 2 2 243 5
31393 0 292 3 3 264 21
14242 0 292 9 9 300 52
33413 0 292 38 38 2794 2542
15177 0 292 2 2 260 18
39499 0 292 2 2 237 2
13524 0 292 2 2 355 106
31996 0 292 3 3 298 51
26845 0 292 2 2 240 3
14814 0 292 2 2 236 2
13283 1 2720 4 2 6 4
2720 1 5598 16 14 29 25
34387 1 26855 4 4 3 2
26856 1 26855 2 2 2 2
37173 4 10091 1247 1247 14202 14202
19951 0 20010 3936 3935 17023 17016
40800 0 28344 14564 14564 35131 35130
24652 0 26678 2570 2570 8914 8910
27632 0 31556 2 2 50 48
8336 6 2824 2514 2514 1304 1304
14255 1 19144 3 2 4 2
20014 0 14262 660 660 35643 35638
40801 0 16573 22286 22286 34243 34239
2360 1 4933 3 2 6 2
40802 0 39415 12072 12072 28339 28339
30541 0 22903 4201 4201 15528 15527
20618 1 9942 5 3 8 5
38150 0 712 239 239 26943 26938
25109 0 7757 254 254 363 361
40803 0 5646 13955 13955 36313 36309
1003 1 5646 6 4 8 4
35081 1 28378 2 2 2 2
11590 1 29649 4 2 2 2
39026 0 29817 514 514 14222 14220
13903 6 32368 7992 7988 325 325
30745 1 37402 6 5 2 2
10159 1 38458 8 5 3 3
27696 1 6690 2 2 11 2
28744 1 6690 2 2 9 2
20852 1 6690 4 4 10 2
40885 0 6690 7926 7926 37628 37620
16732 0 10532 1154 1154 17287 17282
6916 0 19429 20892 20892 26080 26080
10276 1 9887 7 3 6 3
4800 1 9900 4 2 5 3
19570 1 4800 4 3 5 3
17182 1 2190 2 2 2 2
4461 0 19310 10674 10674 35734 35726
1046 7 18091 8045 7927 1 1
1046 7 18788 27819 27698 2 2
1046 7 39181 17689 17569 1 1
37226 0 11964 290 290 11496 11494
11632 9 24469 10 9 4 4
40699 0 12729 2166 2166 17859 17844
14428 0 772 1037 1037 7218 7209
19055 0 772 319 319 8713 8703
40710 0 31312 4431 4431 28744 28742
11686 1 5336 9 4 7 3
30852 1 3198 3 3 5 3
29243 0 26808 28110 28110 27878 27878
21449 0 12858 4 4 35 31
12857 1 21449 12 8 5 4
3233 1 4145 6 4 8 6
19055 1 19054 2 2 2 2
8310 6 12531 15 6 3 1
7557 1 7633 6 4 9 8
17844 0 7120 5214 5214 32903 32900
1269 1 11040 4 3 9 5
11040 1 14848 15 11 4 2
26676 0 8201 312 312 32242 32228
28241 1 7436 3 3 3 2
18458 9 31641 8 8 4 3
31641 3 37842 3 2 2 2
25873 0 2795 24776 24776 32245 32244
17430 1 14006 4 3 6 3
13991 0 6823 117 117 8858 8852
19570 1 23428 7 5 4 2
8288 4 37118 183 181 12 12
40805 0 33924 7776 7776 38494 38493
25230 0 6253 156 156 1316 1311
15292 3 10198 29 29 17 15
39489 0 11666 9077 9077 28571 28553
39489 1 15557 2 2 4 2
37831 2 11666 26045 26045 4789 4789
15516 1 12820 4 2 5 4
34071 1 12820 5 3 6 4
4175 4 8602 6 1 1 1
24042 1 5537 2 2 2 2
19211 0 4744 4219 4219 12447 12444
31371 0 7474 1090 1090 39256 39248
27812 0 7474 1677 1677 11731 11724
28947 4 15200 2473 2473 7496 7496
18660 6 21000 40398 40398 32468 32468
15472 0 25385 17767 17767 39113 39109
12507 0 13404 2341 2341 32762 32757
26342 1 17895 5 3 5 3
2152 1 8496 2 2 5 2
39760 0 574 9 9 818 775
40877 0 574 305 305 7580 7536
35412 5 11510 8 8 2191 2172
2085 6 10383 9 3 2 2
14202 1 14201 3 3 6 2
1043 1 20085 5 3 4 3
40806 0 6850 779 779 20220 20195
40503 0 9914 8929 8929 29431 29429
14770 1 14307 6 5 6 4
32716 1 17183 2 2 3 2
35390 1 3256 2 2 3 2
4482 4 9719 308 304 16 16
20428 0 3527 7872 7872 30321 30304
3527 6 20663 5676 5676 121 121
30409 2 35441 961 961 796 796
11083 1 5302 2 2 3 2
23196 1 10129 2 2 6 3
1066 1 29752 5 3 2 2
40807 0 3538 667 667 20611 20598
22793 0 3538 3 3 47 35
6768 6 24640 15301 15298 10670 10668
6768 6 10205 25267 25263 6101 6101
2869 1 15125 5 3 4 2
29302 0 15125 2555 2555 9482 9480
9588 0 1406 639 639 21821 21810
18159 0 17493 607 607 4841 4835
21497 1 33875 7 5 2 2
20938 1 22485 4 3 5 3
13056 6 39139 2985 2983 96 96
23942 0 26928 134 134 1264 1262
28004 0 6478 1812 1812 1389 1387
4747 0 22951 2 2 8 4
20860 5 2566 274 274 37568 37551
7590 5 2566 39 39 11711 11695
20768 0 17402 171 171 1644 1642
35193 1 20768 2 2 3 2
8572 0 5856 9 9 259 234
17370 0 5856 89 89 5431 5403
31972 0 5856 13 13 4973 4946
17380 1 15779 4 3 3 2
27964 0 16186 434 434 16633 16627
15981 0 1328 9 9 41 28
26071 1 9303 4 3 8 5
9303 9 21981 6 6 3 3
38768 0 29318 942 942 13327 13323
36229 0 18254 798 798 21933 21916
1019 4 596 49 26 2 2
1019 4 8780 44 22 1 1
23239 1 15927 6 3 4 3
30477 1 23239 3 2 7 4
21996 6 20017 7064 7061 7570 7570
21996 6 11995 5529 5527 1588 1588
25766 0 22616 4056 4056 20075 20072
9455 0 23399 1164 1164 9058 9052
23000 6 39446 10688 10688 11583 11583
122 1 7516 11 5 9 4
11412 1 19152 4 3 3 3
8803 1 27429 4 3 3 3
15261 0 14295 2729 2729 26893 26892
25268 4 21905 13 11 2 2
15504 1 8591 26 22 6 3
8591 1 16989 6 3 3 3
15601 10 15600 7 7 31 31
31927 1 15601 2 2 4 3
34363 5 8522 7896 7896 32323 32323
33641 0 19894 30534 30534 14463 14462
33826 1 19127 2 2 3 2
39523 0 2723 389 389 16994 16957
39523 1 21345 2 2 4 3
7540 0 2723 39 39 6576 6541
4541 0 2723 83 83 33205 33167
28671 0 7444 22 21 71 68
40808 0 40809 16121 16121 32082 32082
26933 0 1475 1409 1409 30884 30864
35848 0 18654 53 53 1366 1361
19162 0 18654 5 5 27 23
29185 6 40731 34910 34909 25686 25686
3467 1 3466 3 2 4 3
15345 5 4450 5546 5546 37498 37492
7117 1 7049 4 3 4 2
32624 6 26608 1433 1432 1142 1142
2269 1 2268 5 3 6 4
30613 0 6961 45 45 167 165
2956 4 29945 56 52 13 13
40706 0 10059 7910 7910 31857 31854
3866 4 38485 281 273 26 26
3866 4 24189 10 3 1 1
9119 0 21826 24187 24187 30822 30822
18389 3 999 7 5 8 6
999 3 18389 9 7 7 5
35808 1 32154 36636 36636 20072 20072
37756 4 40810 34861 34861 27453 27453
20583 1 27612 3 3 2 2
1020 0 3141 2 2 51 2
28305 0 3141 2 2 87 37
6564 0 11337 2826 2826 336 335
23511 0 15656 2 2 455 429
5394 1 2601 2 2 3 2
19679 0 5394 5 5 38 31
2004 1 24164 8 3 2 2
2004 0 30642 7297 7297 11475 11474
25774 1 12289 5 2 11 5
24676 0 24224 1271 1271 882 881
23848 1 8714 4 3 8 4
17814 4 3175 15175 15174 1338 1338
17465 1 17464 3 2 2 2
22570 1 22569 2 2 3 2
6630 0 4722 104 104 2872 2864
1142 0 4722 487 487 8012 8003
23700 1 24343 3 2 2 2
9573 6 3123 227 227 1454 1431
15354 6 3123 11 11 1041 1019
14853 6 3123 6 5 101 80
6067 1 28605 2 2 2 2
8474 4 17327 18238 18238 3226 3226
30941 1 3753 4 2 7 4
30941 1 33174 3 2 5 4
11546 0 4442 63 63 8705 8671
6865 4 2298 307 303 11 11
1021 1 207 9 6 10 7
2872 0 17555 1076 1075 40879 40872
268 0 17555 724 724 38588 38582
40811 0 2664 3101 3101 28491 28475
40871 0 2664 6028 6028 31020 31003
2664 0 2624 29 29 87 80
35435 0 12605 184 184 764 761
29862 1 29861 3 3 3 2
31789 0 494 1498 1498 28630 28618
22923 0 28916 3312 3312 10211 10210
27985 1 27484 3 3 3 2
29410 0 16944 4452 4452 29661 29657
11888 0 36918 196 196 7867 7865
37558 2 741 1 1 329 283
28640 2 741 1 1 48 5
9021 2 741 1 1 44 2
22157 3 1791 4 3 5 3
22158 3 1791 4 2 3 2
8471 1 6302 3 2 3 3
32069 0 19823 7815 7815 23329 23327
38790 0 13 393 393 22155 22141
19437 1 22294 3 2 3 2
25022 1 32013 2 2 5 4
39553 0 4628 305 305 182 173
40833 0 4628 15653 15653 33251 33241
11144 1 2617 2 2 4 3
38399 1 1022 2 2 9 5
10536 1 36694 8 8 6 6
40178 1 1578 6232 6232 29088 29086
40864 0 1578 25156 25156 39917 39911
22410 1 37961 4 2 2 2
15647 4 32971 9485 9485 25710 25710
1708 0 8438 95 95 38911 38910
6124 1 5907 4 2 3 3
8270 1 6124 13 5 5 3
5826 1 10722 4 3 6 4
21697 0 2070 16032 16032 20365 20365
6530 1 22543 4 2 3 2
5932 1 21935 8 4 3 2
28875 3 5192 6 5 6 5
28676 3 28875 14 11 5 4
5178 1 14819 12 6 7 6
21092 0 5178 364 364 29097 29066
16318 0 5178 668 668 10756 10728
40918 0 5178 721 721 26986 26956
31349 1 5178 6 6 9 3
27341 1 31627 5 3 2 2
912 0 7047 22 22 14100 14087
739 0 912 150 150 1385 1374
24031 0 7047 69 69 18507 18493
30204 1 7047 32 28 199 197
40812 0 17281 11277 11277 30806 30806
9906 1 36905 6 2 3 3
6743 0 8355 476 476 9395 9373
1538 0 8355 317 317 21735 21712
35277 1 27784 2 2 2 2
5869 1 26782 9 4 2 2
40813 0 19386 10606 10606 33419 33417
38378 1 22534 2 2 7 3
31576 0 30844 31406 31406 11453 11453
10205 1 10204 10 8 6 5
11177 1 37094 6 2 2 2
7045 1 2382 2 2 8 4
21977 5 16419 68 68 9737 9730
3364 1 3363 4 3 4 2
3528 0 10834 2309 2309 10698 10695
17960 4 24312 39 35 3 3
27223 1 20426 2 2 4 3
24636 1 6535 5 4 3 2
23949 5 212 1 1 75 47
27657 5 828 5 4 140 126
1410 1 24564 1975 1975 5151 5150
3066 0 8076 762 762 9466 9458
18215 1 1414 7 6 22 11
10895 1 13973 9 4 2 2
3239 4 39144 152 101 7 7
3239 4 27881 115 65 6 6
3239 4 36428 108 59 4 4
18904 3 17353 5 4 4 3
7935 1 2201 5 2 7 5
17190 1 757 5 3 2 2
1415 1 32170 10 6 2 2
23786 1 2902 2 2 13 5
2029 1 18094 6 2 2 2
553 1 13871 4 2 5 3
24179 1 10508 5 4 3 2
25575 1 10508 2 2 2 2
27360 6 36837 25 25 228 228
31841 0 19545 16421 16421 39524 39523
33840 0 1754 3464 3464 30135 30123
40875 2 1754 113 113 20508 20502
38079 2 1754 132 131 1016 1011
40815 0 39071 15311 15311 37208 37206
29342 0 8978 689 689 16440 16424
6890 0 36281 2285 2285 10943 10943
8040 1 21358 16 12 4 3
10520 0 24854 23707 23707 32410 32410
28943 1 243 13 12 7 7
20030 0 13734 6670 6670 36379 36377
4563 0 12505 12 12 16 10
37725 0 23377 2 2 7 2
26865 1 19204 5 3 5 2
20288 6 29915 3 1 3 2
24515 2 20288 3 3 2733 2728
18855 0 2060 3 3 25 12
26308 5 18855 7 7 8706 8693
24430 0 2060 882 882 14076 14062
11475 1 13563 1877 1874 775 771
13563 1 11475 4730 4726 3349 3346
14231 0 7944 1009 1009 22018 22017
36007 6 17148 12385 12385 21125 21125
13350 0 29456 13 13 3 3
36696 5 9528 2 1 9 1
19256 5 9528 4 3 39 30
30889 0 33367 5643 5642 704 704
26734 0 2288 305 305 389 387
16979 4 35069 2088 2088 10161 10161
23628 0 2614 131 131 618 614
39567 0 4694 79 79 11035 11021
6695 0 32813 37058 37058 29901 29901
15469 0 6418 22 22 1161 1137
34418 1 25064 3 2 4 3
8727 1 8726 4 2 3 3
14189 1 23592 6 2 3 3
35545 1 14189 3 3 6 2
10877 1 11728 7 3 9 4
32814 0 4976 440 440 671 668
4165 3 25845 31 28 4 4
20625 1 7778 3 2 3 2
30076 0 10715 338 338 7789 7786
40816 0 14697 8692 8692 23771 23771
14697 1 31992 8 4 2 2
19191 1 27971 2 2 3 2
13842 0 11910 9663 9663 26055 26054
5985 6 10735 10 3 20 13
12732 3 28417 12 11 17 16
12732 1 26677 4 3 2 2
6204 1 6203 2 2 2 2
40817 0 19840 1322 1322 28988 28986
3387 0 19840 5371 5371 40735 40732
6550 1 2423 4 3 13 5
2423 1 24830 12 4 5 2
2924 4 30666 155 82 2 2
2924 4 2659 135 63 1 1
2924 4 29020 190 116 3 3
2924 4 36766 196 121 4 4
1379 1 25548 5 3 3 2
6265 1 1379 5 3 5 3
18135 3 294 32449 32446 14645 14645
2209 1 24141 7 3 3 2
15500 1 4546 4 3 6 3
15500 1 7996 3 3 6 4
31596 6 8773 30225 30225 30591 30591
40818 0 35587 28806 28806 28617 28617
34338 1 9890 2 2 11 3
14748 1 9890 2 2 12 3
9890 1 12054 12 3 3 2
40819 0 15962 28645 28645 22609 22608
16130 0 10326 5272 5272 15325 15323
40820 0 20319 14891 14891 29782 29781
11212 0 1856 729 729 30023 30009
14579 1 1856 7 6 6 2
28303 3 9776 3 3 88 86
9776 1 9775 4 3 2 2
561 0 5278 104 104 4018 4009
13724 4 995 642 641 18 18
154 1 153 3 3 6 3
5791 1 11553 4 2 9 8
24115 1 18755 6 5 5 3
28674 0 3041 742 742 14240 14233
40821 0 14864 8064 8064 32448 32443
17883 0 18836 1205 1205 21772 21770
40822 0 9367 3052 3052 34914 34891
40930 0 9367 321 321 24750 24729
7005 0 9367 410 410 26211 26189
26765 1 9367 4 3 6 2
2151 0 4180 4093 4092 8009 8007
40823 0 11638 3399 3399 30132 30115
18175 1 18573 8 6 4 2
24724 1 3969 8 5 4 2
3969 0 3582 108 108 2806 2780
17345 0 3969 549 549 12097 12093
34877 1 6582 5 3 13 5
6582 1 16956 12 5 9 5
26100 1 28248 2 2 5 3
33245 0 3980 3 3 10 8
4106 1 4105 5 3 2 2
584 1 28894 107 105 10 10
35143 1 33405 2 2 3 2
17003 0 479 1 1 20 10
9877 5 6166 1 1 9 1
30263 1 25760 3 3 3 2
30656 1 25760 3 3 2 2
1999 4 17069 121 114 2 2
18272 1 19427 5 3 5 3
29081 1 13187 2 2 12 9
16522 0 3780 47 47 6058 6022
26742 0 15839 319 319 5821 5818
1918 6 39340 504 497 43 43
11624 1 20815 4 4 5 3
13939 0 7027 14 14 38 33
5788 0 7027 417 417 1928 1922
40824 0 2657 10342 10342 38825 38818
1294 0 25140 1158 1158 18434 18431
21281 0 428 3732 3732 32275 32249
40911 0 428 1874 1874 36413 36386
39800 1 30816 2 2 3 2
12660 0 1095 102 101 2290 2279
17450 0 1095 434 434 22300 22288
11922 0 14898 10 10 272 254
23590 0 12772 14282 14282 24071 24068
3072 1 15159 9 5 8 5
24523 0 8582 18 18 274 267
188 6 29407 4 1 7 3
39603 4 27065 1766 1766 5590 5590
4691 1 14239 7 6 3 3
36188 1 4691 3 2 3 2
36501 0 4902 13494 13494 13399 13399
40022 0 6784 3 3 32 27
4121 1 17988 4 2 11 10
34845 5 10076 3 1 6 1
19999 4 35620 121 112 2 2
25642 0 31168 1594 1593 1263 1262
28192 2 3865 5 4 109 91
25039 0 2409 6 6 90 69
34598 0 2409 32 32 3470 3446
40825 0 22386 36496 36496 36206 36205
15804 0 10824 9 9 15 10
40826 0 30737 34313 34313 39544 39543
11678 4 24132 1531 1531 3123 3123
11178 1 14178 12 5 5 5
19319 1 11039 7 6 8 3
23526 0 9730 7891 7891 17755 17753
12960 0 23054 31966 31965 20175 20175
18237 1 14439 4 3 8 4
17375 6 39568 3697 3695 107 107
6955 0 2697 11 11 20 18
16533 0 2697 2665 2665 5543 5540
27268 1 11354 5 4 6 2
1968 1 1967 6 3 8 5
20914 0 1967 2 2 16 8
23271 0 7641 446 446 21 21
19684 3 19683 21 20 6 6
4983 6 33006 2 2 2 2
17534 9 12584 3 2 3 3
6871 1 18043 4150 4148 2721 2720
5628 7 18994 37108 37075 8 8
2502 1 20104 5 2 3 2
15657 0 4985 3411 3411 6585 6583
34914 1 6434 2 2 5 2
39981 0 306 1036 1036 40757 40740
21026 0 306 5 5 243 227
37154 5 9269 1033 1033 17685 17682
9073 1 5502 5 4 6 4
30127 0 1623 3843 3843 40638 40635
16304 0 30127 8334 8334 24458 24458
16980 1 4548 5 3 8 5
469 0 14498 19 19 252 241
9243 6 35214 87 83 3 3
36148 4 23121 954 953 1606 1606
3358 1 4743 14 6 9 7
9720 0 4743 535 535 11768 11758
40888 0 4743 2934 2934 31938 31927
2064 1 2154 2 2 3 2
22278 1 35919 2 2 2 2
36060 0 14935 658 658 27910 27901
27146 5 11426 1 1 14 4
3169 0 3813 8 8 244 226
3823 1 3813 3 3 13 8
20664 4 26988 3259 3257 138 138
6374 1 11133 8 6 4 2
33074 2 7 2 2 141 104
18961 2 7 1 1 42 6
17395 0 7902 8351 8351 15528 15525
22908 1 5606 7 4 4 2
10254 1 10253 6 5 6 5
40906 0 10253 330 330 19556 19542
14113 1 5076 2 2 6 3
36403 1 10838 2 2 3 2
14974 0 14973 91 91 323 315
14973 3 19845 5 3 4 4
40831 0 4593 25364 25364 34004 34004
31084 1 27014 2 2 4 2
12467 4 39860 203 197 2 2
40832 0 6630 19913 19913 38779 38775
26778 4 2803 801 801 1699 1699
3765 1 28497 3 2 3 3
20691 1 4936 2 2 7 4
7886 0 12463 4755 4755 35598 35592
14999 4 31316 35129 35129 38825 38825
22172 0 11068 5 5 54 41
454 3 16514 5 3 10 8
3025 1 16514 4 3 5 5
29578 0 15788 13491 13491 9197 9196
23802 0 21987 388 388 23033 23030
21987 0 20963 4383 4383 40617 40616
11759 2 10987 3 3 27 26
38689 0 12894 474 474 22553 22543
40834 0 14087 24695 24695 28655 28655
14853 1 5935 2 2 5 3
4044 4 31152 99 99 55 55
29372 0 24630 199 199 9804 9799
24630 0 22399 13927 13927 40577 40576
19479 5 4701 1 1 22 1
8240 5 4701 1 1 23 1
33163 5 4554 2 1 8 1
29553 1 26733 3 3 2 2
29553 0 8837 11348 11348 36392 36390
6792 1 14058 4 3 7 5
21282 0 15062 20319 20319 19178 19178
23036 4 36472 128 122 11 11
5783 4 23036 1570 1561 7 7
40835 0 40836 24055 24055 26840 26840
18778 6 32930 7440 7439 130 130
18778 0 5314 27 27 983 956
24621 2 17930 1 1 3 1
27989 2 17930 5 3 27 17
26041 0 4289 1725 1725 56 56
16899 4 24507 465 465 1228 1228
14917 3 17826 10 7 5 4
30990 9 28312 2 2 2 2
8980 1 3552 5 4 4 3
33079 0 3582 958 958 9854 9826
16497 1 26305 5 2 2 2
26368 1 8799 4 4 3 2
4480 1 32602 6 2 2 2
35059 0 27412 18 18 2299 2296
2645 4 29221 251 243 7 7
23462 0 5675 3287 3287 15891 15882
40853 0 23462 5165 5165 26337 26332
25133 5 5012 4 3 9 3
14927 4 5288 309 305 44 44
11058 2 6577 2 2 383 331
60 2 6577 7 7 453 400
7534 9 18226 4 3 2 2
10204 1 10208 3 2 4 3
5031 1 28475 2 2 4 2
15312 0 12860 13368 13368 26057 26057
21401 1 1933 4 4 15 8
12469 1 1992 7 2 6 5
18451 5 1238 2 1 9 2
37552 0 2655 15 15 81 77
2655 0 9806 687 687 27327 27321
40284 0 6614 3989 3989 28540 28516
3130 1 27019 33 29 11 10
23982 0 37653 5198 5198 9851 9849
20447 1 9918 4 2 3 2
15028 1 16314 6 3 10 5
15028 1 5116 4 2 10 5
40628 0 33021 26622 26621 36213 36213
3648 1 3647 5 4 5 2
19317 0 1107 4024 4024 23789 23779
830 1 21753 15 11 5 4
8270 1 9886 15 6 7 4
14780 1 6419 9 5 4 3
40837 0 15224 7164 7164 29768 29756
7188 0 11737 58 58 1681 1671
10277 1 32396 4 4 3 2
10277 1 2951 6 5 16 11
15054 1 2951 9 4 6 3
25047 0 19223 6214 6214 39952 39952
23871 0 918 12 12 229 222
40840 0 918 614 614 15669 15661
8168 0 13192 16655 16655 35338 35338
10293 1 12214 2 2 3 2
23642 0 26543 28052 28052 37009 37009
26543 1 12312 5 3 6 3
4913 4 20284 239 208 2 2
3331 5 16655 1 1 13 11
3331 1 35484 7 4 4 4
16739 1 16646 4 4 10 6
6726 1 5782 7 3 2 2
6726 3 6725 12 10 4 4
11335 1 6726 2 2 11 7
5491 1 1201 5 4 7 2
6549 1 14425 33 30 5 3
5544 1 3327 4 3 8 2
3403 1 6328 3 3 5 4
7229 4 37460 7282 7265 133 133
20544 1 28902 4 2 3 2
3291 1 20544 10 6 6 4
530 1 21170 9 5 4 4
9371 1 9370 4 3 8 6
26061 0 9371 3816 3816 24489 24486
9371 0 5623 639 639 26532 26530
21518 1 29527 8 8 9 7
35181 0 21518 1828 1828 32270 32267
36581 0 16397 3164 3163 1056 1056
3972 7 37089 32263 32185 4 4
8883 0 5790 12630 12630 5950 5950
38389 0 7334 820 820 4962 4960
27814 0 9178 96 96 1334 1332
10855 1 19155 2 2 3 2
10855 1 31116 16 15 58 57
1431 4 27265 40 25 2 2
27563 1 35599 2 2 2 2
1193 4 39361 14 3 1 1
39975 0 7068 1773 1773 8688 8680
3855 0 3909 2 2 13 6
28703 0 3909 6276 6276 27432 27424
11573 1 13583 7 6 5 2
40841 0 16266 3231 3231 39199 39176
2434 0 16266 3 2 28 7
40842 0 67 17 17 5722 5713
1154 0 18959 2861 2861 38715 38713
32397 0 13044 7650 7650 40576 40567
17819 1 653 3 2 6 5
37840 0 313 6 6 460 452
40843 0 3679 7120 7120 32257 32246
40843 4 5346 40808 40808 19326 19326
13988 0 168 701 701 9925 9920
38754 2 10661 2 1 5 2
29501 0 6358 3994 3994 40505 40503
29860 0 18587 11944 11944 12507 12507
33438 1 36858 2 2 3 2
36858 1 35629 3 2 2 2
12381 0 1474 750 750 17579 17565
2863 0 6499 12843 12843 11506 11505
7328 0 5714 33500 33500 29890 29889
14412 0 20621 5200 5200 38463 38462
35316 5 38173 11 9 5 4
20490 1 7847 4 3 4 3
21077 4 10657 405 404 47 47
10380 0 1964 755 755 1221 1219
17802 1 3847 4 3 8 7
29031 4 40721 10805 10804 456 456
29630 5 22311 1 1 41 37
14888 4 21122 199 190 6 6
14888 0 2518 2 2 69 2
819 1 7732 11 6 12 8
7100 4 29718 1393 1391 1325 1325
8077 1 7192 3 3 16 13
16136 1 39043 5 3 2 2
13225 1 15253 3 2 6 3
40844 0 6467 611 611 23033 23026
6069 0 37345 2087 2087 1520 1519
4895 0 8093 1132 1132 32180 32152
21558 1 13645 3 3 3 2
10544 6 38325 35 20 1 1
23888 0 1730 4 4 349 248
33667 0 1730 2 2 130 30
22133 0 1730 1 1 98 1
19623 0 1730 2 2 105 7
28603 4 38563 120 119 31 31
16620 1 2522 7 6 14 8
24900 3 5965 4 4 6 5
3989 4 18951 1527 1520 30 30
22965 1 167 7 5 5 3
35645 0 7367 31880 31880 18173 18173
36255 0 10055 1 1 8 2
1574 1 8899 8 3 4 2
21174 5 2295 27 27 11642 11541
34328 5 2295 487 487 30481 30379
28418 5 2295 488 488 35497 35394
34439 5 2295 13 13 5424 5324
40845 0 32455 3778 3778 27807 27806
35000 0 9668 1 1 23 7
32116 0 21176 106 106 2401 2399
23390 0 40586 4789 4789 39031 39031
40848 0 23390 11995 11995 38228 38225
19903 4 29357 242 242 47 47
35177 0 14481 6 6 17 17
12330 0 11599 2585 2585 20027 20021
3579 1 19372 3 2 5 3
9842 0 3579 785 785 40734 40721
22422 1 9505 4 3 9 5
15330 1 28910 3 2 3 3
22889 0 11852 3749 3749 26804 26795
29771 9 3592 10 10 15 15
25748 1 34204 2 2 2 2
1772 6 37182 620 616 32 32
15158 0 40846 2711 2711 3031 3031
40847 0 8407 12161 12161 32849 32849
35466 0 11507 2 2 7 4
12327 0 411 36 36 6040 6017
21952 4 9376 348 348 235 235
4177 6 5022 48 33 3 3
5040 0 220 1 1 23 14
20777 0 30968 25043 25043 18023 18022
17995 1 415 6 4 13 5
6540 0 6677 2142 2142 3163 3161
30360 1 7239 4 4 9 5
1226 4 33413 6252 6228 33 33
36259 5 860 88 88 31716 31643
30840 5 860 1 1 69 1
39831 1 4370 2 2 8 3
17244 1 15986 2 2 9 6
9116 4 34497 33 31 6 6
4771 4 11796 56 4 1 1
18918 0 15687 69 69 208 205
18918 6 31983 16561 16552 24 24
29544 0 6411 1716 1716 1587 1580
13258 1 515 2 2 12 5
7665 4 11919 200 196 11 11
8356 1 22637 17 10 7 4
17180 1 8356 2 2 14 7
39574 0 13157 4456 4456 36682 36679
20711 1 1090 4 3 7 3
32427 0 24062 29621 29621 36906 36905
40849 0 13412 10321 10321 36941 36936
4316 0 1500 2 2 96 69
29122 0 1500 4 4 88 62
29916 0 33246 114 114 10 10
33246 0 425 1997 1996 9394 9375
3714 1 3991 3 3 2 2
6702 1 4469 9 7 30 26
20629 0 10089 250 250 92 92
18423 1 20629 5 2 3 2
4855 1 19562 9 4 9 6
11423 1 4213 10 6 7 3
10241 0 10481 5587 5587 40644 40642
27097 0 10241 2 2 313 303
5125 6 35244 17 17 328 328
10842 1 11135 3 2 4 3
3451 1 3450 2 2 14 9
3450 1 6752 15 10 5 3
26219 0 15966 78 78 75 72
20729 0 30962 8482 8482 30523 30522
31196 0 30962 95 95 139 139
36881 0 119 8 8 312 275
119 0 2748 159 158 11621 11611
2323 1 23181 3 2 2 2
14339 9 16095 12 11 3 3
32957 0 5195 2 2 14 8
32623 1 5195 4 3 7 4
32917 0 9489 581 581 11058 11054
40688 0 3489 525 525 19675 19614
13220 2 6815 36 35 524 520
5097 1 27076 25 22 8 8
17030 1 2573 17 16 28 23
2573 1 9486 8 3 3 2
37807 1 30144 2 2 2 2
2521 1 38597 9 6 3 3
6946 1 8731 3 2 7 4
9873 9 35523 6 6 6 6
1071 6 14854 1253 1247 19 19
3398 4 14735 29 12 1 1
5855 1 7329 7 3 4 2
3929 1 27247 17 7 3 3
16292 1 29803 8 6 3 3
6578 0 5973 2061 2061 11892 11889
40850 0 1543 1025 1025 22280 22223
37429 1 32885 2 2 3 3
5932 1 5931 10 5 3 3
14336 1 2808 2 2 4 2
23816 0 13145 211 211 899 899
16675 0 11522 36140 36140 13979 13979
40851 0 14187 8129 8129 36710 36706
10755 4 22444 104 103 2 2
11129 1 13730 10 4 9 4
25343 1 13730 7 4 8 4
8639 0 3289 9 9 146 123
3289 6 36920 35050 35033 2168 2168
8776 1 1347 4 3 7 4
1347 1 4276 6 3 4 2
39300 0 1590 9 9 13957 13934
37068 1 22654 2 2 2 2
1801 1 21363 3 2 2 2
31983 0 35119 16476 16476 22010 22009
31983 6 2119 244 242 137 137
19488 0 3006 4319 4319 33795 33785
19488 1 38649 24911 24911 30425 30425
40852 0 6747 11817 11817 22594 22592
28133 0 18038 179 179 1699 1696
8634 9 19910 8 7 7 6
11304 0 19910 10 10 1226 1225
20413 0 1973 50 50 9003 8948
26353 1 4814 3 2 9 5
22355 0 11595 172 172 12413 12407
1588 1 19716 5 4 3 2
11612 1 21343 5 4 4 3
5569 1 10107 7 3 10 5
5923 1 5569 5 3 17 13
24840 0 14776 111 111 53 53
24031 4 32273 39513 39513 35893 35893
12006 1 23328 3 2 2 2
15403 4 40478 409 409 371 371
16346 0 16005 150 150 4899 4897
7668 1 35530 5 2 2 2
9434 4 40717 26337 26334 277 277
22914 1 3088 4 3 4 2
2945 9 2944 2 2 2 2
24743 1 24742 2 2 4 3
31284 1 19047 3 3 3 2
1664 1 16927 8 5 8 7
40307 0 4362 20874 20874 40915 40908
29218 1 4362 4 3 6 6
4362 0 8787 13 13 294 287
17040 8 37417 140 139 21 21
39206 0 12650 2 2 25 5
29976 5 5742 2 2 1694 1671
15635 5 5742 5 5 141 119
903 5 5742 1 1 132 111
17663 4 9378 264 261 16 16
20364 1 26993 3 2 5 5
27150 0 3232 7395 7395 38215 38208
40854 0 14981 20294 20294 32664 32660
40855 0 25028 28169 28169 36986 36986
40678 5 5841 137 137 8022 8009
26893 3 11921 35930 35928 8772 8772
38438 0 24102 1590 1590 31584 31580
22467 0 22049 80 80 6833 6830
15542 0 22049 3051 3051 22460 22456
40856 0 8153 2070 2070 32554 32535
36147 0 8153 543 543 26803 26785
10925 1 8153 5 3 4 2
34372 4 36708 418 418 5714 5714
7489 6 35302 231 226 23 22
9267 0 1292 1796 1796 37500 37495
5975 0 8327 579 579 12765 12755
112 6 23406 117 72 1 1
6559 1 18773 4 3 5 3
13687 1 7279 4 4 4 2
37981 0 904 11 11 179 168
15563 1 17861 13 10 14 11
24736 1 14901 3 2 2 2
7506 1 27215 15 7 3 3
28486 1 28485 2 2 2 2
22848 1 33665 3 2 3 2
15952 0 3163 36 36 346 306
9298 0 3163 1 1 39 1
28717 0 3163 1 1 40 1
17876 3 17875 3 3 2 2
22196 1 22195 2 2 2 2
13637 1 27685 8 5 2 2
10125 4 13911 92 90 2 2
4146 0 37135 107 107 507 505
31487 4 8818 9949 9949 29945 29945
36976 0 4550 2922 2922 12228 12130
24513 0 4550 32 32 575 479
27936 0 4550 30 30 2783 2686
12322 0 4550 1 1 93 1
40857 0 2021 6420 6420 39484 39430
27575 0 6658 2160 2160 16151 16139
19537 9 28961 4 4 4 4
1070 0 17546 1139 1139 12077 12073
9755 1 9754 2 2 5 2
769 1 9754 2 2 4 2
40381 0 34906 11548 11548 976 976
15427 0 134 1455 1455 10214 10200
134 1 2633 8 5 5 5
1511 0 15914 8258 8258 3174 3171
5005 1 28613 13 6 5 4
18503 1 5005 4 3 11 4
40140 0 27752 3 2 8 5
16225 4 4698 505 502 28 28
40858 0 15284 10649 10649 35209 35203
628 1 627 3 2 5 4
16800 4 32120 146 146 837 837
25305 0 2099 2 2 30 3
13821 1 13530 3 2 3 2
16002 1 36632 5 3 5 4
40859 0 37052 811 811 19321 19320
6188 4 24112 33 17 1 1
6188 4 24347 73 56 1 1
15067 0 18496 21402 21402 40127 40127
29361 1 18956 2 2 5 4
10119 1 25492 8 3 4 2
28682 1 6956 2 2 2 2
22077 5 6956 1 1 21 2
720 9 26603 3 2 6 5
18029 0 8812 12 12 116 115
36166 1 16798 2 2 2 2
30646 4 33263 1699 1699 3969 3969
10063 0 8348 2358 2358 13871 13864
28320 1 27155 3 2 3 2
27155 1 29136 3 2 6 5
737 0 704 4564 4564 17466 17465
16207 1 16206 2 2 5 5
37148 0 23650 10207 10207 24902 24902
33954 1 14292 4 4 4 3
29886 1 28685 3 2 4 2
9855 6 33387 248 224 20 17
3785 0 28084 39316 39316 11280 11280
20088 5 3785 79 79 8403 8387
32514 5 3785 1402 1402 39259 39241
6922 1 6921 7 3 12 6
6921 1 7885 14 8 11 6
7656 1 11492 3 2 4 3
16454 1 15118 9 4 7 4
27917 0 8192 64 64 392 389
27917 1 5927 10 9 18 13
5927 1 27917 17 12 8 7
4197 0 8050 98 98 55 52
4197 1 37513 7 3 4 4
25431 1 5635 2 2 6 2
15018 1 18772 4 2 2 2
9762 6 8948 8959 8955 2071 2071
30927 6 25532 1072 1072 3950 3950
19315 1 39214 3 2 2 2
39214 0 32965 9233 9233 1267 1267
18563 0 4302 36 36 2308 2306
21993 1 19504 17 12 2 2
9794 0 26796 14 13 7 7
40860 0 1945 527 527 31859 31836
13748 1 11108 6 4 3 2
4384 1 24793 3 2 3 2
10633 4 19550 1689 1689 10152 10152
27322 1 37139 2 2 2 2
40383 0 38168 263 263 693 693
7362 4 32362 15 2 1 1
22231 1 8513 2 2 6 5
40692 0 8924 4318 4318 30499 30490
1685 1 12089 5 2 2 2
450 4 4488 53 36 5 5
39094 5 3918 133 133 32665 32647
40914 5 3918 505 505 37935 37916
2315 0 3918 1890 1890 36835 36826
40869 0 3918 1316 1316 33397 33389
39375 4 35988 557 557 9223 9223
33362 0 724 1333 1333 25013 24995
4388 4 38068 40 28 2 2
24592 0 13837 3483 3483 15840 15836
4109 6 1349 148 144 5 4
20971 4 929 30385 30385 17216 17215
23939 0 929 2 2 325 314
2108 1 23830 6 3 3 2
137 1 39790 2 2 2 2
14471 4 26704 599 595 45 45
38379 0 2037 4102 4102 32446 32443
3297 1 2037 6 4 2 2
19597 1 29925 4 2 3 3
9472 3 9553 9954 9954 22273 22271
24002 1 31718 2 2 3 2
13378 4 37002 25 17 2 2
18672 8 18729 19 19 63 60
23066 0 10976 26147 26147 35625 35625
37193 0 36623 8729 8729 11022 11022
35461 0 15432 581 581 4264 4262
6086 1 37968 35 35 84 84
39988 0 6132 8980 8980 35824 35818
27635 0 6879 4323 4323 27169 27169
12792 1 18251 5 5 3 2
25299 0 17090 4315 4315 12847 12845
22804 0 9256 5 5 46 43
22046 1 449 2 2 4 2
26701 5 39164 37481 37481 8256 8256
33010 4 37752 1151 1150 1032 1032
17564 4 28570 4392 4392 15322 15322
14394 1 27202 2 2 5 4
40861 0 35307 35597 35597 30928 30928
36533 1 31832 2 2 5 4
1421 1 13698 6 4 4 4
1421 1 1420 11 8 4 4
15918 1 8898 3 2 3 3
39681 2 3869 2 2 835 803
13147 2 3869 7 7 182 152
29520 1 38175 2 2 2 2
7705 4 29204 468 462 87 87
31945 1 533 2 2 3 2
20267 1 11332 3 2 3 2
40862 0 6138 1595 1595 24648 24633
12405 1 2536 2 2 13 8
22145 0 267 1130 1130 18111 18087
12466 4 38408 301 280 6 6
12466 4 38825 207 187 3 3
16552 1 10073 3 2 2 2
31672 0 16442 5754 5754 171 171
34829 0 34921 1268 1268 12146 12144
6539 1 27537 9 4 2 2
24829 0 20017 799 799 17254 17249
28048 0 20017 1889 1889 40452 40446
40863 0 22831 3701 3701 29277 29272
9658 0 22831 1831 1830 3068 3064
17365 6 1148 28489 28489 37979 37979
11735 1 13906 3 2 3 3
10734 0 10886 23 23 1207 1193
1494 0 15383 561 561 2138 2137
31725 6 3983 316 316 1211 1210
3023 1 19162 2 2 5 3
28499 0 2833 1827 1827 17925 17910
4250 3 26422 6 5 5 3
14121 1 5862 9 7 11 6
1002 0 15449 5117 5117 14078 14073
14237 9 14236 8 8 8 8
40286 1 14159 3 3 3 2
1432 4 24308 38 23 2 2
29759 0 21793 65 65 140 139
40 0 9353 717 717 4260 4252
36532 1 36531 2 2 2 2
4832 1 7867 7 3 2 2
27716 6 14968 4668 4668 2893 2893
304 0 25231 15502 15502 10698 10697
8542 1 19421 6 2 2 2
30629 1 15712 3 3 4 3
20027 2 9746 1 1 72 61
26019 0 4682 99 99 51 47
15092 4 32205 25920 25916 2387 2387
13106 4 30126 132 121 6 6
7451 0 9653 127 127 14 14
14198 1 7551 4 4 10 2
19206 1 11656 8 5 7 3
938 1 29478 4 2 2 2
19923 0 13346 14 14 12925 12916
40895 0 13346 2619 2619 31952 31942
8767 0 2776 174 174 1143 1119
17206 0 4193 4998 4998 14690 14688
9026 1 21448 3 3 9 5
10884 1 23870 4 3 4 2
10884 0 12402 205 205 676 675
33656 0 17442 1576 1576 33022 33018
29844 1 36062 3 2 2 2
39433 6 40246 11 10 14 14
13370 4 32777 92 91 135 135
40865 0 34557 2546 2546 9710 9709
12307 1 5388 2 2 9 6
8628 3 1186 3584 3583 222 222
4299 0 1562 434 434 5223 5216
18208 6 35649 11333 11333 26822 26822
12758 0 980 19173 19173 35280 35279
26577 4 38800 1277 1277 1355 1355
40866 0 8678 7275 7275 22566 22563
32294 0 1897 190 190 23319 23244
6937 1 1897 12 9 16 9
9481 9 158 5 4 6 3
13100 9 9481 3 2 3 2
15588 1 15587 8 4 3 2
13773 0 27141 7 7 143 140
25916 0 16303 7 7 39 29
36297 0 16303 2 2 38 29
20354 1 18989 2 2 2 2
973 1 13336 10 8 14 8
5185 0 13336 53 53 2648 2644
9012 5 7786 2 2 32 13
33237 1 410 2 2 2 2
14633 6 31433 10112 10111 2029 2029
14633 6 8142 2865 2865 1182 1182
40867 0 339 336 336 15166 15163
3453 1 18417 8 2 2 2
8951 1 28285 4 2 3 2
1460 1 8951 2 2 5 3
8222 1 6150 6 2 5 4
8054 3 25795 7997 7995 231 231
6845 1 2779 3 2 2 2
19202 0 12252 173 173 2903 2897
20124 1 18592 3 3 12 9
20124 0 14100 76 76 11256 11252
30846 0 2941 10 10 30 29
39027 0 9415 212 212 13148 13136
23350 1 17390 3 3 6 5
8558 1 7530 4 3 4 2
40868 0 5700 32899 32899 32761 32761
32469 0 324 15 15 10626 10607
8545 0 324 2270 2270 18263 18243
25032 1 25031 3 2 2 2
38057 9 30720 2 2 2 2
2030 0 1832 83 83 1393 1383
1637 0 5616 105 105 1200 1191
9928 0 5616 18 18 552 544
1702 4 29665 1319 1315 96 96
36951 4 24229 1771 1769 169 169
6008 1 1041 2 2 3 2
14647 0 13213 266 265 2 2
699 1 22618 2 2 2 2
35907 4 37894 125 125 139 139
13383 1 2789 6 2 4 3
2713 6 7645 44 4 4 3
11577 1 7731 5 4 4 2
40870 0 1335 30450 30450 32419 32418
24483 1 12798 5 4 11 9
17309 0 30810 1179 1177 252 250
10156 1 963 6 3 4 2
2452 1 3976 7 4 10 6
2452 1 7086 9 5 12 5
40905 0 3387 629 629 13936 13922
7217 1 3387 3 2 2 2
8525 4 37769 2559 2557 62 62
35828 0 1364 43 43 29601 29571
26559 6 35828 40906 40906 7549 7549
16493 1 19237 5 4 66 59
2933 1 7202 5 2 6 3
6048 9 22594 6 5 3 3
29003 1 35415 6 3 2 2
20788 1 10332 15 12 4 3
5707 1 5706 2 2 6 4
29609 1 29608 2 2 2 2
22190 1 35891 16 13 5 4
22190 1 11262 8 6 9 6
9192 1 19649 7 2 3 2
26202 0 7136 4 4 12 11
36138 0 7877 8 5 61 58
23317 0 6977 621 621 10534 10499
40920 0 6977 8950 8950 39915 39879
36948 1 27706 24800 24800 38031 38030
34777 1 14753 2 2 3 2
1620 4 23845 27 12 1 1
12071 1 18026 7 3 2 2
8848 5 14818 1 1 21 7
11500 6 11034 9 3 4 2
16013 1 5367 7 4 5 3
10574 6 36868 15 11 13 12
18072 0 1880 498 498 2143 2128
7031 1 26802 6 3 4 3
32487 1 10667 8 6 5 3
28680 1 10686 3 3 3 2
9031 4 20091 140 123 7 7
37696 0 13023 903 903 25057 25049
5434 1 5433 6 3 3 2
24552 2 8531 462 461 1837 1834
35789 5 3276 22 22 11617 11586
31511 5 3276 359 359 35902 35870
39401 0 24275 12 11 396 384
27408 0 4448 3 2 15 7
13163 1 17198 7 5 6 5
8664 1 2489 9 8 184 179
2489 1 15398 16 11 3 3
25485 2 3943 1 1 38 6
38545 2 3943 1 1 32 1
36055 6 19589 1100 1100 7298 7298
19768 0 5156 388 388 14872 14840
26405 0 5156 5 5 171 140
17022 6 35666 1376 1374 1525 1525
17022 6 3619 3637 3634 1792 1792
4621 1 88 6 5 13 11
40873 0 28355 12778 12778 36884 36882
2460 9 9748 2 2 2 2
36214 0 573 17 17 600 561
40874 0 22716 30348 30348 29306 29306
25322 4 40518 700 700 226 226
2760 0 11134 598 598 23910 23904
4446 9 1807 13 10 4 4
11636 0 4446 947 947 11723 11722
36303 1 2876 2 2 2 2
37244 1 21630 3 3 7 5
38942 1 2626 134 134 2435 2432
31471 0 2626 3 3 13 12
3018 0 27173 40 40 3 3
26985 0 7600 9 9 303 297
37635 0 7600 18 18 233 228
8617 6 7587 939 928 180 180
24972 0 1142 3363 3363 23613 23611
680 7 38698 26931 26870 2 2
680 7 40901 30949 30886 6 6
6028 0 29623 26261 26261 27851 27851
29623 0 33835 10989 10989 38775 38772
36506 4 25083 278 278 29 29
7152 1 4236 5 4 4 2
22504 0 7152 537 537 11225 11220
40876 0 1295 8630 8630 26282 26276
21646 1 1295 5 4 6 2
22690 0 9531 6 6 10 6
34554 0 9531 647 647 5399 5394
701 1 25692 3 3 5 2
14347 1 5567 6 3 5 3
22500 1 15849 4 3 5 4
24584 6 29929 2 2 172 172
18192 4 1499 2 2 5 5
17820 1 654 5 3 6 2
23192 1 654 2 2 9 4
34164 0 21362 5820 5820 29011 29006
23961 0 6776 3 3 446 438
14951 5 6776 199 199 39337 39332
2111 1 35677 4 2 3 3
32320 1 16031 33982 33982 29313 29313
31261 4 13766 3438 3438 18000 18000
38116 9 9 3 3 8 7
40068 0 28942 24438 24438 17909 17909
21724 1 8592 13 9 7 5
4229 1 37036 3415 3411 940 940
29447 0 15913 320 320 2226 2221
16697 4 31051 201 196 8 8
5443 6 33646 81 63 5 4
13087 1 36310 5 4 3 2
22927 4 27025 4747 4747 2211 2211
24129 1 15215 3 2 3 2
24953 0 13135 8121 8121 39502 39493
22068 0 29955 40109 40109 20335 20335
6111 0 23960 2111 2111 467 465
6111 1 11198 6 2 3 3
2003 0 4127 934 934 15691 15687
40878 0 34399 8481 8481 31780 31776
26349 1 19291 3 2 3 2
15641 1 5982 17 12 8 6
21253 0 5982 7696 7696 34332 34332
3948 3 25669 6540 6536 448 448
40879 0 39495 40811 40811 39534 39534
10738 0 8594 4066 4066 21688 21682
40612 0 8594 21959 21959 37736 37729
12395 0 4161 1 1 29 2
40942 0 4161 1541 1541 28307 28278
26530 0 25605 71 71 12 11
25576 0 19971 3518 3518 36757 36751
3574 6 39280 84 80 2 2
35051 1 36988 2 2 2 2
19269 6 3870 4409 4408 163 163
26457 1 21879 3 3 5 4
16049 4 31756 182 180 9 9
26279 5 6146 22 22 7391 7380
31974 5 6146 111 111 10355 10343
22137 5 3531 7 7 3063 3041
15837 1 15836 2 2 2 2
3895 0 3721 20 20 265 230
23820 6 25420 15 10 10 9
23820 6 11103 9 5 4 3
28203 4 29473 2767 2763 2223 2223
2999 1 36067 5 2 2 2
11766 5 10754 3 3 96 77
40880 0 10330 305 305 22342 22337
29695 1 25945 2 2 2 2
15242 6 5534 447 445 547 545
16017 3 30757 5916 5914 3559 3558
9486 3 6190 62 58 9 9
10504 6 36780 1679 1672 521 521
31226 0 17728 237 237 5137 5128
8734 1 1538 3 2 2 2
29667 0 249 51 51 6946 6900
7681 0 249 7 7 1593 1549
1196 5 12328 95 95 35422 35405
29190 5 2139 22 22 17907 17880
9335 5 2139 2 2 641 616
13338 1 18054 10 8 6 6
19110 4 40436 130 130 76 76
1935 0 7945 46 46 8981 8959
1104 0 7945 6 5 667 646
32001 2 3539 78 78 2025 2024
7118 0 3978 11 11 47 26
27765 0 206 1670 1670 12702 12672
16624 9 15794 2 2 2 2
1966 4 24890 32169 32167 871 871
31338 0 8266 15 15 1404 1400
40221 5 73 1 1 304 249
3410 4 40221 474 473 16 16
29650 5 73 10 10 11493 11434
4984 0 73 2 2 21 10
7890 1 8556 9 5 8 6
32343 0 7890 770 770 6193 6176
4686 0 9935 278 278 3788 3772
1690 1 5111 20 7 8 7
23282 0 1690 132 131 719 709
10335 1 2363 3 3 12 5
19856 1 15917 3 2 3 2
15168 1 35514 2 2 3 3
40881 0 9334 3706 3706 24878 24873
28253 1 28252 2 2 4 3
11736 1 678 5 3 4 2
12371 1 20336 9 5 3 2
26039 1 31200 573 573 1423 1423
39168 1 23614 2 2 4 4
20692 1 21524 3 2 2 2
24359 1 36592 2 2 3 2
6740 1 6335 5 3 4 3
38194 0 6335 11353 11353 11976 11976
5315 0 18408 351 351 12 12
11605 4 40002 235 235 506 506
12921 1 24570 31 21 10 8
21374 1 12921 13 12 18 8
5134 2 4633 1 1 11 1
35877 0 85 4 4 382 149
23185 0 85 10 10 3057 2815
40756 0 85 419 419 6402 6158
26136 1 26135 2 2 2 2
37633 0 20754 7600 7600 27553 27552
40883 0 1222 3250 3250 24189 24175
40904 0 1222 1859 1859 22075 22062
19190 1 22874 5 4 8 5
14563 2 35454 40943 40941 2312 2312
12530 1 5329 2 2 3 2
37793 0 425 833 833 20270 20250
7112 1 21005 4 4 8 4
13785 6 30026 10237 10236 38533 38533
30892 1 27200 2 2 2 2
22309 1 11345 4 3 10 3
652 1 11489 9 4 5 4
21523 0 5914 6834 6834 27471 27467
19459 1 8641 3 3 21 17
103 0 9917 1408 1408 10941 10940
34367 1 30925 2 2 4 3
39210 0 36049 2532 2532 28019 28018
27244 6 22681 566 565 125 125
12608 4 21734 61 58 6 6
31281 1 6359 3 3 10 5
40153 0 6359 839 839 18368 18360
28257 1 28256 3 2 3 2
3741 6 11977 4 2 5 2
8455 0 14334 3408 3408 12158 12157
11170 1 606 18 12 12 10
9097 4 33963 93 92 9 9
15436 1 15435 5 4 3 3
9201 1 9200 5 3 3 3
6058 0 5378 120 120 7071 7057
5378 1 9054 7 4 21 16
24455 0 7235 216 216 31079 31074
40886 0 36491 31548 31548 32312 32311
27948 0 29072 3519 3519 40069 40065
2574 1 10949 9 5 11 7
15184 1 36822 2 2 3 2
17033 1 208 2 2 3 2
5633 0 4663 343 343 8937 8921
23779 0 17423 5036 5036 23429 23425
31140 0 1615 276 276 14815 14810
25999 1 31140 2 2 3 2
29071 0 25203 1978 1978 3418 3415
4929 4 37085 149 143 80 80
11962 4 5667 30 26 3 3
14732 6 18907 34376 34375 341 341
4582 0 23340 1095 1095 5929 5925
2940 0 23340 63 63 63 60
6093 10 24981 5 4 4 4
14001 0 36202 1180 1180 2900 2900
37407 0 19919 310 310 39231 39228
28934 0 6210 47 46 55 52
13298 1 26814 9 7 7 6
12356 1 20726 3 2 2 2
11679 7 15652 105 99 9 8
18992 0 780 8 8 913 905
12696 0 1750 2335 2335 7528 7526
22477 1 2282 8 3 2 2
17701 4 36065 351 351 697 697
20641 0 36866 30378 30377 40430 40429
31601 0 1352 357 357 33501 33495
36144 0 28533 21588 21588 19789 19789
22400 2 2183 1 1 126 95
39117 2 5348 3 2 10 8
12905 1 5832 4 2 4 3
16355 1 22399 1481 1476 1916 1916
8334 2 35737 222 222 2411 2410
13347 0 26570 272 272 383 381
40889 0 34949 6679 6679 30660 30659
12551 0 7485 94 94 163 162
3154 1 27514 4 2 2 2
35950 0 20760 98 98 1684 1679
20760 0 25127 2198 2198 22590 22589
23933 1 23098 3 2 10 7
12685 6 19180 33347 33341 430 430
12358 2 4168 1 1 20 10
7700 2 4168 1 1 11 2
35674 0 16517 37322 37322 39264 39263
6813 1 5175 5 3 3 3
7375 1 7374 4 2 4 3
40890 2 23906 21073 21073 39060 39060
21948 4 38918 1119 1119 8821 8821
17500 9 17499 2 2 2 2
6759 1 21078 6 3 4 3
11196 0 24534 4084 4084 4117 4114
16734 7 13678 1782 1779 5 5
865 1 17946 15 6 2 2
1821 6 39122 1363 1349 4 4
11630 1 31896 5 2 2 2
7284 1 17756 3 2 2 2
26770 5 6829 1 1 8 2
37565 1 22789 5 3 3 2
11926 1 11925 6 2 4 3
27446 1 22702 6 4 6 4
13999 0 37238 94 94 289 288
2050 6 30438 111 111 54 54
21493 0 24309 4828 4828 33698 33698
40891 0 13449 27564 27564 35196 35195
15390 1 38904 37636 37635 16474 16474
33146 1 2101 6 5 13 5
17987 3 17986 49 47 8 7
29746 3 17987 7 7 30 28
2692 0 10487 2 2 29 26
32902 1 29338 2 2 3 3
14511 6 11512 18723 18716 1087 1087
6117 1 683 2 2 8 2
25817 0 40019 19609 19609 22054 22054
39730 4 31900 2467 2467 2670 2670
14912 3 19439 62 59 5 5
34332 4 1842 975 971 39 39
29957 5 8285 67 67 5303 5299
8398 4 40398 12993 12993 13605 13605
13141 4 36356 44 32 4 4
24146 1 36079 3 2 3 3
12197 1 24146 8 5 3 2
8973 0 15567 6241 6241 15310 15309
2840 1 18631 4 3 3 3
4993 1 4648 3 2 18 9
15543 4 26788 5569 5569 16982 16982
9926 1 1976 4 2 5 3
40893 0 10088 9735 9735 35406 35401
18632 0 15264 1908 1907 7640 7637
25930 4 9684 76 71 108 108
39714 5 5407 2 2 742 717
31612 1 9688 6 6 5 4
1782 1 1781 4 3 18 14
34009 6 39128 2039 2036 1011 1010
25597 0 4132 1518 1518 34628 34618
16378 0 2054 2 2 26 9
12541 0 2054 2 2 22 6
2054 1 17904 12289 12289 19504 19503
18557 9 18725 3 3 2 2
40453 1 28165 2 2 5 3
7231 0 16733 28006 28006 18699 18699
17867 1 14085 3 2 9 8
36201 4 39259 32450 32449 5147 5147
17202 0 12720 171 171 991 981
28053 0 4049 415 415 18500 18484
25593 0 4049 239 239 13697 13682
4049 1 28361 3 3 5 3
22873 1 37187 15 8 3 3
37187 0 3391 1740 1740 14408 14404
30984 1 6485 5 3 6 4
12052 1 6794 3 2 5 2
6371 6 13857 4881 4876 643 642
1675 3 3261 8 4 4 3
32329 0 39076 31332 31332 18026 18026
1788 0 22163 4 4 102 98
8791 1 15310 4 3 13 7
13863 1 15310 13 5 9 4
3838 1 15310 6 4 28 21
36716 0 15310 119 119 1259 1259
23303 1 6584 3 2 21 15
9014 0 13840 357 357 12724 12719
9501 1 16279 4 3 3 2
9412 1 35482 6 2 2 2
26517 1 352 20 18 33 24
30651 1 30650 3 2 2 2
13606 0 5759 66 66 3080 3065
24242 4 40495 6523 6523 19051 19051
3024 1 8489 3 2 9 3
4914 4 5471 164 159 4 4
16649 0 11808 89 89 895 889
16580 1 16649 4 3 6 4
8882 1 30608 7 5 2 2
24380 6 4034 35 35 191 189
20967 1 38940 16814 16811 2826 2826
38940 1 20967 1421 1421 6240 6237
12345 4 32572 39 38 3 3
17336 1 6811 2 2 4 2
4393 0 21188 836 836 21383 21381
16082 0 19592 21988 21988 40301 40301
13599 4 38034 96 96 47 47
2399 3 852 280 278 78 78
26551 1 17969 4 2 5 3
19862 1 25685 9 5 3 3
33100 0 23835 27 27 75 69
38732 1 16818 2 2 4 2
30257 4 39983 475 475 196 196
2097 1 9439 8 4 7 3
8891 1 8890 2 2 7 4
10946 1 16189 7 4 4 3
23311 5 666 7 7 3654 3626
7605 1 16736 3 2 3 2
40896 0 23801 24851 24851 33775 33773
3152 1 34834 4 2 2 2
8027 0 17129 457 457 4166 4165
18036 1 23414 6 4 4 3
10896 1 5187 2 2 2 2
29378 0 14065 6 6 119 117
11268 1 18820 15 14 97 94
10603 3 7644 4 3 5 4
28163 6 33290 29520 29520 14508 14508
26372 1 2839 4 2 4 2
13731 1 3340 6 4 8 4
30635 1 27499 4 3 5 3
19561 2 12788 5 3 10 8
6316 1 14884 11 9 11 10
14884 1 6316 12 11 17 15
40071 0 542 477 477 13108 13095
24433 1 24432 3 2 2 2
8518 8 19686 115 110 1 1
36028 1 13581 2 2 4 2
23015 1 39472 3 2 2 2
29941 0 8121 160 160 278 273
11007 0 39628 14616 14616 32883 32882
38483 1 35975 2 2 2 2
27069 0 17594 176 176 12947 12946
31414 0 21528 3555 3555 6141 6138
10966 0 6448 3365 3365 10585 10581
7275 0 36151 13249 13249 32451 32450
10347 0 12311 536 536 2635 2624
40897 0 15992 1559 1559 16862 16857
29348 1 9181 2 2 9 4
181 4 20452 416 411 14 14
30056 0 13450 332 331 3364 3358
13510 0 34706 217 217 9991 9989
9041 1 8986 12 8 11 6
33052 1 6521 4 3 10 6
26934 4 36843 341 341 466 466
2778 1 2777 8 5 2 2
28399 9 24687 4 4 7 7
28399 0 7125 105 105 30 28
163 1 9522 7 3 4 3
38964 6 15538 3 1 4 2
36295 6 20656 38266 38266 39109 39109
7947 1 3044 8 5 13 6
24577 0 6103 3421 3421 25034 25031
39447 2 955 13 12 230 217
27080 0 35724 3935 3935 29848 29848
18317 0 16471 2717 2717 31762 31759
40899 0 1371 4208 4208 29339 29316
35847 0 1371 340 340 25223 25201
32447 6 14556 16704 16702 9 8
5046 5 5363 95 95 36667 36652
31855 0 1378 2 2 112 51
19994 0 1378 3 3 80 20
25740 0 1378 217 217 1322 1260
40676 0 1378 10692 10692 39844 39781
20832 0 2453 80 80 4497 4445
38637 0 35536 379 379 12165 12165
29542 6 38922 29 29 18 18
17578 1 8885 5 4 6 4
40900 0 3668 5843 5843 36424 36416
38879 4 40465 198 198 1204 1204
23645 1 3271 9 8 4 3
10717 1 23392 4 3 10 8
7129 6 37636 852 832 2 2
7129 6 39342 32 13 23 20
22752 1 11603 6 4 4 2
13171 0 2104 17 17 2805 2789
3840 4 25993 129 128 4 4
6976 1 6542 2 2 2 2
6504 0 17314 11 11 160 153
1218 1 18913 8 4 3 3
23637 1 22005 2 2 2 2
12259 4 40042 1630 1630 14595 14595
29053 0 31232 7 7 69 65
14841 1 11642 4 2 5 3
12434 1 11406 4 3 6 3
4571 1 19807 3 2 2 2
12516 1 16943 2 2 6 4
9471 1 28564 7 3 2 2
40902 0 30686 32561 32561 37568 37567
215 1 13069 10 5 4 3
28342 4 21955 415 415 314 314
4050 1 5908 3 2 2 2
10960 0 16571 9110 9110 23463 23462
3343 1 1512 6 2 7 6
15421 1 7039 7 2 3 2
40903 0 23890 5162 5162 13816 13815
18173 1 23932 3 2 5 3
26645 1 11702 2 2 2 2
15117 1 11702 2 2 3 2
7241 1 9423 4 2 2 2
15866 1 20662 3 2 8 5
308 1 23762 8 4 3 3
1602 1 20590 5 2 4 3
7541 1 7540 5 4 4 3
4015 0 32323 30453 30453 9033 9033
36003 2 3957 4 3 5 1
11479 0 4865 208 208 14608 14602
1202 0 14475 6495 6495 23643 23640
14612 1 19739 3 2 5 3
7024 0 6752 926 926 13500 13485
32853 0 5203 2011 2011 30679 30677
37253 0 40396 3098 3098 16212 16210
34648 0 16831 2997 2997 11038 11037
1613 1 3914 8 6 10 7
10826 0 26562 506 506 3876 3871
23101 1 12527 3 2 4 2
27830 0 8061 19500 19499 28806 28804
20864 1 6464 2 2 3 2
5262 6 29332 1459 1457 2094 2094
35821 0 16863 280 280 2411 2405
13407 1 4967 4 3 6 4
9713 1 18011 3 2 2 2
31393 4 27927 16740 16740 18392 18392
12347 1 13214 14 11 2 2
22063 1 36525 2 2 2 2
37425 0 4766 8280 8280 21280 21280
27152 4 38832 259 258 6 6
31830 5 24055 1826 1826 2077 2077
15799 6 17609 12 1 1 1
38974 0 621 209 209 3498 3497
17241 0 17150 2 2 6 5
2858 4 33960 50 18 1 1
26230 0 10765 7 7 117 110
19752 1 19897 7 3 4 2
38731 0 10922 118 118 6606 6603
30909 6 31031 34128 34128 39056 39056
40907 0 25161 23100 23100 22105 22103
36978 0 692 4 4 419 395
29708 0 692 4 4 164 141
20476 1 6724 37585 37584 25885 25883
40908 0 7921 7280 7280 21786 21786
2443 9 5163 7 6 2 2
12141 1 2443 4 4 6 3
7159 4 32394 537 534 97 97
9995 0 1520 147 147 10542 10532
3657 1 11758 13646 13646 26248 26244
687 6 27283 34854 34833 5257 5257
8662 0 716 6 6 605 567
7974 1 3145 6 3 7 5
24517 1 9302 3 3 5 3
7449 0 7095 14393 14392 9193 9193
31989 4 40175 473 473 210 210
40909 0 3338 4583 4583 20057 20049
19172 0 15730 227 226 175 174
15433 6 23550 4316 4313 18 18
15869 1 9418 5 3 4 3
27694 3 13419 3 3 6 5
21543 0 14367 5181 5181 19865 19859
5015 4 5256 8 1 1 1
16016 1 10865 4 3 2 2
2379 0 14652 8605 8605 11215 11215
40910 0 10662 111 111 9173 9166
13388 1 17572 4 3 3 2
38526 0 17405 5789 5789 36146 36138
9889 0 38560 5084 5084 37324 37323
11600 0 13047 32 32 2239 2231
40912 0 9931 7954 7954 22125 22125
36575 0 34172 10868 10868 21812 21809
19960 6 20910 30006 30005 8454 8454
10868 1 6529 4 2 7 4
25398 1 30292 2 2 8 6
13664 1 23487 5 3 4 3
40913 2 1214 313 313 38843 38824
13094 2 1214 23 21 685 667
16437 0 26208 11750 11750 16856 16854
22757 1 22756 3 2 2 2
40260 0 26108 2 2 5 3
32735 0 5654 68 68 390 387
3447 1 9780 8 3 4 3
14404 1 3447 4 3 8 3
7985 1 4209 3 3 8 5
40915 0 10407 12791 12791 35848 35848
6851 1 6468 4 3 8 4
15604 3 4192 20 20 21 21
9074 0 2243 6 6 72 71
16945 1 27937 2 2 2 2
37937 2 17319 2 1 4 1
17444 1 7040 2 2 4 3
24542 0 21434 2694 2694 26302 26301
19654 0 38248 19166 19166 17726 17726
40916 0 25194 9066 9066 27877 27876
3512 1 1507 7 4 6 6
35515 4 5683 9712 9712 6032 6032
26598 1 13630 2 2 2 2
3815 1 39428 6 4 4 4
4037 0 16708 64 64 794 790
29698 0 8868 25997 25996 29713 29712
15051 1 14230 2 2 7 3
1006 3 17460 5 4 24 20
20944 1 2415 4 2 10 6
9847 3 11802 15682 15675 8801 8801
19964 4 40677 18931 18928 1640 1640
23100 1 23574 4 3 3 2
21645 1 16026 5 3 4 2
3046 0 140 3781 3781 20546 20539
1732 6 23260 13 1 1 1
29279 4 22476 530 530 404 404
21641 0 8412 12426 12426 11700 11699
40283 0 13935 64 64 299 296
20075 1 5623 4 2 4 3
32173 0 25942 23 23 266 263
17114 1 9438 2 2 3 2
33419 4 28271 69 67 10 10
40917 0 5681 17877 17877 32749 32748
15907 1 15906 4 3 6 3
15906 1 26088 6 3 4 3
14098 4 39569 250 248 55 55
4725 1 3135 3 2 5 4
24645 1 21259 6 5 5 4
22111 1 25386 2 2 2 2
11499 1 5619 4 3 7 4
3068 1 3431 8 4 5 4
7765 1 7764 4 3 6 5
11813 1 30361 9 2 2 2
13330 1 4080 4 3 5 4
40919 0 27595 3962 3962 20285 20285
26579 0 27595 4893 4892 38996 38995
20569 1 7364 3 2 10 4
27835 1 30774 2 2 2 2
2212 6 39573 26811 26811 13767 13767
29644 1 22647 2 2 3 2
28102 1 13943 2 2 4 3
39806 0 4094 18942 18942 39227 39227
11333 0 1873 207 207 29952 29943
7708 1 7707 3 2 4 3
20826 6 37122 1798 1797 1912 1912
35116 1 2058 2 2 7 3
4697 1 3858 3 2 3 2
11455 4 7090 236 232 9 9
40921 0 10175 13 13 482 477
38431 1 28014 2 2 2 2
12033 1 19844 5 4 4 2
5245 0 33893 3814 3814 31483 31483
34222 0 38513 4389 4389 37281 37280
8695 1 8694 4 4 5 2
3104 1 3103 2 2 3 2
15438 1 11384 4 4 4 2
31721 1 24228 3 2 2 2
2370 4 3245 46 26 5 5
8754 1 6098 8 5 4 3
8754 1 4244 7 5 4 2
18988 0 27345 115 115 2540 2539
40923 0 13663 2399 2399 30056 30035
11049 0 722 60 60 6529 6521
38784 0 6570 328 328 15361 15346
16141 4 16183 1018 1016 78 78
496 1 32512 4 2 2 2
37743 1 14493 3 3 7 4
5090 1 38941 3 2 2 2
34217 1 30032 3 2 3 2
16865 1 8774 3 3 3 2
26008 1 24248 153 151 111 111
37763 1 3707 2 2 2 2
22457 6 34682 30346 30346 33636 33636
33138 1 11811 2 2 2 2
25767 4 33687 7431 7431 25532 25532
13958 4 28025 110 102 3 3
656 1 37010 4 2 2 2
10583 1 2117 10 6 11 4
20736 1 17537 12733 12733 12145 12144
10184 0 28333 118 118 189 185
38142 0 26564 33879 33879 31830 31830
3096 4 25112 207 199 14 14
15613 0 15381 87 87 5228 5224
22584 1 12684 3 3 4 2
10350 1 13671 4 2 2 2
7514 1 25165 6 4 6 5
25852 1 20593 2 2 3 2
14893 0 27550 6322 6322 29419 29419
22787 1 22786 3 3 3 2
5300 0 27067 4093 4092 19265 19265
622 0 8078 42 42 6374 6362
24444 8 33475 54 54 15015 15015
35002 0 19318 3876 3876 12034 12032
5466 0 115 1686 1686 19454 19438
19843 0 2682 3 3 23 22
22395 0 5140 365 365 9772 9768
20504 0 11647 85 85 11106 11097
11184 4 27448 1514 1505 11 11
33563 0 18375 29981 29981 5229 5229
19846 1 18645 10407 10405 2437 2436
23722 0 20561 12351 12351 29405 29405
36869 1 18872 2 2 8 3
1358 1 1357 5 3 2 2
13443 1 1717 4 2 4 2
9968 1 13305 2 2 7 3
6222 1 29825 8 7 3 2
19156 0 89 77 77 13703 13685
28882 9 3696 3 3 3 3
40924 0 22072 10529 10529 33803 33799
30066 1 7387 4 4 6 4
15533 0 7387 146 146 3960 3954
6506 6 39335 448 441 303 303
29368 0 40057 40300 40300 39305 39305
27225 6 33459 51 44 5 5
34773 0 34386 8562 8562 37252 37250
40449 0 1803 946 946 14836 14828
21774 6 9252 23124 23124 23974 23974
18483 1 17730 3 2 6 4
18247 1 33545 2 2 2 2
38623 0 5839 1549 1549 24871 24866
4359 1 29197 4 3 7 3
29197 1 13612 8 4 10 7
27198 1 6242 3 3 7 2
27447 1 4053 34 33 95 95
13806 1 28087 23 23 3 2
40925 0 19888 4068 4068 14559 14559
9983 4 21913 1207 1205 534 534
20348 0 11447 1273 1273 2147 2147
38036 0 1666 1730 1730 32094 32082
32679 0 34089 26908 26908 24135 24135
35965 4 17251 2984 2984 482 482
18481 6 27900 39733 39733 18946 18946
37628 1 32564 3 3 3 2
4466 1 21189 6 5 5 2
640 1 7220 3 2 3 2
24070 0 18975 16446 16446 31524 31522
2758 1 22165 2 2 4 3
4556 1 9927 5 3 7 3
40353 0 10745 8663 8663 34815 34810
19632 1 35311 2 2 2 2
39784 1 31199 2 2 2 2
4594 0 5891 3083 3083 15827 15823
4491 0 19288 3970 3970 15860 15858
30729 4 33668 488 488 1468 1468
34985 0 3925 4769 4769 30793 30789
28487 1 7168 5 5 7 3
26416 1 36198 4 2 2 2
34811 0 1272 398 398 8342 8325
3263 1 2390 4 2 6 3
11689 0 15537 671 671 3527 3524
28752 0 4416 6 6 22 21
27422 0 8663 354 354 6087 6085
5643 1 3754 5 4 3 2
11366 1 26527 9 5 6 3
24792 1 893 2 2 3 2
6657 1 21399 3 2 2 2
18566 1 6657 2 2 3 2
39413 0 5325 23 23 5298 5272
11969 1 26616 3 3 3 2
36488 1 6245 2 2 6 2
11151 1 17991 4 3 5 3
3136 1 16161 6 5 3 2
30980 0 3884 190 189 2985 2980
30250 1 32816 4 2 2 2
4638 1 29948 2 2 3 3
27855 0 9636 15388 15388 3891 3891
22777 1 35880 5 3 4 4
3901 1 1387 6 5 7 7
22243 0 13777 75 75 1399 1390
5542 1 30223 16 12 4 3
38033 0 20954 28186 28186 39138 39138
29753 0 15565 116 116 4099 4091
29266 4 13537 674 674 446 446
1937 6 25054 3094 3091 948 948
21124 0 14843 1792 1792 37769 37766
40927 0 290 1721 1721 28213 28167
31744 4 8674 1868 1867 423 423
40127 0 2558 5425 5424 32319 32304
2529 4 12558 2303 2296 11 11
7694 1 33571 5 2 4 4
22610 0 27194 486 485 2087 2082
30249 0 6066 92 92 3276 3275
658 0 13432 1183 1183 9337 9331
40928 0 9369 5695 5695 26730 26729
38434 0 9010 9829 9829 15580 15579
30241 6 28445 191 188 2 2
35998 1 12005 4 4 8 5
37809 2 18294 449 448 580 578
11424 1 34792 8 2 4 4
35840 0 11072 429 429 34458 34453
28978 1 22902 2 2 2 2
11576 6 38596 711 709 14 14
1930 4 36216 186 179 6 6
7939 1 10211 6 3 5 4
28794 4 27413 1723 1723 5817 5817
5741 0 1817 1382 1382 42 42
5741 6 31343 6 3 2 2
19214 6 3845 1900 1896 13 12
23468 1 1116 7 5 4 2
19251 1 13436 10 9 12 8
30832 0 17008 15947 15946 8934 8934
10086 1 10085 2 2 5 2
20123 1 21785 4 3 8 5
29801 1 16682 2 2 5 2
2714 6 17927 59 15 18 14
3544 6 29062 16 5 2 1
16737 0 2582 2064 2064 34256 34252
37791 0 27732 8 8 42 37
17526 4 11245 7821 7819 60 60
1533 0 604 4380 4380 19451 19440
39727 1 9142 2 2 12 7
13018 3 4849 23 21 13 12
32445 0 36854 89 89 24452 24450
30065 6 21979 435 435 10436 10432
1742 6 21979 130 130 5318 5315
23039 1 22926 9 7 6 6
32339 1 27741 3 2 4 2
17262 4 33581 1019 1018 108 108
26419 1 3896 2 2 3 2
2404 6 17683 1076 1074 104 104
33189 0 14812 590 590 5008 5004
26452 9 7754 26083 26083 29172 29171
19015 1 28438 5 2 6 3
12913 1 9397 3 3 4 2
40931 0 27727 7220 7220 34927 34926
1419 1 22014 5 3 4 3
22075 4 35020 191 190 55 55
14470 4 37913 979 978 35 35
28719 0 7960 2647 2647 31326 31326
8597 1 843 2 2 6 2
14278 0 7240 4319 4319 31212 31195
2970 0 8651 862 862 15584 15583
17407 6 4098 16701 16700 854 854
15599 5 6014 356 356 4623 4620
23298 0 37796 105 105 460 458
23743 4 1839 18738 18734 306 306
9242 1 9241 2 2 6 4
40932 0 8840 3197 3197 20116 20109
20097 1 39891 6 3 2 2
28366 1 34247 3 2 2 2
23644 0 37462 26768 26768 3501 3501
9572 9 9571 12 12 2 2
30724 1 28310 2 2 3 2
18933 4 6687 3826 3823 31 31
17759 0 2861 788 788 34996 34987
40933 0 15371 2512 2512 31636 31632
38707 1 6267 2 2 3 2
4208 1 4207 4 3 4 3
15219 1 38553 3 2 2 2
23158 4 15716 415 415 215 215
21950 1 27256 4 2 4 3
34499 0 3934 5041 5041 40780 40777
35578 1 3227 2 2 4 2
7908 1 6243 31 24 13 12
1914 6 14604 489 466 34 34
38010 0 30717 1763 1763 11040 11039
40934 0 22330 10187 10187 37756 37756
36509 0 1481 13916 13916 34134 34133
17630 1 5576 4 3 3 2
16260 4 1174 87 81 11 11
8162 2 27707 1766 1766 3335 3335
28523 9 16965 2 2 3 3
40935 0 16658 7977 7977 39556 39553
25614 0 86 43 43 2314 2311
18620 3 6300 9 8 10 9
10303 0 1380 5 5 30 15
37033 0 20187 6715 6715 11326 11325
26386 0 18443 11498 11498 1264 1264
38926 0 5480 10967 10967 31002 31001
29831 0 12577 10 9 51 44
15782 0 21097 1455 1455 13524 13521
22438 1 8094 3 3 4 2
40936 2 3999 318 318 35335 35296
1838 0 11464 2945 2945 22738 22736
14405 6 31106 3389 3386 6548 6548
38576 6 23883 1501 1501 3548 3548
17088 4 35425 32013 32013 1576 1576
849 10 13402 4 4 4 4
31905 1 5241 4 3 9 7
5409 0 9991 174 174 2650 2648
7245 0 31986 6215 6215 18876 18875
34983 1 16742 3 3 4 2
10762 1 12714 4 2 3 3
10953 0 273 3 3 117 103
26769 0 1194 95 95 39 37
12790 6 38666 26 25 25 24
20833 0 14547 15516 15516 26971 26971
31477 0 20633 1 1 5 3
25922 1 17748 8 6 3 2
35874 0 3549 20 20 1959 1944
24436 1 2798 2 2 4 3
25966 1 11230 3 3 5 3
16275 1 18980 7 5 10 6
7862 4 17841 215 212 14 14
12959 0 12265 564 564 9109 9109
40938 0 25310 5473 5473 17564 17562
35627 0 3269 3 3 25 22
18098 1 22245 10 4 2 2
35614 0 5846 2 2 32 4
29207 1 24456 7 6 8 5
1048 1 24443 5 4 3 2
22767 5 6095 3 3 19 16
12231 0 16476 1 1 17 12
19496 1 30112 2 2 5 2
40940 0 7382 4686 4686 24336 24333
8838 1 20614 8 5 6 5
30101 1 30632 5 3 4 2
9830 1 34527 4 3 3 2
40941 0 13946 14741 14741 32589 32587
28643 0 11339 5 5 426 422
13847 1 14386 4 3 6 4
27260 1 35256 5 4 3 2
35120 4 33416 150 147 7 7
6728 1 6727 26 16 14 12
